32_Worker_Laborer_Worker_Laborer_32_812
70
382 83 95 119 0.9995234 
61 461 22 28 0.33546153 
581 171 11 14 0.22292367 
363 310 47 53 0.16718048 
740 83 15 20 0.11681251 
937 336 26 30 0.09198424 
674 106 25 31 0.06787223 
22 428 9 11 0.06715557 
57 432 9 12 0.06529171 
49 471 10 12 0.061858773 
964 366 12 15 0.05926479 
3 442 13 16 0.058291897 
270 581 12 14 0.057926945 
98 11 74 70 0.05166449 
18 430 9 11 0.050080135 
440 483 109 166 0.04696892 
940 351 17 21 0.046485223 
54 469 12 14 0.046438202 
46 416 10 12 0.043362595 
38 399 8 10 0.041814674 
5 470 9 13 0.041438192 
34 509 14 18 0.0407668 
7 407 9 13 0.040700063 
37 452 9 11 0.038768936 
15 437 9 13 0.037153456 
964 502 28 35 0.03685077 
14 413 9 11 0.03676805 
14 408 8 11 0.035793982 
52 474 11 15 0.034287535 
141 446 9 11 0.03371497 
287 629 11 13 0.033571478 
197 405 10 15 0.03263436 
686 108 26 33 0.03259987 
110 465 13 16 0.031713326 
33 405 9 10 0.030662686 
117 466 11 15 0.030274767 
33 448 10 12 0.03022534 
124 461 10 12 0.02999558 
24 511 21 27 0.029695863 
757 72 13 17 0.029334 
36 462 11 13 0.029091135 
564 167 10 11 0.02907629 
0 367 13 23 0.029030845 
269 574 12 15 0.028144587 
169 413 9 11 0.028121002 
478 -25 414 421 0.027744398 
94 501 11 14 0.027413525 
26 481 15 17 0.026427353 
66 476 16 21 0.026096515 
533 387 32 36 0.026068741 
19 509 14 17 0.02553589 
39 392 9 12 0.02431881 
31 502 14 16 0.024093412 
20 515 15 20 0.023680946 
276 580 10 13 0.022875385 
737 52 15 18 0.022690639 
255 486 27 35 0.022554584 
-81 314 465 496 0.022494465 
1 537 13 21 0.02243944 
593 183 9 12 0.021800742 
0 452 10 13 0.021677172 
28 374 9 12 0.021649424 
29 424 8 10 0.021617852 
2 411 10 15 0.021417882 
44 397 10 12 0.02103093 
285 636 14 17 0.021000933 
262 531 100 147 0.020974059 
745 606 10 13 0.020325212 
16 471 11 14 0.020198645 
495 65 104 111 0.020156194 
