32_Worker_Laborer_Worker_Laborer_32_786
18
468 529 186 236 0.99943537 
541 1925 96 115 0.13768797 
836 163 18 23 0.09497327 
467 1901 114 127 0.08551961 
878 71 23 33 0.080890216 
701 1227 176 280 0.07251908 
978 92 27 34 0.05219592 
971 2014 16 20 0.044293966 
939 2014 46 61 0.03949283 
875 60 41 53 0.038281307 
600 1047 343 525 0.0344111 
884 1939 126 142 0.03185608 
604 1577 14 16 0.030311018 
952 2039 31 39 0.025137713 
89 1538 80 115 0.022301516 
610 32 16 20 0.022184962 
331 267 12 15 0.021596126 
48 1458 166 244 0.02118287 
