32_Worker_Laborer_Worker_Laborer_32_658
18
617 436 19 21 0.95520246 
489 405 17 22 0.93526524 
552 417 17 21 0.9009574 
679 445 18 21 0.8642052 
845 252 8 12 0.09626717 
467 416 14 17 0.07572116 
531 441 12 16 0.06411148 
671 496 8 12 0.03111081 
544 417 15 20 0.031012692 
520 439 20 23 0.02889816 
515 446 16 19 0.026582886 
550 428 17 21 0.02563058 
845 258 10 14 0.02554053 
461 464 16 20 0.024505243 
840 247 10 13 0.022534821 
580 492 13 15 0.022094201 
840 252 11 15 0.021156112 
677 454 15 19 0.020197531 
