32_Worker_Laborer_Worker_Laborer_32_110
56
696 40 97 112 0.9994361 
489 327 43 46 0.9888446 
456 15 18 23 0.7656902 
205 138 13 15 0.43699634 
171 241 17 22 0.29808313 
201 127 20 24 0.12749791 
270 149 11 15 0.11577617 
362 4 25 29 0.10415209 
210 131 13 17 0.096691504 
105 244 48 43 0.0725197 
291 183 31 33 0.064857066 
255 133 11 14 0.062936544 
192 105 11 14 0.060436565 
104 109 44 50 0.057112582 
197 101 13 16 0.0517663 
149 107 11 13 0.051329583 
107 94 24 27 0.045803368 
156 158 14 17 0.044617962 
318 173 35 41 0.04414213 
303 183 46 49 0.04224324 
274 145 15 21 0.040356066 
266 169 13 20 0.03871552 
266 145 21 32 0.037662882 
301 134 14 16 0.034873474 
54 125 11 12 0.034496583 
212 172 14 16 0.033836022 
163 158 12 14 0.033578757 
359 10 15 18 0.03318705 
520 30 10 14 0.032954477 
275 152 44 53 0.031273272 
31 147 11 12 0.031119868 
45 185 12 14 0.030333428 
180 237 13 17 0.02892632 
39 166 11 13 0.028312722 
219 133 11 14 0.028304627 
272 160 21 33 0.025322814 
148 162 17 19 0.025064312 
159 234 27 33 0.024795337 
106 193 18 20 0.02477917 
296 141 12 14 0.024585618 
68 195 14 17 0.024456413 
212 173 45 48 0.023939364 
263 153 13 17 0.023675924 
168 227 25 31 0.022800505 
95 195 30 30 0.022414284 
101 125 12 13 0.022273157 
179 146 12 15 0.021915209 
54 94 12 14 0.021811765 
14 172 9 13 0.021594448 
206 164 14 16 0.020678772 
131 118 14 16 0.020621987 
182 228 13 15 0.02057125 
218 174 28 28 0.02046178 
165 233 43 53 0.02044136 
282 171 26 36 0.020239316 
276 142 25 31 0.02003942 
