32_Worker_Laborer_Worker_Laborer_32_516
38
256 112 34 43 0.9997913 
419 124 29 37 0.9990941 
225 129 28 35 0.9988337 
49 22 69 92 0.9986683 
844 117 32 36 0.99751043 
966 47 60 89 0.9964057 
520 100 39 46 0.9955479 
296 118 43 53 0.9927128 
756 100 41 51 0.9915428 
370 147 17 21 0.9884723 
880 145 33 41 0.9814952 
480 339 36 37 0.9684852 
277 306 47 54 0.9662444 
675 318 43 47 0.9629642 
767 333 47 49 0.8850746 
345 300 48 55 0.8543242 
575 353 43 41 0.7734488 
682 164 12 15 0.30941948 
213 138 28 39 0.16378266 
207 148 22 30 0.10016917 
212 149 13 18 0.07523502 
728 141 25 31 0.06483487 
676 159 21 25 0.06361352 
273 113 38 48 0.06282667 
340 87 22 30 0.061294734 
440 0 10 10 0.045901366 
113 10 46 61 0.032998208 
748 322 43 53 0.028331986 
108 39 44 62 0.027874397 
793 335 32 39 0.02590929 
706 83 30 33 0.024146963 
438 4 10 12 0.023759685 
332 102 27 38 0.023085251 
591 124 29 34 0.02294873 
714 99 26 32 0.022346206 
215 74 12 15 0.021626161 
168 98 13 18 0.020791953 
864 154 26 35 0.02003983 
