32_Worker_Laborer_Worker_Laborer_32_44
32
511 260 261 346 0.99974805 
233 383 213 296 0.9952277 
190 19 226 372 0.96376026 
446 859 440 519 0.9507086 
2 812 456 535 0.6984439 
76 319 364 438 0.3545803 
535 710 430 478 0.15162154 
166 880 62 75 0.116189 
172 139 341 486 0.100384794 
303 -25 378 503 0.096903495 
833 1253 149 169 0.09239765 
306 187 316 481 0.084998675 
95 933 258 318 0.08382223 
296 1182 424 420 0.07438299 
85 20 213 304 0.061627723 
803 924 130 167 0.059316993 
449 1419 32 34 0.051169556 
728 846 223 280 0.045984153 
460 487 470 486 0.032855302 
834 529 128 133 0.032648172 
405 12 269 244 0.032196794 
296 903 68 63 0.03117959 
826 467 186 234 0.030451426 
189 981 270 255 0.027372217 
862 74 158 196 0.024222422 
51 1095 449 509 0.02378004 
858 479 124 134 0.022477875 
139 853 114 104 0.022274934 
443 68 393 430 0.021168662 
203 999 168 136 0.02106201 
42 7 133 179 0.020503255 
303 941 408 475 0.020350887 
