32_Worker_Laborer_Worker_Laborer_32_944
53
420 352 99 112 0.9993338 
663 936 34 42 0.39951593 
471 985 13 16 0.28364918 
55 678 25 31 0.18264966 
218 144 28 37 0.06469065 
629 294 409 531 0.049128685 
615 755 46 66 0.045081846 
133 689 17 20 0.040340714 
423 939 10 12 0.03989666 
878 625 102 135 0.03954779 
419 932 13 15 0.03939793 
365 798 14 16 0.038370173 
41 996 14 15 0.034416087 
465 986 12 15 0.03340586 
458 965 9 12 0.033360805 
718 794 54 73 0.033226915 
556 955 12 16 0.032022588 
836 698 49 66 0.03169262 
551 462 15 18 0.03149406 
429 941 11 12 0.031323474 
524 999 13 14 0.030349627 
423 993 12 15 0.030001117 
235 966 12 13 0.029885894 
27 996 15 15 0.029522957 
698 662 30 32 0.02914565 
593 798 10 13 0.029102383 
99 699 16 19 0.02879958 
49 981 12 13 0.028788513 
193 249 17 20 0.028616566 
236 982 12 13 0.028148916 
484 878 11 13 0.026925405 
457 960 9 11 0.025997126 
552 863 10 12 0.02570282 
173 996 12 14 0.02551 
410 760 25 31 0.025418565 
526 991 12 12 0.025334278 
428 991 11 14 0.024892548 
437 990 11 14 0.024641775 
451 986 13 16 0.024216238 
631 458 10 13 0.023926942 
580 437 11 14 0.023182947 
231 183 78 107 0.022973917 
309 962 11 13 0.02289988 
526 973 9 12 0.022432867 
678 676 12 15 0.022022126 
203 3 18 19 0.021918435 
410 998 14 15 0.02128496 
652 779 11 17 0.021277096 
461 943 10 12 0.021028852 
388 770 14 19 0.020909104 
12 969 16 22 0.020820472 
423 983 10 11 0.020646958 
0 738 10 19 0.02030414 
