32_Worker_Laborer_Worker_Laborer_32_932
40
811 797 66 85 0.9962584 
957 780 54 69 0.9953513 
685 776 50 63 0.9947305 
520 807 54 76 0.994406 
114 786 50 64 0.99106324 
276 90 80 112 0.9906502 
365 824 52 72 0.9860248 
279 851 71 104 0.9844151 
245 793 51 63 0.8657387 
655 931 50 68 0.7680062 
383 777 33 41 0.70013595 
861 783 45 61 0.67906415 
840 790 53 68 0.55177605 
81 848 46 56 0.22035517 
69 869 60 61 0.14998154 
565 765 37 60 0.07110404 
374 778 28 33 0.061789215 
315 841 68 95 0.051462695 
-3 957 77 141 0.048421293 
749 878 50 65 0.04544392 
259 832 58 77 0.043792404 
697 922 46 62 0.036440358 
243 815 56 76 0.032565366 
62 901 90 113 0.027698329 
485 1000 49 59 0.027488872 
546 786 43 71 0.027271137 
78 894 42 40 0.026955236 
1 841 19 32 0.025202835 
221 792 43 60 0.024064928 
362 801 47 62 0.023079813 
749 260 242 292 0.02287256 
442 893 44 57 0.022614716 
398 789 19 26 0.022479905 
184 794 40 56 0.022420935 
140 878 34 44 0.022056647 
12 917 100 130 0.022012208 
422 1019 46 64 0.02156145 
638 789 387 453 0.020961668 
160 788 43 61 0.0204305 
315 1032 23 31 0.020188604 
