32_Worker_Laborer_Worker_Laborer_32_987
65
760 55 57 76 0.9990402 
609 61 57 77 0.9987476 
272 225 56 59 0.8945043 
895 82 85 119 0.59030265 
540 157 10 12 0.16568342 
522 144 7 9 0.09290587 
503 174 7 11 0.09187388 
503 158 8 10 0.087795384 
488 165 9 11 0.057899695 
211 181 16 20 0.056975275 
7 345 80 137 0.056478597 
517 166 8 10 0.05166858 
503 142 9 11 0.047885288 
43 324 89 121 0.046078272 
523 148 8 11 0.044837613 
401 591 19 31 0.044681616 
538 176 8 9 0.044480167 
497 141 8 10 0.043571632 
464 183 10 11 0.04224552 
497 127 8 9 0.04103864 
503 151 9 10 0.04074123 
482 135 8 9 0.040165614 
470 151 8 10 0.039450068 
470 143 7 8 0.03829469 
488 159 9 11 0.036195695 
453 140 9 11 0.036108844 
503 136 8 10 0.035419166 
453 129 9 10 0.034923345 
488 152 8 10 0.03331677 
470 156 8 11 0.03288677 
466 188 9 11 0.03278568 
487 175 8 11 0.03264219 
488 180 8 10 0.032253806 
525 142 9 11 0.030501114 
505 120 7 10 0.03026154 
709 57 45 59 0.028555155 
511 135 7 9 0.028456012 
304 173 20 24 0.028160874 
305 163 31 39 0.027879722 
554 174 8 9 0.026708242 
478 151 8 10 0.02658658 
520 135 9 10 0.026541512 
480 191 8 10 0.026535895 
495 160 9 10 0.026505157 
197 187 14 16 0.026166935 
201 179 29 34 0.026012082 
466 206 9 11 0.025199654 
727 37 11 16 0.024572017 
537 152 9 11 0.024183447 
465 135 7 9 0.023685133 
488 204 10 12 0.023599042 
512 128 8 9 0.02350304 
478 110 8 9 0.023129674 
533 142 9 10 0.022646355 
25 256 10 13 0.0225238 
509 143 8 10 0.022478143 
514 192 8 9 0.022396555 
4 208 14 18 0.02227531 
502 126 8 10 0.021963386 
528 168 7 9 0.021818837 
129 26 374 431 0.020838019 
520 160 8 9 0.020407284 
542 162 9 12 0.020363497 
67 206 12 16 0.02017173 
528 174 7 9 0.020034375 
