32_Worker_Laborer_Worker_Laborer_32_723
51
300 83 56 69 0.99857557 
431 146 58 93 0.9703404 
0 196 44 95 0.9586825 
788 61 38 64 0.95461386 
947 157 46 78 0.80615824 
169 3 60 45 0.7631222 
496 187 46 71 0.3827036 
107 274 43 49 0.16538864 
472 163 56 82 0.0986187 
650 166 31 42 0.094646394 
82 94 27 33 0.083894566 
890 173 47 64 0.07367772 
813 89 42 48 0.07300394 
520 203 41 60 0.07199625 
547 235 35 36 0.070093125 
582 243 57 60 0.059062343 
673 181 59 70 0.057870153 
773 113 15 23 0.05131117 
657 177 47 59 0.049606893 
0 152 13 20 0.046579134 
756 100 30 37 0.04588278 
137 260 69 54 0.044746842 
534 227 37 41 0.044306405 
633 245 71 60 0.044135943 
102 88 10 12 0.039995477 
568 252 50 58 0.039993517 
0 93 10 14 0.039412793 
0 138 14 20 0.03866326 
765 73 44 60 0.0380525 
157 181 48 57 0.03471664 
99 88 24 34 0.03301964 
854 178 57 73 0.031766694 
941 155 34 54 0.031074984 
642 214 68 71 0.030225838 
925 163 43 67 0.029813763 
179 263 59 61 0.029352859 
1 115 8 12 0.029168 
641 162 27 38 0.028276473 
107 248 58 49 0.028140355 
620 222 64 72 0.02703227 
638 174 35 51 0.026868993 
655 4 47 46 0.023985047 
623 204 11 15 0.023905009 
562 242 21 23 0.023007018 
908 183 32 43 0.022137556 
215 262 54 60 0.02203988 
32 295 38 43 0.022007009 
610 202 50 67 0.021750556 
158 210 36 46 0.02084877 
888 167 75 105 0.020546358 
342 276 51 48 0.020406347 
