32_Worker_Laborer_Worker_Laborer_32_595
129
397 183 39 43 0.971773 
910 400 27 32 0.62008554 
338 124 24 27 0.60481066 
500 346 17 19 0.31966108 
928 277 25 30 0.3120531 
612 358 29 31 0.26665235 
207 142 22 29 0.22792166 
217 144 22 28 0.22081618 
834 455 24 30 0.16632617 
486 329 13 17 0.13179193 
825 391 13 19 0.12687874 
348 342 17 21 0.12627682 
964 508 23 30 0.123612225 
439 350 12 14 0.12073388 
227 138 18 24 0.10922544 
987 469 17 23 0.10789743 
424 123 10 13 0.10463223 
865 469 18 25 0.104452245 
886 418 22 26 0.09927636 
934 357 33 35 0.09651198 
829 368 16 21 0.093712226 
902 387 15 18 0.08400937 
918 280 26 32 0.07830413 
943 436 29 32 0.07740803 
1006 440 14 19 0.07679519 
737 219 73 74 0.07489811 
382 140 13 15 0.07460419 
328 355 16 18 0.06595915 
960 514 14 18 0.0638598 
309 292 12 17 0.062772065 
908 359 16 20 0.06049637 
893 461 16 19 0.060207006 
887 313 32 40 0.055796996 
418 332 23 27 0.055678304 
999 507 11 13 0.053783663 
378 379 18 22 0.053274035 
625 354 35 35 0.051523548 
195 134 21 34 0.051133316 
929 403 16 21 0.05107846 
941 482 23 24 0.04870891 
581 425 30 28 0.048152465 
354 128 17 22 0.04811803 
828 428 14 20 0.046294954 
894 410 24 31 0.045550894 
240 551 9 10 0.04234011 
315 298 13 15 0.042059556 
232 184 35 39 0.040918447 
393 170 17 23 0.040252678 
427 121 11 13 0.03941173 
884 330 42 48 0.039233297 
567 338 29 29 0.038075328 
501 335 15 19 0.037981384 
235 171 29 32 0.037282128 
875 417 23 30 0.037271176 
948 314 25 28 0.03667292 
146 189 32 32 0.036464836 
912 451 23 30 0.035688937 
312 371 16 19 0.035424594 
541 396 31 33 0.035180617 
85 550 11 14 0.034590926 
510 233 14 18 0.034539755 
557 313 17 19 0.0342822 
913 361 22 30 0.033844985 
837 222 28 45 0.033105433 
996 321 25 30 0.032601606 
845 411 45 48 0.032394096 
914 316 29 34 0.03223762 
148 189 16 19 0.031895228 
403 108 11 14 0.03164344 
900 348 26 33 0.03163162 
292 173 11 14 0.03160609 
900 389 24 31 0.03150972 
923 359 26 33 0.030801946 
859 154 14 17 0.030651229 
1013 180 9 14 0.029802082 
425 669 9 11 0.028831907 
363 379 14 18 0.02875224 
789 228 57 71 0.028142031 
414 125 12 15 0.027902875 
288 171 11 15 0.027729576 
545 330 15 18 0.027407372 
860 491 17 19 0.026997099 
367 375 10 12 0.026486289 
899 376 23 28 0.02646537 
680 323 38 38 0.026297502 
925 508 14 16 0.026226724 
395 168 27 35 0.026004093 
907 299 33 40 0.025825238 
573 306 16 18 0.02570174 
852 419 27 30 0.02472604 
407 125 10 14 0.024006274 
856 329 35 41 0.023966307 
992 542 11 12 0.023940092 
383 294 13 15 0.023694638 
232 160 24 31 0.023644142 
277 171 12 15 0.023206966 
658 334 17 18 0.023104262 
782 455 14 18 0.022867598 
823 373 21 27 0.022843951 
723 401 18 22 0.022816751 
438 -86 410 458 0.02272231 
308 323 15 18 0.022670258 
835 319 45 57 0.022628115 
153 519 8 10 0.022619138 
904 285 26 31 0.022544302 
926 485 28 27 0.022486294 
1000 417 21 32 0.022371732 
160 471 8 10 0.022230284 
997 184 11 13 0.021821253 
359 385 12 14 0.021794751 
851 492 14 18 0.021765985 
493 363 16 18 0.021640277 
783 25 26 30 0.021620775 
301 273 12 15 0.02142474 
763 158 32 36 0.021423249 
902 522 16 19 0.02140038 
117 503 9 10 0.0212786 
185 495 10 11 0.021131504 
758 172 13 14 0.020923479 
207 607 9 10 0.020701703 
381 150 15 19 0.020642934 
240 543 8 10 0.020375242 
780 378 11 15 0.020332817 
1006 307 18 22 0.02031013 
840 451 17 20 0.020286096 
1012 424 12 20 0.020194001 
303 334 21 27 0.020111376 
1003 506 15 17 0.020045038 
332 117 38 45 0.020010991 
