18_Concerts_Concerts_18_1015
27
397 630 51 65 0.99854624 
151 625 55 65 0.9973176 
824 595 47 56 0.996102 
622 624 44 53 0.95706654 
302 635 25 29 0.71734816 
783 638 24 30 0.24795184 
798 586 24 35 0.11823555 
45 623 17 22 0.08322435 
51 5 438 489 0.07537588 
957 629 13 16 0.05226103 
556 657 434 501 0.049758025 
385 873 29 33 0.044152584 
470 1132 13 17 0.043064903 
786 647 27 34 0.04142187 
472 1149 12 15 0.035730094 
504 1111 57 81 0.031784806 
469 1125 12 14 0.029207563 
89 1027 354 436 0.028586902 
622 1129 16 21 0.028501127 
316 700 360 533 0.02847731 
40 610 21 28 0.027244207 
793 635 19 26 0.024484776 
75 143 156 150 0.02337277 
925 1100 11 13 0.022819843 
966 749 24 31 0.021216204 
770 649 41 49 0.020810394 
261 632 26 30 0.020599479 
