18_Concerts_Concerts_18_872
288
512 120 95 128 0.9995982 
238 1165 32 39 0.34010586 
563 678 16 19 0.23486112 
212 1180 45 57 0.15750834 
745 1358 54 66 0.15558502 
165 1330 22 27 0.15240644 
170 1199 25 30 0.14233835 
677 1218 22 30 0.13506776 
735 1326 24 30 0.12031282 
714 1235 17 21 0.12008229 
221 1256 34 44 0.11288028 
399 1321 22 31 0.11278027 
722 1236 18 21 0.11193395 
727 1205 26 30 0.10321463 
491 764 28 31 0.10314176 
515 643 15 18 0.09932365 
69 1369 25 30 0.09679558 
701 1168 17 20 0.09556568 
491 1363 28 37 0.09366193 
653 678 13 16 0.089918375 
422 1210 16 19 0.08584745 
413 1148 12 15 0.08489904 
661 1303 15 19 0.084860414 
276 1245 26 37 0.0671209 
580 691 13 17 0.06611706 
460 1303 21 28 0.06591863 
2 1340 17 19 0.06549739 
429 1172 15 18 0.06484023 
69 1264 16 22 0.06454383 
623 665 13 16 0.06369814 
362 1297 16 19 0.06335661 
421 1150 11 14 0.06171898 
469 213 342 526 0.060483906 
197 1284 15 18 0.059933938 
645 1152 14 18 0.058327112 
617 1268 25 33 0.058308326 
388 1187 15 19 0.058209613 
228 1144 34 39 0.05801289 
637 1214 15 21 0.05790807 
568 1167 12 14 0.05639825 
572 688 14 16 0.056382503 
629 1143 13 18 0.055194415 
501 1185 11 14 0.052724835 
177 1207 27 34 0.052214213 
655 1139 12 16 0.052121993 
186 1372 16 22 0.05083911 
583 1241 14 18 0.050420236 
488 1178 12 16 0.050124314 
202 1201 48 57 0.050089635 
785 1152 29 37 0.049992204 
629 663 12 15 0.049478356 
218 1156 48 60 0.04943652 
367 1190 10 13 0.049237356 
601 1174 23 28 0.04904212 
680 1142 11 13 0.04860669 
589 691 14 17 0.048440244 
415 700 57 73 0.047927383 
231 1247 42 54 0.04764336 
429 1339 13 16 0.047488913 
468 1207 14 18 0.047038704 
462 1122 16 18 0.046943687 
710 1240 14 17 0.046892673 
635 1206 16 19 0.044377368 
631 688 11 13 0.04365307 
580 697 16 20 0.04313767 
614 688 13 17 0.042523574 
559 1286 13 18 0.042402513 
490 704 16 19 0.042220496 
565 680 23 27 0.042160217 
385 1035 92 114 0.042055715 
584 1298 11 14 0.041486166 
510 647 14 18 0.041127317 
366 1197 11 14 0.04109494 
256 1175 19 22 0.04065439 
494 1181 12 15 0.040115826 
597 665 15 18 0.03938844 
572 1271 12 15 0.039070953 
16 799 11 13 0.038734436 
645 1192 13 17 0.03834527 
540 685 25 30 0.038331676 
10 1299 17 20 0.038068935 
500 705 16 18 0.03779995 
637 1195 13 14 0.037140843 
546 698 15 18 0.03711164 
622 1286 15 20 0.037011974 
66 1235 15 19 0.036990535 
440 1158 10 12 0.03661424 
452 1181 14 19 0.036334068 
378 1243 16 24 0.03571398 
637 -38 365 470 0.03530672 
655 1291 25 33 0.03517924 
559 1362 10 12 0.035044234 
619 685 13 16 0.034759384 
550 680 27 31 0.034709655 
694 1281 13 16 0.034584418 
589 665 14 17 0.0345615 
351 1295 24 31 0.034474567 
702 1245 11 14 0.03437017 
480 1132 10 14 0.03423796 
721 1219 29 30 0.03389501 
515 722 14 18 0.033853438 
632 1261 23 28 0.033684563 
583 1141 12 14 0.0335529 
142 1272 30 39 0.033450644 
708 1227 15 19 0.033204094 
70 1364 41 52 0.032688763 
418 1197 15 17 0.032256346 
697 1153 23 30 0.032110058 
650 1146 15 19 0.032063704 
670 1163 13 16 0.031695936 
274 1130 17 22 0.03159073 
758 1327 17 23 0.031387445 
301 1188 14 17 0.031325802 
655 673 11 13 0.031217724 
525 730 16 22 0.030991908 
383 1316 27 34 0.030951722 
557 1184 14 19 0.030949017 
221 1139 27 32 0.030572725 
615 667 10 15 0.030491153 
637 1146 15 19 0.030180926 
631 1216 14 19 0.03013592 
492 1174 12 15 0.030022588 
582 667 13 16 0.02983902 
915 1166 28 32 0.029576205 
428 1103 14 17 0.029513711 
676 1156 15 19 0.02923367 
80 1219 12 17 0.02917362 
27 1314 15 21 0.02916553 
934 793 16 19 0.028766263 
649 683 11 14 0.028733253 
694 1155 14 19 0.028654713 
331 1262 25 28 0.02849163 
7 1211 12 17 0.028326437 
599 1153 13 16 0.028094703 
244 1227 18 23 0.027951611 
189 1219 17 23 0.027930116 
466 1277 13 15 0.02775141 
342 1301 23 29 0.02773751 
279 1243 43 54 0.027483713 
519 667 12 15 0.027391257 
589 1295 12 15 0.027299903 
325 1181 12 14 0.026955329 
501 713 23 28 0.02689122 
294 1203 28 35 0.026650665 
357 1132 13 18 0.026576828 
643 1262 15 18 0.026543975 
415 1189 12 14 0.02650673 
647 1291 12 16 0.026104013 
653 1298 17 21 0.026052903 
503 645 11 14 0.026007257 
613 1195 13 17 0.025972173 
613 1226 16 19 0.025950082 
599 1287 9 11 0.025876634 
699 1303 18 21 0.02584313 
543 692 14 17 0.025820576 
333 1170 15 16 0.025679534 
619 1221 13 17 0.02560238 
604 1193 15 19 0.025553398 
588 728 15 19 0.02553758 
510 725 24 31 0.025515063 
398 1171 15 17 0.025464084 
134 1211 28 33 0.02528014 
322 1187 15 19 0.025222326 
505 775 16 19 0.025218023 
352 1236 11 14 0.025170278 
592 1326 9 11 0.02516991 
271 1274 15 21 0.025152441 
485 1133 10 13 0.025096478 
477 1315 14 19 0.025053775 
655 1286 12 15 0.025049005 
135 1214 43 50 0.025002554 
454 1173 12 15 0.024996374 
625 1141 12 16 0.024975287 
409 1143 10 13 0.024968902 
678 1146 12 16 0.024907736 
117 1220 16 22 0.024765305 
94 812 12 14 0.024726525 
668 1171 12 15 0.024706159 
347 1297 15 20 0.024699302 
494 706 24 30 0.024629302 
706 1142 23 28 0.024624428 
607 1333 12 16 0.024571557 
319 1318 11 15 0.024556424 
597 729 13 18 0.024534373 
474 1357 31 40 0.024477275 
614 754 14 17 0.024466181 
715 1151 17 23 0.024331389 
370 1187 14 16 0.02423104 
653 675 23 27 0.024230188 
386 1176 22 26 0.02422648 
367 1271 12 14 0.024223372 
395 674 65 73 0.02421244 
363 1115 13 16 0.024182698 
540 704 18 20 0.023879047 
280 1261 24 34 0.023846552 
374 1164 14 16 0.023826117 
414 1126 8 11 0.02381601 
754 1204 13 16 0.023564085 
627 1258 14 18 0.023483032 
239 1232 15 21 0.023440534 
204 1144 80 103 0.023429273 
564 139 85 120 0.02340552 
609 690 12 15 0.023353748 
702 1199 16 20 0.023237368 
708 1218 27 31 0.023180822 
582 1133 13 15 0.023105074 
69 805 21 27 0.02309842 
652 1192 15 19 0.023054473 
335 1194 15 18 0.023053057 
221 1204 32 37 0.023022141 
354 1299 44 55 0.022929065 
148 1375 16 20 0.022917274 
301 1126 13 16 0.022898603 
579 673 14 18 0.022888508 
359 1195 12 15 0.022818144 
163 1181 33 40 0.022782449 
332 1133 13 16 0.022744428 
663 1173 11 13 0.022711726 
336 1221 12 16 0.022645216 
204 1304 29 37 0.022507953 
527 1134 12 15 0.02239275 
290 1191 26 34 0.022358852 
210 1229 47 59 0.02233833 
590 1309 10 12 0.02233646 
42 1274 14 18 0.022245053 
189 1145 15 19 0.022237798 
38 802 12 15 0.022215758 
501 1131 11 13 0.022159377 
324 1323 13 17 0.022052204 
500 1208 24 30 0.022003848 
684 1160 13 18 0.02188921 
234 1270 30 39 0.021865625 
642 1212 21 28 0.021860173 
621 676 12 14 0.021756608 
502 1293 12 14 0.021729143 
710 1200 26 33 0.02172097 
271 1217 46 57 0.021710891 
550 677 11 13 0.021621661 
697 1288 26 33 0.021609288 
118 1327 24 29 0.021548873 
421 1090 26 31 0.021520423 
187 1177 47 58 0.021501705 
599 1142 12 13 0.021498792 
382 1193 15 17 0.021478573 
604 1284 10 15 0.02145051 
268 1343 13 15 0.021402016 
700 1252 11 14 0.02134727 
8 804 10 13 0.021315314 
356 1172 11 14 0.02126228 
603 729 12 17 0.021089429 
438 1229 12 13 0.021002522 
661 662 9 11 0.02096401 
453 1342 16 17 0.02095147 
611 661 20 26 0.020918785 
319 1250 44 55 0.020906825 
295 1203 13 16 0.020805584 
495 1132 11 14 0.020803204 
659 1136 11 14 0.020798497 
642 1204 16 20 0.020790182 
213 1219 29 34 0.020760305 
627 1251 13 16 0.020757332 
508 635 22 30 0.020751663 
357 1304 14 19 0.020746257 
594 1218 13 16 0.020739457 
423 1100 13 16 0.020738384 
308 1171 15 18 0.0207263 
604 1162 15 16 0.02068095 
287 1204 46 56 0.02061984 
615 679 11 14 0.020546032 
579 635 11 14 0.020509958 
268 1353 14 17 0.020506965 
622 1210 12 16 0.02050141 
589 1228 14 16 0.020441936 
547 685 13 15 0.02032958 
624 658 21 27 0.020319628 
144 762 13 15 0.020258145 
233 1138 19 23 0.020238575 
436 1164 14 17 0.020229276 
695 1245 13 16 0.020216327 
478 1188 12 13 0.020208241 
565 1143 13 17 0.020188805 
344 1061 91 119 0.020178895 
13 1312 15 18 0.020122403 
420 1334 21 27 0.02010979 
367 1201 15 18 0.020073382 
404 1167 11 15 0.020059763 
273 1133 27 31 0.02003944 
317 1213 13 15 0.02003456 
