18_Concerts_Concerts_18_504
1385
795 372 15 20 0.9575551 
519 614 41 47 0.93372375 
338 633 38 48 0.8657959 
608 470 25 32 0.72216624 
126 390 11 15 0.7009342 
172 373 10 15 0.6141836 
292 417 14 18 0.5789211 
653 363 11 14 0.5416753 
184 389 12 16 0.5187474 
775 472 17 22 0.43277258 
741 332 10 12 0.40749183 
941 278 8 10 0.37070337 
683 549 19 22 0.36651877 
270 379 11 13 0.31552863 
152 382 8 10 0.29933468 
367 359 7 10 0.2960893 
510 399 8 10 0.29607195 
791 326 8 11 0.2960513 
725 355 12 14 0.29336828 
200 371 9 11 0.29092723 
985 311 8 11 0.28508317 
505 536 19 28 0.28236592 
336 389 9 10 0.28216618 
722 310 7 9 0.2752505 
755 538 13 16 0.27512327 
452 412 10 13 0.2747935 
629 379 10 13 0.27343032 
160 551 22 32 0.26829138 
486 407 9 12 0.26774633 
594 384 9 12 0.2638441 
328 374 8 11 0.25341228 
184 357 8 11 0.24646151 
970 270 9 12 0.246331 
287 394 10 13 0.24309257 
758 343 8 9 0.23737954 
624 325 7 10 0.22635801 
87 407 8 11 0.22241884 
808 336 8 9 0.20787889 
150 367 8 9 0.20661092 
211 564 15 20 0.206418 
471 393 8 11 0.20458756 
724 316 11 15 0.20426753 
135 360 7 10 0.19009049 
625 382 11 13 0.18895887 
129 361 7 9 0.18522304 
14 458 10 13 0.18377092 
591 350 8 10 0.18256457 
677 368 11 13 0.17976406 
822 328 7 10 0.17728686 
974 289 8 10 0.17692365 
720 537 10 13 0.17675114 
115 581 13 19 0.17530437 
759 389 10 13 0.17489958 
688 399 11 15 0.1744773 
522 389 9 12 0.173588 
642 350 8 11 0.1733032 
610 364 9 11 0.17141426 
682 350 8 11 0.16887915 
558 405 9 11 0.16824773 
160 439 10 14 0.16792911 
253 383 8 13 0.16693701 
408 216 10 11 0.16537255 
648 343 8 12 0.16119404 
304 391 9 12 0.15860163 
85 428 10 14 0.15623258 
686 349 8 11 0.15292785 
119 398 8 11 0.15288936 
990 423 12 17 0.15144338 
989 278 10 12 0.14907786 
449 350 7 9 0.1487922 
503 416 7 9 0.14700751 
580 438 9 12 0.14662592 
617 335 7 10 0.14490199 
293 371 8 11 0.14357883 
327 419 11 13 0.14183833 
919 257 9 10 0.14118688 
383 350 7 10 0.13781092 
72 375 7 10 0.13690543 
207 356 9 11 0.1365946 
623 387 10 13 0.13655719 
401 382 8 10 0.1348269 
306 329 6 9 0.13280594 
158 352 7 10 0.13268813 
624 537 22 29 0.13155532 
838 216 11 14 0.13111691 
989 325 11 15 0.13069728 
303 352 7 9 0.13037322 
165 582 15 23 0.12985799 
154 353 8 9 0.12956433 
288 366 10 12 0.12929563 
38 408 8 9 0.1282026 
207 327 7 9 0.12628306 
344 535 11 13 0.124752484 
43 579 12 17 0.124600604 
335 430 9 12 0.12408391 
519 374 7 9 0.122443944 
167 335 8 10 0.122433886 
187 394 12 16 0.12198546 
223 367 8 12 0.12189619 
715 574 13 16 0.12162614 
361 381 9 10 0.12114865 
585 358 9 11 0.120581865 
101 319 7 9 0.1191766 
333 419 10 13 0.116978064 
663 460 14 19 0.1169246 
433 345 7 9 0.11683585 
319 381 8 10 0.11526605 
552 343 8 9 0.114197314 
143 327 7 10 0.112790085 
423 349 8 10 0.112302385 
903 271 7 9 0.11211842 
673 371 10 13 0.11144961 
272 353 7 9 0.11075041 
319 390 10 13 0.11071355 
519 368 7 9 0.110218056 
892 255 10 12 0.10947903 
969 291 9 11 0.108940825 
8 460 9 13 0.108922385 
64 407 7 9 0.10891501 
136 409 9 11 0.108500265 
34 358 8 10 0.108456425 
115 398 8 12 0.10837579 
183 383 12 15 0.10781374 
464 351 7 10 0.107799284 
407 365 8 10 0.1076714 
145 391 9 11 0.106347 
455 360 8 10 0.10630086 
778 328 8 9 0.10555332 
463 360 8 10 0.10435136 
57 344 6 8 0.104349904 
1013 365 9 14 0.104278 
233 344 7 9 0.10398619 
290 336 6 9 0.1032511 
654 342 7 10 0.10280022 
639 357 9 10 0.10206547 
765 295 9 10 0.10206238 
647 324 7 10 0.10103101 
596 457 12 16 0.10069427 
784 328 8 10 0.10037773 
112 367 7 10 0.10029793 
519 455 8 11 0.09994698 
224 334 6 9 0.09985865 
87 487 10 12 0.09972695 
849 312 8 12 0.099656425 
600 343 8 11 0.09957722 
942 273 10 12 0.0987981 
833 341 8 10 0.09867032 
248 342 7 9 0.09840688 
111 389 8 11 0.09782554 
213 403 12 15 0.09747599 
489 264 9 11 0.097255036 
38 583 15 21 0.09684864 
186 335 7 9 0.09679522 
345 605 16 19 0.095880665 
82 390 8 10 0.09555389 
207 397 10 14 0.09509259 
82 337 7 9 0.09470051 
536 396 9 11 0.09442266 
287 413 13 17 0.09439826 
190 401 10 14 0.094299376 
841 333 8 10 0.09376205 
305 294 7 9 0.09370331 
202 320 7 10 0.09297317 
368 337 8 9 0.092333265 
874 344 6 9 0.09183852 
64 376 7 9 0.09183164 
392 361 8 9 0.09171847 
918 223 7 10 0.09123204 
56 375 7 9 0.091185674 
151 375 8 10 0.09025188 
646 348 8 11 0.09021994 
797 351 9 11 0.09017296 
637 366 9 12 0.08939297 
392 424 8 10 0.08883905 
536 326 7 10 0.08856199 
913 224 9 10 0.088436216 
160 336 7 9 0.08818625 
551 350 9 11 0.08792591 
0 415 9 12 0.08762283 
889 259 8 11 0.08761302 
813 492 41 54 0.08754735 
856 343 8 10 0.087336935 
367 342 8 10 0.08711404 
568 351 8 10 0.086965606 
449 345 7 9 0.08668222 
264 388 10 14 0.08665441 
48 406 8 10 0.08629813 
985 276 10 12 0.08618126 
552 430 8 11 0.0860104 
873 270 7 11 0.085965216 
62 495 9 12 0.08522735 
282 365 8 11 0.084993705 
617 341 8 10 0.08482274 
902 350 8 9 0.084629714 
2 389 9 13 0.08448407 
424 344 7 10 0.08441702 
724 311 9 12 0.08344638 
992 283 10 13 0.08336027 
259 329 7 8 0.08312906 
612 373 11 12 0.0828386 
525 396 9 11 0.082073964 
510 337 8 9 0.08159601 
422 288 7 9 0.08156657 
415 359 7 9 0.080739506 
169 327 7 9 0.08064113 
774 310 8 11 0.08047256 
438 345 8 9 0.0803738 
688 371 10 15 0.08034465 
630 405 10 14 0.08031773 
584 374 8 11 0.07976563 
279 351 7 9 0.079500206 
606 541 37 48 0.07923892 
932 578 15 18 0.07890014 
410 361 7 9 0.07884963 
336 326 7 9 0.07883265 
32 336 9 11 0.07851467 
501 455 9 10 0.0779509 
239 335 6 9 0.07742522 
335 367 7 9 0.07731123 
513 366 6 9 0.07703088 
688 303 6 8 0.07701969 
120 343 7 9 0.07700142 
559 391 8 10 0.07697398 
329 369 8 10 0.07662506 
191 336 8 10 0.0765028 
361 376 8 10 0.07644813 
204 367 9 12 0.07637333 
398 336 6 8 0.07632664 
502 360 8 10 0.076324455 
152 358 7 9 0.07623964 
361 350 7 9 0.0760309 
488 399 8 10 0.07557253 
375 343 7 9 0.07556793 
486 343 7 10 0.075507 
686 409 15 20 0.07543361 
522 343 7 9 0.07482667 
586 351 8 11 0.07473883 
527 334 7 9 0.074645385 
345 510 8 10 0.07446777 
557 400 9 10 0.07408549 
318 230 7 9 0.073165424 
126 385 10 12 0.07289186 
483 413 8 11 0.07277262 
551 356 8 11 0.07273922 
177 309 7 9 0.072656274 
592 344 8 11 0.0725027 
303 357 8 10 0.07249669 
326 408 8 12 0.07219964 
522 397 8 11 0.07218087 
623 321 8 10 0.07199805 
866 294 8 11 0.07193113 
615 388 10 13 0.071725406 
642 344 8 11 0.07170863 
295 342 7 9 0.07163198 
618 312 6 9 0.0715948 
496 342 8 10 0.07155681 
513 374 7 10 0.07144948 
88 375 7 10 0.071368046 
785 296 8 11 0.07122899 
593 320 7 8 0.07073322 
820 350 9 12 0.07031885 
234 349 8 10 0.069738045 
95 336 8 10 0.069575764 
637 396 11 14 0.06952253 
319 325 7 9 0.069322325 
56 408 7 9 0.06912819 
574 352 7 10 0.06886875 
770 598 15 18 0.06850744 
455 344 7 9 0.06841438 
69 470 9 12 0.068160854 
39 319 7 9 0.06810021 
70 478 8 10 0.068025604 
399 342 6 9 0.068004325 
287 361 7 9 0.06796296 
599 320 7 9 0.06794158 
670 391 12 15 0.06785152 
393 365 8 11 0.06759521 
498 360 7 10 0.067366816 
887 344 7 9 0.067340285 
703 295 7 9 0.067256734 
504 340 8 11 0.06654257 
104 338 7 8 0.06641005 
136 343 8 10 0.06631609 
280 310 7 9 0.06628304 
367 364 8 11 0.066268004 
335 303 7 9 0.06620648 
86 494 11 13 0.06617653 
111 343 7 9 0.066097625 
161 398 8 11 0.06595175 
503 365 8 9 0.065888666 
613 382 10 13 0.065863855 
71 337 7 9 0.06551641 
328 429 10 12 0.065510325 
155 335 7 9 0.065444775 
612 360 10 11 0.065376155 
997 326 12 15 0.06532178 
636 373 10 12 0.06518058 
448 335 7 8 0.06514482 
33 407 8 10 0.06494827 
401 389 9 12 0.06484609 
466 392 8 11 0.06484518 
473 334 6 9 0.0647478 
522 384 7 10 0.064731546 
248 201 8 9 0.064724475 
288 328 6 8 0.06464495 
247 365 7 10 0.06460956 
3 440 12 16 0.06454154 
297 318 7 9 0.064491384 
399 366 8 11 0.064315975 
362 344 7 10 0.06425964 
290 342 7 9 0.0642281 
602 305 6 9 0.064053796 
483 350 7 9 0.06402027 
226 436 14 18 0.06400161 
693 373 9 13 0.06397805 
911 280 6 8 0.0635272 
879 247 7 10 0.06324932 
689 310 7 10 0.06317533 
417 375 8 10 0.06301279 
792 321 8 11 0.06279819 
494 597 60 61 0.0626316 
202 325 8 9 0.06261218 
471 415 8 11 0.06261005 
595 312 6 7 0.062387045 
351 359 8 10 0.062348977 
80 383 8 11 0.062319126 
329 222 8 11 0.062312927 
913 229 8 10 0.062101956 
535 320 8 9 0.061963875 
398 430 8 10 0.061834738 
238 343 7 9 0.061716013 
441 399 8 9 0.061691042 
814 334 8 10 0.061684977 
568 427 10 12 0.061548218 
199 295 7 9 0.061546568 
553 336 6 8 0.061358668 
602 447 9 12 0.061087262 
694 391 9 12 0.061054762 
538 295 7 9 0.06082372 
608 383 9 12 0.060621813 
973 264 9 11 0.06055417 
233 334 7 9 0.06047532 
553 320 7 9 0.060018096 
278 374 8 12 0.05994285 
242 359 8 10 0.059801385 
170 421 8 11 0.059777856 
567 345 7 9 0.05975361 
79 374 8 10 0.05974794 
350 336 7 9 0.059686698 
526 384 8 11 0.05869333 
266 352 6 9 0.05858549 
392 400 7 9 0.05856198 
194 388 12 16 0.05846864 
894 261 9 11 0.058242247 
989 272 9 11 0.058102123 
585 344 8 10 0.05805792 
87 336 7 10 0.057997853 
536 343 7 9 0.057903778 
383 285 7 9 0.057774503 
495 303 7 9 0.057564743 
334 435 9 11 0.057508852 
46 463 9 11 0.057504293 
105 351 8 10 0.0573516 
432 431 7 10 0.057322644 
245 286 8 11 0.057313368 
192 341 7 9 0.057298116 
622 312 7 8 0.057263747 
450 359 8 9 0.057100892 
331 593 25 29 0.0570975 
326 582 27 30 0.057030402 
368 318 7 9 0.057027496 
47 327 8 10 0.05697621 
423 336 7 8 0.05691058 
560 453 10 13 0.056847386 
696 311 8 10 0.056767873 
128 335 7 9 0.05665655 
681 357 8 10 0.056540478 
151 408 9 11 0.056315158 
576 332 9 11 0.0562977 
704 303 7 9 0.05608348 
375 336 6 9 0.05598237 
975 309 8 12 0.055938385 
686 294 8 10 0.05590105 
596 467 14 20 0.055659704 
440 349 7 9 0.055567786 
341 423 9 11 0.05547911 
592 336 6 9 0.05537624 
757 384 10 13 0.05513628 
600 311 6 8 0.055105016 
377 367 7 10 0.055001877 
654 336 8 10 0.054988004 
359 397 8 11 0.054784715 
109 583 21 29 0.054782175 
519 167 9 12 0.054754645 
400 376 8 10 0.05471127 
383 345 7 9 0.0546169 
265 381 11 14 0.054583266 
552 327 7 9 0.054442376 
49 442 10 13 0.054409202 
946 240 8 10 0.054365944 
574 415 8 10 0.05424786 
32 455 7 9 0.054174583 
865 326 8 9 0.05408891 
567 415 8 10 0.0540154 
510 167 10 13 0.05400739 
464 344 6 8 0.053960793 
246 360 7 9 0.053597994 
110 611 12 14 0.053094268 
751 545 14 18 0.053086303 
791 353 13 17 0.053039487 
624 407 10 15 0.053025153 
184 328 7 8 0.052867718 
584 366 9 10 0.052807745 
38 352 8 9 0.052752603 
568 329 7 9 0.05267313 
511 341 8 10 0.052549146 
554 311 7 8 0.052529316 
633 335 7 9 0.052510906 
569 356 8 10 0.052470494 
100 594 25 30 0.0522268 
777 390 9 12 0.052181922 
751 311 8 10 0.05216426 
218 372 9 11 0.0521294 
309 420 10 15 0.052125867 
584 397 9 13 0.052048083 
649 335 7 10 0.052031357 
419 287 7 9 0.05172722 
141 407 10 13 0.05156253 
673 318 7 10 0.051525053 
765 404 10 12 0.051510178 
846 286 8 10 0.051384225 
83 406 8 10 0.051327605 
312 359 8 10 0.05126602 
477 461 10 11 0.05125213 
945 244 8 10 0.05107993 
602 337 7 9 0.05107095 
418 343 7 9 0.05106359 
119 367 8 10 0.050845124 
346 469 8 10 0.0507077 
706 406 11 15 0.05060338 
233 329 7 9 0.05050363 
498 365 7 9 0.05011051 
544 358 8 11 0.050091654 
321 376 7 10 0.04996673 
473 311 6 9 0.049956407 
834 389 24 28 0.049765375 
520 360 6 8 0.049681433 
135 423 10 12 0.04962753 
34 352 8 10 0.04924881 
220 402 13 15 0.049200527 
208 335 7 9 0.049109362 
669 496 21 29 0.049106937 
160 341 8 10 0.049038514 
190 352 8 10 0.0490093 
197 396 12 16 0.049007215 
159 366 7 10 0.0489997 
895 280 8 9 0.048999388 
161 564 24 34 0.04899253 
928 240 8 9 0.048971716 
609 454 26 33 0.048933342 
21 359 7 9 0.04885601 
94 380 7 9 0.04871757 
890 281 8 9 0.04859489 
336 321 8 10 0.04855042 
639 336 8 10 0.04855031 
374 430 10 12 0.04844175 
248 337 7 9 0.04843843 
264 294 7 10 0.048251435 
665 318 7 9 0.048120975 
2 462 8 12 0.048058655 
145 382 8 10 0.048043605 
390 519 8 10 0.04799099 
325 351 7 9 0.047977313 
607 336 7 9 0.04793009 
383 367 7 10 0.047912687 
381 501 12 14 0.047795355 
73 319 7 9 0.04779235 
870 288 8 10 0.04766752 
482 295 6 8 0.047632717 
720 306 8 9 0.047629375 
530 328 7 10 0.047621466 
528 374 7 9 0.04746308 
209 342 7 9 0.047367036 
109 383 9 12 0.047254454 
387 558 11 16 0.04724473 
750 350 10 11 0.04723874 
618 327 8 10 0.047124904 
447 436 9 11 0.047114715 
375 382 7 10 0.047100794 
103 374 8 11 0.047090862 
450 408 9 12 0.04705679 
49 384 7 9 0.04704747 
58 319 9 10 0.046994023 
344 352 7 9 0.046809096 
418 336 6 8 0.0467745 
105 341 7 10 0.046731334 
486 375 8 9 0.046589997 
747 303 8 10 0.046526305 
145 375 8 10 0.046514127 
639 391 11 13 0.04646568 
615 438 25 29 0.046455137 
341 429 9 11 0.046239328 
878 271 7 9 0.04610213 
449 587 82 86 0.046068165 
690 539 25 28 0.045840666 
591 293 7 9 0.04559105 
335 610 30 36 0.04557579 
215 344 8 9 0.045571093 
831 303 9 11 0.045540076 
105 389 9 11 0.045535535 
759 328 7 9 0.045203738 
893 328 9 12 0.045201633 
646 391 11 13 0.045103215 
881 311 8 10 0.04504461 
417 352 8 10 0.045021784 
512 393 7 10 0.04482295 
185 296 6 7 0.044736918 
804 499 28 39 0.04450658 
845 333 9 11 0.04439567 
505 531 14 21 0.044393297 
633 398 10 13 0.04433466 
378 349 7 10 0.044312038 
938 309 9 11 0.044259626 
82 397 8 11 0.044214103 
855 221 9 12 0.044205435 
585 404 9 12 0.044189483 
175 325 7 9 0.044146996 
1005 352 9 11 0.044107422 
21 365 8 10 0.044097956 
897 345 7 9 0.044077236 
229 372 8 11 0.04402123 
667 456 11 14 0.0439425 
310 293 7 10 0.04362285 
621 334 8 11 0.04360501 
294 336 7 9 0.043562658 
367 376 7 10 0.04344355 
188 357 10 12 0.04341063 
895 228 9 11 0.04335859 
687 393 18 25 0.043332458 
64 438 8 11 0.043305505 
934 232 9 10 0.043257624 
503 438 9 12 0.04316869 
360 531 10 12 0.0431646 
53 480 9 10 0.04310506 
312 581 23 31 0.04309323 
465 585 30 37 0.043086004 
561 369 7 9 0.0430705 
833 315 9 12 0.043042306 
447 398 7 9 0.042949133 
544 455 10 12 0.04293643 
178 306 7 9 0.042907394 
799 343 7 10 0.04287911 
218 334 7 9 0.042733844 
275 379 10 13 0.042684518 
121 384 9 10 0.04259154 
143 360 8 10 0.042569194 
16 324 8 11 0.042506978 
560 335 6 9 0.042411186 
390 500 10 13 0.042372376 
48 334 8 10 0.04233103 
313 375 8 10 0.042325124 
538 360 7 9 0.042312123 
664 340 8 10 0.04225667 
194 295 7 9 0.04218201 
302 231 7 10 0.042162478 
576 312 7 9 0.042115573 
417 519 8 11 0.042074572 
827 493 50 58 0.04206061 
390 405 8 11 0.04202898 
358 392 9 10 0.041916534 
238 350 8 10 0.041908253 
656 304 6 8 0.041773703 
240 373 8 10 0.041760042 
498 297 6 8 0.041723672 
110 360 7 8 0.041623816 
265 374 11 14 0.04161892 
274 318 7 9 0.04155664 
494 392 8 10 0.04155276 
625 376 11 12 0.041513126 
417 321 7 9 0.041497916 
281 360 7 10 0.041470375 
561 665 21 21 0.04144438 
311 328 8 9 0.04138548 
478 444 9 11 0.04127224 
821 396 12 16 0.041115142 
360 405 9 12 0.041083418 
894 248 7 8 0.041083224 
763 389 10 13 0.04104625 
464 288 8 9 0.041007373 
711 305 7 9 0.0409963 
42 467 9 11 0.040862884 
166 398 9 11 0.040826667 
242 365 9 11 0.040795594 
167 544 25 32 0.040632322 
349 528 9 12 0.040629264 
334 624 31 41 0.040604983 
792 279 7 9 0.04056024 
352 366 8 10 0.040261097 
333 222 8 11 0.04021794 
122 336 7 9 0.040181592 
560 411 9 12 0.040132917 
685 356 9 11 0.040100493 
748 530 21 24 0.039961986 
678 319 7 9 0.0399616 
676 389 12 15 0.03988747 
105 357 7 9 0.039887264 
903 279 8 9 0.039877955 
593 456 21 29 0.039729062 
688 346 9 11 0.039665475 
143 486 11 13 0.03946834 
65 335 7 9 0.039459396 
453 350 8 10 0.039457154 
313 367 8 10 0.039173555 
621 342 8 10 0.0390926 
285 402 13 17 0.039092228 
17 319 8 10 0.03907104 
464 329 6 8 0.03905878 
832 337 8 10 0.038969416 
417 381 8 11 0.038968585 
783 332 9 10 0.03893162 
473 443 9 11 0.038802944 
247 319 7 9 0.03878953 
1013 340 9 12 0.03878045 
248 374 8 11 0.038676865 
128 343 7 9 0.03865542 
692 368 9 11 0.038654376 
393 342 8 10 0.038642015 
457 328 6 9 0.03858363 
399 350 7 10 0.038499203 
970 311 8 11 0.038476333 
764 431 11 13 0.038427826 
505 320 7 9 0.038413174 
984 240 8 10 0.0383754 
49 423 8 10 0.038326915 
320 225 7 10 0.038323876 
525 343 8 10 0.038315058 
728 289 7 10 0.038243324 
86 398 9 11 0.03821741 
70 485 9 12 0.03816287 
879 344 7 9 0.03815657 
134 620 10 12 0.038064092 
64 487 8 11 0.037974086 
512 360 7 9 0.037972122 
608 311 6 7 0.037971307 
408 285 6 9 0.03794596 
80 423 10 14 0.037933458 
69 494 9 12 0.037920676 
549 453 9 12 0.03787778 
409 326 6 8 0.037852906 
778 472 23 31 0.037852082 
247 384 14 19 0.03784252 
628 385 12 16 0.037744578 
166 341 8 10 0.03772051 
560 374 8 9 0.03769666 
261 587 12 13 0.037681293 
520 172 11 13 0.037677683 
430 423 8 10 0.03765014 
376 374 8 9 0.037612114 
551 424 8 11 0.037601337 
248 311 6 9 0.037585787 
113 327 7 9 0.037506737 
270 367 9 10 0.037500657 
225 330 7 9 0.03744012 
781 381 10 14 0.03741193 
71 381 9 11 0.03740822 
95 597 12 15 0.0373962 
110 350 8 10 0.03738222 
558 304 7 10 0.037258837 
177 357 8 10 0.037242986 
514 454 8 11 0.03717969 
719 350 13 17 0.03717295 
1 603 15 19 0.03714937 
968 246 9 11 0.037132982 
430 437 10 13 0.037002042 
492 397 9 10 0.036920186 
399 510 8 11 0.036696423 
486 420 9 11 0.036679506 
766 290 7 8 0.036667004 
245 424 13 16 0.036616966 
607 304 7 9 0.03660161 
49 401 8 10 0.036590736 
257 335 8 9 0.03658628 
507 524 15 19 0.036544066 
950 244 8 10 0.036486827 
649 359 10 12 0.03646226 
528 264 7 8 0.03638999 
904 253 8 11 0.036372647 
846 198 8 11 0.03628603 
332 373 8 11 0.036259912 
673 313 7 9 0.03620588 
71 445 8 11 0.03619676 
487 288 7 8 0.03604712 
709 539 14 19 0.036028925 
310 405 9 13 0.036011085 
995 426 12 15 0.036009744 
617 319 7 9 0.035951745 
368 430 10 13 0.0358928 
709 570 21 25 0.035845116 
6 385 9 11 0.035811514 
511 328 6 9 0.035800524 
630 320 8 10 0.03575463 
849 340 9 11 0.03575211 
873 348 9 10 0.03572389 
363 358 7 10 0.035610087 
545 351 8 10 0.035585318 
218 367 9 11 0.035531197 
492 407 9 10 0.03546973 
510 319 7 9 0.035450183 
352 353 7 8 0.035425328 
351 471 9 11 0.03541275 
55 429 8 11 0.03534216 
575 357 7 10 0.035182305 
895 575 11 13 0.03516835 
330 327 6 8 0.035099667 
543 302 7 9 0.035023462 
822 332 8 10 0.03497268 
557 430 9 12 0.034969892 
366 381 8 10 0.034969058 
65 381 8 9 0.03494369 
326 390 9 12 0.034919593 
102 602 12 15 0.034888554 
136 336 7 9 0.03484007 
345 464 8 11 0.034818992 
823 394 27 34 0.03481466 
271 586 12 13 0.03481427 
558 494 11 16 0.034779545 
597 465 24 31 0.034757737 
344 341 9 10 0.03469034 
376 390 9 11 0.03464528 
299 351 8 9 0.03458628 
149 389 9 12 0.03458254 
736 327 11 13 0.034574214 
117 403 9 12 0.03451635 
848 263 7 10 0.034508914 
873 254 6 9 0.034439676 
509 439 9 11 0.03432885 
4 413 10 13 0.03427269 
852 379 12 15 0.034248352 
309 391 9 13 0.034231797 
121 327 8 9 0.034221392 
521 329 7 8 0.03421253 
646 311 7 9 0.034182426 
694 332 8 11 0.03416711 
495 454 9 11 0.034152582 
746 350 10 12 0.03415186 
994 254 9 11 0.034116086 
879 279 7 9 0.034106914 
390 479 9 10 0.034085337 
87 327 6 8 0.033999063 
783 199 11 11 0.03397739 
559 327 7 9 0.033972993 
1014 277 8 11 0.033928193 
63 325 8 10 0.033824578 
34 364 8 10 0.03380542 
687 289 8 10 0.033802833 
929 294 8 10 0.033798303 
95 592 10 12 0.033795934 
167 351 7 9 0.033792157 
417 326 7 9 0.03378275 
431 321 7 8 0.033690814 
756 346 11 13 0.033655625 
349 460 9 11 0.033646297 
934 293 9 11 0.03363979 
121 319 7 9 0.03363199 
294 452 9 11 0.033586968 
384 469 8 10 0.033570394 
378 285 8 10 0.033565816 
490 312 6 9 0.033496466 
168 582 23 29 0.03346924 
304 290 7 9 0.033417296 
600 412 11 14 0.033402886 
576 318 7 9 0.03338017 
209 310 7 9 0.033322647 
942 303 9 12 0.03328821 
558 320 7 8 0.03325801 
538 239 7 10 0.03320263 
694 348 7 10 0.03307709 
567 334 8 9 0.033061642 
367 295 6 8 0.033061076 
998 260 9 11 0.033050317 
281 305 7 10 0.033024404 
142 507 15 20 0.032981645 
859 507 31 38 0.03295635 
928 288 7 9 0.03290662 
376 454 8 10 0.032882206 
938 304 8 11 0.032877993 
478 544 9 12 0.032825153 
374 319 6 9 0.032685086 
29 305 10 11 0.032638386 
950 272 7 9 0.03263786 
1009 262 9 11 0.032637157 
37 336 8 11 0.032603376 
794 578 29 33 0.032602873 
335 295 7 9 0.032600917 
761 460 15 19 0.03257509 
16 305 8 9 0.03256624 
479 334 8 9 0.032523513 
351 454 10 13 0.032489855 
935 248 8 9 0.032460526 
399 327 7 9 0.032452162 
464 304 7 9 0.032421965 
958 591 10 12 0.032384127 
472 329 7 9 0.032352414 
415 304 7 9 0.032312714 
903 231 8 10 0.032287378 
426 431 8 11 0.03225232 
169 320 7 9 0.032194577 
865 320 8 10 0.03219418 
245 394 12 16 0.03214414 
561 383 8 10 0.032094486 
558 310 6 9 0.032087557 
879 265 8 10 0.032073665 
496 336 8 10 0.031977627 
182 375 10 12 0.03197709 
1008 254 9 12 0.031971008 
184 401 11 15 0.031950638 
671 342 8 10 0.03193454 
394 328 6 8 0.031898003 
573 428 12 15 0.031871594 
297 294 7 9 0.03183082 
79 484 9 11 0.0318122 
801 335 8 10 0.031759787 
282 395 10 14 0.031759553 
319 427 10 12 0.03172621 
479 422 8 11 0.03172255 
794 344 9 10 0.031719927 
385 422 9 11 0.03168542 
725 552 16 23 0.031685397 
701 404 19 26 0.031681042 
297 359 7 9 0.031673387 
327 344 7 10 0.031541698 
294 447 8 11 0.03142928 
465 334 7 9 0.031356174 
930 231 8 10 0.03135209 
65 445 9 11 0.031290792 
654 390 9 12 0.03128058 
463 439 8 11 0.031247593 
986 320 18 24 0.031214263 
297 289 6 8 0.031213054 
363 312 6 9 0.03106823 
983 262 9 10 0.031061122 
33 461 8 10 0.031049034 
55 423 7 10 0.030983733 
967 254 9 10 0.030925432 
703 309 8 10 0.030923732 
759 311 7 10 0.03090432 
562 266 6 8 0.030898819 
122 361 6 8 0.030838847 
182 305 7 8 0.03083094 
353 297 6 8 0.030774739 
614 404 14 17 0.03075727 
15 397 10 11 0.030755183 
570 421 12 15 0.030731402 
713 325 9 11 0.030631043 
367 313 7 9 0.030610422 
160 328 7 9 0.03058278 
24 305 9 10 0.030544344 
871 278 7 9 0.030415885 
904 248 8 9 0.030403925 
581 430 11 14 0.030339055 
454 418 10 12 0.030338198 
670 406 13 15 0.030287102 
149 397 9 11 0.030279417 
441 287 7 9 0.030273914 
6 310 10 13 0.030257436 
759 336 8 10 0.030205106 
691 436 13 15 0.030182121 
293 390 8 11 0.030178042 
127 327 8 10 0.030163992 
766 300 9 11 0.030054377 
320 407 11 14 0.030027177 
199 341 7 9 0.02999892 
286 425 11 15 0.029998647 
200 337 7 9 0.029958293 
168 369 17 24 0.02981646 
585 392 9 12 0.029797068 
167 358 8 9 0.029792722 
438 432 8 10 0.029787663 
172 420 10 13 0.029770298 
424 322 6 8 0.029689057 
203 399 17 23 0.029630251 
776 319 7 9 0.029628208 
722 350 19 23 0.029599616 
31 391 7 8 0.02959844 
422 327 7 8 0.029572017 
864 216 10 12 0.029521974 
554 392 9 12 0.029508086 
193 366 8 10 0.029505935 
65 478 9 11 0.029504841 
606 350 9 10 0.029474499 
49 413 8 11 0.029450815 
650 371 9 12 0.029435612 
375 327 7 8 0.029409366 
976 303 8 12 0.029400665 
407 408 7 10 0.029361358 
865 278 7 9 0.029350752 
455 399 8 10 0.029350204 
874 248 7 9 0.029341891 
590 364 9 11 0.029336661 
47 359 8 10 0.029335618 
356 455 10 12 0.029294599 
873 264 7 10 0.029264526 
961 255 8 11 0.029260544 
838 316 8 11 0.029229907 
96 352 8 9 0.029180273 
752 316 8 10 0.029166665 
840 199 9 13 0.029148616 
136 444 8 11 0.029148309 
889 285 8 11 0.029130904 
982 304 11 14 0.029090077 
381 390 10 11 0.02906771 
108 486 10 13 0.029044341 
97 326 8 9 0.029010499 
264 205 8 11 0.029002683 
786 480 14 19 0.028998151 
169 295 6 9 0.028980017 
252 406 11 13 0.028908016 
71 440 8 9 0.02888012 
879 327 8 10 0.028865013 
762 300 8 11 0.028750222 
334 610 15 18 0.028747324 
857 280 7 9 0.028740402 
112 619 12 15 0.028723035 
157 382 9 10 0.028715238 
396 494 9 12 0.02871092 
390 285 8 9 0.028695492 
599 445 23 29 0.028666649 
1008 246 9 12 0.028658636 
881 305 7 9 0.028651841 
619 548 17 23 0.028648477 
256 305 6 8 0.028633924 
983 255 9 10 0.028538732 
888 247 7 9 0.028516559 
328 321 7 8 0.028473256 
485 590 35 41 0.028407553 
944 265 8 9 0.028388342 
32 411 8 11 0.028382406 
915 261 8 10 0.0283748 
922 246 8 9 0.028363707 
392 496 11 13 0.028362224 
49 480 8 11 0.02835916 
159 405 9 11 0.028329909 
421 367 8 10 0.028318482 
193 318 7 9 0.028315632 
720 364 10 12 0.028309908 
664 313 7 9 0.028255047 
297 312 7 9 0.028253293 
663 389 10 13 0.0282056 
988 315 11 14 0.028195733 
776 382 9 13 0.02818544 
365 405 7 11 0.028183449 
186 383 20 25 0.028183186 
892 396 16 19 0.028086545 
629 578 14 17 0.028075274 
192 312 7 9 0.028075133 
54 485 9 11 0.02807062 
598 358 8 10 0.028064042 
330 305 6 8 0.028042825 
184 497 13 20 0.028023815 
430 391 8 11 0.02799486 
40 479 8 11 0.027990356 
63 430 8 11 0.02796456 
422 292 7 9 0.02792851 
490 392 8 10 0.02791279 
311 333 7 9 0.027901737 
141 344 8 10 0.027894815 
320 305 7 8 0.027878914 
51 437 12 16 0.027855732 
498 437 9 12 0.027824886 
174 414 11 13 0.027821068 
87 382 8 10 0.027795931 
216 329 7 10 0.027766291 
344 223 8 10 0.027761934 
424 398 9 12 0.027708167 
369 325 8 9 0.027683282 
598 377 10 11 0.02766306 
585 380 8 12 0.02765976 
623 366 9 10 0.027634315 
286 311 7 9 0.027603976 
521 295 6 9 0.027572162 
353 392 8 10 0.027562013 
63 305 8 10 0.027550634 
49 430 9 11 0.02754866 
448 295 7 8 0.027499737 
440 360 7 9 0.027495632 
384 335 7 8 0.027491013 
821 356 10 13 0.02747838 
31 326 8 10 0.027453281 
999 238 8 10 0.027448917 
969 316 8 11 0.027439192 
933 237 9 11 0.027425034 
103 483 11 14 0.027401607 
49 456 9 11 0.027401099 
899 271 7 9 0.02738948 
254 376 8 11 0.027386827 
472 421 9 11 0.027342545 
866 311 7 10 0.027322374 
386 415 8 10 0.027295422 
384 329 7 8 0.027266093 
537 312 6 8 0.027256494 
473 269 9 11 0.02722093 
678 403 12 17 0.027219895 
265 367 9 11 0.027197983 
1 611 16 21 0.02716665 
497 431 8 10 0.027145937 
303 311 6 8 0.027137278 
72 341 7 9 0.02711797 
675 350 8 10 0.027111916 
345 375 7 9 0.027081031 
431 336 6 8 0.027056303 
417 365 8 11 0.027050171 
95 367 9 10 0.026981857 
937 272 10 12 0.02697834 
355 476 11 11 0.026975248 
856 271 7 9 0.026966866 
40 384 7 9 0.026923718 
936 254 7 8 0.026921852 
0 308 10 14 0.026879368 
845 328 10 11 0.026878247 
383 429 10 12 0.026869819 
155 438 9 12 0.026777366 
186 342 8 9 0.026761258 
566 368 9 11 0.026739428 
63 343 8 9 0.02672735 
512 190 8 11 0.026708651 
816 343 8 10 0.02670694 
733 532 13 16 0.026695378 
897 303 9 11 0.026661001 
406 396 7 10 0.026656318 
615 395 12 15 0.026641501 
411 218 10 13 0.026639748 
197 380 10 14 0.026626062 
432 325 6 9 0.02662365 
15 310 8 11 0.026614083 
678 312 7 9 0.026584357 
822 402 13 18 0.026574846 
719 312 21 27 0.02653481 
575 367 7 10 0.026517384 
936 286 8 10 0.026507264 
465 294 7 8 0.026495757 
718 535 20 25 0.026493635 
471 288 7 8 0.026481457 
537 365 7 9 0.026475718 
111 372 8 11 0.026460629 
400 396 8 10 0.026318623 
560 459 10 12 0.026314529 
429 397 9 11 0.02626081 
479 329 8 9 0.026213458 
385 518 9 11 0.026206613 
788 492 30 42 0.026191391 
958 279 8 10 0.026162103 
48 308 8 10 0.026133958 
288 288 7 8 0.02612054 
255 358 8 10 0.026109662 
426 422 8 11 0.026107417 
927 224 7 9 0.026085617 
399 320 8 9 0.0260842 
15 444 9 12 0.026057165 
168 368 8 10 0.026042063 
57 348 7 9 0.026017753 
386 358 7 9 0.025931785 
506 375 6 8 0.025911076 
814 389 13 15 0.025899116 
807 544 14 18 0.025886562 
783 355 11 15 0.025858728 
786 280 7 10 0.02583553 
81 412 9 12 0.025833193 
758 436 12 14 0.025809672 
41 325 8 10 0.025778888 
903 238 7 9 0.02574509 
136 377 8 9 0.02573629 
599 324 8 10 0.025724078 
631 311 7 9 0.025702115 
911 301 8 11 0.025644036 
888 240 8 9 0.025602054 
904 311 7 9 0.02556847 
102 396 11 13 0.025565404 
236 386 14 19 0.02556323 
564 407 8 9 0.02554868 
54 390 8 11 0.025547663 
48 520 9 12 0.025538463 
554 435 9 12 0.025529461 
337 359 7 9 0.02550853 
487 295 6 8 0.025468115 
303 384 8 10 0.0254474 
142 595 10 14 0.025416309 
84 475 12 15 0.025330428 
697 317 7 9 0.025320137 
237 394 13 18 0.025284547 
636 380 11 13 0.025277438 
351 556 12 16 0.02525821 
768 319 7 9 0.025229005 
256 585 10 12 0.02522647 
750 295 8 10 0.025217613 
701 502 10 14 0.025214553 
166 403 9 12 0.0251957 
135 303 7 10 0.025186861 
487 328 7 9 0.02517174 
174 370 9 11 0.025139937 
941 284 10 12 0.025114074 
97 313 7 9 0.025099413 
104 368 8 10 0.025091631 
703 375 9 11 0.025068723 
826 625 50 52 0.02504525 
222 360 8 11 0.025042629 
83 604 25 30 0.025031565 
100 477 11 15 0.025023514 
554 304 7 9 0.025023103 
1009 278 9 11 0.024997544 
529 319 7 9 0.02497071 
926 245 8 9 0.024965016 
719 320 10 15 0.024957493 
774 410 16 19 0.024931107 
352 487 11 13 0.024902346 
961 261 8 10 0.024865119 
648 304 7 9 0.02485917 
361 367 7 9 0.02482661 
64 464 10 11 0.024820432 
512 446 7 10 0.024785122 
79 612 12 13 0.024777101 
855 337 9 11 0.024745988 
686 93 383 448 0.024743026 
397 424 8 11 0.024737313 
582 334 8 10 0.024702894 
809 318 9 12 0.024688508 
889 223 8 11 0.024663292 
26 342 8 10 0.024604239 
605 571 11 15 0.024600292 
105 559 9 12 0.024473108 
943 294 8 10 0.02444755 
319 358 8 10 0.024440378 
291 396 11 13 0.024432251 
767 588 25 30 0.024413254 
575 288 6 8 0.024408575 
50 375 8 9 0.02439098 
83 467 12 16 0.024316804 
545 335 6 8 0.02429135 
798 320 8 10 0.024270073 
15 352 9 10 0.024266047 
226 505 15 21 0.02425761 
1006 333 11 13 0.024213873 
22 407 9 11 0.024168298 
256 352 8 9 0.02416813 
91 611 13 15 0.024108538 
713 320 9 11 0.024100097 
1007 239 9 11 0.024026388 
538 301 7 10 0.023980409 
751 327 9 10 0.023973102 
801 285 8 10 0.023945475 
481 288 6 8 0.023940377 
903 303 7 11 0.02393846 
735 155 30 35 0.023891386 
622 560 27 34 0.023882816 
266 357 8 10 0.02387699 
408 413 8 11 0.023851749 
496 374 8 9 0.023848424 
280 410 11 15 0.023833597 
544 328 7 10 0.023782289 
175 405 10 12 0.023701645 
324 582 16 19 0.023666559 
674 366 18 23 0.023666022 
789 301 8 9 0.02360816 
16 411 9 12 0.023603106 
695 379 11 13 0.023576308 
298 412 15 19 0.023570824 
701 379 10 13 0.023539498 
542 238 7 9 0.023537535 
1007 357 10 13 0.023521068 
587 412 13 15 0.023477979 
456 294 7 9 0.023465892 
9 350 8 11 0.023440437 
880 287 8 10 0.023431525 
73 429 8 12 0.02341542 
903 285 7 9 0.023395592 
37 365 9 11 0.023392126 
53 461 7 10 0.023386754 
127 319 8 9 0.023384068 
118 373 8 11 0.023354607 
588 396 12 14 0.02335228 
64 400 9 11 0.023350073 
523 335 7 9 0.023320254 
570 321 7 8 0.023290092 
183 290 8 8 0.023288649 
487 335 7 9 0.02328841 
361 287 7 8 0.023271734 
767 334 7 9 0.023235314 
1 468 9 13 0.023186883 
503 445 9 10 0.023182433 
410 303 7 8 0.023136634 
261 287 9 10 0.023132175 
449 329 6 8 0.02312639 
62 423 9 11 0.023113908 
63 310 7 9 0.023092976 
764 465 41 54 0.023038136 
159 375 7 10 0.02302624 
6 556 20 30 0.022974838 
819 373 10 13 0.022950497 
643 320 8 10 0.022938821 
585 420 11 15 0.022937695 
870 374 11 14 0.02293384 
629 326 7 9 0.022875607 
113 320 6 9 0.022847412 
542 397 8 10 0.022830743 
42 503 8 12 0.022824852 
774 305 8 10 0.022817826 
889 331 9 12 0.022813555 
689 391 9 13 0.022808757 
73 501 10 12 0.022799036 
665 395 11 13 0.02274542 
576 373 7 10 0.022744449 
856 347 9 11 0.022708254 
862 342 7 10 0.02269873 
209 305 8 10 0.022693966 
375 448 9 11 0.02267249 
921 241 8 9 0.02265932 
312 289 7 9 0.02265267 
231 395 11 16 0.022651749 
990 238 9 10 0.02264731 
423 403 8 11 0.022630515 
841 269 9 10 0.022610761 
360 337 8 9 0.022610517 
127 556 13 15 0.022608485 
808 329 8 10 0.022600038 
974 247 9 10 0.022595739 
870 232 7 9 0.022581842 
292 405 12 16 0.022560384 
912 286 6 8 0.02255255 
521 188 11 13 0.022534654 
252 205 10 12 0.022496143 
897 309 9 10 0.022486161 
973 275 10 11 0.022485072 
798 327 7 9 0.022470484 
949 303 10 13 0.022464968 
614 428 13 15 0.022464123 
735 309 9 11 0.022442613 
679 325 7 9 0.02243661 
584 304 7 9 0.022420084 
496 328 6 9 0.02241871 
679 344 10 12 0.022401296 
393 320 7 9 0.02238259 
5 315 10 13 0.022366978 
55 336 7 9 0.022363933 
864 300 9 11 0.0223404 
319 367 8 10 0.022339007 
564 470 10 15 0.022295019 
760 402 10 14 0.022266477 
377 304 7 8 0.022238504 
341 527 20 26 0.022233645 
745 309 8 10 0.022211965 
182 309 7 9 0.02220458 
565 390 8 11 0.022194188 
726 304 8 10 0.022190219 
585 319 6 8 0.022183431 
71 611 12 12 0.022177683 
447 311 7 9 0.022171458 
398 487 8 10 0.022140084 
429 443 11 13 0.0221346 
73 313 7 8 0.022096986 
615 304 8 9 0.02208458 
31 383 7 9 0.022071613 
331 583 16 19 0.02206316 
248 203 11 12 0.022052642 
109 557 11 14 0.022050416 
505 406 8 10 0.021994673 
185 395 19 24 0.021991407 
801 280 7 9 0.021983955 
33 430 7 10 0.021971915 
136 350 7 9 0.021952212 
1014 240 9 12 0.021910885 
537 271 7 9 0.021887096 
390 415 8 11 0.021883933 
495 447 9 10 0.021873767 
265 583 21 23 0.021846976 
263 344 7 8 0.021843895 
674 404 21 27 0.02177078 
128 620 11 13 0.021765808 
232 388 11 15 0.02175458 
797 187 15 17 0.02173018 
312 582 12 17 0.021696841 
879 317 8 11 0.021691408 
845 219 10 13 0.021658378 
846 281 8 9 0.021649659 
871 312 7 9 0.021616543 
871 327 7 10 0.021613609 
814 380 12 14 0.02159185 
974 254 8 10 0.021585258 
456 503 10 12 0.021559767 
78 446 9 11 0.021536268 
966 474 33 37 0.021527153 
366 414 9 10 0.021509994 
365 399 8 10 0.021455359 
766 459 23 31 0.021444764 
441 328 6 7 0.021443348 
177 396 10 13 0.021420393 
49 389 8 10 0.021406308 
920 279 8 9 0.021405045 
525 455 8 11 0.021401616 
312 311 6 8 0.021386186 
79 357 9 10 0.021383593 
879 240 8 10 0.021383587 
721 392 9 11 0.021347081 
355 565 10 14 0.021335559 
779 395 12 15 0.021328112 
23 472 9 11 0.021266636 
807 395 12 16 0.021256382 
847 268 8 10 0.02124754 
79 422 19 24 0.021214074 
457 304 7 8 0.021212643 
385 484 10 11 0.021208653 
214 305 8 9 0.021186188 
712 356 9 12 0.021167852 
489 454 9 10 0.02116641 
868 390 11 14 0.021154666 
441 310 7 9 0.021136971 
206 321 7 9 0.021102993 
951 278 9 10 0.021080546 
189 424 14 17 0.021078024 
613 449 15 19 0.021037081 
377 461 8 11 0.021000965 
272 326 7 9 0.020999607 
536 334 8 9 0.020995878 
280 326 7 9 0.020964427 
911 216 8 9 0.020962752 
559 350 8 11 0.020959357 
479 270 9 9 0.020955885 
400 406 8 11 0.020940227 
803 433 13 16 0.020934021 
79 311 8 9 0.020924559 
119 349 7 10 0.02091985 
254 199 9 11 0.020913776 
927 270 8 10 0.02089389 
659 461 22 29 0.020882253 
129 295 7 9 0.0208545 
71 621 28 32 0.020852765 
263 200 8 11 0.020845145 
767 328 7 9 0.020821497 
422 519 9 12 0.020817423 
836 550 13 17 0.020810748 
625 305 7 8 0.020806335 
513 460 10 11 0.020786915 
822 343 9 11 0.020752003 
488 257 8 10 0.020746082 
559 343 8 9 0.020726703 
479 398 9 11 0.02071009 
79 435 10 13 0.02069433 
274 313 6 8 0.020677255 
312 343 7 9 0.020663567 
158 413 9 11 0.0206609 
818 287 6 8 0.02065346 
920 218 7 8 0.020650927 
745 524 18 20 0.020636832 
295 328 8 9 0.020625265 
983 304 18 24 0.02062522 
472 318 7 9 0.020616518 
95 359 9 10 0.02055282 
31 399 7 10 0.020545555 
974 315 9 12 0.020528518 
265 375 19 23 0.020495106 
884 310 9 11 0.020484334 
0 304 8 12 0.020411557 
238 328 7 10 0.020386102 
154 342 8 9 0.020370532 
128 427 10 13 0.020325096 
790 261 9 11 0.02030597 
344 357 7 10 0.020276483 
683 367 18 23 0.020252686 
294 382 8 11 0.020245198 
94 484 10 15 0.020243704 
456 334 7 9 0.020234829 
69 463 10 13 0.02020814 
559 449 9 11 0.020207144 
340 618 16 20 0.020199172 
722 294 7 9 0.02017803 
976 325 9 12 0.020162106 
1014 269 8 12 0.020152345 
912 335 9 11 0.020122591 
328 521 8 10 0.02011743 
830 620 29 32 0.020106737 
606 343 7 10 0.020067183 
600 366 8 10 0.02006453 
444 165 11 13 0.02003427 
494 204 10 14 0.020033816 
351 341 7 10 0.020028047 
406 503 10 12 0.020024283 
40 390 7 9 0.020023441 
