18_Concerts_Concerts_18_1038
20
91 681 101 131 0.9998921 
284 635 108 147 0.99988306 
468 607 93 122 0.9994772 
275 167 87 108 0.99919945 
538 95 70 83 0.9976768 
453 161 80 106 0.995106 
629 142 81 104 0.99505854 
632 572 86 101 0.990329 
806 306 12 15 0.12452711 
763 616 21 31 0.0693919 
462 553 38 34 0.06031585 
839 308 10 11 0.034537178 
488 352 27 39 0.032283634 
886 279 10 13 0.03143157 
478 135 79 104 0.02957409 
315 886 62 65 0.025919637 
506 101 52 65 0.025619067 
581 822 12 15 0.023431966 
375 76 27 31 0.022948958 
519 116 59 71 0.021376478 
