18_Concerts_Concerts_18_522
58
628 661 64 82 0.99849045 
494 650 82 107 0.99488306 
83 637 69 95 0.993565 
374 586 65 99 0.98278564 
892 602 66 101 0.969584 
516 218 57 87 0.38139057 
937 1340 26 34 0.32490146 
950 26 13 17 0.27761132 
614 271 40 46 0.24836537 
996 27 14 17 0.2187528 
343 1330 20 23 0.12095649 
732 296 64 80 0.10917595 
920 31 10 13 0.100353785 
906 87 17 22 0.09870578 
897 35 14 17 0.08531259 
334 568 15 21 0.048052147 
296 1340 21 25 0.046172928 
56 759 184 244 0.039861925 
913 20 9 11 0.036339276 
956 51 14 18 0.036076978 
667 134 12 15 0.033456534 
608 289 38 41 0.032423425 
338 574 16 20 0.032402214 
922 248 13 16 0.03163442 
602 270 32 36 0.03089735 
940 36 12 16 0.030394165 
1009 964 10 13 0.029620519 
22 196 12 14 0.02955113 
335 1362 14 19 0.029508667 
918 23 9 11 0.027482055 
427 241 45 57 0.027236905 
929 11 11 14 0.02703208 
379 1335 14 17 0.02597395 
540 239 54 70 0.025705948 
696 35 410 480 0.025684284 
162 1360 15 21 0.025193693 
366 1322 12 15 0.025033595 
954 23 12 15 0.024334777 
154 1336 16 19 0.024125654 
431 582 12 15 0.024118965 
575 253 44 54 0.023988111 
809 1319 27 33 0.023901118 
991 22 14 17 0.023630084 
783 46 11 14 0.023224514 
949 55 15 18 0.023158668 
933 43 13 17 0.022843996 
3 421 23 33 0.022730669 
1003 33 16 19 0.02271404 
935 31 10 13 0.021943873 
388 1337 14 18 0.021528034 
480 185 90 133 0.021407668 
1 152 25 37 0.02119373 
966 47 11 14 0.021067176 
973 25 13 16 0.020612324 
674 1337 25 30 0.020497493 
454 256 53 69 0.020268936 
783 511 11 13 0.020158684 
48 1300 8 11 0.020027962 
