18_Concerts_Concerts_18_486
23
284 189 201 219 0.9974511 
236 529 373 457 0.16910511 
350 663 228 246 0.13944267 
616 109 187 284 0.09934479 
439 252 419 493 0.08090341 
380 1018 86 59 0.07318233 
787 151 26 27 0.07231087 
266 170 141 165 0.067456424 
819 327 26 33 0.062421307 
336 90 218 324 0.037189316 
829 324 15 18 0.036260493 
150 78 337 400 0.03572942 
135 515 59 64 0.033673316 
790 161 26 28 0.033611584 
800 153 17 21 0.027503546 
773 195 23 29 0.02412684 
805 141 12 14 0.023585651 
352 21 366 465 0.022531444 
508 766 82 70 0.021881463 
318 919 396 503 0.021246068 
823 282 16 20 0.021131512 
392 235 114 164 0.02056022 
478 658 238 267 0.02019164 
