18_Concerts_Concerts_18_66
235
479 199 25 33 0.9990994 
626 246 37 50 0.9987581 
638 417 65 80 0.99690056 
441 363 65 92 0.9966067 
492 323 66 91 0.9944541 
808 264 39 51 0.99147284 
436 257 39 48 0.99034566 
197 246 34 43 0.9902874 
891 352 47 55 0.9862868 
925 294 39 45 0.98156196 
388 220 27 34 0.9736425 
283 462 88 72 0.9693234 
220 313 52 70 0.963753 
757 333 43 63 0.9442743 
506 179 20 28 0.9409235 
189 320 38 51 0.926295 
71 318 53 58 0.9221913 
211 169 21 24 0.9034464 
26 266 29 45 0.89307386 
173 199 22 30 0.8065993 
578 314 45 58 0.79532105 
287 158 18 22 0.7587701 
229 202 21 26 0.71652395 
457 166 15 20 0.6022948 
471 344 65 90 0.5262405 
333 152 13 18 0.4899384 
375 153 16 23 0.4055594 
760 171 13 19 0.40047538 
408 200 17 21 0.3982787 
528 168 18 25 0.380804 
301 201 15 20 0.3803564 
414 195 23 28 0.3536502 
736 297 30 34 0.33127344 
17 209 29 32 0.28583318 
782 177 22 26 0.26083222 
890 172 19 23 0.24056609 
728 272 42 53 0.23946884 
509 162 14 18 0.21851172 
963 475 58 71 0.21505219 
361 188 18 22 0.20571889 
660 117 12 16 0.19014789 
579 191 16 22 0.18274789 
690 222 27 37 0.17107843 
950 201 48 63 0.16619496 
379 152 11 14 0.15409006 
517 137 13 16 0.14476652 
106 255 24 29 0.13786191 
579 177 17 21 0.13424294 
395 185 15 19 0.12304833 
639 183 16 21 0.12039922 
179 176 15 19 0.11662089 
405 182 12 15 0.11082228 
608 172 10 15 0.11071477 
622 161 14 18 0.10520803 
825 219 22 29 0.10293052 
457 253 28 39 0.1008126 
422 189 24 31 0.100296766 
173 163 17 21 0.09774405 
430 127 8 9 0.092713185 
346 172 13 16 0.09254798 
511 171 21 28 0.08908295 
576 173 14 18 0.079329625 
294 198 16 21 0.07836415 
585 185 16 21 0.07176911 
55 193 30 37 0.07127782 
696 160 29 39 0.07072627 
11 273 32 40 0.06932512 
769 211 17 23 0.06932143 
346 215 16 20 0.06811853 
326 149 14 18 0.06673483 
788 163 17 20 0.066384494 
246 188 14 16 0.06545738 
987 309 38 64 0.06514674 
349 165 12 15 0.06358927 
762 169 41 53 0.06294904 
327 126 9 12 0.0617194 
771 172 23 30 0.060058217 
174 178 25 35 0.059488095 
270 215 15 21 0.057681154 
615 142 11 13 0.057268742 
395 190 20 26 0.057163097 
900 242 47 53 0.056268822 
191 147 10 13 0.054079007 
908 296 41 49 0.054004494 
67 199 30 34 0.05382727 
762 166 24 31 0.05119107 
82 199 27 31 0.050065406 
877 327 32 42 0.049989674 
566 187 23 30 0.04976815 
173 158 13 17 0.049556985 
302 293 32 39 0.049513936 
457 139 11 15 0.048055932 
692 165 15 20 0.046914395 
585 170 20 26 0.045942146 
343 178 14 18 0.045811184 
240 299 52 69 0.045759115 
750 303 19 23 0.045145217 
406 174 11 14 0.04470011 
242 195 20 25 0.044472124 
621 407 58 73 0.044351198 
7 185 49 59 0.04432638 
320 153 13 17 0.04417698 
537 322 56 69 0.043985214 
877 306 39 49 0.04381004 
984 355 43 80 0.043735933 
348 134 9 11 0.042252347 
594 168 15 19 0.041559882 
889 256 39 49 0.041287336 
253 142 10 14 0.04098167 
880 270 38 49 0.040421527 
65 330 36 41 0.040245127 
592 165 12 16 0.039967008 
525 158 17 21 0.039780702 
877 335 47 60 0.039385326 
455 118 9 11 0.039218664 
873 287 37 49 0.038923975 
460 159 15 19 0.038832273 
352 231 24 31 0.038552757 
668 330 42 54 0.038325805 
523 226 23 30 0.037949543 
98 254 40 48 0.037854183 
253 250 23 31 0.037763797 
551 114 9 11 0.037584558 
684 236 38 54 0.037307695 
732 249 49 61 0.0372383 
402 208 26 35 0.037185494 
425 133 11 13 0.037140936 
548 249 24 31 0.036726553 
928 177 82 99 0.036492575 
180 158 13 15 0.036191534 
840 173 25 34 0.0361379 
420 155 11 15 0.035634503 
294 277 91 105 0.0349753 
925 44 76 69 0.03472439 
286 110 8 10 0.034185514 
631 115 9 11 0.03351227 
900 18 119 112 0.033472843 
767 214 44 57 0.033401363 
274 292 53 64 0.033086244 
513 132 13 16 0.03243663 
553 144 24 29 0.032040548 
326 202 13 17 0.031981282 
352 186 21 29 0.031558577 
275 240 16 22 0.03153342 
251 194 15 20 0.031491898 
269 186 12 15 0.031124333 
40 174 49 59 0.031071382 
1005 189 15 21 0.0308178 
399 179 20 24 0.03058119 
443 108 11 14 0.030533299 
902 271 41 51 0.029658666 
824 165 43 53 0.029498847 
595 385 58 73 0.028517721 
422 187 16 20 0.028405644 
212 256 29 35 0.028211344 
637 191 16 23 0.027979363 
235 164 12 16 0.027800791 
828 183 15 22 0.0277708 
405 186 22 26 0.027626114 
785 254 29 39 0.02737239 
935 62 44 44 0.02721524 
554 180 23 27 0.026619038 
347 198 22 30 0.026494158 
334 215 24 29 0.02645343 
974 203 30 44 0.026328145 
206 165 17 22 0.025961393 
781 200 43 56 0.025861353 
511 155 21 26 0.025772288 
299 211 16 23 0.02571055 
251 181 14 19 0.025532247 
219 163 23 28 0.025514258 
187 68 27 37 0.025453016 
178 160 23 29 0.025101572 
314 77 138 134 0.02488853 
792 168 17 24 0.024765214 
948 173 14 16 0.024640307 
719 289 29 37 0.024551006 
460 135 13 16 0.024504 
502 132 11 14 0.024230419 
46 85 16 20 0.024172954 
350 159 12 15 0.024073748 
100 187 27 34 0.024058675 
199 73 25 33 0.023785153 
165 129 14 17 0.02377974 
-1 501 90 118 0.023764847 
328 230 26 32 0.023507075 
125 117 10 12 0.023444463 
889 212 49 58 0.023336332 
665 165 10 13 0.023323271 
853 156 12 15 0.023224676 
465 163 14 20 0.02310387 
389 188 17 23 0.023068387 
790 172 25 34 0.023049518 
502 125 10 13 0.022990752 
301 170 13 17 0.022964673 
378 163 16 22 0.022936428 
399 224 20 25 0.0228831 
410 180 13 16 0.022854475 
195 143 11 12 0.022841271 
295 285 54 65 0.02270556 
572 220 22 31 0.022697212 
812 218 29 36 0.02262381 
332 204 11 14 0.022330698 
305 134 9 11 0.02211867 
779 151 28 33 0.022091312 
844 236 31 42 0.022022773 
593 100 9 12 0.021913726 
510 127 12 14 0.021880256 
260 186 15 19 0.021879435 
893 298 35 48 0.021804841 
261 203 21 31 0.021796986 
205 156 13 17 0.021742422 
218 179 17 22 0.021673733 
590 68 116 122 0.021616703 
524 204 21 30 0.021591527 
282 202 24 31 0.021458333 
337 309 54 67 0.02134848 
554 204 25 33 0.021239558 
304 148 11 14 0.021211797 
556 172 15 17 0.021035265 
433 186 15 19 0.02100288 
155 311 44 57 0.020939847 
307 171 20 28 0.020901691 
286 151 15 18 0.020739371 
261 240 25 32 0.020726465 
478 118 9 11 0.020640668 
683 183 16 20 0.020624075 
315 201 13 17 0.020578085 
277 230 24 32 0.02050876 
409 223 16 22 0.020502944 
698 213 44 59 0.020462245 
601 166 19 26 0.020450676 
836 178 16 22 0.020407572 
738 340 45 61 0.020378089 
403 148 11 15 0.02000109 
