18_Concerts_Concerts_18_920
231
757 565 11 15 0.966887 
822 572 12 15 0.9462741 
280 504 17 22 0.9090338 
852 556 12 15 0.88664913 
981 587 12 14 0.7523181 
751 624 12 16 0.7111625 
904 565 8 12 0.64403576 
908 518 9 12 0.55128103 
869 575 10 13 0.5249382 
950 525 9 11 0.46192557 
851 501 13 16 0.45101863 
928 563 10 13 0.3582538 
243 607 41 59 0.3342963 
232 612 31 51 0.33262163 
998 616 11 13 0.32078466 
739 603 11 14 0.3138959 
943 579 11 13 0.29966077 
868 526 10 13 0.28314435 
829 555 10 13 0.26751614 
967 612 10 13 0.26211503 
800 556 9 12 0.2585619 
932 560 10 12 0.2581359 
614 600 17 19 0.24853274 
903 488 10 13 0.24786909 
875 665 13 16 0.23810211 
869 532 11 14 0.21861747 
769 623 10 12 0.21674664 
855 590 10 13 0.21639115 
818 528 8 11 0.21632253 
1005 516 8 11 0.21024585 
920 572 11 14 0.18812947 
912 629 12 15 0.17923573 
344 0 26 32 0.17859846 
897 610 10 13 0.17553052 
799 575 10 13 0.16973901 
617 566 8 9 0.12000024 
831 595 13 16 0.11608411 
402 11 16 20 0.11256412 
837 551 9 13 0.109723374 
662 413 36 49 0.10873861 
791 550 8 11 0.10586795 
884 588 10 14 0.10346334 
917 535 9 12 0.103078 
725 105 16 19 0.10246887 
896 623 10 13 0.09906628 
986 589 10 13 0.0972179 
604 588 29 32 0.0965239 
756 597 12 14 0.08699804 
928 614 8 10 0.086295046 
766 638 11 13 0.086291306 
835 590 11 15 0.083244756 
871 538 12 14 0.08127294 
868 520 11 14 0.0769618 
448 92 31 36 0.07642848 
858 557 11 14 0.0742602 
723 161 15 21 0.07179876 
762 59 16 19 0.070923045 
716 165 16 19 0.0708651 
926 580 10 12 0.067538135 
884 596 11 15 0.066679895 
710 112 15 21 0.06463304 
950 587 10 12 0.06316145 
771 627 10 13 0.062909804 
881 603 9 11 0.06072516 
957 0 24 23 0.06039517 
834 69 101 105 0.05775574 
936 580 10 12 0.05771055 
549 56 63 75 0.056708906 
590 574 8 11 0.05619377 
881 628 9 13 0.053308558 
804 556 10 12 0.052036427 
754 569 10 14 0.050317768 
798 566 10 12 0.050276026 
904 511 10 14 0.04981526 
1002 611 11 15 0.049116354 
862 541 9 13 0.048779305 
693 168 16 19 0.04824915 
737 639 10 12 0.047503244 
820 531 9 12 0.046845 
999 477 12 15 0.046464603 
813 616 13 16 0.046027455 
757 66 15 18 0.045471065 
901 496 12 17 0.045306273 
254 43 15 15 0.045070436 
856 88 65 64 0.044580862 
904 521 11 13 0.041892804 
866 579 10 14 0.04161867 
948 575 10 13 0.04161034 
394 3 27 34 0.040050294 
714 106 19 24 0.03892759 
897 523 9 12 0.0389116 
928 552 9 12 0.03876268 
601 575 9 12 0.038601235 
879 623 9 12 0.038532667 
755 52 26 30 0.03805784 
752 602 12 14 0.037756607 
633 421 57 72 0.037483394 
898 493 11 13 0.036942847 
671 565 8 10 0.036631726 
978 582 11 14 0.036090013 
856 541 10 12 0.0356871 
756 74 13 16 0.03556549 
877 539 10 13 0.03534626 
907 493 9 13 0.035302464 
200 565 11 13 0.03431299 
908 500 10 13 0.033949815 
826 563 13 16 0.033139262 
925 608 9 12 0.03288398 
589 568 9 11 0.032834355 
787 550 7 11 0.032794762 
187 515 13 16 0.032788627 
869 585 11 14 0.032731924 
993 618 12 14 0.032288093 
852 515 11 14 0.032093365 
890 572 9 12 0.031898003 
966 541 9 10 0.031666588 
287 504 15 20 0.03164418 
766 536 7 9 0.031581514 
764 603 11 14 0.03137372 
886 627 9 12 0.03128587 
824 551 11 14 0.03095431 
803 573 11 14 0.03092663 
804 74 15 19 0.030664373 
912 538 9 12 0.03049274 
971 606 11 14 0.029843165 
839 619 9 12 0.02972557 
590 579 11 12 0.029099688 
792 555 10 12 0.028692655 
750 76 14 16 0.028650898 
877 93 13 15 0.028154435 
895 599 10 13 0.028107334 
752 596 21 24 0.028048193 
799 630 8 11 0.027772864 
683 400 39 58 0.027662424 
762 598 11 13 0.027461039 
884 104 25 29 0.027357439 
887 604 9 13 0.027352676 
967 478 8 10 0.027296105 
868 598 11 13 0.02726092 
861 587 11 13 0.026739594 
604 578 13 15 0.026708396 
739 607 14 17 0.026507929 
701 115 21 27 0.026490064 
860 613 11 14 0.026468864 
814 53 25 30 0.026460849 
662 574 8 10 0.026455076 
630 566 8 10 0.026337301 
942 558 9 10 0.026333993 
686 162 15 19 0.026261725 
751 592 11 13 0.026229696 
249 636 37 47 0.026147919 
710 84 12 15 0.025999442 
685 655 10 12 0.025999423 
280 543 24 36 0.025958579 
713 120 16 19 0.02595602 
212 625 60 76 0.025754964 
709 424 14 18 0.025684843 
756 109 15 18 0.025632462 
999 597 10 13 0.025486197 
898 487 10 13 0.02548416 
862 562 10 14 0.025482219 
823 598 10 13 0.02541273 
974 542 9 10 0.025113337 
828 579 10 13 0.024884444 
950 501 9 11 0.024828162 
988 583 10 12 0.024541168 
684 106 16 21 0.024464766 
554 27 108 116 0.024463566 
896 499 11 15 0.024452722 
908 559 10 13 0.024290057 
902 627 11 14 0.024272576 
629 152 16 21 0.024135722 
709 168 18 19 0.024101824 
449 103 44 53 0.023951488 
904 511 17 23 0.02381603 
916 624 10 12 0.023752747 
876 644 10 13 0.023615696 
858 620 9 12 0.023473313 
892 547 12 14 0.023457414 
749 83 15 18 0.02324057 
853 686 9 11 0.023149718 
865 570 18 22 0.023136092 
901 560 18 23 0.02305791 
963 613 8 12 0.022950405 
675 112 21 28 0.022888934 
848 552 12 15 0.022642272 
805 597 10 13 0.022615988 
402 128 41 54 0.022598533 
917 13 16 19 0.02257039 
973 471 8 11 0.02247878 
960 551 10 12 0.022336597 
76 515 97 132 0.022317437 
893 540 13 15 0.022301763 
798 613 10 13 0.02229902 
771 635 12 15 0.02227434 
885 540 12 14 0.022215115 
584 640 8 10 0.022071978 
736 595 18 24 0.022001375 
621 570 10 12 0.02175254 
645 135 16 21 0.021708535 
793 567 9 12 0.021691095 
783 581 8 10 0.021679044 
751 608 21 24 0.02167225 
805 640 11 13 0.021607827 
982 614 9 11 0.021604666 
765 615 12 15 0.021537123 
691 120 15 19 0.021476097 
810 73 14 18 0.021352112 
908 487 9 13 0.021316102 
927 588 9 11 0.02125218 
694 170 26 27 0.021241175 
748 68 23 27 0.021130156 
870 501 9 11 0.0210655 
873 99 25 31 0.021041663 
887 567 10 12 0.020993374 
951 496 8 10 0.020967009 
657 567 7 10 0.020877315 
999 470 11 15 0.020847129 
870 494 10 12 0.020819737 
719 660 10 12 0.020785468 
688 108 21 29 0.020763468 
949 528 11 14 0.020762993 
435 101 26 29 0.020586459 
921 464 98 129 0.02043657 
991 575 9 11 0.02039931 
568 575 9 11 0.02038442 
793 573 9 13 0.020310719 
805 604 10 12 0.020291997 
151 566 8 10 0.020237507 
669 121 16 22 0.020174816 
830 542 11 13 0.02009829 
