18_Concerts_Concerts_18_27
28
400 173 405 539 0.99995804 
262 977 423 439 0.9715285 
92 901 375 437 0.73512757 
509 699 85 129 0.3968457 
445 883 322 494 0.29600447 
275 59 438 461 0.25144354 
85 696 460 421 0.16973028 
430 1117 301 339 0.12204512 
476 13 456 566 0.10743026 
356 272 265 374 0.08206497 
785 28 189 268 0.08046741 
788 1042 242 334 0.073509455 
643 807 451 519 0.053023696 
131 950 210 309 0.052223254 
488 380 392 481 0.050641984 
487 883 32 48 0.04499383 
-130 227 499 483 0.04240025 
5 559 441 445 0.031002404 
487 945 47 70 0.027225573 
522 920 36 37 0.02573722 
139 742 239 251 0.025325121 
522 777 359 460 0.024247501 
527 998 444 455 0.023953527 
673 2 340 454 0.023681952 
408 694 187 259 0.023109317 
879 509 100 129 0.022599773 
202 196 332 465 0.021931527 
520 878 44 57 0.020570556 
