18_Concerts_Concerts_18_528
47
466 124 69 93 0.99558973 
912 359 8 12 0.07436053 
252 479 25 27 0.060899653 
961 374 10 12 0.05889017 
940 328 14 18 0.054373153 
921 373 11 14 0.052321196 
846 390 10 12 0.05094676 
855 334 11 13 0.04771906 
677 587 13 16 0.046447653 
959 368 9 11 0.03496415 
699 612 11 13 0.03470722 
885 401 13 17 0.034120847 
887 382 9 11 0.032783177 
849 354 11 15 0.032265794 
853 362 13 16 0.029836148 
838 413 13 17 0.029765368 
920 366 10 13 0.028776431 
922 378 14 18 0.028548311 
702 566 11 13 0.028314887 
878 362 11 14 0.027841015 
845 340 11 15 0.027774872 
845 348 13 15 0.02690248 
917 358 9 12 0.026535999 
828 381 10 12 0.026363982 
882 382 9 11 0.02636255 
951 375 10 13 0.026213398 
844 394 12 16 0.025754374 
844 402 12 15 0.024766045 
992 366 12 14 0.024226017 
919 397 12 15 0.023772005 
886 410 13 17 0.023754086 
695 608 11 13 0.02331451 
924 366 12 15 0.022679742 
992 391 12 16 0.022498634 
888 376 9 11 0.022230295 
871 341 11 14 0.021758297 
162 74 404 516 0.021320345 
860 339 11 15 0.021205883 
812 347 11 15 0.021145346 
841 390 11 14 0.020735778 
992 350 11 13 0.020589922 
992 324 9 12 0.020521963 
893 375 9 11 0.020453865 
909 372 12 15 0.020353928 
862 414 10 12 0.020170005 
847 336 10 12 0.020122206 
759 75 13 17 0.020028325 
