18_Concerts_Concerts_18_612
19
215 369 365 496 0.9924119 
56 450 399 497 0.70355594 
-9 671 326 492 0.59431964 
368 400 427 487 0.34309503 
573 669 252 224 0.11749138 
93 422 123 128 0.10532326 
-122 543 354 508 0.06696506 
524 605 426 350 0.050979726 
551 339 347 478 0.049469694 
1006 838 19 33 0.045604892 
741 236 89 103 0.03937227 
931 1084 33 38 0.028076895 
362 89 39 45 0.025837032 
137 169 55 52 0.025207609 
801 120 32 40 0.023074135 
875 99 35 40 0.022331282 
802 135 35 45 0.022203103 
399 94 42 66 0.021633321 
488 557 237 298 0.02073393 
