18_Concerts_Concerts_18_670
19
293 178 32 35 0.9877039 
277 248 389 515 0.5845876 
783 115 15 19 0.5175102 
811 314 28 28 0.22102574 
151 176 23 31 0.2151982 
61 201 16 21 0.10245552 
692 133 12 14 0.07660584 
51 208 18 20 0.06151734 
903 316 13 15 0.055035695 
914 495 26 30 0.035695188 
824 316 19 20 0.034640968 
892 298 16 18 0.0293723 
394 415 253 296 0.027816067 
831 108 13 16 0.025179217 
834 313 14 18 0.024467384 
689 141 11 12 0.024404772 
899 309 15 18 0.024341434 
140 183 28 29 0.02175007 
297 173 21 24 0.021047415 
