18_Concerts_Concerts_18_258
60
89 53 28 36 0.9974141 
894 79 40 40 0.9928999 
783 344 63 83 0.5673082 
999 129 20 28 0.22719328 
121 282 85 158 0.22309929 
780 87 10 13 0.15938465 
795 38 19 22 0.13764091 
965 158 26 32 0.10479132 
151 311 85 138 0.07707334 
10 344 43 60 0.07382258 
701 278 57 71 0.05984634 
1010 131 12 20 0.057713013 
458 150 9 12 0.05756987 
600 409 92 115 0.05631926 
569 209 33 34 0.05392272 
39 48 10 12 0.046020545 
734 89 16 21 0.043677982 
824 229 58 82 0.038726076 
728 100 10 14 0.038337726 
382 143 25 35 0.03712388 
694 133 12 15 0.036667854 
799 63 33 40 0.03631597 
993 137 14 19 0.036127422 
787 355 40 50 0.035583615 
764 343 111 140 0.035441637 
30 124 14 18 0.033722434 
1009 85 12 15 0.03321929 
837 207 51 70 0.030707534 
829 195 86 109 0.030521398 
396 135 10 11 0.029047381 
170 76 15 18 0.028583435 
391 134 11 14 0.028131118 
726 91 44 57 0.02722857 
793 40 41 52 0.02641215 
890 67 30 38 0.026237506 
653 101 9 13 0.025499217 
898 136 26 32 0.025443465 
958 157 13 17 0.025374075 
231 229 356 458 0.024776924 
924 207 50 61 0.024706922 
458 222 32 54 0.024196561 
471 215 10 13 0.024076847 
749 319 82 102 0.024050133 
156 143 12 14 0.023118027 
752 413 86 127 0.022644773 
391 167 87 130 0.022634251 
130 141 15 18 0.022618413 
679 121 10 12 0.022495095 
838 391 116 169 0.022446807 
811 44 14 16 0.022337595 
58 258 103 143 0.022293512 
782 111 9 13 0.022255441 
462 154 10 12 0.022019796 
710 316 44 44 0.021701153 
793 99 11 14 0.021618236 
960 106 11 14 0.021559587 
170 83 16 21 0.021070942 
887 76 13 18 0.021002993 
264 370 109 147 0.020804824 
919 197 37 41 0.020310152 
