18_Concerts_Concerts_18_104
18
194 55 429 512 0.8512604 
327 -35 470 535 0.14320038 
559 395 16 18 0.12444956 
545 87 238 317 0.06958882 
666 226 388 481 0.06652987 
935 451 14 19 0.047777597 
152 219 127 148 0.044363968 
215 177 226 266 0.041825894 
571 57 388 431 0.033315368 
984 149 43 76 0.028397841 
600 144 145 185 0.028224917 
290 259 406 462 0.025995431 
43 17 18 21 0.023371868 
823 218 118 135 0.022025105 
573 126 42 49 0.021500291 
278 427 104 122 0.021483127 
53 466 27 35 0.021166895 
10 12 113 131 0.021099318 
