18_Concerts_Concerts_18_855
24
372 94 61 78 0.99302906 
94 158 73 85 0.9926037 
778 154 66 80 0.62918794 
428 118 76 103 0.6266379 
839 207 61 88 0.37545535 
797 168 63 90 0.1914698 
106 610 30 32 0.16570914 
754 142 65 81 0.1332653 
390 102 74 96 0.1278088 
798 160 42 46 0.11634436 
611 204 27 31 0.073256806 
85 527 31 36 0.070258066 
584 240 370 460 0.057171777 
155 627 53 51 0.054812748 
183 18 27 32 0.041917235 
459 94 53 77 0.04158392 
194 618 37 42 0.039701167 
173 616 48 52 0.034693867 
263 343 15 19 0.03225767 
926 215 48 76 0.031111566 
81 127 68 94 0.026897678 
861 237 54 70 0.025952969 
271 566 104 120 0.022842461 
690 216 199 230 0.022106083 
