43_Row_Boat_Canoe_43_942
87
180 476 24 28 0.9924793 
910 460 27 31 0.9778397 
370 452 24 26 0.9586227 
467 437 19 24 0.9555145 
263 382 14 18 0.7154832 
835 383 13 16 0.23486733 
316 346 15 18 0.1926815 
948 475 12 14 0.12405163 
478 469 21 28 0.11465026 
268 369 20 25 0.11442436 
274 364 18 22 0.10116365 
1000 391 10 13 0.10011807 
484 461 16 20 0.093728215 
426 262 8 10 0.09365626 
540 399 10 11 0.0786982 
322 355 15 19 0.06277945 
366 512 24 29 0.06255482 
517 473 16 19 0.053183462 
844 368 14 17 0.052699238 
513 459 17 19 0.049228586 
122 279 8 10 0.047384467 
191 475 18 22 0.04724718 
841 365 11 14 0.045041267 
827 366 11 13 0.04347562 
395 452 11 14 0.04250368 
310 343 15 18 0.040430855 
425 258 8 10 0.037466645 
400 255 7 9 0.036974195 
914 475 19 22 0.035663635 
976 488 9 12 0.033843193 
549 387 14 17 0.032892693 
813 375 9 11 0.032665282 
373 515 33 36 0.032470807 
797 359 9 11 0.031699065 
266 378 24 29 0.030547915 
950 481 12 14 0.030473864 
191 342 9 12 0.030160695 
793 360 9 11 0.030108461 
193 485 16 22 0.030016743 
325 350 24 27 0.03000647 
943 468 19 23 0.028937787 
369 262 9 10 0.028811593 
408 152 8 11 0.028061593 
292 452 15 19 0.027516564 
405 507 14 21 0.027475383 
452 487 17 19 0.02709364 
263 356 38 44 0.026440246 
772 365 10 13 0.026431436 
77 279 7 10 0.025325462 
96 364 24 29 0.025209641 
386 452 13 18 0.024929602 
543 373 9 11 0.02485286 
510 455 13 16 0.024665883 
216 343 9 11 0.024497012 
409 507 19 29 0.024239946 
465 255 8 11 0.024191225 
80 272 7 10 0.024013491 
168 334 9 12 0.023798367 
528 320 10 12 0.023728488 
551 375 10 11 0.023492796 
334 373 10 12 0.023401696 
544 389 10 14 0.023221495 
190 490 25 29 0.023093682 
923 459 24 31 0.022959158 
288 336 10 12 0.022806136 
819 382 12 13 0.022569172 
638 379 11 12 0.022482399 
400 273 8 11 0.022367718 
556 450 12 14 0.022182874 
349 477 23 27 0.021886613 
278 368 28 32 0.02186347 
623 -26 411 493 0.021738734 
165 244 8 11 0.021609154 
379 466 26 29 0.02157363 
91 285 11 12 0.02120507 
550 382 12 13 0.021182194 
362 447 40 46 0.021066366 
844 377 14 17 0.021011656 
552 447 12 13 0.020928724 
218 441 23 26 0.020925984 
783 366 12 13 0.02065004 
933 465 13 18 0.020566646 
162 351 13 15 0.02055038 
557 381 10 11 0.020380527 
403 521 16 22 0.020347504 
288 369 17 19 0.020296121 
823 371 11 13 0.020258153 
