43_Row_Boat_Rowboat_43_301
21
720 258 28 36 0.9833135 
289 278 34 43 0.63069415 
505 259 24 31 0.22995181 
516 294 31 32 0.11195358 
414 147 23 27 0.055098817 
522 304 18 20 0.04762973 
513 261 15 19 0.040141378 
302 268 27 37 0.036480866 
313 276 16 20 0.032120164 
710 302 21 26 0.029738007 
464 320 8 10 0.027224274 
503 257 42 52 0.026797071 
525 294 15 18 0.02523689 
540 280 14 19 0.023050787 
527 275 26 32 0.02149086 
540 289 13 17 0.021090264 
2 2 17 18 0.02096625 
524 250 12 15 0.020852836 
67 43 15 18 0.020841308 
384 179 29 36 0.020823738 
517 252 13 15 0.020633647 
