43_Row_Boat_Canoe_43_726
19
191 344 19 22 0.9391596 
485 326 27 42 0.8441277 
279 302 32 35 0.6848668 
497 324 27 41 0.07235617 
173 383 26 33 0.064214915 
122 243 32 38 0.051586386 
273 287 34 39 0.051494163 
294 304 21 25 0.032801677 
272 272 24 31 0.032107502 
495 396 49 60 0.031456746 
183 386 30 36 0.028721567 
805 563 39 42 0.027877524 
177 427 13 17 0.027005518 
514 327 29 34 0.02655796 
534 447 95 113 0.026499204 
506 335 16 23 0.02527135 
526 321 26 35 0.022661345 
251 294 13 18 0.021409301 
203 431 22 28 0.02000028 
