43_Row_Boat_Rowboat_43_907
26
407 146 22 29 0.9861958 
497 147 23 27 0.9548906 
800 156 23 28 0.9536976 
195 161 20 22 0.8779586 
814 184 25 33 0.4056852 
459 37 139 155 0.2833891 
366 137 35 42 0.21592747 
663 63 423 469 0.07546634 
366 119 37 42 0.07044582 
454 100 30 36 0.06721143 
512 115 31 34 0.065677635 
938 197 12 15 0.06507997 
493 180 13 16 0.060841806 
385 136 40 46 0.044087905 
811 152 24 30 0.03807896 
110 -10 57 63 0.033741575 
608 85 36 53 0.03206807 
627 80 49 62 0.030441172 
208 305 12 15 0.029354498 
797 164 39 49 0.025787978 
503 131 30 35 0.025317742 
690 99 55 73 0.023916498 
800 186 28 36 0.023787962 
825 186 27 36 0.023327613 
73 19 418 477 0.022814577 
7 320 12 17 0.02217245 
