43_Row_Boat_Rowboat_43_563
19
615 106 49 56 0.9675413 
202 396 60 77 0.1222985 
0 439 8 11 0.09197082 
85 398 9 11 0.034386504 
109 390 9 12 0.03428141 
152 416 8 11 0.03352058 
9 430 7 10 0.031460863 
46 388 9 11 0.030382777 
6 399 8 12 0.028343389 
974 546 35 40 0.027496303 
82 399 8 10 0.027464995 
40 383 10 12 0.02712709 
87 376 8 11 0.026665548 
211 386 94 102 0.02250051 
13 387 10 12 0.022078412 
58 398 9 11 0.020888787 
14 380 11 15 0.020584019 
899 569 23 32 0.020446997 
32 382 9 11 0.020160306 
