43_Row_Boat_Canoe_43_784
69
401 425 19 24 0.97959125 
208 469 24 27 0.9718488 
222 431 25 29 0.94538105 
351 458 26 31 0.9317883 
658 443 19 22 0.5522775 
140 495 16 18 0.27362853 
434 474 13 17 0.24228585 
248 500 18 21 0.19453445 
593 127 456 552 0.11212276 
653 470 11 14 0.11198627 
19 565 38 39 0.10305386 
337 360 19 22 0.091537066 
666 434 18 22 0.080343835 
390 473 13 18 0.07819307 
216 475 22 29 0.0696472 
405 461 16 18 0.06798236 
-4 560 34 43 0.06139966 
389 459 11 15 0.053050563 
186 461 14 17 0.052032884 
429 480 17 20 0.050243955 
600 417 11 14 0.04702936 
318 281 10 11 0.04681735 
183 466 14 19 0.046426527 
637 469 13 15 0.045666866 
238 504 24 29 0.045340963 
353 288 14 19 0.04529662 
646 471 12 15 0.042968594 
146 503 16 20 0.04040118 
180 508 15 20 0.039685115 
404 447 15 18 0.039500646 
152 517 29 42 0.035784565 
186 472 16 21 0.033699717 
370 464 16 22 0.03175561 
673 430 17 20 0.030942693 
31 528 39 48 0.029014874 
381 459 13 17 0.028916279 
152 503 24 31 0.028908832 
158 493 13 18 0.028812986 
674 447 15 21 0.028025193 
620 421 13 16 0.027844086 
167 506 27 33 0.027652698 
381 473 14 20 0.026821185 
7 549 36 43 0.02600029 
312 285 10 11 0.0254815 
459 159 28 32 0.025378004 
427 489 15 18 0.024924187 
420 421 12 16 0.024200719 
258 493 12 17 0.024102446 
67 272 16 20 0.024093548 
677 457 13 17 0.023935707 
427 500 13 18 0.023655185 
157 484 12 15 0.023520906 
1 533 10 15 0.023325935 
543 349 228 249 0.023167133 
633 468 12 13 0.022744631 
355 362 17 20 0.022075947 
409 450 15 18 0.022035964 
421 483 17 19 0.022029718 
149 485 12 15 0.021795895 
149 512 14 19 0.021772986 
639 485 10 12 0.021735478 
663 477 11 12 0.02172627 
668 470 11 12 0.02125928 
30 552 34 40 0.021231487 
1 575 22 39 0.020864695 
433 426 13 18 0.020724364 
-90 288 449 486 0.020211885 
357 470 26 30 0.020085383 
0 538 11 20 0.020027371 
