43_Row_Boat_Canoe_43_81
59
280 121 36 45 0.98531973 
-16 247 566 453 0.8200396 
445 145 16 21 0.17179973 
383 207 458 533 0.12854691 
407 159 25 29 0.08524519 
692 220 16 20 0.071836196 
627 196 12 15 0.07133746 
618 191 23 28 0.059433457 
461 140 13 18 0.05844169 
692 213 13 15 0.05071556 
677 207 11 14 0.04905039 
707 221 13 15 0.047074165 
549 205 12 15 0.038630772 
728 200 8 10 0.03752236 
588 226 13 18 0.037264686 
-20 2 362 428 0.036893524 
395 142 41 46 0.03518805 
450 141 21 26 0.034466498 
550 199 11 13 0.03307757 
439 145 15 20 0.032652795 
656 189 10 12 0.032157883 
661 228 16 19 0.029630275 
646 198 10 12 0.029472096 
390 149 25 34 0.02885622 
583 188 13 19 0.02874331 
527 155 12 14 0.02847076 
662 197 10 12 0.028118214 
535 175 8 10 0.027708571 
700 223 15 19 0.027541637 
622 202 14 17 0.027525477 
410 154 18 21 0.027432933 
656 198 10 12 0.026174426 
662 190 10 12 0.025922403 
559 180 9 12 0.02585028 
673 205 11 13 0.025595445 
532 213 12 15 0.025507076 
868 270 27 30 0.024933176 
693 208 11 13 0.024765024 
560 176 9 11 0.023842368 
675 229 14 16 0.023776885 
581 187 22 33 0.023665773 
518 184 10 13 0.023665158 
630 181 11 14 0.023436418 
687 223 14 18 0.022925071 
467 140 12 16 0.022797398 
535 167 8 9 0.022763178 
475 186 15 17 0.02242493 
610 199 28 31 0.022188567 
622 210 12 14 0.022096531 
580 217 23 32 0.021909766 
564 181 11 12 0.021772925 
229 98 401 502 0.021453021 
407 146 14 19 0.021264724 
628 211 11 14 0.02097614 
669 197 10 13 0.020906445 
669 191 9 10 0.020671045 
567 175 9 11 0.020396048 
670 173 10 11 0.020155253 
570 194 42 53 0.020127347 
