43_Row_Boat_Canoe_43_325
139
991 363 14 20 0.95747596 
187 384 16 20 0.9350582 
692 395 18 23 0.93458325 
798 417 14 20 0.8632897 
918 420 15 21 0.7726727 
322 403 13 19 0.77131647 
421 352 10 12 0.47462642 
226 349 10 13 0.44088364 
546 360 8 10 0.41996497 
468 349 9 11 0.3766532 
314 358 10 12 0.37613165 
687 360 9 12 0.26596653 
386 375 16 23 0.23450431 
600 403 12 14 0.21301977 
575 408 11 13 0.19887711 
146 380 14 21 0.15770675 
788 369 9 11 0.14662145 
675 370 14 17 0.14431693 
658 352 8 11 0.14148761 
925 416 12 16 0.13207887 
494 379 14 19 0.12704568 
809 419 12 15 0.121950954 
376 327 10 13 0.11345715 
595 352 8 11 0.10808552 
207 383 10 14 0.10787911 
798 407 13 17 0.10590435 
580 396 10 12 0.104799464 
803 405 15 17 0.0956881 
438 406 8 10 0.09289812 
576 499 16 19 0.09197589 
203 411 17 20 0.09181949 
331 390 12 15 0.09001592 
176 298 198 249 0.08079788 
600 409 14 17 0.080067284 
157 330 11 14 0.077432245 
671 366 11 15 0.07608359 
612 391 11 14 0.06797716 
678 377 12 16 0.06455756 
577 390 9 13 0.061590333 
593 356 9 11 0.05754004 
929 420 12 16 0.0564985 
129 359 9 11 0.05385742 
384 384 12 18 0.0536848 
465 354 10 13 0.05297365 
343 404 10 13 0.05295088 
698 425 15 20 0.052890673 
447 389 10 14 0.05132746 
806 399 12 15 0.05097375 
684 379 12 15 0.050844386 
200 417 13 18 0.05024448 
604 399 10 13 0.046616353 
133 365 12 17 0.046596076 
566 397 9 13 0.046103172 
438 373 10 14 0.044203002 
183 374 11 17 0.043296013 
914 419 13 17 0.04278626 
660 355 10 13 0.041990787 
187 376 15 18 0.041598696 
313 353 9 12 0.040980563 
456 409 10 12 0.04040201 
500 374 13 19 0.039283883 
327 402 15 18 0.03910551 
401 402 17 19 0.03807856 
429 367 9 12 0.038027525 
264 385 23 28 0.03785945 
276 388 13 15 0.037825964 
558 426 15 18 0.037253413 
837 446 10 13 0.036346357 
423 345 11 13 0.0361642 
612 402 14 17 0.035175197 
912 415 10 12 0.0350824 
364 461 16 22 0.033666722 
809 431 23 26 0.03294115 
164 332 11 13 0.031945124 
501 367 10 12 0.031857055 
619 492 23 28 0.031505622 
599 417 14 16 0.03139697 
891 451 16 19 0.03067431 
424 363 10 13 0.030674176 
440 381 11 16 0.030167565 
569 405 9 12 0.029455371 
620 403 12 14 0.029317454 
529 464 27 34 0.029004423 
811 403 12 15 0.02899863 
302 496 33 34 0.02879696 
605 390 23 26 0.028173523 
195 383 20 24 0.028103707 
672 379 11 15 0.028070144 
1000 349 11 14 0.028060317 
704 395 14 18 0.027874218 
768 437 10 12 0.027774291 
566 390 10 14 0.027635928 
412 400 15 18 0.027406635 
606 380 9 13 0.027384458 
683 368 14 19 0.026730437 
139 371 15 20 0.026623607 
248 388 10 15 0.026312334 
246 374 13 18 0.02611678 
438 399 10 13 0.025711168 
905 383 8 10 0.02561013 
665 363 10 14 0.025582632 
432 371 10 14 0.025230896 
693 228 15 19 0.025063146 
1001 453 16 20 0.0248771 
407 389 11 14 0.024781473 
309 409 14 17 0.024250053 
222 337 19 25 0.023762014 
446 407 9 12 0.023567507 
445 383 11 15 0.023420788 
127 382 13 16 0.02336893 
175 374 12 15 0.023289489 
772 381 10 13 0.02324551 
691 359 10 12 0.023135254 
161 466 28 35 0.023127751 
308 393 23 28 0.023080667 
323 387 21 26 0.022512063 
221 324 23 27 0.02247318 
671 386 11 14 0.022470206 
426 356 12 13 0.022194989 
655 489 15 20 0.022045456 
592 362 9 11 0.022034679 
694 380 12 16 0.022021716 
562 418 27 29 0.021995682 
560 406 9 11 0.021734152 
554 178 150 108 0.021589488 
253 375 14 19 0.021580962 
118 462 32 37 0.021573372 
165 338 12 14 0.021537505 
604 374 11 15 0.021522954 
691 372 12 16 0.021023445 
599 399 19 23 0.02095096 
489 378 13 17 0.020754464 
679 373 21 26 0.02072437 
565 494 24 27 0.020625165 
131 374 21 27 0.020353764 
412 389 11 16 0.020273078 
405 395 13 17 0.020112796 
668 358 12 14 0.020090282 
106 128 118 133 0.02002026 
