43_Row_Boat_Rowboat_43_839
58
532 260 76 99 0.9955961 
52 925 232 315 0.8996029 
354 244 14 18 0.8129245 
865 359 8 9 0.21636067 
384 340 9 12 0.13436233 
969 338 7 10 0.09015957 
800 367 7 9 0.07318238 
968 381 8 10 0.06441212 
523 554 388 409 0.05672671 
852 385 10 15 0.053578343 
953 304 8 9 0.048042074 
605 623 456 466 0.0478202 
61 606 427 459 0.043533016 
697 352 10 12 0.041910395 
974 342 7 9 0.041010346 
697 357 11 16 0.0406409 
973 381 8 10 0.03971333 
822 359 10 14 0.037210055 
829 365 13 16 0.035890613 
843 413 12 15 0.035491016 
1001 279 7 10 0.035396125 
817 360 21 27 0.03495067 
649 391 30 40 0.033293243 
1009 310 10 14 0.03308783 
886 346 10 12 0.032910094 
697 373 11 15 0.03265266 
951 375 9 11 0.031410474 
960 336 9 11 0.030910758 
334 299 9 13 0.030825198 
794 404 12 13 0.029219627 
958 305 8 10 0.02920894 
864 362 9 12 0.027353598 
575 330 18 20 0.026660068 
92 368 394 489 0.0265821 
666 613 18 21 0.026119243 
946 365 8 10 0.025363237 
835 370 13 15 0.025093718 
960 320 8 10 0.024820542 
935 383 8 11 0.024649922 
1001 373 9 13 0.024289338 
843 247 185 252 0.024050437 
361 248 13 17 0.023969736 
-3 793 364 530 0.023870105 
974 337 8 10 0.023740144 
400 312 8 10 0.02335213 
824 367 24 30 0.02333324 
784 375 9 10 0.023042912 
951 368 8 10 0.022791894 
81 336 116 146 0.022614187 
1002 379 9 13 0.022472432 
356 445 17 18 0.02212402 
400 317 8 10 0.022070095 
384 346 9 11 0.021308042 
992 343 8 9 0.020901684 
828 378 25 30 0.020729026 
688 615 229 278 0.020611484 
869 364 9 11 0.020249052 
820 380 15 19 0.020024685 
