43_Row_Boat_Canoe_43_341
18
404 620 45 62 0.961875 
401 456 26 33 0.80941445 
440 627 41 52 0.084150285 
672 948 18 21 0.07886583 
595 601 96 113 0.068934046 
317 552 22 30 0.06804668 
233 350 23 28 0.050776828 
924 928 100 207 0.03719661 
414 465 27 29 0.030964887 
229 1075 10 14 0.030705815 
28 388 13 15 0.029131372 
320 548 14 19 0.026909843 
398 608 34 57 0.024769552 
385 451 38 48 0.023988413 
631 290 467 531 0.021388816 
887 444 12 16 0.02132427 
363 474 14 19 0.020558579 
332 1147 15 20 0.020098254 
