43_Row_Boat_Canoe_43_438
34
423 349 21 30 0.9893862 
758 349 22 27 0.5204967 
723 397 36 36 0.21681523 
938 103 10 12 0.11288737 
380 183 9 12 0.105517484 
392 262 10 13 0.091266744 
594 166 9 11 0.0742548 
747 348 18 24 0.073118165 
991 112 9 11 0.058598336 
456 200 9 11 0.056002904 
1014 165 9 15 0.04749218 
906 173 11 14 0.040960927 
795 45 36 41 0.03491717 
382 252 8 11 0.034215927 
936 174 10 12 0.03339431 
455 401 14 16 0.0292316 
933 118 10 12 0.02851943 
391 191 12 15 0.028513348 
471 287 10 11 0.028419122 
375 208 8 11 0.027987173 
991 82 13 16 0.027488202 
431 200 9 11 0.023722192 
594 161 8 10 0.023311926 
415 297 9 10 0.02327343 
942 97 8 10 0.022611259 
613 198 9 11 0.02227297 
940 205 10 11 0.022155225 
449 207 8 10 0.021658536 
441 215 10 12 0.021292198 
1000 110 9 12 0.021168197 
768 354 18 23 0.021017434 
372 303 11 13 0.021001007 
413 216 8 10 0.020698186 
392 257 9 11 0.020367324 
