29_Students_Schoolkids_Students_Schoolkids_29_585
24
109 165 45 55 0.997538 
465 48 72 88 0.9972542 
1012 143 13 20 0.051800556 
137 156 24 34 0.044073183 
388 341 13 17 0.041457802 
280 216 8 10 0.040094543 
888 31 9 10 0.037220035 
305 238 11 12 0.03610904 
1001 137 21 32 0.03549633 
1001 191 11 15 0.030197762 
280 220 9 11 0.029828751 
994 144 15 18 0.029296929 
859 58 14 18 0.028203456 
342 296 15 18 0.02661861 
1 463 8 13 0.02573604 
363 313 17 22 0.024703847 
965 156 13 16 0.024595728 
857 82 10 12 0.02404181 
858 12 14 15 0.023852121 
1005 193 14 19 0.023510952 
272 221 10 12 0.022612518 
445 270 29 48 0.022075959 
1008 228 12 15 0.020833272 
860 20 12 13 0.020538121 
