29_Students_Schoolkids_Students_Schoolkids_29_251
47
637 168 60 76 0.99921894 
485 470 57 75 0.998609 
315 328 57 68 0.99856573 
263 461 69 92 0.99855 
51 311 58 72 0.9984517 
382 476 65 77 0.9983999 
217 261 66 76 0.9981592 
732 295 71 91 0.998005 
111 195 61 75 0.9979406 
500 218 67 86 0.9978892 
657 269 62 79 0.997615 
906 212 64 72 0.99735296 
49 558 75 85 0.9971199 
406 112 51 62 0.99592775 
376 278 52 56 0.99521756 
745 493 75 94 0.9933281 
544 353 75 69 0.98988885 
897 96 50 61 0.98813677 
216 195 44 52 0.9759982 
383 208 47 50 0.6495868 
509 138 39 51 0.6308295 
825 261 19 21 0.22469738 
537 144 36 46 0.21586172 
370 220 56 65 0.13817738 
631 569 47 76 0.12443953 
563 244 41 57 0.074938804 
857 305 46 61 0.06715824 
993 242 30 55 0.061314218 
778 115 13 20 0.05792909 
842 258 15 18 0.053017493 
632 290 47 68 0.03846242 
97 591 87 102 0.03785245 
818 263 30 32 0.035456996 
243 575 17 18 0.033649337 
403 202 37 48 0.03194501 
779 156 15 18 0.030292314 
845 126 14 15 0.030124959 
834 250 24 29 0.028017743 
537 238 53 68 0.026822206 
487 435 47 52 0.02616824 
858 168 18 23 0.023561532 
438 277 43 57 0.021899808 
824 159 10 15 0.021816717 
837 233 25 29 0.021703634 
861 84 12 14 0.021569628 
819 276 32 39 0.020585697 
527 155 52 60 0.02019496 
