29_Students_Schoolkids_Students_Schoolkids_29_477
40
730 83 34 43 0.9980526 
432 102 53 64 0.9973272 
873 296 66 89 0.99650866 
872 209 44 57 0.9782618 
841 143 43 56 0.9699847 
832 104 35 44 0.9337023 
499 111 49 58 0.71238595 
969 400 56 95 0.31316078 
833 89 25 33 0.22061329 
82 416 145 134 0.13661568 
827 62 30 33 0.08068385 
839 116 48 60 0.060111508 
826 75 29 37 0.05914341 
789 130 15 19 0.049407944 
981 369 45 82 0.044421393 
884 79 25 34 0.038340528 
716 83 12 18 0.032601368 
476 106 33 42 0.031903103 
105 141 8 9 0.02876261 
797 6 9 11 0.028548924 
889 324 57 95 0.027964054 
941 385 99 138 0.027773915 
834 1 14 12 0.027174477 
348 206 15 18 0.026059609 
420 115 14 19 0.025358457 
488 93 77 95 0.025065167 
568 109 10 12 0.024732595 
34 157 8 10 0.024418801 
864 176 46 65 0.02396062 
482 119 40 45 0.023675714 
901 30 14 18 0.02326556 
897 43 24 29 0.022286415 
885 0 15 12 0.021837365 
875 315 36 55 0.021798227 
816 234 43 58 0.021735338 
866 22 12 15 0.021685418 
311 137 45 59 0.0211927 
215 135 10 12 0.020395374 
891 30 21 30 0.020332249 
151 133 9 11 0.020298492 
