29_Students_Schoolkids_Students_Schoolkids_29_316
46
634 183 110 142 0.999926 
165 152 103 124 0.9997384 
98 5 55 58 0.9989215 
258 16 67 79 0.9988752 
328 20 54 67 0.9988367 
939 1 69 75 0.99824107 
551 109 85 104 0.9977639 
291 124 74 95 0.99725926 
500 2 75 57 0.9960096 
157 21 48 58 0.99510443 
25 132 78 89 0.9948184 
828 10 80 92 0.99465066 
407 0 45 50 0.99366355 
710 0 56 48 0.99356836 
885 100 82 97 0.9931114 
656 3 30 33 0.98992586 
63 -1 35 36 0.98828435 
765 2 49 53 0.98813546 
-5 55 62 87 0.9853892 
560 8 50 50 0.92823654 
206 22 44 58 0.9144302 
483 16 37 47 0.23830602 
488 10 58 63 0.12088711 
291 11 66 79 0.100916386 
495 1 50 40 0.085862756 
722 131 42 60 0.06059474 
519 22 63 65 0.059371717 
608 0 28 36 0.058273457 
15 98 73 97 0.056635097 
853 341 134 163 0.044275757 
388 13 25 36 0.041506507 
5 -5 52 49 0.036919545 
134 20 51 59 0.03609179 
943 32 54 70 0.035786264 
532 0 44 42 0.031467747 
593 3 29 42 0.031320695 
428 651 36 32 0.029723354 
679 0 27 33 0.029580891 
519 44 37 43 0.029366542 
528 219 80 113 0.027803073 
379 21 28 44 0.02773335 
691 1 28 32 0.02372024 
866 138 28 42 0.021099282 
989 3 33 45 0.020644883 
68 4 44 50 0.020563032 
874 217 61 72 0.020183107 
