29_Students_Schoolkids_Students_Schoolkids_29_489
39
444 233 115 138 0.99993956 
819 56 58 73 0.999158 
516 6 47 62 0.9972318 
623 136 82 107 0.9962198 
585 0 29 41 0.9639093 
105 21 51 60 0.9577597 
285 14 36 51 0.93427825 
17 182 54 90 0.9179646 
402 61 35 51 0.8808005 
314 9 28 43 0.8172789 
4 169 41 81 0.7003972 
959 41 32 47 0.4191653 
881 0 42 29 0.2459112 
-3 171 28 67 0.08998381 
738 123 42 63 0.06804165 
764 91 12 15 0.061256476 
153 24 190 235 0.052391354 
385 53 40 58 0.046370763 
953 59 47 62 0.044572208 
1 66 26 43 0.042006675 
745 117 10 14 0.041183267 
59 186 61 88 0.040524274 
206 148 62 78 0.03694926 
374 61 27 39 0.035841286 
30 59 24 35 0.029294774 
186 114 101 128 0.028941534 
914 25 43 51 0.028816069 
758 98 15 20 0.027693655 
75 106 46 59 0.024667753 
273 10 33 46 0.024012715 
922 87 48 68 0.023480792 
425 52 40 59 0.022920884 
59 186 104 131 0.022755345 
110 128 64 87 0.022107638 
965 100 54 78 0.022055225 
936 50 80 104 0.021357818 
257 10 26 36 0.020842308 
158 259 55 80 0.020401053 
6 159 28 50 0.020056698 
