29_Students_Schoolkids_Students_Schoolkids_29_380
21
402 187 139 173 0.9997869 
743 170 38 47 0.2843408 
686 81 32 39 0.08939015 
152 47 122 170 0.077052064 
681 150 17 19 0.05420099 
710 121 29 36 0.050911676 
737 -2 28 22 0.04187645 
762 107 41 51 0.033631586 
588 445 38 38 0.031391263 
646 108 27 34 0.031002378 
751 247 35 40 0.030060088 
362 52 42 56 0.030029353 
908 59 17 22 0.028438274 
682 0 16 13 0.023734055 
389 46 11 13 0.021871319 
729 81 32 40 0.02160094 
368 38 10 13 0.021347275 
721 98 40 47 0.02134657 
497 450 102 134 0.021221431 
534 5 374 444 0.020751959 
596 459 41 38 0.020352915 
