29_Students_Schoolkids_Students_Schoolkids_29_311
102
234 378 17 22 0.9765711 
298 378 14 18 0.9650639 
446 394 15 19 0.9312948 
120 369 11 14 0.8824337 
48 374 13 16 0.8558632 
203 389 13 17 0.75485224 
0 364 8 13 0.45998254 
204 383 13 15 0.37024432 
417 435 21 26 0.362911 
261 423 17 19 0.35513008 
446 370 13 17 0.29415518 
686 416 25 31 0.16695894 
99 358 12 15 0.12085486 
176 416 10 12 0.10433251 
17 431 9 11 0.09734229 
833 387 14 18 0.09081349 
830 426 11 13 0.08347863 
73 389 9 11 0.07991735 
179 419 12 15 0.075300746 
141 403 9 13 0.06705763 
504 246 476 552 0.057594396 
19 435 11 14 0.057146266 
33 374 9 12 0.051589094 
680 417 39 51 0.05118623 
16 423 8 11 0.04914142 
135 355 10 13 0.046733875 
9 374 9 12 0.046730187 
33 379 10 13 0.04438184 
93 389 9 11 0.04263959 
95 406 8 11 0.04249221 
725 453 10 14 0.041429956 
826 390 23 28 0.03919367 
94 382 10 12 0.03910077 
162 375 9 10 0.038809896 
722 433 14 20 0.038492773 
413 448 14 20 0.03768997 
425 150 10 11 0.037574828 
761 72 7 9 0.037296247 
688 441 27 35 0.03699482 
427 439 20 26 0.03683675 
31 368 8 10 0.036449432 
1014 117 7 11 0.036337722 
730 70 9 11 0.036293432 
23 415 10 14 0.035471786 
236 409 12 14 0.035189617 
734 434 13 20 0.033615712 
767 72 9 10 0.03334638 
162 367 9 11 0.03305245 
739 442 13 17 0.032745056 
161 379 9 11 0.032672785 
367 118 10 12 0.03165219 
43 492 11 15 0.03156965 
692 460 17 23 0.030932225 
142 355 10 12 0.030499896 
94 399 8 10 0.030467335 
15 411 10 15 0.030384656 
442 436 20 30 0.029798241 
86 352 10 12 0.029682416 
15 405 9 13 0.028899183 
77 384 8 11 0.028791694 
173 396 9 11 0.02876563 
100 374 12 13 0.028340168 
230 400 15 19 0.027613098 
506 127 8 11 0.026130173 
471 436 9 14 0.02611706 
0 381 7 13 0.026019016 
444 372 20 26 0.025778698 
305 380 13 15 0.025333831 
126 351 9 11 0.025200294 
260 413 18 20 0.02506828 
20 443 11 13 0.024904275 
70 358 9 11 0.024746623 
698 422 29 32 0.02454163 
765 461 13 15 0.02434014 
671 445 9 14 0.02417389 
196 402 13 17 0.02388537 
733 412 10 14 0.023770045 
436 447 15 19 0.023409162 
505 134 8 10 0.02316831 
697 418 17 21 0.022626925 
182 427 13 16 0.0225872 
530 91 10 13 0.022567337 
166 415 10 12 0.022555074 
94 354 20 23 0.0223303 
255 396 12 16 0.022226635 
400 490 13 19 0.021801582 
286 415 12 16 0.021675931 
705 15 8 10 0.021408107 
309 414 11 12 0.021376882 
0 432 7 11 0.02130552 
210 380 11 15 0.021254702 
453 434 22 32 0.021241045 
118 351 10 12 0.021040352 
304 37 8 10 0.02084967 
535 92 10 13 0.020820487 
407 456 14 18 0.020818628 
5 366 10 12 0.020815475 
411 489 18 22 0.020607078 
746 93 9 12 0.020587927 
312 5 9 10 0.020255087 
188 407 14 16 0.020161388 
47 369 11 15 0.020108512 
