29_Students_Schoolkids_Students_Schoolkids_29_374
35
691 128 28 37 0.9975199 
392 116 21 28 0.9862309 
410 270 58 56 0.9511442 
465 488 51 61 0.2413809 
677 188 16 18 0.23166986 
472 88 14 20 0.12991266 
428 463 45 47 0.11420149 
486 480 50 77 0.1124345 
439 479 49 49 0.10218704 
382 277 58 64 0.08912303 
673 162 14 17 0.07040574 
810 88 8 11 0.04677861 
320 486 62 63 0.03935097 
701 116 25 29 0.03648699 
728 79 9 11 0.033988904 
712 123 16 21 0.033090394 
443 502 43 45 0.032603458 
685 229 13 17 0.03162433 
489 469 28 48 0.029332338 
328 498 36 40 0.028855162 
381 259 15 20 0.02872647 
725 100 24 34 0.026926335 
9 0 19 23 0.024696508 
586 531 42 47 0.023547938 
231 461 53 83 0.02331972 
732 77 10 12 0.023101829 
422 465 27 41 0.022538766 
367 203 12 17 0.0221175 
345 508 69 72 0.022038838 
436 262 37 51 0.022029197 
484 91 11 16 0.02158661 
435 180 17 20 0.021413267 
99 235 382 438 0.021309894 
707 109 16 20 0.021181945 
468 476 37 46 0.020094315 
