29_Students_Schoolkids_Students_Schoolkids_29_432
140
587 2 72 61 0.98370326 
713 27 127 159 0.35763013 
151 472 12 17 0.28011483 
265 611 62 75 0.2627902 
894 167 62 86 0.19843915 
204 483 15 19 0.17680918 
867 -4 118 137 0.16434301 
147 488 12 17 0.15412307 
181 403 11 15 0.15188962 
61 518 13 15 0.13146587 
199 363 11 15 0.12303348 
102 502 14 17 0.116826184 
272 431 24 28 0.1162769 
125 572 24 33 0.11557735 
170 489 15 17 0.10991856 
132 470 11 14 0.10425117 
787 18 28 37 0.096381046 
199 470 11 14 0.09514064 
245 384 22 28 0.0893626 
10 501 16 21 0.08286921 
133 413 12 16 0.08223224 
319 367 26 30 0.069506206 
206 398 12 17 0.06905747 
211 398 13 15 0.06845647 
805 40 156 190 0.0625792 
302 416 15 22 0.062274355 
219 429 14 15 0.061964937 
51 426 15 20 0.060995117 
501 11 56 74 0.058623556 
60 546 19 23 0.053696115 
24 380 13 16 0.05324944 
372 302 12 15 0.053245336 
27 443 15 19 0.05273012 
113 436 11 14 0.0522925 
152 483 15 18 0.05175885 
231 382 10 13 0.05094211 
248 602 105 114 0.050038226 
447 121 59 63 0.04992764 
144 470 11 15 0.049665082 
381 286 9 11 0.049532995 
416 311 11 13 0.04938769 
76 489 15 20 0.048688035 
151 343 12 15 0.048563465 
180 427 10 13 0.047864135 
262 425 39 47 0.047094584 
95 478 11 14 0.04624599 
178 484 13 17 0.045850128 
366 302 12 14 0.04558246 
100 477 10 13 0.044580374 
1 379 11 17 0.044272255 
115 428 12 15 0.043880682 
126 472 14 17 0.04235809 
175 422 12 16 0.04148164 
18 505 16 22 0.04126812 
276 366 25 28 0.040431917 
126 495 10 12 0.040188443 
55 517 13 17 0.039714422 
220 388 11 13 0.03946261 
137 418 14 17 0.037873454 
134 481 12 16 0.03773275 
120 470 11 14 0.037304703 
132 462 10 12 0.036135834 
167 496 13 15 0.03590089 
1 248 466 448 0.034993075 
220 413 12 13 0.034233775 
207 392 10 13 0.033108972 
121 586 12 17 0.032421086 
231 413 10 12 0.032155987 
93 545 14 16 0.031676866 
48 420 12 16 0.03119598 
437 341 54 86 0.031020861 
206 410 14 17 0.03092376 
145 460 10 15 0.030354353 
25 373 28 30 0.030115103 
144 456 9 12 0.029980985 
149 463 12 15 0.029265936 
73 707 28 33 0.029170176 
293 318 10 11 0.028569592 
245 381 16 19 0.028380966 
693 52 167 238 0.027892286 
142 464 18 25 0.027439885 
73 553 16 19 0.027421014 
218 394 12 15 0.027202506 
118 486 12 13 0.027177023 
298 400 24 36 0.027165428 
176 332 9 12 0.027081702 
215 340 10 12 0.026605232 
77 566 13 17 0.026360137 
68 494 17 21 0.026115943 
344 299 100 118 0.025933089 
291 416 24 31 0.025869036 
221 382 13 15 0.025769211 
218 419 14 15 0.025635323 
58 428 16 21 0.025535066 
199 431 9 11 0.025479741 
50 624 16 21 0.025381215 
155 326 10 12 0.025344579 
208 402 21 26 0.025277995 
197 399 16 22 0.025180785 
83 460 15 16 0.025176806 
338 419 16 21 0.025163291 
35 462 23 28 0.02510308 
196 333 10 12 0.02493516 
477 -73 447 450 0.024821613 
203 358 12 16 0.024337362 
200 463 11 14 0.024172146 
270 370 14 18 0.024169624 
236 420 12 14 0.02407724 
117 442 10 12 0.024066778 
147 414 12 14 0.023857294 
129 475 20 26 0.02363131 
191 482 12 16 0.023419837 
12 379 13 17 0.022724617 
280 425 25 32 0.022220438 
84 467 14 17 0.02220744 
188 403 13 18 0.022027541 
3 504 23 34 0.021952584 
128 419 14 17 0.021906136 
161 360 9 11 0.021855379 
367 292 13 15 0.021760872 
192 476 12 16 0.021634309 
140 428 11 14 0.021614386 
266 372 24 28 0.021541197 
445 304 90 114 0.021491712 
43 484 16 18 0.021386186 
436 106 106 102 0.02135018 
183 548 14 18 0.021297393 
196 341 10 12 0.021128317 
101 495 13 16 0.021069322 
50 469 17 19 0.02093537 
213 421 22 25 0.020843387 
143 324 11 14 0.020575555 
102 471 10 13 0.020548267 
400 71 39 59 0.020465925 
133 422 14 18 0.020401675 
27 450 21 30 0.02029042 
175 399 12 15 0.020102203 
27 430 25 33 0.020097967 
378 301 13 14 0.020057926 
209 333 11 14 0.020051567 
