29_Students_Schoolkids_Students_Schoolkids_29_632
42
90 292 53 68 0.9989505 
354 305 59 81 0.9987459 
532 290 72 93 0.99800795 
796 260 79 109 0.9977239 
274 351 52 77 0.9903453 
392 250 41 47 0.79569983 
376 155 10 13 0.12753521 
24 135 26 32 0.10818587 
86 123 24 31 0.08636948 
91 124 15 18 0.06143225 
359 254 29 40 0.058220636 
194 164 13 17 0.056313757 
962 24 14 19 0.055179443 
412 135 15 23 0.04296428 
196 161 9 12 0.04016975 
19 113 47 57 0.03939662 
91 149 13 16 0.039168313 
1001 5 22 33 0.03713023 
48 280 40 52 0.037009254 
716 126 12 16 0.03675719 
44 168 23 31 0.03651667 
26 152 27 31 0.030423354 
372 233 49 57 0.02982617 
545 245 57 67 0.029332122 
378 150 12 15 0.02901934 
308 149 16 17 0.028773736 
673 133 23 29 0.028529096 
722 131 19 22 0.028203053 
100 523 132 123 0.027979728 
37 107 47 57 0.026042307 
667 119 24 32 0.024873676 
64 80 9 12 0.02311046 
28 163 16 19 0.022688907 
14 138 26 32 0.022565993 
-1 104 84 103 0.022113832 
207 330 27 36 0.021132154 
624 192 24 34 0.020756751 
414 142 25 37 0.020722631 
61 146 15 18 0.020648433 
199 207 11 12 0.020570872 
309 150 23 26 0.020500636 
347 246 29 42 0.020223096 
