29_Students_Schoolkids_Students_Schoolkids_29_158
61
575 696 74 89 0.99852115 
595 396 44 52 0.99467105 
550 500 50 60 0.9942629 
74 1118 87 120 0.5418468 
507 233 14 17 0.26676798 
686 169 15 20 0.18374917 
619 319 13 15 0.13058037 
737 230 12 15 0.1226098 
-2 1284 24 52 0.090789884 
673 396 34 42 0.079838365 
911 346 43 49 0.07193667 
440 165 11 13 0.06548653 
590 243 41 54 0.06249324 
732 214 9 11 0.059980303 
686 390 31 40 0.05675082 
658 504 27 40 0.05413536 
452 217 15 17 0.045613974 
662 228 10 13 0.04476003 
751 267 13 14 0.042986162 
735 222 10 13 0.040611096 
368 219 33 34 0.040172517 
635 351 16 18 0.034294546 
584 300 10 13 0.033759803 
614 319 23 25 0.03373376 
663 404 30 35 0.032964937 
120 1096 95 137 0.032886453 
453 225 15 18 0.03270442 
684 376 27 35 0.032635707 
436 269 11 14 0.031794753 
651 369 12 16 0.031731464 
833 401 34 37 0.03140429 
775 363 36 40 0.030563496 
474 155 14 17 0.030282931 
682 364 25 32 0.029944813 
685 362 15 19 0.028751886 
530 508 28 40 0.02836452 
462 188 11 13 0.028152727 
675 373 25 32 0.028143909 
430 273 11 14 0.027453497 
718 222 9 12 0.027407397 
599 254 10 11 0.026647054 
721 252 9 12 0.026092183 
662 236 9 12 0.025883267 
160 1085 101 148 0.024728905 
456 188 9 12 0.02392318 
434 166 9 13 0.023662534 
612 330 17 18 0.023536015 
663 356 11 14 0.023260605 
677 417 13 18 0.022929814 
725 246 12 15 0.02259256 
502 223 13 16 0.022119427 
655 414 11 14 0.021994 
504 240 13 15 0.021599667 
43 245 17 19 0.021465497 
709 537 29 34 0.021276928 
625 345 42 50 0.021178693 
681 158 26 33 0.020501735 
768 373 51 64 0.020434568 
39 241 28 34 0.020232627 
694 368 28 34 0.020186435 
369 232 43 50 0.02007657 
