29_Students_Schoolkids_Students_Schoolkids_29_10
105
657 366 26 32 0.9984389 
576 337 22 28 0.9957333 
458 295 17 20 0.984512 
524 377 23 28 0.9832828 
525 317 17 22 0.98102325 
557 280 14 18 0.9762709 
481 368 21 27 0.9614466 
422 353 26 33 0.956795 
465 330 18 24 0.9231433 
523 275 12 15 0.91802734 
483 304 14 17 0.70083725 
612 323 17 21 0.4567277 
629 352 21 23 0.40896574 
595 290 14 17 0.35237852 
510 287 11 14 0.25692728 
527 295 12 14 0.24975732 
584 413 19 19 0.13583457 
431 338 13 16 0.12429346 
439 300 12 16 0.12112384 
498 321 14 19 0.11572204 
501 300 13 17 0.106663294 
482 276 10 12 0.10346529 
641 353 16 19 0.07705487 
516 227 11 14 0.07361809 
503 291 12 16 0.07337016 
618 317 14 18 0.071892194 
462 243 11 14 0.06695666 
493 300 13 17 0.06404438 
508 298 14 19 0.06381332 
599 262 10 12 0.06297154 
485 270 11 14 0.06166124 
525 361 17 21 0.061425544 
542 198 16 22 0.060942587 
493 271 10 13 0.05998958 
517 282 13 15 0.056394894 
508 259 11 14 0.054300684 
504 250 11 14 0.05376841 
605 316 15 19 0.04631293 
550 373 12 16 0.046175215 
566 334 23 29 0.043260653 
593 253 10 12 0.042122528 
464 291 16 21 0.041945994 
495 293 11 15 0.040696364 
456 276 10 13 0.040227797 
531 274 11 16 0.038752887 
545 300 12 15 0.038017858 
557 342 15 21 0.035551447 
452 229 12 15 0.035451338 
642 363 23 31 0.035097145 
601 266 10 13 0.034854393 
507 322 13 17 0.034482326 
124 190 17 22 0.032932162 
426 339 22 28 0.031230375 
492 248 13 16 0.031214595 
471 278 10 11 0.02998508 
551 289 12 18 0.029832296 
642 397 14 18 0.029743569 
541 401 16 22 0.02913131 
488 247 11 13 0.028286943 
446 199 9 10 0.028064914 
611 332 16 22 0.027967464 
442 304 13 16 0.02793326 
443 295 19 25 0.027472628 
583 130 16 20 0.026996035 
496 286 10 14 0.026775364 
574 203 45 57 0.026736837 
637 566 11 15 0.026309617 
486 264 10 12 0.025916351 
575 80 437 566 0.025706388 
523 297 19 22 0.02489353 
472 270 10 12 0.024794322 
606 263 10 12 0.024773655 
463 173 10 12 0.024685442 
613 278 10 13 0.024680628 
529 310 15 19 0.024604185 
567 434 13 17 0.024202678 
540 275 13 16 0.024076546 
485 293 13 16 0.023581568 
-7 7 361 486 0.023380324 
502 269 11 14 0.023255669 
421 339 14 16 0.023155915 
608 278 10 13 0.023144096 
633 369 17 20 0.023142448 
427 482 16 20 0.023126077 
549 321 14 19 0.023004638 
484 285 12 15 0.022999153 
516 292 12 15 0.022983788 
493 262 10 12 0.0228729 
833 38 8 11 0.022737807 
615 262 11 13 0.022440292 
624 353 16 20 0.022173878 
605 285 10 13 0.022057451 
512 277 12 16 0.02199414 
420 369 26 34 0.021882664 
593 260 10 12 0.021720875 
449 278 8 11 0.021550275 
446 286 10 13 0.02147494 
163 179 25 27 0.021423152 
604 308 15 18 0.021413738 
459 270 11 13 0.021244517 
508 247 10 12 0.021136668 
441 462 17 17 0.020503078 
467 239 10 13 0.02041473 
625 348 12 16 0.020413054 
508 312 15 19 0.02008616 
