29_Students_Schoolkids_Students_Schoolkids_29_822
45
468 45 84 107 0.99658716 
334 261 81 101 0.9948342 
597 264 74 101 0.9936667 
200 265 17 23 0.74380535 
679 225 13 17 0.05618562 
830 116 12 15 0.0544172 
860 115 11 13 0.051529143 
878 111 11 14 0.047983006 
701 230 9 13 0.045880485 
928 106 10 13 0.0419121 
208 271 18 21 0.041322414 
223 253 12 16 0.040589295 
973 173 9 12 0.040531114 
953 117 9 11 0.040170413 
343 217 11 15 0.039538797 
913 126 9 12 0.038445123 
952 110 9 11 0.03791592 
928 132 8 12 0.036672838 
917 144 8 10 0.035575178 
229 246 11 15 0.03453836 
216 273 17 21 0.03007958 
629 542 114 150 0.028631642 
911 118 9 11 0.028234016 
936 119 8 11 0.02631888 
933 107 10 13 0.026204864 
412 162 22 28 0.026155556 
913 132 8 11 0.025899401 
944 107 9 12 0.025732977 
668 289 51 77 0.025335316 
951 236 9 12 0.02524983 
949 183 10 11 0.024753517 
795 148 11 14 0.024103044 
959 316 9 11 0.024094729 
957 110 8 11 0.024090635 
711 642 15 19 0.02369642 
78 354 432 416 0.023550829 
871 396 160 204 0.022575876 
969 107 8 12 0.021847328 
928 157 8 10 0.021825952 
879 136 9 11 0.021634905 
182 270 11 15 0.021259116 
980 106 12 15 0.020919176 
402 167 21 26 0.020731576 
199 253 12 15 0.020601185 
294 362 31 35 0.020268217 
