29_Students_Schoolkids_Students_Schoolkids_29_358
163
491 381 15 21 0.9690137 
546 379 17 23 0.9536076 
624 376 19 25 0.9192832 
269 364 15 19 0.8844149 
573 392 16 20 0.8778675 
941 421 22 26 0.8473564 
713 372 19 24 0.83046466 
364 423 16 20 0.78457594 
846 411 16 21 0.7188457 
672 391 16 19 0.6709855 
498 422 17 20 0.58742124 
770 391 17 22 0.48810604 
435 425 15 19 0.3728021 
889 403 12 16 0.29558444 
455 418 15 19 0.2637817 
434 402 14 18 0.19693719 
883 369 15 20 0.16117619 
475 437 12 14 0.14880094 
341 442 15 18 0.1390164 
417 412 13 16 0.12964675 
829 417 15 19 0.11541569 
406 412 12 16 0.09727129 
902 420 14 18 0.09024296 
313 446 9 11 0.08717307 
536 403 12 15 0.081319936 
799 402 13 16 0.079330616 
900 403 13 16 0.07664212 
696 392 13 17 0.07596857 
836 426 10 14 0.07290672 
469 419 11 15 0.06846647 
538 421 13 16 0.06814199 
903 413 12 14 0.06630092 
1004 462 18 23 0.06447406 
739 428 13 17 0.062689066 
250 436 11 14 0.0603634 
803 398 13 16 0.05967244 
327 452 10 12 0.058672026 
803 416 13 15 0.05394579 
400 438 10 12 0.052392855 
828 402 14 17 0.052363697 
461 434 11 13 0.051255062 
461 456 10 13 0.047349717 
871 401 13 15 0.046771258 
977 430 11 15 0.045642633 
407 406 21 26 0.045178544 
404 418 14 18 0.044659663 
479 461 11 14 0.044633023 
348 419 12 15 0.044125587 
346 437 14 16 0.04322955 
505 419 15 19 0.04267322 
382 422 9 13 0.042436857 
799 410 14 17 0.04228601 
874 420 12 14 0.04225588 
584 414 10 12 0.040990368 
415 436 11 13 0.040904418 
693 357 20 29 0.040700343 
380 434 13 16 0.04058913 
517 397 15 18 0.040534932 
837 409 18 25 0.040411327 
702 365 22 29 0.040290475 
287 441 12 15 0.03971622 
502 414 13 16 0.038991246 
778 391 13 17 0.037804313 
947 413 14 18 0.036200747 
282 433 22 25 0.035702005 
534 387 11 15 0.03560252 
420 407 12 16 0.035401627 
881 366 12 16 0.035242762 
892 388 12 14 0.03468788 
518 412 12 15 0.03378325 
371 431 14 16 0.033388406 
508 414 12 15 0.033271883 
825 414 11 15 0.03276925 
414 425 10 15 0.032609966 
417 403 20 27 0.032472342 
901 378 11 14 0.032267336 
441 418 19 25 0.0318682 
252 430 12 15 0.031490806 
836 399 10 13 0.031190284 
573 373 12 14 0.03113056 
487 404 10 14 0.031074198 
879 377 14 19 0.030756908 
476 414 10 13 0.030732233 
1006 428 14 18 0.030614652 
342 431 12 15 0.030329451 
695 354 14 20 0.030143043 
358 445 11 14 0.030094454 
541 409 12 15 0.03007746 
433 433 11 15 0.029527223 
779 401 13 17 0.029470364 
470 427 12 16 0.029327208 
805 389 11 15 0.029317686 
501 442 13 16 0.02820207 
277 357 12 18 0.028025737 
475 428 13 17 0.027859678 
759 387 11 16 0.027828075 
813 396 11 16 0.027663426 
550 410 10 14 0.027572585 
709 362 15 20 0.027456416 
380 447 16 20 0.027210386 
431 408 13 19 0.027179254 
533 404 20 25 0.027089369 
791 404 12 17 0.026813013 
860 396 11 14 0.026307149 
881 375 23 28 0.026182678 
383 413 10 13 0.025894666 
780 381 11 14 0.025802586 
399 443 9 13 0.025708424 
886 383 14 17 0.025550863 
460 414 20 25 0.025161555 
774 383 11 13 0.025149768 
877 386 11 14 0.025135282 
248 443 10 12 0.024907403 
580 380 13 18 0.024848534 
470 460 11 14 0.024441209 
400 408 10 13 0.024324907 
757 403 11 15 0.024287585 
856 396 10 12 0.024262534 
924 410 12 17 0.024219044 
791 388 11 14 0.02418335 
614 404 13 17 0.024130512 
741 393 13 16 0.023765588 
478 404 10 14 0.023712553 
951 424 16 21 0.023688862 
524 401 12 16 0.023656305 
716 358 15 18 0.023644332 
872 381 11 15 0.023628078 
811 402 12 16 0.023486683 
567 373 11 15 0.023317127 
439 407 21 26 0.023109041 
551 420 11 14 0.023036255 
334 450 13 14 0.023007564 
707 411 11 15 0.022912065 
871 393 20 25 0.022845432 
907 402 12 17 0.022568958 
378 426 14 17 0.02245515 
404 435 11 14 0.022171715 
446 413 11 15 0.022158343 
699 351 14 16 0.022102997 
571 381 13 18 0.021992669 
860 391 10 13 0.021971699 
620 405 13 17 0.021971053 
390 427 10 14 0.021956824 
288 454 9 11 0.021842344 
974 426 20 27 0.021567833 
990 423 11 13 0.02128029 
387 450 13 18 0.021230059 
495 368 9 11 0.021120567 
748 388 14 18 0.021058658 
558 420 12 15 0.021028137 
724 355 13 16 0.020904047 
895 420 14 17 0.020884227 
775 375 9 11 0.020863814 
738 383 21 28 0.020639913 
399 426 13 15 0.020596629 
476 370 14 15 0.020370437 
567 387 15 21 0.020301938 
337 437 13 15 0.020274157 
316 439 11 13 0.020252807 
833 445 10 13 0.020108247 
532 372 11 14 0.020061605 
524 386 13 17 0.020041402 
811 412 12 15 0.020002127 
