29_Students_Schoolkids_Students_Schoolkids_29_312
90
504 69 81 115 0.99925655 
744 24 11 13 0.53506744 
648 203 365 491 0.51623607 
791 173 218 315 0.29196626 
718 13 10 13 0.22952834 
820 21 10 12 0.1502348 
745 7 10 12 0.119981565 
822 15 10 14 0.09576376 
767 4 9 11 0.09451189 
741 322 204 290 0.08043222 
735 8 8 11 0.077647254 
812 59 12 15 0.07194338 
723 10 13 14 0.06850642 
817 15 10 14 0.065705575 
790 0 9 9 0.06384463 
817 0 10 11 0.060532425 
789 29 11 12 0.05975945 
861 27 9 11 0.059363678 
735 22 9 13 0.05739914 
765 21 11 13 0.057343468 
732 29 11 14 0.05732486 
90 163 11 14 0.054762993 
88 152 8 10 0.052169017 
127 129 9 13 0.051194694 
872 193 156 189 0.049147997 
822 5 10 11 0.048243113 
761 60 15 18 0.047829993 
942 8 12 14 0.04689261 
185 85 10 13 0.045554627 
718 35 9 12 0.042509362 
11 124 13 16 0.041993435 
1014 8 10 16 0.04139285 
856 142 37 41 0.036430124 
833 28 9 12 0.03625466 
290 85 47 58 0.035526074 
775 38 10 12 0.035474636 
144 85 10 13 0.03510462 
839 27 10 12 0.033982176 
703 39 9 11 0.033703413 
759 0 11 11 0.03261492 
728 22 11 14 0.031224737 
830 23 10 12 0.03119374 
205 84 11 14 0.03104228 
743 12 12 15 0.030672517 
699 14 10 12 0.03042403 
740 21 18 23 0.03030977 
817 26 12 15 0.030269211 
857 23 10 13 0.029897727 
88 158 10 14 0.029579462 
848 0 12 13 0.029129278 
144 93 9 11 0.029027691 
788 24 11 12 0.028969599 
760 5 12 13 0.028304618 
332 406 118 119 0.028302887 
-19 155 168 255 0.028194996 
62 109 12 15 0.027692262 
717 401 131 158 0.02737056 
104 108 10 13 0.027055182 
986 13 11 14 0.026590182 
672 40 9 12 0.02643838 
767 12 11 15 0.026406046 
785 0 10 10 0.026327886 
901 14 9 11 0.02604278 
761 27 10 14 0.025858715 
744 1 10 10 0.02579754 
845 22 11 13 0.025577502 
829 7 11 13 0.024779908 
101 10 43 58 0.023600722 
688 14 8 11 0.02345758 
872 21 11 14 0.023288684 
197 84 14 16 0.023060285 
781 414 117 149 0.022996707 
657 118 252 376 0.022658685 
687 8 10 12 0.022248833 
717 6 21 23 0.021923907 
731 16 19 24 0.021510473 
792 11 10 13 0.02150628 
250 68 54 66 0.021436911 
819 60 13 16 0.021147685 
110 104 9 12 0.02108463 
125 86 8 11 0.020840969 
722 421 27 33 0.020717993 
110 187 15 18 0.02065975 
106 21 388 434 0.020628478 
772 1 11 9 0.02061285 
79 92 11 13 0.020562626 
688 38 9 11 0.020137932 
105 103 9 11 0.020113904 
595 126 15 19 0.020112876 
837 6 11 13 0.02004012 
