29_Students_Schoolkids_Students_Schoolkids_29_21
78
464 157 103 127 0.99991536 
741 197 126 171 0.9998714 
317 94 54 72 0.99925524 
616 58 51 66 0.9982735 
945 62 57 68 0.99729675 
209 106 52 64 0.9970023 
76 143 64 85 0.9961492 
880 13 36 48 0.99412704 
769 62 54 70 0.9933537 
11 71 27 35 0.9932748 
454 60 44 57 0.99038553 
73 61 36 46 0.9887599 
437 33 32 43 0.98379785 
729 34 36 50 0.9825713 
583 14 26 34 0.98235 
112 53 40 51 0.9809779 
157 82 44 62 0.9801195 
992 29 31 44 0.9790375 
469 24 25 30 0.97345126 
926 36 40 52 0.9697416 
580 50 35 50 0.9469666 
406 51 24 32 0.9408268 
506 48 30 37 0.9372555 
664 27 27 39 0.92823845 
808 22 29 34 0.9264102 
518 95 52 64 0.5476633 
593 49 45 62 0.2930509 
370 76 32 43 0.26560122 
455 29 29 32 0.2628047 
736 23 31 41 0.2561228 
704 523 26 36 0.25232708 
149 65 27 33 0.14918564 
540 105 48 65 0.14292568 
1 119 13 20 0.14217684 
897 90 35 52 0.11732743 
493 52 33 46 0.09337586 
427 43 26 35 0.08281396 
133 73 43 55 0.082791485 
385 79 26 36 0.07887897 
501 63 44 60 0.06975871 
448 36 42 54 0.0694672 
48 158 48 69 0.06861147 
438 0 27 27 0.055032443 
57 125 48 70 0.049309403 
981 37 43 60 0.048380256 
788 -1 30 28 0.043045755 
998 101 27 40 0.042958807 
882 94 34 54 0.041933876 
541 79 46 60 0.041524127 
569 63 39 58 0.03956692 
478 67 49 61 0.03386398 
802 -1 21 15 0.033618223 
749 118 49 62 0.03174277 
745 17 21 25 0.029530767 
438 11 28 32 0.029493725 
874 -1 29 29 0.02891139 
423 64 27 41 0.028604642 
509 86 46 51 0.02806394 
609 120 34 45 0.026755737 
940 33 37 42 0.02635101 
581 29 31 43 0.02605647 
844 137 43 59 0.02554407 
656 57 35 53 0.024864333 
180 89 33 45 0.024691705 
741 104 43 53 0.024530321 
623 390 49 80 0.023768537 
627 280 94 113 0.023755893 
483 0 18 15 0.022850094 
970 224 48 67 0.022218933 
905 97 44 60 0.02213257 
416 78 30 39 0.022087555 
71 173 33 53 0.021213746 
787 33 47 56 0.020895189 
674 46 30 49 0.020801742 
696 50 26 35 0.020469325 
914 75 41 59 0.02032935 
442 1 17 14 0.020325769 
246 0 53 67 0.020218056 
