29_Students_Schoolkids_Students_Schoolkids_29_250
28
662 55 106 150 0.99966 
133 188 16 21 0.8385901 
74 166 21 29 0.83450127 
166 169 16 22 0.5269566 
30 196 14 19 0.24440578 
845 211 13 17 0.08761715 
171 169 22 26 0.08671594 
144 630 11 14 0.08612953 
206 197 14 19 0.076036684 
262 471 13 16 0.06275305 
245 468 10 12 0.048086204 
178 163 15 19 0.046525355 
237 491 29 36 0.045203883 
114 210 15 20 0.03891357 
774 165 54 69 0.035778068 
91 146 15 19 0.035623975 
-1 105 23 37 0.03532587 
142 163 13 19 0.03379484 
852 220 13 17 0.031005155 
125 154 20 25 0.028603965 
264 476 16 16 0.026755584 
243 465 9 11 0.026420197 
80 155 23 29 0.024569476 
118 280 15 18 0.0234609 
860 223 14 17 0.021901146 
162 238 16 22 0.021840412 
211 187 16 26 0.020855762 
842 201 20 29 0.020623485 
