11_Meeting_Meeting_11_Meeting_Meeting_11_385
201
943 248 49 83 0.9994112 
830 90 25 34 0.9971322 
160 209 29 47 0.99567646 
771 216 39 44 0.9925175 
656 161 24 30 0.9885238 
834 219 37 41 0.9877978 
711 170 24 35 0.9830716 
281 180 23 33 0.975628 
432 102 9 12 0.95711285 
361 153 15 21 0.9546245 
772 146 13 16 0.9339457 
802 175 25 36 0.92141247 
37 263 49 71 0.9191555 
911 162 14 18 0.9008081 
288 172 23 30 0.883274 
384 148 13 17 0.8787056 
69 226 40 54 0.83757144 
600 147 11 14 0.8342621 
758 145 12 17 0.8042345 
959 164 17 19 0.80045885 
297 168 20 26 0.799303 
705 111 10 14 0.79924744 
620 146 13 17 0.7218999 
737 100 8 12 0.6847036 
575 107 9 12 0.642718 
791 136 10 14 0.64204836 
661 134 13 17 0.6027255 
454 146 9 13 0.59700567 
885 178 15 19 0.5191421 
644 158 13 18 0.49046367 
550 106 10 13 0.39174202 
583 150 9 12 0.38190454 
591 169 10 14 0.3523277 
971 162 14 17 0.325913 
324 197 17 22 0.29380465 
307 112 17 21 0.2753679 
788 168 15 18 0.25673786 
868 216 34 41 0.23689203 
826 210 24 37 0.23421952 
525 103 8 12 0.20993957 
654 140 13 17 0.20346053 
565 184 9 12 0.20213757 
736 138 10 14 0.20118134 
795 164 15 19 0.19677232 
514 114 13 17 0.19315343 
812 118 16 23 0.18015875 
817 376 62 49 0.17638849 
715 161 19 26 0.17174017 
761 222 31 37 0.17041601 
1008 172 13 20 0.1649484 
645 149 13 17 0.16044474 
434 174 9 12 0.15334673 
518 108 12 15 0.14620304 
792 168 23 28 0.14064641 
662 130 9 11 0.13956021 
616 144 12 15 0.13781722 
738 179 12 16 0.13633867 
376 169 13 17 0.13511342 
196 263 29 33 0.13083783 
784 606 80 63 0.12965016 
649 153 21 27 0.12503818 
53 237 49 70 0.113998264 
575 180 10 12 0.11261728 
711 132 11 14 0.1090058 
753 224 25 32 0.10462088 
594 137 8 10 0.10457115 
313 95 9 11 0.10011704 
418 23 23 27 0.09423914 
815 181 27 31 0.09092805 
710 140 13 15 0.088262774 
714 109 9 12 0.085861705 
438 169 9 11 0.079530016 
629 143 9 13 0.076335266 
370 18 26 27 0.075237356 
315 119 13 17 0.07434486 
788 178 27 31 0.07287799 
491 181 11 13 0.071343966 
578 150 9 11 0.070367545 
648 143 12 16 0.069465235 
764 143 16 22 0.068062164 
741 141 11 15 0.067762606 
570 109 8 12 0.065447986 
593 165 13 16 0.06459 
583 174 9 11 0.06387524 
407 176 10 12 0.063279316 
653 144 23 28 0.0631302 
400 180 12 13 0.06205986 
580 179 10 13 0.06056418 
556 108 11 13 0.058558144 
511 110 12 15 0.057811167 
310 101 13 16 0.057281457 
809 118 12 16 0.05575452 
810 112 9 11 0.05546859 
609 209 15 18 0.053878672 
606 165 12 16 0.050800566 
802 119 21 28 0.05021932 
324 190 14 19 0.048906088 
504 115 10 14 0.047475033 
503 103 9 12 0.047464825 
593 141 10 13 0.047277737 
557 102 11 13 0.04618436 
28 0 13 11 0.045882534 
751 143 11 14 0.043734577 
560 203 8 11 0.04190049 
304 108 14 19 0.04078512 
293 343 54 92 0.0400557 
818 583 117 105 0.039921787 
710 146 15 18 0.039487515 
512 120 11 14 0.039295673 
603 154 13 16 0.03837174 
181 265 41 51 0.03827024 
789 136 18 21 0.03797585 
412 175 9 12 0.03779467 
801 163 17 23 0.03779447 
581 190 13 15 0.03771823 
451 143 9 13 0.03768567 
437 215 10 14 0.037517898 
559 197 11 14 0.037511624 
589 93 9 11 0.03667716 
454 241 330 423 0.036598157 
314 108 14 20 0.036067512 
783 176 16 21 0.035769913 
587 194 15 16 0.03524435 
759 295 36 37 0.033738907 
388 189 13 13 0.033222083 
709 156 17 21 0.033108238 
525 112 12 19 0.032296844 
432 178 9 11 0.032248404 
990 189 15 19 0.030456306 
349 306 28 33 0.030201977 
737 162 14 17 0.03015822 
904 207 26 33 0.029581802 
559 97 9 11 0.029342882 
560 128 10 12 0.029005108 
547 103 9 13 0.028974485 
354 28 12 16 0.028908893 
853 246 28 33 0.028827166 
878 584 62 83 0.028616037 
322 15 26 27 0.028610764 
933 181 12 16 0.028412547 
702 121 11 14 0.02791347 
809 78 9 10 0.027430758 
1013 167 11 18 0.027306965 
599 212 14 16 0.027184397 
981 189 26 29 0.02712108 
551 190 9 13 0.027090171 
791 113 9 12 0.026982203 
504 109 10 14 0.026846373 
698 115 11 15 0.026426617 
826 201 18 28 0.026406096 
429 98 16 21 0.026010273 
28 352 45 65 0.02578133 
559 180 18 22 0.025351804 
305 103 11 15 0.025321504 
584 145 10 12 0.025132798 
568 115 9 12 0.02512995 
575 82 97 118 0.02498755 
189 248 26 33 0.024945108 
47 13 11 12 0.02492421 
664 138 13 17 0.024670506 
800 124 12 14 0.024384381 
885 157 9 13 0.024382332 
459 149 9 12 0.024109252 
390 171 12 14 0.024084592 
315 410 15 21 0.02377817 
11 0 14 12 0.023605887 
628 164 13 17 0.02345201 
369 155 14 18 0.023394216 
518 103 19 26 0.023345225 
697 125 10 13 0.023174861 
404 187 12 14 0.023118246 
188 248 15 19 0.022955382 
437 148 11 14 0.022932896 
498 115 11 15 0.022625288 
511 103 11 14 0.022223715 
575 187 11 14 0.022131084 
449 143 19 23 0.022092028 
580 104 9 11 0.022060977 
821 213 17 25 0.021784697 
396 185 14 15 0.021731228 
498 103 8 12 0.021688323 
551 126 8 11 0.02162772 
329 193 24 27 0.021583945 
204 252 15 20 0.021419799 
374 233 13 17 0.02134571 
571 104 19 24 0.02133592 
424 182 8 10 0.021240905 
589 157 12 14 0.021225283 
607 200 11 14 0.02119436 
825 169 28 33 0.02104482 
527 120 11 15 0.020995418 
855 231 33 35 0.020893864 
661 274 13 21 0.020799035 
438 158 10 12 0.020716162 
816 101 9 13 0.0205805 
929 609 34 57 0.020509811 
701 138 13 16 0.02038683 
188 231 14 22 0.020359145 
598 140 18 23 0.020254422 
723 173 21 28 0.020082504 
227 317 162 230 0.02008022 
