11_Meeting_Meeting_11_Meeting_Meeting_11_702
288
747 319 60 71 0.9993223 
823 152 27 32 0.99930334 
623 191 30 40 0.99867165 
407 203 29 33 0.9986651 
441 297 52 61 0.9981323 
578 178 24 30 0.9975962 
793 186 34 42 0.9974093 
5 297 37 41 0.9962871 
889 244 48 54 0.99587965 
120 213 26 28 0.9958515 
888 161 37 41 0.99564606 
679 256 43 55 0.9952644 
718 165 26 32 0.9943493 
374 127 16 20 0.99149317 
668 149 22 26 0.99040693 
418 239 38 48 0.9883062 
768 133 24 30 0.9876445 
713 129 19 24 0.9860904 
507 132 16 20 0.98588693 
376 186 24 28 0.985704 
401 141 17 24 0.98519796 
330 132 16 19 0.9833665 
544 160 20 24 0.97803086 
959 181 43 45 0.97533756 
912 120 22 27 0.9750465 
803 120 19 24 0.97502655 
-1 213 20 31 0.97303975 
943 113 20 24 0.9578397 
617 139 21 25 0.95434916 
943 144 25 29 0.95125186 
879 108 15 18 0.94805235 
683 122 19 25 0.939148 
359 167 20 24 0.9389074 
981 99 13 16 0.92432094 
835 116 14 19 0.9184866 
859 127 21 25 0.91840976 
480 131 13 17 0.90957785 
782 108 13 17 0.90445346 
657 120 18 23 0.9026556 
525 141 18 23 0.8944633 
814 95 12 15 0.8750519 
984 125 24 28 0.8502735 
22 195 25 28 0.84007084 
899 97 15 18 0.830125 
345 158 14 18 0.8028252 
698 108 12 15 0.72362673 
752 111 13 18 0.6925328 
570 126 15 19 0.62224185 
800 75 11 13 0.6156469 
935 94 11 15 0.4213227 
47 171 21 25 0.40174776 
336 214 11 15 0.36029667 
751 69 10 13 0.33367655 
603 126 16 19 0.29242095 
914 69 13 15 0.26834586 
533 119 13 15 0.2554781 
344 190 11 14 0.25118092 
924 99 12 16 0.25091174 
159 414 22 26 0.23114541 
583 324 35 40 0.2260434 
116 361 18 23 0.2253353 
471 169 14 17 0.20437224 
614 170 22 26 0.18984522 
876 131 15 18 0.18883213 
511 134 20 25 0.18742053 
466 198 20 25 0.18552828 
150 364 16 20 0.18469386 
168 412 23 25 0.17097841 
773 73 9 10 0.16767867 
632 118 11 15 0.16287401 
1012 111 10 16 0.16159132 
805 73 11 13 0.16099145 
1000 104 11 14 0.15880246 
769 74 10 12 0.15241976 
594 100 11 15 0.15047058 
347 281 16 18 0.14510994 
352 221 11 15 0.14342038 
530 194 23 29 0.14115386 
792 72 7 9 0.1304258 
349 272 25 27 0.12135185 
785 72 7 9 0.1194194 
1001 125 18 27 0.117462 
994 112 21 26 0.1170237 
319 227 12 15 0.11699519 
997 108 16 19 0.11568767 
540 119 10 13 0.11504853 
892 140 16 20 0.10855637 
378 77 9 13 0.10318269 
786 102 13 15 0.09670714 
700 158 16 22 0.0956082 
637 123 13 17 0.09313503 
423 172 11 16 0.088760786 
585 389 46 52 0.08801849 
647 120 20 25 0.08736176 
476 194 16 22 0.08706561 
813 75 10 13 0.0839557 
608 396 27 35 0.078595184 
404 175 18 20 0.07508972 
463 123 12 14 0.074802525 
813 101 15 19 0.0741466 
720 94 10 13 0.07408479 
1005 110 16 21 0.072950885 
1010 128 14 21 0.07151216 
325 221 12 16 0.070823364 
571 328 38 52 0.06941125 
915 64 11 14 0.06897299 
693 112 15 21 0.0678638 
208 363 12 16 0.067581244 
349 162 19 26 0.06560846 
643 128 15 20 0.06558976 
605 135 20 27 0.06410182 
824 79 10 12 0.06237948 
862 278 27 34 0.061422527 
468 118 11 13 0.06064818 
527 122 15 17 0.058721896 
956 147 25 31 0.058387563 
756 61 10 14 0.058203306 
649 148 23 28 0.057753056 
906 76 23 27 0.056960966 
428 172 12 15 0.056943588 
356 245 12 15 0.0568721 
775 111 16 19 0.056433544 
636 88 14 18 0.055283844 
335 251 11 13 0.055066146 
205 417 12 15 0.05295068 
472 95 9 10 0.05067136 
454 144 11 14 0.050671212 
912 134 23 27 0.050098587 
349 180 10 14 0.049532175 
185 263 28 30 0.04952508 
483 189 14 19 0.04818147 
185 412 14 19 0.046886772 
448 120 10 13 0.046574324 
453 119 12 14 0.04626122 
523 219 15 19 0.046242926 
366 172 21 28 0.046125263 
811 156 25 31 0.046017192 
606 168 16 21 0.045791462 
1006 349 20 35 0.0449459 
661 110 15 18 0.04473418 
922 78 13 15 0.04451724 
339 229 11 13 0.044384733 
538 207 25 31 0.04418416 
521 203 24 30 0.043402936 
898 85 23 28 0.043354023 
490 324 25 38 0.043233853 
707 158 22 31 0.043154705 
553 332 35 52 0.042690564 
836 124 15 19 0.04262336 
618 162 17 23 0.042471528 
971 153 16 20 0.041518632 
549 102 13 15 0.041428573 
949 299 26 34 0.04130838 
122 353 16 23 0.041226063 
792 75 9 12 0.04117775 
986 96 12 14 0.040724017 
874 165 26 33 0.040246487 
974 105 16 18 0.039766137 
996 7 31 35 0.039659396 
742 61 11 13 0.03959708 
979 111 23 28 0.039329547 
120 309 12 15 0.03847617 
311 271 9 13 0.03846406 
323 181 11 15 0.038111985 
561 295 33 32 0.037756097 
101 227 15 19 0.03765609 
132 138 14 14 0.037592247 
785 76 8 10 0.0371361 
21 222 15 20 0.037132934 
757 56 9 11 0.03713221 
446 97 8 10 0.03705777 
42 172 14 17 0.03676793 
336 136 15 18 0.036685266 
747 61 19 25 0.03643631 
456 102 8 10 0.03626201 
358 147 13 15 0.036005955 
478 94 9 10 0.03555697 
853 115 14 17 0.035405368 
839 103 12 15 0.035368342 
416 173 19 24 0.035125934 
939 160 32 39 0.034962397 
963 112 15 19 0.03478842 
199 417 13 19 0.034684587 
439 101 10 11 0.034226045 
52 325 31 38 0.034129053 
52 192 18 20 0.033838086 
932 116 22 28 0.033653583 
766 86 10 13 0.03352065 
178 356 12 13 0.033300176 
143 364 14 18 0.033250958 
421 101 11 12 0.033108864 
984 104 19 23 0.03257849 
166 341 11 14 0.032550618 
845 77 10 13 0.03235114 
462 103 8 9 0.032272253 
977 137 26 32 0.032216687 
696 94 10 12 0.03216657 
647 144 16 21 0.032134846 
977 94 13 15 0.032023966 
620 177 22 26 0.031990927 
56 183 15 19 0.031677466 
44 277 26 29 0.03141967 
119 258 23 30 0.031307623 
27 184 26 30 0.031136032 
918 93 15 18 0.030949034 
471 101 10 11 0.030725578 
339 218 12 15 0.030573683 
805 163 17 21 0.030552654 
826 83 12 15 0.030034915 
349 132 14 15 0.029885132 
914 106 23 27 0.029314496 
531 134 15 18 0.02919935 
343 183 12 16 0.028617296 
410 185 19 21 0.028488012 
830 91 12 14 0.02835581 
710 114 13 18 0.028148983 
34 229 23 28 0.027987355 
547 116 11 14 0.02771547 
855 143 25 28 0.02770818 
1001 140 24 28 0.027559668 
673 194 23 28 0.027388897 
227 128 16 19 0.027383693 
454 199 23 27 0.027221331 
474 176 17 20 0.02716389 
918 78 21 26 0.027079787 
883 135 16 21 0.026669955 
465 170 11 16 0.026121695 
343 152 12 14 0.026019102 
765 92 11 13 0.025979035 
855 136 16 20 0.02595225 
296 229 12 15 0.025826426 
546 337 24 40 0.025819482 
566 118 16 19 0.025472673 
495 118 11 13 0.02512212 
742 56 9 12 0.025037076 
502 116 11 14 0.024965208 
665 116 14 18 0.024791554 
145 423 24 25 0.024744937 
784 94 12 14 0.024657957 
569 92 11 15 0.024579022 
461 128 14 17 0.024372488 
675 176 16 19 0.024309315 
197 379 10 13 0.024224354 
981 183 30 36 0.024219425 
131 311 29 33 0.024204541 
149 380 12 14 0.024024898 
135 261 31 39 0.023886805 
863 157 27 33 0.02345689 
438 123 11 13 0.023282206 
45 180 17 22 0.023267506 
947 121 26 32 0.023231383 
841 115 13 17 0.023200793 
731 110 11 14 0.02309956 
973 120 24 28 0.023066549 
806 83 11 13 0.022986107 
981 108 36 51 0.022917394 
383 100 12 14 0.022641227 
696 84 11 14 0.022396829 
994 157 26 31 0.022371866 
356 139 15 18 0.022354787 
26 220 20 25 0.02234869 
110 368 16 19 0.022058345 
172 371 14 16 0.0220283 
784 87 9 11 0.021893272 
182 378 12 14 0.021844743 
178 407 17 20 0.021796389 
0 387 29 37 0.021757599 
900 124 26 30 0.021609344 
539 282 47 48 0.021583883 
355 132 14 17 0.021322858 
390 124 13 15 0.021281999 
931 144 17 20 0.021215288 
853 167 28 32 0.020901501 
349 219 20 24 0.020901285 
847 281 31 37 0.020814408 
131 361 14 19 0.020804573 
877 122 16 20 0.020789945 
429 122 13 15 0.020751458 
966 65 10 12 0.020600088 
508 117 13 15 0.020593941 
464 120 20 22 0.02054461 
951 197 31 36 0.020511026 
554 107 12 14 0.020400256 
113 341 25 30 0.020337952 
168 369 12 16 0.020310683 
367 195 13 17 0.020303736 
617 388 15 18 0.020269401 
922 142 17 22 0.020218514 
