11_Meeting_Meeting_11_Meeting_Meeting_11_206
79
801 215 36 50 0.9987685 
90 320 42 65 0.9957671 
475 256 34 45 0.9939646 
188 365 45 85 0.9934494 
301 279 34 44 0.989061 
616 235 33 44 0.98551047 
51 191 14 20 0.9758539 
141 186 16 22 0.96892345 
315 185 15 18 0.95528895 
958 305 41 74 0.894694 
870 306 40 71 0.85239476 
220 187 16 23 0.5665427 
275 191 15 20 0.4244053 
332 210 16 21 0.28574494 
893 245 48 49 0.25821462 
838 237 31 38 0.23591769 
283 190 15 19 0.21542662 
92 210 14 22 0.20697095 
95 205 13 18 0.17647645 
85 215 17 21 0.11966979 
566 265 31 36 0.08245146 
534 456 52 61 0.07372881 
846 310 46 67 0.06998186 
188 274 40 47 0.06471928 
191 355 32 56 0.063518815 
348 179 13 16 0.062406525 
191 187 12 17 0.06054937 
574 208 30 36 0.060540486 
245 191 10 14 0.05860154 
590 439 31 55 0.054170307 
284 180 14 19 0.051480416 
878 269 51 72 0.050710063 
31 221 11 13 0.04998481 
291 187 11 18 0.04955119 
949 280 47 73 0.048169367 
265 190 20 27 0.044262405 
361 248 13 18 0.04369397 
405 236 11 14 0.04176411 
148 300 40 50 0.04113196 
561 458 50 57 0.040796503 
59 346 27 46 0.04030719 
832 250 37 43 0.04030309 
611 208 24 26 0.040054645 
901 310 52 74 0.039840925 
77 218 18 20 0.03863402 
906 257 54 70 0.035656232 
261 224 13 17 0.035637137 
271 227 24 34 0.034487177 
761 497 33 36 0.034374505 
592 417 29 47 0.03428003 
164 286 37 46 0.03379186 
205 184 21 27 0.030081758 
613 224 29 37 0.028859189 
320 181 15 19 0.027684964 
325 172 12 17 0.027388655 
425 190 10 14 0.026901217 
199 339 47 68 0.026678886 
824 330 61 75 0.025308577 
246 269 32 46 0.025133967 
806 333 99 116 0.025018653 
318 176 12 16 0.024551209 
449 193 12 15 0.024214042 
214 197 16 19 0.023758696 
975 308 47 76 0.023666715 
68 209 16 20 0.023342866 
934 319 60 82 0.022862053 
320 481 64 77 0.022789538 
220 210 14 17 0.022583138 
277 182 15 18 0.022358114 
135 188 16 21 0.02169473 
325 168 10 12 0.021577863 
274 450 105 128 0.021567564 
428 192 13 17 0.021398488 
613 206 14 18 0.021157263 
195 182 12 16 0.020566076 
158 204 13 16 0.020372313 
97 214 15 21 0.020357067 
320 387 47 61 0.020175999 
132 221 12 15 0.020008449 
