11_Meeting_Meeting_11_Meeting_Meeting_11_807
62
553 25 44 58 0.9959627 
410 77 46 54 0.9958192 
777 96 51 73 0.99535686 
891 244 74 95 0.98274225 
624 74 43 57 0.9825017 
694 426 84 100 0.9523247 
273 165 63 51 0.8792489 
980 179 30 47 0.46511406 
116 205 44 52 0.20543534 
967 189 48 63 0.18649772 
303 116 33 33 0.1365004 
253 364 63 86 0.0925978 
273 593 26 32 0.07596399 
279 154 38 45 0.0646271 
239 175 81 55 0.058930404 
105 219 43 48 0.05593325 
544 225 30 38 0.054858986 
285 139 53 55 0.050307024 
866 351 56 66 0.047603015 
134 209 58 60 0.046259914 
869 188 103 137 0.04576305 
821 440 35 54 0.04408789 
770 50 44 64 0.042405747 
668 166 63 62 0.0416225 
270 252 33 39 0.040235456 
373 44 39 49 0.03856527 
648 172 115 102 0.038216304 
245 155 33 43 0.037663296 
385 70 18 21 0.036874447 
179 178 138 110 0.03510736 
996 36 12 18 0.034936853 
937 172 79 100 0.034304563 
299 170 39 34 0.034091063 
261 158 37 46 0.032771237 
827 111 27 44 0.03198672 
107 219 108 112 0.02913007 
293 118 54 53 0.028964667 
238 349 57 76 0.028542267 
294 394 272 322 0.026902128 
278 389 56 69 0.02618136 
126 189 41 53 0.025627086 
332 114 16 20 0.025351074 
237 147 31 39 0.024911571 
795 430 54 74 0.024537785 
763 77 49 66 0.024150234 
369 224 24 29 0.023569854 
361 255 35 39 0.022925217 
662 78 30 41 0.022883307 
995 22 25 42 0.02265463 
816 0 21 22 0.022642871 
114 234 62 69 0.022473557 
265 179 41 38 0.022182234 
731 427 92 102 0.021726677 
898 158 91 105 0.021321613 
-89 171 406 485 0.02130924 
790 45 49 61 0.021161435 
710 101 47 53 0.021099625 
635 513 32 33 0.020984985 
325 128 28 36 0.020970492 
261 576 43 60 0.020913497 
355 228 45 55 0.020524768 
781 289 50 67 0.020265566 
