11_Meeting_Meeting_11_Meeting_Meeting_11_406
18
870 256 88 117 0.9993894 
278 120 28 37 0.998692 
365 220 57 72 0.99847835 
252 264 67 90 0.99826837 
530 215 44 59 0.99795 
711 244 71 93 0.99705195 
115 246 80 101 0.9937896 
392 443 19 21 0.17909226 
250 180 32 33 0.034303267 
634 449 14 15 0.0321437 
626 385 18 19 0.02995623 
243 273 31 47 0.02905231 
625 396 19 18 0.028755516 
398 437 24 27 0.028743489 
510 476 17 19 0.023394048 
196 106 24 38 0.021737233 
392 450 26 28 0.02146692 
633 405 32 33 0.02060165 
