11_Meeting_Meeting_11_Meeting_Meeting_11_587
692
805 318 16 26 0.979572 
314 238 14 19 0.956145 
735 250 13 18 0.9470149 
157 253 14 18 0.93794733 
876 227 11 16 0.9289889 
558 296 16 24 0.88583463 
588 296 16 25 0.87262756 
221 313 18 26 0.8702354 
493 220 11 13 0.8166236 
8 182 11 13 0.8162383 
850 289 14 18 0.8134035 
958 238 13 17 0.79044294 
193 185 13 17 0.77974 
436 325 15 19 0.7765659 
771 270 13 19 0.7703611 
763 249 12 16 0.76740855 
723 298 14 19 0.7611089 
416 306 19 22 0.7328317 
544 220 10 12 0.7185548 
376 386 26 40 0.71387535 
524 244 12 14 0.7014204 
190 238 12 16 0.6992068 
802 349 24 32 0.6812669 
517 179 10 13 0.6733829 
239 170 9 13 0.65318274 
560 321 16 23 0.64804024 
234 189 8 12 0.6240096 
363 166 8 12 0.6188791 
166 191 13 16 0.60528207 
383 175 10 13 0.58987933 
275 308 17 19 0.5612682 
260 238 12 15 0.56079143 
263 212 12 14 0.52289456 
273 170 11 14 0.512277 
643 213 11 14 0.51146954 
652 281 17 21 0.5104389 
906 275 13 20 0.50023055 
428 354 17 22 0.49347878 
207 159 7 10 0.49218947 
657 203 10 12 0.4868688 
488 183 9 12 0.48221225 
252 363 15 17 0.4813857 
518 203 9 11 0.47220302 
557 184 9 12 0.43499288 
1011 248 12 17 0.42740187 
489 188 9 12 0.41869777 
349 295 13 18 0.40256894 
917 255 12 13 0.39956802 
114 159 7 10 0.37916481 
472 191 8 11 0.37824196 
57 184 9 11 0.3653977 
418 181 9 12 0.34250927 
331 253 14 17 0.30185264 
420 233 11 16 0.29362914 
543 254 10 12 0.29098004 
818 256 13 17 0.29081804 
727 199 9 11 0.28594148 
97 175 9 11 0.27828434 
573 170 10 14 0.274023 
460 164 8 10 0.2676846 
920 235 10 12 0.2550471 
676 215 10 13 0.25112134 
444 181 10 14 0.24324447 
252 279 13 18 0.23149997 
222 236 14 19 0.22276488 
871 261 14 17 0.21857452 
198 275 13 18 0.2182555 
244 166 9 12 0.21753177 
709 370 16 22 0.21578905 
888 218 10 13 0.2129893 
472 127 7 9 0.20473471 
267 266 12 16 0.20162815 
751 215 8 10 0.19455628 
101 180 9 11 0.1932635 
477 172 9 12 0.19307847 
568 230 11 15 0.19201848 
322 196 14 17 0.19014587 
527 167 8 10 0.19010355 
478 168 8 10 0.18876207 
372 348 14 15 0.18653023 
1000 397 23 44 0.18620965 
894 214 11 14 0.17818452 
320 158 7 9 0.1716854 
343 290 13 21 0.17069307 
124 167 11 13 0.16149075 
758 236 11 13 0.16075061 
942 258 10 13 0.16052115 
704 299 11 15 0.15941574 
304 150 7 9 0.15914544 
759 152 7 9 0.15826862 
857 219 10 12 0.15512602 
303 166 9 12 0.15442546 
351 198 10 13 0.15152106 
238 142 10 13 0.15051495 
263 189 9 11 0.14921731 
48 172 7 10 0.14653 
445 176 9 11 0.14574973 
776 205 11 13 0.14311302 
601 183 8 11 0.14184737 
124 253 11 14 0.1379083 
323 190 12 14 0.13626525 
601 205 9 12 0.13415556 
914 213 9 10 0.1333647 
777 174 7 10 0.13294311 
424 160 8 10 0.13128032 
141 157 8 11 0.1310439 
526 174 9 11 0.13076589 
832 267 13 18 0.12994052 
164 166 9 11 0.12725836 
329 166 9 11 0.12605318 
301 214 10 13 0.12527223 
494 174 9 10 0.12500928 
709 199 8 10 0.124010116 
41 185 8 11 0.12348651 
587 135 6 9 0.121982425 
457 190 10 13 0.119508125 
809 246 8 12 0.11876598 
672 218 11 13 0.11696332 
855 196 9 11 0.115894064 
928 268 10 12 0.11548477 
758 168 7 9 0.11456149 
144 188 10 15 0.11289193 
414 163 9 12 0.11228568 
499 258 13 17 0.11170454 
271 196 9 12 0.111274354 
278 292 13 16 0.111125186 
253 206 10 12 0.11047143 
186 150 8 12 0.10898852 
914 258 11 15 0.10870566 
488 167 7 10 0.107997045 
701 374 24 29 0.10714933 
564 294 21 28 0.10669373 
469 237 11 15 0.1060736 
813 248 9 11 0.10473354 
841 199 8 10 0.10427401 
287 156 8 11 0.10312639 
529 213 9 12 0.10246663 
726 203 9 12 0.100819476 
557 166 8 11 0.10077742 
707 294 12 15 0.10023667 
200 203 11 13 0.09973698 
503 173 8 11 0.099726446 
489 175 9 11 0.098844856 
420 176 10 12 0.09742897 
1012 257 12 19 0.09653494 
442 187 9 12 0.096438706 
745 184 8 10 0.09546997 
736 157 7 9 0.09431697 
893 283 13 18 0.09339714 
478 237 12 16 0.09329388 
485 243 10 12 0.09228752 
820 283 10 13 0.09190273 
240 130 7 9 0.09188937 
771 159 7 10 0.091648646 
777 268 14 18 0.09144923 
113 163 10 12 0.08968952 
214 152 7 10 0.08956959 
255 175 8 11 0.08882197 
190 158 8 12 0.088455364 
680 226 11 14 0.087763526 
742 209 8 10 0.08763889 
355 283 15 20 0.08704542 
536 146 7 9 0.08613362 
498 128 5 7 0.0856981 
259 276 15 18 0.08501098 
281 156 8 11 0.083549626 
936 254 10 13 0.083373405 
267 238 10 13 0.082945086 
278 329 14 18 0.082474776 
321 202 11 14 0.08243052 
646 141 7 9 0.08204419 
196 192 13 16 0.08140623 
287 202 11 13 0.08093735 
717 262 12 15 0.080135465 
424 311 16 20 0.07977841 
430 204 8 10 0.07953576 
871 255 11 13 0.07874689 
255 180 10 13 0.07845818 
888 294 10 14 0.07794999 
199 286 19 26 0.07755505 
427 220 12 14 0.0770861 
711 221 10 12 0.076902255 
902 238 11 13 0.076390296 
327 171 9 12 0.0757172 
520 250 10 14 0.074808285 
912 209 9 10 0.07436321 
305 146 6 9 0.07360717 
640 207 11 14 0.073521204 
894 253 11 14 0.07296725 
192 163 9 12 0.07288892 
247 160 9 11 0.07263803 
604 200 10 12 0.07214593 
534 181 8 10 0.0713824 
365 245 12 14 0.07060528 
134 173 10 11 0.070343785 
953 241 12 16 0.070119396 
923 252 10 13 0.06968606 
999 160 7 8 0.06804075 
236 274 12 15 0.06759177 
721 207 9 10 0.06757316 
851 352 14 18 0.06727444 
630 258 16 21 0.06671625 
310 167 10 13 0.06624837 
692 243 11 13 0.06597365 
832 198 8 10 0.06561592 
425 227 15 18 0.065580465 
142 194 11 15 0.0653058 
660 250 12 16 0.06497573 
655 171 9 12 0.06446838 
751 220 9 11 0.064306304 
997 229 11 14 0.06426133 
78 237 9 12 0.06346479 
303 160 8 9 0.0630637 
236 205 11 14 0.06289569 
891 291 13 17 0.06274345 
573 191 9 10 0.062290292 
514 332 13 18 0.06195486 
936 261 9 12 0.061836824 
736 228 9 12 0.061542626 
846 236 8 11 0.06139732 
257 211 12 15 0.060952056 
312 190 8 11 0.06051299 
594 291 13 22 0.060478568 
209 152 7 12 0.0602182 
357 197 9 12 0.059744295 
887 236 9 12 0.05968911 
263 183 9 12 0.05880911 
110 174 9 11 0.05860226 
510 253 9 13 0.058561787 
414 302 14 18 0.057839405 
750 191 8 9 0.05775155 
639 235 12 14 0.057570715 
476 192 8 10 0.057241473 
243 171 11 14 0.056808434 
284 290 15 19 0.056705583 
385 356 16 18 0.05664236 
925 232 9 12 0.056488756 
754 198 8 11 0.05648293 
367 205 9 11 0.05632423 
729 282 21 27 0.056309022 
752 207 8 10 0.056285262 
502 168 8 11 0.056189846 
326 159 8 10 0.055372324 
264 196 10 12 0.055220205 
531 266 12 17 0.055013247 
294 309 11 14 0.05495206 
481 181 8 10 0.054348342 
205 270 10 16 0.054066133 
239 133 9 11 0.053828023 
737 207 8 11 0.053760916 
269 206 11 14 0.053741902 
361 243 10 15 0.05357267 
926 262 9 12 0.05334816 
454 181 9 11 0.053239726 
441 168 7 9 0.0531945 
845 204 9 12 0.05257775 
559 141 7 9 0.052317128 
254 198 10 13 0.052293662 
630 204 11 13 0.05211694 
497 152 9 11 0.052085686 
705 191 8 10 0.052021783 
615 183 8 10 0.051949795 
845 199 8 11 0.05171717 
296 152 7 9 0.051486187 
364 172 9 12 0.051404875 
499 221 9 12 0.051351838 
366 345 23 24 0.05131017 
808 240 7 10 0.051158357 
440 213 11 15 0.05076742 
900 244 11 13 0.050659526 
143 181 11 15 0.05028892 
212 296 14 19 0.0502801 
320 172 9 12 0.050198857 
232 276 10 14 0.05008528 
806 297 12 18 0.050013468 
588 284 12 19 0.049932208 
1014 198 8 12 0.049743775 
704 183 8 10 0.049478613 
462 194 10 12 0.04932373 
521 240 11 15 0.049171846 
605 175 9 10 0.04914039 
188 231 14 17 0.049033865 
348 388 22 28 0.049024582 
422 163 9 10 0.049007703 
551 246 10 13 0.04896685 
312 197 10 13 0.04852075 
758 213 8 11 0.048447654 
285 233 15 17 0.04844199 
97 169 8 11 0.048338838 
284 298 14 20 0.048169214 
630 199 10 12 0.047997307 
949 259 9 12 0.047837872 
583 291 15 23 0.047813404 
413 293 15 17 0.04777565 
577 251 10 12 0.047526706 
258 189 9 11 0.046997935 
711 176 8 9 0.04699391 
743 286 12 15 0.046906527 
527 207 8 10 0.04687083 
749 184 8 9 0.04686555 
259 230 14 16 0.046318732 
904 141 11 14 0.046306133 
1015 157 7 11 0.046117533 
747 292 12 16 0.04606167 
410 165 8 11 0.045940425 
611 369 15 22 0.04592974 
738 212 9 11 0.045585547 
965 264 9 12 0.045488313 
496 168 8 10 0.04547344 
749 297 14 18 0.045313578 
424 215 10 14 0.0451945 
320 184 10 11 0.04496154 
558 251 10 12 0.04434458 
733 198 7 10 0.044290148 
895 245 11 13 0.044215776 
894 239 10 12 0.044197712 
322 242 15 18 0.043627232 
909 230 9 12 0.043377236 
462 174 7 10 0.043209054 
919 247 11 14 0.043127038 
704 291 20 24 0.043049913 
200 163 10 12 0.042931437 
776 167 8 11 0.042918146 
686 223 7 11 0.04288365 
606 183 9 10 0.04285972 
844 336 14 18 0.04276389 
916 264 13 16 0.04274865 
295 158 8 10 0.042272553 
926 248 10 12 0.042173017 
270 254 13 17 0.041993186 
464 233 11 14 0.04166839 
592 238 9 12 0.04166165 
550 151 8 10 0.041270763 
711 206 9 10 0.041269083 
384 170 10 12 0.041072 
290 229 15 18 0.04094767 
785 306 22 28 0.04093558 
572 224 11 14 0.04081057 
323 373 17 20 0.040533356 
270 314 20 27 0.04022811 
861 160 7 9 0.040086553 
791 228 10 12 0.040054053 
362 388 27 35 0.0398983 
439 254 11 16 0.039835747 
629 211 11 14 0.039546866 
305 171 9 13 0.039454374 
731 273 14 17 0.039302625 
295 219 12 14 0.03925512 
432 327 23 29 0.03902423 
109 229 12 14 0.03880407 
277 197 11 14 0.03876303 
877 257 11 12 0.038736112 
873 196 8 11 0.038689688 
329 245 15 18 0.03852403 
1008 265 12 17 0.03848814 
148 182 11 14 0.038456462 
278 237 10 13 0.038157407 
933 230 12 13 0.03805134 
421 187 10 11 0.037959177 
582 246 10 13 0.03794807 
318 166 9 13 0.037863426 
213 156 8 12 0.037841193 
841 228 9 13 0.037723854 
698 229 9 12 0.03762996 
361 161 9 11 0.037602887 
532 176 8 10 0.03753358 
708 341 14 16 0.037505813 
309 182 9 11 0.037488647 
368 151 7 10 0.037400756 
495 255 11 14 0.037270814 
415 243 10 14 0.03725764 
861 197 8 11 0.037248407 
378 174 11 13 0.037109334 
456 174 9 11 0.036918707 
414 215 10 13 0.036645148 
837 262 13 17 0.03662982 
135 167 11 12 0.036393534 
825 237 9 10 0.036392864 
233 143 8 11 0.03622828 
408 298 12 16 0.036171805 
860 350 12 19 0.036156632 
763 255 14 20 0.036022395 
320 358 25 29 0.03600232 
235 194 12 14 0.035964362 
551 322 17 20 0.035923712 
254 270 11 15 0.035818327 
531 244 9 13 0.035815977 
310 144 7 10 0.035792828 
709 192 8 10 0.035617966 
376 190 10 12 0.03559761 
705 203 9 11 0.035469048 
704 176 8 10 0.035447806 
184 181 11 15 0.03523198 
869 306 13 18 0.035010792 
934 247 10 13 0.03493164 
408 220 11 15 0.034931127 
163 171 13 15 0.034674514 
755 152 7 10 0.034472495 
286 282 21 25 0.03444841 
622 251 13 18 0.034318022 
625 192 7 10 0.03424778 
900 212 9 13 0.034229368 
927 274 11 16 0.03418707 
313 158 9 10 0.03408896 
695 238 11 14 0.034081064 
544 150 7 10 0.03391146 
981 235 10 14 0.033597697 
311 365 10 15 0.03358607 
757 206 9 11 0.03330148 
735 192 7 10 0.033066947 
346 203 9 12 0.033055015 
800 246 9 12 0.03294609 
531 149 8 10 0.032884225 
729 301 16 20 0.032844923 
903 208 8 11 0.032765314 
496 134 7 9 0.032680616 
591 244 9 12 0.032577645 
15 213 10 12 0.032512154 
569 168 10 13 0.032355495 
845 230 10 13 0.032226447 
537 221 10 13 0.032095436 
135 189 12 14 0.032073427 
887 207 9 12 0.032037187 
174 183 11 15 0.032000814 
573 244 11 14 0.031902507 
899 251 13 16 0.031876937 
430 143 8 10 0.031855334 
902 222 10 12 0.031836264 
109 223 10 12 0.03182692 
998 224 9 12 0.031819273 
616 230 9 12 0.031722665 
633 182 9 11 0.031637665 
489 217 19 21 0.031471837 
716 276 14 17 0.031400755 
488 215 12 15 0.031396333 
887 255 10 13 0.03135118 
462 181 8 11 0.03083352 
565 239 13 17 0.030806685 
821 300 13 16 0.030773655 
961 268 11 14 0.030768791 
654 293 16 20 0.03075337 
865 265 13 16 0.030723747 
835 316 14 17 0.030667929 
238 180 10 14 0.030601362 
836 331 16 20 0.03053991 
332 197 10 13 0.030515727 
53 176 9 10 0.03041921 
691 422 13 17 0.03041801 
770 174 8 10 0.030391695 
465 346 18 21 0.030383645 
701 235 10 13 0.030362763 
654 221 11 13 0.030261066 
444 259 10 15 0.030239565 
373 205 10 12 0.030139534 
883 229 11 15 0.03013581 
298 280 19 26 0.030103832 
534 206 9 12 0.03009973 
810 298 15 18 0.029941296 
309 220 10 13 0.02987733 
193 268 14 18 0.029876735 
910 222 10 12 0.02978734 
558 243 10 15 0.029622514 
11 177 11 13 0.029600007 
523 167 8 10 0.02951449 
556 174 10 12 0.029491115 
848 190 9 11 0.029466996 
477 195 9 12 0.029449062 
310 151 8 9 0.029422242 
321 153 7 10 0.029418228 
975 268 13 16 0.029257834 
752 236 12 15 0.029208902 
518 187 10 12 0.029190494 
694 143 8 11 0.028976183 
215 240 14 20 0.028932951 
919 192 8 9 0.028929682 
494 196 9 12 0.028898139 
740 239 11 14 0.02885448 
195 279 19 26 0.028843896 
372 365 24 32 0.028685134 
426 300 15 21 0.028616102 
428 158 8 10 0.02860672 
102 168 8 11 0.028578227 
462 142 8 9 0.028440323 
705 346 13 15 0.028316814 
387 178 11 13 0.028312014 
780 199 10 12 0.028266504 
627 243 14 16 0.028172985 
750 228 13 15 0.028093558 
559 160 9 10 0.028069584 
409 215 9 13 0.027997695 
425 204 9 11 0.027943712 
766 215 8 9 0.02782899 
861 312 12 18 0.027790096 
771 246 10 14 0.027775675 
805 308 14 24 0.02775689 
837 324 14 17 0.0276695 
382 196 9 11 0.02764663 
841 237 9 11 0.027637666 
915 247 20 24 0.027388897 
686 236 10 15 0.027340388 
78 192 7 9 0.027216773 
842 288 19 24 0.027155021 
309 247 14 20 0.026999079 
420 240 12 17 0.026984839 
375 197 9 11 0.026981546 
776 280 17 19 0.026911631 
963 232 13 16 0.026896508 
567 182 8 10 0.026803292 
958 274 11 15 0.026685491 
693 343 10 12 0.026647238 
411 246 23 28 0.026609715 
297 166 9 12 0.026602967 
525 179 10 12 0.026586296 
481 160 7 9 0.026532685 
751 244 12 14 0.026494134 
505 333 12 15 0.026419288 
604 373 22 29 0.02637544 
752 174 7 9 0.02630075 
656 229 9 12 0.026296433 
232 148 9 11 0.026177963 
548 251 11 14 0.026074765 
137 197 11 13 0.02595185 
630 237 12 15 0.025845671 
374 350 24 26 0.025826994 
702 166 7 9 0.02582661 
547 215 12 14 0.025806565 
360 203 10 12 0.025775917 
911 236 9 12 0.025617616 
472 132 8 9 0.02559704 
814 321 16 20 0.025321843 
376 297 11 16 0.02531912 
689 126 8 10 0.025250627 
462 214 9 11 0.025200363 
1006 235 21 27 0.025150301 
698 159 8 10 0.025132464 
757 275 12 16 0.024941998 
713 214 10 13 0.024906635 
574 196 8 10 0.024894353 
560 237 11 15 0.02482382 
836 270 14 19 0.024821926 
958 206 10 11 0.024813415 
361 282 16 22 0.024808446 
512 176 10 13 0.024787934 
1002 227 12 15 0.02477425 
843 370 16 20 0.024774125 
678 233 13 17 0.02469337 
119 248 20 24 0.024684396 
960 263 9 11 0.024675975 
926 199 9 11 0.024602508 
112 213 11 12 0.024561547 
541 216 18 22 0.024553254 
325 153 8 9 0.024533866 
797 298 14 22 0.024526145 
743 222 10 12 0.024474874 
22 215 8 11 0.024468007 
823 221 9 10 0.02441444 
738 297 15 19 0.02435582 
840 224 9 11 0.024331346 
689 148 9 10 0.024330053 
981 261 11 14 0.024310786 
311 231 12 16 0.02428509 
244 189 11 12 0.024262566 
872 214 9 10 0.024213193 
117 233 11 15 0.024212778 
686 368 42 47 0.02419036 
55 199 10 12 0.024181493 
197 176 12 14 0.024181392 
701 299 20 26 0.024081392 
409 173 9 12 0.024069736 
141 174 9 12 0.024069553 
754 157 7 8 0.024038587 
120 258 13 18 0.023980215 
159 187 15 19 0.02390964 
820 306 13 19 0.023904657 
324 228 13 17 0.02389791 
359 160 17 24 0.023896702 
566 225 18 23 0.023831137 
783 142 7 10 0.023806479 
566 307 21 31 0.023725193 
829 251 10 14 0.023714056 
183 102 10 13 0.023655979 
73 192 7 9 0.02362295 
757 172 8 10 0.02361284 
351 215 10 13 0.02353736 
332 173 10 13 0.02353495 
836 296 14 19 0.023499148 
871 247 11 14 0.023498641 
926 283 11 15 0.023445677 
488 193 11 13 0.023439175 
268 166 8 11 0.02342759 
4 181 9 13 0.023358688 
816 213 7 9 0.023355532 
284 370 12 18 0.023346432 
239 161 18 24 0.023326261 
788 267 12 16 0.023224495 
845 251 11 15 0.023159835 
181 175 11 13 0.023153227 
500 215 10 12 0.02314153 
725 285 15 21 0.023125323 
568 190 9 11 0.023111427 
625 196 9 12 0.023095189 
637 199 9 11 0.02306013 
329 291 22 27 0.023034517 
310 393 14 17 0.02298586 
614 118 199 216 0.02298491 
722 200 9 10 0.022970391 
727 270 12 15 0.022952452 
884 302 14 20 0.022951651 
294 205 9 12 0.022933628 
554 142 7 9 0.022900678 
630 159 7 10 0.022894965 
318 222 11 14 0.022884062 
788 351 25 30 0.022857778 
526 161 9 11 0.022825332 
455 214 9 12 0.022816932 
629 219 11 13 0.022742804 
464 240 12 16 0.022578537 
759 156 7 10 0.022563001 
139 287 22 28 0.022551525 
798 314 15 24 0.022468746 
634 233 20 24 0.022465412 
792 246 9 12 0.022458604 
248 198 10 12 0.022426246 
161 248 15 18 0.022412982 
381 187 11 14 0.022411857 
662 213 11 14 0.022365864 
829 238 9 10 0.022352362 
630 190 9 11 0.02233582 
495 205 10 14 0.022333613 
462 207 8 10 0.022286419 
994 160 8 9 0.022247087 
756 233 19 22 0.022213599 
741 227 11 13 0.022209937 
14 197 10 12 0.022175977 
698 360 26 28 0.022171715 
325 182 10 13 0.022160938 
241 161 8 10 0.0220892 
109 179 9 11 0.02206924 
209 144 7 10 0.022053832 
727 237 11 14 0.022033243 
321 66 198 223 0.022032846 
96 212 8 11 0.022030076 
625 213 9 12 0.022004152 
877 192 8 10 0.021996344 
123 264 15 17 0.021966288 
290 298 13 18 0.021923289 
722 159 6 9 0.021885335 
941 236 12 14 0.021850305 
734 238 12 15 0.021846125 
519 209 10 13 0.021823378 
672 175 8 10 0.02171723 
837 251 12 15 0.021712555 
468 237 19 24 0.021702943 
253 200 19 24 0.021636691 
728 193 10 13 0.021622717 
238 259 12 15 0.02161953 
851 338 14 19 0.02149082 
190 281 15 20 0.02146778 
317 371 15 17 0.021232499 
649 173 9 11 0.021159818 
992 234 11 15 0.021128163 
282 447 32 39 0.021109294 
846 347 15 20 0.02109572 
486 184 18 23 0.021073472 
190 219 13 17 0.021016886 
436 235 11 15 0.020960502 
514 175 18 22 0.020877594 
502 236 12 15 0.020816106 
764 231 10 13 0.02077786 
605 188 10 13 0.020771338 
895 209 10 11 0.020764738 
975 236 10 13 0.02072277 
805 285 10 14 0.020687453 
853 182 9 10 0.02062888 
799 292 13 18 0.020612247 
214 163 9 13 0.020586547 
410 238 9 13 0.020567719 
190 205 11 14 0.020518702 
513 199 10 13 0.020489331 
893 190 8 10 0.020472657 
990 275 13 16 0.020452183 
438 244 10 14 0.020449556 
117 211 10 12 0.02037572 
830 216 10 11 0.020283451 
380 171 17 22 0.020196522 
445 197 9 11 0.020163013 
381 206 11 14 0.020140754 
642 241 13 17 0.020138463 
717 213 10 12 0.02010342 
694 223 9 11 0.020099832 
741 288 20 25 0.020055935 
271 161 9 11 0.020023474 
