11_Meeting_Meeting_11_Meeting_Meeting_11_865
100
349 372 330 421 0.997233 
0 428 97 118 0.21391375 
301 1261 16 24 0.18702367 
359 1317 21 29 0.1526895 
223 1195 29 33 0.112045385 
372 1104 15 20 0.10734106 
263 1244 12 16 0.08486771 
354 1279 17 21 0.07891129 
382 1100 14 20 0.07477029 
467 1471 23 30 0.06668974 
492 1486 23 27 0.066658065 
359 1331 23 34 0.06347562 
559 1106 15 19 0.05927216 
422 1109 15 17 0.05829922 
316 1257 21 30 0.055761788 
469 1354 16 22 0.055068355 
418 1106 26 29 0.052174326 
477 1347 16 22 0.051631756 
352 1363 19 23 0.04800221 
431 1380 16 22 0.047721874 
291 1267 21 28 0.04665227 
398 1109 21 28 0.04373218 
332 1150 28 34 0.043554034 
413 1116 14 17 0.043397 
216 1204 27 31 0.041523278 
333 1281 20 26 0.041058127 
214 1186 49 58 0.040165856 
447 1088 15 19 0.040158145 
408 1110 23 28 0.039828178 
468 1082 17 20 0.039784767 
402 1109 13 17 0.03811038 
394 1099 15 19 0.037986625 
407 1021 401 451 0.037297703 
472 1080 28 36 0.03642398 
328 1091 10 12 0.034742177 
435 1372 24 31 0.034198225 
351 1347 24 33 0.034086622 
273 1302 40 56 0.03356945 
362 1277 15 20 0.03351717 
476 1080 17 23 0.033472188 
492 1085 13 16 0.03306864 
306 1268 15 22 0.032589156 
394 1250 18 24 0.03117598 
376 1095 11 13 0.031104779 
476 1439 24 26 0.029791921 
341 1094 9 12 0.029002484 
355 1250 17 20 0.028702585 
350 1101 11 15 0.028436309 
366 1102 14 17 0.028380875 
358 1099 20 30 0.027924743 
49 420 103 118 0.02781563 
547 1098 24 30 0.027657757 
332 1157 41 56 0.027281767 
209 1210 45 56 0.02709036 
353 1139 17 21 0.026934735 
335 1460 30 38 0.026895352 
416 1438 10 12 0.026518593 
299 1277 15 19 0.026079766 
195 1274 31 35 0.025651464 
369 1328 16 22 0.025508557 
260 1268 11 14 0.02482351 
292 1420 13 15 0.024527349 
425 1097 27 32 0.023995725 
343 1100 11 14 0.02396037 
336 1088 8 10 0.02390552 
327 1168 29 35 0.023888897 
386 1093 19 22 0.023883624 
434 220 117 134 0.023534002 
299 1387 13 16 0.023470143 
411 1125 15 21 0.023449125 
360 1083 10 13 0.02344191 
460 1087 17 20 0.023355724 
393 1387 14 16 0.023204781 
340 1378 12 17 0.022987286 
456 1463 25 33 0.022953844 
294 1260 15 22 0.022951577 
860 527 110 137 0.022794144 
193 1303 96 133 0.022701012 
412 1099 45 53 0.022644065 
540 1157 15 20 0.02259121 
557 1106 25 34 0.022517797 
444 1480 25 31 0.022464268 
222 1172 34 42 0.022349197 
527 1084 24 32 0.022260556 
286 1140 14 18 0.022232875 
30 523 216 304 0.022144884 
319 1301 12 15 0.021916132 
522 1137 15 20 0.021851955 
38 467 362 437 0.0215677 
433 1107 16 20 0.02152436 
277 1405 12 15 0.021364953 
339 1276 16 21 0.021317193 
482 1338 16 24 0.020825248 
483 1077 27 33 0.020817291 
469 1446 24 28 0.0207224 
285 1274 16 20 0.02060105 
334 1108 12 14 0.020521028 
480 1482 23 29 0.020220097 
208 1234 27 32 0.020157164 
341 1105 12 16 0.020006727 
