11_Meeting_Meeting_11_Meeting_Meeting_11_633
29
463 210 203 247 0.9996208 
175 441 154 198 0.9985606 
701 356 152 204 0.99301034 
68 422 9 11 0.1352009 
955 73 12 17 0.119287685 
273 198 10 12 0.06153082 
972 60 13 16 0.048910633 
930 152 15 20 0.04645307 
964 56 15 20 0.045797437 
221 247 13 15 0.04230424 
960 54 11 17 0.03975276 
237 106 417 445 0.033759642 
285 213 9 13 0.032169774 
923 181 14 19 0.03184232 
949 66 21 27 0.03173494 
72 369 7 9 0.030425798 
39 357 10 13 0.027748214 
229 218 12 15 0.026142173 
249 228 17 19 0.02486342 
222 212 13 16 0.024516063 
958 151 10 14 0.024020286 
979 204 12 15 0.02356367 
222 193 8 9 0.023162626 
1013 388 10 14 0.022571357 
980 68 9 12 0.022380536 
965 600 8 11 0.022343848 
239 238 11 14 0.021615716 
1 324 8 13 0.021509523 
911 13 12 13 0.020111226 
