11_Meeting_Meeting_11_Meeting_Meeting_11_375
29
467 170 110 151 0.99950564 
226 168 97 125 0.99936837 
769 129 104 172 0.99878794 
78 205 70 88 0.9917739 
407 130 61 118 0.79254884 
349 466 42 54 0.6557781 
437 148 77 130 0.32910717 
70 394 141 109 0.15313886 
88 407 35 36 0.119553246 
842 189 121 172 0.10946295 
796 166 118 160 0.07110072 
21 354 214 184 0.060271855 
707 135 107 148 0.040438548 
78 200 39 62 0.036942184 
473 649 34 42 0.034380425 
393 108 57 106 0.03254436 
223 334 49 66 0.031015929 
402 676 18 22 0.03047967 
112 226 59 68 0.027321402 
366 131 83 129 0.025206566 
775 214 132 191 0.024843981 
123 180 85 115 0.023332838 
176 175 94 125 0.023020536 
110 403 385 498 0.02196839 
1002 603 21 39 0.021917475 
144 414 114 115 0.021151576 
900 283 63 89 0.020359568 
241 443 58 66 0.020252619 
666 123 372 418 0.020140726 
