11_Meeting_Meeting_11_Meeting_Meeting_11_507
373
133 361 29 39 0.99846447 
821 358 28 33 0.9980399 
56 253 27 35 0.99756193 
76 402 35 49 0.99482805 
904 407 41 50 0.99106395 
240 234 14 19 0.9770398 
749 235 14 19 0.9663763 
283 289 14 18 0.9538503 
192 240 17 23 0.9450742 
846 301 16 21 0.9392884 
661 282 14 17 0.92218834 
1011 248 12 20 0.9136153 
253 303 17 22 0.8880637 
876 287 14 18 0.87718016 
861 355 22 32 0.87696356 
774 230 14 18 0.8711068 
731 274 13 17 0.8311481 
684 283 14 17 0.8067451 
895 319 22 26 0.7590247 
810 248 16 22 0.6514693 
696 298 18 22 0.6486806 
309 283 12 16 0.6419001 
707 314 17 23 0.64181256 
735 323 14 20 0.6059441 
197 359 20 27 0.6041849 
146 292 18 23 0.59268254 
748 309 16 18 0.52388054 
913 359 22 29 0.5075597 
889 305 18 22 0.46570155 
647 275 12 14 0.3908721 
298 230 9 12 0.37911847 
660 256 9 10 0.3497989 
378 255 9 10 0.34254462 
801 346 16 21 0.33769315 
216 270 13 18 0.31745306 
275 270 9 13 0.29393274 
961 247 11 14 0.2836996 
241 316 22 28 0.28247747 
326 246 10 11 0.26510742 
521 239 7 10 0.2408102 
332 273 12 14 0.23919454 
632 262 8 12 0.23539352 
975 350 27 29 0.21957819 
1004 227 9 13 0.21333948 
581 283 11 14 0.21195887 
919 354 18 22 0.20640208 
309 262 10 12 0.20112883 
192 429 26 30 0.19879954 
159 352 16 20 0.18208939 
575 285 11 14 0.18204755 
680 260 10 12 0.18068263 
706 357 19 20 0.18057527 
589 302 10 12 0.17655012 
573 291 11 13 0.17395107 
273 274 10 14 0.16823359 
789 314 15 19 0.16134392 
357 256 8 11 0.15955187 
875 363 25 31 0.15670832 
577 279 10 13 0.15165135 
958 271 11 14 0.15048806 
276 364 12 17 0.14889295 
735 246 9 12 0.14856578 
735 238 8 11 0.13669516 
962 223 8 11 0.13658838 
657 258 10 14 0.13639118 
350 260 10 12 0.13632393 
600 253 8 12 0.13330452 
257 261 10 13 0.131686 
739 318 16 21 0.12808284 
764 221 11 14 0.12766922 
434 254 7 10 0.12030555 
936 373 15 18 0.11970149 
984 243 12 15 0.11724796 
615 255 7 9 0.11487154 
618 308 11 13 0.11056894 
901 232 8 10 0.11035844 
882 254 9 12 0.10965348 
631 315 11 15 0.108437225 
630 305 9 11 0.10732833 
457 245 9 10 0.1057287 
346 262 9 11 0.103378154 
599 318 11 12 0.10307203 
604 310 9 12 0.10141218 
681 339 10 13 0.10114114 
545 263 9 11 0.100332655 
391 247 9 11 0.09777095 
406 252 7 10 0.09530228 
931 373 25 28 0.09412587 
313 392 13 16 0.09310829 
277 429 18 19 0.09070316 
988 239 10 12 0.085831285 
558 245 8 10 0.085737675 
918 368 24 30 0.08514319 
688 288 20 24 0.083973646 
861 346 15 22 0.082637444 
406 270 10 11 0.082617834 
166 274 14 19 0.07970985 
630 247 7 9 0.077359505 
634 342 11 14 0.075511046 
173 293 9 13 0.07480097 
625 262 9 11 0.0740954 
243 260 12 16 0.07205795 
963 358 34 35 0.0717428 
376 248 7 10 0.07142426 
322 241 7 10 0.06943702 
352 222 8 9 0.068682656 
817 244 13 16 0.06711753 
381 318 12 14 0.06699628 
991 219 8 12 0.06672838 
647 248 8 9 0.06608906 
600 302 9 11 0.065419056 
1003 277 19 27 0.064607136 
376 302 9 10 0.064443536 
575 315 11 13 0.06347148 
732 251 12 15 0.06334373 
123 331 13 17 0.06308456 
604 293 11 13 0.06232967 
922 232 8 10 0.061294854 
652 276 13 16 0.060039893 
629 310 11 14 0.060014706 
461 244 8 10 0.058554582 
195 417 24 29 0.057467766 
794 310 12 15 0.05745567 
288 239 9 10 0.056484353 
139 276 15 19 0.055244338 
559 263 12 14 0.053122245 
589 278 9 12 0.052878395 
328 250 10 13 0.052875873 
606 254 8 10 0.052761927 
636 263 10 12 0.052334085 
581 310 11 13 0.05218567 
648 253 9 11 0.052154858 
290 285 13 18 0.051225748 
651 271 12 14 0.05105011 
864 302 10 14 0.05081279 
126 259 14 18 0.050786678 
332 325 14 16 0.050436657 
895 365 27 32 0.04993262 
667 291 13 15 0.049609594 
781 319 16 21 0.049004182 
632 255 7 10 0.048447773 
1001 420 24 36 0.04780028 
691 280 11 14 0.04692736 
171 269 12 16 0.0467546 
300 234 10 13 0.046469606 
326 241 9 11 0.04631403 
808 348 23 30 0.045841344 
206 415 13 15 0.045401312 
398 304 9 10 0.045276273 
334 254 8 11 0.045171857 
941 368 25 30 0.043702714 
304 289 13 16 0.043100074 
591 248 9 11 0.04285618 
639 268 9 12 0.042840727 
236 324 18 22 0.0428263 
617 302 11 14 0.042660594 
286 409 9 11 0.042599294 
143 354 26 36 0.04240919 
311 257 9 12 0.042038582 
388 321 11 12 0.04154625 
828 346 24 32 0.041107528 
952 366 34 36 0.04108923 
884 269 11 14 0.040916577 
437 248 8 10 0.040692862 
742 309 15 17 0.04058756 
734 358 26 26 0.040454824 
867 332 14 17 0.039413463 
434 250 7 9 0.039125703 
266 325 15 18 0.038986288 
732 261 12 14 0.038833417 
753 301 17 21 0.038687747 
709 356 27 29 0.038625754 
712 308 18 22 0.03860571 
343 256 10 12 0.038464006 
556 285 9 12 0.038298935 
558 280 9 11 0.038251594 
975 332 12 17 0.038027916 
705 301 16 19 0.037956294 
368 297 9 11 0.037901495 
639 254 9 11 0.037864137 
648 294 9 12 0.037660394 
277 255 8 11 0.03765573 
936 278 9 11 0.0376183 
614 327 10 12 0.037479226 
583 293 10 12 0.037473854 
102 360 23 30 0.037330914 
108 350 24 33 0.037302744 
588 296 10 12 0.03728931 
327 374 10 11 0.037106857 
975 230 10 12 0.03705768 
771 493 31 34 0.03691122 
377 318 10 13 0.03684197 
943 198 7 11 0.03671408 
647 349 13 15 0.036594834 
910 372 18 23 0.03642686 
276 261 10 14 0.036093395 
198 348 22 28 0.036060065 
959 361 14 20 0.035888232 
408 277 8 11 0.03527172 
333 -1 140 145 0.035002813 
897 233 10 13 0.03488679 
686 247 9 11 0.034856424 
569 287 9 12 0.034736942 
529 261 9 11 0.034648202 
585 252 8 11 0.03445076 
544 256 9 11 0.034308005 
553 238 8 11 0.03409507 
408 294 8 10 0.03396314 
399 263 9 11 0.03364701 
586 283 11 13 0.03341366 
296 226 8 11 0.033395328 
390 252 9 11 0.033311956 
5 306 15 21 0.03304989 
351 237 9 11 0.032924157 
796 408 12 15 0.032835398 
568 277 9 12 0.032793786 
878 279 14 17 0.032514986 
327 261 10 12 0.032457277 
682 279 11 14 0.03222027 
190 361 18 23 0.03205115 
400 269 10 12 0.031953514 
309 343 11 13 0.03188305 
770 412 12 14 0.03184616 
685 254 10 13 0.03175019 
726 297 12 16 0.03170462 
614 293 11 13 0.031688616 
252 209 13 17 0.031578496 
670 261 10 12 0.031480007 
316 262 9 12 0.031012207 
664 335 13 16 0.030664977 
592 252 9 12 0.030560821 
972 336 24 31 0.03048995 
399 247 9 11 0.03026777 
342 270 9 11 0.030248165 
390 285 10 11 0.030150257 
262 269 10 13 0.029786492 
953 269 11 14 0.02970482 
721 358 27 27 0.029680096 
551 232 7 9 0.029543852 
384 237 8 10 0.029362729 
140 281 21 28 0.028778827 
374 224 7 10 0.028757703 
349 360 11 13 0.028612306 
780 170 12 16 0.028590983 
0 433 24 35 0.028571941 
510 249 9 10 0.028462155 
416 263 8 10 0.028413158 
166 291 14 18 0.028383963 
745 355 26 26 0.028382543 
380 258 10 12 0.028252129 
104 354 13 17 0.028249497 
380 302 11 12 0.028218465 
375 358 9 11 0.028161528 
998 278 14 18 0.028089391 
624 256 8 9 0.027882555 
924 234 11 13 0.027790394 
171 296 14 20 0.027757289 
964 227 11 13 0.027399657 
986 341 24 31 0.027245529 
897 399 27 38 0.027198471 
883 275 13 17 0.027133688 
251 234 13 18 0.026984261 
599 259 9 11 0.026967641 
881 259 11 14 0.02689882 
617 286 9 11 0.02676788 
718 262 9 13 0.026625548 
615 260 9 11 0.026597064 
398 278 9 12 0.026553364 
292 254 11 13 0.02654166 
570 316 10 13 0.026523938 
556 292 10 12 0.026429875 
550 269 9 11 0.0264083 
202 440 15 19 0.026343856 
964 342 24 32 0.02632829 
760 214 12 15 0.026325459 
293 357 12 14 0.02628441 
1011 277 12 19 0.026277462 
114 363 24 31 0.026260782 
398 239 9 11 0.026220547 
623 314 10 13 0.026212376 
391 303 9 11 0.026167866 
790 228 13 18 0.026166 
424 272 9 10 0.02616236 
948 286 11 13 0.025844067 
606 358 9 11 0.025813453 
309 266 12 15 0.02559123 
954 245 10 12 0.025356142 
366 310 9 11 0.025332455 
331 247 10 11 0.025239164 
374 352 9 11 0.025156649 
294 389 10 13 0.025139436 
625 267 9 13 0.025087204 
685 270 11 14 0.025014276 
772 223 14 17 0.024949905 
755 229 13 16 0.024713239 
575 300 9 11 0.024701051 
602 358 9 12 0.024644418 
979 333 14 18 0.024607027 
625 240 8 11 0.024605568 
422 278 9 11 0.024600578 
544 237 8 11 0.024568282 
695 315 22 29 0.024567053 
888 236 9 13 0.024421219 
768 232 14 19 0.024334809 
763 333 14 18 0.02430659 
502 247 9 12 0.024188228 
565 267 11 13 0.024172042 
793 224 22 29 0.024132123 
343 245 9 11 0.024109924 
567 301 11 12 0.023936054 
694 390 11 15 0.023783311 
607 259 8 11 0.02357367 
617 316 10 11 0.023555499 
999 245 10 13 0.02311836 
654 302 11 13 0.023110248 
318 268 9 12 0.022983056 
289 231 9 11 0.02294166 
1013 305 11 17 0.022933122 
856 276 11 15 0.022900444 
367 240 9 10 0.02276568 
592 231 7 10 0.02267069 
421 287 9 10 0.022614744 
156 179 10 12 0.022474501 
743 259 11 14 0.02246016 
625 278 9 13 0.022451706 
606 249 8 10 0.022449616 
963 339 15 19 0.022425456 
398 286 9 10 0.022380149 
171 282 14 20 0.022230709 
535 256 9 11 0.022153106 
632 335 12 14 0.022131681 
153 282 20 27 0.022028185 
280 407 10 12 0.02200808 
316 348 13 15 0.021974565 
681 247 8 11 0.021955032 
294 226 18 23 0.021888826 
267 333 16 20 0.021888541 
332 319 14 14 0.021848928 
545 247 8 10 0.021704908 
624 217 7 9 0.021410184 
384 286 10 12 0.021331768 
755 421 14 15 0.021230996 
670 298 12 15 0.021200242 
991 229 9 11 0.021120472 
737 308 11 15 0.021076329 
559 255 9 10 0.021074617 
738 331 16 21 0.021052983 
240 412 13 14 0.02096445 
275 389 14 15 0.020942656 
154 234 16 21 0.020910146 
882 248 8 11 0.020888787 
675 390 18 20 0.020824783 
345 364 12 15 0.020647263 
205 342 22 28 0.020642055 
732 299 12 15 0.020631475 
496 240 7 9 0.020628951 
239 407 11 12 0.020603187 
260 291 12 16 0.020530894 
592 272 9 12 0.020528316 
983 232 8 10 0.020504374 
731 236 9 12 0.020485684 
424 294 8 10 0.02045061 
126 213 23 31 0.020432547 
256 254 18 24 0.02042021 
438 260 10 11 0.020364668 
965 347 14 19 0.020357022 
637 301 10 12 0.020340074 
352 230 9 12 0.020258496 
302 396 10 12 0.020217406 
265 357 22 26 0.020091536 
575 279 19 22 0.020064304 
691 350 14 15 0.020057237 
562 214 9 11 0.020030076 
