11_Meeting_Meeting_11_Meeting_Meeting_11_339
38
892 249 84 122 0.99847 
614 122 30 41 0.99754673 
276 138 34 47 0.99746585 
456 120 27 34 0.997203 
162 151 42 52 0.9877365 
671 146 38 58 0.942027 
140 211 27 52 0.9362076 
719 187 34 61 0.90106076 
35 199 29 51 0.25359145 
963 6 50 64 0.14754656 
788 251 57 64 0.13380942 
109 233 36 40 0.132536 
443 146 14 17 0.079423435 
485 145 14 16 0.07709802 
291 113 383 497 0.07239171 
493 146 13 15 0.061869 
223 172 28 32 0.059791703 
510 228 10 12 0.05384776 
570 412 26 29 0.04862277 
120 216 33 46 0.035324898 
106 248 28 33 0.031188797 
746 202 39 49 0.030557405 
396 223 11 14 0.030427666 
789 192 24 40 0.029584374 
539 87 15 20 0.027615095 
795 183 29 39 0.027501844 
507 222 9 12 0.026636405 
656 135 25 36 0.025880182 
61 171 30 36 0.025639782 
432 209 9 11 0.025191508 
708 169 29 45 0.023482395 
441 144 11 13 0.023126382 
886 224 52 81 0.022753272 
111 259 14 18 0.022172635 
557 316 11 13 0.02198206 
358 222 11 14 0.021334173 
674 351 25 29 0.021064995 
42 181 42 57 0.021027578 
