11_Meeting_Meeting_11_Meeting_Meeting_11_574
341
711 320 32 38 0.9953774 
957 331 35 44 0.9953354 
850 295 28 33 0.99432206 
639 285 24 31 0.99320835 
347 301 22 28 0.99315405 
261 297 21 29 0.9923856 
197 290 23 29 0.98853624 
532 243 16 21 0.98323387 
355 256 18 24 0.9813969 
453 218 16 22 0.9773301 
802 267 20 26 0.96917456 
509 237 14 19 0.96842265 
494 224 14 18 0.96519977 
354 236 16 20 0.96503186 
972 290 30 34 0.9619746 
435 216 13 19 0.9597009 
303 256 18 24 0.9528255 
483 260 17 23 0.93055767 
514 208 15 19 0.9251815 
687 261 19 27 0.909502 
122 294 22 28 0.9085415 
42 333 43 77 0.9068684 
804 237 13 16 0.89176756 
728 241 16 18 0.86190104 
864 241 19 22 0.84436214 
873 214 15 18 0.81428 
399 274 19 25 0.80599266 
752 218 13 16 0.76313215 
741 290 24 27 0.73413485 
591 231 12 15 0.7269252 
589 192 10 13 0.70770645 
567 199 10 12 0.6820521 
399 249 15 20 0.63476497 
130 320 27 32 0.63052034 
468 243 15 19 0.62216866 
919 192 11 15 0.55548275 
785 208 8 12 0.55148906 
706 250 16 22 0.5496773 
704 187 10 14 0.5359505 
770 207 11 14 0.4787163 
927 218 14 18 0.44509953 
624 220 11 15 0.44012985 
413 237 15 18 0.43583035 
950 258 20 27 0.43315813 
820 190 9 12 0.4169734 
833 198 10 12 0.39587635 
613 202 10 13 0.38699308 
526 206 12 15 0.38415912 
941 234 14 17 0.36161155 
569 213 11 14 0.35186583 
608 197 10 13 0.34824273 
556 199 12 14 0.32849866 
551 232 15 19 0.2894674 
824 208 11 14 0.28007874 
787 251 13 16 0.27947325 
658 206 9 12 0.2778064 
782 260 18 23 0.27061653 
880 195 11 14 0.25996223 
226 321 20 27 0.25673196 
698 255 18 26 0.24336636 
957 240 14 16 0.24106571 
830 205 11 14 0.23161456 
646 220 10 12 0.22696042 
462 270 16 21 0.20029663 
766 261 15 18 0.19407779 
730 284 25 28 0.18803665 
672 224 11 13 0.18562344 
690 306 21 27 0.1700972 
607 193 9 12 0.16818239 
791 199 8 10 0.16547377 
543 223 10 13 0.16273896 
759 245 12 15 0.15591481 
637 190 8 10 0.15449204 
648 197 9 11 0.14635795 
584 215 9 12 0.14360254 
621 247 11 14 0.13702467 
616 226 11 15 0.13107549 
680 191 9 11 0.12805508 
694 194 10 13 0.12711091 
562 273 14 17 0.122643806 
930 203 14 17 0.12091632 
822 250 13 16 0.120539285 
128 283 27 32 0.11983584 
928 211 15 18 0.11875994 
599 215 10 13 0.114700034 
663 198 9 12 0.1138108 
948 236 13 16 0.11338777 
625 269 16 22 0.11047382 
665 191 9 10 0.10886078 
884 193 8 11 0.100236624 
584 220 10 14 0.09989436 
676 243 14 19 0.09984454 
875 204 14 17 0.09387424 
907 211 11 15 0.09290725 
729 163 9 12 0.0901236 
125 58 19 28 0.08825728 
632 173 9 11 0.086919785 
694 173 8 11 0.08532504 
921 367 27 34 0.08412298 
440 297 18 22 0.08295226 
908 205 10 14 0.08247574 
676 238 13 15 0.07964033 
815 195 11 14 0.07950458 
638 244 14 18 0.079432875 
886 292 15 21 0.07925208 
902 365 13 19 0.078554705 
621 237 11 12 0.07684263 
549 221 12 15 0.07682376 
838 192 8 10 0.07548909 
787 210 10 13 0.07064683 
615 234 12 13 0.06798991 
695 230 12 15 0.06788301 
954 251 16 20 0.06610519 
746 259 14 18 0.0660068 
848 206 9 12 0.0646221 
733 229 14 17 0.06412192 
789 322 28 34 0.063256904 
670 207 10 11 0.06309049 
627 216 12 15 0.062837556 
724 284 19 24 0.06194946 
526 298 16 18 0.060718562 
817 185 9 10 0.060392883 
603 219 12 15 0.05990956 
533 275 16 21 0.059817154 
679 182 10 12 0.058977522 
588 283 15 19 0.058734346 
660 210 10 13 0.058031656 
881 619 53 55 0.057164818 
477 250 15 19 0.05657732 
827 244 14 18 0.05655773 
806 221 11 13 0.056505054 
923 195 13 16 0.055940203 
446 216 16 23 0.05584841 
798 218 11 15 0.05566013 
799 206 9 12 0.05545474 
949 319 25 35 0.055249702 
291 154 32 50 0.055019896 
717 306 27 38 0.054621115 
616 251 13 17 0.054587137 
835 229 13 15 0.05397816 
724 274 17 21 0.05358286 
904 250 13 17 0.0532362 
882 219 13 15 0.052726667 
804 212 10 12 0.05271388 
557 219 11 14 0.052110203 
588 213 11 13 0.052039307 
654 200 9 11 0.051664647 
896 213 9 12 0.049699552 
526 225 12 16 0.049386214 
807 207 9 12 0.04919579 
687 189 10 13 0.049104843 
571 204 11 14 0.046421114 
712 229 12 16 0.046202954 
809 241 14 17 0.045694206 
583 278 14 17 0.045649763 
735 225 10 12 0.04549765 
815 204 9 13 0.045465603 
820 266 15 19 0.0448899 
663 222 10 13 0.04470693 
629 226 11 14 0.044379804 
613 184 9 11 0.044168007 
930 222 19 24 0.04367353 
782 232 14 16 0.043326396 
426 368 20 26 0.042631682 
50 328 26 49 0.04262001 
709 195 9 12 0.042465426 
814 224 11 14 0.042440493 
908 218 12 15 0.04197046 
638 174 9 11 0.040894482 
154 315 21 30 0.040569004 
406 247 19 24 0.040504117 
771 260 19 24 0.04047279 
699 233 12 15 0.03928555 
717 233 12 16 0.038582515 
726 298 27 35 0.038024276 
673 213 10 12 0.03791206 
689 195 10 12 0.037747107 
631 196 9 13 0.037743818 
856 228 12 16 0.037702713 
436 259 15 21 0.037649002 
821 225 11 15 0.037639868 
640 220 10 12 0.03744281 
904 240 20 24 0.037437588 
772 219 12 14 0.037139244 
376 50 43 57 0.03706513 
581 258 13 17 0.037038676 
533 226 14 16 0.036849845 
805 374 20 30 0.03681636 
686 183 9 12 0.036288697 
874 223 15 18 0.036231685 
552 215 10 12 0.035884175 
629 205 10 12 0.035760768 
639 194 10 13 0.035710867 
627 277 22 28 0.035597593 
545 282 15 19 0.03532265 
600 194 10 13 0.03519698 
795 259 20 25 0.035190254 
984 294 29 35 0.03482944 
586 188 16 21 0.034709916 
870 227 14 17 0.034666546 
853 211 11 14 0.034579292 
975 226 13 16 0.03420693 
549 252 13 17 0.03414146 
668 197 9 11 0.03411264 
845 200 9 12 0.0340908 
646 225 12 16 0.033756536 
947 318 16 23 0.033660803 
722 290 25 31 0.033506963 
743 253 12 17 0.03348045 
622 203 10 13 0.033277623 
649 203 10 12 0.03304009 
758 259 14 19 0.032941684 
466 257 16 22 0.03263637 
885 226 13 17 0.032501467 
637 228 11 14 0.03248635 
785 200 8 11 0.0324578 
835 203 10 14 0.032414753 
531 210 11 14 0.032411657 
925 362 17 20 0.032203835 
562 282 16 20 0.03177931 
718 220 10 14 0.031718403 
637 237 13 15 0.031491365 
583 246 11 13 0.031306654 
983 284 20 22 0.031208513 
656 184 9 10 0.031208513 
833 193 9 11 0.031139523 
863 214 10 14 0.030962685 
702 321 23 34 0.030809477 
473 238 14 17 0.030749599 
15 337 52 75 0.030733561 
583 206 10 13 0.030704124 
687 228 11 14 0.030551082 
550 269 10 13 0.030503329 
743 205 9 13 0.030501233 
689 173 9 13 0.030313252 
890 628 31 36 0.030249983 
516 249 14 18 0.030170573 
677 207 10 12 0.030168073 
562 235 12 16 0.030089626 
503 196 12 17 0.029936144 
561 200 18 22 0.029894035 
424 213 12 16 0.029305277 
571 217 12 15 0.02917285 
905 298 15 21 0.029073993 
831 234 14 17 0.0287994 
903 197 12 14 0.028564693 
913 196 10 15 0.028390257 
858 602 96 111 0.028330563 
857 233 20 27 0.028046958 
663 186 9 10 0.028037429 
644 250 13 17 0.02784606 
585 227 12 16 0.02775253 
451 291 16 20 0.02775236 
531 267 15 18 0.02766952 
762 250 15 18 0.02759059 
118 339 25 28 0.027518632 
977 333 27 38 0.027451484 
549 240 13 17 0.027449723 
838 185 8 9 0.02731044 
664 227 11 15 0.027223038 
446 243 13 18 0.027221814 
695 315 22 30 0.027079057 
700 184 18 21 0.026873788 
571 259 15 17 0.026836442 
718 211 10 14 0.026829168 
863 221 10 14 0.026798427 
67 329 48 66 0.026639089 
685 238 11 14 0.026496153 
113 349 26 29 0.026463822 
820 194 12 14 0.026430035 
873 293 23 30 0.026098594 
124 285 18 22 0.026040118 
612 190 10 13 0.025911463 
442 307 17 22 0.025807835 
563 262 22 26 0.02568621 
616 269 21 28 0.025681734 
638 184 9 11 0.025540197 
175 257 430 400 0.025485635 
894 626 17 20 0.02524073 
555 236 16 20 0.025227824 
110 353 16 20 0.025095701 
629 244 13 17 0.02504093 
854 235 14 21 0.024938526 
595 308 15 19 0.024934255 
633 184 8 11 0.02475303 
465 276 17 22 0.02475263 
198 149 10 13 0.024749994 
597 261 13 15 0.024588374 
711 211 10 14 0.024543593 
539 279 15 20 0.024220295 
614 210 11 16 0.024141058 
917 226 14 18 0.024113903 
872 237 15 19 0.023918213 
685 212 11 13 0.02391149 
450 305 16 21 0.023851532 
723 308 16 20 0.023803357 
606 192 18 23 0.023740131 
619 258 14 17 0.023706717 
713 255 17 22 0.023694506 
884 202 13 16 0.023603734 
727 222 9 13 0.02360101 
557 192 12 13 0.02339967 
893 196 11 14 0.02335214 
685 221 11 15 0.023278812 
538 237 14 18 0.023265524 
231 264 20 27 0.023231361 
418 249 14 20 0.023000412 
457 288 16 21 0.02298492 
815 184 19 23 0.022885298 
662 134 9 11 0.022841183 
831 221 10 13 0.022802541 
772 226 13 17 0.022736663 
701 176 12 15 0.022301776 
646 258 14 18 0.022257559 
850 206 12 15 0.021802386 
793 193 7 10 0.021800932 
797 199 8 11 0.02173719 
570 274 14 17 0.021729419 
541 223 18 23 0.021678474 
470 329 15 18 0.021454072 
943 211 11 15 0.02140241 
834 182 8 10 0.021346264 
857 222 10 13 0.021343425 
411 255 17 23 0.021177249 
477 227 12 15 0.021092352 
132 340 17 21 0.021057133 
557 260 14 16 0.02097926 
292 284 23 25 0.02096272 
706 181 10 15 0.020931656 
662 236 10 13 0.020888725 
703 247 15 17 0.02084125 
799 191 8 10 0.020798322 
462 235 14 18 0.020774612 
670 218 20 23 0.02072373 
366 300 21 27 0.020693222 
468 202 12 16 0.020667976 
629 236 10 14 0.020625569 
655 191 8 10 0.020466471 
749 291 26 33 0.020271868 
760 175 8 10 0.020187918 
966 282 22 34 0.020042203 
