11_Meeting_Meeting_11_Meeting_Meeting_11_189
225
65 367 18 23 0.98623335 
807 145 35 54 0.9621837 
194 389 25 33 0.9511722 
254 361 10 14 0.8453423 
100 384 15 22 0.8225402 
395 391 17 22 0.65498716 
418 358 9 10 0.60001093 
159 369 12 15 0.5928605 
424 369 13 15 0.5429502 
495 359 11 13 0.5425045 
18 361 10 15 0.5173914 
327 380 9 13 0.48603436 
109 365 9 11 0.4016791 
31 353 13 17 0.33574504 
150 367 11 14 0.2944938 
410 440 14 20 0.29295668 
285 343 9 12 0.27686107 
336 363 10 12 0.27462366 
2 356 11 15 0.264671 
350 436 12 15 0.25177678 
272 375 11 13 0.21708223 
364 419 13 17 0.20596927 
258 450 15 23 0.1839476 
137 366 8 10 0.18393587 
409 373 10 13 0.1813697 
224 359 8 10 0.17316595 
334 374 9 12 0.17244484 
22 349 11 14 0.14311634 
144 366 10 12 0.14059281 
300 398 11 13 0.13515665 
166 359 9 11 0.13368995 
230 365 8 11 0.12671903 
374 356 9 12 0.12666531 
44 357 11 14 0.12295656 
259 363 10 13 0.12200751 
0 361 12 17 0.12178162 
44 379 15 19 0.11969903 
238 367 9 11 0.11964553 
3 372 12 15 0.113258585 
251 360 9 11 0.11195217 
277 367 12 14 0.111184046 
158 347 9 11 0.11024603 
128 395 10 13 0.11018455 
153 454 28 32 0.10728789 
106 360 9 12 0.106096305 
217 359 7 9 0.10208182 
379 378 13 16 0.093474746 
222 388 14 17 0.09127914 
393 365 10 13 0.087317854 
393 360 9 11 0.0866584 
408 368 9 11 0.08483623 
309 374 9 11 0.07571846 
240 371 9 12 0.07337719 
297 356 9 11 0.07290138 
120 419 11 15 0.071674556 
18 349 10 12 0.068740144 
183 367 8 11 0.06821888 
231 361 7 9 0.064892344 
348 408 14 17 0.0645828 
343 442 13 16 0.06434414 
407 377 12 16 0.063885346 
301 381 12 13 0.0634057 
472 380 11 13 0.061612647 
173 348 8 11 0.06043041 
259 455 22 28 0.057349455 
303 367 10 11 0.05707037 
261 466 25 34 0.057069574 
300 389 11 13 0.054935444 
133 391 10 13 0.05339048 
154 344 8 11 0.052376837 
30 343 10 13 0.052115384 
18 346 20 22 0.050712664 
282 347 10 13 0.049775433 
332 378 10 13 0.049426433 
138 361 7 9 0.049034916 
168 344 8 11 0.048947908 
296 351 9 12 0.04834548 
382 395 14 17 0.04796629 
296 402 11 14 0.04793131 
73 364 14 20 0.04757564 
300 351 9 12 0.046464328 
391 370 12 14 0.046185687 
375 373 13 17 0.045363408 
368 381 11 14 0.04502522 
271 368 11 13 0.044291344 
36 350 12 16 0.043872435 
160 359 10 11 0.04353918 
366 387 11 13 0.043086614 
519 361 9 11 0.04264794 
151 407 10 13 0.042408045 
110 371 11 14 0.042069543 
205 381 13 17 0.039979275 
133 414 10 11 0.039143845 
175 415 11 15 0.03885836 
499 362 11 14 0.038835946 
253 389 10 14 0.037625637 
107 381 13 18 0.03735358 
340 364 10 14 0.036270227 
209 392 15 22 0.03624713 
102 414 9 13 0.03616731 
145 369 11 14 0.03522706 
234 463 19 20 0.03503282 
412 431 11 14 0.034766704 
224 370 12 13 0.03460151 
313 402 10 14 0.0344614 
117 404 11 13 0.03418408 
407 420 12 13 0.03406214 
359 428 12 15 0.03405467 
176 365 9 13 0.034019556 
374 403 11 14 0.033910662 
491 358 10 13 0.033896852 
14 356 17 23 0.03372005 
429 379 12 15 0.033175975 
333 395 11 14 0.033027664 
51 378 12 17 0.032961603 
172 372 10 13 0.03259261 
31 377 13 18 0.03231985 
249 394 13 17 0.032053404 
340 374 11 13 0.03202758 
11 378 15 18 0.032001417 
397 372 9 13 0.03159056 
135 370 10 12 0.031533387 
362 435 14 17 0.031154739 
349 381 12 15 0.031127814 
309 379 10 13 0.03095145 
71 421 12 16 0.0307985 
184 371 10 13 0.030737536 
428 360 11 13 0.030618146 
279 357 10 11 0.030613732 
150 363 18 23 0.030398622 
16 399 12 14 0.030284472 
357 388 12 13 0.030193951 
87 384 14 19 0.030173147 
200 372 11 14 0.029961953 
70 360 12 16 0.029924514 
398 382 10 16 0.029720904 
415 353 18 22 0.029573923 
251 359 18 22 0.029324593 
207 367 9 11 0.0292413 
33 371 22 25 0.028991355 
157 400 10 11 0.028977623 
93 400 15 18 0.028929938 
255 383 10 13 0.02887927 
248 467 27 32 0.028795239 
475 375 10 13 0.02875146 
334 390 10 12 0.02873474 
78 360 10 13 0.028675944 
376 364 10 13 0.02866102 
462 391 11 14 0.02859962 
1 377 11 16 0.028548108 
388 380 14 17 0.028449921 
511 364 10 13 0.028435426 
415 362 13 16 0.028407015 
19 368 14 18 0.028361144 
375 397 13 15 0.028342318 
143 406 11 14 0.028115114 
398 432 25 31 0.027968235 
134 406 11 13 0.027949918 
84 365 10 14 0.027875133 
117 382 10 14 0.027635783 
118 388 11 14 0.027615601 
272 452 29 34 0.027583653 
34 359 15 18 0.027397422 
234 590 16 16 0.026917621 
350 367 10 12 0.026897524 
468 436 14 16 0.026776142 
343 379 10 14 0.026655512 
407 424 21 27 0.02665492 
209 360 8 10 0.026482766 
54 371 13 19 0.026444742 
144 466 28 39 0.02632604 
464 382 10 12 0.026062204 
106 390 13 19 0.026042392 
118 395 12 14 0.025812153 
205 397 23 30 0.025789931 
421 423 10 13 0.025766825 
438 382 10 13 0.02576413 
492 357 19 23 0.02559079 
381 356 10 13 0.025559679 
128 403 11 14 0.025482763 
89 381 22 27 0.025328381 
287 354 10 12 0.025263565 
155 416 24 27 0.025083851 
502 378 10 13 0.02496414 
142 361 8 10 0.02470086 
286 336 7 10 0.024672808 
221 409 14 18 0.024560722 
205 373 12 14 0.02422464 
239 360 7 10 0.024205709 
402 398 15 19 0.023822108 
128 367 7 10 0.023518901 
463 437 12 16 0.023401653 
262 381 10 13 0.023045719 
323 376 19 24 0.022926101 
344 406 11 15 0.02282543 
397 360 8 10 0.022656225 
357 409 19 24 0.02254933 
412 420 12 14 0.022521878 
281 337 18 24 0.022474138 
357 405 12 15 0.022310495 
352 387 11 13 0.02226446 
45 361 13 17 0.022182802 
309 368 9 11 0.02206109 
407 413 12 15 0.021932015 
241 460 18 19 0.021887066 
217 396 20 25 0.021755237 
214 364 10 13 0.021741461 
550 383 10 12 0.021594927 
1 412 15 16 0.02150307 
70 351 9 13 0.02131792 
128 372 9 12 0.021296782 
223 353 7 9 0.021236785 
332 437 13 16 0.021203509 
255 446 15 18 0.021150576 
189 372 11 13 0.020938085 
366 407 12 16 0.020771733 
381 386 15 18 0.020763028 
270 349 10 13 0.020510187 
467 417 15 16 0.020494545 
566 366 10 12 0.020298474 
93 373 11 14 0.020292182 
220 359 20 24 0.020239413 
174 358 9 12 0.020145616 
321 386 11 14 0.020141112 
84 371 12 17 0.020102808 
