11_Meeting_Meeting_11_Meeting_Meeting_11_441
126
648 290 30 37 0.998602 
554 279 26 32 0.99802446 
403 279 24 36 0.99725705 
254 303 27 49 0.99423707 
461 274 24 31 0.99048877 
732 292 26 38 0.9802596 
759 332 27 38 0.9334582 
377 306 25 45 0.89961004 
740 336 25 33 0.8955668 
138 359 35 66 0.86129886 
144 497 68 74 0.74503046 
623 319 26 32 0.72485256 
817 341 28 47 0.6661187 
424 351 36 59 0.5938229 
671 11 12 16 0.5914492 
907 582 98 113 0.5639043 
208 470 59 96 0.5468878 
625 434 28 33 0.47834334 
406 354 41 54 0.4621627 
387 368 47 49 0.43373358 
601 225 10 14 0.4210109 
327 302 25 37 0.37445134 
569 246 12 14 0.31616592 
849 362 37 41 0.29729778 
780 343 34 43 0.2732381 
223 197 15 20 0.23872368 
776 11 11 14 0.23265679 
226 452 56 89 0.1802346 
584 470 33 35 0.14608687 
831 352 36 43 0.12917726 
208 632 71 55 0.122891255 
262 321 31 44 0.11744668 
341 321 39 44 0.093774274 
170 487 82 83 0.0931014 
848 256 12 16 0.086388916 
116 470 57 74 0.082554 
555 228 9 13 0.077917926 
361 315 32 43 0.07679695 
255 629 56 55 0.076633275 
221 183 13 16 0.070108294 
735 312 35 46 0.06563844 
767 334 33 45 0.061261307 
185 626 67 52 0.06019428 
622 324 17 20 0.059222125 
220 208 17 23 0.05772596 
299 131 32 35 0.05694856 
558 195 13 17 0.054230627 
216 183 11 14 0.052238952 
871 255 13 15 0.05175555 
995 259 12 15 0.04948852 
870 342 30 43 0.048458796 
752 337 22 30 0.047744907 
238 651 35 36 0.047708586 
620 245 10 13 0.046322744 
212 198 20 27 0.04430283 
48 93 118 172 0.044136778 
917 198 14 18 0.042829752 
225 188 13 16 0.042318117 
962 419 19 25 0.04026156 
367 357 47 56 0.040191192 
195 199 23 27 0.03993349 
662 426 33 42 0.039569393 
272 335 19 27 0.03905821 
218 186 21 26 0.038867652 
677 292 13 20 0.03841903 
615 244 10 13 0.03770679 
583 391 15 19 0.03759764 
1013 410 10 18 0.037484795 
597 244 12 15 0.037381582 
248 172 12 17 0.036977842 
282 640 38 41 0.03689834 
976 261 8 12 0.035937842 
748 298 28 31 0.03581755 
278 389 52 60 0.035541706 
126 438 60 86 0.035320956 
385 295 26 43 0.035204824 
606 243 12 14 0.034853112 
586 240 9 11 0.034688454 
423 336 29 45 0.03454211 
802 212 12 15 0.034481414 
556 234 10 15 0.033358432 
246 377 51 68 0.033057664 
501 593 13 14 0.03132037 
583 361 28 37 0.029915167 
938 584 50 53 0.029864796 
676 37 9 12 0.029569 
634 426 42 43 0.029408142 
598 222 18 22 0.029141271 
248 165 11 16 0.029035117 
133 511 108 95 0.02880684 
867 360 32 44 0.028436776 
578 481 30 32 0.028397694 
603 461 13 17 0.02830703 
122 386 52 84 0.028187817 
794 334 33 50 0.027760133 
624 364 12 17 0.027476871 
81 348 47 66 0.027178667 
335 307 34 45 0.027033534 
246 419 52 74 0.026795669 
224 389 57 77 0.026475532 
718 648 48 47 0.02638677 
223 505 57 88 0.026245343 
415 403 51 73 0.025620794 
670 44 11 13 0.025534099 
270 393 37 47 0.025093429 
738 330 20 27 0.025084531 
974 267 10 13 0.02481592 
581 496 16 18 0.024794536 
857 231 11 14 0.02459471 
735 285 13 21 0.024279 
269 481 30 50 0.024257384 
460 236 13 16 0.024059447 
589 331 14 16 0.0228888 
677 31 10 14 0.02284356 
1005 259 11 14 0.02241405 
254 222 13 16 0.022307267 
235 163 13 16 0.021980235 
810 385 36 44 0.02175559 
582 380 22 28 0.021528313 
583 243 10 13 0.021287082 
634 428 19 24 0.021163076 
908 362 17 18 0.020990485 
555 268 15 18 0.020468852 
868 478 27 30 0.020366302 
220 173 11 15 0.020275092 
241 539 31 44 0.020020185 
