11_Meeting_Meeting_11_Meeting_Meeting_11_26
258
250 260 15 18 0.9605815 
218 273 18 23 0.9249832 
310 253 12 16 0.9151464 
179 282 15 26 0.8833613 
782 269 15 19 0.8401364 
341 239 13 16 0.7969889 
829 293 20 27 0.78797126 
153 306 23 33 0.7526427 
807 278 18 22 0.74455 
273 254 10 15 0.73302454 
198 237 16 21 0.6495441 
764 315 11 13 0.59501487 
403 237 8 10 0.54618645 
203 287 14 18 0.453728 
378 236 10 12 0.44246036 
729 251 9 13 0.41428545 
165 234 10 13 0.37660232 
677 239 7 11 0.33235443 
732 248 9 12 0.30558327 
287 240 10 12 0.28830224 
293 252 10 12 0.26719534 
291 245 11 14 0.25816655 
271 352 87 137 0.2508802 
706 246 8 10 0.24530567 
750 253 10 12 0.24395984 
693 246 8 10 0.22858572 
161 277 28 33 0.20936166 
265 201 7 8 0.17806928 
298 269 9 12 0.15534416 
423 232 7 10 0.1550611 
655 237 9 10 0.15122664 
442 231 9 10 0.14595777 
232 239 10 12 0.13106404 
158 293 24 35 0.128068 
920 336 24 31 0.12336893 
611 228 9 12 0.12199701 
710 239 8 10 0.12098728 
1010 354 14 23 0.11038735 
758 263 8 11 0.10818344 
724 312 10 10 0.10467647 
867 322 17 21 0.101907626 
626 507 95 145 0.10169124 
745 334 11 12 0.10118977 
366 265 9 11 0.098438814 
295 263 9 11 0.093881756 
182 235 9 13 0.09383493 
75 328 31 38 0.09203248 
704 277 8 11 0.09149278 
711 301 9 11 0.08903347 
267 307 14 16 0.08830439 
766 270 9 11 0.08492476 
727 300 10 12 0.082842186 
348 10 16 23 0.08183503 
249 223 10 12 0.07945755 
821 287 20 27 0.07924094 
749 278 10 12 0.075903445 
272 250 10 12 0.07293642 
958 527 52 69 0.07262901 
736 319 9 12 0.071423024 
176 235 9 12 0.07083594 
204 271 20 26 0.06978684 
325 285 9 11 0.06978465 
760 268 9 11 0.06862678 
279 247 9 12 0.06724457 
862 315 14 22 0.06661902 
689 241 7 9 0.06568559 
369 246 9 12 0.06412782 
460 229 7 11 0.062798604 
950 518 76 127 0.062649556 
405 233 8 11 0.0600273 
745 248 9 11 0.05887414 
931 298 18 21 0.05824634 
977 353 13 16 0.057767797 
457 410 17 19 0.056091636 
160 268 18 18 0.05400549 
308 303 13 14 0.053886272 
771 292 11 15 0.05218362 
732 295 11 14 0.052094568 
916 324 25 31 0.050176714 
293 308 13 14 0.049274314 
673 241 9 12 0.048654497 
995 378 12 16 0.048505686 
57 344 43 53 0.048064984 
798 339 14 18 0.047278702 
817 280 15 19 0.04720258 
747 307 13 14 0.046965413 
204 233 12 15 0.046148475 
924 303 26 30 0.044627186 
603 45 31 32 0.04427622 
811 324 15 18 0.04415685 
721 287 8 10 0.043837603 
753 257 10 14 0.043548726 
759 325 10 12 0.043062907 
285 284 10 13 0.04248371 
231 303 14 19 0.042290248 
922 315 25 31 0.042241286 
742 327 11 12 0.04197376 
418 231 8 10 0.041572873 
37 340 48 66 0.041188274 
328 294 10 12 0.04089762 
45 201 41 53 0.040450104 
693 252 9 11 0.040257182 
632 232 9 11 0.039724257 
341 271 8 10 0.039512984 
694 242 7 9 0.03939515 
210 241 11 17 0.039320685 
751 271 8 11 0.039207563 
413 398 13 14 0.03880498 
700 285 9 11 0.038529664 
270 205 8 10 0.03724326 
281 382 106 164 0.037131403 
182 274 23 28 0.037033163 
709 278 7 10 0.036988847 
361 270 8 9 0.036944985 
728 271 10 12 0.036888063 
767 301 11 14 0.03650476 
868 305 16 22 0.03641783 
694 263 8 10 0.036340225 
719 294 10 12 0.03619701 
342 234 11 13 0.035995327 
190 264 22 27 0.035945278 
630 236 10 12 0.035894908 
987 231 15 18 0.03508392 
719 302 9 12 0.03488635 
673 233 7 10 0.034451883 
283 239 9 11 0.03445182 
929 330 16 21 0.034355886 
220 262 16 18 0.034185935 
377 47 9 10 0.034059472 
236 237 10 13 0.033765543 
771 316 13 15 0.033574294 
262 214 10 12 0.032763496 
384 223 9 10 0.0327168 
705 250 9 11 0.03260322 
192 235 13 17 0.03232793 
458 224 9 11 0.032054693 
200 267 16 19 0.032028932 
790 341 13 16 0.03196374 
238 245 10 14 0.031741966 
67 424 37 41 0.0313021 
696 286 10 11 0.031295866 
750 283 10 13 0.031255513 
728 243 18 23 0.031211048 
638 232 8 10 0.031105898 
149 307 17 26 0.030872487 
300 293 11 13 0.030837871 
239 252 10 13 0.030748338 
756 253 10 14 0.030677728 
256 206 10 11 0.030449226 
337 272 9 12 0.030050645 
458 235 9 11 0.029957766 
367 252 10 12 0.029929832 
41 491 46 57 0.029897084 
269 200 8 10 0.029695684 
726 316 11 14 0.029692298 
336 289 8 10 0.029421462 
704 295 8 11 0.029337058 
182 266 13 17 0.029262792 
311 287 9 11 0.029217925 
835 286 16 21 0.029102562 
90 404 31 46 0.028505318 
389 221 9 11 0.028458407 
262 254 11 15 0.028192988 
48 372 52 73 0.028166076 
749 315 12 14 0.028116513 
207 318 23 29 0.028046709 
760 309 19 22 0.027740117 
749 328 11 13 0.027653804 
415 246 8 9 0.0276113 
182 260 12 14 0.027536565 
872 325 26 29 0.027507111 
287 341 61 87 0.02750153 
288 301 12 15 0.027292902 
650 236 9 11 0.027063187 
900 307 12 17 0.027021347 
314 258 11 13 0.02663326 
1004 203 11 14 0.026408313 
603 55 17 23 0.02636009 
952 279 11 13 0.026323952 
961 569 36 54 0.025760714 
408 256 9 11 0.02542064 
295 293 12 15 0.025389794 
809 280 38 47 0.02535684 
574 0 48 43 0.025264388 
840 297 15 20 0.025241228 
245 246 12 14 0.02519478 
162 339 42 58 0.025077617 
-39 44 357 457 0.025018426 
158 292 15 18 0.024981866 
304 247 10 13 0.024902547 
774 324 13 14 0.024763372 
171 293 14 24 0.02453154 
694 270 8 9 0.024531221 
592 6 50 47 0.0244529 
66 568 16 20 0.024298688 
295 273 12 15 0.024058346 
786 263 14 18 0.023951367 
623 118 10 11 0.023877885 
285 234 17 23 0.02384585 
728 241 9 10 0.023735749 
745 272 9 11 0.023698356 
744 241 9 10 0.023615144 
766 251 11 14 0.023593757 
255 212 10 13 0.023528663 
670 233 19 24 0.023309285 
161 316 30 48 0.023197152 
161 231 18 22 0.023146946 
649 232 7 10 0.023052659 
780 342 15 17 0.022979135 
9 189 49 66 0.022935975 
732 351 12 15 0.022926308 
155 403 54 78 0.022842962 
759 344 10 11 0.02271619 
686 279 9 10 0.022653079 
757 302 12 14 0.022582311 
642 48 23 32 0.022559306 
757 358 10 13 0.022552334 
408 242 9 12 0.022454338 
986 659 33 37 0.0224014 
303 301 13 15 0.022288399 
354 272 8 10 0.022270093 
709 251 9 11 0.022257475 
302 288 10 12 0.022234377 
169 305 14 23 0.022030586 
778 317 14 17 0.022002917 
722 252 10 12 0.021892598 
868 305 38 46 0.021866662 
293 312 17 18 0.021848662 
982 216 26 35 0.02184598 
277 290 13 16 0.02170971 
678 233 8 9 0.02169079 
288 261 10 13 0.021685248 
374 243 11 13 0.021679906 
441 225 8 11 0.021442492 
341 287 9 11 0.021300329 
717 239 9 10 0.021265844 
384 255 9 11 0.021254508 
805 332 13 15 0.02121102 
938 293 15 18 0.021085434 
416 238 8 10 0.021072272 
375 231 18 22 0.02100901 
902 372 30 33 0.020924946 
805 379 21 31 0.020868132 
1 156 21 39 0.020858772 
399 232 17 22 0.020805778 
141 301 15 19 0.02072186 
259 259 11 16 0.020704396 
656 243 9 11 0.020585546 
981 227 16 21 0.020570578 
277 301 12 14 0.020560278 
608 134 9 10 0.020537626 
721 246 8 11 0.020483375 
153 345 30 43 0.02037149 
594 57 32 34 0.020295547 
187 346 17 22 0.02027476 
340 3 18 19 0.020210136 
671 222 8 11 0.020190617 
149 440 14 19 0.020029329 
