17_Ceremony_Ceremony_17_1007
53
702 461 176 247 0.99903786 
225 378 186 222 0.9986777 
486 1013 386 515 0.3761718 
313 188 26 29 0.1686748 
732 1108 31 36 0.13606997 
635 870 16 19 0.13230567 
692 1129 36 35 0.1288373 
808 1245 50 61 0.09861923 
547 10 435 549 0.08528612 
979 623 13 18 0.084750324 
471 1254 49 63 0.0553846 
646 798 27 35 0.05097992 
636 823 24 33 0.050010797 
860 1445 15 18 0.046631813 
664 1186 38 39 0.046161756 
992 635 14 19 0.045612406 
979 542 15 20 0.03970433 
-7 801 403 535 0.03923526 
392 750 10 12 0.034387954 
986 623 19 25 0.03180429 
987 683 31 44 0.03161866 
701 813 13 16 0.031602904 
-2 1219 18 39 0.03133121 
143 545 444 566 0.030699149 
940 668 16 22 0.030444236 
925 597 13 15 0.029710514 
120 877 15 15 0.027763011 
422 751 11 12 0.026946269 
161 462 55 72 0.026713448 
598 1476 15 20 0.026669241 
641 812 28 34 0.026600452 
862 975 32 36 0.026482048 
835 941 30 35 0.026415935 
996 628 13 18 0.025986385 
510 716 38 62 0.025677433 
459 108 49 33 0.025374966 
752 1288 95 112 0.025038648 
717 1199 203 244 0.02500827 
589 1508 24 27 0.024983313 
983 709 27 35 0.02465291 
994 719 15 22 0.02379641 
333 174 17 23 0.023723628 
987 568 14 18 0.02336814 
810 1333 13 16 0.022831704 
439 754 12 16 0.022723217 
709 897 14 16 0.02265744 
189 412 133 164 0.022334833 
391 139 32 38 0.022177955 
789 1234 84 107 0.021891013 
813 1241 33 41 0.021393746 
826 -12 207 368 0.02064838 
1007 648 14 19 0.020352094 
808 1513 16 16 0.020165209 
