17_Ceremony_Ceremony_17_668
46
660 192 112 140 0.99987674 
227 100 139 193 0.99921834 
798 218 87 142 0.22877516 
44 105 22 28 0.12702009 
434 317 27 31 0.09047731 
33 103 23 29 0.08263359 
37 207 26 29 0.07697814 
437 282 27 33 0.066369355 
555 140 16 19 0.060057454 
51 98 15 24 0.05686843 
439 732 59 60 0.04723648 
789 251 62 92 0.045506902 
450 724 39 46 0.04135734 
393 264 27 31 0.041293938 
40 222 19 21 0.040952004 
588 354 85 112 0.040329386 
410 728 25 30 0.03816787 
53 242 15 20 0.037197832 
376 234 45 59 0.037014715 
22 101 20 30 0.03659762 
13 101 12 17 0.03627122 
439 316 36 51 0.03549211 
76 291 15 17 0.0353446 
870 263 38 48 0.03484333 
538 139 13 17 0.033040565 
432 296 29 35 0.031434927 
56 107 16 23 0.029489845 
591 6 13 15 0.029195456 
460 701 55 57 0.028733289 
29 213 26 29 0.028581753 
25 202 26 30 0.028304761 
488 694 45 53 0.027602542 
776 123 216 270 0.026696742 
51 115 17 23 0.025670301 
43 195 25 31 0.025448337 
42 164 14 17 0.023974631 
24 113 24 27 0.023562787 
550 145 24 28 0.023549782 
122 155 10 12 0.022606507 
0 245 10 16 0.022547126 
617 267 44 64 0.022450784 
545 129 26 32 0.02187238 
453 332 15 19 0.020526951 
45 120 15 20 0.020350488 
13 114 13 19 0.020034725 
595 9 13 16 0.020008972 
