17_Ceremony_Ceremony_17_1009
24
180 191 103 121 0.99908113 
345 221 15 20 0.7737298 
517 29 244 324 0.25184047 
348 52 216 264 0.1672458 
158 -31 433 447 0.14530891 
819 141 200 309 0.13761324 
507 351 52 72 0.086961284 
441 79 154 190 0.07951527 
311 211 12 14 0.07823033 
486 -3 469 453 0.061712965 
536 164 32 39 0.04907326 
918 311 103 175 0.046998717 
335 236 60 66 0.044970173 
509 26 165 208 0.04195023 
334 242 37 40 0.03418814 
769 42 246 287 0.028948128 
381 249 30 35 0.02786493 
338 224 25 33 0.027459465 
32 83 120 131 0.026146911 
361 231 53 57 0.025684094 
907 233 138 201 0.025388602 
387 236 16 16 0.024953628 
268 602 30 29 0.023862608 
366 5 347 429 0.022181509 
