17_Ceremony_Ceremony_17_46
69
107 122 18 23 0.90350455 
266 143 16 24 0.8991012 
65 132 17 21 0.46341234 
749 243 9 12 0.19154999 
889 363 11 14 0.13039756 
817 307 10 13 0.111253515 
681 136 8 10 0.089983106 
109 199 10 13 0.08057229 
454 145 8 9 0.07892641 
703 167 8 11 0.070837446 
695 152 8 9 0.06412051 
473 144 9 11 0.062139634 
270 149 19 24 0.06163057 
462 128 9 11 0.057691313 
357 277 10 13 0.0562325 
710 128 7 9 0.0523841 
487 152 7 9 0.04702805 
73 179 17 17 0.046852883 
698 133 8 10 0.043679506 
704 135 8 9 0.04290383 
719 158 9 10 0.04055915 
225 368 8 11 0.03876788 
471 149 8 10 0.037307404 
227 373 11 13 0.03638054 
229 368 8 10 0.035586793 
701 160 8 10 0.03547227 
422 152 8 10 0.035003096 
457 128 9 11 0.034661338 
425 143 7 9 0.03403334 
477 143 8 10 0.0325358 
713 151 7 9 0.032028817 
762 269 14 17 0.03196094 
466 152 7 9 0.03082839 
72 130 15 20 0.030711155 
710 133 7 10 0.030355282 
710 169 8 10 0.029290177 
296 304 9 11 0.028734036 
776 256 9 12 0.02872543 
680 153 9 10 0.028533299 
685 173 9 11 0.028134877 
662 142 9 11 0.027072066 
687 169 7 10 0.027005726 
809 309 10 14 0.026050853 
705 128 8 10 0.026027713 
1013 477 9 15 0.025649479 
-37 -30 426 489 0.025632458 
727 158 7 11 0.024853224 
449 150 8 10 0.02478925 
433 143 8 9 0.024653679 
685 140 7 10 0.024488505 
437 143 8 10 0.0244506 
687 153 8 10 0.024203777 
448 128 8 10 0.023996977 
909 344 9 10 0.023845948 
439 135 8 10 0.023840342 
487 157 8 11 0.02371734 
718 144 8 9 0.02236535 
469 126 9 11 0.02231958 
426 137 7 10 0.021981305 
729 153 7 10 0.021806415 
53 134 29 31 0.021803617 
891 366 14 18 0.021743426 
929 334 10 12 0.021739444 
705 140 8 10 0.021587044 
438 158 8 10 0.020677505 
718 152 8 10 0.020662425 
59 125 19 21 0.020515194 
64 179 34 37 0.020399218 
217 366 8 10 0.020351691 
