17_Ceremony_Ceremony_17_218
67
291 319 31 40 0.9996599 
463 461 32 37 0.99963784 
154 368 34 38 0.9995664 
11 367 35 44 0.9995493 
855 421 33 43 0.99950516 
363 409 38 46 0.99945194 
491 400 32 39 0.99935216 
324 484 37 44 0.9993248 
705 427 33 40 0.9992975 
55 312 34 42 0.9992725 
642 325 26 33 0.99909127 
252 383 35 43 0.99908996 
870 375 30 37 0.9990109 
547 433 34 40 0.9988366 
181 311 34 41 0.99880373 
39 417 37 47 0.9987872 
722 302 27 34 0.99866116 
962 422 36 39 0.9984743 
822 326 30 36 0.998319 
924 352 31 38 0.9981199 
512 520 48 62 0.99766785 
941 486 35 42 0.99705374 
248 498 42 56 0.9962943 
563 332 25 33 0.995804 
514 331 26 30 0.994991 
390 531 40 49 0.9949202 
134 551 41 52 0.99470395 
763 465 42 53 0.9944437 
998 362 29 43 0.9942135 
45 513 43 55 0.9940673 
367 362 34 38 0.99323386 
762 365 28 33 0.99277097 
196 431 43 55 0.9912076 
644 475 43 55 0.9897803 
630 439 33 38 0.98725617 
892 508 41 50 0.9829774 
800 463 29 39 0.97800523 
67 457 42 54 0.969092 
913 683 61 62 0.95512927 
182 357 27 38 0.5529525 
1006 549 18 35 0.13958593 
955 342 20 28 0.1048026 
789 353 14 19 0.09631858 
740 454 28 35 0.077224955 
900 356 23 32 0.07630964 
4 701 50 80 0.06578223 
873 538 17 23 0.04380835 
930 522 30 40 0.043158546 
910 497 43 51 0.041508652 
170 371 29 36 0.038680516 
635 452 44 54 0.03784439 
778 352 23 31 0.037214242 
179 330 34 43 0.03689202 
939 674 67 70 0.034774363 
906 363 13 19 0.033874836 
133 350 23 31 0.03341217 
543 727 29 28 0.032475278 
939 347 29 35 0.031076953 
786 389 26 38 0.028616091 
435 453 24 33 0.02595244 
74 515 30 43 0.024303114 
554 731 15 17 0.023653865 
582 408 36 40 0.023515599 
325 733 12 16 0.023010375 
186 381 18 24 0.021915272 
746 461 16 21 0.021199973 
976 331 11 15 0.020361805 
