17_Ceremony_Ceremony_17_300
37
187 155 43 55 0.997729 
315 154 40 55 0.9969957 
427 138 43 55 0.99593323 
732 135 45 55 0.9957957 
597 149 45 54 0.99255157 
489 252 46 57 0.53442985 
190 383 13 15 0.239264 
634 305 29 30 0.13635217 
549 181 14 20 0.05186983 
351 0 10 9 0.04160683 
385 266 16 18 0.038320284 
819 183 9 11 0.036409825 
207 399 12 15 0.035699267 
330 24 6 8 0.03473936 
241 14 9 10 0.034484494 
801 182 11 12 0.033062477 
846 253 13 15 0.03153338 
608 6 9 10 0.031479314 
456 127 12 14 0.031312335 
863 0 9 10 0.029091578 
924 1 11 10 0.027787514 
861 15 8 10 0.025677947 
142 294 8 11 0.024830297 
863 72 9 10 0.02456061 
337 31 8 11 0.02439114 
334 23 7 9 0.024311677 
897 215 9 10 0.023566123 
319 8 8 9 0.023040596 
159 72 8 10 0.022562455 
321 47 8 9 0.022028403 
358 31 8 10 0.021943005 
181 420 12 13 0.021441914 
774 150 24 35 0.021154933 
350 53 9 12 0.020927677 
342 37 7 9 0.020520005 
872 9 9 10 0.020410318 
873 13 9 10 0.02039753 
