17_Ceremony_Ceremony_17_271
203
731 370 21 30 0.94896394 
604 375 15 22 0.6800333 
568 382 20 27 0.4294832 
513 387 22 27 0.29524425 
585 380 13 17 0.27491876 
225 604 45 52 0.18602929 
513 437 23 28 0.18397245 
100 520 45 60 0.13743581 
297 383 8 11 0.12639646 
172 548 28 39 0.120500915 
281 383 8 10 0.115838595 
377 573 32 38 0.11060493 
270 391 9 13 0.107970476 
218 421 14 18 0.10356839 
298 375 8 11 0.09607206 
577 382 16 21 0.09578339 
251 391 17 20 0.09456115 
260 392 13 19 0.09334877 
448 576 42 51 0.083542466 
163 631 107 129 0.07921462 
641 383 9 12 0.071792126 
185 599 30 56 0.068741664 
221 415 23 28 0.06820737 
297 387 9 12 0.067458436 
704 384 8 12 0.0636755 
470 566 29 39 0.062423516 
622 379 11 13 0.061783604 
597 423 17 20 0.061457116 
575 352 10 12 0.060057573 
239 327 9 12 0.059695538 
500 366 17 20 0.058825705 
751 466 24 27 0.055318985 
878 417 13 15 0.05481712 
711 383 10 12 0.054408643 
716 388 11 14 0.054263003 
433 576 37 49 0.05351221 
90 300 15 20 0.052511428 
623 389 13 16 0.051645793 
516 381 16 22 0.05137549 
692 375 9 11 0.05045668 
281 387 9 13 0.050162435 
222 335 9 11 0.048659727 
545 363 10 14 0.04858442 
246 389 15 19 0.047451805 
312 383 8 11 0.045766134 
487 243 12 16 0.045564063 
604 369 13 18 0.045375895 
218 413 13 16 0.044488985 
297 369 7 9 0.044103235 
642 373 9 11 0.043851364 
491 245 14 16 0.042506836 
282 366 7 10 0.0423712 
791 394 11 13 0.041970547 
483 377 13 17 0.041575767 
679 368 7 11 0.040510222 
742 420 15 19 0.040272098 
271 374 8 11 0.04014536 
750 473 13 15 0.039383147 
115 330 16 18 0.03913279 
302 368 7 9 0.03896671 
710 387 12 14 0.038938627 
640 388 10 12 0.038248237 
230 405 12 15 0.037936922 
719 396 12 14 0.037536778 
551 428 12 17 0.037491933 
212 349 12 14 0.03740155 
458 251 15 18 0.037257604 
680 373 7 11 0.037162486 
301 388 10 12 0.03714953 
707 403 12 15 0.03691623 
562 365 9 12 0.036702443 
696 390 9 11 0.035914123 
773 390 11 15 0.035825048 
627 373 9 13 0.03541646 
746 469 11 15 0.035022423 
245 373 11 12 0.034906678 
255 383 11 14 0.034868624 
230 396 10 14 0.034843344 
319 367 9 10 0.034743015 
712 376 8 11 0.034479707 
55 448 12 14 0.033996765 
224 389 10 13 0.03386392 
271 444 13 16 0.033669747 
675 389 353 498 0.033437815 
716 380 12 15 0.0333744 
110 317 24 28 0.033029784 
749 405 13 15 0.032872304 
748 453 13 14 0.0327844 
657 368 8 9 0.032459732 
334 403 10 13 0.032161076 
119 519 29 41 0.032002553 
721 404 10 13 0.03181115 
742 335 10 12 0.031802278 
566 382 13 19 0.031731654 
119 501 10 11 0.0315445 
610 653 49 72 0.031213278 
222 407 12 14 0.030934937 
603 393 14 18 0.03081473 
561 356 11 13 0.03058755 
873 435 9 12 0.030291747 
642 368 8 11 0.03007855 
344 384 8 10 0.029713137 
498 377 16 19 0.029638005 
682 382 8 11 0.029437294 
678 391 10 12 0.029371893 
301 383 9 11 0.029245093 
237 381 13 16 0.02899081 
108 314 18 21 0.028887099 
285 367 8 9 0.028730068 
775 419 10 13 0.02870474 
608 381 17 21 0.028340507 
752 344 11 13 0.027958388 
329 391 8 10 0.027894227 
570 328 8 10 0.02781715 
462 227 16 18 0.02754949 
278 344 9 11 0.027276464 
234 325 10 13 0.027215334 
756 450 13 14 0.027105644 
500 437 27 32 0.027067006 
490 378 16 18 0.026896734 
268 441 24 27 0.026733976 
712 673 48 66 0.026710538 
245 381 13 17 0.026687142 
278 394 11 15 0.026617097 
575 374 12 17 0.026602255 
245 400 16 18 0.02646785 
179 567 33 37 0.026251521 
142 613 53 72 0.026134506 
549 285 9 11 0.025935316 
891 446 13 15 0.025891155 
245 326 9 11 0.025741532 
580 374 15 19 0.02565877 
766 431 12 15 0.025388429 
459 246 13 15 0.025386631 
334 389 9 10 0.025307206 
720 344 8 9 0.025126059 
264 367 8 11 0.025076285 
69 463 12 15 0.0249771 
87 541 54 66 0.024963915 
185 555 28 31 0.02459234 
234 411 17 20 0.024569044 
110 712 113 121 0.024528565 
523 381 14 19 0.024519468 
230 389 10 14 0.0244578 
317 320 8 11 0.024375554 
567 257 9 10 0.024284264 
327 374 8 11 0.024232335 
479 243 12 17 0.024201443 
486 349 15 17 0.024038218 
485 570 13 20 0.023964914 
110 382 10 12 0.023923106 
90 493 75 104 0.023886668 
385 380 9 12 0.023799451 
209 348 10 14 0.02363652 
294 328 8 10 0.02358383 
345 390 8 10 0.023512376 
263 373 10 12 0.023461383 
563 349 13 16 0.023453077 
311 389 9 11 0.023286326 
313 367 8 10 0.023084763 
334 383 9 12 0.022962976 
547 380 11 14 0.02294142 
754 348 12 14 0.022553308 
566 343 10 11 0.02254744 
352 312 8 10 0.02247381 
788 428 14 16 0.022400692 
744 412 13 16 0.022172874 
559 271 10 12 0.022086317 
260 381 10 14 0.022059247 
209 614 69 82 0.021971319 
329 337 7 8 0.021910762 
451 245 25 28 0.021888264 
445 252 13 14 0.021881819 
762 469 14 17 0.021752246 
190 417 11 15 0.021726698 
823 350 10 12 0.021707201 
791 515 11 14 0.021670561 
560 381 12 16 0.021621091 
744 458 12 16 0.021592205 
815 390 10 12 0.021444974 
258 420 17 19 0.021379277 
330 381 9 12 0.02120222 
645 389 10 13 0.021171125 
487 241 22 27 0.021149436 
245 344 9 10 0.021094821 
712 328 9 12 0.021014016 
759 525 11 14 0.0210046 
344 398 11 12 0.021001328 
773 451 12 15 0.020949418 
401 572 35 50 0.020711798 
827 380 11 13 0.020682022 
767 451 12 14 0.020681227 
704 375 8 11 0.02067619 
173 51 394 501 0.020673404 
231 332 9 12 0.020458747 
686 380 10 12 0.020451725 
362 574 31 38 0.020434275 
263 390 19 24 0.020426344 
725 418 10 14 0.020420525 
772 405 11 13 0.020225935 
665 381 10 13 0.020173501 
603 447 18 19 0.020085163 
743 376 18 22 0.020013778 
