17_Ceremony_Ceremony_17_735
83
326 230 463 603 0.9999951 
770 665 373 458 0.22373918 
284 502 448 519 0.16304035 
899 722 130 186 0.14676821 
806 717 219 295 0.14290076 
480 1312 13 16 0.10736446 
821 736 141 166 0.07738931 
433 1277 23 29 0.07729852 
471 1291 14 15 0.07669305 
604 1332 13 16 0.073373854 
462 1256 13 17 0.07054275 
513 1283 13 17 0.06597181 
477 1291 14 18 0.06452476 
858 1406 32 36 0.06075748 
660 1298 25 29 0.05180533 
483 1290 15 21 0.05159727 
671 1331 12 14 0.050248533 
584 1041 442 517 0.049298104 
830 1465 28 30 0.047666773 
587 1298 17 20 0.047620106 
777 1483 56 53 0.047616795 
503 1302 10 12 0.047266375 
589 1323 11 14 0.04563441 
541 1287 16 20 0.045342464 
127 1100 450 553 0.043329675 
500 1332 14 17 0.04225213 
128 834 470 576 0.042046636 
664 1293 12 14 0.040135562 
308 1139 499 553 0.039650712 
675 1491 23 28 0.03945645 
567 1314 11 15 0.039322883 
821 1261 28 35 0.03914796 
422 1306 15 18 0.03808034 
337 904 17 21 0.035545006 
552 1331 14 18 0.034949135 
800 1238 19 25 0.03493153 
521 1373 24 29 0.034473624 
503 1309 10 12 0.034175124 
17 779 394 507 0.033565477 
853 823 30 41 0.03296458 
477 1141 17 23 0.031365193 
846 806 56 65 0.031038856 
121 634 370 453 0.030729635 
442 1289 12 15 0.03064505 
586 1428 33 40 0.03062483 
443 1312 17 21 0.030509995 
509 1303 9 11 0.03011284 
208 1179 26 35 0.029612206 
826 1410 15 17 0.029581914 
498 1323 14 17 0.029247034 
526 1334 11 14 0.028364128 
661 1314 29 36 0.026804088 
786 1461 81 75 0.02579017 
442 1247 18 21 0.02565548 
292 1144 15 19 0.025561662 
448 1306 16 21 0.025334429 
429 1337 15 19 0.024856402 
204 1317 30 33 0.024706837 
167 74 478 565 0.02463965 
466 1331 17 20 0.024527738 
581 1309 23 27 0.024401272 
650 1367 18 21 0.02403215 
502 1269 10 12 0.023451459 
558 1309 11 14 0.023432132 
457 1361 25 29 0.023268007 
466 1325 14 16 0.02323202 
528 1294 10 12 0.023200693 
509 1308 10 13 0.023135329 
603 705 416 504 0.023032283 
448 1371 24 30 0.022927769 
538 1346 23 28 0.022561187 
470 1297 14 17 0.022451105 
775 1395 128 141 0.022383811 
596 1325 22 27 0.022362329 
486 1333 10 13 0.021900615 
519 1333 12 15 0.021814758 
464 1292 12 13 0.021323165 
424 1291 24 28 0.021241816 
545 1283 24 28 0.021189475 
230 1133 11 14 0.020514831 
218 752 120 149 0.020368105 
648 1377 27 32 0.020028003 
138 948 31 32 0.020011138 
