17_Ceremony_Ceremony_17_171
72
580 1 31 38 0.9995523 
645 307 98 135 0.99917275 
23 221 59 74 0.9990133 
290 31 31 41 0.99808455 
937 387 90 136 0.9976648 
254 241 70 89 0.99705184 
150 47 33 42 0.9966664 
93 125 34 46 0.99623126 
334 142 48 63 0.99579537 
519 329 86 108 0.995652 
196 235 59 78 0.9954874 
396 303 84 105 0.9954144 
8 130 36 46 0.9953805 
264 55 38 47 0.9942713 
473 167 55 66 0.99259585 
720 73 42 55 0.98578066 
632 158 53 60 0.98528177 
524 20 38 49 0.9834409 
663 74 45 54 0.9820986 
246 151 38 52 0.97871006 
152 237 49 63 0.97241884 
514 86 46 54 0.9674876 
859 245 63 83 0.965891 
764 58 46 61 0.95121735 
962 165 63 101 0.9501996 
457 143 38 48 0.852193 
300 156 44 56 0.84758806 
837 278 57 76 0.35440558 
142 86 20 27 0.33983943 
364 297 44 61 0.21502616 
589 109 39 50 0.20701429 
693 187 42 53 0.16306439 
612 74 35 44 0.10847604 
609 189 17 23 0.105526134 
625 8 46 54 0.090557665 
117 180 30 45 0.08525879 
113 196 38 58 0.084249005 
713 7 19 20 0.07113453 
613 176 23 36 0.059911735 
464 74 29 32 0.05384316 
530 186 16 22 0.053183258 
624 76 45 56 0.052703522 
620 0 27 35 0.052620597 
382 154 14 20 0.05201802 
603 89 43 53 0.044815235 
138 219 44 61 0.04282028 
876 0 52 45 0.041635636 
734 212 11 16 0.04149238 
129 156 27 32 0.040998615 
754 21 14 18 0.037970908 
431 158 30 45 0.03706852 
375 310 53 68 0.036457885 
747 17 28 33 0.033653956 
99 277 14 16 0.03341989 
856 245 42 51 0.032033864 
464 133 56 67 0.03155248 
111 293 44 55 0.03065675 
621 168 33 44 0.030216502 
886 250 58 74 0.029644758 
169 227 64 80 0.029607803 
308 131 48 63 0.028929545 
689 179 34 39 0.028017713 
709 10 30 30 0.026654536 
993 473 33 51 0.02467843 
575 97 40 53 0.024080466 
342 285 14 20 0.022861935 
739 4 30 32 0.022704551 
353 317 51 67 0.021742394 
751 5 44 43 0.02168476 
106 218 33 45 0.021667931 
982 -5 40 63 0.020632189 
763 27 14 17 0.020506468 
