17_Ceremony_Ceremony_17_444
21
314 227 364 503 0.9998362 
228 521 536 497 0.18442549 
775 1382 11 14 0.13769259 
734 1358 8 10 0.057450186 
903 23 89 116 0.046952125 
10 974 98 140 0.04457394 
46 982 114 148 0.039737906 
799 1400 7 11 0.03581903 
751 1437 12 15 0.035370197 
551 1482 52 53 0.027991636 
724 1440 11 13 0.027496073 
782 1348 9 11 0.026774773 
768 1334 8 11 0.026584852 
1 54 396 481 0.023826847 
75 662 604 492 0.022322914 
793 1406 10 11 0.022202628 
213 233 298 463 0.02208822 
791 1342 9 12 0.02168105 
470 1482 58 55 0.02158082 
784 1414 8 11 0.021451041 
461 1501 33 34 0.021182695 
