17_Ceremony_Ceremony_17_113
45
353 208 116 135 0.999977 
609 169 117 158 0.9999498 
953 293 17 22 0.9846821 
764 251 20 33 0.9739785 
529 284 23 36 0.95103025 
825 301 26 36 0.8732087 
739 272 22 33 0.5716948 
285 288 25 44 0.45704004 
245 306 19 34 0.37158194 
853 273 16 22 0.22739789 
818 298 16 24 0.12012753 
1005 290 17 22 0.1168958 
899 275 15 19 0.11395059 
1005 282 15 18 0.10573726 
837 314 26 31 0.10387888 
858 266 16 21 0.09375432 
982 318 14 22 0.09254659 
939 363 15 18 0.08243207 
997 301 21 28 0.060959287 
932 345 14 18 0.054023918 
167 317 27 48 0.05391567 
233 306 36 60 0.050722305 
998 298 15 19 0.043731403 
746 264 26 35 0.04132073 
989 314 23 29 0.038918346 
857 271 25 30 0.037429344 
264 287 38 60 0.035573587 
972 328 16 20 0.032039896 
758 296 14 19 0.030494146 
885 323 25 33 0.030266706 
964 344 13 18 0.029017763 
751 245 37 54 0.026226891 
564 289 15 21 0.024452876 
884 273 14 20 0.023699317 
895 273 13 18 0.023495074 
924 309 14 17 0.02300986 
735 262 44 57 0.022772903 
848 316 25 31 0.02262677 
1010 277 13 18 0.022593776 
805 241 14 19 0.02252425 
970 337 16 20 0.022430167 
940 285 21 26 0.022027913 
931 280 19 24 0.021251302 
931 351 20 27 0.020381978 
564 273 11 15 0.020114543 
