17_Ceremony_Ceremony_17_588
26
194 344 28 41 0.9981609 
264 219 24 35 0.99610126 
748 197 28 37 0.99592197 
954 164 40 55 0.99150544 
571 220 21 30 0.9822205 
92 178 41 51 0.97499985 
491 274 18 24 0.9400645 
312 360 20 30 0.6761905 
437 238 20 31 0.6598399 
297 363 22 30 0.2244344 
332 443 11 14 0.21882176 
10 596 64 64 0.16184552 
32 593 30 38 0.11095521 
925 418 102 182 0.07072724 
332 365 10 13 0.061669778 
36 606 36 41 0.050301056 
56 169 26 34 0.049465567 
290 363 19 26 0.044156127 
322 363 13 19 0.042766176 
87 326 50 52 0.037315704 
185 291 20 31 0.0347514 
309 351 8 10 0.033152238 
971 21 32 35 0.026321592 
60 137 13 15 0.024826601 
428 254 25 32 0.023623798 
205 327 40 46 0.021335257 
