17_Ceremony_Ceremony_17_227
306
262 493 11 14 0.9673244 
957 465 12 16 0.7854503 
436 722 19 22 0.7346345 
573 458 12 17 0.58731186 
311 493 10 14 0.57993877 
165 495 11 14 0.57225555 
911 451 11 14 0.45517817 
486 685 13 17 0.27114367 
523 740 19 20 0.26763576 
627 717 17 19 0.2646893 
113 495 10 14 0.25439528 
542 658 17 21 0.22673601 
388 731 13 16 0.21203361 
653 485 11 14 0.20627978 
984 634 15 18 0.20055194 
854 749 14 16 0.18745804 
435 656 13 16 0.15415157 
827 693 15 22 0.14902459 
460 725 15 19 0.14039186 
555 747 16 16 0.12763076 
245 488 9 12 0.12726472 
258 470 8 12 0.124669716 
634 659 14 17 0.113673955 
297 509 9 12 0.11261669 
502 681 17 20 0.111097105 
364 674 14 18 0.10797204 
715 697 14 17 0.10520147 
876 612 15 18 0.10275778 
515 719 16 19 0.10180234 
629 653 15 18 0.09733087 
254 733 28 31 0.09474655 
1003 627 17 22 0.09306642 
586 642 14 19 0.09274354 
890 735 15 21 0.087687284 
726 699 15 20 0.08647121 
32 711 35 34 0.08557302 
802 676 24 29 0.083666936 
467 713 16 20 0.0836195 
832 683 20 29 0.081273906 
532 697 18 22 0.08041457 
414 644 11 13 0.079784706 
747 640 21 26 0.079726756 
964 752 14 16 0.075153895 
963 625 22 27 0.074577734 
864 657 18 20 0.07428687 
609 690 16 20 0.073836274 
373 672 13 16 0.0736445 
674 689 16 18 0.07296369 
929 652 18 22 0.07272607 
215 519 9 13 0.07050445 
708 708 16 19 0.06955035 
446 722 21 24 0.06888895 
313 511 8 11 0.068223424 
981 697 15 19 0.06735356 
374 691 14 18 0.066656485 
470 645 13 15 0.0654007 
716 708 13 17 0.06436178 
685 729 15 19 0.063577056 
808 706 18 22 0.06310109 
318 502 8 11 0.06292697 
326 510 8 11 0.060344495 
154 525 10 13 0.059961364 
478 656 17 21 0.05977187 
499 660 15 18 0.0597706 
749 725 17 21 0.059367858 
569 712 18 21 0.05884707 
464 698 17 20 0.058615636 
527 684 15 18 0.058363635 
390 700 15 19 0.056657396 
244 476 9 12 0.056338854 
276 509 9 13 0.0563331 
286 643 43 48 0.054514423 
269 500 10 14 0.05384218 
490 688 14 17 0.05332617 
748 637 14 17 0.05272125 
320 511 8 11 0.052289676 
947 675 17 21 0.052243654 
472 636 12 15 0.052020263 
205 515 12 15 0.05194585 
157 517 10 12 0.051639725 
929 437 9 12 0.051498577 
197 513 14 16 0.051014803 
261 478 9 12 0.050620347 
577 679 16 20 0.050401744 
887 471 9 12 0.04958319 
184 659 12 16 0.04927617 
644 661 13 15 0.049019996 
454 660 12 15 0.04865178 
999 621 13 16 0.048535865 
158 529 10 13 0.04818858 
906 451 10 14 0.047658574 
928 420 9 13 0.047157347 
1011 689 12 19 0.046773918 
917 736 12 17 0.046521325 
669 698 16 19 0.045947473 
909 731 15 20 0.045630943 
415 721 16 20 0.044681706 
628 663 15 18 0.04446252 
606 650 17 20 0.044372335 
215 498 8 12 0.04385824 
413 662 14 18 0.043613344 
303 518 8 10 0.042875074 
297 504 9 11 0.0424772 
568 661 12 14 0.0419841 
357 721 15 19 0.041799635 
871 612 13 15 0.041786592 
731 707 14 18 0.041722767 
1013 486 8 11 0.04153503 
167 504 11 14 0.041454665 
790 688 17 23 0.041245885 
533 723 15 18 0.04120689 
997 632 15 19 0.041204777 
926 644 14 18 0.04100546 
312 517 8 10 0.04094859 
274 660 16 21 0.040395435 
583 651 14 15 0.04020791 
838 675 12 17 0.04010323 
924 731 21 29 0.04005108 
977 675 15 19 0.039968386 
644 706 18 20 0.039882783 
665 473 8 10 0.039881147 
928 444 9 12 0.03977859 
629 646 14 15 0.039470214 
52 710 12 17 0.039226 
643 668 15 17 0.039225888 
634 707 23 24 0.03921854 
379 671 14 17 0.039182425 
452 676 13 16 0.03899665 
885 641 17 21 0.03854856 
532 730 16 20 0.038143042 
447 659 11 15 0.03805182 
929 428 9 13 0.0380364 
191 515 12 14 0.03761169 
637 202 103 125 0.03711428 
898 736 16 18 0.036961 
367 663 10 12 0.036146767 
511 662 12 15 0.03600513 
574 737 14 18 0.03572391 
911 458 11 12 0.03488996 
715 687 12 15 0.034579676 
933 731 17 20 0.034363613 
622 658 15 18 0.03435221 
847 750 13 15 0.033793263 
206 524 11 13 0.033771046 
949 663 17 21 0.033353504 
802 731 16 19 0.033342756 
206 673 15 18 0.033306707 
915 446 10 14 0.033183295 
517 729 21 24 0.03297804 
0 723 13 20 0.032958202 
523 721 15 18 0.032857195 
573 654 11 14 0.03259009 
408 645 11 14 0.032539148 
623 667 14 18 0.03241431 
249 283 464 491 0.032199696 
318 516 9 10 0.03209159 
908 644 15 19 0.032060154 
1010 631 13 21 0.031557843 
431 669 13 16 0.031426016 
927 414 9 12 0.031199 
38 709 14 18 0.03091034 
626 750 17 17 0.030826937 
858 599 9 11 0.030742224 
543 646 12 13 0.030653885 
364 732 15 19 0.030307319 
249 704 15 18 0.030298784 
412 652 14 15 0.029805148 
363 725 14 18 0.029692898 
13 698 50 56 0.029521333 
861 742 11 15 0.02913309 
365 689 13 17 0.029131344 
362 716 13 17 0.029038278 
159 511 10 12 0.028994482 
241 470 10 14 0.028489582 
703 714 15 18 0.028487444 
740 713 11 17 0.028321415 
498 654 14 16 0.028319094 
627 727 18 20 0.028270593 
579 687 17 20 0.028227357 
276 503 10 12 0.028115137 
927 451 10 13 0.027887704 
871 649 22 25 0.027789144 
182 655 23 27 0.027748527 
434 675 12 16 0.027724186 
943 679 14 19 0.027686683 
1007 683 14 21 0.02762566 
515 659 15 16 0.027545977 
181 530 12 15 0.02743236 
866 628 14 17 0.027268596 
530 708 22 26 0.027139723 
621 674 14 17 0.027097402 
173 507 11 13 0.027051752 
635 748 17 18 0.027021987 
1 720 25 37 0.026853641 
886 743 14 18 0.026834967 
87 524 10 15 0.02677764 
910 723 15 19 0.026516123 
662 676 12 14 0.026460376 
916 647 14 19 0.026324205 
726 712 15 19 0.026317777 
277 516 10 12 0.02631062 
379 695 20 25 0.02609093 
531 678 14 17 0.026064884 
929 746 20 20 0.025999622 
990 633 25 30 0.02593337 
44 709 15 19 0.025871206 
686 699 13 18 0.02579748 
407 651 12 15 0.025787722 
475 705 13 18 0.02572694 
591 640 21 26 0.025648242 
254 525 12 14 0.025515204 
543 640 10 11 0.025450263 
425 643 24 28 0.02541469 
660 682 12 16 0.025311446 
797 738 16 19 0.025259076 
670 445 9 13 0.025239669 
361 681 15 20 0.024996372 
340 690 15 19 0.024926262 
480 688 14 18 0.024810178 
949 486 9 11 0.024772447 
199 665 27 31 0.024681209 
967 487 8 11 0.02459311 
560 200 10 14 0.02458093 
300 665 18 21 0.024550807 
663 476 9 11 0.024467815 
281 657 23 27 0.024371427 
493 664 15 19 0.02416688 
488 673 19 25 0.024128687 
982 657 26 30 0.024087735 
383 737 16 19 0.024003958 
832 589 10 13 0.023855273 
539 729 14 18 0.023746213 
431 725 16 22 0.023739979 
583 658 12 15 0.023694007 
308 488 17 23 0.023571832 
484 696 16 19 0.02355431 
292 612 10 12 0.023525055 
678 478 9 10 0.023376796 
564 718 17 21 0.023325024 
862 651 17 19 0.023320101 
653 683 14 18 0.023297995 
462 645 12 16 0.023247555 
978 734 27 33 0.023050996 
914 705 15 21 0.023017667 
367 698 13 18 0.022877019 
971 619 14 18 0.02273196 
594 699 16 20 0.022553224 
887 463 8 11 0.022467053 
116 740 31 26 0.022394704 
303 502 9 12 0.022327231 
417 649 22 25 0.022293055 
985 692 18 22 0.022195438 
323 642 13 16 0.022195112 
919 430 9 12 0.022074196 
526 703 17 21 0.022068769 
971 688 22 28 0.022027122 
214 476 10 14 0.022020154 
293 664 16 19 0.022006378 
485 643 14 16 0.022005979 
538 692 16 21 0.021999996 
849 583 9 10 0.021956835 
261 518 11 13 0.021914084 
845 472 8 10 0.02184911 
199 524 12 15 0.021785803 
978 668 24 28 0.021735178 
909 468 9 12 0.021673827 
508 679 20 26 0.021648536 
867 614 21 24 0.02162106 
412 701 12 14 0.02153985 
230 111 8 11 0.021424666 
1009 481 8 10 0.021382298 
675 705 14 17 0.021372559 
439 730 22 26 0.021365073 
972 648 14 18 0.021350587 
507 697 15 18 0.021334043 
835 747 16 18 0.0212464 
187 654 13 16 0.021231787 
188 526 11 14 0.021222467 
164 527 11 14 0.021218983 
453 700 24 28 0.021199996 
405 723 22 27 0.02118488 
388 673 15 18 0.02114035 
469 659 22 27 0.021091776 
985 644 25 27 0.021075457 
398 637 11 14 0.021036513 
183 509 10 13 0.02101286 
759 640 20 27 0.02092044 
540 683 15 18 0.02083516 
637 682 16 20 0.020820603 
447 666 11 15 0.020818036 
863 614 12 12 0.020751178 
220 517 12 16 0.020650527 
804 716 23 27 0.020633068 
690 707 15 18 0.020628203 
876 625 14 17 0.020619463 
804 746 13 16 0.02060227 
450 663 20 25 0.02056686 
861 637 21 26 0.02054519 
1005 615 12 14 0.02049805 
255 519 12 14 0.020348905 
609 700 22 26 0.020171318 
251 714 15 17 0.020163579 
259 720 26 31 0.020145694 
337 706 15 18 0.020115249 
487 714 16 20 0.020105395 
212 461 10 13 0.0200757 
