17_Ceremony_Ceremony_17_418
432
715 169 25 29 0.9943246 
88 135 26 32 0.9904765 
659 125 17 22 0.9865637 
251 107 19 23 0.96846974 
508 114 23 27 0.9548415 
586 131 16 19 0.9515212 
787 193 25 30 0.95083827 
557 178 25 34 0.9481909 
971 224 15 18 0.9449435 
627 133 16 20 0.94443417 
147 166 22 27 0.94280666 
468 124 17 21 0.9408164 
763 130 17 20 0.9245436 
170 112 17 21 0.9212036 
205 123 21 26 0.91422373 
869 141 13 17 0.83193517 
702 127 17 22 0.79537463 
28 152 29 34 0.788195 
927 249 23 35 0.7734383 
696 154 17 21 0.72969943 
118 89 10 13 0.72599983 
278 138 15 19 0.71362627 
949 198 16 19 0.7111921 
983 154 13 15 0.6939008 
62 94 11 15 0.6860159 
684 133 15 19 0.68568146 
364 126 16 20 0.67984986 
13 120 22 28 0.6727619 
490 162 46 58 0.67130095 
983 126 12 14 0.63665247 
785 286 28 38 0.58303547 
941 132 10 13 0.57488596 
1006 152 10 12 0.5636274 
969 250 24 41 0.55935884 
566 126 12 16 0.5435185 
354 152 18 22 0.52415204 
381 116 16 18 0.5154217 
860 109 11 14 0.48339936 
133 141 11 15 0.46039328 
127 68 10 13 0.45145538 
317 117 16 19 0.43339223 
299 146 18 23 0.4266289 
788 147 15 18 0.4094981 
933 169 13 17 0.40320155 
995 206 14 17 0.38376218 
747 222 27 38 0.3743237 
81 201 39 58 0.3642175 
967 127 11 12 0.31803414 
956 216 13 16 0.30074063 
341 156 15 18 0.28494415 
810 150 22 30 0.27904564 
582 104 11 14 0.25134674 
67 94 13 16 0.24929652 
416 126 23 27 0.22749475 
292 105 13 16 0.22333823 
689 128 20 25 0.20812893 
260 218 16 24 0.1967539 
934 158 13 16 0.19322287 
298 81 14 17 0.1918682 
709 114 16 19 0.17687058 
304 140 19 24 0.1743958 
278 167 16 19 0.171851 
906 132 9 12 0.16668743 
710 243 26 33 0.16644014 
238 157 13 18 0.1661749 
939 126 10 13 0.15471312 
893 129 8 10 0.1531975 
159 135 11 14 0.14607048 
455 137 26 31 0.14518532 
113 116 11 14 0.14447342 
170 144 14 18 0.14432526 
151 96 10 12 0.14200974 
480 99 11 14 0.13907537 
73 77 12 14 0.13635816 
297 152 12 16 0.1351501 
934 261 30 37 0.13258488 
207 97 15 17 0.12607947 
653 155 11 14 0.11340981 
720 239 26 35 0.11037201 
1013 205 10 16 0.10166384 
42 152 25 34 0.098136745 
276 233 364 466 0.09805165 
983 206 13 16 0.096597545 
968 151 10 12 0.09174643 
960 327 27 41 0.09104312 
312 116 14 17 0.090767 
276 184 15 18 0.090334624 
1013 173 8 11 0.08897909 
854 163 13 17 0.08810327 
378 136 15 19 0.08561233 
117 199 16 22 0.085189804 
92 83 13 16 0.08225582 
535 82 376 455 0.08189554 
733 230 28 36 0.0791148 
943 138 9 12 0.07908101 
462 127 26 32 0.0780008 
963 174 10 13 0.07748932 
456 107 11 15 0.0774174 
516 161 44 55 0.077341765 
1001 174 10 14 0.076738514 
957 142 11 13 0.07303991 
989 120 11 15 0.07280123 
334 93 11 15 0.0717784 
407 102 12 15 0.07138866 
460 103 10 14 0.07022888 
452 144 17 18 0.06871728 
188 125 14 16 0.06835498 
301 180 12 16 0.06812856 
17 138 34 43 0.06591824 
1003 204 13 17 0.06556273 
890 132 9 11 0.0653066 
752 137 13 18 0.06511541 
184 85 11 14 0.0648812 
570 128 14 18 0.06435085 
292 137 20 25 0.06418476 
699 142 22 26 0.06401198 
808 160 14 19 0.063439064 
875 165 13 16 0.063070215 
981 172 10 12 0.06302783 
419 144 17 21 0.062157083 
307 187 15 20 0.06195274 
818 148 17 23 0.06153377 
928 171 13 17 0.06150476 
555 150 22 27 0.061391722 
298 495 116 130 0.05988417 
509 86 10 13 0.059549768 
348 158 16 20 0.058769476 
336 155 13 16 0.058276966 
565 149 15 19 0.0578946 
959 149 10 13 0.056864068 
556 139 11 15 0.056651372 
140 191 21 30 0.056211904 
533 123 15 18 0.056109127 
170 249 17 21 0.055840697 
1004 179 11 14 0.055678703 
581 154 16 20 0.05561641 
823 139 12 15 0.05512705 
392 94 11 12 0.05510983 
965 163 11 14 0.054713055 
487 157 27 36 0.05445823 
80 64 9 12 0.052782226 
205 108 17 19 0.05251692 
174 171 11 15 0.052448347 
1002 167 9 12 0.0524185 
581 77 16 20 0.051946495 
75 97 12 15 0.05161174 
979 250 17 25 0.051513497 
339 164 16 21 0.05117019 
949 210 16 19 0.051009513 
504 87 11 14 0.05057071 
850 142 15 22 0.049019214 
76 141 16 20 0.047935337 
974 126 10 13 0.047312092 
197 80 14 18 0.04705069 
336 291 226 268 0.046935014 
70 83 14 16 0.046422716 
978 259 25 34 0.046096765 
333 169 15 20 0.045811985 
497 145 34 38 0.045735568 
371 138 21 28 0.04544276 
520 91 11 13 0.045408912 
124 91 10 13 0.045062315 
702 155 23 28 0.044891004 
538 100 10 13 0.044526376 
153 194 13 18 0.04434287 
277 173 20 25 0.044195343 
976 165 10 12 0.044184893 
146 179 22 31 0.043352112 
990 198 12 15 0.042555086 
376 91 10 13 0.04244448 
582 146 14 17 0.041621294 
455 93 9 12 0.04139497 
395 137 14 17 0.041374467 
548 159 16 23 0.041356355 
780 203 29 34 0.041175287 
824 135 10 12 0.040971465 
335 87 10 12 0.040851057 
811 166 16 20 0.040572174 
104 70 9 11 0.040390093 
99 83 11 15 0.040105887 
479 147 26 35 0.03952837 
781 137 20 26 0.03934512 
963 180 11 12 0.03917637 
484 96 11 13 0.039157577 
7 9 96 117 0.03912968 
965 203 12 15 0.039034035 
569 150 24 32 0.038796946 
62 103 14 19 0.03878033 
467 138 27 34 0.038526464 
649 178 15 17 0.038165998 
127 143 14 19 0.03814462 
327 148 11 17 0.037940487 
178 248 16 22 0.03720087 
52 164 16 23 0.037128467 
448 140 15 18 0.037110526 
1002 156 10 12 0.037074257 
736 98 13 16 0.03690759 
851 134 12 16 0.03666224 
230 117 11 16 0.036587372 
67 146 16 20 0.03635858 
753 240 19 27 0.036265526 
243 130 17 20 0.036230862 
145 99 10 15 0.036213584 
332 178 13 17 0.0360762 
772 204 15 20 0.03597234 
383 134 22 26 0.03585302 
57 92 19 25 0.035690553 
258 132 13 17 0.035655163 
486 139 26 33 0.035592325 
951 156 10 12 0.0355396 
213 148 11 14 0.03552892 
117 112 11 14 0.035470385 
329 93 11 14 0.035459105 
920 151 8 10 0.035383947 
473 96 9 12 0.035247777 
443 101 12 15 0.0351222 
136 86 9 11 0.034879927 
594 152 14 19 0.034841485 
813 141 11 14 0.034514736 
157 142 20 25 0.03449907 
856 112 12 16 0.034468047 
77 69 12 14 0.03446407 
60 147 16 21 0.03441807 
265 215 22 30 0.034316093 
271 131 15 20 0.03416838 
960 133 10 12 0.033850193 
995 263 15 22 0.0335164 
798 135 10 13 0.03348518 
585 159 17 21 0.033088986 
645 132 12 16 0.033040777 
919 173 11 14 0.033014223 
318 47 9 12 0.032915477 
295 178 13 17 0.032770906 
1006 186 11 13 0.03267688 
1014 125 9 12 0.032476928 
339 98 14 17 0.032362364 
1003 146 19 22 0.03235117 
491 130 14 17 0.032259017 
849 127 8 11 0.032213617 
991 174 9 11 0.032103136 
595 136 14 18 0.03208734 
284 157 13 17 0.031848244 
963 213 14 17 0.031837113 
562 168 25 33 0.03181637 
499 115 41 48 0.031808864 
1 265 34 49 0.03165083 
188 118 12 16 0.03145998 
453 112 13 16 0.03132239 
444 144 28 30 0.03131186 
76 80 13 17 0.03113677 
84 68 9 13 0.031134365 
1014 166 10 14 0.030799147 
750 145 14 19 0.03027985 
770 127 14 17 0.030262122 
122 67 11 15 0.030170996 
894 171 11 14 0.030151663 
5 121 16 22 0.030082384 
950 257 27 34 0.029885724 
783 303 16 22 0.029862037 
315 128 15 20 0.029837914 
227 198 14 16 0.029735636 
126 74 10 13 0.029722502 
571 147 15 18 0.029675795 
964 257 19 27 0.029384073 
132 135 19 24 0.029343272 
807 136 10 13 0.029302068 
312 144 16 20 0.029206846 
559 130 13 18 0.029062191 
794 140 13 19 0.029019043 
942 121 10 12 0.029015075 
151 66 15 18 0.028819948 
997 133 11 13 0.028718835 
975 157 10 13 0.028662292 
120 78 11 13 0.028585473 
362 134 18 21 0.02847504 
111 63 9 13 0.028395724 
269 159 21 27 0.028320866 
147 156 19 21 0.028193615 
214 211 23 25 0.02804003 
760 228 30 36 0.027996996 
380 92 11 14 0.027988808 
116 122 10 13 0.027988119 
988 244 15 20 0.027635865 
1010 155 12 15 0.02761113 
784 151 14 18 0.027581522 
753 128 21 26 0.02757076 
448 93 10 13 0.02755291 
999 100 10 12 0.027496168 
579 90 17 21 0.027478756 
321 109 15 19 0.027319832 
973 149 10 15 0.027283369 
278 54 10 13 0.027258623 
107 189 39 51 0.027231358 
988 238 12 14 0.027010992 
887 189 11 15 0.027008863 
446 114 13 17 0.027004207 
788 163 13 16 0.026941728 
780 132 12 16 0.026877156 
86 79 12 16 0.026766373 
115 83 18 22 0.026644804 
742 280 28 35 0.02662504 
312 68 9 13 0.026621025 
938 126 18 23 0.026597602 
707 122 20 24 0.026561435 
1010 149 11 14 0.026489453 
138 133 12 16 0.0264801 
156 70 17 20 0.026308639 
332 150 13 17 0.02626286 
178 139 14 18 0.02619298 
477 106 13 15 0.026149468 
990 248 24 35 0.025920076 
476 95 19 23 0.025842158 
347 100 15 17 0.02583923 
939 149 12 15 0.025714884 
414 151 14 19 0.025704505 
825 146 16 21 0.025667554 
101 202 29 40 0.025629802 
492 153 18 23 0.025597103 
62 123 15 19 0.02554708 
581 166 17 23 0.02552544 
133 92 11 14 0.025367042 
794 151 14 18 0.02535772 
106 63 10 14 0.02526495 
6 111 41 51 0.025219029 
858 167 15 19 0.025192328 
820 184 15 18 0.02512154 
807 147 13 18 0.024841718 
299 88 15 19 0.024795778 
298 178 22 27 0.024784539 
485 166 13 21 0.024715444 
974 191 9 11 0.024683084 
335 80 9 11 0.024612058 
141 84 11 12 0.024502669 
960 166 11 14 0.024419166 
164 170 13 17 0.024320476 
508 157 33 40 0.024257535 
770 241 17 21 0.024250858 
853 98 21 26 0.024216702 
143 78 10 13 0.024198692 
448 88 9 10 0.023956386 
739 93 11 14 0.02391905 
1008 124 9 11 0.023859961 
794 210 24 34 0.023839658 
955 223 16 18 0.023800228 
981 163 12 14 0.023774803 
918 202 12 16 0.02375425 
238 97 13 17 0.023750622 
934 197 10 13 0.023728246 
492 124 11 16 0.023633072 
955 191 12 14 0.023597706 
278 59 11 15 0.023504578 
1012 178 10 13 0.023442617 
178 120 14 18 0.023394601 
815 178 15 18 0.023351118 
313 51 11 13 0.023346594 
524 85 10 12 0.023335475 
254 147 14 16 0.023325419 
461 114 20 25 0.023284653 
405 133 12 15 0.023264917 
251 135 17 19 0.023244437 
540 107 11 13 0.023137001 
157 110 11 14 0.023020903 
587 106 11 14 0.023008648 
269 53 10 13 0.022983136 
123 154 14 19 0.022955146 
146 93 20 24 0.0228647 
852 125 11 14 0.022730539 
301 99 12 16 0.022726033 
414 136 16 19 0.022678064 
495 130 28 33 0.022615485 
676 145 16 21 0.022588879 
420 169 33 39 0.022487557 
973 216 14 16 0.02239481 
861 218 15 17 0.022361396 
445 106 13 17 0.022358865 
87 116 24 28 0.022354884 
474 160 25 32 0.02233575 
1007 119 9 12 0.022279484 
394 69 10 12 0.02224822 
494 93 10 12 0.022207437 
749 259 28 33 0.022203403 
317 69 9 12 0.022143759 
573 140 13 17 0.022141783 
24 121 15 22 0.0220483 
301 159 13 17 0.02195964 
1015 140 10 14 0.021912029 
951 141 9 12 0.021908687 
455 103 20 25 0.02185676 
634 126 15 17 0.021824537 
77 191 30 40 0.021711295 
968 325 19 23 0.021604897 
479 87 9 11 0.021586573 
611 130 14 18 0.021512484 
582 139 24 26 0.021498159 
313 178 15 21 0.021488339 
603 130 15 19 0.021352807 
216 127 16 19 0.0212673 
520 81 9 12 0.021251993 
902 187 14 15 0.021212151 
354 139 24 30 0.021172427 
301 208 15 19 0.021106819 
294 186 14 18 0.021099487 
790 135 11 15 0.021062303 
286 55 11 14 0.02105451 
1016 130 10 14 0.021047188 
476 147 74 96 0.020972595 
993 180 10 12 0.020927796 
59 137 16 22 0.020905623 
325 98 14 17 0.020851847 
911 150 9 11 0.020831268 
990 190 11 13 0.02077747 
366 429 40 50 0.020712765 
772 130 22 27 0.020667221 
1005 263 15 22 0.020624913 
70 89 21 24 0.020558164 
976 291 31 39 0.020530213 
456 88 9 11 0.020509312 
140 164 20 24 0.020403778 
964 141 13 15 0.020390183 
496 87 10 12 0.02037934 
466 141 45 53 0.020339742 
249 169 20 27 0.02032475 
307 133 16 19 0.020308375 
121 62 20 24 0.020269375 
908 184 10 12 0.02022218 
274 125 21 25 0.02021733 
641 125 21 28 0.02013114 
496 474 39 28 0.020130955 
884 168 15 18 0.02012397 
605 45 99 116 0.020123295 
937 140 10 13 0.020037482 
167 203 11 15 0.020034662 
