17_Ceremony_Ceremony_17_344
28
598 47 90 116 0.9996106 
524 113 55 70 0.9992078 
936 368 85 110 0.9939162 
638 284 79 115 0.9513507 
229 399 40 43 0.7527324 
965 148 24 50 0.46017668 
895 186 22 28 0.2757867 
970 155 36 65 0.27405617 
650 292 112 147 0.16348182 
350 593 145 115 0.15193528 
976 173 47 82 0.12607665 
322 533 151 117 0.062499776 
904 192 20 21 0.053882707 
214 393 33 38 0.05356504 
246 93 119 163 0.049619213 
289 509 132 100 0.03311255 
770 168 53 62 0.030390138 
894 182 15 22 0.030389251 
911 187 25 31 0.030019082 
255 129 189 252 0.028497139 
194 411 29 35 0.02579871 
240 386 37 44 0.025527496 
384 590 82 77 0.023793902 
891 177 39 44 0.02287062 
361 486 107 88 0.022458468 
246 416 20 22 0.022172853 
212 400 16 22 0.020563733 
889 189 13 18 0.020207025 
