17_Ceremony_Ceremony_17_592
131
163 252 31 38 0.98670155 
5 371 16 20 0.97217983 
60 308 17 22 0.9714875 
300 285 15 18 0.9657188 
508 287 15 19 0.9589493 
697 183 27 43 0.7895028 
790 340 12 14 0.46558297 
551 303 12 16 0.4327184 
195 338 18 20 0.42277393 
651 292 17 19 0.36622557 
594 285 15 17 0.364209 
592 319 11 14 0.2716906 
31 408 14 20 0.21096621 
193 344 22 27 0.1778089 
784 338 11 15 0.17113467 
60 331 32 34 0.16856962 
267 341 14 18 0.16207768 
850 124 34 45 0.1410483 
545 308 13 17 0.13963702 
371 178 46 59 0.11368737 
571 318 12 15 0.111441046 
401 286 17 20 0.09539666 
544 280 7 10 0.089266665 
280 288 9 11 0.08662437 
248 308 12 16 0.08381349 
557 323 10 12 0.07887685 
249 314 16 20 0.07290728 
601 286 12 15 0.07192464 
551 313 12 15 0.07043167 
279 329 13 18 0.06604748 
207 309 13 17 0.06382073 
556 318 9 13 0.060582075 
0 387 12 18 0.05884377 
222 326 12 15 0.052834354 
557 278 8 11 0.051298708 
239 309 10 14 0.05085601 
414 433 21 29 0.050484195 
687 197 32 41 0.050123665 
452 290 16 18 0.050089814 
85 342 16 22 0.049816612 
536 329 10 12 0.04802913 
67 332 16 19 0.047869135 
343 211 13 16 0.046417456 
248 323 13 16 0.046201613 
275 336 15 20 0.044670876 
552 278 9 11 0.042470008 
557 264 9 11 0.04243178 
482 194 14 19 0.041959763 
554 270 9 11 0.04106073 
3 422 17 21 0.039300337 
336 356 13 16 0.038434304 
254 352 14 19 0.038144693 
596 255 10 11 0.038015198 
455 316 10 13 0.037661225 
501 227 12 15 0.036954165 
846 136 25 40 0.03613423 
260 404 10 12 0.034643024 
784 357 10 13 0.033301223 
151 254 25 34 0.032954738 
793 345 13 14 0.0321035 
551 297 11 14 0.03147955 
77 330 28 33 0.031369638 
250 330 14 18 0.030930975 
528 183 8 10 0.030432623 
212 328 15 19 0.030384103 
533 225 10 12 0.03023577 
768 351 9 11 0.029129382 
260 350 15 20 0.029023493 
396 451 14 16 0.028880855 
73 336 18 22 0.02887306 
613 343 9 12 0.028513864 
36 369 27 34 0.028491601 
403 275 24 28 0.027615279 
528 272 9 11 0.027583286 
373 169 32 44 0.027199633 
291 330 12 15 0.027178286 
539 331 11 15 0.026425347 
266 352 14 19 0.026280731 
726 331 13 16 0.026147617 
553 331 23 29 0.026037017 
227 325 13 15 0.02587068 
777 341 11 14 0.02558745 
324 77 12 13 0.025502961 
271 414 8 10 0.025499826 
283 324 16 20 0.025194166 
591 280 12 15 0.025127027 
510 313 13 17 0.02482674 
184 256 18 24 0.024693497 
671 266 47 69 0.024363821 
341 205 21 28 0.024268694 
269 332 16 19 0.024252139 
257 330 22 29 0.024075357 
156 350 16 19 0.02406606 
91 331 14 17 0.02406353 
339 349 13 16 0.023700349 
200 323 23 26 0.0235369 
752 365 9 13 0.02341964 
708 349 9 11 0.023380954 
63 323 50 53 0.023171915 
761 374 8 9 0.0231301 
856 135 42 45 0.023070438 
533 271 10 12 0.022960268 
285 286 12 14 0.022923674 
253 319 22 29 0.02284843 
418 264 24 29 0.022561885 
233 310 10 13 0.022511791 
795 336 12 14 0.022383384 
580 342 9 13 0.02215232 
238 302 11 15 0.022138948 
568 270 8 11 0.021846881 
453 293 23 30 0.021634957 
557 283 10 13 0.021265822 
120 391 27 31 0.021233093 
34 416 14 17 0.02113369 
677 190 30 34 0.02110197 
91 350 14 19 0.021097666 
475 306 15 19 0.020977916 
45 310 49 51 0.020722348 
584 291 11 14 0.020696798 
0 338 12 18 0.020641508 
102 319 12 15 0.020578621 
270 408 10 12 0.020559799 
534 260 9 11 0.02052484 
452 267 15 18 0.02047917 
277 357 13 15 0.020350616 
716 378 14 19 0.020298265 
547 320 23 26 0.02028044 
483 306 13 16 0.020133605 
386 252 17 20 0.020114612 
84 332 16 21 0.020093327 
596 294 15 18 0.020080995 
