17_Ceremony_Ceremony_17_765
246
89 473 36 57 0.9951815 
397 291 12 15 0.9850006 
377 397 22 35 0.969127 
669 289 13 16 0.9577202 
874 299 15 20 0.9428575 
373 287 12 16 0.9127618 
324 295 11 15 0.88634354 
926 298 13 21 0.8550627 
794 284 17 23 0.83832455 
236 340 12 15 0.8352256 
137 309 10 14 0.82176137 
238 305 13 16 0.80622065 
78 305 12 15 0.78167164 
172 441 20 32 0.6904087 
716 286 12 18 0.6048213 
558 277 12 16 0.58789605 
140 340 14 17 0.4554574 
5 393 16 20 0.43646762 
424 288 7 9 0.39018494 
834 309 13 16 0.36439034 
107 403 16 20 0.29374894 
226 393 13 20 0.26946372 
288 369 11 16 0.20135228 
183 318 12 15 0.19638285 
231 440 21 35 0.18070604 
10 399 14 21 0.17607218 
81 338 14 17 0.16270578 
40 407 28 34 0.15661606 
124 396 12 16 0.14787818 
453 287 8 11 0.14728636 
358 307 9 12 0.14424428 
131 439 25 39 0.13399848 
210 384 15 19 0.12754884 
148 380 12 15 0.11804883 
4 405 17 24 0.11746839 
807 259 11 13 0.11519823 
222 333 9 14 0.110927194 
863 327 9 12 0.10730936 
177 326 11 14 0.10675601 
196 401 13 17 0.10578997 
244 396 16 19 0.08666703 
821 282 15 19 0.08522895 
341 382 11 15 0.08207065 
165 331 11 15 0.079940274 
147 386 17 20 0.0799057 
179 434 16 28 0.071787916 
82 413 15 25 0.0690817 
516 269 10 14 0.06818694 
123 325 11 14 0.0678171 
160 333 11 14 0.06775596 
783 269 9 11 0.067131236 
154 402 16 22 0.0645267 
250 402 17 21 0.0640035 
89 405 21 31 0.060362767 
218 386 17 25 0.060164433 
55 419 22 29 0.060163204 
230 334 13 16 0.058837913 
182 416 16 20 0.05852758 
384 307 9 12 0.058189306 
100 383 10 12 0.05546006 
865 349 10 14 0.054626185 
86 256 9 11 0.05362753 
189 396 14 18 0.053622674 
1 408 12 20 0.053033378 
766 274 10 13 0.052711003 
146 391 23 29 0.052675687 
561 280 15 18 0.05250369 
184 349 11 13 0.051709976 
212 391 16 20 0.050872266 
114 395 18 23 0.050714422 
765 288 9 11 0.05061766 
308 398 22 28 0.04988936 
206 392 14 19 0.049748242 
777 288 8 11 0.04944494 
331 426 15 23 0.049127407 
374 309 10 12 0.04826989 
144 325 10 12 0.047722504 
132 426 21 34 0.047620118 
783 301 12 15 0.047237992 
188 389 12 15 0.04697246 
85 324 12 14 0.046472408 
832 302 11 16 0.046313886 
764 294 10 12 0.045930516 
389 326 9 12 0.045529343 
880 294 18 21 0.045407716 
358 340 10 14 0.04540145 
108 413 15 20 0.045261748 
185 409 17 21 0.04474042 
184 238 10 14 0.04401067 
285 448 14 17 0.04306737 
200 264 388 443 0.04295265 
449 290 9 12 0.041726433 
238 393 13 18 0.04145456 
95 382 11 14 0.041315407 
324 322 12 15 0.04096116 
61 395 15 19 0.04009175 
110 308 9 12 0.039922576 
58 434 23 33 0.039551247 
729 364 8 10 0.039141417 
641 252 12 15 0.03910122 
366 404 17 21 0.03894811 
793 278 12 15 0.038630463 
429 294 9 11 0.03859597 
513 296 9 12 0.03857285 
671 312 10 11 0.038513713 
265 439 23 35 0.038320374 
141 315 9 11 0.037864726 
388 307 10 13 0.03758049 
151 319 8 11 0.03699391 
49 400 27 31 0.036873884 
21 520 30 34 0.03684424 
245 446 25 34 0.03682803 
784 308 12 14 0.036353204 
781 292 11 15 0.036296617 
160 316 9 12 0.036076553 
401 327 9 12 0.035971746 
142 393 15 19 0.035969082 
339 332 11 15 0.035399042 
140 422 23 33 0.03449973 
829 290 13 17 0.033672076 
247 324 12 15 0.033665214 
134 305 17 23 0.033479426 
104 302 10 13 0.03346487 
71 337 24 27 0.033070404 
103 469 33 47 0.03300186 
340 292 11 15 0.03268192 
97 410 22 30 0.03267473 
8 302 8 9 0.032650806 
402 333 9 11 0.032575935 
70 338 16 17 0.032516297 
781 287 10 13 0.032485656 
155 380 13 17 0.03222921 
427 286 9 11 0.032182686 
334 323 13 16 0.032073792 
399 307 11 14 0.03159511 
405 309 10 13 0.031089282 
1005 365 11 15 0.031021407 
354 333 10 14 0.030913709 
517 296 9 11 0.030883286 
132 395 13 18 0.030020533 
815 283 11 16 0.029907847 
289 251 12 15 0.02969321 
333 293 11 14 0.0295977 
93 294 10 12 0.029336361 
288 339 12 18 0.029217219 
384 319 9 12 0.02921281 
369 376 10 12 0.029175675 
51 394 17 22 0.029112842 
54 388 12 15 0.028853577 
333 311 11 14 0.028802015 
644 285 10 14 0.02873205 
868 371 9 12 0.028652946 
365 309 11 13 0.0285474 
179 424 19 27 0.028438695 
848 254 9 11 0.028238896 
161 312 8 10 0.028097123 
359 403 14 20 0.028027883 
334 376 22 30 0.028003106 
149 301 9 12 0.027933862 
782 276 10 12 0.027873777 
357 315 11 15 0.02746613 
146 375 11 15 0.02718228 
167 341 10 13 0.027143095 
36 328 9 11 0.027119657 
765 299 10 14 0.026975064 
0 391 14 20 0.02690792 
59 407 22 27 0.026888346 
862 331 13 17 0.026544925 
318 311 21 26 0.026277266 
863 304 13 17 0.026253985 
431 302 11 12 0.026240615 
390 331 9 12 0.02621996 
438 277 8 11 0.026160806 
802 278 14 19 0.02583585 
160 288 9 11 0.024902832 
823 283 21 28 0.024899162 
165 310 8 11 0.024843985 
419 287 9 11 0.024713537 
368 316 10 14 0.02452804 
166 304 9 11 0.02444492 
195 389 13 17 0.024427868 
643 229 12 17 0.02437417 
365 346 10 13 0.02435431 
415 301 11 14 0.024252202 
375 269 8 12 0.0242346 
315 316 15 18 0.02422849 
148 407 19 23 0.023912314 
172 340 11 15 0.023896655 
553 237 10 13 0.023685832 
957 384 9 10 0.023653798 
61 383 11 13 0.023400301 
64 338 12 15 0.023357103 
79 312 12 14 0.023343978 
418 292 9 11 0.023040945 
177 295 9 11 0.022882849 
119 391 13 16 0.022803243 
64 400 16 23 0.02273292 
202 401 15 18 0.022396462 
358 325 11 15 0.022038123 
386 387 16 24 0.021840116 
790 271 9 12 0.021831112 
387 516 13 16 0.02175669 
66 390 15 17 0.02168142 
280 442 24 28 0.021602098 
835 290 14 20 0.021592434 
418 477 16 17 0.021541907 
126 320 8 11 0.021511521 
413 307 11 13 0.021434546 
223 447 24 34 0.02140512 
778 270 8 11 0.021372376 
244 406 18 22 0.021320265 
440 255 9 12 0.021274485 
333 318 21 27 0.021244232 
562 271 13 15 0.021189578 
102 397 17 21 0.021169275 
432 309 12 14 0.021033553 
88 294 10 13 0.021010533 
806 265 13 16 0.020857641 
453 215 9 11 0.020831238 
150 332 11 16 0.020810775 
871 295 13 19 0.020703655 
179 315 19 26 0.020699814 
13 302 9 10 0.02069113 
47 397 12 17 0.020666586 
789 400 7 8 0.02062037 
405 317 9 12 0.020589134 
365 383 26 29 0.0205215 
152 415 19 23 0.020445742 
811 254 11 12 0.02042758 
34 332 8 11 0.020400366 
10 403 21 28 0.020368695 
165 317 9 12 0.02032967 
140 446 30 35 0.020306127 
60 388 14 16 0.020274172 
775 278 9 11 0.020238034 
330 426 26 38 0.020201536 
828 299 20 26 0.020177659 
990 407 8 9 0.020168694 
120 328 11 16 0.020163937 
88 380 12 16 0.020147108 
823 307 13 16 0.020135993 
68 430 28 37 0.020127254 
371 381 11 13 0.020127028 
864 292 11 16 0.020091258 
392 301 11 14 0.020072548 
421 298 12 15 0.020038094 
