44_Aerobics_Aerobics_44_433
37
134 326 81 115 0.9987931 
657 266 79 109 0.9957891 
469 271 45 57 0.9956755 
168 200 24 41 0.99218655 
974 182 22 27 0.754857 
720 226 26 33 0.27973464 
973 158 11 14 0.102685206 
590 228 25 32 0.09839484 
984 149 12 14 0.09692127 
243 157 11 14 0.08911642 
1000 157 11 14 0.08900936 
139 222 26 34 0.06770571 
148 213 28 39 0.06684274 
807 85 8 11 0.06384765 
798 108 15 21 0.06011888 
974 151 11 13 0.05862245 
1004 152 16 20 0.055217877 
802 208 33 40 0.048070375 
982 154 12 15 0.048020735 
919 111 11 16 0.040874474 
988 154 12 15 0.04027875 
-1 0 42 56 0.039721873 
583 236 42 53 0.037932195 
797 183 15 17 0.037798714 
142 227 14 20 0.036540758 
699 223 53 68 0.032051742 
803 104 21 27 0.027652431 
239 149 14 17 0.026804348 
664 95 10 13 0.026384892 
1013 226 12 17 0.02635807 
727 44 9 11 0.0255979 
982 150 21 25 0.022055209 
594 178 13 16 0.021975253 
684 237 65 92 0.021885432 
549 443 16 17 0.021579284 
695 38 12 15 0.02004028 
761 143 9 11 0.020011362 
