44_Aerobics_Aerobics_44_443
40
378 261 102 144 0.9999002 
242 830 54 54 0.45953414 
548 1131 106 129 0.43318918 
824 1020 208 324 0.3310529 
462 1150 42 58 0.32739443 
429 205 58 68 0.3248092 
841 352 196 299 0.14661868 
4 202 38 51 0.1462388 
32 500 33 46 0.09729128 
46 384 100 114 0.06315628 
34 277 117 123 0.05721907 
-19 279 192 267 0.052628394 
761 348 382 408 0.050967257 
747 981 145 199 0.04901856 
58 307 73 71 0.04702992 
407 219 90 112 0.04681335 
0 524 25 46 0.04044024 
928 881 72 70 0.03840923 
-9 181 70 111 0.036769 
-57 844 423 490 0.035593484 
899 850 110 126 0.033573464 
-77 107 360 520 0.03289561 
39 543 50 59 0.032419696 
4 506 40 59 0.031798452 
842 756 179 284 0.030109499 
101 543 46 57 0.027786745 
25 207 33 37 0.027520182 
13 445 56 67 0.026390176 
782 593 43 39 0.025980454 
23 514 49 61 0.025096767 
-1 457 22 35 0.0249237 
5 445 90 116 0.024090506 
17 194 48 67 0.02313016 
584 1143 63 85 0.023008851 
20 483 31 41 0.022155808 
10 259 51 63 0.021851955 
42 209 26 30 0.021734284 
0 516 9 15 0.02162892 
675 808 320 440 0.021508558 
520 1117 38 42 0.02041437 
