44_Aerobics_Aerobics_44_742
29
163 194 27 36 0.99937004 
775 256 27 36 0.9985739 
270 242 32 40 0.99812084 
461 134 37 50 0.9928994 
594 262 22 28 0.9667604 
702 241 29 34 0.95614725 
676 254 47 55 0.23168375 
706 228 24 30 0.15546595 
308 245 29 35 0.08168468 
570 242 15 18 0.07391344 
709 221 16 18 0.06426113 
700 234 20 23 0.0406526 
343 245 26 37 0.035368096 
37 199 10 13 0.032924403 
348 237 14 17 0.032657254 
369 243 19 24 0.031262882 
674 276 36 38 0.03124957 
341 225 16 21 0.0268421 
310 244 17 19 0.024525678 
343 216 19 20 0.023832222 
577 252 47 54 0.02340218 
312 256 50 66 0.023114294 
187 234 16 20 0.022857985 
235 287 42 53 0.022098519 
729 294 45 54 0.022032151 
342 241 17 20 0.021544445 
652 236 17 19 0.020937834 
722 255 16 20 0.020917958 
147 221 14 18 0.020528547 
