44_Aerobics_Aerobics_44_936
19
538 435 63 75 0.9993017 
438 415 68 81 0.9989371 
389 825 72 97 0.9969222 
283 519 77 97 0.9928982 
538 831 77 103 0.9865318 
729 409 75 93 0.9674963 
114 505 13 17 0.055300027 
151 452 14 19 0.04216537 
126 560 43 60 0.037236314 
194 528 47 72 0.03410012 
229 482 53 77 0.03349662 
107 491 37 51 0.0317219 
343 848 49 74 0.03093023 
698 885 346 527 0.028325938 
156 455 15 23 0.025673982 
108 508 23 32 0.025308564 
217 512 53 73 0.024471229 
547 1059 15 16 0.023936331 
253 505 58 80 0.022809425 
