44_Aerobics_Aerobics_44_640
18
930 420 27 36 0.99926156 
872 206 24 32 0.99709785 
649 424 27 34 0.99322575 
92 447 24 32 0.9928489 
413 220 24 31 0.98989725 
132 242 22 28 0.98074657 
379 416 23 31 0.9699237 
626 233 21 26 0.91270125 
331 592 46 67 0.07641428 
986 402 25 30 0.061678708 
76 439 38 52 0.061187886 
53 431 51 62 0.031136466 
952 426 25 31 0.026661279 
1008 307 12 18 0.025812453 
825 142 11 14 0.024490785 
111 263 18 22 0.02243358 
54 215 12 14 0.020568902 
995 405 25 35 0.020029645 
