44_Aerobics_Aerobics_44_332
131
427 305 29 35 0.9981363 
547 304 15 22 0.9835983 
748 305 15 20 0.9768544 
124 300 14 19 0.9634341 
180 306 22 26 0.954917 
22 293 13 17 0.93812984 
75 300 10 13 0.9128539 
832 302 17 23 0.88352615 
700 308 24 28 0.8750743 
986 303 14 16 0.8558813 
655 298 12 16 0.8444495 
393 299 16 21 0.8274992 
208 298 14 20 0.8143583 
533 285 12 15 0.8063488 
869 302 11 14 0.78134173 
300 306 11 14 0.69853514 
769 295 9 13 0.6618564 
238 290 16 19 0.6057788 
384 304 15 19 0.3802076 
49 310 9 11 0.29620498 
312 299 10 14 0.28795564 
36 335 10 12 0.28413022 
333 291 8 11 0.20744607 
670 302 11 13 0.13556279 
76 325 10 12 0.12027055 
644 326 10 14 0.116527595 
934 301 10 12 0.113265 
940 323 12 16 0.10998701 
525 301 12 16 0.10410324 
329 289 9 12 0.101554066 
71 324 10 12 0.09652363 
232 290 14 18 0.093898036 
263 317 10 14 0.09299907 
933 296 9 11 0.07967894 
268 317 12 16 0.07613868 
648 295 10 13 0.07187719 
901 325 13 16 0.07147177 
565 361 12 16 0.06902708 
861 357 9 12 0.06788028 
274 344 9 11 0.06648982 
934 317 13 17 0.06374262 
66 323 10 12 0.062335957 
941 301 10 13 0.059859656 
866 294 10 12 0.05886732 
49 305 9 11 0.058635715 
-1 300 7 12 0.056663983 
535 306 14 18 0.054099012 
712 310 17 22 0.053539924 
47 313 12 16 0.05319537 
174 307 18 20 0.052794393 
314 293 12 14 0.049964156 
642 296 8 11 0.049933862 
928 318 11 15 0.048700336 
889 326 10 13 0.046189267 
646 319 11 14 0.045878034 
169 306 13 19 0.044970427 
675 302 10 14 0.043989345 
325 327 10 11 0.042339146 
488 334 23 30 0.04204949 
148 310 12 15 0.041218303 
538 290 13 17 0.040862292 
143 315 13 17 0.039082374 
192 299 18 26 0.039070047 
783 318 9 12 0.038975053 
930 300 9 11 0.038897153 
54 305 8 10 0.03864042 
297 262 9 11 0.038626704 
822 306 15 19 0.038149763 
700 300 19 24 0.035781007 
333 317 11 14 0.03502907 
780 349 13 17 0.03445857 
942 296 10 12 0.03439885 
947 324 11 15 0.03398691 
262 312 10 13 0.033651497 
754 302 11 16 0.033360947 
894 325 12 16 0.032991484 
862 287 9 12 0.03264477 
695 311 16 22 0.032015752 
88 323 9 12 0.031699732 
259 363 13 16 0.031493 
527 291 13 16 0.031468913 
452 292 12 18 0.031159492 
994 326 14 17 0.030979522 
588 291 12 17 0.03071591 
769 372 10 13 0.030451091 
257 318 11 14 0.030437058 
48 322 10 12 0.030333173 
317 308 9 12 0.030067688 
946 389 9 12 0.029871712 
71 295 17 22 0.029486734 
343 316 10 15 0.029350149 
577 309 10 13 0.028701963 
88 310 9 12 0.028149836 
61 343 9 10 0.027681276 
585 286 10 13 0.027128825 
149 277 13 16 0.026938897 
284 286 10 12 0.02561039 
92 317 12 13 0.025527995 
103 310 11 15 0.025248658 
628 293 11 15 0.025184356 
775 318 10 12 0.024990689 
899 267 11 13 0.02493818 
349 315 12 17 0.024626164 
571 359 11 14 0.024584657 
774 324 9 12 0.0244751 
934 306 13 17 0.024450067 
767 290 16 21 0.024218364 
17 287 10 13 0.023958778 
710 292 24 31 0.02393309 
101 368 9 12 0.023906076 
93 311 10 13 0.023499988 
856 350 11 16 0.02332361 
958 356 10 14 0.023105333 
255 322 11 15 0.022888456 
377 306 12 18 0.022886842 
328 341 8 11 0.022713227 
838 298 13 17 0.022176288 
994 301 11 16 0.022161014 
518 294 11 17 0.022031812 
856 287 9 12 0.021706942 
72 304 11 14 0.02163538 
640 317 11 16 0.021379622 
318 286 11 14 0.021190286 
880 270 10 12 0.02105801 
693 301 14 19 0.020990917 
311 306 10 13 0.020970723 
149 269 11 13 0.02089281 
947 299 11 16 0.02088845 
781 340 11 16 0.020761883 
666 490 19 23 0.020627765 
270 358 11 14 0.020328542 
