44_Aerobics_Aerobics_44_629
22
349 258 57 70 0.99906224 
552 259 52 67 0.9987494 
828 245 47 61 0.9965402 
712 282 53 68 0.996407 
323 94 39 53 0.9867877 
265 75 17 19 0.13925576 
94 661 37 43 0.08582881 
764 298 34 51 0.065742254 
664 316 36 55 0.06153032 
825 627 56 70 0.052507393 
797 605 60 69 0.036105845 
282 83 13 17 0.034461606 
269 78 22 26 0.03219678 
658 643 15 18 0.030623745 
413 108 25 34 0.030323131 
669 624 17 19 0.028636571 
656 644 27 35 0.02762367 
790 578 103 123 0.026529275 
792 609 39 49 0.023720969 
119 154 369 450 0.023111522 
733 622 24 31 0.021372506 
741 282 44 61 0.020510856 
