44_Aerobics_Aerobics_44_167
60
894 486 134 187 0.9996172 
885 322 57 79 0.9981591 
682 268 23 29 0.99806136 
272 309 69 94 0.9975733 
611 307 26 32 0.9946195 
374 281 32 44 0.9946154 
844 232 18 23 0.9914615 
958 261 14 18 0.9912561 
176 278 24 29 0.9862655 
791 274 36 48 0.98615825 
926 244 21 29 0.98432446 
724 261 19 23 0.9518918 
748 245 14 18 0.92820805 
573 245 17 20 0.9023959 
1004 266 17 22 0.896733 
768 270 23 35 0.8536897 
875 259 16 19 0.68487924 
376 264 19 23 0.6738286 
907 279 17 19 0.30946288 
373 269 26 35 0.27052087 
903 282 26 30 0.17880759 
993 220 9 11 0.16343546 
828 257 15 20 0.13272484 
595 105 24 29 0.11553902 
720 126 28 33 0.097911365 
703 130 26 32 0.093778595 
990 261 12 17 0.07578721 
979 235 12 15 0.07513109 
1010 261 13 21 0.068810225 
869 268 23 30 0.056336418 
953 285 16 22 0.055818856 
984 316 31 42 0.05520053 
1012 300 12 17 0.050925873 
752 274 27 36 0.050720472 
528 351 9 12 0.049423575 
189 373 30 34 0.048218224 
820 263 21 29 0.047184426 
868 282 15 20 0.04673483 
568 343 11 13 0.046442084 
616 411 29 30 0.042676605 
206 296 17 21 0.042585857 
997 262 15 20 0.036126975 
601 177 29 36 0.034934815 
571 352 15 17 0.034755517 
893 294 33 36 0.03018886 
555 111 26 33 0.028827429 
743 278 23 32 0.026669795 
1000 618 25 41 0.025263425 
886 286 28 31 0.025196398 
964 269 14 20 0.025028802 
913 293 18 23 0.024956008 
563 345 24 28 0.024668887 
769 268 15 21 0.024365084 
736 251 21 26 0.02289439 
603 111 25 32 0.022080697 
628 135 17 21 0.020976307 
692 143 28 34 0.020856572 
890 289 16 20 0.020560525 
803 269 26 35 0.020280944 
984 261 12 15 0.02010045 
