44_Aerobics_Aerobics_44_17
45
824 340 54 68 0.9964234 
378 66 31 39 0.99637055 
275 325 51 57 0.99036926 
158 153 28 33 0.7071097 
213 188 29 40 0.28364593 
492 129 32 29 0.26111695 
378 271 42 37 0.19141161 
178 188 35 35 0.15206474 
191 177 48 53 0.10074687 
678 12 11 14 0.08187549 
568 5 26 28 0.053701643 
475 131 57 45 0.051733892 
796 343 49 67 0.048534434 
144 140 32 38 0.046967585 
294 7 13 16 0.045849282 
371 248 67 58 0.045586795 
133 133 31 36 0.040775757 
50 80 44 56 0.039917544 
182 28 10 13 0.039389674 
637 13 11 13 0.037599836 
428 70 25 29 0.037402146 
414 51 39 49 0.037272334 
313 21 26 33 0.034518458 
454 146 29 36 0.032461993 
413 49 17 21 0.032104746 
595 310 53 47 0.031805508 
131 122 28 33 0.03100699 
880 227 27 35 0.029576028 
272 13 10 13 0.028452652 
671 7 11 15 0.028242089 
299 6 12 14 0.028225787 
219 184 44 55 0.026100134 
523 152 15 19 0.025816014 
104 233 16 20 0.025296647 
412 53 24 31 0.025225736 
499 235 58 49 0.025079407 
496 95 110 122 0.024683723 
16 5 17 18 0.024678998 
181 148 83 96 0.024332764 
247 191 46 58 0.024060966 
208 226 26 31 0.023568539 
222 180 13 17 0.023130065 
173 177 31 34 0.02286883 
60 310 216 255 0.022296881 
688 92 26 34 0.021784576 
