44_Aerobics_Aerobics_44_246
90
273 606 58 74 0.999479 
660 641 59 70 0.9993493 
776 641 57 74 0.9991949 
792 1027 35 43 0.99744666 
242 1180 22 29 0.9827261 
544 174 41 51 0.9051171 
10 1203 13 17 0.77410555 
102 1204 14 19 0.7538406 
881 150 10 13 0.5813948 
380 195 12 16 0.4396888 
484 1151 34 58 0.34862342 
635 199 14 17 0.34380278 
677 177 18 22 0.30788192 
317 1219 12 15 0.29494512 
765 148 15 20 0.27678663 
323 212 15 19 0.2734582 
340 221 15 20 0.23042916 
185 1211 11 15 0.2139562 
930 224 25 30 0.17627685 
332 219 17 20 0.15576006 
830 154 12 16 0.13935468 
109 65 66 89 0.13697915 
171 1199 13 17 0.12514362 
77 36 35 47 0.12441308 
78 1211 9 13 0.11358141 
402 1207 10 14 0.10547196 
188 1218 12 15 0.09490318 
87 1211 11 14 0.072657555 
313 154 12 15 0.06994159 
386 196 12 15 0.06565943 
691 187 13 18 0.06251785 
94 1208 14 18 0.062447567 
51 1 30 29 0.05837035 
307 1190 14 16 0.053293083 
867 235 13 18 0.048402116 
74 1207 9 13 0.048015088 
184 7 122 117 0.043139797 
773 1386 115 117 0.040621243 
51 18 51 60 0.040616024 
418 1163 40 53 0.040322777 
806 195 14 17 0.039891466 
332 167 28 37 0.03967703 
774 164 14 20 0.039318275 
388 201 13 17 0.038034637 
155 680 34 47 0.037798412 
91 27 195 251 0.032916415 
314 1216 11 13 0.03258238 
341 201 13 17 0.03256987 
12 1215 13 15 0.032360926 
813 198 10 14 0.03225142 
405 212 14 18 0.031799417 
825 156 12 16 0.031777028 
405 172 30 37 0.031348992 
246 1178 14 19 0.03101794 
17 1270 9 11 0.030572733 
96 42 56 66 0.029549638 
275 1209 15 20 0.028286295 
41 1 51 52 0.027748888 
339 210 15 20 0.027391702 
450 1152 23 40 0.027222166 
683 188 17 22 0.02668937 
93 1229 10 13 0.026224859 
276 252 27 27 0.02593681 
172 1208 15 19 0.02545339 
465 1159 42 57 0.025383541 
84 64 116 152 0.024613706 
58 41 34 45 0.024402795 
436 1159 32 42 0.024373451 
803 188 14 18 0.02430747 
333 1198 16 21 0.024081111 
395 217 23 33 0.024078013 
381 1191 22 31 0.023936553 
220 1190 15 21 0.02390932 
304 166 10 13 0.023290155 
771 169 22 31 0.023043277 
93 1220 12 15 0.02278586 
113 0 19 18 0.022675756 
36 1238 11 15 0.022579558 
1 225 42 65 0.021869054 
395 203 12 18 0.02161716 
670 181 17 23 0.021521548 
61 1214 10 14 0.021513255 
43 15 86 96 0.02128002 
377 200 12 18 0.021272723 
765 154 21 29 0.021056037 
958 747 22 33 0.021016283 
63 1251 13 15 0.020554958 
100 33 18 22 0.020464359 
7 1215 11 15 0.020355817 
87 26 29 40 0.020228392 
