44_Aerobics_Aerobics_44_66
20
904 230 29 40 0.99959165 
780 202 48 60 0.99928087 
435 235 36 48 0.9992193 
254 142 68 97 0.9971444 
676 195 40 42 0.986919 
90 256 16 19 0.9727226 
474 260 22 28 0.96125257 
334 197 41 51 0.18893304 
54 268 56 61 0.10016123 
627 621 17 17 0.0512933 
315 168 78 100 0.04938787 
239 166 21 35 0.04745342 
569 349 507 350 0.041397717 
575 150 47 59 0.035781946 
344 205 51 66 0.03360118 
31 247 98 97 0.028569615 
75 67 33 33 0.022134723 
261 370 49 37 0.02140911 
458 541 31 37 0.020826556 
576 153 14 19 0.020396475 
