44_Aerobics_Aerobics_44_585
43
820 209 35 47 0.99583507 
530 185 28 39 0.98103195 
180 206 27 39 0.9750727 
594 171 24 32 0.79978704 
309 151 27 32 0.64487225 
283 193 36 54 0.5317534 
243 142 29 34 0.195693 
295 154 25 31 0.10599278 
84 395 204 296 0.10043816 
344 163 23 32 0.095579535 
285 156 22 30 0.090393156 
526 203 32 45 0.06254201 
251 150 29 42 0.05045312 
929 224 28 33 0.049721695 
323 153 29 34 0.04917303 
124 166 21 27 0.041832633 
693 239 15 18 0.038396265 
339 152 22 32 0.03756539 
342 148 16 20 0.0372762 
238 235 40 53 0.036026668 
170 197 14 20 0.035228137 
102 168 11 13 0.03243138 
330 155 39 48 0.031362556 
270 216 35 48 0.03095024 
285 185 26 39 0.029740043 
626 185 28 37 0.029677333 
271 152 28 39 0.028968582 
243 229 26 33 0.028420446 
393 362 237 332 0.028349683 
183 181 13 16 0.027988566 
315 177 29 33 0.027070872 
589 175 19 24 0.025852118 
188 179 15 19 0.025713524 
292 168 46 62 0.025276015 
253 211 30 36 0.024464605 
171 199 24 35 0.02401804 
421 180 35 53 0.022741478 
664 136 45 60 0.022694224 
42 268 12 15 0.022058902 
264 204 31 42 0.021755025 
285 167 27 36 0.021691209 
269 242 28 39 0.021573665 
269 177 39 55 0.020915812 
