44_Aerobics_Aerobics_44_96
27
964 333 38 48 0.9657459 
515 348 18 22 0.96337026 
608 311 34 38 0.7608317 
167 102 46 77 0.40141925 
186 135 24 35 0.19142528 
385 381 108 122 0.15781736 
611 320 20 24 0.11613635 
453 376 26 35 0.09988108 
439 437 52 58 0.07483093 
405 379 64 70 0.060918704 
432 367 51 56 0.05386537 
355 456 15 20 0.049939774 
497 342 43 54 0.043467868 
417 377 31 34 0.041471332 
499 316 47 56 0.03547075 
499 370 12 17 0.033844482 
463 358 51 58 0.031668592 
891 399 25 41 0.028759256 
520 312 31 34 0.027458373 
414 418 66 72 0.027433308 
461 381 32 40 0.025137316 
532 328 13 17 0.023630546 
939 320 34 40 0.023369629 
945 328 40 52 0.021859957 
878 192 23 31 0.021338 
553 304 40 52 0.021106714 
534 323 30 38 0.020898852 
