40_Gymnastics_Gymnastics_40_920
87
122 160 62 78 0.99946004 
259 170 60 76 0.9993863 
395 173 64 81 0.9991074 
481 168 62 83 0.99815875 
569 149 71 84 0.9980463 
746 123 77 98 0.9944892 
316 436 16 22 0.3149608 
993 231 6 9 0.19003311 
959 222 8 11 0.10567808 
1006 215 8 12 0.08779693 
982 221 7 9 0.073496394 
990 255 7 9 0.072493576 
997 231 7 9 0.058590434 
970 239 8 9 0.051776595 
932 493 17 20 0.050223373 
985 254 7 10 0.046757612 
1012 307 9 16 0.045573108 
984 248 7 9 0.04469907 
985 230 7 9 0.044693854 
961 216 7 9 0.04460666 
999 246 9 11 0.04445189 
970 231 7 9 0.042508762 
920 62 8 10 0.042133555 
978 216 7 9 0.041624118 
991 263 7 9 0.041440636 
390 398 36 45 0.04144015 
1006 271 8 10 0.038846564 
1015 262 8 10 0.035366535 
983 279 9 11 0.035042264 
998 239 8 10 0.033930972 
967 214 7 9 0.033391315 
659 133 7 9 0.03221153 
936 72 7 10 0.03213911 
1005 276 8 10 0.031997547 
640 109 7 9 0.031870633 
993 237 8 10 0.031528145 
2 235 14 19 0.031387907 
905 73 7 9 0.031302977 
975 232 7 9 0.03129215 
974 238 7 9 0.031142693 
969 209 6 9 0.030879237 
300 407 22 28 0.030848451 
1014 239 7 11 0.030529054 
1013 28 9 13 0.02992778 
720 379 25 41 0.02965831 
239 441 8 9 0.029302912 
993 226 7 9 0.028619125 
200 495 11 12 0.028579606 
1001 263 7 9 0.027958823 
991 269 8 9 0.027558288 
208 468 10 12 0.026850555 
1008 247 7 10 0.02625168 
3 216 13 17 0.026120335 
275 426 14 20 0.02591224 
688 373 12 13 0.02584466 
975 253 10 12 0.025654959 
1003 87 8 10 0.025516486 
634 119 8 8 0.025410876 
991 248 8 9 0.02538236 
984 239 8 10 0.024590146 
974 453 14 19 0.024248676 
221 437 9 11 0.023960907 
704 423 10 13 0.023879418 
255 440 9 10 0.02381086 
775 440 7 9 0.0236335 
1001 253 8 11 0.023372255 
1015 255 7 11 0.023357982 
26 534 9 11 0.02323595 
657 128 8 10 0.023126012 
948 434 13 16 0.023034537 
692 371 11 12 0.022905529 
15 167 8 10 0.02284187 
441 405 10 14 0.022745872 
664 135 7 9 0.022560682 
985 261 8 10 0.022370515 
952 207 7 10 0.022260703 
222 431 9 11 0.02201322 
925 518 10 12 0.02166382 
1007 254 7 10 0.02147762 
1007 263 8 10 0.021473091 
2 226 14 19 0.021280209 
974 112 9 10 0.020764206 
925 461 11 17 0.020705638 
679 425 11 13 0.020626668 
625 128 8 10 0.020392438 
42 7 30 32 0.020261126 
633 112 7 9 0.020254927 
