40_Gymnastics_Gymnastics_40_260
70
196 527 32 42 0.9978017 
453 218 37 47 0.9920792 
1000 590 25 39 0.9815714 
65 527 25 33 0.96012783 
800 542 22 31 0.9470719 
352 281 41 58 0.84236383 
768 538 22 31 0.4860744 
910 554 21 32 0.47966966 
638 645 9 11 0.14593804 
629 669 9 11 0.1380349 
55 538 28 34 0.12964284 
677 662 9 12 0.12829246 
670 646 8 10 0.124890804 
638 661 8 11 0.12094481 
648 631 9 11 0.10213099 
607 661 8 11 0.09750596 
859 554 14 16 0.09263674 
938 630 22 29 0.075919576 
606 655 7 10 0.07522277 
632 664 10 11 0.072657116 
638 655 10 13 0.062015645 
701 660 9 13 0.059720937 
778 533 14 18 0.059468947 
666 647 8 10 0.05585155 
279 572 21 30 0.053396124 
602 655 8 10 0.04423268 
683 630 7 9 0.042403102 
550 645 10 10 0.03916827 
550 636 12 15 0.038490765 
674 667 9 11 0.03721624 
657 656 9 10 0.036199816 
607 648 7 9 0.035690933 
548 605 10 12 0.035606157 
646 636 9 12 0.03539312 
866 653 13 14 0.03390471 
714 660 12 15 0.0331458 
51 544 21 24 0.03295278 
229 580 32 41 0.03253496 
864 73 26 33 0.032469966 
654 631 9 11 0.031757627 
921 554 15 25 0.030543149 
536 680 9 11 0.02949203 
663 653 8 11 0.029432733 
625 677 8 10 0.02845825 
631 676 8 10 0.02730486 
840 63 16 20 0.027230809 
902 557 18 26 0.025283791 
544 637 11 15 0.025254987 
577 228 15 18 0.024866309 
544 613 10 13 0.024230199 
670 641 8 10 0.024039203 
865 554 14 19 0.02382578 
558 645 9 12 0.023258254 
340 289 35 44 0.022991039 
590 668 9 11 0.022875752 
656 636 9 10 0.022823162 
687 639 8 10 0.02221424 
712 655 12 14 0.02215994 
671 653 9 12 0.021714441 
625 686 8 11 0.02170239 
545 645 9 11 0.021504154 
548 620 11 14 0.021311484 
897 79 29 35 0.021280503 
558 654 9 11 0.021040976 
885 672 15 18 0.021026392 
860 191 16 19 0.020641841 
583 669 9 11 0.020585412 
681 624 8 11 0.020511173 
74 545 17 26 0.020359632 
686 644 10 11 0.020290455 
