40_Gymnastics_Gymnastics_40_521
21
248 108 59 83 0.9995084 
318 425 61 74 0.9991491 
641 86 59 74 0.99890566 
490 314 65 92 0.9980684 
981 0 38 32 0.16779721 
375 341 38 51 0.08411626 
94 474 64 53 0.03821767 
676 234 13 17 0.035942208 
923 330 52 50 0.031956393 
674 477 28 29 0.031602226 
788 455 42 42 0.031482823 
107 484 38 28 0.029408636 
136 19 14 17 0.02883395 
61 54 8 12 0.028125212 
658 178 391 478 0.026991686 
54 50 11 13 0.0269316 
75 466 108 97 0.02591735 
78 22 10 11 0.02554358 
-115 368 409 410 0.022970896 
222 552 43 58 0.02089218 
221 459 14 16 0.02066549 
