40_Gymnastics_Gymnastics_40_197
30
475 485 133 156 0.9944148 
632 1492 65 81 0.8752559 
723 1297 53 69 0.6666002 
522 1028 60 100 0.5318384 
830 1180 56 73 0.50414693 
76 1113 266 247 0.39747587 
445 498 356 443 0.18293937 
485 96 80 124 0.15875705 
917 335 47 66 0.13193488 
-7 1107 391 424 0.12792034 
211 1135 84 129 0.10120051 
499 1521 58 74 0.09057444 
347 117 101 137 0.071574874 
983 1163 27 33 0.06490935 
43 292 39 51 0.05282514 
391 660 241 288 0.042075377 
106 838 47 71 0.038989205 
319 379 43 62 0.038619854 
16 1421 18 23 0.028423494 
256 447 32 42 0.026839305 
944 1322 29 35 0.02639428 
250 1150 54 89 0.026356889 
149 515 40 55 0.0259118 
901 1043 55 68 0.024903279 
762 216 54 69 0.023428643 
337 61 154 232 0.022633476 
439 247 232 294 0.022606753 
957 763 38 52 0.022508893 
241 810 54 64 0.021511147 
721 1139 193 260 0.020023273 
