40_Gymnastics_Gymnastics_40_175
23
565 204 58 72 0.97140783 
202 75 69 67 0.8275893 
115 232 43 56 0.7867988 
565 344 41 46 0.75408465 
439 325 46 79 0.38353866 
652 361 45 68 0.1071084 
131 256 32 43 0.08397284 
606 196 54 68 0.07558255 
135 233 30 41 0.06560671 
652 174 44 56 0.05354504 
185 241 30 45 0.048970558 
90 223 84 97 0.046323583 
445 319 30 50 0.03551144 
637 186 45 61 0.03238205 
147 223 37 43 0.027972203 
142 247 30 41 0.026927667 
345 593 46 43 0.026734507 
234 71 58 65 0.026494863 
359 218 198 221 0.02475211 
649 354 30 54 0.024584351 
448 345 57 76 0.02260563 
750 237 35 37 0.02157889 
160 241 45 50 0.020835755 
