40_Gymnastics_Gymnastics_40_255
150
526 357 110 76 0.25138992 
321 464 10 12 0.20848908 
140 367 11 13 0.1328911 
506 405 8 10 0.1242349 
773 454 10 13 0.10930626 
323 465 12 14 0.102450274 
804 366 11 13 0.09828834 
481 407 8 9 0.08449065 
290 437 9 11 0.08157576 
346 436 9 11 0.078541346 
386 413 9 11 0.07834542 
792 446 10 12 0.074588284 
278 461 8 11 0.07250153 
412 472 9 11 0.07108669 
463 406 9 10 0.06892325 
165 182 14 17 0.06321765 
704 367 11 14 0.06300484 
192 352 10 14 0.060360845 
457 450 10 13 0.059739657 
259 101 476 521 0.05942092 
255 414 9 11 0.0545597 
293 433 8 10 0.053814854 
536 445 9 12 0.053581983 
723 354 11 14 0.05225195 
460 448 10 12 0.05118201 
375 273 39 47 0.05068961 
432 468 9 11 0.05068745 
662 423 9 12 0.050375827 
382 282 24 28 0.04926482 
313 480 8 10 0.04740968 
784 440 9 12 0.047290992 
469 400 8 9 0.046395715 
388 408 10 11 0.04630492 
320 293 19 21 0.045757737 
114 357 10 12 0.04530602 
248 409 9 12 0.045018133 
840 420 8 11 0.0443276 
472 446 9 10 0.044224594 
311 429 9 12 0.044151466 
553 491 9 12 0.042885594 
901 405 9 12 0.04264657 
801 371 11 14 0.042145487 
546 346 75 57 0.042003088 
745 397 10 13 0.041291434 
823 368 10 12 0.039999634 
792 479 10 12 0.038570557 
517 447 8 10 0.03846489 
146 67 13 16 0.03840172 
465 401 9 10 0.038068973 
801 421 11 15 0.037848577 
305 470 8 10 0.03648872 
253 432 8 10 0.03616071 
350 526 8 10 0.035729658 
655 427 11 13 0.03571931 
372 406 9 10 0.035566647 
495 437 8 10 0.035232134 
352 407 9 10 0.035206046 
430 455 10 12 0.0352016 
183 286 10 13 0.034049872 
754 365 11 14 0.033999935 
841 416 10 12 0.03378477 
148 407 27 32 0.033665013 
571 379 47 28 0.033537142 
525 406 8 10 0.032797113 
202 293 10 12 0.03277036 
334 407 8 9 0.032587767 
262 414 8 10 0.032519177 
454 471 11 15 0.032227665 
481 423 9 11 0.032042384 
97 372 11 13 0.031775013 
157 412 13 14 0.031570505 
897 454 10 13 0.03155995 
863 366 9 10 0.03139518 
753 361 9 11 0.031048264 
824 372 11 13 0.030737272 
366 437 8 11 0.030663112 
772 428 9 13 0.030576738 
386 438 7 9 0.029186454 
169 368 9 11 0.028875373 
686 340 10 12 0.028536247 
251 283 16 19 0.028363956 
477 447 7 9 0.028328467 
318 479 9 10 0.028201154 
872 432 10 13 0.027738474 
97 368 9 11 0.027412234 
361 456 8 11 0.027252728 
430 416 9 10 0.027202327 
745 421 9 12 0.027014809 
161 420 14 18 0.026996559 
380 477 9 10 0.026619239 
400 472 8 10 0.026576484 
387 527 8 10 0.026531713 
470 469 11 12 0.026127977 
312 423 10 13 0.025852507 
369 526 8 10 0.025812382 
260 284 13 16 0.025808454 
613 478 10 12 0.025774738 
861 420 9 11 0.025545703 
553 445 11 13 0.02547213 
425 455 10 12 0.024920754 
726 416 9 12 0.024639545 
278 438 8 10 0.02447986 
814 446 8 10 0.024474656 
310 416 10 11 0.024147378 
512 485 9 11 0.02408142 
856 428 9 11 0.02387015 
743 414 10 12 0.023805436 
278 408 7 8 0.023655793 
918 430 9 11 0.023436222 
349 486 9 12 0.02336093 
200 288 10 12 0.023124536 
806 361 10 11 0.023094287 
289 488 9 12 0.02308566 
469 405 8 10 0.023038741 
125 429 8 10 0.023011757 
480 401 8 9 0.022982467 
165 295 9 11 0.022871854 
267 124 15 19 0.022758855 
745 404 10 12 0.02272656 
309 470 9 11 0.022660956 
634 436 12 14 0.022412086 
183 170 13 17 0.022339713 
439 416 9 10 0.022309802 
369 401 8 10 0.022136005 
501 424 10 11 0.02209378 
376 472 9 12 0.02203659 
774 449 9 11 0.021995533 
483 415 10 10 0.021944059 
366 433 9 10 0.021825096 
707 371 11 13 0.021778276 
334 400 7 9 0.02177465 
813 371 11 13 0.021621693 
346 493 9 12 0.021482823 
430 460 11 14 0.021368029 
265 496 10 11 0.021343175 
95 453 8 10 0.021135285 
399 476 9 11 0.021075325 
272 436 9 11 0.020877693 
575 355 35 27 0.02087161 
264 432 8 11 0.020748999 
733 436 11 14 0.020728642 
295 407 7 9 0.020628126 
361 432 9 11 0.020593422 
408 474 10 12 0.020500338 
541 407 9 10 0.020290233 
326 477 10 11 0.020273246 
405 423 9 11 0.0202336 
652 446 11 14 0.020116434 
171 370 13 15 0.020116238 
348 431 10 12 0.020045564 
