40_Gymnastics_Gymnastics_40_762
51
580 460 120 137 0.9951361 
218 1071 33 45 0.33266568 
288 1122 40 49 0.31514964 
16 941 42 59 0.30164123 
595 130 33 43 0.15105483 
903 620 23 31 0.12709083 
245 341 34 43 0.11136969 
668 888 40 53 0.108227156 
908 463 27 37 0.10365154 
912 818 48 61 0.08870351 
329 622 49 61 0.08252485 
128 354 37 45 0.08251554 
489 1058 41 50 0.07934246 
656 767 41 63 0.07630411 
124 942 30 41 0.07597905 
162 1145 33 43 0.07096524 
574 1126 51 65 0.062626205 
141 341 41 50 0.0595622 
653 203 38 57 0.053798992 
895 624 41 57 0.04971379 
562 1004 29 37 0.04903985 
768 600 32 43 0.047067285 
988 1046 26 35 0.04672296 
119 1068 31 38 0.046720967 
151 521 29 34 0.043701172 
981 1104 34 44 0.039518323 
1 1126 28 49 0.03875559 
977 901 32 43 0.038599215 
338 1208 28 36 0.036464803 
669 1010 40 55 0.03586472 
124 405 47 55 0.03515798 
497 811 103 141 0.03362941 
867 1113 31 38 0.03273705 
762 76 219 297 0.032556057 
901 798 76 103 0.03230558 
783 828 33 44 0.02834874 
73 417 33 46 0.027384143 
999 581 25 34 0.027219588 
801 716 32 39 0.027187767 
114 272 30 38 0.026422264 
816 627 23 29 0.02615902 
900 473 47 61 0.0255753 
718 947 31 41 0.025254242 
156 329 30 40 0.023185357 
618 1276 130 124 0.022141704 
896 459 85 117 0.021523818 
430 651 42 55 0.02148854 
835 754 32 37 0.021149473 
109 360 47 60 0.021033019 
348 774 35 42 0.020684846 
664 1355 12 15 0.020667119 
