40_Gymnastics_Gymnastics_40_566
51
466 157 58 82 0.9991454 
30 142 54 68 0.35560608 
698 203 17 20 0.32425112 
225 247 17 21 0.24131253 
481 609 25 31 0.19461097 
75 242 24 30 0.15230985 
102 299 21 28 0.12952398 
742 131 22 31 0.120079376 
154 129 19 22 0.10971292 
220 140 16 21 0.09725573 
797 285 25 32 0.073213466 
199 193 27 35 0.069891505 
594 617 18 21 0.058899738 
268 282 16 19 0.05333712 
142 235 26 34 0.047128674 
454 195 10 14 0.04502816 
190 207 115 141 0.045010857 
122 196 24 29 0.044469327 
269 242 15 17 0.04355752 
44 181 41 47 0.042693228 
589 612 39 48 0.042547654 
779 214 32 41 0.041265976 
261 148 21 27 0.041215673 
179 80 23 30 0.038332604 
246 269 15 18 0.036585312 
33 361 17 23 0.034950744 
498 37 17 24 0.033643328 
597 279 27 30 0.033167154 
32 129 38 53 0.031885087 
249 85 17 23 0.030245902 
23 22 25 31 0.029972916 
594 41 15 19 0.029858349 
729 124 45 62 0.029176699 
139 124 53 65 0.029000444 
42 313 22 27 0.028789008 
269 182 22 30 0.028565798 
41 418 24 32 0.027281059 
332 216 17 22 0.027160946 
147 128 31 38 0.02669591 
731 171 43 53 0.02616603 
128 101 85 106 0.025728703 
218 234 27 33 0.025623579 
6 251 27 36 0.02501039 
697 628 21 28 0.02494531 
697 41 28 35 0.02446414 
810 595 17 21 0.023950668 
286 252 14 18 0.023845416 
659 149 21 29 0.022630936 
666 82 17 23 0.02140114 
74 338 17 22 0.020759402 
202 277 29 36 0.02006451 
