40_Gymnastics_Gymnastics_40_161
21
588 195 65 120 0.9562181 
385 10 84 89 0.721211 
466 209 51 65 0.48070994 
157 372 267 276 0.14620094 
212 208 22 26 0.107488476 
246 204 25 32 0.061350707 
630 433 147 166 0.055046715 
345 482 20 22 0.051551685 
494 194 71 110 0.027970634 
532 186 82 119 0.026296156 
292 724 25 29 0.026231881 
466 205 34 40 0.025283061 
108 277 387 493 0.02502878 
587 285 421 473 0.024652878 
565 712 70 75 0.024466975 
665 733 19 24 0.02429074 
372 457 23 28 0.024183674 
459 220 39 41 0.022505246 
31 637 32 31 0.022149635 
182 185 17 19 0.020472964 
724 660 109 123 0.020103734 
