40_Gymnastics_Gymnastics_40_1043
55
554 418 16 23 0.9821426 
881 427 17 22 0.97311854 
955 409 18 27 0.96220535 
783 409 21 25 0.9532039 
343 426 18 23 0.9058171 
550 480 21 24 0.89846927 
840 455 17 19 0.31213602 
82 656 21 35 0.23137854 
570 460 14 17 0.19244651 
573 484 17 19 0.120063 
903 461 13 15 0.11878724 
860 451 17 21 0.10464703 
893 529 13 18 0.09745082 
597 484 13 17 0.08864778 
843 477 15 17 0.077095985 
365 432 16 22 0.076856576 
847 437 11 13 0.07189539 
847 454 20 24 0.06871134 
534 473 14 19 0.058703475 
859 442 16 20 0.050559856 
46 -38 399 494 0.044297423 
380 432 15 20 0.042948868 
816 482 12 14 0.04290843 
387 429 13 20 0.038091976 
836 462 17 20 0.037684362 
865 429 22 26 0.036773145 
373 438 15 21 0.03194517 
853 442 14 20 0.0319326 
72 667 26 32 0.030464668 
358 489 13 16 0.029822744 
859 434 17 19 0.029028695 
845 411 11 13 0.02887088 
907 465 12 17 0.026738243 
290 483 14 18 0.026674015 
934 530 13 18 0.026447734 
845 443 14 19 0.025066152 
860 517 13 17 0.024729298 
371 429 16 21 0.024649473 
832 476 23 26 0.02441189 
845 497 14 14 0.024270345 
353 427 14 19 0.024147883 
829 475 15 19 0.023416325 
540 472 20 25 0.02297603 
970 412 14 18 0.022801783 
855 456 24 28 0.022401271 
821 479 26 28 0.022380047 
544 419 14 20 0.022219963 
566 453 17 19 0.021630112 
860 494 16 19 0.02142792 
852 465 15 17 0.021118114 
953 478 25 29 0.02097796 
802 418 16 20 0.020895582 
900 429 12 16 0.020354087 
363 487 12 14 0.02028272 
693 596 14 21 0.020236067 
