40_Gymnastics_Gymnastics_40_401
40
418 429 148 181 0.9992211 
700 128 15 16 0.3599719 
528 1441 86 144 0.16938192 
-6 1156 444 585 0.13317262 
145 886 84 118 0.103870735 
818 1513 57 79 0.0947167 
965 1529 50 73 0.087544374 
764 1490 48 66 0.081674665 
565 1466 61 100 0.07092773 
634 488 379 494 0.059127074 
33 886 524 428 0.05765181 
-82 983 438 455 0.052948773 
399 885 32 54 0.05112096 
677 1279 390 513 0.050382055 
268 715 99 123 0.049389917 
894 637 58 61 0.039997287 
232 274 45 53 0.038959805 
383 1107 429 453 0.03892949 
841 692 56 67 0.0373771 
263 1239 384 508 0.035763305 
835 1221 137 131 0.031828124 
773 1484 84 105 0.031082122 
222 660 93 124 0.029853884 
684 131 209 275 0.029271325 
278 796 195 259 0.02747965 
334 835 109 136 0.026200647 
192 662 376 484 0.025382174 
452 1358 170 259 0.024881912 
301 793 119 138 0.024880564 
44 1382 15 19 0.02444679 
54 657 223 309 0.023239559 
872 1230 73 78 0.022856435 
302 714 58 78 0.022734353 
833 1541 57 72 0.022418687 
760 1425 217 238 0.022044253 
806 1155 209 221 0.0218646 
865 634 120 123 0.02164473 
690 140 16 17 0.020565372 
-3 602 333 519 0.020244235 
769 583 200 270 0.020126902 
