40_Gymnastics_Gymnastics_40_609
20
479 361 119 144 0.984928 
485 125 50 65 0.120891266 
837 63 51 66 0.09740444 
553 6 43 53 0.051854976 
389 102 43 60 0.046236586 
884 331 36 43 0.03537469 
160 363 87 119 0.034386776 
872 92 36 46 0.033623885 
364 97 42 60 0.027799752 
571 88 45 53 0.02742161 
373 165 35 42 0.025987491 
495 100 49 66 0.025094118 
176 63 45 59 0.024862478 
585 117 35 43 0.024778133 
240 232 32 42 0.024090765 
248 352 40 51 0.023360044 
467 112 81 110 0.023033867 
733 129 28 38 0.021872794 
489 333 84 110 0.021476934 
834 90 40 49 0.020057669 
