40_Gymnastics_Gymnastics_40_48
33
29 421 14 23 0.80084723 
811 172 24 29 0.22556801 
16 421 12 17 0.16196851 
819 184 18 24 0.14865966 
159 264 16 20 0.13601235 
22 420 16 20 0.13415192 
793 204 16 18 0.103591196 
194 336 27 34 0.08499201 
176 251 15 18 0.07416117 
154 312 31 34 0.065661974 
140 256 17 24 0.060204767 
140 338 13 15 0.056143735 
168 304 38 45 0.054992948 
478 100 44 53 0.052097954 
500 98 27 47 0.040475726 
20 414 14 18 0.039766863 
282 412 41 52 0.034872845 
36 412 15 21 0.032480646 
797 178 24 30 0.03179585 
198 281 15 20 0.030780485 
3 429 11 15 0.028270261 
824 179 15 20 0.026647054 
134 340 13 17 0.02643223 
517 75 45 48 0.025730887 
502 83 45 51 0.025573442 
205 469 23 29 0.025460074 
186 299 24 34 0.024742479 
458 92 42 58 0.024385853 
300 375 15 18 0.023750514 
651 280 14 17 0.023201171 
187 321 29 37 0.022260664 
39 404 13 17 0.021492887 
279 238 18 21 0.020362835 
