40_Gymnastics_Gymnastics_40_646
44
919 303 54 65 0.9996524 
120 295 50 56 0.9991416 
380 278 47 59 0.9990089 
595 305 45 56 0.9987257 
548 196 48 58 0.99866164 
770 316 54 65 0.99852604 
839 164 47 54 0.9979533 
261 256 45 55 0.99724823 
393 151 39 52 0.9967367 
713 167 44 51 0.9910433 
504 311 43 55 0.9835743 
960 66 15 19 0.88929176 
999 78 12 15 0.7441508 
174 85 14 17 0.61851114 
1003 42 12 16 0.31101593 
937 83 12 14 0.23014887 
999 85 21 33 0.12474857 
276 66 9 11 0.11671261 
507 260 46 59 0.07167187 
285 81 11 15 0.056160577 
173 90 23 28 0.055739794 
933 79 21 24 0.052331172 
895 77 10 13 0.05114479 
951 103 12 14 0.05086516 
177 77 16 20 0.04190755 
49 117 9 11 0.03949086 
488 44 11 15 0.036856323 
373 77 12 17 0.0358652 
950 73 13 17 0.03425127 
943 100 10 13 0.031416275 
952 67 13 17 0.029770125 
760 76 25 33 0.027216546 
955 108 15 17 0.027107872 
935 101 10 13 0.026169838 
375 163 23 34 0.0255667 
999 35 19 26 0.024423676 
472 39 9 13 0.024180753 
927 78 11 15 0.023421744 
947 82 13 17 0.023193046 
927 100 10 13 0.023163011 
919 95 9 12 0.021854663 
948 104 27 28 0.020719927 
748 77 27 37 0.020582048 
925 72 22 27 0.020327587 
