40_Gymnastics_Gymnastics_40_24
94
692 265 65 58 0.6120758 
991 481 11 15 0.2853345 
535 447 11 14 0.24550274 
620 239 32 39 0.16887967 
666 219 29 35 0.15173522 
667 225 58 74 0.13505939 
690 262 44 39 0.11816352 
573 468 11 14 0.10115116 
965 361 13 16 0.09909386 
118 521 14 17 0.09810628 
70 550 11 15 0.08776873 
503 500 12 15 0.085625686 
654 208 51 69 0.07490557 
680 320 44 33 0.072458416 
165 468 11 14 0.07161237 
394 429 12 16 0.07151377 
175 532 14 18 0.07117173 
608 476 13 16 0.056305144 
562 563 14 19 0.055629935 
138 553 14 19 0.053965323 
622 234 52 62 0.05312324 
480 435 13 17 0.052902825 
143 444 13 17 0.048110407 
529 548 11 14 0.047547515 
27 354 17 22 0.047448605 
540 492 11 13 0.047375277 
428 545 13 15 0.04635641 
272 452 12 14 0.046342053 
534 529 12 15 0.04480656 
663 475 13 16 0.044571575 
684 288 67 57 0.043289736 
918 241 15 20 0.043174088 
805 57 18 20 0.043088343 
48 378 17 20 0.043024857 
3 463 26 47 0.04301802 
644 195 93 130 0.04147366 
573 501 12 14 0.040159717 
238 47 16 20 0.038698647 
99 497 14 18 0.03732725 
101 56 15 19 0.037280228 
671 229 33 41 0.03676974 
81 365 27 36 0.036431246 
610 530 14 18 0.033849914 
447 451 12 14 0.033679165 
599 515 11 13 0.033242483 
190 562 14 18 0.032924403 
951 479 12 16 0.032578412 
552 201 95 112 0.032448214 
653 269 15 22 0.032305147 
658 295 56 53 0.031515528 
470 521 12 17 0.031173948 
582 493 12 14 0.029704032 
897 348 16 20 0.02829945 
478 493 10 12 0.028160041 
663 482 10 13 0.027003087 
418 468 13 16 0.026772672 
669 450 12 15 0.02657 
531 541 12 15 0.026534319 
184 508 10 13 0.026525956 
488 0 31 32 0.026301088 
918 426 10 12 0.02617673 
486 9 43 56 0.026174927 
697 434 11 13 0.026044786 
612 481 12 15 0.025886873 
484 440 12 15 0.024940139 
114 443 16 18 0.024937615 
558 533 12 16 0.024754984 
944 426 10 13 0.024635311 
1008 428 11 13 0.024107752 
117 604 14 16 0.023749404 
455 466 12 15 0.023699272 
212 444 12 15 0.023664206 
596 550 12 15 0.023287347 
492 473 12 15 0.02287146 
640 257 29 35 0.02270823 
868 239 18 21 0.022686876 
77 589 15 20 0.022241209 
196 491 11 12 0.02223889 
127 639 12 12 0.022199575 
99 638 12 12 0.022173194 
637 527 11 13 0.022135416 
618 194 63 81 0.022055846 
156 513 11 14 0.021910228 
290 351 447 502 0.021903781 
707 254 42 44 0.021652596 
477 522 13 17 0.021213384 
683 48 16 19 0.021118367 
389 451 14 18 0.020928275 
455 431 10 14 0.020524606 
293 -52 426 491 0.020461561 
279 239 27 34 0.020371519 
540 485 13 15 0.020249885 
636 469 13 17 0.020083759 
510 471 10 14 0.020070972 
