40_Gymnastics_Gymnastics_40_891
47
546 379 30 37 0.99959046 
259 280 30 38 0.99947697 
477 385 30 36 0.99946874 
521 480 31 38 0.99939203 
607 484 30 38 0.9992562 
457 477 29 37 0.99923587 
676 487 33 41 0.99922466 
677 393 30 40 0.9991473 
580 321 27 35 0.99901426 
183 308 31 38 0.9989982 
122 297 32 40 0.99894196 
387 482 28 35 0.99887663 
322 294 29 37 0.99880207 
522 304 29 36 0.9987404 
762 411 31 37 0.99873215 
451 304 27 34 0.9985985 
874 352 32 39 0.99847084 
737 499 32 41 0.99827933 
380 288 28 35 0.9982305 
604 389 33 42 0.99810386 
68 303 34 43 0.99799263 
759 331 31 38 0.9966131 
695 336 30 38 0.9965611 
921 358 33 42 0.9962025 
842 348 27 33 0.9855386 
669 281 29 36 0.98144597 
823 335 25 32 0.9205502 
504 485 14 17 0.13005657 
255 579 24 28 0.1142231 
708 389 25 32 0.0869516 
403 423 17 20 0.07613617 
513 590 17 19 0.07469448 
510 622 16 21 0.050638866 
277 391 16 19 0.03220516 
492 622 15 17 0.032129467 
820 382 25 32 0.030057115 
556 635 16 19 0.029021164 
275 579 24 28 0.028278008 
861 224 8 11 0.02754391 
751 465 27 29 0.027501568 
837 279 9 13 0.024718627 
872 270 10 12 0.023792177 
948 370 15 21 0.022726882 
749 245 10 12 0.022613492 
752 461 17 19 0.02213339 
332 23 15 17 0.021582264 
764 472 17 19 0.021309784 
