40_Gymnastics_Gymnastics_40_950
32
341 43 63 82 0.99969745 
111 81 63 74 0.9995524 
488 76 53 72 0.9994435 
642 80 60 74 0.9990477 
862 44 65 89 0.99773455 
958 22 35 41 0.992492 
588 13 43 58 0.26422027 
660 3 56 53 0.20651726 
1006 28 19 35 0.18868485 
977 7 25 29 0.1856446 
730 20 25 27 0.098066054 
641 0 50 54 0.05713935 
645 323 13 17 0.050118934 
739 30 17 19 0.047575958 
243 157 398 510 0.04712239 
578 32 43 51 0.033192515 
920 0 27 26 0.03270076 
186 161 42 53 0.029950783 
443 463 141 170 0.02901934 
746 27 15 18 0.028321277 
726 21 16 20 0.028083926 
902 2 40 43 0.026634207 
786 11 30 31 0.024979316 
793 4 16 15 0.024787799 
946 -2 29 27 0.024006423 
934 55 24 37 0.021576151 
818 0 16 14 0.021452427 
817 -2 48 46 0.020678848 
944 58 15 21 0.020585764 
594 8 31 37 0.020401409 
693 0 33 37 0.02023993 
706 1 18 18 0.02021784 
