40_Gymnastics_Gymnastics_40_47
75
594 67 65 96 0.99733955 
442 77 22 30 0.9191491 
333 40 25 34 0.8071603 
989 5 26 30 0.45915365 
4 133 22 28 0.43876517 
875 15 46 58 0.4095948 
84 44 16 26 0.24633457 
814 497 29 40 0.23311499 
156 236 22 29 0.20607865 
792 130 23 29 0.1901733 
100 112 27 34 0.1844127 
733 45 22 30 0.18393527 
42 134 19 25 0.17525873 
318 102 26 32 0.16107263 
358 110 34 41 0.13374676 
989 474 29 57 0.11928725 
780 36 26 31 0.077326275 
419 173 24 39 0.049286824 
368 100 29 33 0.04848398 
770 51 15 20 0.047362212 
549 78 16 21 0.042865656 
112 -55 386 482 0.042424094 
150 177 16 20 0.041736066 
88 104 32 37 0.039911434 
563 59 47 66 0.039600577 
693 163 44 59 0.038739223 
498 44 24 28 0.03814459 
895 37 36 43 0.03733778 
164 119 39 46 0.037223917 
563 460 47 62 0.037184115 
130 172 16 21 0.03684253 
499 407 117 154 0.036468796 
64 100 46 53 0.035651606 
594 26 30 35 0.034299288 
87 134 45 53 0.033754773 
304 104 27 32 0.03347965 
283 29 25 31 0.033313833 
752 64 43 54 0.032200344 
866 0 79 97 0.032005556 
498 88 24 31 0.03166986 
215 192 25 31 0.03103325 
90 35 17 22 0.028950159 
363 104 19 22 0.028897747 
39 121 30 33 0.027943077 
474 138 31 39 0.027689869 
212 197 40 50 0.027511213 
735 50 40 50 0.02725771 
664 34 29 41 0.026583519 
769 46 28 34 0.02598236 
137 168 23 29 0.025904128 
111 126 19 23 0.025578106 
308 72 17 21 0.025228642 
981 63 25 32 0.024738234 
723 33 28 36 0.024530595 
300 163 14 18 0.024264619 
754 94 54 63 0.023895923 
37 25 16 19 0.02357012 
773 111 46 58 0.023554297 
460 45 24 27 0.023422694 
153 94 49 58 0.02313349 
499 81 16 19 0.022946415 
584 20 48 60 0.022889677 
322 231 16 19 0.022776416 
506 100 17 22 0.022132909 
282 23 44 48 0.021923661 
96 542 30 34 0.021711566 
172 641 35 36 0.021666458 
223 183 21 28 0.021601476 
301 110 43 52 0.02142771 
376 103 18 20 0.021273337 
78 199 25 29 0.020891802 
737 34 29 35 0.020884601 
697 60 27 35 0.020775203 
125 159 27 34 0.020197172 
25 185 46 62 0.020094765 
