40_Gymnastics_Gymnastics_40_698
46
357 75 35 42 0.99914014 
584 45 34 39 0.9975171 
864 41 32 38 0.99547195 
253 46 38 49 0.9952952 
780 90 44 40 0.9214937 
630 31 26 28 0.4458269 
171 44 30 47 0.3531859 
531 14 24 33 0.32217434 
200 21 35 46 0.28488466 
162 2 17 17 0.24898641 
130 15 25 26 0.22742854 
627 269 50 51 0.122933045 
497 307 47 54 0.12271443 
808 462 28 49 0.108112745 
146 49 44 61 0.09579374 
145 2 25 28 0.0749444 
186 48 30 44 0.07401781 
572 135 42 51 0.0670231 
301 112 44 56 0.06388175 
784 0 29 31 0.05259847 
957 25 17 19 0.046659794 
129 28 48 59 0.04340393 
681 78 40 50 0.035791364 
535 11 16 21 0.035543695 
583 272 54 50 0.034668323 
632 258 39 40 0.033818625 
539 6 14 18 0.033375144 
524 0 14 12 0.03261188 
544 18 14 21 0.032302763 
502 12 13 16 0.03201384 
192 31 30 43 0.030233806 
769 460 46 57 0.029844636 
815 444 30 53 0.029089829 
922 77 12 15 0.028613254 
561 284 47 50 0.027044332 
364 105 24 29 0.02690546 
518 2 42 49 0.026614554 
129 19 34 39 0.026180603 
828 96 35 39 0.026144296 
227 391 50 53 0.023968775 
412 194 14 18 0.02348081 
132 52 38 50 0.023330964 
629 288 55 57 0.022848329 
556 308 26 38 0.022139898 
517 302 48 57 0.022089783 
811 30 25 28 0.021668889 
