1_Handshaking_Handshaking_1_380
64
674 -9 135 128 0.99790925 
835 -6 105 131 0.35311577 
245 56 14 19 0.3406227 
296 54 13 17 0.19066685 
467 288 53 62 0.14775673 
230 120 15 19 0.14019693 
681 638 20 25 0.12918653 
254 66 12 15 0.10355795 
327 48 9 13 0.09474914 
346 69 25 31 0.094101846 
347 66 16 21 0.085956514 
559 84 416 482 0.076299585 
248 153 442 499 0.07079713 
230 55 10 14 0.0615119 
551 601 15 20 0.05556777 
291 55 22 26 0.055293098 
232 115 25 28 0.052874256 
645 591 13 18 0.050787203 
345 76 41 47 0.04698698 
594 606 17 22 0.046971407 
652 584 21 27 0.045251787 
389 49 17 21 0.04079377 
722 -10 164 150 0.039656583 
495 27 30 37 0.039320335 
667 647 44 51 0.038115464 
334 51 11 15 0.037612624 
462 603 14 16 0.036125194 
339 57 21 28 0.03560896 
635 589 21 25 0.034592118 
541 628 13 16 0.034412503 
453 124 17 22 0.0342611 
667 590 16 22 0.03338203 
621 598 23 29 0.03297704 
239 54 13 17 0.03116968 
512 16 31 42 0.03086957 
615 579 13 17 0.030705158 
632 640 21 28 0.030477233 
338 52 14 17 0.02943596 
260 76 13 17 0.0290129 
257 235 113 108 0.028680407 
405 116 27 36 0.028174259 
329 45 21 27 0.027865348 
581 582 13 16 0.027643207 
627 11 51 68 0.02735863 
213 97 16 18 0.027308743 
518 629 47 54 0.02719645 
354 59 17 22 0.026887853 
320 45 20 24 0.026460912 
121 362 29 36 0.026387185 
355 64 25 32 0.025488958 
298 47 22 28 0.025299175 
224 117 14 18 0.025074126 
550 636 13 16 0.024686584 
88 109 8 11 0.023254605 
380 554 114 138 0.022992099 
204 100 15 16 0.02292252 
80 166 350 439 0.022152482 
683 4 13 12 0.02188452 
248 60 20 24 0.021648783 
659 579 24 30 0.021038672 
619 651 13 18 0.02082979 
333 66 15 21 0.020688195 
535 382 47 52 0.020665446 
613 654 17 23 0.020339593 
