1_Handshaking_Handshaking_1_356
129
118 589 135 168 0.99862504 
667 201 124 196 0.99741334 
314 387 28 33 0.98036695 
600 411 25 36 0.9789798 
571 299 16 20 0.93277264 
430 286 15 20 0.8807398 
604 291 15 21 0.834407 
660 357 14 21 0.82714885 
279 386 20 31 0.6256334 
449 308 11 14 0.37844178 
493 299 11 13 0.32989594 
488 299 11 14 0.2589953 
142 250 10 15 0.2547269 
411 290 13 15 0.24941324 
269 391 22 31 0.13459127 
358 308 11 13 0.122607596 
506 317 14 16 0.11302967 
285 363 16 20 0.109359145 
510 301 10 13 0.10837179 
589 416 27 36 0.10166407 
618 324 12 16 0.09681944 
301 389 23 31 0.095641404 
539 418 14 18 0.092955925 
246 303 10 14 0.091920726 
648 302 11 15 0.09104013 
609 461 35 43 0.08612608 
578 303 14 20 0.08135803 
217 287 9 12 0.07858715 
668 335 11 15 0.072957374 
150 266 12 15 0.07061231 
503 302 9 12 0.068880826 
109 306 10 13 0.06838808 
502 459 14 20 0.06830695 
452 313 11 14 0.06659621 
477 371 15 18 0.0657165 
289 386 15 26 0.065337926 
136 250 12 16 0.06350105 
252 411 25 27 0.061651066 
281 288 9 12 0.057996854 
628 358 14 19 0.057002284 
329 395 17 24 0.056358956 
639 371 21 28 0.05523267 
585 424 41 46 0.05414199 
653 308 11 15 0.052620262 
291 350 21 25 0.04767721 
548 308 11 13 0.04648793 
104 293 10 11 0.046100874 
423 289 14 18 0.04546107 
508 308 12 15 0.043937188 
269 445 34 37 0.042672243 
507 462 17 21 0.04141034 
299 346 18 23 0.040041383 
657 317 10 12 0.039302982 
771 370 149 235 0.03900355 
541 301 14 16 0.03887037 
520 347 10 14 0.038615946 
104 302 12 16 0.038446166 
276 379 14 23 0.03839883 
221 291 10 11 0.03775868 
253 307 11 13 0.036490295 
794 192 110 186 0.03626635 
327 300 9 12 0.035937104 
155 269 14 15 0.0356716 
646 364 23 29 0.03504654 
401 291 11 15 0.034896493 
353 308 10 14 0.03444765 
279 370 21 30 0.034097806 
259 398 24 29 0.033503927 
-14 619 397 435 0.033352893 
718 187 114 188 0.033221588 
159 275 12 13 0.033037744 
284 290 11 14 0.03237335 
502 295 10 13 0.031945273 
531 331 14 16 0.031688016 
658 506 24 29 0.03079164 
469 301 9 11 0.030408127 
343 291 11 14 0.030361902 
117 254 10 12 0.029524473 
587 884 408 507 0.029010313 
71 325 9 12 0.028665973 
518 356 11 15 0.028454443 
704 413 13 15 0.027862642 
512 397 10 14 0.027844567 
661 350 14 19 0.02768229 
575 421 25 30 0.027291687 
253 429 47 46 0.026877875 
242 308 10 14 0.026305264 
508 452 16 22 0.025956482 
358 313 12 15 0.025748217 
508 328 12 16 0.02565199 
93 270 10 13 0.025366375 
51 289 13 16 0.02534092 
301 349 27 32 0.02519431 
8 291 9 12 0.025077721 
662 326 10 13 0.024816502 
517 283 11 13 0.024674917 
222 312 9 11 0.02457573 
428 280 15 17 0.02431315 
126 250 13 16 0.023795554 
85 324 9 11 0.023569452 
660 310 9 13 0.023304207 
347 856 238 200 0.02324472 
373 466 22 27 0.022978034 
476 405 13 17 0.022853404 
229 260 11 14 0.022784358 
78 253 8 10 0.022751588 
224 316 10 12 0.022711577 
242 299 20 24 0.022679651 
406 296 13 15 0.022513818 
143 256 13 18 0.022262953 
206 266 11 14 0.022242082 
525 332 13 17 0.022138627 
515 370 13 18 0.022081023 
619 463 18 26 0.021913897 
662 335 19 23 0.021908488 
446 304 19 22 0.021791687 
570 379 15 17 0.02161248 
733 360 36 41 0.02157908 
3 1202 89 165 0.021487938 
363 303 11 13 0.021101408 
326 261 10 12 0.02108966 
38 287 9 11 0.021034116 
240 327 10 12 0.02089087 
360 269 9 11 0.020852715 
615 449 23 31 0.020727653 
48 258 12 15 0.020709883 
567 271 11 14 0.020601543 
566 372 14 17 0.020526802 
616 318 11 15 0.020290716 
