57_Angler_peoplefishing_57_120
22
479 334 58 63 0.9949827 
374 979 45 61 0.5356849 
420 986 33 56 0.46016687 
233 1080 51 77 0.24747549 
159 157 242 301 0.09802701 
251 166 19 21 0.08350381 
115 561 122 105 0.065639675 
225 1037 85 111 0.057652943 
452 470 26 30 0.048206083 
67 136 223 252 0.046822544 
355 983 45 63 0.039117 
219 997 254 212 0.03741947 
441 552 48 57 0.03668869 
649 1002 13 16 0.027693976 
247 1015 110 126 0.027219627 
464 822 31 33 0.025386207 
-8 535 452 454 0.02465822 
463 325 40 54 0.023937067 
17 17 347 440 0.023234949 
765 93 55 69 0.02210859 
453 475 15 17 0.02189465 
701 897 13 15 0.021513829 
