57_Angler_peoplefishing_57_206
68
285 804 37 38 0.964011 
618 677 15 18 0.79349285 
171 718 23 26 0.65330034 
985 615 10 13 0.535923 
742 683 11 14 0.48828596 
797 667 15 18 0.4343089 
397 693 25 31 0.23814459 
0 498 14 22 0.20172663 
233 421 20 22 0.1913184 
366 929 235 312 0.1813096 
172 492 12 15 0.1378328 
920 706 23 25 0.13120516 
821 699 16 18 0.116640456 
736 681 13 17 0.06719626 
119 386 34 41 0.06714634 
801 661 13 17 0.062196992 
916 756 17 20 0.057090193 
796 673 23 26 0.05483343 
820 767 16 17 0.054520342 
894 743 10 12 0.053823266 
690 696 13 16 0.04974536 
162 749 28 41 0.04946559 
468 695 13 15 0.049335793 
739 676 19 24 0.048943475 
178 934 396 398 0.04530317 
982 615 19 24 0.044279393 
605 696 12 17 0.041317973 
800 737 28 42 0.040752903 
198 422 26 27 0.039074734 
461 693 14 17 0.038162228 
138 592 16 19 0.037410103 
796 726 25 37 0.036634557 
95 1153 227 263 0.03608493 
812 754 28 31 0.034335647 
634 613 13 15 0.03411089 
800 658 10 12 0.034038663 
319 488 8 10 0.033364065 
140 154 15 18 0.032511722 
57 1042 388 402 0.032249562 
200 655 9 10 0.030653547 
449 719 27 35 0.029853418 
909 694 38 46 0.029720329 
462 731 35 32 0.02965996 
617 724 10 12 0.029508041 
999 625 26 39 0.026947167 
677 635 14 16 0.026201617 
637 699 9 12 0.025704479 
316 696 30 34 0.024723489 
973 651 16 21 0.023456195 
795 723 17 25 0.023352291 
579 474 136 133 0.02331882 
382 1017 163 176 0.023142898 
452 722 16 21 0.023094265 
612 682 22 27 0.022684524 
685 781 493 527 0.022175122 
625 677 12 15 0.022057643 
627 610 22 26 0.022047041 
728 682 12 15 0.021934358 
601 677 10 12 0.021599043 
465 707 42 45 0.021386908 
215 648 7 10 0.021302413 
912 706 13 19 0.021277202 
940 694 12 14 0.021120748 
709 612 14 17 0.020641511 
225 626 10 16 0.020629553 
477 725 13 15 0.020241667 
605 627 15 18 0.02019406 
819 765 34 33 0.02008476 
