57_Angler_peoplefishing_57_515
38
394 392 17 20 0.085786 
297 312 15 22 0.079669446 
34 37 199 328 0.073050015 
630 113 11 14 0.058382504 
421 428 12 15 0.057944953 
390 401 15 19 0.0512316 
349 407 11 14 0.05093038 
433 423 8 11 0.05017638 
334 119 10 13 0.04692581 
481 343 10 13 0.04434963 
480 349 9 12 0.043192867 
438 416 10 12 0.04099318 
24 16 351 497 0.037299257 
466 397 15 18 0.031753436 
479 355 9 11 0.031391896 
388 403 121 160 0.029101495 
487 389 11 15 0.029054202 
567 264 446 503 0.02742689 
608 115 10 13 0.026634946 
289 309 27 35 0.02646631 
448 355 10 10 0.026415411 
369 429 10 12 0.026364949 
454 356 10 10 0.025412401 
379 286 15 19 0.02479483 
347 247 13 17 0.02471865 
396 408 13 15 0.024521258 
412 357 11 14 0.024080861 
414 384 14 21 0.023149127 
317 614 15 19 0.022857517 
485 346 10 13 0.021922229 
486 373 9 11 0.021719627 
407 351 11 14 0.02141532 
433 352 8 10 0.021164482 
349 418 13 14 0.020830443 
389 409 14 16 0.020385742 
754 451 15 20 0.020286473 
403 392 14 20 0.020179424 
433 415 10 13 0.02004074 
