57_Angler_peoplefishing_57_796
23
391 295 180 242 0.99976856 
627 766 223 200 0.80787367 
761 785 129 126 0.23164327 
834 1543 17 18 0.13444838 
-1 1535 27 51 0.05231949 
592 648 367 464 0.045057677 
651 822 144 122 0.04078124 
991 1183 32 63 0.039087363 
970 1147 49 85 0.037014652 
198 932 192 231 0.034823924 
617 297 254 246 0.030679047 
919 683 12 17 0.028837932 
377 1647 27 30 0.028794812 
943 1132 61 82 0.02743269 
210 472 16 19 0.023279963 
513 760 18 22 0.02306101 
317 382 12 14 0.022614429 
196 445 14 17 0.021397246 
619 886 130 160 0.02107421 
28 514 12 15 0.020786876 
214 1613 29 37 0.020757208 
773 1427 29 34 0.020337243 
565 1043 14 18 0.020066714 
