57_Angler_peoplefishing_57_15
18
437 159 16 23 0.4259365 
576 285 22 26 0.38547796 
674 165 21 30 0.26321077 
686 165 24 29 0.10200896 
697 159 20 31 0.09632845 
419 154 26 29 0.079780534 
434 183 15 18 0.06176139 
724 290 13 17 0.044859946 
485 167 9 11 0.04376507 
409 148 26 30 0.03314925 
3 475 13 17 0.029176943 
653 269 10 13 0.028316516 
585 292 17 21 0.027198413 
596 283 13 19 0.023073824 
68 238 450 486 0.02224567 
411 161 25 28 0.021599004 
715 228 16 23 0.021083819 
734 272 9 12 0.020491265 
