57_Angler_peoplefishing_57_401
27
619 213 22 26 0.9696221 
103 279 28 34 0.15856308 
254 399 9 10 0.11225335 
459 368 17 24 0.08869453 
785 301 42 56 0.08369248 
491 361 390 435 0.06761815 
437 367 49 48 0.05820163 
643 218 14 19 0.04542682 
425 381 31 30 0.040970605 
244 411 10 13 0.035369214 
442 377 17 20 0.031226683 
254 393 10 12 0.030444942 
635 215 15 21 0.029395077 
784 330 49 61 0.029086085 
453 374 16 21 0.027844539 
618 288 483 503 0.027223252 
75 365 29 33 0.025497485 
417 359 50 48 0.024985762 
110 334 29 36 0.024288476 
457 372 28 33 0.024212932 
450 376 55 50 0.023663914 
878 222 10 12 0.022981035 
681 220 11 13 0.022852672 
869 211 10 12 0.022397736 
641 231 16 19 0.02186832 
103 285 14 19 0.021839218 
177 366 30 34 0.02065847 
