57_Angler_peoplefishing_57_394
24
223 357 47 59 0.989711 
330 452 23 25 0.10965024 
550 510 14 18 0.09696999 
371 477 11 15 0.08024852 
507 502 12 13 0.06030134 
504 452 10 12 0.05438573 
573 496 15 18 0.045666568 
579 498 16 18 0.042770352 
349 460 11 13 0.03901159 
366 482 13 16 0.036984056 
78 482 35 39 0.032991897 
350 453 12 15 0.032316044 
508 495 12 14 0.03158029 
367 471 11 13 0.030715074 
519 492 11 13 0.028806148 
176 400 48 62 0.027757263 
357 460 11 14 0.026802761 
485 480 14 17 0.023176426 
333 463 17 19 0.022545667 
567 483 13 15 0.021865038 
508 448 10 13 0.02112804 
207 362 40 42 0.020978784 
570 484 24 28 0.020409519 
3 483 12 15 0.02005423 
