57_Angler_peoplefishing_57_139
407
241 341 12 16 0.9568349 
200 319 13 16 0.9513806 
626 299 13 17 0.9274465 
410 345 16 20 0.90360385 
551 315 13 18 0.9035351 
780 251 12 17 0.8089284 
691 276 11 14 0.7986055 
661 260 10 13 0.7692243 
178 340 13 17 0.7418849 
700 301 11 13 0.70182204 
474 339 13 15 0.67044663 
654 286 9 13 0.60411334 
851 346 10 14 0.5451567 
755 356 12 16 0.5346444 
676 294 10 14 0.5161602 
672 322 10 13 0.48513857 
815 295 12 15 0.43538523 
649 355 12 16 0.3938055 
555 308 14 19 0.38488477 
976 351 11 15 0.3823085 
355 382 10 13 0.35421658 
659 343 14 18 0.34688395 
469 378 12 18 0.33407605 
514 300 12 16 0.32449967 
889 232 9 13 0.32085204 
543 383 12 14 0.31257093 
810 310 13 16 0.30945733 
711 278 11 14 0.3074428 
617 323 11 14 0.30359378 
391 370 11 14 0.2844725 
823 332 11 14 0.28392822 
333 378 11 14 0.2817897 
743 303 11 12 0.26675925 
471 346 14 18 0.25712907 
559 423 13 17 0.24331924 
829 282 11 15 0.24160014 
476 381 11 14 0.23359738 
872 405 10 13 0.23279476 
959 358 13 17 0.22822441 
434 305 12 16 0.22705331 
871 315 10 13 0.22154026 
793 380 14 17 0.2199669 
427 372 15 20 0.19923806 
781 347 13 17 0.19563788 
859 379 11 17 0.19527596 
296 339 9 12 0.18979992 
863 273 11 16 0.17618339 
966 326 10 13 0.16778952 
603 316 11 15 0.16295739 
560 390 12 15 0.15657759 
653 347 13 18 0.15633062 
712 331 12 15 0.14295463 
525 402 11 14 0.1408071 
779 334 11 14 0.13965662 
328 373 9 13 0.13963582 
634 364 13 16 0.13781196 
487 349 10 14 0.13156003 
689 332 10 14 0.13064289 
582 370 12 15 0.13006033 
702 445 8 11 0.12649858 
715 324 13 16 0.12614442 
821 214 18 25 0.12486855 
564 424 15 17 0.12231405 
828 332 10 13 0.120397836 
680 384 10 13 0.11899376 
885 323 14 19 0.11897321 
876 317 9 12 0.116436236 
675 319 9 13 0.10775762 
716 316 12 14 0.10643845 
700 348 13 16 0.1038723 
521 369 16 17 0.10005267 
553 358 10 13 0.09892664 
817 364 11 15 0.09869349 
830 361 13 16 0.09395516 
777 338 15 20 0.09307473 
581 355 15 19 0.0920421 
435 372 14 19 0.090688996 
782 304 11 17 0.088502176 
570 388 12 15 0.088106796 
729 262 9 11 0.08735567 
774 305 12 16 0.08679207 
325 406 9 11 0.08531696 
325 368 8 12 0.08170244 
318 397 9 12 0.08057432 
716 282 10 13 0.0793717 
896 310 11 14 0.07783747 
672 288 10 12 0.07739554 
341 374 10 13 0.077107936 
937 449 14 18 0.07589424 
699 369 12 15 0.07435986 
302 399 9 12 0.07340628 
815 333 11 14 0.07314923 
716 446 13 15 0.072353214 
371 414 13 15 0.07147839 
688 272 11 14 0.07129357 
571 427 13 14 0.07096948 
867 333 13 15 0.070641086 
759 385 14 21 0.07041026 
186 395 17 18 0.07012003 
663 301 9 12 0.06793325 
175 345 12 15 0.06584529 
955 461 12 17 0.06565298 
866 348 14 17 0.06454558 
519 405 11 14 0.06426725 
351 376 10 13 0.06364201 
638 293 11 14 0.063517384 
406 396 15 18 0.06344185 
556 363 10 14 0.06287131 
696 296 10 13 0.06198104 
835 358 11 14 0.061893623 
534 428 9 11 0.06152662 
280 399 9 11 0.06016919 
733 261 10 12 0.058868147 
599 320 12 16 0.05842264 
632 359 11 13 0.057914123 
299 335 11 13 0.055986762 
230 381 9 11 0.055841595 
515 338 13 16 0.05570341 
319 357 8 10 0.054987334 
878 322 14 19 0.05490189 
787 306 12 16 0.05394623 
646 341 11 15 0.05375444 
778 190 11 13 0.053035725 
956 245 14 18 0.052846953 
164 374 14 16 0.051789828 
588 349 10 13 0.051636748 
870 456 12 15 0.051405165 
492 353 12 15 0.051114533 
893 315 13 18 0.05106686 
647 289 12 15 0.050647695 
668 310 12 15 0.050558876 
958 369 11 16 0.05029469 
599 311 12 15 0.04992374 
391 379 10 15 0.04951519 
683 388 11 13 0.04926299 
865 238 10 15 0.049169958 
500 372 12 16 0.04874063 
224 347 11 13 0.04842907 
543 299 10 13 0.048278354 
525 331 15 19 0.04816734 
376 378 10 13 0.048148002 
170 355 14 18 0.047880765 
229 324 11 14 0.04782595 
666 316 10 13 0.04738143 
389 386 14 18 0.047202367 
696 353 12 15 0.04719375 
521 378 17 18 0.047120377 
772 287 9 12 0.046763767 
483 379 12 16 0.04661034 
779 194 14 16 0.046283014 
351 356 10 12 0.046040606 
343 368 9 12 0.04575899 
808 346 10 16 0.045729294 
771 292 12 15 0.045678023 
664 310 11 14 0.045590423 
582 378 12 15 0.045444578 
808 446 12 13 0.04514668 
680 271 8 12 0.045011524 
338 379 13 15 0.044657897 
775 324 12 15 0.04453467 
727 286 10 13 0.044206165 
313 350 9 11 0.043516856 
501 379 11 15 0.04342641 
531 313 16 22 0.04323973 
774 317 12 15 0.042869087 
734 319 9 13 0.04286543 
310 392 10 12 0.042802952 
590 325 12 15 0.042527128 
620 317 12 16 0.04157286 
164 414 13 16 0.0415412 
463 373 13 20 0.0413587 
636 409 13 15 0.041251637 
551 351 11 14 0.041234776 
262 343 11 12 0.040738527 
560 455 10 12 0.04027335 
510 354 15 17 0.03967041 
166 351 12 14 0.039628148 
542 425 10 13 0.03957661 
819 359 13 16 0.03911127 
759 293 12 16 0.039043624 
278 373 10 13 0.03865554 
278 366 9 12 0.038604207 
638 315 10 14 0.038491722 
697 296 17 22 0.037941284 
383 372 11 15 0.037547536 
243 317 12 14 0.0373098 
944 404 11 17 0.037307583 
879 235 12 15 0.03729281 
954 424 26 30 0.037132297 
502 387 12 14 0.036411762 
510 398 10 13 0.03640089 
396 349 20 24 0.035979588 
703 277 10 13 0.035955977 
658 256 10 13 0.035640214 
975 344 18 25 0.03562873 
512 404 11 14 0.03562123 
845 487 12 15 0.0355254 
961 243 17 20 0.035506107 
546 386 13 17 0.035323817 
530 429 8 11 0.035183642 
767 299 12 15 0.03513049 
545 315 13 17 0.034923404 
349 306 204 199 0.034811094 
886 449 13 17 0.034740016 
392 415 10 13 0.03470455 
620 328 12 16 0.03457065 
912 234 12 15 0.034278758 
314 396 8 11 0.034172002 
831 192 10 12 0.034123544 
415 340 16 21 0.033988167 
191 335 11 13 0.033873886 
522 318 23 29 0.03349137 
636 298 11 15 0.03345168 
559 384 11 15 0.033420723 
301 325 10 11 0.033187956 
641 340 10 15 0.033182815 
288 340 12 14 0.03312629 
813 340 11 14 0.032899406 
488 327 10 12 0.032888252 
231 341 10 13 0.0323934 
814 324 12 16 0.032347765 
189 357 14 17 0.03233637 
802 411 17 20 0.032235745 
392 348 12 16 0.03209671 
969 351 19 23 0.031963043 
419 317 12 15 0.03187998 
494 327 10 12 0.03182044 
963 318 20 27 0.03156681 
672 277 10 12 0.03129937 
671 271 9 11 0.031256326 
616 299 12 15 0.031015601 
608 402 12 14 0.030968398 
786 211 13 16 0.03096379 
989 339 13 16 0.030961204 
192 420 11 12 0.030906638 
875 400 12 14 0.030838663 
861 265 19 24 0.030785052 
520 388 13 15 0.030686975 
886 345 13 16 0.03067598 
940 437 11 13 0.030594358 
423 448 12 14 0.03055557 
187 348 12 13 0.030484332 
297 404 11 13 0.030456379 
869 322 13 18 0.02996151 
367 351 10 12 0.029805617 
910 498 15 17 0.029803708 
712 374 11 14 0.029641185 
381 380 11 13 0.029540408 
947 457 23 31 0.029459443 
504 435 9 11 0.029447952 
565 390 14 18 0.02937979 
286 366 9 12 0.029316923 
824 261 12 15 0.029265596 
790 394 14 16 0.0292564 
514 43 26 29 0.02924307 
212 316 11 14 0.02911348 
414 335 13 16 0.029078444 
639 308 11 16 0.028959893 
830 454 9 11 0.02892481 
660 285 10 13 0.028904336 
583 327 11 14 0.028831575 
501 365 12 17 0.028583953 
589 340 12 15 0.028468987 
254 339 9 13 0.028418662 
612 366 9 12 0.028387312 
321 370 10 15 0.02835577 
746 306 12 14 0.02832587 
675 468 11 13 0.028301463 
861 280 12 17 0.028249502 
983 339 23 29 0.02824432 
750 447 10 14 0.028193524 
704 282 11 14 0.028177746 
513 411 10 13 0.028167961 
681 263 8 11 0.028034352 
732 285 12 14 0.027967684 
566 454 9 12 0.027959615 
590 314 14 17 0.027930774 
139 391 12 14 0.027833678 
839 349 12 14 0.027552491 
245 324 11 12 0.02752265 
804 381 12 15 0.027515832 
853 351 11 15 0.027306061 
301 349 10 12 0.027177691 
708 274 18 23 0.027172713 
649 282 18 22 0.027091213 
391 355 12 16 0.026971458 
172 415 11 14 0.026820263 
855 385 14 17 0.026809385 
935 318 11 14 0.026463972 
181 356 12 16 0.026455158 
471 316 12 14 0.026412016 
585 364 12 15 0.02639966 
180 323 13 15 0.02622942 
562 307 12 17 0.026217258 
633 371 11 14 0.026200011 
982 341 13 16 0.02614719 
943 469 11 15 0.026131788 
891 499 12 15 0.026038539 
749 283 11 14 0.026038194 
394 389 22 26 0.025865065 
573 382 13 15 0.025837032 
588 331 12 15 0.025804754 
875 331 20 26 0.025758993 
764 324 14 19 0.025732273 
860 396 10 14 0.025722222 
543 335 13 18 0.025708428 
709 336 13 17 0.025609458 
279 361 9 11 0.025555572 
700 381 11 12 0.02552424 
317 351 10 12 0.025348606 
598 346 10 13 0.025307667 
383 395 11 16 0.025283147 
605 322 12 14 0.025075039 
265 346 11 13 0.025066577 
865 334 20 24 0.025061859 
886 523 14 17 0.02501541 
198 330 12 14 0.024905676 
606 459 12 13 0.024880594 
326 387 11 13 0.024729809 
287 347 11 14 0.024624676 
361 332 10 11 0.024500424 
909 230 22 26 0.024359314 
333 383 13 17 0.024244262 
667 262 9 11 0.024214342 
708 347 12 17 0.024030183 
379 439 14 16 0.024022296 
766 289 21 27 0.024014836 
334 396 11 13 0.023950947 
916 241 14 17 0.023769185 
809 335 10 13 0.02376352 
862 202 10 14 0.023760427 
823 271 18 25 0.023647323 
305 391 10 12 0.023498952 
300 468 14 16 0.02348762 
294 365 10 14 0.023374382 
182 405 55 69 0.023352249 
608 390 9 12 0.023290632 
768 446 10 12 0.023282541 
399 343 11 15 0.023125624 
871 312 20 24 0.023082532 
179 341 24 26 0.022962475 
814 288 11 15 0.022942564 
463 398 10 13 0.022935815 
756 411 14 17 0.02287151 
273 367 9 11 0.022846825 
929 268 10 13 0.022687621 
686 264 8 10 0.02268547 
835 370 13 16 0.022620551 
205 340 12 14 0.022607805 
826 267 13 18 0.022592861 
278 434 11 12 0.022551257 
388 367 19 23 0.022518793 
652 437 12 16 0.02245896 
783 203 12 15 0.02239481 
689 268 18 23 0.022332238 
175 316 11 15 0.022323059 
365 380 10 13 0.02231293 
246 373 10 11 0.022260072 
294 356 10 11 0.02225087 
781 456 10 12 0.022237169 
910 447 16 19 0.022217073 
726 322 11 15 0.022183318 
657 256 18 22 0.022180516 
634 405 10 14 0.021941777 
847 340 17 23 0.02193907 
230 334 11 14 0.021844732 
517 400 18 23 0.021830184 
868 438 12 14 0.021805886 
524 304 14 22 0.02179382 
492 330 14 17 0.021790836 
712 441 21 26 0.02177711 
875 453 13 17 0.021759603 
670 327 12 16 0.021748828 
711 292 10 14 0.021729955 
819 328 18 22 0.021694971 
638 380 10 13 0.021504842 
639 389 9 11 0.021498907 
465 347 12 17 0.02131034 
631 278 10 12 0.02129127 
879 445 11 14 0.021274004 
639 287 11 14 0.021169 
504 394 12 15 0.02105973 
206 349 13 15 0.021040587 
696 263 10 11 0.02102855 
995 338 14 18 0.021023583 
195 338 13 14 0.02102009 
695 340 11 14 0.020981336 
381 356 11 14 0.020971866 
829 289 10 15 0.020954035 
514 346 14 18 0.020931723 
958 241 12 14 0.02089331 
863 233 20 26 0.020823859 
786 352 12 17 0.020778954 
383 387 12 17 0.020746171 
766 333 20 27 0.020640612 
312 333 9 13 0.020546498 
917 251 11 13 0.020461574 
378 333 8 10 0.020393781 
158 451 13 18 0.020296717 
565 460 9 12 0.020206667 
486 332 11 16 0.020202579 
887 476 11 12 0.020194415 
507 369 15 19 0.020186663 
662 293 10 14 0.020163558 
550 371 12 16 0.020073175 
887 354 11 14 0.02003943 
604 331 13 15 0.020001492 
