57_Angler_peoplefishing_57_566
43
422 436 9 12 0.9209891 
471 383 12 14 0.7632295 
263 413 13 17 0.569883 
328 416 10 13 0.50001895 
251 407 13 16 0.30190775 
503 221 8 10 0.18534344 
459 423 10 12 0.1764543 
506 447 16 23 0.15354519 
287 454 9 12 0.12077119 
508 438 12 17 0.079686634 
500 421 13 16 0.07686838 
486 415 23 26 0.073363 
239 453 9 14 0.05162955 
566 464 7 9 0.047986194 
327 424 11 14 0.047881506 
407 432 8 10 0.04437581 
460 437 11 16 0.0439414 
431 461 9 11 0.04270935 
484 413 17 19 0.03761511 
291 453 10 12 0.037082035 
413 462 9 13 0.03540112 
395 303 14 15 0.03453257 
527 486 8 11 0.03090229 
478 400 27 32 0.030439282 
605 410 14 20 0.02923991 
254 414 15 18 0.02696577 
451 533 14 17 0.026670568 
484 399 12 14 0.026576031 
419 431 17 22 0.026292693 
504 456 13 17 0.025068387 
433 424 9 12 0.02471666 
410 378 97 119 0.024181008 
480 418 15 18 0.023919063 
417 431 11 14 0.02383729 
314 455 8 10 0.022730349 
326 455 15 17 0.022583531 
508 429 10 13 0.022496352 
437 462 8 10 0.022083964 
542 172 13 17 0.02189356 
332 426 12 14 0.021796925 
423 456 10 12 0.021136072 
424 460 12 14 0.020880703 
506 420 11 15 0.020073185 
