58_Hockey_icehockey_puck_58_753
47
887 376 54 99 0.9956548 
344 508 36 40 0.6048662 
561 300 27 32 0.6002346 
896 186 19 27 0.46482727 
177 543 51 71 0.43071744 
359 498 38 42 0.18825066 
765 159 12 17 0.16684824 
819 525 45 59 0.15913516 
558 288 23 35 0.13468276 
585 328 49 57 0.10715836 
530 396 27 32 0.10313238 
1003 158 17 25 0.08594371 
169 109 11 13 0.080407985 
328 487 42 57 0.07152103 
368 482 42 51 0.05204691 
455 122 11 13 0.049379475 
567 287 41 48 0.048989616 
91 -5 401 516 0.04391877 
502 622 129 131 0.038066603 
138 512 42 39 0.035922617 
830 500 30 49 0.035392035 
340 442 37 33 0.03294989 
825 237 17 20 0.03251122 
525 154 12 16 0.03030879 
937 149 25 30 0.029999297 
572 303 46 49 0.029215565 
313 591 25 30 0.028683389 
698 337 42 51 0.0256958 
676 331 41 51 0.025523828 
903 188 24 28 0.025498873 
815 238 27 32 0.024984334 
135 521 58 66 0.02393734 
301 597 26 34 0.023850288 
676 549 113 129 0.023069192 
593 323 32 40 0.022963071 
841 499 49 66 0.022870967 
315 585 17 20 0.022678446 
947 148 18 22 0.022599477 
407 249 367 461 0.022072492 
741 219 30 41 0.021915667 
809 218 85 121 0.021694701 
490 132 56 78 0.021609724 
172 112 11 14 0.021033786 
993 150 23 33 0.020765092 
709 355 27 30 0.02063979 
940 98 11 13 0.020465696 
520 384 45 52 0.020116575 
