58_Hockey_icehockey_puck_58_825
34
597 114 27 37 0.9997838 
715 121 28 37 0.9996916 
821 120 28 36 0.9996165 
211 117 29 37 0.99946386 
295 118 28 37 0.99945563 
498 125 27 35 0.99935037 
639 103 27 33 0.99934584 
477 215 30 41 0.9993339 
390 116 26 34 0.9992712 
251 112 25 33 0.99922645 
791 218 32 40 0.9992073 
544 100 27 34 0.99920005 
573 230 33 41 0.99919456 
768 103 27 33 0.99918014 
210 230 33 42 0.9991709 
108 112 27 36 0.99903274 
342 214 31 41 0.9990182 
347 105 25 32 0.99900025 
683 221 32 41 0.998319 
452 87 24 30 0.9958532 
841 397 40 45 0.98955274 
94 387 43 44 0.98253655 
574 107 22 28 0.08897973 
454 111 23 27 0.058815584 
142 433 59 57 0.056343693 
219 321 336 284 0.04448657 
772 365 30 34 0.044110734 
161 257 14 18 0.039230794 
635 66 23 28 0.03437363 
586 107 25 35 0.033463273 
317 356 13 16 0.030455118 
322 110 23 29 0.028288612 
741 479 9 10 0.020690233 
270 108 23 30 0.020012084 
