58_Hockey_icehockey_puck_58_212
338
594 77 57 73 0.9986922 
177 155 25 33 0.9985644 
140 160 24 32 0.99423707 
255 115 28 33 0.98769134 
63 172 24 32 0.9826835 
238 29 20 26 0.97092193 
288 34 20 27 0.9594945 
943 155 20 26 0.9547763 
137 74 26 30 0.95419645 
854 159 17 23 0.9512164 
498 39 21 27 0.94782174 
915 119 18 24 0.9434506 
964 56 16 22 0.9392504 
379 74 19 26 0.9292726 
970 112 18 23 0.9288199 
877 17 17 21 0.92285955 
991 156 20 27 0.90425545 
513 82 22 28 0.87006545 
205 32 20 28 0.86408776 
428 83 20 25 0.8349398 
374 46 19 26 0.8214508 
774 50 17 22 0.8074711 
401 9 17 21 0.8007532 
219 70 24 32 0.7773751 
430 7 20 25 0.75415665 
830 84 22 29 0.7519279 
868 54 17 20 0.7483636 
957 92 17 21 0.71612287 
257 12 18 23 0.70284724 
505 130 19 25 0.6733392 
826 60 17 20 0.65598863 
39 42 15 19 0.58778167 
647 47 23 29 0.5814815 
940 14 12 18 0.56037563 
437 121 18 22 0.5592482 
361 131 22 29 0.5573276 
217 3 16 18 0.48530766 
935 66 14 17 0.4565542 
192 0 17 16 0.43257344 
788 90 23 29 0.42944682 
420 52 16 19 0.426016 
347 8 15 17 0.41744342 
718 57 23 37 0.38698426 
771 9 18 22 0.36895195 
999 45 12 17 0.3538466 
842 32 14 18 0.33105028 
747 86 28 32 0.32461193 
825 68 23 27 0.31724042 
990 21 14 18 0.3161965 
165 39 17 23 0.3134095 
930 88 16 21 0.30643892 
129 42 18 20 0.301152 
455 146 19 22 0.2855706 
322 34 15 22 0.28535673 
882 80 16 19 0.27802503 
796 54 16 23 0.2732326 
331 112 18 23 0.24731316 
997 100 14 17 0.24248703 
0 176 12 22 0.2292635 
349 77 18 22 0.21887608 
117 26 13 17 0.21245617 
353 32 15 19 0.20942125 
972 27 14 17 0.20833649 
469 71 15 22 0.19330762 
26 -1 18 17 0.1931908 
269 87 22 25 0.17761138 
500 0 14 12 0.17642589 
165 84 21 29 0.17515706 
377 195 22 25 0.17297047 
12 76 26 32 0.170139 
109 40 15 22 0.16824467 
247 25 19 27 0.16404723 
598 9 16 21 0.15246403 
805 169 25 32 0.14860395 
646 36 39 53 0.1411382 
62 83 21 30 0.13879333 
148 10 16 20 0.13769533 
429 119 18 22 0.13409494 
44 26 15 18 0.13052887 
157 1 15 20 0.12637545 
428 161 21 27 0.12403199 
819 16 16 20 0.12163579 
349 129 24 30 0.120097876 
942 40 15 17 0.11674847 
656 44 22 28 0.11308827 
256 98 26 31 0.11156006 
821 32 16 19 0.11060922 
915 40 15 19 0.11015414 
803 93 18 25 0.1068756 
228 0 18 19 0.10381067 
419 56 22 26 0.10035301 
667 42 15 21 0.09964645 
789 86 14 19 0.0970383 
908 185 16 20 0.09094535 
991 81 13 16 0.09090188 
717 42 14 20 0.08558697 
331 97 22 28 0.084779814 
39 20 14 18 0.084361404 
731 50 17 21 0.084347904 
959 -1 14 13 0.0833177 
61 63 24 31 0.08086309 
987 4 11 13 0.07898771 
531 0 18 23 0.07743593 
752 6 22 28 0.071132496 
337 126 24 29 0.07008509 
798 36 12 16 0.06990386 
1004 81 17 20 0.06981604 
331 -1 13 12 0.06959804 
861 1 14 17 0.06881689 
469 155 13 17 0.06760453 
328 121 23 28 0.066730015 
172 5 15 17 0.065925635 
862 19 12 17 0.06523185 
329 55 15 20 0.064737074 
226 158 41 49 0.05988412 
420 74 24 29 0.05985539 
821 132 15 19 0.05972715 
871 45 21 26 0.059440475 
867 2 14 16 0.058999132 
696 6 26 30 0.05893445 
641 0 17 15 0.05872171 
332 18 14 17 0.05808874 
874 152 15 21 0.057616923 
323 43 19 29 0.055967253 
346 46 16 21 0.0553619 
142 3 17 18 0.05380884 
973 102 15 20 0.053363115 
123 76 23 30 0.053311832 
881 48 15 20 0.052493535 
784 49 17 25 0.05109061 
998 131 15 19 0.051086504 
453 0 17 19 0.051073052 
113 34 16 21 0.05075294 
909 58 14 18 0.04906852 
848 86 21 27 0.04881917 
801 62 16 22 0.047767527 
997 89 19 25 0.047354233 
129 47 24 32 0.04709328 
66 59 17 22 0.04665702 
423 47 23 28 0.046350144 
929 72 21 26 0.04583411 
338 86 22 28 0.04525757 
268 124 25 32 0.04456235 
148 79 25 31 0.044407357 
981 25 13 18 0.044004053 
749 1 17 20 0.04371988 
995 79 20 24 0.043564264 
74 66 17 23 0.043331295 
118 0 12 11 0.042571787 
254 27 21 27 0.04215893 
811 60 22 27 0.04211753 
737 97 26 30 0.042112015 
183 0 21 22 0.041563824 
884 130 13 18 0.04123461 
159 72 23 33 0.0412034 
221 59 17 22 0.040730234 
10 38 15 17 0.040304106 
765 13 18 22 0.04024907 
423 8 18 22 0.039936665 
737 54 16 21 0.039901003 
984 0 11 11 0.039625697 
1 209 12 20 0.0394159 
34 0 14 14 0.039228477 
907 106 14 19 0.039206564 
931 100 17 21 0.038855683 
801 50 14 20 0.038702793 
333 230 27 33 0.038574856 
190 131 24 29 0.03807341 
877 87 17 21 0.03806217 
981 60 13 17 0.037938137 
352 4 16 18 0.037790254 
797 43 14 20 0.03775058 
368 147 24 32 0.03741796 
439 87 16 21 0.037350576 
454 128 23 29 0.03679 
380 185 24 27 0.036560986 
246 92 24 28 0.036464944 
912 35 14 18 0.0364156 
889 152 20 28 0.036304753 
869 148 16 20 0.036216978 
763 84 25 33 0.035535656 
586 139 423 503 0.0355083 
600 6 25 31 0.03530387 
877 100 15 18 0.034978602 
290 20 14 18 0.034777448 
946 12 13 17 0.03471428 
754 74 16 21 0.03464791 
813 34 16 21 0.034453534 
837 39 17 20 0.03438595 
835 153 16 22 0.03436459 
413 153 17 22 0.034217596 
823 87 17 22 0.034058426 
1003 39 12 14 0.03405439 
659 0 19 19 0.03371267 
19 60 13 17 0.033385925 
1004 18 15 17 0.033074174 
799 -1 13 12 0.03303829 
915 60 13 17 0.033034813 
395 95 15 19 0.032583445 
327 11 12 16 0.03256842 
794 70 22 31 0.03250606 
770 90 15 21 0.032202817 
375 35 22 27 0.032096367 
917 30 15 17 0.032031495 
940 51 16 21 0.031947028 
989 15 13 15 0.031624038 
570 -2 24 23 0.03156675 
235 -2 24 24 0.031294208 
936 35 12 17 0.031244041 
876 177 15 21 0.030860575 
798 101 22 30 0.03083257 
475 157 13 19 0.030827664 
857 92 21 26 0.030440044 
5 87 16 21 0.030314745 
648 1 24 23 0.030313734 
40 31 22 26 0.030243188 
692 56 16 24 0.030234937 
403 20 17 22 0.030135779 
816 180 18 23 0.029894395 
268 48 16 21 0.029496113 
921 34 15 19 0.029403895 
815 23 20 24 0.02927561 
461 72 15 21 0.02914322 
417 154 22 28 0.02890487 
883 106 14 19 0.028768634 
0 167 11 20 0.028754164 
444 114 22 28 0.028736914 
671 43 38 50 0.028688863 
878 144 21 28 0.028520066 
654 8 24 29 0.028466685 
251 69 21 28 0.028443594 
258 78 24 29 0.028399715 
284 129 16 25 0.028357334 
730 107 25 30 0.02814801 
320 27 14 20 0.028120246 
492 119 26 36 0.02797515 
387 174 23 27 0.027969617 
194 121 23 25 0.027935024 
374 158 23 28 0.027729172 
596 21 17 21 0.027564734 
267 141 17 24 0.027222203 
305 35 22 29 0.027044777 
447 126 20 26 0.026887314 
75 72 21 31 0.026818756 
0 38 8 14 0.026802186 
222 156 26 30 0.026753 
962 85 15 18 0.026718574 
11 50 15 19 0.02628914 
868 103 16 19 0.026240915 
26 74 17 23 0.026085367 
350 115 28 35 0.026068619 
608 54 51 67 0.025916433 
445 146 22 28 0.025915036 
855 146 21 27 0.025893595 
639 36 13 16 0.025541563 
280 88 15 20 0.025454892 
472 157 24 33 0.025250312 
926 10 13 17 0.025243355 
723 47 17 23 0.025174992 
100 43 18 24 0.025160708 
980 92 12 16 0.025108946 
142 16 17 20 0.024913793 
825 12 15 18 0.024723254 
114 74 21 29 0.024681592 
996 15 14 16 0.024663163 
197 36 19 24 0.024584223 
819 134 23 28 0.024352385 
933 22 14 20 0.024351615 
875 123 20 26 0.024228899 
584 1 25 26 0.024049005 
699 0 15 13 0.024029199 
804 42 14 19 0.023992501 
1012 19 12 17 0.023966698 
0 3 12 18 0.023943271 
943 8 11 15 0.02393309 
164 44 24 33 0.023916008 
38 205 13 16 0.023860363 
949 73 14 18 0.023705889 
327 20 12 17 0.02358887 
340 113 26 33 0.023520183 
898 158 17 21 0.023475815 
891 131 14 18 0.023363182 
741 6 24 34 0.023058034 
914 48 16 19 0.022893112 
769 36 24 30 0.022854965 
428 173 18 22 0.022853315 
11 57 22 29 0.022653928 
224 48 24 30 0.022568211 
434 130 19 24 0.022528136 
153 73 18 25 0.022523278 
354 503 35 32 0.02247308 
931 121 15 19 0.022384971 
636 1 25 28 0.022353187 
346 10 21 25 0.022288552 
675 25 17 22 0.022283984 
454 74 15 20 0.02224315 
824 36 22 25 0.022190021 
877 0 11 13 0.022136562 
330 26 14 19 0.021998312 
241 207 35 38 0.02195371 
711 45 23 36 0.021933058 
50 21 14 19 0.021889167 
921 91 13 17 0.02187886 
974 93 12 16 0.021824893 
946 58 13 18 0.02176237 
440 103 22 29 0.02168296 
460 81 15 20 0.02161622 
23 83 20 25 0.021608578 
928 19 13 17 0.021492077 
759 94 19 23 0.021446655 
982 159 16 22 0.021373365 
815 148 28 32 0.021328047 
999 155 18 24 0.021276377 
148 19 16 23 0.021270698 
557 332 30 40 0.021245107 
956 9 15 19 0.021203145 
257 62 21 28 0.021168698 
803 83 16 22 0.021129739 
26 5 18 21 0.02112005 
177 10 15 19 0.021112487 
609 4 15 21 0.021080205 
854 0 15 16 0.021079311 
139 57 26 36 0.02105696 
995 135 21 27 0.020966211 
156 65 17 23 0.020954387 
326 1 14 17 0.020941664 
814 5 22 26 0.020865634 
724 66 26 34 0.020839991 
35 68 13 17 0.020722397 
19 140 23 31 0.020699268 
952 -1 13 12 0.02068201 
1001 104 16 18 0.02032668 
924 28 13 17 0.02031132 
337 100 26 31 0.020248177 
464 147 15 20 0.020167932 
840 91 17 22 0.020159358 
908 62 20 25 0.020091955 
692 44 13 19 0.020005984 
