58_Hockey_icehockey_puck_58_680
595
839 208 33 40 0.9989579 
563 328 35 43 0.99823207 
773 342 38 46 0.9976221 
671 356 33 38 0.9972276 
470 320 38 43 0.99669504 
330 238 36 44 0.99628323 
562 244 36 40 0.9961111 
368 321 38 43 0.9949857 
789 124 15 19 0.9908021 
893 367 37 39 0.98758453 
751 216 35 39 0.98630244 
225 199 35 38 0.9847335 
548 192 34 39 0.98093814 
434 226 34 41 0.97902876 
258 174 28 33 0.9743639 
739 118 14 18 0.9623866 
948 224 31 35 0.9550455 
927 79 13 17 0.95400035 
804 150 14 19 0.9537655 
702 153 15 19 0.9533459 
259 346 33 38 0.9505242 
670 2 13 17 0.9436685 
301 138 13 16 0.943207 
626 56 13 17 0.94142014 
623 253 33 37 0.92559904 
643 142 15 18 0.92191917 
790 52 11 14 0.9212805 
341 31 11 15 0.90998644 
702 25 11 14 0.9099726 
981 24 13 17 0.90496606 
703 119 13 17 0.89932704 
369 103 15 19 0.89623344 
580 132 12 16 0.893764 
888 135 14 19 0.8840196 
581 2 13 16 0.88228476 
674 59 13 16 0.8813291 
956 124 13 18 0.8708158 
834 126 16 19 0.8514653 
579 93 13 16 0.8413573 
544 147 13 18 0.83431435 
950 60 11 15 0.82902944 
624 140 13 17 0.8178653 
1002 45 12 15 0.81556356 
513 111 14 18 0.8080529 
500 28 14 18 0.799457 
377 131 14 18 0.78508824 
831 39 14 17 0.7589543 
694 235 34 39 0.7427898 
230 83 12 15 0.7202576 
974 139 14 17 0.70261854 
895 60 12 15 0.6998963 
772 21 12 15 0.6814765 
291 333 26 32 0.67700326 
638 190 17 20 0.66310483 
246 133 13 16 0.6623064 
450 17 13 16 0.6616508 
983 173 13 17 0.6581704 
526 46 9 12 0.65072954 
936 166 13 16 0.6427085 
686 186 17 22 0.6180277 
485 152 12 15 0.5833217 
918 20 13 16 0.5789566 
417 36 12 15 0.5589381 
116 79 12 15 0.5455256 
20 101 12 15 0.53953147 
588 60 11 15 0.5215341 
614 191 14 20 0.49443787 
447 95 11 14 0.49324143 
425 111 13 16 0.48475155 
709 50 13 16 0.48021072 
736 370 41 54 0.46406978 
559 25 12 15 0.4518408 
348 135 15 18 0.44761464 
362 26 10 13 0.43254936 
106 45 14 18 0.42527205 
435 133 12 16 0.40000248 
624 0 13 12 0.39585033 
731 63 10 12 0.38673082 
300 80 12 14 0.38669953 
213 14 10 15 0.3714332 
887 103 13 16 0.34767672 
307 17 13 16 0.33740607 
876 43 10 13 0.33498242 
538 114 14 17 0.33365527 
517 1 12 12 0.33117783 
525 68 11 13 0.305179 
587 45 12 14 0.29519665 
392 21 10 12 0.29215297 
13 265 66 87 0.28751078 
176 51 10 13 0.28354418 
737 141 12 16 0.2750756 
466 112 14 18 0.27269068 
465 37 10 12 0.2578436 
589 39 10 13 0.25093794 
720 21 10 13 0.25072047 
734 189 14 19 0.2477825 
599 0 11 10 0.24293798 
945 101 11 15 0.2269874 
731 68 12 15 0.224947 
870 153 13 18 0.22013097 
313 192 16 20 0.21684031 
504 56 11 14 0.21447812 
341 161 13 17 0.21266054 
404 5 12 13 0.21134137 
142 288 42 51 0.21045223 
923 11 13 17 0.19673023 
627 221 12 15 0.19480215 
915 100 12 14 0.19044825 
835 26 14 18 0.1867797 
520 69 11 14 0.17075223 
925 6 12 14 0.16887239 
273 135 9 11 0.16826816 
854 0 16 13 0.16811706 
325 105 10 13 0.16781758 
851 180 15 19 0.16649325 
735 0 9 9 0.16488692 
703 85 12 16 0.15782072 
49 38 14 16 0.15679064 
232 12 11 15 0.15671624 
365 59 10 14 0.15366015 
615 74 13 17 0.15287985 
703 49 12 16 0.14433903 
314 170 17 23 0.14317828 
394 91 13 16 0.14291273 
471 62 11 12 0.13794771 
283 265 27 37 0.13793403 
963 154 12 15 0.13787277 
533 118 16 21 0.13609146 
673 105 15 17 0.13559827 
320 156 10 11 0.13279022 
587 52 13 17 0.13217616 
528 87 11 14 0.12958267 
403 77 12 14 0.12955306 
446 117 10 13 0.12600942 
597 354 18 21 0.12074407 
276 339 32 37 0.118859515 
894 89 14 17 0.11757712 
371 245 15 20 0.117223635 
335 141 13 17 0.11627716 
407 83 11 15 0.11457069 
284 156 12 16 0.11016655 
359 209 15 19 0.10962921 
502 1 11 11 0.10860801 
724 15 11 13 0.108132586 
408 92 11 15 0.10725124 
796 68 16 21 0.10624097 
480 81 11 15 0.10323729 
558 35 14 18 0.10316812 
396 219 15 19 0.10288443 
683 129 13 17 0.102115065 
900 229 15 18 0.100358725 
868 75 13 16 0.100298144 
865 28 11 15 0.10021991 
429 167 11 14 0.095871784 
732 21 11 13 0.09567894 
696 50 12 16 0.09347748 
309 106 9 12 0.09220209 
319 0 11 10 0.09185737 
342 138 13 18 0.08915044 
773 47 13 19 0.087792315 
468 165 13 15 0.08642003 
639 257 29 38 0.08161555 
702 75 12 16 0.07981743 
279 159 13 18 0.079217814 
706 27 11 15 0.07818398 
238 172 15 18 0.07810267 
997 64 13 18 0.076244354 
36 61 15 18 0.076005094 
31 65 14 16 0.07585353 
559 61 12 16 0.07555078 
827 348 29 36 0.07485396 
960 162 12 16 0.07481576 
627 153 12 16 0.074448325 
996 74 14 17 0.073338084 
757 62 15 17 0.07229623 
709 361 15 21 0.071849704 
305 102 9 12 0.07176428 
1013 244 9 14 0.07077028 
396 0 14 11 0.070608385 
968 11 12 17 0.07054005 
511 94 10 13 0.07010071 
622 225 14 17 0.068734966 
348 35 13 17 0.06838219 
116 115 22 29 0.067416206 
396 83 14 16 0.06607372 
740 161 16 21 0.06576286 
667 77 12 16 0.065516025 
241 197 27 34 0.065094076 
4 71 12 15 0.06366099 
93 42 11 13 0.06349592 
223 0 10 10 0.062425695 
250 138 14 15 0.061464798 
262 198 16 22 0.061413236 
892 34 11 15 0.060899325 
916 204 11 16 0.060829245 
289 187 11 15 0.060203537 
341 51 10 13 0.059261806 
755 99 14 18 0.05918226 
925 0 12 12 0.05890132 
455 207 10 14 0.057183355 
38 56 11 13 0.056915224 
302 375 23 32 0.05676385 
459 82 13 16 0.056677125 
685 318 30 34 0.056532055 
31 64 26 29 0.056469142 
437 34 11 13 0.056071237 
110 130 11 14 0.055089254 
272 40 10 12 0.05448341 
661 21 11 14 0.053712856 
583 219 13 15 0.05340415 
517 73 11 14 0.053398184 
447 27 12 15 0.05320181 
55 68 10 12 0.05307015 
994 189 22 30 0.05250102 
292 180 13 19 0.052359745 
218 125 11 15 0.05216981 
421 330 28 30 0.051854894 
959 138 10 14 0.05170603 
740 74 12 16 0.050729964 
317 19 11 15 0.050260138 
354 41 13 16 0.050131306 
303 28 10 14 0.050039545 
751 135 19 27 0.04985266 
707 357 25 34 0.049464352 
916 56 14 19 0.04889167 
730 75 11 13 0.048676893 
468 32 11 14 0.04849129 
430 30 11 14 0.048232514 
448 162 11 13 0.048052568 
437 109 12 15 0.048031267 
659 185 15 18 0.047546737 
846 185 15 18 0.047281493 
792 176 12 15 0.047016304 
365 35 12 14 0.046774324 
477 159 19 25 0.046488967 
941 229 19 22 0.045987707 
348 178 14 17 0.04589834 
885 28 15 19 0.04554936 
650 265 25 32 0.04463283 
871 266 29 36 0.04459653 
913 18 13 17 0.044460572 
44 62 10 13 0.04432667 
446 33 10 13 0.04422434 
105 71 10 12 0.0440268 
485 79 10 14 0.04359265 
992 101 10 14 0.04356947 
469 77 12 15 0.043009788 
164 3 12 14 0.0429485 
870 38 19 23 0.04250034 
496 1 12 12 0.04237629 
839 190 24 28 0.0423424 
421 206 26 29 0.04220741 
709 36 12 14 0.042204846 
934 160 12 16 0.04188371 
735 360 32 38 0.041664194 
593 60 13 17 0.041634 
315 11 13 17 0.041414924 
339 224 31 39 0.041225336 
807 12 11 14 0.04122373 
47 53 10 13 0.041085623 
565 111 11 14 0.04099447 
715 46 13 18 0.040944245 
528 121 13 17 0.04061819 
782 90 14 16 0.04046106 
863 70 12 16 0.040343985 
344 214 26 30 0.04030128 
239 173 24 27 0.04022734 
249 182 29 36 0.040103085 
180 48 11 12 0.039990213 
440 114 11 14 0.03978134 
904 122 13 17 0.039721567 
778 203 15 20 0.039699346 
715 55 13 17 0.0396512 
824 139 12 16 0.03917235 
401 73 11 13 0.039080206 
995 108 12 15 0.03895964 
296 261 27 38 0.038804844 
706 71 12 13 0.038627572 
649 140 13 17 0.038567245 
794 59 15 18 0.038442302 
701 211 16 17 0.03839369 
414 79 9 11 0.03787041 
319 27 10 13 0.037808776 
677 237 12 15 0.037584666 
334 84 11 14 0.037424505 
54 63 9 11 0.03710313 
259 147 12 14 0.03706197 
916 198 11 14 0.03688914 
855 -3 24 23 0.03653103 
53 52 10 12 0.036340244 
405 117 11 14 0.036303338 
122 119 14 17 0.03623331 
727 227 10 15 0.035954207 
694 308 31 38 0.035893053 
88 169 40 51 0.03587259 
828 62 16 20 0.0358516 
254 165 13 16 0.035759266 
429 200 25 28 0.03568409 
513 75 10 13 0.0356591 
391 26 10 13 0.03564316 
450 98 12 15 0.03557717 
1000 244 14 16 0.035387214 
828 135 16 20 0.035097357 
411 99 11 15 0.034624837 
392 99 12 14 0.034575887 
326 211 14 19 0.03452447 
360 54 12 14 0.03428239 
716 91 12 15 0.034259204 
1007 28 13 15 0.034079157 
393 87 10 14 0.034077786 
766 189 15 16 0.033996604 
342 44 11 15 0.0339038 
971 155 12 15 0.03388865 
840 353 28 35 0.033822197 
21 94 20 25 0.033651855 
979 98 13 16 0.033561278 
214 8 10 13 0.033472903 
216 140 11 15 0.03346871 
1012 92 12 17 0.033212617 
389 138 10 13 0.033194244 
847 173 14 17 0.03286387 
774 70 10 13 0.03283388 
353 69 11 13 0.03259798 
980 59 12 15 0.032594826 
662 81 13 15 0.032341916 
505 32 14 18 0.032065183 
926 105 10 14 0.031798042 
455 69 11 13 0.031788 
712 242 18 22 0.03160261 
33 78 24 30 0.03141191 
597 554 14 15 0.031302184 
209 477 36 45 0.03128804 
28 85 20 27 0.031187085 
774 38 14 18 0.031098861 
776 148 12 16 0.031067634 
357 223 16 20 0.030910796 
274 44 12 13 0.030893087 
550 0 11 11 0.030805945 
149 254 39 37 0.030791968 
360 231 23 31 0.030752948 
934 116 11 15 0.030622758 
552 5 11 13 0.03050709 
679 156 11 14 0.030477496 
540 126 14 18 0.030460628 
207 43 10 12 0.030396158 
397 138 9 13 0.029742958 
721 528 16 19 0.029736834 
734 25 12 15 0.029614989 
520 63 19 23 0.029569741 
476 188 13 16 0.029542271 
399 28 10 12 0.029519806 
367 42 9 13 0.029460328 
440 100 12 15 0.029427068 
326 324 22 29 0.029347662 
798 22 13 16 0.029287364 
468 41 11 15 0.029193852 
396 243 14 18 0.029098455 
348 98 15 17 0.02907308 
315 180 20 28 0.029045593 
930 4 13 15 0.028974574 
558 52 13 17 0.028877538 
841 125 14 17 0.028851993 
72 166 40 51 0.028836796 
582 65 13 17 0.02881824 
101 101 12 15 0.028774336 
118 128 13 18 0.028679717 
768 24 12 15 0.028630363 
139 260 47 59 0.028543003 
409 4 14 15 0.028391 
188 215 25 31 0.028359462 
407 29 11 15 0.028348163 
316 43 12 15 0.028333366 
312 42 11 14 0.028278787 
341 176 14 19 0.028258892 
573 10 15 18 0.028089184 
79 87 8 10 0.028082442 
499 219 20 30 0.02806378 
248 63 9 12 0.028039271 
956 108 13 17 0.02797593 
793 45 14 17 0.027963161 
429 104 12 15 0.027896386 
929 170 13 18 0.027866684 
668 178 14 20 0.027838176 
1007 1 10 10 0.027743286 
949 94 12 15 0.027698312 
643 227 15 18 0.027536616 
283 175 21 28 0.027536137 
731 54 13 16 0.027417777 
641 263 18 22 0.027359512 
467 102 13 18 0.027290532 
0 38 7 12 0.02727381 
271 276 35 36 0.027214384 
374 146 16 20 0.027198236 
277 126 10 12 0.027159888 
332 211 17 20 0.027092207 
207 211 12 16 0.027002621 
389 222 17 21 0.026890935 
400 281 26 32 0.026818639 
621 -5 20 21 0.026712734 
870 80 14 18 0.026656935 
445 87 12 15 0.02664859 
546 130 14 17 0.02664396 
249 139 21 25 0.026626857 
189 46 11 13 0.026563661 
751 105 13 17 0.026486455 
588 0 13 13 0.026456341 
263 39 9 11 0.026340785 
796 78 15 18 0.026320465 
432 324 24 30 0.02625288 
557 4 11 14 0.0262057 
443 203 14 17 0.026177032 
521 49 12 14 0.026037145 
6 47 8 11 0.026005896 
620 67 13 16 0.02600157 
451 216 15 17 0.025954038 
312 166 13 17 0.02594657 
693 130 12 17 0.025870888 
846 339 30 37 0.025855623 
692 56 13 17 0.025827896 
1006 9 12 17 0.025823077 
860 22 20 26 0.025814945 
628 217 22 26 0.025777042 
1012 34 11 15 0.025775356 
188 38 11 13 0.025689272 
552 41 13 17 0.025655625 
438 212 24 30 0.025450196 
686 58 10 15 0.025407754 
263 45 9 12 0.025380569 
959 179 13 16 0.025302414 
973 163 13 17 0.025281224 
405 23 11 12 0.025217552 
407 108 11 13 0.02520213 
756 356 32 45 0.025198195 
565 177 15 19 0.025168568 
317 3 12 15 0.025137048 
967 1 11 11 0.0251071 
340 184 15 20 0.025100648 
307 24 14 16 0.025085295 
757 205 27 32 0.02508053 
235 327 16 21 0.024964571 
805 18 13 18 0.024917142 
699 364 26 34 0.02488861 
789 21 12 14 0.024848966 
521 2 13 14 0.024812482 
445 149 12 15 0.024734387 
709 90 12 16 0.024721816 
84 269 378 428 0.024710765 
934 148 12 16 0.024675217 
270 153 20 24 0.024674948 
392 61 10 13 0.024556989 
628 47 11 15 0.024512745 
878 28 12 17 0.024463354 
444 107 13 17 0.02445779 
702 143 14 17 0.024403676 
427 21 13 15 0.024387905 
443 140 11 14 0.02438512 
78 28 9 12 0.024274167 
276 38 11 14 0.02425877 
781 105 16 19 0.024216644 
223 174 26 29 0.024200642 
963 116 14 20 0.02419541 
193 266 15 19 0.024151726 
726 93 11 16 0.024111494 
950 117 14 19 0.023975685 
245 144 14 17 0.023886004 
396 14 12 13 0.023845289 
419 20 17 18 0.023803469 
773 57 11 15 0.023795862 
357 35 12 16 0.02378997 
944 55 13 16 0.023785906 
942 112 11 16 0.023770655 
464 251 23 28 0.023729673 
464 43 10 14 0.023718309 
536 195 11 16 0.023712017 
692 226 26 34 0.023692407 
312 6 12 14 0.023680946 
464 168 13 17 0.02366619 
910 103 14 18 0.023605535 
743 89 11 16 0.023462646 
779 43 13 18 0.023428235 
217 120 9 12 0.023419596 
510 -3 20 20 0.023366729 
930 11 12 15 0.023365265 
445 153 18 24 0.023363324 
393 238 25 31 0.023334168 
324 11 13 18 0.023316128 
534 328 17 20 0.02330896 
269 149 13 15 0.02329072 
962 129 14 18 0.023283778 
620 227 26 28 0.023263114 
246 407 238 267 0.023233883 
326 149 11 15 0.023211632 
697 83 13 17 0.023166444 
306 78 13 15 0.023152532 
471 55 10 13 0.023112517 
998 0 10 11 0.023107005 
790 27 13 15 0.0230755 
580 73 13 15 0.022990681 
19 30 14 16 0.022973377 
768 16 12 15 0.022938892 
233 331 26 32 0.022923699 
285 29 11 14 0.022847602 
725 24 11 15 0.0228261 
212 170 24 29 0.022722622 
1013 51 11 15 0.022680258 
506 22 12 16 0.022675155 
311 371 27 34 0.02260147 
368 66 11 14 0.02258629 
888 53 12 15 0.022484893 
701 177 11 16 0.02244402 
558 181 23 31 0.02240242 
290 154 13 17 0.022375198 
835 185 16 21 0.022268249 
702 361 15 21 0.022136098 
961 168 15 19 0.022117527 
562 205 27 33 0.022083437 
397 249 29 33 0.022077696 
324 29 10 13 0.022071738 
53 74 14 17 0.022055667 
266 164 23 30 0.022049414 
327 37 9 12 0.022042634 
361 217 16 19 0.022041358 
614 258 27 35 0.022008898 
398 0 22 22 0.022004958 
252 62 10 12 0.022004921 
930 164 12 15 0.021922158 
716 236 16 20 0.021919535 
398 35 12 15 0.021888146 
525 87 19 24 0.0218426 
376 500 11 13 0.021834666 
300 69 13 15 0.021825554 
261 284 39 46 0.021822235 
183 39 10 11 0.021798376 
624 478 11 13 0.021790998 
605 107 13 17 0.021769328 
363 247 24 30 0.02168298 
443 220 16 18 0.02160262 
374 86 9 12 0.021593768 
852 42 11 15 0.021581987 
899 351 29 31 0.021576533 
286 193 13 18 0.021561807 
739 222 32 36 0.021522487 
207 8 19 26 0.021521913 
611 459 14 18 0.02149307 
659 508 137 144 0.021476708 
812 17 13 19 0.021433575 
949 12 11 15 0.021315195 
300 53 13 16 0.021309456 
798 12 13 15 0.021277182 
309 372 15 20 0.021228045 
445 93 19 24 0.021200972 
531 70 10 13 0.021138327 
578 214 21 25 0.021107785 
599 428 40 47 0.021100566 
302 89 13 16 0.02108387 
614 100 11 16 0.021054085 
220 12 12 17 0.021007797 
977 171 13 18 0.0210023 
228 0 11 11 0.020980662 
312 157 11 12 0.02097628 
627 164 14 17 0.020975938 
459 206 11 14 0.02097586 
12 92 20 25 0.02097091 
907 116 13 17 0.020962449 
510 99 12 15 0.020952733 
199 133 9 12 0.020949306 
453 207 21 28 0.020928197 
909 0 11 12 0.020910135 
778 20 12 14 0.020906996 
662 100 12 15 0.02088788 
570 200 15 20 0.020825991 
356 74 11 14 0.020824155 
48 32 12 14 0.020783635 
543 20 11 15 0.020751463 
757 29 12 14 0.020677347 
638 84 13 16 0.02062344 
461 68 13 15 0.020615468 
104 40 11 14 0.020604491 
255 177 15 20 0.020599926 
536 202 11 16 0.0205857 
916 189 11 15 0.020558482 
453 107 11 15 0.020540353 
779 75 12 15 0.020465696 
1 45 9 14 0.02046364 
450 115 13 16 0.020396667 
275 139 11 14 0.020384828 
262 134 11 13 0.020374507 
461 52 11 12 0.020340277 
370 211 11 15 0.020313233 
310 114 12 16 0.020224186 
240 137 12 16 0.020163212 
95 11 11 15 0.020111386 
260 157 12 13 0.020021992 
677 76 11 14 0.02001513 
171 52 10 12 0.02001266 
