58_Hockey_icehockey_puck_58_290
135
422 64 25 33 0.99772483 
743 32 23 30 0.99727744 
660 37 22 29 0.9967237 
491 63 22 30 0.9965659 
358 72 24 31 0.9920873 
62 19 25 33 0.9893111 
561 44 24 30 0.9884494 
808 18 23 28 0.98349816 
863 1 23 27 0.97762215 
302 81 21 30 0.9743988 
363 0 24 26 0.9743794 
124 24 22 26 0.95046586 
101 113 22 27 0.9464918 
603 40 19 29 0.92653584 
491 469 27 41 0.9213253 
180 16 20 23 0.9160105 
31 36 20 28 0.7119217 
915 0 20 21 0.67047864 
325 339 34 35 0.6071258 
44 179 19 25 0.5548076 
210 81 15 18 0.5028552 
155 25 14 19 0.46373197 
856 202 18 21 0.4454509 
1 120 22 37 0.34210074 
250 57 13 16 0.27355835 
250 12 16 20 0.26497358 
391 168 14 18 0.22298743 
901 218 29 32 0.21770854 
162 89 18 21 0.21062611 
737 248 29 33 0.20849696 
245 20 24 29 0.20308489 
312 329 30 36 0.19932361 
741 1 18 20 0.1919318 
48 139 19 21 0.16058691 
778 87 16 21 0.15367424 
141 85 13 17 0.1496385 
74 94 17 20 0.1419893 
238 56 16 21 0.10487388 
453 139 13 15 0.104113504 
106 24 13 21 0.10302888 
894 208 47 53 0.09624999 
667 77 14 17 0.07904088 
680 0 20 15 0.07811033 
708 14 28 30 0.07669602 
200 79 21 26 0.074769646 
331 49 23 30 0.07320244 
170 97 15 18 0.07106605 
194 52 14 18 0.0709168 
380 23 16 21 0.06784899 
390 47 16 21 0.06708237 
715 315 33 32 0.06626337 
714 0 19 15 0.058583602 
265 65 22 26 0.05691123 
238 100 10 14 0.05688452 
690 346 14 18 0.055128798 
311 58 15 19 0.053923365 
335 350 20 22 0.05322674 
724 103 14 17 0.05180901 
681 3 28 28 0.0512923 
95 86 13 16 0.050248116 
441 159 16 21 0.04872216 
266 50 17 19 0.0480576 
572 2 25 26 0.04462775 
364 40 16 20 0.044528466 
704 464 35 35 0.04423003 
730 257 28 34 0.04340118 
769 28 23 28 0.042095862 
732 403 19 20 0.04175875 
20 37 25 32 0.04128864 
913 224 20 23 0.039876886 
126 7 13 16 0.0396824 
333 30 26 33 0.03846229 
258 55 22 26 0.038270265 
853 185 25 30 0.036959406 
772 95 17 21 0.03668105 
144 81 20 25 0.035602063 
314 172 14 19 0.034977578 
354 160 15 18 0.03464584 
105 102 18 24 0.034453705 
182 1 12 12 0.03442403 
213 25 17 20 0.033104915 
148 72 15 21 0.032965876 
686 344 22 29 0.032896526 
242 34 24 29 0.032288726 
165 21 11 16 0.030823333 
860 172 11 14 0.03065413 
243 7 19 21 0.029840378 
115 151 15 20 0.029379325 
742 262 29 33 0.028508473 
87 87 23 28 0.02833498 
180 98 13 18 0.028230926 
311 179 14 18 0.028035471 
108 38 14 19 0.026925793 
860 181 12 16 0.026905226 
255 383 13 14 0.026813654 
158 73 15 20 0.026624938 
239 27 14 18 0.025320988 
99 186 24 31 0.025222082 
376 8 16 23 0.0245394 
108 179 16 21 0.024451602 
636 130 14 19 0.024327993 
161 25 13 18 0.024231846 
310 331 18 23 0.024152333 
953 238 11 13 0.024131415 
239 15 16 20 0.023928167 
379 161 20 25 0.023877366 
164 58 13 16 0.02382195 
353 7 23 31 0.023781158 
236 44 15 18 0.023728168 
430 161 23 27 0.023717085 
695 9 30 33 0.023500865 
857 159 10 13 0.022966545 
30 27 16 21 0.022915494 
848 200 16 20 0.022460498 
193 18 13 17 0.022451997 
307 64 21 28 0.022390004 
76 84 23 28 0.022318453 
316 168 11 13 0.022311307 
378 153 14 18 0.022246137 
845 258 31 36 0.022121685 
173 1 16 17 0.022059308 
109 145 17 22 0.021612398 
189 45 14 17 0.02157901 
116 138 16 22 0.021484545 
869 181 12 14 0.021439878 
140 75 17 21 0.021413727 
126 154 14 21 0.021402258 
186 4 14 19 0.021121874 
274 70 17 23 0.021002198 
298 16 16 21 0.020940358 
74 200 17 21 0.02080632 
264 72 13 18 0.020648489 
135 26 16 21 0.020243121 
232 59 14 17 0.020189883 
338 21 21 27 0.020133551 
