58_Hockey_icehockey_puck_58_262
850
383 238 12 16 0.97846395 
324 236 11 15 0.97732955 
269 319 13 17 0.9712885 
350 248 10 13 0.9690168 
567 213 11 14 0.947808 
207 237 10 14 0.94152707 
550 226 11 14 0.94139946 
49 329 14 18 0.87156206 
470 188 11 15 0.85903543 
429 203 10 14 0.8397657 
206 332 15 21 0.7061091 
467 254 13 16 0.6970245 
347 273 12 16 0.6875506 
324 330 11 15 0.6522422 
15 628 28 47 0.5842957 
423 47 13 17 0.5614063 
800 80 8 11 0.53854275 
538 245 13 16 0.5301576 
774 491 15 17 0.49721652 
320 413 10 13 0.4336847 
560 23 8 10 0.3919291 
295 324 14 18 0.363628 
529 31 8 9 0.35974932 
831 76 10 12 0.35453385 
365 37 11 14 0.33975774 
723 45 8 10 0.33842862 
100 627 40 34 0.33686018 
836 7 8 10 0.33304027 
865 89 10 12 0.31729427 
24 46 11 15 0.3149678 
445 70 13 17 0.31398422 
775 84 9 12 0.29332033 
101 310 10 12 0.28282735 
479 7 9 10 0.2677459 
535 7 8 9 0.25096947 
777 23 9 11 0.24633813 
270 365 9 12 0.24349128 
789 47 9 12 0.24026075 
339 2 11 14 0.23720795 
505 238 8 11 0.23015398 
754 20 9 11 0.22948925 
494 48 10 12 0.22246158 
558 45 7 10 0.21497838 
847 88 8 10 0.21212256 
46 47 9 12 0.21176328 
423 230 11 13 0.21135123 
2 29 8 11 0.19132626 
882 73 8 10 0.16964875 
565 22 8 10 0.16961344 
512 32 7 10 0.16538809 
485 8 9 10 0.16408145 
750 72 8 10 0.152573 
756 16 9 11 0.1488534 
837 73 8 10 0.14824519 
579 32 7 9 0.14579865 
308 293 12 15 0.14536446 
230 25 8 10 0.14428326 
429 7 12 13 0.14278992 
324 0 11 12 0.14253864 
770 7 8 10 0.13980274 
591 22 8 10 0.13664928 
567 8 7 9 0.13659993 
452 197 14 16 0.13230744 
839 25 9 12 0.13033715 
436 238 11 14 0.12923674 
752 56 7 8 0.12843354 
421 235 10 12 0.12716578 
625 39 9 10 0.124023475 
323 316 13 15 0.12335537 
658 6 8 10 0.12221818 
567 14 9 11 0.1182232 
776 28 9 12 0.11694363 
352 311 8 10 0.11599975 
600 31 8 10 0.11545745 
737 15 7 9 0.11463409 
632 72 7 9 0.11260517 
440 308 10 12 0.111312605 
286 223 9 12 0.11029181 
438 92 9 12 0.10705323 
182 16 8 9 0.10534928 
461 220 8 11 0.1041735 
382 277 9 11 0.1033482 
473 5 9 13 0.102917224 
946 0 9 9 0.10280987 
180 48 9 11 0.10280093 
324 416 12 17 0.10264938 
502 22 8 10 0.10053701 
446 20 10 13 0.09999377 
766 37 8 10 0.09878257 
56 63 9 12 0.09757093 
374 315 11 12 0.097000815 
261 14 8 11 0.096787676 
508 240 9 11 0.09654052 
533 45 10 13 0.09643916 
553 15 7 9 0.09583001 
503 47 9 11 0.09561431 
336 286 9 11 0.09550332 
662 64 8 10 0.092940725 
333 357 12 15 0.09207041 
424 172 8 11 0.09167217 
369 343 9 12 0.09123224 
218 7 9 12 0.090559974 
433 238 9 12 0.089238554 
328 353 12 17 0.08873924 
768 33 7 10 0.08845848 
426 199 10 14 0.08828334 
695 52 8 10 0.087101184 
782 14 9 9 0.08622749 
368 255 10 11 0.08618411 
610 14 7 10 0.08581385 
37 64 8 10 0.08575509 
765 48 9 11 0.08405122 
926 30 10 12 0.08370545 
663 31 8 10 0.08297746 
303 346 10 12 0.081862696 
54 0 8 9 0.08093986 
33 17 7 10 0.07985962 
720 8 7 9 0.07922051 
375 269 9 12 0.07888243 
725 40 8 11 0.078635275 
673 5 7 9 0.078509465 
621 93 9 12 0.078416675 
104 72 9 12 0.07713112 
703 64 7 9 0.076405175 
417 262 8 11 0.07630606 
484 37 9 11 0.07606075 
215 32 9 11 0.07604537 
417 237 10 13 0.07593249 
487 13 9 11 0.07577969 
206 23 8 10 0.075634405 
678 31 8 9 0.07547743 
793 29 8 11 0.07520758 
366 268 10 12 0.07508204 
672 54 7 10 0.07490817 
608 46 7 9 0.07447376 
980 0 10 12 0.07443318 
616 80 7 9 0.07394005 
752 6 10 10 0.0731772 
336 341 9 13 0.072850406 
54 54 8 9 0.07212197 
240 362 13 16 0.0717773 
769 13 8 11 0.07169698 
447 14 11 15 0.07166857 
857 32 8 9 0.07135854 
15 40 8 10 0.07048086 
903 88 8 10 0.06976556 
884 76 9 11 0.06973571 
158 56 9 11 0.06926196 
830 85 9 10 0.06920358 
328 395 9 12 0.06894212 
496 23 8 10 0.06883401 
631 33 8 9 0.06866811 
77 54 10 12 0.067487255 
733 57 8 10 0.067107424 
48 7 8 10 0.066897705 
120 70 10 11 0.06688639 
447 46 10 11 0.06687834 
318 271 9 12 0.06678935 
734 62 7 10 0.066621855 
510 47 7 10 0.06652831 
786 69 8 9 0.066251464 
552 9 7 9 0.06615098 
570 217 12 14 0.06609455 
66 621 60 51 0.065957665 
289 366 10 12 0.0659159 
368 261 11 14 0.06563084 
785 64 8 10 0.06551657 
320 357 9 13 0.06541082 
729 1 7 7 0.06522011 
727 8 8 9 0.06489223 
911 32 8 11 0.06485233 
553 39 9 11 0.06466145 
248 0 12 12 0.06464244 
541 240 10 13 0.06456891 
45 41 9 11 0.06398753 
763 47 7 10 0.06353352 
607 70 7 9 0.06346829 
428 1 12 11 0.062892295 
105 76 11 14 0.062840894 
26 102 17 20 0.062127285 
49 22 8 10 0.06151432 
477 1 9 9 0.06146138 
779 495 15 17 0.061357517 
659 32 7 9 0.06134355 
307 13 10 12 0.06119196 
386 339 10 13 0.061103355 
366 277 8 11 0.06106991 
2 68 12 15 0.061010085 
743 31 8 10 0.060784 
729 54 8 10 0.060620684 
770 84 8 11 0.06059668 
461 192 14 17 0.06020295 
277 391 12 15 0.06008409 
399 270 10 12 0.06002203 
279 346 13 17 0.060018256 
353 408 10 13 0.05998332 
89 64 8 11 0.05988658 
565 242 10 12 0.05973636 
41 47 9 12 0.059556723 
294 371 13 16 0.05941753 
210 324 19 22 0.05914717 
640 30 8 10 0.05896083 
526 278 7 10 0.058952194 
321 311 10 13 0.058471926 
310 243 10 13 0.058396827 
1000 0 9 9 0.05825021 
869 0 9 8 0.05819408 
327 268 12 15 0.057843365 
709 39 8 10 0.05750969 
800 56 7 9 0.057389647 
159 61 9 11 0.057351094 
6 635 24 42 0.057089224 
424 662 9 11 0.05672056 
206 374 8 11 0.056249313 
581 7 8 9 0.05610738 
462 293 8 11 0.055861585 
502 233 7 10 0.05574345 
607 65 8 10 0.055599146 
614 6 7 10 0.055383384 
680 56 9 10 0.055316478 
863 24 8 11 0.055314012 
530 36 8 10 0.055245884 
456 219 9 12 0.05521416 
554 222 12 15 0.05512155 
34 63 8 10 0.05510835 
848 104 10 12 0.05503873 
790 70 7 9 0.055029534 
696 70 8 10 0.05497114 
512 13 8 11 0.054918226 
582 229 11 13 0.053971495 
32 31 7 10 0.053304717 
559 28 8 9 0.053141173 
196 260 11 15 0.05309146 
648 55 8 10 0.052745774 
705 8 8 9 0.052543618 
624 33 8 9 0.05254014 
1 44 9 13 0.052393924 
898 39 8 10 0.05209452 
616 71 8 9 0.05187637 
253 3 11 14 0.05177385 
760 108 9 11 0.051568195 
585 289 7 9 0.051414933 
582 37 7 9 0.05138308 
446 203 13 15 0.051203433 
607 31 7 9 0.051138148 
766 96 8 9 0.050898783 
528 26 8 11 0.050757892 
560 8 8 9 0.050609995 
623 73 7 9 0.0505828 
622 79 7 8 0.050336774 
633 55 7 10 0.049948208 
865 0 9 8 0.049914118 
230 381 9 12 0.04984096 
710 8 8 10 0.049773652 
31 52 9 11 0.049767427 
265 54 7 9 0.049452025 
327 275 10 13 0.04945082 
687 55 8 9 0.049401857 
729 72 8 9 0.049390938 
472 2 9 9 0.0493212 
647 85 8 10 0.049215063 
372 347 9 12 0.04869036 
6 39 9 11 0.048509274 
805 86 9 10 0.048460018 
229 309 9 12 0.048457444 
622 22 8 10 0.048441783 
341 374 8 10 0.047645178 
18 45 10 13 0.04751827 
645 23 9 11 0.047426905 
296 272 9 11 0.04722589 
639 9 8 9 0.047179174 
530 7 8 10 0.04710972 
444 7 10 12 0.047092553 
422 224 11 13 0.047068875 
761 39 8 9 0.04704912 
177 350 8 11 0.04692154 
609 41 7 8 0.04681616 
278 40 10 12 0.046764184 
416 29 9 12 0.046748243 
591 64 7 10 0.046690915 
470 24 8 10 0.046337817 
992 20 10 11 0.04627684 
633 88 7 8 0.04626622 
774 7 9 11 0.046071105 
392 262 10 12 0.045964062 
672 47 7 10 0.045915093 
424 168 9 11 0.045890506 
713 79 7 9 0.045844324 
416 243 11 14 0.045704138 
719 87 7 9 0.045630135 
378 276 9 11 0.045465995 
533 40 9 11 0.045359712 
727 102 8 10 0.045250293 
665 48 7 9 0.045137156 
849 1 8 8 0.04506673 
674 39 7 10 0.045056693 
655 47 7 9 0.04504871 
749 94 9 11 0.04478903 
578 37 8 10 0.044669107 
39 52 9 11 0.04463823 
790 94 9 11 0.044543188 
560 64 9 10 0.04453428 
617 23 8 9 0.044414934 
782 7 9 10 0.044333372 
551 63 9 11 0.04422934 
109 84 14 18 0.04421134 
263 41 9 10 0.04395358 
276 364 10 12 0.04374411 
610 1 8 9 0.04357627 
272 44 10 13 0.043305207 
633 78 8 10 0.04328167 
579 252 10 12 0.0432111 
373 253 9 12 0.04291479 
827 78 7 10 0.042878736 
32 334 8 9 0.042756725 
737 22 7 10 0.042730957 
689 15 9 11 0.042728934 
403 276 11 13 0.04272528 
455 259 11 13 0.04260789 
208 28 8 11 0.04257734 
664 24 8 10 0.04254736 
656 40 7 9 0.042532884 
239 397 12 14 0.042467188 
854 103 8 10 0.042460956 
690 39 7 9 0.04239932 
776 35 8 11 0.042365856 
156 4 13 16 0.04217417 
891 18 11 13 0.04209342 
577 47 7 9 0.041978706 
873 110 8 10 0.041961692 
416 253 9 12 0.041945565 
178 14 9 10 0.041942403 
340 293 12 14 0.041890718 
663 15 8 10 0.04165623 
563 213 9 12 0.041635294 
800 25 8 10 0.041552287 
594 30 7 10 0.04153429 
1 74 11 16 0.041479502 
493 84 11 14 0.04142054 
80 626 27 34 0.04141033 
689 306 13 16 0.041409917 
615 31 8 9 0.04127031 
448 190 9 12 0.041181084 
448 255 8 12 0.04114821 
177 7 9 12 0.041135177 
704 23 8 10 0.041014068 
104 84 11 15 0.04100079 
631 15 8 10 0.040963404 
453 191 12 14 0.040854834 
830 94 9 10 0.04084142 
299 320 12 14 0.04072362 
502 1 9 9 0.040584236 
440 212 11 13 0.040500496 
31 38 7 10 0.040449064 
334 40 8 11 0.040430453 
736 1 7 7 0.04041546 
641 80 7 10 0.040324863 
78 60 10 12 0.040292725 
497 29 7 10 0.04027368 
263 349 10 14 0.0401484 
62 333 9 13 0.040050182 
897 88 8 10 0.039932765 
808 93 9 11 0.039811846 
489 20 8 11 0.039791793 
784 39 7 9 0.0397329 
519 47 8 10 0.039664805 
616 85 8 10 0.039599847 
437 6 12 14 0.039564665 
377 242 11 14 0.039533053 
320 240 13 16 0.039471526 
534 11 10 11 0.039387457 
536 2 8 9 0.039286915 
457 244 9 11 0.03918285 
890 116 9 12 0.039180875 
783 1 8 8 0.03905273 
336 383 9 10 0.03895964 
638 96 8 9 0.03888241 
1000 4 10 11 0.038852587 
719 63 7 10 0.038850363 
887 1 11 9 0.038694084 
729 14 7 9 0.038515892 
689 48 8 10 0.038508736 
785 53 8 10 0.038356084 
339 357 10 14 0.038323272 
31 68 8 11 0.038268656 
296 337 11 15 0.038235452 
263 20 9 12 0.038175713 
753 62 8 9 0.038100228 
48 13 8 11 0.038070515 
775 70 7 9 0.037982684 
263 357 11 14 0.037885737 
479 21 8 11 0.037818804 
456 238 9 13 0.037813183 
384 363 10 13 0.037790548 
798 74 18 23 0.037683975 
575 227 11 15 0.03767577 
437 232 10 12 0.037592795 
517 7 9 10 0.037568152 
610 79 7 10 0.037384886 
730 62 7 10 0.037199926 
432 242 12 14 0.03716835 
777 54 6 8 0.037149508 
469 28 9 12 0.03711684 
303 298 11 15 0.037012193 
153 47 8 10 0.03700227 
637 102 9 10 0.0368959 
311 324 9 13 0.03664367 
439 187 10 13 0.036607713 
253 47 9 11 0.03656996 
856 38 7 9 0.036457025 
287 38 7 10 0.036306497 
53 22 8 11 0.0362388 
639 13 8 10 0.036204763 
594 39 7 9 0.036185782 
800 92 9 11 0.036109805 
504 30 8 10 0.03607778 
289 370 12 15 0.035957728 
565 56 8 10 0.035911035 
625 45 7 10 0.03588954 
198 254 10 14 0.035851542 
603 71 8 10 0.03583004 
721 24 8 9 0.035721883 
696 32 8 9 0.035713788 
943 4 10 11 0.035708487 
429 68 13 17 0.035616424 
904 39 7 10 0.035613503 
466 312 9 10 0.035536245 
744 1 8 8 0.035513643 
153 54 10 12 0.035460066 
184 1 11 11 0.03544695 
54 5 9 11 0.035430074 
2 38 9 13 0.035342883 
145 46 8 10 0.035206154 
541 6 9 11 0.035099294 
365 287 11 12 0.03506772 
622 89 8 9 0.03500369 
432 87 12 14 0.034962762 
798 29 8 10 0.03485853 
109 324 15 20 0.034667972 
758 63 7 8 0.03463104 
703 46 10 11 0.03461623 
614 55 8 10 0.034570284 
221 11 9 11 0.034545247 
47 102 13 17 0.034537192 
760 31 8 10 0.034519486 
765 102 9 11 0.034464687 
229 314 10 15 0.03443592 
655 87 8 9 0.034420002 
294 4 10 12 0.0343896 
904 102 9 10 0.03421026 
471 312 8 10 0.034148846 
72 83 10 12 0.034147967 
16 303 8 10 0.03408799 
264 46 9 11 0.03408709 
893 112 11 13 0.033927992 
568 2 7 7 0.03389313 
341 284 12 13 0.033800952 
649 41 7 9 0.033764895 
306 340 13 16 0.03375641 
760 86 8 11 0.0336956 
809 0 8 8 0.033689953 
857 119 8 11 0.03360907 
555 22 8 10 0.033574134 
336 371 11 13 0.033561733 
662 69 9 10 0.03352902 
302 239 11 14 0.03341444 
553 31 7 9 0.033249643 
436 205 11 13 0.03318638 
586 23 7 9 0.033169642 
769 64 7 9 0.033001296 
703 31 9 10 0.032842405 
447 27 10 13 0.032840665 
285 79 9 11 0.032782353 
303 7 12 13 0.032768246 
712 55 8 9 0.032669216 
815 0 8 8 0.032643534 
879 47 7 9 0.0325922 
673 31 8 10 0.032581925 
1006 5 9 11 0.032567758 
639 39 8 10 0.032461062 
712 71 7 9 0.03244876 
784 96 8 10 0.03241167 
599 23 8 10 0.03240423 
905 69 10 13 0.03237052 
462 288 7 10 0.032355584 
614 63 8 10 0.03233302 
327 284 11 13 0.032315817 
795 79 8 10 0.0321657 
837 11 9 12 0.032113142 
735 9 8 9 0.031952895 
153 39 8 11 0.031950094 
311 48 9 11 0.03192105 
729 78 8 9 0.031760767 
680 61 8 10 0.031745017 
390 253 10 11 0.031711698 
927 6 10 13 0.031553626 
975 4 9 11 0.031548683 
910 86 8 11 0.03152285 
794 130 16 17 0.031438645 
790 124 14 15 0.031384032 
750 101 8 10 0.031341624 
278 356 10 13 0.03131504 
332 261 12 15 0.03130382 
358 277 8 11 0.03127565 
429 60 11 13 0.031261887 
599 16 7 9 0.031124922 
126 61 8 11 0.031069187 
632 46 7 9 0.031010687 
253 64 9 10 0.030934192 
226 23 9 11 0.030928848 
559 16 8 10 0.030927598 
415 268 8 11 0.030871889 
741 15 8 10 0.030809326 
695 8 8 9 0.030735224 
575 14 9 11 0.030716 
382 272 8 11 0.030711694 
648 47 8 9 0.030670155 
733 71 8 10 0.03059209 
623 16 8 10 0.030587694 
601 65 8 10 0.030558309 
439 48 9 11 0.030524911 
63 7 10 11 0.030465066 
422 263 10 12 0.030458527 
970 5 9 11 0.030447079 
190 1 13 14 0.030341292 
654 54 7 9 0.030338751 
761 95 8 9 0.030333295 
242 438 9 12 0.030301245 
842 94 8 10 0.030290725 
291 365 14 16 0.030195745 
935 5 10 11 0.030184422 
774 14 8 11 0.030183092 
77 79 12 15 0.030178238 
872 103 8 11 0.030172838 
726 30 8 10 0.030153025 
608 23 7 9 0.030143924 
70 336 9 11 0.030125188 
591 286 8 10 0.030021202 
610 7 8 10 0.02998877 
423 41 12 14 0.029971704 
465 23 8 10 0.029819371 
457 286 9 10 0.029793156 
671 23 8 10 0.029698197 
103 56 9 10 0.029691631 
694 38 8 10 0.02940765 
250 54 9 10 0.029400472 
298 403 14 15 0.029265875 
758 2 8 9 0.02925554 
2 629 8 13 0.029237216 
742 23 8 10 0.02920815 
117 622 13 14 0.029182874 
703 87 7 9 0.029175058 
457 279 9 12 0.029125389 
53 15 9 10 0.029045371 
543 1 8 8 0.028991614 
790 40 8 10 0.02897779 
582 0 8 9 0.028939618 
464 4 10 13 0.028893122 
92 69 10 11 0.028866664 
293 359 11 13 0.028732615 
752 39 7 10 0.028701521 
721 13 7 9 0.028656641 
968 94 8 9 0.028646763 
463 248 11 13 0.02863345 
786 101 9 12 0.028607642 
448 39 9 11 0.028522052 
199 39 9 12 0.028488724 
825 71 8 11 0.028414555 
344 389 9 11 0.028316462 
865 63 8 10 0.028309358 
858 23 8 11 0.02830472 
705 13 7 10 0.02829597 
256 18 11 14 0.028277509 
246 37 8 11 0.028245423 
420 28 10 13 0.028237732 
424 10 12 15 0.028225753 
782 80 8 10 0.028204411 
499 237 9 12 0.028099716 
815 78 9 11 0.028096776 
746 55 7 9 0.02802994 
342 382 9 11 0.028029162 
184 19 9 11 0.02802061 
712 63 7 9 0.027924089 
280 21 9 12 0.027906356 
319 363 9 13 0.027899507 
552 264 9 11 0.027854584 
906 77 8 10 0.02782806 
436 197 11 14 0.02778117 
271 2 14 14 0.027738985 
124 55 10 12 0.027719885 
863 99 9 12 0.027713975 
49 70 9 11 0.027705703 
593 16 8 10 0.027701968 
441 19 11 14 0.02769072 
727 24 7 10 0.02766843 
703 69 7 9 0.027579343 
339 364 10 12 0.027526703 
717 80 8 9 0.027522657 
357 390 12 15 0.02749561 
560 245 10 12 0.027477283 
1005 1 9 9 0.02747521 
663 2 8 9 0.027471539 
120 628 31 33 0.02742638 
332 333 11 14 0.027375054 
536 288 6 7 0.027362794 
948 3 9 12 0.027320577 
490 52 9 12 0.027297689 
611 84 7 10 0.027286122 
614 14 8 10 0.027267369 
97 313 11 15 0.027261274 
853 0 9 8 0.027203036 
141 62 10 12 0.027150327 
456 229 9 13 0.027098188 
327 253 10 13 0.027064675 
245 11 12 15 0.027063377 
656 24 8 10 0.027055832 
574 301 8 10 0.027029058 
745 37 7 10 0.02702838 
808 101 10 12 0.027017528 
504 17 9 11 0.026981425 
592 0 8 8 0.026937367 
21 325 10 13 0.02692928 
770 20 8 11 0.0269178 
287 217 9 11 0.026883548 
494 16 8 10 0.026881738 
422 23 10 12 0.026737424 
25 332 9 11 0.026735738 
118 616 10 12 0.026617374 
647 15 7 9 0.026597276 
639 46 7 9 0.026575217 
229 2 14 14 0.026560806 
110 61 8 10 0.026552688 
533 24 10 11 0.026542535 
260 8 10 11 0.026495079 
277 384 10 13 0.026403895 
518 13 9 12 0.026350362 
405 271 9 12 0.026322696 
6 53 10 11 0.026295846 
559 338 10 13 0.026262976 
553 334 10 12 0.026209174 
371 620 11 12 0.02620428 
270 22 9 12 0.026162095 
425 267 9 12 0.026138602 
23 63 8 10 0.026131144 
536 261 8 10 0.02603302 
519 31 8 10 0.026025344 
689 21 8 10 0.025990833 
528 12 9 11 0.025938794 
559 253 10 11 0.02592816 
593 47 7 10 0.025904555 
214 375 9 11 0.025901612 
221 315 13 17 0.025860121 
106 309 14 18 0.025683377 
343 299 9 12 0.0256528 
444 310 9 12 0.025632288 
693 15 9 10 0.025631474 
599 1 8 8 0.02562454 
678 25 9 10 0.025610512 
720 1 8 8 0.02559029 
542 279 9 10 0.025490776 
17 78 10 13 0.025465988 
334 389 9 11 0.025407406 
808 28 9 11 0.025334561 
370 310 10 13 0.025330922 
677 38 9 11 0.025312675 
243 639 13 14 0.02530234 
475 193 11 14 0.02529533 
359 270 10 12 0.025288085 
418 173 9 12 0.025269752 
297 348 10 12 0.0252207 
115 629 17 18 0.025189977 
568 295 9 11 0.025185026 
242 31 9 11 0.025145667 
359 300 9 12 0.025133349 
703 0 7 8 0.02512329 
63 339 11 13 0.025105663 
656 81 7 9 0.025079643 
289 33 8 10 0.025045542 
679 46 8 10 0.02499685 
624 616 9 11 0.024970142 
398 302 8 11 0.024961902 
833 23 10 12 0.024945842 
39 333 10 12 0.024928555 
287 358 10 13 0.024908684 
330 237 10 14 0.024772592 
321 1 11 15 0.024763146 
253 357 10 14 0.024761776 
657 70 8 9 0.024757177 
600 6 8 9 0.024741586 
583 55 8 8 0.024669876 
429 171 9 12 0.024652041 
809 15 8 10 0.02464843 
600 48 7 10 0.024586603 
16 63 9 11 0.024577202 
845 23 8 11 0.02440414 
229 375 10 13 0.024378275 
775 64 7 10 0.024375146 
813 94 8 10 0.024356145 
351 84 10 12 0.02430537 
872 24 8 11 0.024266573 
878 103 8 10 0.02423831 
641 85 7 10 0.024218172 
367 55 11 13 0.024167659 
41 39 8 10 0.02415376 
623 7 7 8 0.024090342 
528 1 9 9 0.023935523 
445 217 12 15 0.023917757 
665 96 9 10 0.023872709 
945 124 9 12 0.023855684 
561 54 8 10 0.023845814 
219 357 13 17 0.023839442 
1006 34 11 15 0.023822084 
599 53 7 9 0.023773246 
511 36 8 10 0.023686526 
765 124 13 14 0.023580218 
486 32 9 12 0.023512632 
646 81 8 10 0.023474144 
567 39 7 10 0.023452897 
74 61 10 12 0.023376971 
422 107 11 13 0.023370735 
807 23 9 11 0.023360526 
110 315 13 17 0.023354024 
709 46 9 10 0.023351727 
282 340 12 16 0.023342703 
880 40 7 8 0.02332926 
671 78 7 10 0.023327298 
38 349 10 12 0.023244077 
87 37 10 11 0.023238603 
950 119 8 12 0.023209374 
292 362 22 25 0.023199955 
599 37 7 9 0.023145119 
73 49 10 12 0.023144191 
727 87 8 9 0.0230752 
439 27 11 15 0.023071975 
87 606 62 53 0.023001999 
575 23 7 10 0.022959104 
775 49 7 9 0.022891743 
443 93 10 13 0.022852195 
291 222 10 13 0.022836592 
70 640 27 37 0.022738758 
879 86 8 11 0.022714535 
47 358 8 10 0.022706337 
768 119 10 13 0.02270256 
648 70 7 10 0.022700379 
497 1 9 9 0.022695389 
647 62 8 10 0.022688756 
519 39 7 9 0.022674698 
36 341 12 14 0.022665676 
351 390 11 14 0.02261434 
53 48 9 11 0.022491766 
511 1 8 8 0.022486394 
317 409 17 23 0.022443669 
444 199 21 24 0.022432268 
583 293 8 10 0.02243027 
887 94 8 10 0.02242934 
881 93 8 10 0.022428574 
790 64 8 10 0.022416988 
105 90 11 15 0.022415664 
245 32 9 11 0.022383478 
526 271 9 12 0.022369485 
678 6 8 9 0.022338174 
794 85 8 11 0.022281883 
709 31 8 11 0.02224732 
219 337 13 16 0.02224424 
331 325 11 14 0.022226028 
593 279 10 11 0.022190155 
162 328 7 10 0.022172663 
429 17 12 14 0.022171821 
575 269 10 12 0.022096565 
457 293 9 12 0.022085972 
779 85 9 11 0.022070426 
989 36 11 14 0.022057101 
122 45 9 12 0.022046808 
104 61 10 11 0.022041237 
24 384 9 12 0.022030268 
120 64 9 11 0.02201583 
164 55 8 11 0.021998828 
353 251 12 15 0.021986743 
663 37 7 10 0.021976959 
350 107 11 12 0.021944478 
249 63 8 10 0.02193257 
319 647 9 11 0.02190549 
125 39 9 11 0.021898553 
489 47 9 12 0.02183896 
737 30 8 10 0.021834718 
672 73 7 9 0.02180691 
428 270 12 12 0.021805914 
209 239 14 17 0.02179542 
449 260 9 12 0.021740777 
345 309 9 12 0.021733584 
56 359 8 9 0.021695739 
723 258 11 14 0.02168988 
351 301 8 11 0.021679208 
275 399 16 19 0.021676151 
208 36 10 13 0.021663534 
935 1 10 9 0.021600524 
430 236 20 24 0.021578744 
418 231 10 12 0.021555956 
722 30 8 10 0.021517934 
870 63 7 9 0.021507245 
493 67 11 12 0.021447027 
78 67 12 14 0.021428106 
367 247 10 12 0.021387389 
846 29 7 10 0.02135749 
897 93 9 10 0.021356 
791 1 9 8 0.021338554 
487 278 9 12 0.021259407 
727 96 8 9 0.021246957 
838 2 9 10 0.021244511 
886 63 7 10 0.021167457 
183 4 10 12 0.021146098 
272 383 11 12 0.021106748 
0 648 11 21 0.021045009 
245 357 21 27 0.021034075 
430 188 12 15 0.020969674 
418 49 14 17 0.020942416 
768 3 9 9 0.0209345 
448 317 9 11 0.02088569 
801 61 7 10 0.020881478 
425 161 8 11 0.02079607 
556 270 9 11 0.020783529 
799 38 8 11 0.02074804 
849 40 7 9 0.020744666 
376 363 10 14 0.020633496 
720 52 8 11 0.02062293 
432 5 20 24 0.020569157 
461 229 9 11 0.020531518 
786 238 13 15 0.020523252 
824 63 7 10 0.020501185 
475 254 10 13 0.020489942 
355 309 10 13 0.020458346 
429 223 11 13 0.020413557 
746 75 10 11 0.020401 
577 2 9 8 0.020356562 
582 47 8 10 0.020351637 
341 348 11 14 0.020349039 
776 607 12 14 0.020318223 
862 83 18 23 0.020314177 
157 38 9 12 0.020301906 
324 302 12 14 0.020293666 
601 78 8 10 0.020275736 
240 351 11 14 0.020275366 
332 254 12 14 0.020251172 
775 91 9 11 0.020250097 
0 11 7 13 0.020205123 
864 69 9 10 0.020099174 
505 39 8 10 0.020069377 
814 29 8 10 0.020018416 
452 50 10 13 0.020016238 
240 12 10 13 0.020012429 
