58_Hockey_icehockey_puck_58_365
24
800 27 57 75 0.99540365 
478 211 64 72 0.99504906 
155 54 61 73 0.7682725 
230 13 35 41 0.2420984 
96 116 56 65 0.15208527 
460 203 54 70 0.10245453 
133 34 69 76 0.09193459 
182 72 38 47 0.08481384 
750 88 46 61 0.08398392 
629 855 430 515 0.04230038 
947 -1 45 42 0.039541386 
764 97 53 80 0.03814475 
197 817 436 509 0.03779976 
134 27 43 48 0.036532246 
328 112 57 55 0.035154127 
689 108 54 60 0.03364543 
115 144 38 46 0.033158746 
728 29 27 32 0.032778006 
461 167 13 13 0.027659182 
36 916 463 466 0.02593553 
112 48 82 109 0.02438582 
859 1 41 48 0.022911532 
707 97 62 68 0.022255674 
727 842 39 35 0.02130052 
