58_Hockey_icehockey_puck_58_403
50
295 96 55 63 0.9739947 
253 110 55 69 0.6156643 
80 275 62 76 0.54162353 
575 211 64 74 0.54003847 
120 322 213 299 0.33878833 
990 159 30 35 0.33605692 
220 197 343 424 0.29856944 
263 237 32 38 0.2504506 
614 202 92 100 0.21116084 
263 81 63 74 0.18600813 
47 105 209 256 0.15655121 
782 324 27 39 0.110243045 
21 4 341 422 0.0941968 
66 274 388 477 0.090023 
788 416 36 35 0.08952866 
174 254 207 272 0.07520684 
355 288 230 278 0.07054946 
804 420 30 29 0.06663643 
351 337 47 56 0.064311385 
121 156 192 233 0.05967022 
81 226 103 140 0.058699023 
564 146 69 59 0.05112463 
386 203 347 468 0.047332574 
216 253 27 36 0.045068387 
374 349 35 45 0.04467689 
762 321 42 52 0.0444121 
524 292 48 57 0.042746346 
561 161 87 93 0.040800452 
410 98 29 37 0.03924087 
534 411 235 260 0.037818093 
346 325 37 49 0.03603114 
389 363 35 46 0.035209518 
48 257 52 64 0.032913312 
673 474 61 56 0.03142652 
78 289 42 46 0.030937042 
580 406 121 134 0.02976622 
526 403 125 152 0.02653823 
796 342 15 20 0.02633484 
608 199 378 496 0.025773609 
909 271 29 29 0.02575219 
616 493 122 104 0.025151644 
769 345 33 38 0.025066745 
816 420 18 19 0.02440593 
165 340 134 161 0.024121648 
701 468 62 51 0.023916543 
540 216 87 92 0.02330024 
831 159 28 30 0.020968704 
669 461 26 35 0.020832596 
162 138 38 41 0.020627197 
973 487 12 15 0.020435538 
