58_Hockey_icehockey_puck_58_244
32
706 469 31 38 0.99947697 
235 481 34 42 0.99945885 
494 416 26 30 0.9993678 
402 470 28 35 0.9992747 
361 270 29 39 0.9992741 
460 252 27 36 0.99926656 
588 464 24 31 0.99822706 
629 458 29 38 0.99735117 
451 453 27 34 0.99712974 
535 407 23 30 0.9969152 
799 482 33 37 0.9968797 
518 507 28 34 0.9964694 
455 502 28 34 0.99566936 
408 419 28 34 0.99438816 
673 437 26 31 0.9939791 
540 277 27 35 0.99284303 
569 593 12 17 0.4941217 
622 398 16 23 0.13304454 
569 555 12 16 0.09953914 
590 524 12 16 0.08048473 
517 302 15 21 0.076771386 
511 491 14 18 0.07493571 
556 448 18 20 0.048937116 
520 493 25 30 0.03682202 
832 522 26 28 0.029990938 
188 544 45 54 0.02988834 
495 555 13 20 0.027966708 
530 554 14 19 0.024774209 
120 278 11 15 0.024516355 
528 511 27 33 0.021812746 
357 593 17 18 0.0212396 
100 292 10 12 0.020070959 
