58_Hockey_icehockey_puck_58_692
34
444 68 61 73 0.9988288 
566 89 57 69 0.85107154 
592 108 57 61 0.18426605 
418 81 15 22 0.11329537 
250 51 41 62 0.09463749 
563 112 36 47 0.09075839 
138 46 38 48 0.084228545 
147 37 31 36 0.0688569 
413 72 26 39 0.06297619 
333 282 25 28 0.06041561 
389 89 14 19 0.055628046 
700 161 30 38 0.05527282 
321 101 30 33 0.05416762 
324 107 17 20 0.05114716 
394 70 40 56 0.050932497 
388 90 24 36 0.048871562 
707 171 33 36 0.043149546 
791 7 53 58 0.036091737 
394 252 17 23 0.031130781 
155 47 18 21 0.030777697 
107 61 28 35 0.030017048 
693 150 29 35 0.029039342 
582 67 64 85 0.028874557 
380 81 43 57 0.028402032 
613 46 63 82 0.027639274 
105 152 46 63 0.02669487 
318 114 16 20 0.025891913 
318 112 45 52 0.025471587 
386 75 27 36 0.024517432 
401 49 46 64 0.024033682 
123 55 39 50 0.023411898 
645 42 53 76 0.022792418 
376 258 33 39 0.022296859 
615 123 39 41 0.021361241 
