58_Hockey_icehockey_puck_58_880
61
642 275 19 25 0.8826079 
393 312 24 27 0.80097395 
615 316 23 29 0.6935051 
921 277 23 31 0.39935604 
735 302 15 21 0.33316922 
339 327 17 19 0.33036494 
716 315 24 28 0.14960599 
910 402 13 17 0.11417838 
946 280 31 35 0.108960435 
776 93 13 15 0.07136615 
725 304 21 26 0.068893164 
388 319 20 22 0.061963025 
677 322 12 14 0.056151044 
327 326 25 28 0.055111766 
933 275 32 35 0.05406089 
679 309 10 13 0.053258084 
384 323 13 17 0.050112188 
1012 283 12 20 0.048217762 
743 296 21 32 0.047132544 
665 350 9 12 0.046053413 
328 339 12 14 0.044594955 
601 328 28 29 0.040974174 
807 95 11 13 0.03987655 
717 308 15 19 0.039617717 
1006 372 16 21 0.03821834 
668 343 10 13 0.03776332 
753 92 14 17 0.036325544 
497 139 10 11 0.033963535 
604 322 18 21 0.031630717 
388 324 29 30 0.031077465 
971 287 16 22 0.030913161 
331 337 25 26 0.030195396 
648 366 10 12 0.029789612 
663 354 10 13 0.028666994 
961 288 18 22 0.028440012 
918 266 40 51 0.02838405 
639 271 15 20 0.027368886 
674 318 11 15 0.027178736 
673 303 10 13 0.026840203 
901 410 14 18 0.026361275 
602 347 16 16 0.026343413 
416 366 9 11 0.0250952 
683 311 10 13 0.02484818 
332 354 14 16 0.02472772 
438 403 11 13 0.02468352 
327 347 14 17 0.024088087 
327 327 13 16 0.023630057 
664 134 13 16 0.023501923 
620 311 15 19 0.023328727 
551 166 11 13 0.023117082 
342 319 12 16 0.022673981 
723 299 36 46 0.022372305 
718 294 12 16 0.022369772 
903 398 13 18 0.021430772 
801 93 11 14 0.021367602 
596 329 18 19 0.0213046 
683 317 11 14 0.021304008 
940 394 11 14 0.021056615 
595 325 48 45 0.020868808 
830 95 10 13 0.020571545 
657 350 11 12 0.020219687 
