58_Hockey_icehockey_puck_58_94
49
686 164 46 54 0.99678576 
565 147 51 53 0.99397165 
440 116 35 50 0.9931217 
311 94 37 45 0.97891 
759 118 40 52 0.97535783 
124 32 40 48 0.9681502 
817 235 43 47 0.9541333 
979 116 29 36 0.9173714 
58 14 29 47 0.47821155 
602 105 35 51 0.41539696 
855 90 23 33 0.29211316 
291 98 25 34 0.20767452 
582 115 48 61 0.16693825 
595 383 28 35 0.13525562 
500 33 39 48 0.089710854 
190 339 116 152 0.08374471 
685 263 33 36 0.081023216 
335 162 27 47 0.07090014 
1003 116 20 38 0.06647847 
291 99 15 23 0.051836737 
21 86 13 17 0.041167133 
302 292 211 268 0.039084755 
978 107 18 20 0.038194984 
503 154 15 17 0.03643045 
518 38 28 35 0.033595502 
1007 106 15 19 0.031443745 
1012 130 14 25 0.03023761 
532 225 53 68 0.029693032 
523 176 57 61 0.02904208 
391 165 31 35 0.029005533 
993 114 17 22 0.028244352 
1 50 15 18 0.027318474 
678 285 42 54 0.0271244 
143 31 29 42 0.027101377 
642 186 25 30 0.026666947 
238 384 65 97 0.024094602 
886 343 43 57 0.02310097 
941 105 14 20 0.022213789 
695 300 34 40 0.021732595 
604 373 32 41 0.021459809 
17 124 17 20 0.021348026 
1011 112 14 26 0.021102447 
107 41 26 32 0.021072563 
617 387 17 22 0.02085993 
65 10 18 24 0.020630207 
422 240 207 277 0.020295968 
502 146 22 29 0.020198606 
305 156 40 53 0.020164208 
56 537 51 64 0.020106565 
