58_Hockey_icehockey_puck_58_493
142
653 54 33 41 0.9985511 
250 47 34 42 0.9983089 
110 14 30 41 0.9976845 
906 125 33 43 0.99672854 
600 -1 34 36 0.9966239 
111 130 37 47 0.9958845 
471 82 74 98 0.99434173 
227 0 30 31 0.9939767 
721 0 29 31 0.9928011 
608 138 37 48 0.9899266 
775 141 36 43 0.98764145 
1 0 37 36 0.9858921 
808 -2 30 35 0.9843834 
440 54 27 39 0.9809425 
237 107 40 50 0.96242666 
346 0 35 27 0.9550815 
483 -1 40 39 0.90850264 
750 61 27 35 0.8034396 
158 129 31 41 0.7768445 
318 179 61 65 0.76453334 
936 21 26 31 0.69472003 
308 0 18 22 0.57891816 
877 25 16 18 0.5173524 
-1 120 17 36 0.23450615 
373 86 24 29 0.19292279 
702 -2 25 27 0.1621038 
309 78 26 28 0.16106603 
829 90 17 21 0.14014369 
156 146 36 42 0.12507638 
725 80 17 23 0.11633383 
753 74 28 34 0.11305903 
308 12 21 28 0.11105734 
143 193 31 40 0.10992724 
284 53 21 28 0.10330934 
443 332 88 123 0.09684538 
827 102 22 28 0.087508865 
843 69 26 30 0.0839762 
992 198 24 33 0.0798891 
587 32 24 30 0.07426557 
433 104 19 26 0.06974143 
379 74 24 30 0.06937267 
412 122 26 33 0.05997854 
755 48 27 32 0.059902094 
850 63 31 30 0.058102705 
389 71 15 19 0.057418264 
301 4 18 23 0.050773002 
795 70 18 23 0.050005913 
770 73 18 22 0.04952685 
780 120 26 28 0.049147464 
231 179 53 61 0.045155577 
385 96 16 20 0.045148324 
161 208 42 49 0.044442363 
419 114 27 34 0.044080023 
871 70 24 27 0.0435359 
733 91 21 29 0.0427399 
825 1 25 32 0.04174276 
492 313 16 18 0.040746428 
784 74 23 28 0.040719792 
188 225 16 21 0.04046291 
341 87 26 29 0.040354986 
851 54 19 22 0.040294252 
537 -1 28 27 0.04019427 
873 10 25 29 0.0399012 
735 105 21 30 0.039881423 
907 103 24 28 0.03803135 
332 10 15 18 0.037258018 
836 79 26 29 0.03703825 
125 201 44 52 0.03552225 
752 60 16 21 0.035118908 
493 8 44 42 0.035019573 
882 75 17 21 0.03464758 
757 1 17 19 0.034159005 
558 111 42 55 0.03305397 
278 119 14 22 0.03291259 
860 107 18 20 0.03283911 
305 107 24 30 0.032686684 
317 1 24 25 0.032684688 
790 171 45 52 0.031854127 
61 203 33 44 0.031367894 
333 0 28 27 0.03133783 
35 207 38 54 0.031198105 
154 201 33 40 0.03098069 
778 78 16 22 0.030655755 
183 222 27 33 0.030381609 
414 193 52 70 0.030202582 
416 121 43 56 0.03017291 
29 137 23 28 0.029848345 
830 190 32 41 0.029528549 
394 6 23 28 0.028517183 
146 59 26 33 0.028038517 
320 12 23 28 0.02799549 
745 118 27 33 0.027906807 
327 194 75 79 0.027390672 
865 228 37 35 0.027102174 
571 96 385 472 0.027092868 
786 198 47 52 0.026744412 
53 177 25 29 0.0267013 
913 111 28 37 0.026089245 
1004 33 17 21 0.025987927 
229 506 33 39 0.02587014 
212 161 43 53 0.025735056 
323 156 60 61 0.025402011 
793 121 18 20 0.025351357 
313 71 18 21 0.025041943 
380 76 39 47 0.02480644 
827 29 17 22 0.024464969 
329 91 45 49 0.024440832 
314 85 27 33 0.02419646 
336 112 19 23 0.024104312 
839 6 18 24 0.024093715 
90 219 47 54 0.023834007 
862 81 30 32 0.023788325 
365 0 21 20 0.023705408 
551 110 29 36 0.02344636 
523 348 14 18 0.023393206 
74 201 46 53 0.023375697 
43 10 29 33 0.02303973 
735 72 25 33 0.023034379 
256 112 30 39 0.023015905 
896 61 26 29 0.022919726 
660 111 27 33 0.022919277 
1010 137 14 26 0.022808915 
946 131 21 28 0.022519715 
286 156 32 41 0.021892587 
25 2 32 35 0.021790404 
882 19 24 30 0.021389244 
28 181 25 31 0.021274466 
321 88 15 20 0.021115925 
12 163 21 29 0.020987464 
853 210 45 46 0.020930367 
567 107 27 34 0.020815378 
167 119 27 37 0.020687796 
878 167 27 32 0.020626247 
481 310 29 31 0.020592676 
750 38 24 28 0.020459045 
743 86 25 32 0.020452267 
865 65 21 23 0.02043307 
396 107 47 57 0.020275583 
879 136 21 28 0.020212393 
590 128 42 53 0.02018406 
0 168 12 21 0.020110438 
49 218 99 126 0.020096017 
