58_Hockey_icehockey_puck_58_221
83
1 695 53 70 0.9981343 
253 332 42 62 0.9962535 
95 359 56 72 0.995824 
657 462 49 58 0.99292785 
208 468 51 75 0.991899 
8 458 45 57 0.9880213 
111 455 53 68 0.9879147 
740 158 33 51 0.97964567 
453 522 72 90 0.97890365 
579 33 43 53 0.9575162 
0 74 33 47 0.9503801 
79 581 53 64 0.9413133 
0 192 31 59 0.90996194 
547 486 35 48 0.84220916 
51 192 49 60 0.82552004 
825 144 37 50 0.79811156 
203 202 38 48 0.79204243 
894 476 41 54 0.72733754 
122 79 39 69 0.6458053 
364 288 40 50 0.6393915 
51 71 39 48 0.52763736 
311 242 46 54 0.36791232 
830 475 31 43 0.34812036 
112 341 49 70 0.27003482 
17 67 37 54 0.2660434 
128 332 32 49 0.177883 
608 642 20 21 0.16874902 
376 274 50 75 0.13317923 
488 461 36 49 0.13137487 
738 661 45 52 0.12858897 
118 413 47 63 0.1282719 
345 273 46 65 0.10406899 
470 244 62 67 0.09425947 
36 67 36 53 0.072192535 
617 -5 46 47 0.07121951 
686 209 37 50 0.06836542 
196 714 15 19 0.06758394 
114 54 66 111 0.06461783 
477 299 52 59 0.06293239 
497 934 46 59 0.06280345 
344 296 25 35 0.049698155 
269 113 56 72 0.044317126 
437 536 26 35 0.042645816 
508 467 26 34 0.040098935 
670 652 30 37 0.039792232 
574 70 49 64 0.03852715 
829 244 54 65 0.037266817 
156 154 45 62 0.035122357 
142 332 35 49 0.033313617 
967 1153 23 32 0.033026535 
516 471 15 20 0.032082714 
147 750 24 30 0.031835243 
603 644 30 32 0.031389926 
302 269 47 60 0.030416518 
396 274 56 74 0.029394187 
64 585 44 47 0.028401209 
298 280 15 19 0.027887342 
170 179 49 67 0.02675835 
276 253 50 55 0.02550603 
288 274 28 32 0.024901967 
593 388 46 57 0.024845496 
466 472 52 70 0.02427869 
903 466 57 76 0.024205448 
883 113 39 49 0.02392943 
854 313 43 54 0.02378392 
258 291 47 58 0.023673596 
129 480 55 70 0.0236396 
472 467 39 40 0.023223747 
844 149 31 41 0.023175957 
235 447 48 74 0.022769902 
744 479 32 40 0.022676898 
511 936 27 36 0.022434073 
1 20 11 17 0.022284348 
276 285 47 56 0.021976216 
443 551 14 19 0.021743702 
522 469 49 66 0.0216667 
519 252 40 43 0.021266548 
143 503 54 64 0.021116605 
149 729 16 20 0.020916164 
237 394 35 44 0.020875297 
58 374 42 60 0.020425785 
428 262 99 111 0.02035879 
299 267 31 39 0.020216629 
