58_Hockey_icehockey_puck_58_285
62
567 172 36 45 0.9942425 
287 146 36 39 0.9891801 
434 129 27 30 0.97716206 
568 95 19 23 0.9556374 
39 129 22 25 0.90631825 
964 262 48 52 0.8308705 
787 81 13 16 0.7329679 
607 169 23 30 0.32406896 
941 258 47 59 0.26618782 
315 117 18 23 0.26007304 
881 270 65 81 0.22911035 
69 176 40 37 0.16950713 
45 138 22 27 0.1485457 
315 109 15 19 0.11400737 
28 105 18 22 0.08531644 
856 64 8 11 0.06221103 
789 87 13 17 0.061346818 
29 113 24 29 0.06046145 
848 266 64 69 0.051386144 
789 118 11 14 0.041471202 
829 99 10 12 0.041356277 
888 70 10 12 0.040642973 
169 79 8 11 0.04051187 
847 280 36 41 0.04031624 
812 83 10 14 0.039656863 
794 82 13 17 0.03939666 
905 264 76 87 0.037165556 
893 68 10 12 0.036871284 
585 179 32 39 0.03510282 
841 77 10 13 0.033821646 
550 175 31 37 0.03299449 
797 116 12 16 0.03283895 
830 78 9 12 0.032632332 
555 152 43 56 0.032370288 
766 87 9 12 0.03137404 
197 223 383 497 0.030928103 
797 91 11 14 0.029955307 
541 178 25 30 0.02912446 
34 102 12 15 0.028802048 
558 86 10 15 0.028555023 
49 145 25 30 0.028507061 
593 189 32 38 0.028499806 
572 88 15 19 0.027619474 
134 -17 425 463 0.027123028 
319 94 11 13 0.026337741 
804 76 13 18 0.025984818 
419 129 19 25 0.024339803 
839 84 9 11 0.024054635 
805 101 11 14 0.024020867 
23 211 11 14 0.023868434 
964 80 13 17 0.023747144 
544 180 13 17 0.023717433 
30 96 10 13 0.02326652 
79 157 32 33 0.022894459 
846 71 9 12 0.022812422 
31 180 11 16 0.022139536 
901 330 38 43 0.021727901 
520 84 10 12 0.021568343 
421 132 31 35 0.020779219 
387 195 354 472 0.02075853 
314 124 27 36 0.02075598 
430 141 31 36 0.020684151 
