58_Hockey_icehockey_puck_58_182
23
376 171 52 63 0.99641055 
819 124 32 35 0.9523091 
622 93 28 32 0.92632484 
612 164 46 52 0.7591179 
873 191 41 54 0.1608361 
820 211 27 36 0.065400206 
857 211 52 68 0.051904473 
641 141 42 58 0.046675667 
668 140 38 55 0.045206748 
412 295 12 13 0.03720701 
617 206 32 35 0.03555852 
885 177 37 53 0.033331722 
678 235 36 44 0.02925243 
468 40 50 73 0.029125316 
613 223 31 39 0.027785491 
508 270 42 38 0.027254535 
837 164 38 51 0.026615096 
837 230 88 124 0.025233267 
678 63 43 62 0.023983061 
856 196 35 45 0.022651764 
632 158 33 46 0.022449227 
641 96 18 24 0.022318467 
871 271 59 83 0.020352578 
