58_Hockey_icehockey_puck_58_785
79
481 340 32 38 0.99928015 
376 341 34 46 0.9992143 
447 354 34 42 0.99908555 
525 340 30 35 0.9990263 
130 328 37 44 0.9989624 
657 303 29 38 0.9986613 
793 307 33 41 0.99820054 
422 293 34 42 0.9981737 
625 360 31 40 0.99777275 
244 360 34 41 0.9973827 
729 336 33 42 0.9969236 
283 363 36 42 0.996626 
684 336 33 39 0.99623626 
328 332 35 44 0.9949473 
280 308 35 40 0.9926766 
917 309 35 46 0.9911097 
609 326 24 32 0.9669659 
310 548 15 20 0.3861052 
710 464 32 35 0.3725531 
834 450 18 20 0.32425413 
757 475 16 20 0.29699743 
541 583 12 13 0.28329632 
802 432 18 22 0.19404276 
284 506 23 30 0.16470453 
684 459 29 35 0.13965023 
3 479 30 36 0.11834962 
567 528 12 16 0.108695865 
613 312 22 30 0.10397911 
38 461 35 50 0.089940034 
872 471 10 12 0.08982773 
139 710 15 20 0.08488051 
25 484 13 18 0.082153484 
616 307 16 20 0.0809277 
615 333 28 32 0.075365186 
19 488 15 18 0.05387448 
485 535 12 16 0.053488858 
367 556 23 31 0.053186346 
227 501 15 20 0.041036278 
793 334 30 41 0.038585063 
691 461 17 23 0.03769517 
276 553 14 15 0.037598055 
565 311 11 14 0.035265323 
135 660 9 14 0.034502536 
556 454 15 16 0.033633564 
984 511 16 21 0.033168085 
418 367 22 30 0.032796152 
799 441 14 18 0.03236765 
1012 435 10 17 0.032294065 
455 333 14 17 0.03213907 
283 292 31 38 0.031731565 
478 532 13 16 0.030942325 
861 493 11 14 0.02939108 
553 573 9 11 0.029234352 
545 296 9 11 0.02855776 
571 496 14 19 0.027784595 
538 586 11 14 0.026640879 
757 465 26 32 0.026190767 
725 325 29 36 0.026185041 
905 586 38 61 0.025476446 
260 361 39 44 0.02526782 
661 386 22 25 0.024618458 
885 457 12 14 0.02455235 
773 319 27 35 0.024549954 
528 290 10 12 0.02427482 
552 569 8 10 0.024059217 
570 295 8 10 0.023993911 
461 308 14 18 0.023605328 
331 321 17 21 0.023591485 
600 329 14 20 0.023460085 
245 337 38 47 0.023282506 
836 433 15 18 0.02223375 
410 301 30 37 0.021691319 
437 542 9 12 0.02095836 
662 366 12 17 0.020679029 
561 311 9 13 0.020674407 
237 506 11 16 0.020401204 
547 580 12 16 0.020304276 
862 464 11 13 0.020198213 
247 619 12 16 0.020102482 
