58_Hockey_icehockey_puck_58_940
29
825 267 27 28 0.9880756 
416 320 45 35 0.9444507 
695 292 31 35 0.93839985 
421 347 65 91 0.45177606 
288 206 10 12 0.29630467 
253 221 11 14 0.18027505 
481 334 92 125 0.096536815 
573 359 15 18 0.0930428 
778 373 11 14 0.09091054 
562 316 14 18 0.084259935 
568 353 15 20 0.055963904 
445 339 90 108 0.05266643 
312 199 11 13 0.0517174 
416 329 58 64 0.04949061 
672 377 17 25 0.043090288 
563 321 17 22 0.04106801 
738 319 13 19 0.03074545 
292 201 11 12 0.027102375 
817 250 30 40 0.02577442 
967 240 10 13 0.023985779 
879 389 11 14 0.022974687 
315 204 11 14 0.022892907 
269 207 9 11 0.022752877 
447 333 59 73 0.022566676 
488 341 30 31 0.022484189 
672 365 28 43 0.020507531 
728 317 20 27 0.020346886 
329 206 9 11 0.020109648 
720 327 25 30 0.020009272 
