58_Hockey_icehockey_puck_58_248
62
494 187 39 42 0.9778907 
566 68 22 27 0.91485655 
85 44 18 19 0.6151545 
407 239 35 43 0.5456281 
384 240 45 51 0.5381437 
81 129 9 12 0.27137414 
337 523 55 68 0.2660049 
365 241 39 51 0.16840464 
449 220 14 18 0.15979962 
554 194 17 23 0.15883413 
244 491 56 50 0.15817367 
409 463 26 29 0.15570769 
497 146 17 19 0.14815387 
366 472 36 39 0.1470336 
487 282 15 20 0.12438688 
534 135 34 39 0.12345793 
225 34 12 15 0.10547796 
366 31 13 17 0.08411736 
431 214 26 35 0.05739714 
565 119 12 17 0.05644606 
350 517 100 86 0.055222314 
251 485 41 34 0.05510736 
566 37 12 16 0.04736313 
495 140 29 32 0.0465659 
327 53 12 14 0.044976797 
575 0 359 415 0.04427407 
541 186 27 35 0.041796647 
417 248 22 26 0.038820397 
316 27 16 20 0.03815873 
399 254 36 48 0.037451506 
422 223 32 41 0.03684834 
417 428 28 34 0.036288884 
495 142 15 17 0.034297854 
499 323 25 30 0.033940732 
487 274 25 33 0.032871332 
573 103 11 15 0.030664843 
559 120 13 18 0.030511234 
407 537 39 32 0.030236501 
408 415 27 34 0.0300775 
308 27 17 19 0.028681124 
412 433 17 20 0.027508078 
11 108 10 13 0.026815359 
532 111 42 51 0.02571203 
677 36 23 33 0.024284372 
548 102 26 33 0.024160933 
690 18 13 17 0.023918074 
221 31 20 25 0.02376301 
508 197 47 53 0.023472313 
711 22 47 62 0.02332436 
577 79 15 19 0.023068782 
549 100 13 15 0.022661915 
566 107 14 20 0.022134377 
407 405 22 30 0.021905197 
387 224 40 44 0.021801958 
529 209 48 59 0.021782441 
596 131 13 14 0.021468112 
594 447 31 31 0.020975756 
344 494 64 70 0.020901259 
670 33 41 56 0.020897737 
226 474 92 84 0.020691508 
84 52 16 21 0.020627549 
555 132 13 16 0.020110376 
