58_Hockey_icehockey_puck_58_926
127
568 105 58 69 0.9994473 
350 16 56 67 0.9988575 
879 51 51 67 0.9982461 
217 218 60 70 0.99783653 
935 273 56 73 0.99569535 
397 323 56 67 0.9950565 
471 188 56 73 0.8880317 
603 380 67 74 0.8620192 
459 417 66 82 0.74447966 
464 204 36 56 0.31486925 
578 352 107 118 0.3090081 
889 363 87 110 0.29261807 
611 260 48 55 0.28121936 
396 228 50 62 0.27645522 
963 137 40 57 0.24863023 
88 261 49 67 0.20180054 
814 390 44 67 0.17977776 
551 285 180 226 0.17719783 
690 495 50 62 0.17491871 
756 234 14 19 0.13993967 
646 474 40 55 0.13968912 
100 618 57 52 0.12902057 
774 484 25 30 0.12598643 
161 309 58 65 0.11682422 
275 95 142 126 0.113651484 
351 311 46 62 0.10918731 
806 233 54 59 0.10110661 
702 611 45 63 0.09766849 
680 374 47 57 0.09431642 
660 480 53 56 0.09162533 
376 313 54 70 0.0887323 
761 477 42 49 0.0877893 
725 428 33 41 0.08481565 
527 465 47 61 0.083199084 
501 383 35 43 0.072545104 
547 256 34 42 0.07149797 
877 350 62 77 0.06625014 
435 414 65 73 0.0647899 
537 230 55 64 0.06412355 
481 384 51 63 0.062205788 
592 257 85 90 0.059946347 
505 447 50 69 0.059155796 
24 242 55 64 0.056402218 
502 193 89 102 0.055915225 
143 300 54 60 0.053153623 
664 230 43 60 0.05265724 
603 284 105 112 0.050479684 
49 235 47 59 0.04916961 
61 263 85 96 0.04486018 
125 255 53 63 0.041783966 
958 131 32 44 0.041714065 
566 233 52 58 0.04147283 
702 358 48 61 0.040378317 
530 246 96 110 0.03933607 
254 92 39 33 0.038506523 
593 245 51 58 0.03774037 
630 259 37 41 0.037691426 
771 500 47 54 0.037617903 
343 388 42 52 0.036965076 
140 267 57 68 0.03643769 
640 378 57 68 0.035897143 
403 256 60 73 0.03583945 
762 605 28 34 0.035385415 
830 299 200 262 0.03426571 
699 371 29 38 0.03347589 
650 253 33 43 0.03344747 
702 489 30 38 0.03284675 
98 245 52 61 0.0324274 
716 341 57 68 0.032152086 
822 189 85 94 0.032137226 
73 438 18 22 0.032116834 
662 330 53 65 0.03175633 
104 285 59 68 0.030957589 
447 309 43 60 0.030953137 
850 161 59 62 0.030921152 
336 255 48 58 0.030465318 
170 309 95 94 0.029973818 
704 504 51 71 0.029916776 
851 280 30 37 0.029894866 
566 640 25 29 0.029230556 
64 249 49 61 0.029119795 
204 51 228 218 0.028773153 
982 144 34 55 0.028717889 
788 315 46 61 0.0277611 
533 232 36 42 0.027686706 
409 294 57 74 0.027647566 
748 314 47 60 0.027544325 
830 374 86 108 0.027405143 
498 198 44 54 0.027249884 
348 274 56 72 0.027242085 
638 262 59 66 0.027182672 
871 380 65 82 0.026938483 
857 187 58 63 0.026528511 
696 380 50 67 0.02633818 
625 321 65 69 0.026139524 
475 407 42 53 0.026021525 
864 338 54 67 0.025779502 
189 249 32 37 0.025620952 
10 233 87 101 0.025129287 
652 355 88 107 0.024659052 
811 194 55 66 0.024547122 
538 313 115 139 0.024277477 
651 302 58 67 0.024099154 
871 324 39 46 0.024086652 
809 330 57 71 0.023843883 
845 290 43 54 0.023746677 
860 273 40 55 0.023423566 
343 410 36 47 0.023075894 
814 193 28 41 0.022936873 
807 314 35 43 0.022875011 
684 228 38 50 0.022605842 
8 316 121 166 0.022501536 
357 405 36 45 0.022493143 
576 258 62 72 0.02227673 
907 268 47 62 0.021923723 
822 361 57 80 0.02183371 
686 478 41 44 0.021630585 
728 495 50 64 0.021618167 
880 269 43 59 0.021199178 
-29 292 324 387 0.021009268 
840 167 36 40 0.020945316 
737 462 85 99 0.02073582 
661 273 35 41 0.0205012 
818 416 59 80 0.020480935 
891 318 54 64 0.020351766 
375 239 59 67 0.020090029 
706 381 18 23 0.020028211 
