58_Hockey_icehockey_puck_58_592
35
182 330 16 22 0.9656754 
966 396 29 31 0.95774764 
542 350 25 28 0.9164295 
716 332 12 15 0.7646948 
692 356 15 17 0.49663255 
864 345 12 16 0.26027676 
179 372 14 17 0.071649075 
669 371 16 18 0.054472275 
177 314 12 15 0.049585447 
649 376 10 12 0.046260346 
853 347 13 16 0.043869987 
685 373 14 16 0.041020624 
677 390 12 13 0.03901473 
813 392 12 17 0.03814236 
457 488 11 13 0.037603375 
851 353 14 17 0.03490127 
702 390 9 12 0.034092855 
1001 298 16 18 0.031495515 
531 413 41 57 0.028107373 
877 346 12 17 0.027817395 
427 213 388 439 0.02738938 
981 317 12 18 0.027308663 
535 399 8 10 0.02712392 
691 371 13 16 0.026316678 
661 374 27 28 0.024974506 
697 388 10 13 0.024664711 
567 493 11 14 0.023457745 
471 383 8 11 0.023423756 
711 336 14 16 0.022304581 
692 379 11 13 0.022084098 
863 347 21 25 0.022012422 
968 484 13 15 0.02196082 
828 348 14 16 0.021682706 
633 384 9 11 0.021032447 
710 408 8 11 0.02050234 
