58_Hockey_icehockey_puck_58_835
75
310 412 35 44 0.9979882 
164 398 36 47 0.99796826 
677 250 30 38 0.9978042 
149 246 31 37 0.9976174 
444 239 32 38 0.9974854 
357 177 29 37 0.9974361 
515 243 30 36 0.9969092 
770 257 30 40 0.9967513 
246 245 32 40 0.9967085 
355 239 34 41 0.9966761 
439 410 37 50 0.9965586 
852 407 37 47 0.9965327 
216 181 29 39 0.9964296 
876 306 32 39 0.996296 
561 404 37 46 0.9953744 
702 404 36 43 0.99530894 
450 179 27 33 0.9944787 
600 247 30 36 0.9943467 
553 184 28 34 0.99412066 
290 174 29 37 0.99384224 
52 308 38 49 0.9927735 
626 197 25 32 0.9856742 
693 202 26 32 0.9847185 
762 213 26 34 0.98436105 
573 270 11 15 0.22145462 
549 257 16 22 0.20167701 
663 180 13 18 0.17415325 
597 324 12 16 0.14103146 
406 446 14 17 0.105833635 
652 359 30 32 0.08502601 
621 326 12 16 0.080714546 
362 550 18 20 0.056643352 
799 347 12 17 0.048225693 
767 331 23 30 0.04239833 
968 224 7 8 0.041928705 
661 228 14 18 0.03741839 
532 247 23 31 0.03696088 
668 228 15 19 0.034920614 
276 193 13 20 0.033107966 
489 512 32 42 0.03173845 
657 228 12 16 0.031077027 
421 444 12 16 0.03097298 
627 431 23 30 0.03062837 
256 540 26 33 0.030385386 
616 428 24 33 0.030382216 
569 264 19 25 0.030277977 
558 256 22 27 0.02967562 
957 214 8 9 0.02812679 
392 360 28 32 0.027495926 
77 482 16 20 0.02722113 
676 328 12 17 0.027095776 
350 504 12 17 0.026644442 
575 329 11 14 0.026475072 
816 206 8 10 0.026353713 
647 443 13 16 0.025219252 
688 319 28 36 0.024824472 
701 191 26 30 0.02425439 
641 538 24 32 0.023966094 
205 493 11 15 0.023882946 
714 209 15 21 0.02375194 
905 553 30 32 0.02357723 
795 341 20 27 0.023416303 
831 207 7 9 0.023132779 
690 408 29 37 0.023099242 
841 206 7 10 0.022469044 
1000 213 7 9 0.022460906 
277 184 22 31 0.022267107 
269 194 14 19 0.02211217 
415 438 20 27 0.021711132 
301 422 28 36 0.021590853 
563 361 30 33 0.02141473 
704 206 24 32 0.021198992 
828 416 22 34 0.021145785 
525 222 11 16 0.02105399 
580 178 12 17 0.02094761 
