58_Hockey_icehockey_puck_58_17
124
69 78 66 82 0.9961351 
447 493 25 31 0.95221096 
37 325 71 98 0.9468983 
165 499 42 46 0.73400337 
851 71 44 55 0.47922286 
596 197 39 45 0.41110313 
218 331 40 44 0.35791078 
375 236 23 27 0.2145321 
273 448 29 32 0.18225227 
434 493 24 30 0.17369261 
420 495 22 28 0.12742223 
387 493 15 18 0.116604574 
89 173 57 76 0.11197906 
397 343 24 28 0.106903724 
325 486 12 14 0.10621683 
411 478 16 20 0.09848951 
64 342 78 100 0.08579963 
405 476 15 18 0.0851392 
61 178 64 77 0.07922768 
119 368 57 83 0.0726604 
444 561 12 15 0.069354266 
696 205 50 60 0.062178683 
494 450 53 62 0.059669763 
930 166 17 21 0.05733607 
520 428 47 56 0.05630576 
571 221 52 65 0.05429608 
106 158 62 80 0.053894754 
367 475 14 17 0.053657193 
278 411 29 34 0.05279723 
138 348 46 63 0.05062596 
382 411 43 52 0.049265 
366 468 24 29 0.048825093 
863 348 35 42 0.047966994 
342 439 28 36 0.04606462 
394 490 14 17 0.044932667 
396 483 16 19 0.0425147 
201 374 16 21 0.040131245 
378 228 18 22 0.038550828 
862 261 33 38 0.037484992 
207 476 34 38 0.037291992 
381 532 10 13 0.036821228 
250 439 31 39 0.036426693 
565 190 186 246 0.03579368 
289 414 16 19 0.03560303 
348 457 23 28 0.035144787 
425 485 43 47 0.033623423 
705 232 37 39 0.033245657 
419 477 26 30 0.033236153 
400 476 13 15 0.03302279 
382 495 14 18 0.032743856 
706 197 34 43 0.031945996 
319 480 20 25 0.031588376 
313 434 26 30 0.03145071 
157 348 43 55 0.031249223 
335 504 12 16 0.030975154 
293 346 48 57 0.03067879 
509 455 17 19 0.030591503 
915 329 42 52 0.030369552 
115 337 50 68 0.030182607 
258 438 47 52 0.029973568 
372 481 23 28 0.029921671 
265 350 29 39 0.029718842 
882 223 25 31 0.029397229 
277 462 17 20 0.029396957 
354 459 13 18 0.029381806 
418 476 16 18 0.029379738 
294 484 12 16 0.028280681 
333 493 12 15 0.02805831 
413 471 13 16 0.027948111 
404 488 12 16 0.027866516 
266 418 25 28 0.027564824 
318 442 15 17 0.027564663 
432 333 47 56 0.027485467 
200 334 42 51 0.027436398 
353 415 43 50 0.027294798 
416 429 11 13 0.027093163 
324 478 14 16 0.026820045 
426 508 17 21 0.026701922 
499 461 32 39 0.026609035 
278 437 33 36 0.026066182 
866 60 43 49 0.02602318 
10 443 50 61 0.025832755 
272 426 33 35 0.02534292 
298 445 14 16 0.025121056 
358 453 26 30 0.024837026 
302 485 12 16 0.024504846 
266 463 30 35 0.024233775 
2 314 49 62 0.024114309 
343 350 25 30 0.023789816 
691 233 59 65 0.023657668 
911 267 16 21 0.023503799 
932 362 48 64 0.023367168 
285 334 93 104 0.023193363 
438 553 22 28 0.022786757 
1 329 25 41 0.022770777 
344 359 47 52 0.02264454 
379 390 29 32 0.022595387 
501 443 14 15 0.02253309 
406 430 11 13 0.022344334 
305 477 20 28 0.022219243 
461 467 16 17 0.022213709 
354 353 14 17 0.022105534 
339 500 13 15 0.02202526 
545 541 12 14 0.021974972 
327 486 21 27 0.021828052 
231 333 57 63 0.021504274 
307 483 12 16 0.021456983 
350 515 16 18 0.021236086 
29 240 59 72 0.021181347 
708 219 55 64 0.02116095 
326 518 10 12 0.020968324 
174 339 41 49 0.020780044 
402 462 42 49 0.020763604 
359 477 12 15 0.020727951 
389 442 24 28 0.020682532 
503 449 28 29 0.020563217 
435 482 14 18 0.0205234 
367 224 26 32 0.020521108 
417 336 35 40 0.020475179 
366 460 13 17 0.020416584 
332 494 21 26 0.02023756 
371 355 25 30 0.020092962 
862 200 25 32 0.02009106 
379 504 15 18 0.020014828 
