12_Group_Team_Organized_Group_12_Group_Team_Organized_Group_12_442
76
759 182 23 29 0.99478394 
455 211 20 28 0.99177855 
810 165 23 35 0.9908442 
522 182 23 32 0.9894566 
238 194 28 39 0.9565058 
201 186 17 26 0.92844415 
26 218 24 34 0.9159209 
968 218 28 30 0.9046297 
665 203 31 36 0.90314204 
605 135 26 34 0.77546734 
380 209 16 27 0.6860539 
127 197 21 30 0.44375655 
549 164 13 17 0.3133312 
679 205 26 31 0.2556509 
1012 244 11 20 0.22990935 
127 192 14 23 0.2259455 
880 266 18 23 0.14587499 
777 149 22 28 0.12952025 
161 186 27 33 0.123584546 
999 176 14 19 0.087824926 
984 215 18 25 0.08035999 
169 176 39 45 0.07536949 
980 284 16 24 0.074262835 
258 170 14 20 0.07297419 
629 165 16 22 0.07077817 
863 233 21 31 0.06366364 
869 212 12 15 0.06339236 
780 125 25 28 0.055267602 
873 280 17 22 0.05374607 
1011 177 13 20 0.05373666 
1012 284 10 16 0.053720552 
311 219 11 15 0.052208908 
31 191 10 14 0.052014332 
166 247 11 17 0.05178427 
547 172 17 26 0.047499306 
148 191 17 23 0.04436731 
806 259 30 43 0.044342235 
810 159 16 22 0.04374725 
1012 235 11 19 0.04230603 
993 216 17 24 0.040362485 
151 192 28 31 0.03931342 
27 159 19 23 0.038756054 
137 195 17 21 0.03825015 
534 177 20 29 0.036803856 
559 196 13 17 0.036759015 
553 167 15 22 0.036637492 
876 258 17 23 0.03567814 
516 128 14 16 0.034176864 
154 186 19 25 0.031642437 
870 269 24 28 0.029661035 
774 130 16 18 0.028132346 
252 172 21 31 0.027958533 
774 134 26 32 0.027542299 
393 209 16 22 0.027447695 
853 175 14 21 0.027281925 
404 208 15 21 0.026863925 
977 362 26 35 0.026505962 
869 286 16 21 0.025828227 
1000 272 20 29 0.02463299 
773 148 16 22 0.024613533 
555 183 14 20 0.024071235 
310 224 14 19 0.023627974 
867 246 26 33 0.023362998 
32 209 19 30 0.02297273 
191 191 15 21 0.02277526 
812 168 36 46 0.022623431 
473 217 14 19 0.022298722 
517 172 14 18 0.022137169 
411 202 13 20 0.021953715 
993 275 16 20 0.021937782 
27 203 17 26 0.021937376 
385 206 17 23 0.02146635 
783 138 30 34 0.021086987 
1001 174 21 30 0.020738814 
881 280 17 23 0.020484565 
556 196 23 28 0.020043341 
