12_Group_Large_Group_12_Group_Large_Group_12_1007
57
7 160 28 33 0.9991634 
447 199 34 42 0.99852777 
370 232 36 49 0.994958 
111 142 27 34 0.99471587 
260 152 31 35 0.9941713 
345 167 30 37 0.98921835 
531 198 40 47 0.9886035 
635 212 40 47 0.98856086 
976 198 23 26 0.9698775 
226 201 38 50 0.9404696 
678 239 41 56 0.64613235 
159 156 14 18 0.28585646 
644 329 29 33 0.19566894 
604 219 21 28 0.12526083 
386 177 28 30 0.1030824 
696 250 36 49 0.08411291 
772 242 15 22 0.064917944 
419 172 10 14 0.059138708 
659 225 42 54 0.056878492 
774 194 11 15 0.0537655 
991 342 31 36 0.052682634 
965 352 13 16 0.048020564 
109 174 25 28 0.046910025 
756 180 14 18 0.04594374 
594 223 17 22 0.038413897 
499 228 16 19 0.038053803 
945 218 14 17 0.035884526 
103 187 34 34 0.032254156 
292 204 40 47 0.031211268 
376 183 33 39 0.029746741 
646 128 396 449 0.029169654 
749 94 10 11 0.028094234 
413 167 11 14 0.026703792 
867 213 42 58 0.025999377 
525 160 9 12 0.02565963 
709 598 109 101 0.02552415 
114 185 16 19 0.024848655 
505 228 21 26 0.024502508 
600 211 14 16 0.024378542 
752 101 9 11 0.024041995 
7 21 8 10 0.023364836 
678 278 34 40 0.023060279 
758 175 12 14 0.022505518 
796 229 53 59 0.022445574 
770 236 27 39 0.022329364 
510 173 8 12 0.022079628 
790 191 9 11 0.02178363 
775 597 119 107 0.021524498 
734 168 9 10 0.02149511 
512 47 8 11 0.02131087 
858 221 33 44 0.021161702 
965 200 16 21 0.021124633 
754 243 32 36 0.021042809 
962 347 22 27 0.020998087 
816 16 8 10 0.020580722 
171 156 12 17 0.020440351 
693 1 9 10 0.020434424 
