12_Group_Team_Organized_Group_12_Group_Team_Organized_Group_12_927
62
909 148 31 40 0.9997495 
554 207 25 32 0.9997453 
744 153 25 34 0.9996094 
579 180 23 31 0.9995629 
582 273 29 38 0.999514 
666 371 29 37 0.9993855 
168 175 35 46 0.99925846 
346 178 28 36 0.9992551 
794 186 25 32 0.9992378 
968 163 28 36 0.9991999 
670 291 24 34 0.9991973 
442 172 26 33 0.9991781 
676 174 26 33 0.9991239 
512 284 28 36 0.9990963 
632 157 25 32 0.99902034 
214 198 28 37 0.9986665 
402 194 27 35 0.99851125 
504 180 24 31 0.9978206 
844 165 27 34 0.9976113 
290 170 25 34 0.9974868 
784 315 23 31 0.9973718 
401 167 25 30 0.9961571 
124 188 26 37 0.9961105 
725 341 26 31 0.99587053 
604 210 22 28 0.9954739 
864 337 24 32 0.99530184 
1001 195 22 34 0.9936532 
740 425 22 29 0.9931037 
478 153 23 29 0.9925012 
547 176 20 26 0.99155265 
796 161 23 29 0.98273474 
525 184 23 31 0.97398406 
712 155 21 27 0.969885 
812 339 21 25 0.8806305 
354 169 26 34 0.8151974 
609 345 19 26 0.3735272 
361 163 22 27 0.19147018 
755 329 16 24 0.17356555 
461 301 18 23 0.10893212 
963 353 14 18 0.080257125 
67 288 22 31 0.069089025 
28 146 15 20 0.06878389 
405 176 27 35 0.06439775 
629 245 18 26 0.054417327 
798 171 28 35 0.050275937 
702 408 16 20 0.04747222 
641 406 11 13 0.04609431 
512 183 26 33 0.037165277 
12 180 24 33 0.031309865 
707 194 17 20 0.028840205 
738 339 24 30 0.02796618 
696 484 21 28 0.027466897 
797 368 20 29 0.026409196 
510 175 16 21 0.025332265 
21 134 23 28 0.023066757 
526 176 15 18 0.022535339 
634 283 20 28 0.02240275 
138 188 24 33 0.022080416 
448 265 25 35 0.020446613 
597 359 28 33 0.02026646 
78 289 25 32 0.02019315 
597 387 12 14 0.020036912 
