12_Group_Large_Group_12_Group_Large_Group_12_228
78
483 397 17 21 0.99253184 
203 408 15 21 0.99150133 
698 415 17 21 0.99034905 
293 406 16 21 0.98979014 
429 414 16 21 0.9883901 
525 408 16 21 0.9878577 
827 406 17 22 0.9876462 
906 412 17 23 0.9866411 
249 410 15 20 0.98616296 
564 404 17 22 0.9855883 
781 410 18 23 0.9851576 
155 415 15 19 0.9842464 
653 417 18 24 0.9792854 
336 409 18 22 0.978798 
869 420 18 21 0.96917623 
110 410 17 21 0.9335541 
742 406 19 24 0.9236362 
393 410 15 20 0.92313486 
605 411 18 22 0.91513515 
303 474 19 21 0.66383636 
242 466 21 25 0.44929957 
467 479 10 12 0.312684 
196 462 23 26 0.25569597 
107 455 17 20 0.21812657 
339 470 22 26 0.18910602 
463 500 14 17 0.13913646 
156 465 20 24 0.116957426 
861 378 17 21 0.09325112 
516 501 11 13 0.0920001 
260 393 13 17 0.08722734 
377 445 27 33 0.063095294 
180 436 16 22 0.061330274 
727 514 10 13 0.060227297 
405 501 12 16 0.057034645 
920 142 12 15 0.05495281 
255 391 12 14 0.04741451 
671 379 14 18 0.040729597 
405 432 13 18 0.034814794 
144 403 12 15 0.034576807 
901 100 12 16 0.034458686 
167 394 11 15 0.03307351 
149 398 12 15 0.031166285 
109 423 17 19 0.029671973 
878 70 9 10 0.029336285 
93 422 11 12 0.029326633 
101 404 15 18 0.028561452 
157 476 17 21 0.028446056 
102 463 17 18 0.028207045 
885 141 12 14 0.028111843 
692 390 17 21 0.027937716 
104 411 16 18 0.027380966 
870 62 9 11 0.027049882 
546 408 15 19 0.02673958 
598 499 11 13 0.026131995 
914 455 15 19 0.025751896 
916 514 11 14 0.025675707 
278 36 182 252 0.024912706 
893 386 15 19 0.024888868 
835 369 15 19 0.024818128 
950 412 13 17 0.024741344 
78 421 8 11 0.024557149 
924 156 12 14 0.02442132 
293 398 15 20 0.02422055 
101 399 12 15 0.023953248 
873 14 10 11 0.023526283 
378 436 17 20 0.023226926 
195 450 17 18 0.023086306 
181 375 10 12 0.022188522 
221 401 15 19 0.022166487 
155 439 15 20 0.022117063 
874 70 9 10 0.022005519 
185 442 25 32 0.021963248 
465 493 14 17 0.02185668 
558 386 14 17 0.020796353 
885 61 11 13 0.02065847 
942 412 13 18 0.020532975 
403 416 13 19 0.020460151 
880 62 10 13 0.020394448 
