12_Group_Large_Group_12_Group_Large_Group_12_322
71
818 399 32 43 0.9990735 
1001 380 25 39 0.99759454 
251 354 36 48 0.99714166 
319 366 29 35 0.9958603 
515 372 40 51 0.99355376 
62 351 24 36 0.98573804 
756 359 30 40 0.38360208 
60 44 17 19 0.34795037 
86 52 15 18 0.27992675 
870 116 11 14 0.1474175 
961 538 34 59 0.10876287 
17 17 16 19 0.107043095 
9 120 16 18 0.092176765 
28 29 15 18 0.086827256 
675 358 18 22 0.0823962 
923 77 13 17 0.075536616 
23 41 14 18 0.07006665 
854 121 9 12 0.06285542 
888 116 11 14 0.055666696 
41 78 12 16 0.051067002 
871 124 11 14 0.05003483 
271 16 9 12 0.047649637 
295 16 11 15 0.047568727 
755 335 16 22 0.046460617 
345 348 27 34 0.04133218 
751 340 23 34 0.038740955 
310 36 10 12 0.03871112 
1001 45 16 18 0.038446657 
22 90 15 17 0.038441494 
89 45 17 19 0.036664378 
301 69 9 11 0.036210604 
887 109 11 14 0.035777833 
858 134 9 12 0.03570345 
14 24 14 19 0.035076287 
21 2 14 15 0.0324347 
654 350 24 32 0.032418307 
0 12 8 14 0.03191301 
909 109 9 12 0.030943243 
753 51 9 11 0.030844623 
35 9 16 18 0.03037674 
327 54 10 12 0.030315856 
647 346 11 17 0.029708287 
319 69 9 12 0.029648047 
750 314 10 13 0.02945302 
335 69 12 14 0.028995208 
748 342 17 23 0.028056955 
860 140 9 12 0.027562791 
34 0 18 18 0.027271722 
289 12 24 32 0.02726123 
28 0 15 13 0.02650597 
21 18 21 26 0.026305012 
375 311 14 17 0.025219252 
487 -8 83 105 0.024956854 
8 26 12 17 0.024623428 
904 98 12 16 0.024406204 
386 394 25 30 0.024327213 
298 17 14 19 0.023467915 
5 53 11 14 0.023394259 
850 125 9 12 0.023199042 
2 10 13 17 0.023177983 
85 76 12 15 0.0231774 
424 1 10 10 0.022964474 
28 11 16 18 0.022509128 
83 65 17 20 0.022393404 
305 54 9 11 0.022340765 
869 105 10 12 0.022282634 
743 340 13 16 0.021876639 
917 74 22 28 0.021623699 
13 27 22 28 0.021290923 
376 364 14 18 0.020982742 
868 111 20 26 0.020612001 
