12_Group_Team_Organized_Group_12_Group_Team_Organized_Group_12_503
37
267 104 31 39 0.9996107 
490 72 35 40 0.99959904 
97 104 35 40 0.99953616 
409 75 34 40 0.9995074 
298 55 29 35 0.99948114 
328 88 35 41 0.99946016 
656 79 34 41 0.9994312 
866 198 38 47 0.9993205 
883 113 33 42 0.99929523 
627 50 31 40 0.99924207 
951 204 37 45 0.99917245 
228 44 26 31 0.9991708 
748 65 27 33 0.99899286 
644 205 35 42 0.9989403 
575 80 33 38 0.9988481 
559 39 28 34 0.9986706 
157 49 29 35 0.9986124 
756 203 37 43 0.9984937 
723 101 34 41 0.9984769 
488 26 30 33 0.99814296 
435 40 25 33 0.9979235 
429 187 36 48 0.9979031 
797 92 36 41 0.99787116 
135 172 40 47 0.99746037 
189 94 35 44 0.99723035 
366 45 29 34 0.99683195 
542 178 40 53 0.996104 
884 71 30 32 0.9938771 
26 177 41 53 0.9932214 
241 196 37 41 0.99259275 
830 65 27 33 0.9899323 
336 204 38 42 0.984979 
691 65 27 33 0.983432 
158 93 30 38 0.050091106 
829 81 30 38 0.03510719 
80 308 28 34 0.026931409 
401 -1 18 15 0.021835685 
