12_Group_Group_12_Group_Group_12_227
48
695 217 30 39 0.9997814 
471 124 28 36 0.9997695 
649 204 32 40 0.9997218 
646 276 29 40 0.999718 
396 183 31 38 0.99971205 
637 152 31 38 0.99970454 
837 194 29 37 0.9996542 
240 179 29 38 0.9996259 
732 186 30 36 0.99960023 
548 282 31 39 0.9995915 
327 219 30 39 0.99957937 
298 181 31 39 0.99956125 
339 154 27 34 0.9995441 
605 220 32 40 0.99951637 
181 258 35 45 0.9994659 
387 307 34 41 0.99945754 
566 184 29 36 0.9994567 
716 147 30 38 0.99945027 
809 259 31 39 0.99942064 
444 151 30 37 0.99925333 
730 269 36 42 0.99924064 
424 225 32 41 0.9991726 
511 224 31 40 0.9991678 
300 258 33 40 0.9990853 
238 275 36 44 0.9989925 
554 134 28 37 0.99888927 
379 127 27 31 0.9988636 
479 275 31 39 0.9986985 
389 241 36 46 0.99847335 
591 278 40 55 0.9948258 
485 201 28 33 0.99262214 
786 285 21 30 0.055018622 
663 488 23 26 0.037679646 
173 585 14 17 0.03630434 
415 234 30 38 0.03515885 
195 237 25 29 0.029900812 
19 462 58 70 0.029295657 
72 415 10 14 0.029037753 
52 438 12 14 0.026963996 
75 419 12 15 0.025789415 
48 418 12 14 0.023475837 
978 595 29 35 0.022681084 
39 419 11 14 0.022174524 
18 473 14 16 0.021639267 
454 265 23 28 0.021617334 
11 464 23 29 0.020786341 
52 427 13 15 0.02012212 
79 402 12 14 0.020071102 
