12_Group_Team_Organized_Group_12_Group_Team_Organized_Group_12_500
36
584 152 110 146 0.9998847 
223 162 102 124 0.999526 
879 154 122 173 0.99927515 
943 71 88 122 0.9963695 
387 117 147 186 0.9899749 
914 103 112 183 0.5571396 
93 244 26 31 0.32103166 
724 223 36 48 0.1833019 
134 221 50 71 0.09689543 
366 0 27 25 0.084883764 
33 272 17 21 0.07992941 
124 243 32 51 0.0608196 
70 155 15 19 0.047350723 
162 205 52 76 0.044565465 
983 418 41 75 0.044055548 
51 255 14 20 0.041914854 
85 233 42 52 0.039585643 
731 114 15 21 0.037365537 
724 201 83 112 0.037291497 
103 233 44 58 0.036448605 
399 -4 56 57 0.03574037 
103 162 23 28 0.034776922 
751 175 95 133 0.03171743 
356 0 50 52 0.031135878 
78 378 105 114 0.030610664 
83 250 27 31 0.030564407 
113 188 83 117 0.029996328 
82 478 17 22 0.029392324 
106 206 18 21 0.027492803 
343 87 56 79 0.027034966 
704 228 55 73 0.026094 
351 0 34 35 0.023588695 
29 272 26 35 0.021943761 
58 255 15 20 0.021247212 
327 40 82 117 0.021170825 
99 203 28 35 0.020446613 
