12_Group_Team_Organized_Group_12_Group_Team_Organized_Group_12_313
39
644 127 38 56 0.73549235 
360 527 21 28 0.14543968 
22 207 154 204 0.07086546 
728 162 24 36 0.06296223 
226 194 32 38 0.0510527 
301 674 43 48 0.047375422 
371 524 15 18 0.04542781 
89 103 8 11 0.043814052 
90 682 72 61 0.03712167 
135 101 10 11 0.03568328 
218 587 94 146 0.035227455 
119 375 51 62 0.034183014 
105 719 39 33 0.032823615 
73 633 100 122 0.029191423 
727 162 14 20 0.028605916 
48 109 9 11 0.027597718 
488 114 40 43 0.02679269 
988 213 14 16 0.026352989 
95 104 8 10 0.026035331 
366 516 27 32 0.025452388 
592 113 30 48 0.025050184 
939 182 53 48 0.02499185 
955 166 16 16 0.024205886 
54 110 8 10 0.024111358 
177 592 218 224 0.023930753 
719 171 23 32 0.023739772 
596 122 40 59 0.023524106 
288 263 34 38 0.023008665 
165 182 9 10 0.022761954 
-1 202 85 134 0.022189867 
215 107 15 17 0.02189461 
274 15 111 128 0.021678418 
308 682 20 23 0.02161552 
351 533 24 30 0.020822579 
167 78 11 12 0.020357637 
297 707 35 45 0.020142682 
111 86 9 10 0.020141836 
77 125 10 11 0.020103823 
948 192 15 19 0.020057902 
