12_Group_Group_12_Group_Group_12_165
25
507 206 50 67 0.9994266 
606 182 46 60 0.99941885 
915 233 51 63 0.9992787 
789 230 42 53 0.9978738 
186 235 43 55 0.99737465 
694 254 45 55 0.99677366 
551 97 39 50 0.9964336 
683 111 39 52 0.9945523 
408 120 40 56 0.993761 
442 203 42 55 0.99307525 
52 192 41 57 0.99276334 
252 123 39 50 0.9916425 
315 213 41 54 0.9906709 
552 164 39 50 0.0668472 
381 195 43 58 0.043495752 
193 659 27 29 0.03938278 
590 178 26 39 0.037365578 
981 121 40 60 0.02769847 
594 186 14 20 0.024772897 
486 219 11 15 0.023937244 
268 94 13 15 0.023503061 
773 245 11 16 0.023175575 
235 665 25 28 0.02248239 
516 184 50 63 0.02215061 
766 262 22 32 0.020896886 
