12_Group_Team_Organized_Group_12_Group_Team_Organized_Group_12_707
307
387 270 32 42 0.999749 
490 281 35 44 0.9991431 
280 257 34 45 0.9988772 
298 160 33 43 0.9988682 
604 140 32 40 0.99871373 
600 273 40 49 0.9986395 
210 154 34 45 0.99863356 
179 271 40 48 0.9986084 
720 299 36 47 0.99852884 
501 137 34 43 0.9971812 
389 163 34 42 0.99496514 
684 148 36 47 0.9882957 
795 123 37 48 0.9857669 
527 32 11 13 0.34722245 
485 46 8 11 0.2131954 
466 30 6 9 0.19563861 
29 196 13 17 0.1941942 
38 143 9 10 0.19075054 
628 107 16 23 0.18859904 
49 110 8 10 0.18288901 
0 118 8 12 0.18192002 
255 103 8 11 0.16750214 
410 54 7 10 0.15456428 
511 24 8 11 0.15070607 
656 87 10 13 0.14823726 
470 30 8 10 0.13971743 
540 85 10 13 0.13687287 
136 88 7 9 0.13241112 
120 162 8 11 0.12452531 
292 119 9 11 0.122964524 
300 131 12 14 0.12253282 
549 136 13 19 0.113742195 
237 104 8 10 0.111395165 
624 78 9 13 0.11084379 
53 189 9 13 0.10302263 
9 135 8 11 0.10116775 
532 31 10 12 0.09734102 
525 51 9 13 0.08868678 
458 57 8 11 0.085755855 
506 24 8 10 0.08299867 
697 85 11 14 0.08227436 
784 39 9 11 0.08120071 
39 147 8 12 0.07954579 
367 23 7 10 0.07927953 
237 108 9 12 0.07908082 
726 80 8 11 0.077834375 
71 78 8 9 0.07758616 
413 55 8 11 0.07387653 
621 82 13 17 0.0717472 
25 135 8 10 0.06708804 
521 53 9 11 0.066225015 
23 109 7 9 0.06503547 
57 126 7 9 0.06450322 
486 54 8 10 0.0638777 
497 56 8 11 0.060356595 
612 104 23 29 0.060122937 
463 86 7 10 0.060070008 
87 158 6 9 0.059573352 
486 39 10 13 0.058099438 
71 151 9 11 0.05602878 
233 106 9 13 0.055812106 
47 199 10 13 0.055498388 
80 71 7 9 0.055496648 
119 120 7 9 0.054458708 
352 54 8 9 0.054335393 
35 197 13 16 0.05350671 
446 47 7 10 0.05337675 
568 40 8 10 0.053030834 
34 142 8 10 0.05297438 
111 148 8 10 0.052617215 
633 48 8 11 0.051621605 
65 152 7 10 0.05145385 
618 111 25 30 0.051344257 
50 105 8 10 0.049370613 
615 85 12 15 0.04864262 
550 75 10 12 0.048562404 
24 104 7 9 0.048495587 
401 24 7 10 0.048156407 
329 47 8 11 0.04803679 
642 171 16 19 0.047846455 
201 126 8 10 0.04722066 
465 25 7 10 0.04713372 
295 103 7 9 0.046196293 
26 128 7 9 0.04599455 
659 91 10 13 0.045637567 
102 151 8 10 0.045623872 
382 26 8 9 0.044966493 
101 134 9 11 0.044870175 
86 65 7 9 0.044445243 
287 88 6 8 0.04366403 
142 113 8 9 0.043386552 
17 109 7 9 0.04305706 
78 151 7 10 0.042861618 
190 157 9 13 0.042832974 
553 47 9 11 0.042740222 
406 23 7 10 0.042551015 
478 23 8 9 0.042238686 
638 48 9 11 0.041384716 
439 16 6 9 0.041246317 
516 23 9 11 0.04082856 
87 70 7 9 0.04061387 
697 80 9 12 0.040435906 
13 136 8 10 0.0404219 
456 23 7 9 0.0403832 
635 138 14 19 0.03992048 
14 142 9 11 0.03965126 
606 106 15 20 0.03935587 
41 119 7 9 0.03930426 
606 8 9 10 0.03912571 
98 134 7 10 0.039090674 
31 135 8 10 0.039030854 
721 79 9 13 0.038460497 
22 141 9 11 0.038452838 
456 40 7 9 0.038373567 
522 36 9 12 0.0380342 
65 72 7 10 0.038032297 
617 23 7 10 0.037965745 
512 80 8 10 0.037794344 
737 38 8 10 0.03753399 
495 40 8 11 0.03735051 
711 108 12 14 0.037169125 
471 39 8 10 0.03710658 
175 124 8 10 0.036594626 
611 127 30 38 0.036593847 
119 123 9 11 0.036567967 
471 24 9 11 0.036558237 
71 157 8 11 0.036356177 
288 122 8 12 0.03593425 
30 127 7 10 0.035831835 
519 30 10 13 0.03575374 
407 29 8 10 0.035651047 
742 37 9 10 0.03539757 
57 121 7 9 0.03520652 
113 55 7 9 0.034849703 
42 112 7 9 0.034575306 
648 85 11 15 0.034456875 
504 80 8 9 0.03413414 
0 111 8 13 0.03321417 
186 134 9 10 0.033139724 
742 32 8 10 0.032868184 
481 40 9 11 0.03279142 
62 121 8 9 0.032623164 
480 17 7 9 0.03260427 
362 24 7 9 0.03259036 
413 131 11 13 0.031645987 
548 303 17 23 0.031636868 
542 79 11 14 0.031504296 
367 16 7 10 0.031260505 
999 72 7 10 0.03105597 
290 105 8 9 0.030887948 
282 87 7 8 0.030835556 
111 85 7 9 0.030784965 
617 88 16 18 0.030722402 
88 110 8 10 0.030375235 
224 56 8 9 0.030181617 
472 45 8 10 0.030104345 
581 16 9 11 0.030056247 
137 33 8 9 0.0299833 
67 77 7 10 0.029975343 
549 129 12 16 0.02980635 
594 20 9 10 0.029529765 
551 161 14 18 0.029483924 
82 64 8 10 0.029411381 
96 71 7 9 0.029102854 
226 109 8 11 0.028981728 
80 110 8 10 0.028978886 
23 61 8 10 0.02892239 
367 88 8 10 0.028707072 
9 139 11 14 0.028631961 
85 152 7 10 0.028618237 
501 60 9 11 0.028616209 
114 161 8 10 0.028241567 
514 84 8 10 0.028207881 
718 38 8 11 0.028166652 
478 30 7 9 0.028153902 
49 96 7 9 0.028100342 
614 78 10 13 0.02777496 
136 92 7 10 0.027630506 
497 80 7 9 0.027582113 
358 49 8 10 0.027434215 
487 61 8 11 0.02730911 
487 22 8 9 0.027197674 
671 79 9 10 0.027134757 
71 165 8 9 0.026968092 
402 28 7 11 0.026911762 
376 24 8 10 0.026879124 
250 103 8 11 0.026862573 
101 159 8 10 0.026844354 
560 40 8 11 0.026790341 
247 62 7 9 0.026701283 
558 45 8 11 0.026667008 
295 125 11 15 0.02662522 
590 115 11 16 0.026504898 
96 129 7 8 0.026461255 
104 85 8 9 0.02642089 
57 156 8 11 0.026387762 
31 55 7 10 0.02622953 
312 134 10 12 0.026204605 
512 37 8 11 0.02615815 
362 88 8 11 0.026105355 
6 54 8 10 0.026102064 
38 137 9 11 0.026050733 
407 0 8 9 0.026003791 
281 127 8 10 0.025986414 
168 196 10 12 0.02595171 
502 40 9 11 0.025876202 
119 86 6 8 0.02586929 
111 80 7 10 0.02550888 
3 166 12 14 0.025379106 
497 110 8 9 0.025293548 
145 218 402 422 0.02527882 
89 128 7 9 0.025189297 
256 98 7 9 0.025155082 
383 448 18 20 0.025147717 
487 16 7 9 0.025122114 
752 71 8 10 0.024891634 
738 32 8 10 0.024711335 
96 79 8 11 0.02461241 
210 77 8 10 0.024433155 
399 65 8 9 0.024369998 
47 54 7 8 0.024242992 
48 49 7 9 0.024241786 
266 117 7 9 0.024232099 
543 23 8 10 0.024225151 
52 194 11 16 0.024153683 
95 109 8 10 0.024136264 
645 89 11 14 0.02407473 
399 48 7 9 0.024064941 
993 78 9 12 0.024045495 
72 144 8 9 0.02399932 
392 41 7 8 0.023930555 
119 81 7 9 0.023882877 
104 80 8 10 0.023820112 
47 117 8 10 0.023771701 
433 16 7 9 0.023724215 
0 103 8 12 0.023685157 
997 78 9 12 0.023660462 
136 112 8 10 0.023535717 
866 301 10 14 0.023447737 
15 147 9 11 0.02343396 
302 137 12 14 0.02329978 
25 95 7 9 0.023268754 
312 118 9 10 0.02315648 
502 45 8 10 0.023147114 
486 128 9 11 0.02307991 
270 29 8 10 0.022937817 
31 102 7 9 0.022914639 
713 51 10 12 0.022906633 
601 7 9 10 0.022662276 
1 351 11 19 0.022642627 
238 87 7 9 0.022512328 
111 62 7 10 0.02245436 
665 45 9 12 0.022433376 
25 183 10 13 0.022366768 
575 70 7 10 0.022341121 
150 72 7 9 0.022329057 
142 32 7 10 0.022308035 
464 80 8 11 0.022250071 
458 30 7 9 0.022180505 
49 126 7 9 0.022171322 
313 81 7 9 0.022149686 
442 54 7 10 0.02213019 
345 22 7 9 0.022091296 
599 15 8 11 0.022075092 
105 64 7 9 0.022052526 
559 23 8 10 0.022040114 
263 97 8 9 0.021926545 
433 80 7 9 0.021762885 
656 63 7 10 0.021706894 
205 127 8 9 0.021627115 
394 24 7 10 0.02162035 
261 151 9 12 0.021615947 
487 31 8 10 0.02150439 
113 111 8 9 0.021462273 
447 54 7 11 0.021457596 
191 128 8 10 0.021453924 
454 108 8 10 0.021437159 
449 23 7 9 0.021380575 
670 63 8 11 0.021269334 
97 158 8 10 0.021264654 
282 120 8 10 0.021139238 
392 8 8 9 0.021115463 
655 81 9 12 0.021092048 
184 128 8 9 0.021041807 
247 76 8 11 0.020994691 
266 29 8 11 0.020959603 
497 45 8 10 0.020957323 
305 79 7 10 0.020931551 
520 61 8 10 0.020846482 
57 87 7 9 0.020669827 
619 99 17 22 0.020663131 
449 109 9 10 0.020641401 
241 39 8 9 0.020634856 
538 80 9 12 0.020608459 
103 166 8 9 0.020594679 
208 48 8 10 0.020531548 
25 86 7 10 0.020517735 
151 159 7 10 0.020483272 
767 29 10 13 0.020382097 
536 24 8 10 0.020374294 
88 79 8 9 0.02034905 
7 147 12 14 0.020272491 
30 189 21 29 0.0201709 
56 94 8 10 0.020163832 
453 449 24 30 0.02015206 
663 79 9 11 0.020124232 
72 86 8 10 0.020047111 
