12_Group_Team_Organized_Group_12_Group_Team_Organized_Group_12_583
98
814 293 60 76 0.993654 
571 221 25 33 0.99184716 
922 249 37 45 0.9750479 
525 275 41 56 0.9602904 
143 44 34 38 0.9447205 
252 226 57 58 0.9251346 
828 226 29 34 0.8954979 
994 156 24 29 0.68173224 
701 144 22 25 0.6700391 
832 177 20 21 0.5951415 
434 217 24 30 0.43667284 
394 179 18 22 0.35400984 
364 76 14 20 0.32227498 
666 193 25 30 0.23961514 
534 137 25 31 0.20749171 
990 229 23 34 0.20227839 
246 54 47 58 0.12898627 
544 222 29 36 0.12558539 
853 202 17 20 0.10886201 
491 102 25 32 0.09925306 
591 299 35 40 0.07537679 
554 217 43 50 0.073168665 
890 219 16 19 0.066559814 
674 302 68 58 0.06395533 
462 225 27 32 0.06253132 
758 139 14 18 0.055141754 
924 216 18 23 0.05452149 
371 117 46 53 0.051376212 
819 198 17 22 0.049935352 
490 86 28 35 0.04742681 
876 208 14 19 0.044902675 
601 105 41 48 0.042418044 
826 187 21 28 0.04134249 
354 66 45 61 0.04095238 
548 56 52 69 0.04055538 
835 191 16 21 0.039974827 
361 74 25 34 0.03917683 
291 78 54 69 0.038691822 
700 156 19 21 0.037211195 
271 67 51 63 0.03683055 
476 29 33 48 0.035835404 
259 67 18 21 0.03443314 
116 78 11 15 0.033061728 
772 140 13 18 0.03134234 
227 37 75 96 0.031287353 
492 79 44 54 0.029893218 
992 213 30 39 0.029377861 
366 86 14 19 0.028566508 
329 50 80 110 0.028051566 
839 182 17 21 0.027798846 
762 144 17 22 0.027697848 
996 171 18 23 0.02723789 
370 71 25 31 0.027197642 
756 170 17 20 0.026585802 
621 291 13 18 0.026521329 
564 248 29 33 0.026035486 
930 209 16 20 0.025721807 
584 174 31 34 0.025693508 
876 164 14 18 0.02562718 
407 92 15 18 0.025248876 
920 223 26 33 0.025059441 
747 155 14 18 0.024558999 
524 131 40 50 0.024155425 
931 203 14 17 0.024140108 
933 172 12 15 0.023577517 
242 232 86 86 0.023540217 
989 153 37 50 0.023405625 
303 95 57 73 0.023035815 
705 195 17 20 0.023016153 
508 27 12 14 0.022702519 
411 104 13 17 0.021822581 
711 155 23 27 0.02164643 
361 71 12 16 0.021587837 
377 139 45 52 0.02157316 
701 170 16 18 0.021564329 
901 153 15 17 0.02150671 
650 93 114 131 0.021494627 
360 86 53 69 0.021419669 
688 294 38 34 0.021346861 
740 171 16 18 0.021228177 
855 70 11 14 0.021094976 
779 145 16 20 0.020999776 
821 138 13 15 0.020870835 
902 148 24 27 0.020834193 
908 198 22 27 0.020804513 
483 67 30 37 0.020759165 
609 137 32 34 0.02073954 
764 134 14 16 0.020685205 
771 314 50 63 0.020648614 
782 116 13 16 0.020556504 
85 60 32 38 0.020499837 
807 118 10 13 0.0204021 
480 56 46 63 0.020364206 
582 90 50 59 0.02031344 
822 200 24 29 0.02026318 
822 113 14 17 0.020177007 
885 212 14 18 0.02014291 
105 25 15 18 0.0200226 
