12_Group_Large_Group_12_Group_Large_Group_12_196
28
106 108 51 69 0.99959284 
540 194 36 45 0.9992324 
874 84 50 63 0.9990195 
474 319 35 44 0.99830014 
404 284 32 42 0.9982693 
614 254 36 46 0.99733424 
716 134 44 59 0.997047 
803 140 46 57 0.99692756 
162 191 44 57 0.9960414 
310 194 37 45 0.99535674 
230 197 38 51 0.99421555 
840 154 26 38 0.12812874 
713 272 55 63 0.06947894 
864 518 9 12 0.0448715 
724 291 32 35 0.043934602 
716 557 132 135 0.041713353 
588 451 12 16 0.029643696 
972 396 14 18 0.026593233 
790 567 7 10 0.02557917 
821 455 10 13 0.024001176 
784 559 8 11 0.023840005 
799 501 8 11 0.023251995 
828 288 26 34 0.02208693 
791 572 8 9 0.021074463 
785 564 8 12 0.020990657 
395 259 444 517 0.020180145 
815 528 8 11 0.020124739 
871 524 9 12 0.020116905 
