12_Group_Group_12_Group_Group_12_411
20
530 120 104 144 0.99977547 
735 151 116 146 0.99974173 
219 203 108 131 0.99936265 
352 176 94 118 0.989127 
761 75 40 52 0.4092864 
106 696 256 310 0.15605234 
301 624 118 177 0.114151865 
733 648 121 144 0.10120091 
746 606 197 245 0.08224462 
356 56 53 63 0.035649914 
311 189 106 126 0.030694699 
301 90 30 35 0.02786815 
688 219 32 45 0.027246295 
335 1014 64 59 0.025617441 
560 758 108 110 0.024019744 
687 511 329 445 0.023849932 
636 629 192 194 0.023756607 
868 591 18 20 0.022480713 
640 690 56 84 0.02223643 
257 177 118 145 0.020329662 
