12_Group_Team_Organized_Group_12_Group_Team_Organized_Group_12_504
33
692 136 100 121 0.9991627 
429 91 107 135 0.99785197 
157 211 94 107 0.99476504 
632 146 54 69 0.2739365 
403 171 364 447 0.23207805 
328 106 99 129 0.1473985 
203 92 183 233 0.14448273 
386 98 98 127 0.14027388 
57 23 27 33 0.08439362 
557 41 48 52 0.066611305 
20 297 37 42 0.06250195 
524 220 191 303 0.057378057 
497 47 56 65 0.04368152 
209 190 107 120 0.042303063 
651 125 96 113 0.041722983 
475 64 65 75 0.041106213 
362 129 59 83 0.039265513 
91 22 369 405 0.037488475 
780 111 22 30 0.035271004 
635 159 33 40 0.03009395 
527 41 50 57 0.02943174 
804 116 15 17 0.028318103 
839 433 53 63 0.026420703 
154 228 18 21 0.02636708 
799 116 26 30 0.0262178 
66 31 16 21 0.02561101 
27 292 51 58 0.024967564 
786 116 12 18 0.024711926 
388 449 13 16 0.024397217 
820 508 12 15 0.024057485 
643 108 56 75 0.021009076 
58 649 30 31 0.020657131 
478 62 42 44 0.020635271 
