12_Group_Large_Group_12_Group_Large_Group_12_213
151
583 283 15 17 0.94277126 
669 278 13 17 0.94165784 
351 358 32 33 0.9369387 
470 297 17 22 0.92558724 
245 301 18 24 0.89847004 
850 266 17 22 0.879707 
276 314 24 26 0.86207986 
404 291 13 15 0.8098137 
836 351 29 30 0.8040964 
292 285 14 17 0.80390006 
580 316 18 23 0.7162908 
697 311 16 19 0.66103727 
167 414 33 32 0.6430384 
490 354 18 23 0.56034285 
0 383 21 39 0.48010114 
764 304 14 18 0.37284723 
884 281 14 17 0.36580798 
721 378 26 28 0.35955355 
427 316 13 17 0.33313155 
550 306 9 12 0.32620332 
415 303 11 14 0.3187964 
730 301 24 29 0.26182884 
518 339 13 18 0.21128999 
739 275 12 14 0.21109344 
231 329 15 18 0.17310913 
548 327 15 19 0.1462528 
411 293 12 14 0.12553386 
592 398 13 17 0.12442654 
545 307 9 12 0.11729045 
180 401 25 32 0.10787167 
450 290 13 16 0.10786464 
656 296 20 27 0.10428181 
298 349 16 17 0.09708217 
581 309 15 18 0.07542392 
466 347 13 18 0.069212735 
671 274 10 12 0.06653542 
735 291 24 29 0.06581371 
940 321 15 18 0.06576593 
509 336 16 21 0.06278787 
503 333 14 18 0.059129022 
482 298 13 18 0.05838625 
739 282 16 17 0.050773714 
420 307 13 16 0.0502832 
435 349 13 16 0.0501937 
255 425 15 17 0.047997415 
378 349 20 27 0.047695547 
494 339 12 16 0.04751399 
238 305 17 20 0.044921484 
669 368 12 17 0.04433995 
578 284 12 16 0.043607283 
271 356 14 15 0.04338025 
840 336 31 36 0.043114144 
434 314 13 16 0.042348083 
402 412 18 20 0.03953379 
532 362 15 18 0.038950037 
408 307 9 13 0.0383399 
710 372 10 15 0.038095206 
525 363 14 17 0.038065672 
548 315 16 20 0.03690576 
707 374 26 35 0.036754318 
598 277 9 12 0.03631057 
227 328 26 27 0.03619128 
75 514 12 16 0.036010657 
592 394 10 12 0.035731662 
748 376 25 31 0.035648488 
271 320 18 20 0.03460908 
542 270 8 11 0.03361902 
996 355 27 35 0.03354481 
445 363 17 22 0.03347341 
452 334 10 13 0.033384737 
946 315 17 20 0.033323426 
664 305 16 20 0.032688517 
543 321 15 20 0.032653984 
855 261 19 23 0.032543164 
537 308 10 12 0.032421183 
735 379 18 22 0.032309905 
893 290 11 17 0.032227326 
847 321 31 36 0.031922158 
306 347 13 17 0.030664857 
26 468 77 114 0.030578226 
478 347 26 30 0.030466424 
749 355 14 18 0.03026563 
663 367 13 20 0.030158518 
870 284 27 33 0.030145738 
386 347 14 21 0.0295007 
397 308 13 17 0.029095499 
447 338 11 15 0.028629541 
653 292 15 20 0.028528158 
644 285 12 16 0.028327452 
983 334 38 59 0.028310347 
771 302 12 16 0.028053068 
525 317 10 14 0.027961735 
523 342 14 20 0.027896741 
640 289 12 16 0.027892996 
684 389 16 20 0.027834648 
748 285 12 17 0.02782679 
613 307 9 12 0.02762317 
497 275 10 14 0.02750438 
464 343 13 14 0.027417181 
427 417 44 52 0.027157962 
289 321 13 17 0.026879052 
954 315 15 17 0.02681508 
444 428 12 15 0.026736889 
647 279 9 13 0.02622674 
284 345 24 28 0.025663313 
725 299 17 23 0.025464764 
654 284 12 16 0.02537597 
297 358 17 19 0.024551678 
589 406 14 18 0.024392277 
854 311 27 30 0.02428096 
423 416 13 17 0.023942703 
856 298 26 29 0.02385636 
389 340 10 14 0.02384974 
699 303 15 19 0.023776537 
648 297 12 15 0.02356064 
940 308 15 19 0.023458408 
400 297 12 15 0.023409408 
367 365 17 23 0.023278825 
733 291 16 20 0.02314797 
536 301 10 14 0.023117924 
338 306 14 18 0.022900466 
533 293 11 15 0.022789467 
671 262 9 12 0.022376133 
273 362 15 18 0.022368241 
519 318 10 13 0.02218395 
403 329 15 19 0.022183923 
648 343 19 28 0.02212464 
452 340 11 13 0.022093203 
554 309 11 14 0.021985069 
544 304 19 25 0.021864109 
450 344 22 26 0.021863762 
503 385 14 20 0.021845935 
754 305 22 27 0.021573136 
270 287 9 11 0.021464787 
405 314 13 17 0.021408862 
534 322 11 16 0.02136513 
414 315 13 18 0.021290023 
480 269 9 10 0.021170912 
368 333 12 13 0.021049036 
384 330 12 16 0.021000924 
525 322 12 17 0.020932622 
158 417 49 55 0.02083702 
947 326 15 21 0.020794244 
54 438 29 34 0.020778753 
675 271 12 13 0.020436093 
859 274 27 33 0.02034535 
765 296 12 16 0.020323353 
270 294 11 13 0.020265838 
543 284 10 13 0.020258153 
509 325 13 16 0.020044422 
594 283 11 15 0.020029515 
