12_Group_Team_Organized_Group_12_Group_Team_Organized_Group_12_617
147
196 192 45 60 0.997867 
561 154 43 56 0.99475336 
845 128 22 33 0.9915359 
908 192 45 51 0.9891856 
653 155 18 23 0.9845114 
756 167 18 22 0.97516507 
275 178 16 19 0.9560324 
66 202 23 27 0.9402669 
803 161 20 27 0.9296532 
980 157 16 22 0.90819275 
356 228 22 28 0.8487856 
271 226 20 30 0.72871864 
352 172 12 16 0.7262731 
692 174 10 12 0.6651312 
384 159 12 15 0.6401305 
636 166 10 13 0.6105753 
256 216 25 35 0.6010397 
714 154 14 19 0.5232004 
294 167 17 20 0.5138308 
400 196 10 13 0.44184002 
440 199 10 14 0.3757621 
738 159 14 20 0.36730668 
784 199 12 15 0.3358661 
971 164 22 29 0.31860158 
308 224 11 17 0.20807302 
137 201 27 46 0.1711306 
347 188 14 17 0.16998833 
252 202 24 31 0.14131424 
11 249 21 31 0.13765891 
301 224 13 20 0.10958109 
334 259 13 18 0.106727324 
310 158 10 12 0.08505867 
723 161 14 17 0.08407764 
716 166 14 20 0.082670584 
106 206 24 29 0.08069142 
847 139 27 35 0.07727695 
281 229 18 24 0.077032305 
631 168 13 16 0.076278955 
814 190 15 20 0.074082084 
279 168 21 25 0.07298427 
793 221 11 14 0.06893528 
368 189 11 14 0.067721695 
292 157 15 18 0.061935686 
701 238 9 10 0.061270595 
797 230 13 16 0.05935653 
719 121 12 14 0.057532407 
501 199 8 10 0.056667093 
812 150 13 16 0.05619277 
439 192 10 12 0.055822864 
731 582 26 43 0.054553736 
964 170 23 32 0.054096527 
291 224 17 24 0.0540906 
410 214 8 11 0.053431116 
510 189 7 9 0.05220612 
505 191 8 10 0.05183061 
382 198 8 12 0.05181313 
142 188 34 49 0.04678402 
275 232 27 33 0.045589577 
48 285 13 18 0.04557496 
395 174 14 18 0.04383197 
984 162 18 23 0.04243955 
-4 247 79 113 0.038733363 
249 189 24 30 0.037308306 
346 198 17 19 0.036699716 
423 246 9 11 0.035552505 
3 266 29 37 0.03480723 
395 187 18 25 0.034612928 
717 143 12 17 0.033926148 
356 189 11 15 0.033925828 
246 168 10 11 0.03349546 
101 215 16 20 0.032399934 
705 187 11 15 0.031841293 
344 179 13 15 0.031841055 
430 212 9 12 0.03164085 
622 181 13 17 0.031374194 
365 201 13 17 0.030649353 
307 162 12 17 0.030646238 
802 233 13 15 0.030545332 
395 158 11 13 0.030012898 
689 169 17 22 0.029760674 
367 183 10 15 0.029554408 
393 203 10 14 0.029449847 
43 281 22 29 0.029280778 
735 215 10 13 0.028923508 
4 249 18 23 0.028499203 
12 270 53 65 0.028415231 
497 192 9 11 0.028272543 
445 191 9 12 0.028138295 
431 205 11 15 0.028061159 
432 192 9 12 0.027796743 
357 195 13 16 0.027733762 
348 225 17 22 0.027513847 
423 239 8 11 0.026693223 
347 218 15 20 0.026334025 
740 220 11 12 0.025952116 
487 236 11 16 0.025858007 
394 195 12 15 0.025669483 
780 236 13 16 0.02534527 
614 582 9 13 0.025216142 
839 196 11 15 0.024906121 
319 151 9 11 0.024847217 
259 190 13 18 0.024565099 
90 1 14 15 0.024504587 
433 196 10 14 0.024462435 
425 207 9 13 0.024332419 
952 190 27 39 0.024249852 
708 179 12 15 0.023883015 
73 195 26 32 0.023659317 
934 137 12 16 0.023469167 
90 205 23 27 0.023348508 
271 182 15 20 0.023217505 
48 184 10 12 0.02297506 
767 152 11 13 0.022882633 
281 184 13 17 0.022747029 
852 156 16 22 0.022539284 
105 221 18 23 0.022516735 
733 167 13 18 0.022329299 
501 203 9 12 0.022299865 
94 216 14 18 0.022271628 
288 166 14 16 0.022125999 
382 203 11 15 0.02211336 
244 212 25 36 0.022099074 
856 131 18 24 0.022052009 
718 131 11 14 0.021982202 
438 196 17 22 0.02197433 
388 213 11 13 0.021629022 
397 237 10 12 0.021553352 
808 152 11 15 0.021453314 
301 159 13 16 0.02130631 
734 151 13 18 0.021150727 
670 457 50 54 0.021073231 
418 238 8 11 0.021018617 
819 148 12 17 0.020964729 
743 594 47 53 0.020772582 
448 238 10 14 0.020768471 
117 207 27 35 0.02075064 
395 164 13 14 0.020740261 
94 205 11 15 0.02072665 
343 223 14 21 0.020588038 
418 245 8 12 0.020521883 
789 213 12 16 0.020504337 
492 230 12 18 0.020490784 
726 556 55 64 0.02027358 
86 232 26 34 0.020262867 
567 406 10 12 0.020212237 
699 122 11 14 0.020190077 
740 464 14 18 0.020124042 
