12_Group_Group_12_Group_Group_12_249
57
491 565 68 79 0.9984401 
403 392 50 60 0.99694794 
344 284 49 57 0.99621284 
882 530 34 38 0.99345016 
138 17 77 76 0.9932522 
937 552 38 40 0.99305457 
460 199 38 43 0.9907137 
468 138 34 38 0.98923177 
592 305 38 46 0.98111457 
886 478 32 37 0.97388124 
827 421 30 35 0.97239506 
620 372 45 55 0.9678441 
557 246 40 52 0.95680934 
718 334 26 30 0.95041156 
741 363 28 30 0.93529254 
982 608 39 43 0.9207212 
767 412 24 30 0.91487145 
523 201 36 46 0.83545256 
641 581 27 34 0.26013106 
59 213 60 72 0.18097542 
234 142 19 21 0.13530871 
345 229 22 32 0.12864003 
692 150 117 139 0.09790447 
114 452 101 102 0.070475616 
389 161 15 20 0.06386714 
248 588 99 101 0.05513233 
400 203 27 36 0.046795283 
300 127 11 12 0.044835933 
571 16 367 452 0.039620228 
379 154 27 33 0.038115952 
299 288 25 35 0.037393462 
572 643 41 47 0.036475666 
415 214 22 30 0.0361291 
340 122 25 28 0.034536988 
135 491 60 68 0.03219042 
294 129 14 17 0.03102824 
628 566 31 43 0.03027222 
571 268 42 57 0.028662028 
511 214 38 51 0.028283576 
221 437 39 51 0.02718407 
781 418 18 22 0.026801981 
613 618 35 37 0.026098581 
656 586 18 21 0.025519235 
764 160 39 49 0.024879623 
167 428 36 39 0.024486233 
355 132 27 33 0.023726352 
846 570 210 215 0.02355861 
731 132 77 94 0.023243185 
337 228 40 48 0.022860063 
371 142 30 35 0.022754846 
147 436 58 61 0.022669945 
627 551 28 34 0.022459943 
610 544 30 39 0.022311136 
579 317 31 43 0.02190598 
497 233 41 54 0.020811312 
391 158 23 31 0.020649964 
303 273 44 56 0.020317832 
