12_Group_Team_Organized_Group_12_Group_Team_Organized_Group_12_138
28
106 900 85 105 0.99858236 
219 949 86 106 0.99814594 
764 965 67 85 0.99806005 
140 425 66 84 0.99768114 
879 1002 59 77 0.997621 
238 530 53 84 0.99700624 
513 434 30 36 0.9969559 
386 427 29 40 0.9963372 
832 400 43 54 0.99281996 
763 415 45 58 0.98825336 
427 408 42 53 0.9729288 
575 404 38 55 0.93855274 
597 517 50 77 0.084097266 
583 476 105 126 0.053078134 
831 962 36 48 0.041974127 
596 412 50 55 0.029232804 
999 697 23 39 0.029129988 
201 728 26 33 0.027929662 
862 986 48 68 0.02443294 
886 115 47 71 0.023992466 
803 970 49 62 0.023726545 
625 419 42 51 0.023371806 
850 1030 49 66 0.022872766 
557 457 17 22 0.02279961 
807 410 27 39 0.022255918 
895 660 14 17 0.020621967 
266 170 59 67 0.02050322 
695 957 11 14 0.02041227 
