12_Group_Team_Organized_Group_12_Group_Team_Organized_Group_12_235
28
63 50 193 273 0.99954045 
429 579 55 70 0.9994305 
83 974 180 257 0.99899 
203 391 154 227 0.9891479 
845 495 96 156 0.98779404 
749 985 166 247 0.98582006 
619 141 226 310 0.45831287 
678 769 40 46 0.0827308 
497 127 24 31 0.061655257 
666 497 26 31 0.05609292 
155 788 29 36 0.053057116 
754 777 29 32 0.04756631 
791 728 45 52 0.046621207 
74 777 32 37 0.04285848 
929 237 23 26 0.039179616 
538 401 24 31 0.033889435 
275 982 84 65 0.03159241 
531 19 369 509 0.031405263 
582 597 24 28 0.029176692 
596 710 15 17 0.028676197 
268 737 184 272 0.02857437 
957 249 21 26 0.026660956 
691 726 17 20 0.024618048 
6 900 286 435 0.0226449 
62 400 27 32 0.022585033 
931 745 19 22 0.022111671 
664 916 308 362 0.021552319 
0 762 18 39 0.020833539 
