12_Group_Team_Organized_Group_12_Group_Team_Organized_Group_12_458
42
545 203 28 37 0.99949646 
456 212 32 40 0.999315 
278 226 36 43 0.9992716 
912 208 36 42 0.99922943 
407 208 29 35 0.99904937 
573 265 33 40 0.9990038 
696 349 36 45 0.99896836 
800 216 37 44 0.9989309 
370 228 29 36 0.9987643 
628 212 29 35 0.9986331 
731 213 35 38 0.9978296 
669 221 29 34 0.99689305 
252 361 45 55 0.9968226 
308 204 27 34 0.99677 
135 216 39 53 0.9942186 
474 182 28 32 0.990571 
192 497 103 112 0.18977357 
463 496 128 144 0.11792576 
987 378 27 38 0.101868674 
712 223 30 37 0.083914176 
982 311 39 64 0.057386193 
929 452 13 17 0.054200757 
721 541 33 47 0.0520582 
85 320 27 36 0.043244954 
481 544 75 86 0.040014837 
486 186 19 23 0.03747117 
730 274 39 50 0.03453289 
392 454 12 18 0.027723175 
942 280 35 36 0.026871214 
860 431 28 32 0.02575048 
717 231 16 20 0.024496667 
460 196 32 41 0.024452966 
709 421 35 39 0.02403114 
679 234 29 36 0.02345521 
490 591 63 66 0.022539783 
335 426 23 30 0.022017071 
736 299 27 32 0.021586904 
702 240 27 32 0.021384094 
171 276 16 18 0.021070378 
494 576 37 45 0.021019211 
319 208 26 33 0.020892642 
149 473 179 184 0.02067883 
