12_Group_Group_12_Group_Group_12_80
34
596 114 29 38 0.9996245 
872 281 33 40 0.99962366 
282 115 32 41 0.999516 
72 142 33 39 0.9995034 
769 283 34 44 0.9995004 
131 113 33 39 0.9993643 
523 99 31 38 0.9992836 
303 302 33 40 0.99927956 
837 168 30 39 0.9992052 
932 133 31 39 0.99897265 
348 126 33 41 0.99869484 
220 127 34 40 0.99867463 
804 118 30 36 0.99862933 
640 116 32 38 0.9982103 
469 122 34 42 0.99812204 
705 122 28 35 0.9981201 
405 103 32 41 0.9979819 
539 224 36 44 0.997343 
653 218 35 45 0.99640685 
182 293 38 48 0.99627066 
418 225 38 46 0.9938421 
674 108 22 29 0.164616 
849 300 26 31 0.06748996 
303 86 20 26 0.052785028 
685 141 21 27 0.042116683 
689 152 14 18 0.0382522 
571 136 20 26 0.03325986 
482 268 18 21 0.03271987 
856 306 16 19 0.030526545 
652 89 13 15 0.024806447 
792 103 11 14 0.024386419 
638 64 22 28 0.022468356 
70 12 9 11 0.021565624 
740 298 240 229 0.02009522 
