12_Group_Team_Organized_Group_12_Group_Team_Organized_Group_12_115
22
778 75 101 115 0.9992865 
377 148 65 88 0.9992399 
578 173 65 76 0.9992249 
672 106 76 93 0.9961953 
165 146 79 102 0.9950734 
316 245 69 75 0.9941553 
969 807 54 116 0.12185505 
554 446 17 22 0.07630495 
-1 480 366 418 0.054756947 
82 571 199 260 0.046318054 
496 722 60 64 0.03478083 
540 448 16 19 0.03347632 
419 494 46 57 0.031086978 
948 828 56 101 0.02838056 
801 572 53 88 0.0273005 
871 84 53 80 0.026764613 
189 524 44 54 0.02406718 
593 609 112 162 0.023614978 
61 153 42 58 0.021288265 
245 291 93 125 0.021259956 
166 251 183 255 0.021241106 
709 69 96 131 0.020375494 
