12_Group_Large_Group_12_Group_Large_Group_12_550
22
753 67 37 46 0.997883 
232 523 35 45 0.9975719 
903 518 36 49 0.99536926 
226 59 36 45 0.9949457 
739 516 41 51 0.9901254 
62 60 43 57 0.9900771 
592 61 38 56 0.98785967 
580 526 41 53 0.9835607 
417 518 38 50 0.98061335 
942 57 40 56 0.9784305 
399 59 41 55 0.9684406 
74 528 35 48 0.9676145 
697 628 51 72 0.07845029 
131 428 21 30 0.050049953 
45 611 83 115 0.02950602 
742 551 35 43 0.026451906 
31 605 46 73 0.025552275 
239 102 29 35 0.02349882 
429 63 32 47 0.022518665 
665 127 26 45 0.022198541 
819 608 35 46 0.022127844 
883 143 37 51 0.02189512 
