12_Group_Large_Group_12_Group_Large_Group_12_495
17
347 203 65 92 0.99774075 
20 232 83 101 0.99264914 
630 166 49 64 0.97694314 
131 235 52 69 0.6452419 
156 258 52 63 0.2956107 
182 266 31 42 0.19343555 
86 220 82 109 0.087099046 
349 363 55 66 0.060009032 
306 266 42 53 0.056692485 
887 375 97 123 0.054279447 
194 265 17 22 0.052739434 
134 258 58 83 0.050519932 
1005 456 18 31 0.04288481 
295 285 42 52 0.039962366 
521 402 29 41 0.03178443 
276 301 40 52 0.031506043 
301 422 10 13 0.024804508 
