12_Group_Team_Organized_Group_12_Group_Team_Organized_Group_12_653
35
525 321 35 44 0.99959964 
654 332 37 44 0.998587 
843 191 36 46 0.99845755 
799 195 34 41 0.99837935 
314 227 37 49 0.99824524 
947 376 46 58 0.9982315 
769 358 46 54 0.99661547 
199 179 39 53 0.99544156 
73 170 43 53 0.9949726 
427 387 42 55 0.9948478 
327 304 40 53 0.9935638 
383 289 37 48 0.9927691 
242 361 41 52 0.98949146 
592 376 43 53 0.9866801 
913 386 26 38 0.4110045 
928 243 14 18 0.10336965 
364 450 29 36 0.08774624 
948 564 24 27 0.076670066 
415 286 24 32 0.056851506 
312 487 32 34 0.049135357 
994 387 13 16 0.040080715 
725 342 26 32 0.03620611 
504 565 12 16 0.028351836 
740 279 26 30 0.025589747 
66 167 30 43 0.024677865 
245 514 30 39 0.024560574 
466 505 16 18 0.02401215 
812 369 14 20 0.023296887 
756 358 23 34 0.022445904 
-2 236 33 38 0.022173705 
960 285 11 14 0.022116732 
259 330 30 35 0.021702187 
758 367 13 20 0.02101224 
715 380 23 30 0.020822326 
353 458 31 37 0.020669403 
