12_Group_Large_Group_12_Group_Large_Group_12_276
67
571 201 59 74 0.9996394 
218 241 57 66 0.999595 
851 88 56 68 0.99958533 
593 93 54 67 0.9994506 
438 230 59 80 0.99943715 
354 37 52 72 0.99933976 
697 156 56 70 0.9991423 
223 63 54 59 0.9990557 
436 67 55 66 0.9990212 
668 263 66 77 0.99881256 
518 82 52 59 0.9986327 
324 224 55 71 0.9984843 
489 2 48 52 0.9964109 
707 75 49 59 0.9955571 
296 7 43 51 0.9929254 
579 26 42 53 0.9910353 
138 10 45 52 0.9888616 
105 291 63 71 0.983115 
648 65 47 53 0.9826099 
-3 69 37 72 0.9166551 
979 25 20 27 0.7700285 
69 -1 18 13 0.20386764 
47 58 59 61 0.15254292 
819 188 69 82 0.12556772 
443 18 36 42 0.10756963 
786 191 43 66 0.057732448 
931 218 86 140 0.047034983 
966 20 26 33 0.046857383 
741 77 33 38 0.04634692 
1012 6 11 15 0.045079887 
56 11 18 20 0.04212246 
664 3 47 54 0.041350305 
564 40 28 38 0.040208522 
988 23 19 28 0.04011967 
646 222 48 64 0.039462633 
955 7 28 32 0.03935003 
784 185 32 45 0.037428007 
654 31 50 61 0.036873776 
43 78 51 70 0.03630172 
771 208 37 46 0.036202982 
947 47 14 21 0.03552126 
973 10 28 34 0.035242263 
926 47 25 28 0.03500739 
498 124 25 37 0.03483441 
919 39 24 31 0.03397145 
937 40 21 31 0.031534094 
1003 5 21 30 0.031416524 
671 124 41 56 0.030989397 
127 22 32 42 0.030218989 
208 187 39 45 0.029641528 
34 62 33 43 0.029212458 
394 87 27 36 0.029054118 
734 249 45 57 0.02702255 
979 12 17 21 0.026169164 
342 44 25 38 0.025489891 
869 0 12 12 0.024692765 
639 217 36 47 0.023759207 
905 99 27 41 0.022898447 
170 59 22 33 0.022787517 
435 35 47 59 0.021077635 
1003 27 13 18 0.02105267 
237 0 18 13 0.020824175 
885 52 24 30 0.020642137 
988 104 34 66 0.020334871 
45 43 13 16 0.02019823 
713 181 55 67 0.020101754 
47 48 41 46 0.020036666 
