12_Group_Team_Organized_Group_12_Group_Team_Organized_Group_12_101
49
911 509 20 27 0.45842096 
149 377 58 71 0.1657539 
153 958 63 74 0.10872364 
794 525 17 22 0.09669609 
528 507 12 16 0.09608596 
581 502 15 18 0.07623418 
850 510 23 29 0.07100765 
533 549 11 14 0.06626742 
840 513 22 30 0.060353465 
350 1305 16 20 0.058105 
499 459 14 17 0.045958787 
604 546 13 16 0.04402266 
60 252 14 19 0.042510267 
684 576 15 19 0.039064128 
604 335 14 20 0.038949955 
527 515 13 16 0.03871603 
1000 358 10 13 0.036930002 
740 512 23 29 0.036361393 
698 482 23 28 0.03574693 
691 508 24 31 0.03336566 
484 459 11 15 0.031809792 
631 259 13 17 0.03143418 
919 479 13 16 0.030934218 
779 524 11 15 0.030411597 
251 322 27 33 0.029326357 
709 442 15 17 0.029104834 
256 1162 47 45 0.028089888 
637 483 22 27 0.027281739 
479 453 13 14 0.026874488 
587 315 17 22 0.026694922 
716 441 15 17 0.025952002 
845 473 12 15 0.025627134 
1008 326 10 13 0.02495937 
258 388 61 78 0.024201557 
576 505 13 18 0.024027519 
583 496 13 15 0.02397714 
585 505 26 33 0.022863237 
599 514 24 33 0.022716297 
528 568 11 12 0.022569602 
335 131 16 20 0.022134233 
565 501 10 13 0.021650102 
407 1334 27 31 0.020938953 
815 538 11 14 0.02072002 
165 951 43 51 0.020425567 
835 521 15 21 0.020417029 
733 443 14 15 0.02041695 
328 581 11 14 0.020368949 
920 478 23 27 0.020172663 
674 541 10 13 0.020002784 
