12_Group_Group_12_Group_Group_12_434
22
814 208 44 72 0.9993856 
161 177 48 63 0.9932168 
550 183 30 45 0.9826606 
410 179 41 46 0.9766517 
736 234 44 60 0.45518062 
153 215 38 67 0.2984161 
702 198 34 47 0.17769428 
692 250 31 52 0.10788056 
881 207 27 50 0.10044482 
768 263 47 74 0.052459754 
719 242 40 58 0.04787529 
81 167 8 11 0.045184795 
769 216 38 63 0.03915654 
574 215 35 40 0.038436405 
425 171 25 38 0.03401886 
724 209 52 69 0.032364234 
34 201 7 9 0.028286 
232 299 115 118 0.025958128 
564 186 44 58 0.024369955 
591 196 30 45 0.024247132 
715 188 36 40 0.02145627 
1 196 8 12 0.020111028 
