12_Group_Large_Group_12_Group_Large_Group_12_849
64
211 219 16 18 0.95426255 
778 341 17 23 0.93140334 
435 305 13 17 0.5251921 
394 325 19 22 0.39013776 
651 356 18 20 0.18817133 
441 308 12 15 0.1288598 
590 432 25 42 0.11787598 
365 374 31 37 0.11087684 
645 357 16 20 0.09544645 
803 348 24 35 0.09541844 
323 516 66 54 0.09239838 
207 223 22 26 0.066527925 
207 231 13 17 0.065137506 
672 419 14 17 0.056622565 
641 445 29 44 0.056492858 
134 226 13 16 0.05521401 
816 322 40 49 0.05115343 
805 335 37 52 0.047185026 
781 346 27 40 0.04666138 
299 326 18 19 0.04558636 
376 368 31 34 0.040973406 
387 336 18 20 0.03966344 
401 301 10 13 0.03909258 
399 327 24 26 0.03878734 
380 379 15 18 0.037473947 
377 325 50 51 0.036932524 
357 381 27 33 0.036189955 
445 237 11 14 0.035000883 
827 318 27 34 0.034160104 
2 506 43 63 0.033943634 
371 380 16 21 0.033817213 
267 203 12 17 0.033340544 
197 246 11 14 0.032335624 
200 214 41 55 0.031804282 
767 366 15 22 0.031749334 
787 114 46 56 0.031093469 
772 355 25 37 0.030644504 
379 337 29 33 0.02840143 
255 236 12 14 0.02741368 
421 338 16 23 0.027285336 
282 362 15 21 0.026544308 
171 239 11 14 0.026283866 
722 400 27 36 0.0261694 
390 318 12 14 0.025652949 
148 228 15 17 0.025304304 
390 312 10 12 0.025123186 
812 341 15 21 0.024644705 
804 363 17 25 0.024001328 
252 220 10 13 0.023654696 
237 175 9 11 0.023227684 
333 398 13 16 0.023078263 
377 350 31 35 0.022873163 
208 164 10 12 0.0227856 
251 258 16 22 0.02277769 
408 258 11 14 0.02276256 
157 221 12 14 0.022461703 
320 524 109 81 0.021752026 
811 368 13 18 0.021389129 
431 311 14 17 0.021120027 
383 328 16 19 0.021102866 
754 346 39 51 0.020955835 
264 199 11 14 0.020839276 
233 175 8 11 0.020179994 
815 318 27 32 0.02013935 
