12_Group_Team_Organized_Group_12_Group_Team_Organized_Group_12_21
65
262 324 41 42 0.99937123 
562 303 24 27 0.99370766 
355 298 27 33 0.9909147 
470 275 20 25 0.82679206 
427 296 15 17 0.8053372 
519 320 20 23 0.75573075 
555 359 24 32 0.56531537 
481 376 15 20 0.5132102 
433 341 23 29 0.42465055 
383 289 14 21 0.3751407 
435 300 13 16 0.36404097 
449 408 26 27 0.17874482 
438 355 16 23 0.16202733 
421 313 15 16 0.13995536 
429 312 14 17 0.10382305 
508 369 18 21 0.09679831 
501 291 17 22 0.0861207 
390 301 407 511 0.08446629 
615 349 13 17 0.08100012 
462 330 16 21 0.06913565 
410 341 16 20 0.06432256 
510 324 15 19 0.054388527 
413 315 14 17 0.05162197 
514 400 16 21 0.051373515 
248 331 28 38 0.050661314 
492 371 14 19 0.050657116 
461 313 14 19 0.050605364 
503 405 13 16 0.049423408 
396 304 13 18 0.046990935 
462 334 24 32 0.041635446 
582 342 17 23 0.039906673 
372 286 23 30 0.038518015 
387 295 13 18 0.037511375 
506 354 24 30 0.03429652 
444 406 18 21 0.03062824 
564 350 26 35 0.029755525 
543 306 11 17 0.02912945 
511 377 21 30 0.029100282 
243 339 22 37 0.02890993 
470 377 15 19 0.028551584 
625 372 13 16 0.027855838 
492 312 15 21 0.027850721 
412 333 17 20 0.027114367 
470 297 15 19 0.025790516 
415 337 23 28 0.025663704 
465 323 18 22 0.024568744 
348 278 31 38 0.02451832 
456 332 12 18 0.023394296 
405 309 13 17 0.02321664 
549 307 13 19 0.022976052 
460 486 411 515 0.022365116 
455 398 26 31 0.022247856 
383 305 13 18 0.02177401 
562 399 29 33 0.02159333 
500 314 13 18 0.02154349 
501 322 16 22 0.021116225 
411 387 22 29 0.021075184 
377 298 22 29 0.021043865 
242 334 51 55 0.020888077 
462 411 18 20 0.020674499 
390 306 12 16 0.020608893 
579 320 16 21 0.020410059 
510 312 21 26 0.020402359 
410 320 23 27 0.020285333 
504 400 21 26 0.020212615 
