12_Group_Team_Organized_Group_12_Group_Team_Organized_Group_12_340
61
37 -1 50 54 0.9992205 
286 4 52 65 0.99919075 
531 32 49 67 0.9991861 
136 2 47 60 0.9987797 
324 110 58 80 0.9987197 
611 35 50 61 0.9985331 
932 45 34 44 0.9931772 
476 0 40 48 0.9898372 
360 1 30 38 0.97201836 
383 3 40 52 0.95554006 
87 -2 36 45 0.9534519 
0 66 37 66 0.838007 
848 76 38 46 0.70410395 
852 59 32 44 0.5107336 
24 80 30 46 0.45404693 
372 3 34 43 0.2680414 
378 60 31 35 0.19644243 
231 -1 30 28 0.17905408 
433 0 28 26 0.16034713 
846 55 25 34 0.099970475 
849 52 16 21 0.09428464 
662 52 14 19 0.07247332 
506 39 44 64 0.07209562 
413 27 25 38 0.06976725 
488 51 39 56 0.056280244 
10 189 17 22 0.053727683 
421 282 13 15 0.053203024 
532 -1 36 28 0.05267834 
962 51 34 42 0.04788205 
361 39 28 38 0.04569694 
0 119 27 49 0.044618677 
248 129 35 52 0.042270254 
178 15 19 24 0.038479093 
874 109 39 39 0.038311962 
367 53 30 35 0.038032398 
-3 13 39 55 0.03701029 
280 170 11 17 0.036591236 
357 16 30 48 0.036367275 
258 105 32 41 0.034494102 
230 6 34 43 0.03395216 
662 -1 32 26 0.033905804 
875 229 42 57 0.03304974 
530 4 46 51 0.031769924 
857 91 49 51 0.030813465 
975 27 23 38 0.030501233 
83 186 46 59 0.030444913 
191 39 30 40 0.02982933 
970 212 44 75 0.027732514 
218 151 37 51 0.027076822 
393 18 42 53 0.026797857 
427 26 12 17 0.026216589 
14 86 45 66 0.025047364 
249 -1 32 36 0.024103386 
293 175 17 21 0.023483481 
67 145 13 18 0.022195391 
51 134 23 32 0.022044124 
379 41 36 43 0.02135406 
175 0 30 38 0.021036753 
857 57 21 26 0.020997798 
978 54 18 25 0.020674367 
262 1 28 41 0.020098051 
