12_Group_Team_Organized_Group_12_Group_Team_Organized_Group_12_868
24
447 85 82 119 0.9991755 
662 176 15 16 0.051377825 
796 103 15 18 0.04000648 
591 165 10 13 0.037431043 
739 72 13 15 0.03538499 
50 106 15 18 0.031037532 
-28 101 372 459 0.027181013 
822 50 14 16 0.027105961 
806 76 11 15 0.026361287 
-1 417 26 44 0.02546623 
27 91 11 14 0.02513047 
767 101 11 14 0.025070993 
688 116 16 20 0.024948824 
756 114 15 18 0.02486449 
62 127 24 27 0.024401307 
716 72 11 13 0.023391787 
307 273 26 37 0.022513136 
760 103 10 13 0.021871798 
728 168 27 31 0.021132888 
799 76 12 16 0.020807618 
120 100 13 15 0.020744959 
774 43 13 17 0.020417003 
655 96 8 10 0.020097252 
687 111 12 14 0.02008926 
