12_Group_Team_Organized_Group_12_Group_Team_Organized_Group_12_759
23
450 292 92 119 0.9996315 
698 296 84 107 0.997283 
215 291 74 136 0.99204355 
643 351 42 56 0.4781946 
624 438 22 26 0.45850235 
524 375 42 60 0.28085285 
603 408 26 36 0.1950641 
659 332 32 45 0.07900222 
727 532 31 37 0.07614665 
610 338 41 57 0.07016661 
932 472 30 33 0.056890067 
614 365 26 36 0.048446167 
171 304 104 157 0.03836087 
492 336 82 112 0.033563465 
624 363 39 43 0.031941473 
77 -39 436 490 0.024075715 
854 67 26 36 0.02373775 
942 444 15 18 0.023339551 
683 444 17 22 0.022165405 
3 143 67 97 0.022028983 
241 306 94 125 0.02162907 
530 357 30 50 0.021596199 
267 429 30 36 0.021515261 
