12_Group_Large_Group_12_Group_Large_Group_12_143
325
79 207 26 31 0.99605995 
257 216 32 44 0.9929864 
465 227 35 43 0.9924844 
302 166 33 43 0.99102813 
391 233 28 35 0.91562384 
356 253 27 35 0.8900846 
175 202 27 31 0.8508252 
581 217 26 30 0.8214581 
328 79 9 10 0.26312235 
582 231 27 31 0.25045735 
58 210 12 18 0.22495294 
560 238 23 28 0.20976222 
53 192 13 16 0.20601234 
23 189 12 16 0.19445002 
399 225 14 18 0.1711044 
313 94 9 11 0.14505622 
309 79 8 10 0.13901316 
43 173 11 15 0.12866558 
284 95 10 12 0.12670815 
437 245 13 19 0.1208396 
48 193 12 15 0.11972784 
342 78 9 10 0.11912044 
397 133 9 11 0.11826167 
361 49 8 10 0.1130812 
565 37 8 11 0.10277516 
297 63 8 10 0.10078563 
372 71 9 11 0.09661777 
107 450 12 14 0.09601237 
164 192 28 35 0.09376472 
584 28 9 10 0.09095875 
357 28 10 12 0.08641374 
207 221 13 16 0.08394856 
331 54 10 12 0.08205727 
296 71 9 11 0.080211155 
355 243 25 28 0.07624225 
311 86 8 10 0.075105354 
371 39 7 10 0.071173295 
96 214 21 28 0.07054768 
600 48 9 10 0.06908394 
373 76 8 10 0.06762532 
369 62 9 11 0.06568821 
595 69 10 13 0.0654942 
24 224 22 28 0.06501635 
29 126 9 11 0.063925475 
417 5 8 11 0.06367624 
551 47 9 11 0.062183775 
697 63 8 10 0.062149692 
360 86 9 10 0.062037405 
63 184 10 13 0.05782275 
608 55 10 11 0.057699688 
386 80 7 9 0.057633173 
320 64 8 9 0.055334773 
220 218 22 28 0.054355457 
328 60 10 12 0.053729806 
711 79 8 10 0.053356055 
402 47 8 9 0.053213608 
415 119 9 12 0.05129282 
601 5 7 9 0.05125936 
317 142 10 12 0.050558396 
0 59 9 13 0.050478045 
613 56 9 11 0.05033549 
687 4 11 11 0.04982458 
367 47 8 10 0.049349025 
15 175 10 13 0.04925992 
13 128 9 12 0.048978932 
286 88 9 10 0.04883578 
374 88 9 11 0.048111793 
704 7 8 9 0.047808126 
25 151 10 12 0.0471919 
374 44 8 10 0.046252046 
607 5 9 11 0.045638792 
4 183 9 12 0.04493555 
224 196 11 15 0.044648275 
390 32 8 11 0.044511624 
568 235 38 48 0.04380894 
374 22 7 10 0.04318787 
191 209 15 21 0.04315084 
356 110 10 13 0.04312955 
439 92 9 11 0.043087337 
328 73 9 10 0.043061655 
385 32 9 11 0.042632528 
369 93 8 10 0.04240139 
597 64 10 12 0.04217376 
610 28 8 10 0.042056598 
343 73 9 10 0.04192786 
384 48 7 9 0.04156187 
613 21 9 12 0.0410365 
657 44 8 11 0.040781487 
319 71 8 10 0.04059462 
558 48 8 9 0.04045334 
356 70 10 12 0.040412106 
591 6 8 9 0.040247917 
1 206 8 13 0.040231332 
311 72 8 10 0.040222663 
140 209 13 17 0.040197853 
107 221 15 21 0.040033907 
607 228 14 17 0.0399931 
334 78 8 11 0.03843575 
345 63 7 10 0.03838448 
337 7 10 12 0.038318146 
400 86 8 11 0.03794841 
304 95 9 10 0.037274737 
615 1 9 11 0.03715956 
60 84 10 12 0.03690295 
367 54 8 10 0.03653408 
471 404 241 275 0.036508635 
406 233 22 31 0.03649484 
422 23 8 10 0.03646488 
344 100 10 12 0.036209803 
584 38 10 12 0.03595085 
407 103 9 11 0.035592113 
21 172 11 15 0.035522338 
614 71 11 12 0.03549458 
670 56 9 11 0.035411004 
312 7 10 10 0.03502776 
349 96 8 10 0.034834333 
607 40 9 10 0.034808595 
702 87 9 10 0.03479583 
313 48 9 10 0.034786765 
558 64 9 10 0.034724638 
443 28 9 11 0.03452758 
335 72 7 10 0.03398366 
3 157 11 13 0.033924147 
367 160 10 13 0.033861395 
0 213 9 14 0.03370632 
665 62 8 11 0.033591717 
210 216 22 26 0.03357844 
280 48 8 10 0.03337417 
62 102 8 11 0.0333389 
53 190 20 27 0.03332919 
640 8 8 10 0.03316601 
13 225 20 29 0.033148885 
304 38 9 10 0.03296007 
720 5 7 9 0.03224019 
769 25 9 10 0.03210296 
2 235 11 16 0.032087576 
432 7 9 11 0.03208012 
553 71 9 12 0.031924568 
383 86 8 10 0.03166877 
289 80 8 9 0.03163234 
287 38 8 10 0.031544562 
679 79 8 10 0.031440493 
657 120 8 10 0.03140527 
589 37 9 11 0.031211885 
295 76 9 10 0.031101212 
374 135 10 13 0.030961266 
263 87 10 12 0.030885298 
313 64 8 9 0.03081688 
340 237 13 18 0.030797925 
447 104 11 12 0.030736005 
414 134 10 12 0.030483518 
321 79 8 10 0.030427393 
621 487 48 57 0.030346435 
582 47 10 10 0.030274877 
557 93 10 12 0.030249193 
157 185 23 32 0.030215034 
32 141 10 12 0.030177614 
356 238 16 20 0.030153068 
333 59 9 12 0.030080799 
231 70 9 11 0.029973514 
358 64 8 11 0.029870797 
638 14 8 11 0.029819181 
64 144 10 11 0.029786788 
288 32 7 9 0.029680355 
318 87 8 10 0.029388923 
22 182 12 14 0.029118514 
34 233 18 23 0.029043712 
376 116 9 12 0.0288762 
585 6 9 10 0.028851112 
802 40 7 9 0.028849926 
320 170 26 40 0.028785372 
281 88 9 11 0.028666899 
551 244 14 18 0.028558834 
345 47 8 10 0.028545355 
54 142 8 11 0.02848336 
698 86 9 10 0.028468631 
606 47 8 9 0.028456032 
680 16 8 10 0.028435644 
432 48 8 9 0.028427228 
358 78 10 12 0.028391683 
681 38 7 10 0.028242473 
16 103 8 10 0.02821535 
305 87 8 10 0.02820505 
357 105 10 10 0.028088987 
311 334 12 16 0.027741248 
296 2 9 9 0.027716769 
401 40 8 10 0.02770779 
344 54 9 10 0.02770495 
104 197 12 15 0.027651597 
40 188 11 14 0.027568722 
392 219 12 16 0.027548533 
489 99 10 12 0.027524423 
660 119 10 11 0.027244639 
398 524 10 12 0.02716171 
56 125 8 10 0.027012484 
588 30 9 11 0.026999079 
656 158 9 12 0.026957238 
341 120 9 10 0.0268343 
692 23 9 11 0.026808318 
574 80 9 11 0.026799504 
400 53 8 11 0.026748046 
394 518 9 12 0.0267268 
0 98 8 14 0.02666151 
406 8 8 10 0.026613018 
314 13 8 11 0.026507726 
731 547 92 137 0.026423888 
385 55 8 11 0.026360162 
281 100 9 12 0.02633241 
401 8 8 10 0.026212752 
449 7 10 11 0.026198624 
67 202 25 33 0.026192773 
326 110 8 10 0.026170945 
646 117 9 11 0.026083872 
570 237 17 22 0.025951644 
25 154 13 16 0.025895732 
663 125 9 11 0.025747828 
449 2 10 10 0.025698151 
183 195 21 26 0.0256806 
562 31 9 11 0.025596712 
651 24 8 11 0.025523447 
312 24 7 9 0.025391074 
143 104 10 11 0.025376089 
294 112 10 12 0.025309825 
286 55 7 9 0.025282538 
343 86 8 9 0.025253857 
593 228 26 28 0.02522954 
161 159 8 11 0.025123844 
57 68 10 12 0.024961738 
304 32 9 11 0.024891645 
369 33 7 9 0.024830995 
249 71 8 9 0.024496637 
609 1 9 10 0.02420871 
47 159 9 10 0.024206122 
6 78 9 12 0.024177711 
352 87 8 9 0.024166325 
76 324 17 21 0.024132224 
183 155 11 14 0.024063664 
435 253 17 21 0.024022283 
645 6 10 11 0.023994561 
302 71 8 10 0.023869202 
374 55 8 10 0.023845727 
600 41 9 10 0.023805209 
260 295 39 50 0.02377904 
286 16 8 10 0.023721987 
37 118 9 11 0.023349546 
389 62 9 11 0.023334734 
226 233 15 19 0.023296382 
51 206 20 28 0.023270033 
420 1 9 10 0.023218755 
574 130 12 14 0.023215711 
773 29 8 10 0.023128932 
686 175 8 10 0.02309988 
265 158 9 11 0.023085177 
520 22 8 10 0.023077179 
369 15 7 10 0.02301508 
352 64 9 10 0.023000788 
567 2 8 9 0.022988297 
215 192 13 18 0.022986343 
295 88 9 10 0.022983568 
1000 172 10 12 0.022889895 
235 79 10 11 0.022848124 
317 6 9 11 0.02283614 
584 2 8 9 0.022761403 
367 102 9 11 0.022707881 
391 47 8 10 0.022694632 
203 222 22 28 0.022668235 
680 100 10 13 0.022623383 
284 325 16 25 0.022622144 
367 88 8 11 0.022586431 
336 103 9 11 0.022565736 
359 189 12 16 0.022550521 
421 5 9 11 0.022528628 
455 122 13 15 0.02251674 
67 186 13 17 0.022496099 
574 5 8 10 0.022479087 
239 203 11 13 0.022477886 
664 39 8 11 0.022416918 
302 23 9 11 0.022389702 
296 57 8 10 0.022389576 
588 238 31 34 0.022349788 
382 109 10 13 0.022237618 
5 164 10 12 0.022203714 
657 8 9 11 0.02220274 
250 78 9 10 0.022190144 
593 53 8 11 0.022136874 
386 60 9 12 0.022040032 
409 69 9 11 0.022025509 
334 49 8 10 0.021986742 
265 20 8 11 0.021968588 
405 45 8 10 0.021903895 
910 175 26 31 0.021830253 
550 52 9 11 0.021808172 
352 75 9 12 0.021780439 
615 215 10 11 0.02178039 
249 65 8 10 0.02177398 
383 116 10 13 0.021706948 
350 47 9 10 0.021692932 
128 203 12 16 0.021573402 
316 157 13 16 0.021570936 
559 118 11 13 0.0215353 
72 161 11 14 0.0214971 
134 201 13 18 0.02142257 
656 70 9 11 0.021370573 
390 96 10 11 0.02135612 
240 62 8 10 0.021339083 
34 110 8 9 0.021249905 
60 62 9 11 0.021094596 
372 162 10 13 0.021081464 
693 5 9 10 0.02083695 
391 127 11 13 0.02076962 
318 101 9 11 0.020721927 
351 102 8 10 0.020715995 
309 31 9 10 0.020651804 
375 16 8 9 0.020513581 
660 70 11 12 0.020404372 
354 24 10 12 0.020400718 
597 74 10 14 0.020375876 
680 71 8 10 0.020374918 
687 120 9 10 0.020324461 
416 24 9 11 0.020312473 
406 40 8 10 0.020305216 
219 251 23 34 0.020244682 
337 23 7 10 0.020193214 
662 45 8 10 0.0201421 
208 453 11 15 0.020095503 
