12_Group_Group_12_Group_Group_12_293
38
371 100 46 61 0.9988048 
106 140 62 54 0.9986663 
521 142 57 65 0.9963643 
6 83 30 38 0.99466336 
648 87 27 36 0.9933711 
903 132 45 59 0.9903554 
577 130 39 49 0.97749877 
756 146 42 61 0.9523957 
823 155 37 47 0.9388021 
525 289 63 62 0.41403112 
660 156 27 33 0.3612517 
603 131 29 39 0.2567854 
652 115 24 30 0.11964962 
600 173 24 37 0.11479122 
350 110 24 35 0.096160404 
123 259 25 31 0.05288993 
611 136 18 24 0.052198727 
644 158 34 40 0.045908894 
576 101 12 14 0.044878 
599 291 47 55 0.04095005 
728 86 27 33 0.03973373 
676 124 33 50 0.035186894 
558 293 58 61 0.03475049 
682 106 20 30 0.032642674 
502 132 11 17 0.030714916 
700 148 348 464 0.029306289 
346 129 26 48 0.028189514 
670 140 29 43 0.02614912 
1 252 15 22 0.025546962 
5 363 31 54 0.024726845 
565 107 45 58 0.02433165 
895 614 24 26 0.023991551 
312 138 40 49 0.022911064 
610 142 27 40 0.022084912 
170 120 40 53 0.021725079 
422 517 15 19 0.021693857 
922 586 26 29 0.02098585 
803 160 34 45 0.020615228 
