12_Group_Group_12_Group_Group_12_29
20
81 204 92 122 0.9999031 
264 213 69 92 0.99887484 
510 196 64 84 0.9988601 
800 202 84 103 0.99762255 
931 213 50 69 0.98091024 
321 184 49 66 0.27777648 
477 191 17 23 0.06280966 
959 215 44 67 0.048384797 
298 194 57 76 0.042679276 
474 194 26 33 0.035829984 
469 199 15 20 0.032944273 
478 203 33 42 0.028548438 
488 189 43 62 0.028350031 
493 180 10 13 0.027153699 
988 522 40 55 0.026830034 
991 470 32 42 0.026250908 
935 204 28 50 0.025298633 
238 151 407 475 0.023308419 
339 201 52 72 0.022479257 
998 213 27 49 0.022004522 
