12_Group_Large_Group_12_Group_Large_Group_12_354
49
353 336 51 70 0.9987458 
22 303 79 135 0.9980268 
215 359 67 94 0.9960877 
825 240 205 396 0.98849547 
444 369 37 48 0.97830814 
650 365 50 90 0.87268114 
283 337 51 72 0.19151843 
264 457 52 57 0.16766961 
228 496 29 40 0.13840808 
261 529 65 72 0.0908126 
620 499 26 43 0.078658536 
404 314 41 55 0.07093731 
202 478 12 15 0.0640664 
527 420 12 20 0.059046708 
631 222 354 441 0.049197964 
247 475 46 54 0.03931042 
168 464 11 13 0.036303706 
381 77 47 58 0.034591407 
236 508 16 23 0.034498163 
294 475 37 47 0.032399543 
238 541 11 15 0.031433303 
246 342 56 81 0.03092449 
660 369 78 107 0.030202301 
530 424 15 20 0.030118963 
184 529 9 10 0.030014018 
533 423 24 29 0.029737398 
402 338 41 60 0.029208334 
160 524 10 12 0.028912187 
304 455 44 58 0.02783292 
551 474 13 18 0.027416773 
334 311 429 479 0.026893241 
195 599 111 152 0.026881933 
210 508 10 13 0.026627934 
265 529 41 38 0.025400205 
264 326 52 69 0.025388896 
70 37 43 45 0.025327286 
618 472 32 37 0.023979 
23 54 13 13 0.023362976 
199 605 30 31 0.023158215 
693 380 81 105 0.02249966 
221 495 186 226 0.02245027 
753 361 38 71 0.021817619 
408 180 30 34 0.021537056 
631 389 12 18 0.020996453 
641 393 38 63 0.020994475 
759 327 187 273 0.020798828 
521 419 22 31 0.020539697 
214 527 10 13 0.0204273 
550 419 14 20 0.020402381 
