12_Group_Large_Group_12_Group_Large_Group_12_43
46
704 268 32 41 0.9997602 
451 223 27 36 0.99961096 
777 292 33 38 0.9996101 
816 251 29 34 0.99955744 
743 252 29 36 0.99937564 
224 231 39 49 0.9992716 
545 247 27 35 0.9992606 
473 267 33 43 0.99921393 
646 271 35 46 0.9991509 
383 280 34 41 0.9989666 
186 209 34 43 0.99885535 
683 215 25 31 0.99847656 
565 271 37 46 0.9984528 
100 237 42 49 0.9981534 
341 217 29 35 0.9979857 
897 282 38 42 0.9969098 
616 233 29 37 0.9965229 
487 207 21 26 0.9883888 
545 208 21 25 0.9706516 
403 204 21 26 0.92913353 
642 219 17 24 0.6246529 
332 197 13 17 0.32679594 
518 464 16 21 0.23437846 
299 194 15 18 0.16073135 
626 225 27 34 0.1351842 
309 209 22 25 0.06617646 
317 191 11 14 0.053868923 
896 643 22 30 0.051650304 
552 256 28 34 0.048451144 
325 211 13 18 0.031412497 
305 196 23 28 0.031062908 
512 466 14 19 0.028422495 
334 199 19 25 0.02832669 
729 253 34 44 0.02710941 
671 256 30 36 0.027105236 
44 90 35 45 0.026919924 
476 200 24 29 0.026779534 
327 190 11 15 0.025718307 
409 198 17 23 0.024492314 
348 197 13 15 0.0224561 
642 201 14 16 0.022385126 
294 199 15 19 0.02190321 
309 189 14 18 0.021734202 
837 234 14 17 0.021230783 
340 191 11 12 0.021226905 
310 501 16 19 0.021192685 
