12_Group_Group_12_Group_Group_12_522
79
372 301 38 49 0.9985454 
504 390 44 53 0.9982414 
598 264 39 46 0.99792093 
266 293 38 49 0.9978381 
359 403 45 54 0.9976604 
655 396 43 54 0.99709356 
301 231 37 45 0.99708086 
723 293 38 52 0.996789 
397 227 37 49 0.996398 
792 283 44 53 0.996021 
887 289 43 55 0.9957653 
491 246 41 54 0.99361354 
189 230 39 50 0.9912743 
684 228 42 49 0.9888102 
821 243 37 44 0.98500764 
113 230 40 47 0.98059356 
45 438 32 42 0.84046936 
583 748 20 19 0.1963454 
278 693 17 19 0.12076925 
811 255 42 53 0.115661606 
610 715 17 21 0.11031729 
337 623 18 22 0.10669936 
605 628 22 27 0.07571064 
381 21 16 18 0.060008336 
826 726 23 27 0.058375962 
338 208 15 19 0.05628512 
421 701 17 22 0.05089893 
866 750 18 17 0.050191693 
602 719 25 30 0.049438648 
441 576 17 23 0.04906695 
366 50 13 16 0.048840366 
372 52 14 17 0.045079343 
590 735 27 29 0.041720696 
749 172 9 11 0.04004611 
674 339 40 50 0.039804004 
498 735 20 23 0.03892229 
406 652 13 15 0.038710337 
6 454 31 36 0.037536897 
332 629 18 22 0.03601819 
50 435 18 24 0.033579204 
699 291 30 39 0.031484954 
645 3 89 110 0.029715627 
0 443 17 20 0.029708134 
426 401 36 51 0.028547842 
290 403 44 57 0.028530125 
62 442 20 23 0.028279407 
378 49 17 22 0.02813292 
427 631 28 30 0.027954113 
320 628 24 28 0.027577374 
379 639 17 21 0.027568614 
414 179 8 12 0.02717193 
443 746 15 18 0.027085157 
366 200 10 12 0.026922582 
494 715 14 17 0.026281713 
741 190 11 13 0.026229104 
583 722 45 45 0.026043942 
867 742 29 24 0.02534646 
570 712 20 22 0.024917364 
572 729 28 32 0.024824847 
735 175 10 10 0.024581695 
389 696 14 16 0.023858028 
572 706 16 17 0.023533307 
396 19 13 15 0.02350109 
598 730 17 20 0.02323515 
395 635 14 18 0.022359388 
370 633 17 22 0.02218121 
229 702 13 16 0.022073986 
412 643 15 17 0.021980777 
413 411 39 54 0.02176544 
37 445 23 37 0.0215821 
413 87 12 14 0.021178655 
492 712 24 30 0.021157382 
390 724 14 18 0.0210881 
609 622 17 20 0.02103542 
703 234 31 36 0.021007314 
147 356 396 472 0.020960487 
392 592 10 11 0.02086902 
226 231 23 31 0.020783018 
610 724 31 34 0.020428868 
