12_Group_Group_12_Group_Group_12_179
21
88 223 56 66 0.99978393 
786 253 53 70 0.99964476 
636 247 56 65 0.99961996 
227 238 53 64 0.99959236 
491 202 58 75 0.9995371 
723 200 52 60 0.99920064 
895 246 53 68 0.9987968 
356 233 47 61 0.99861693 
447 141 47 57 0.99708635 
269 159 40 48 0.99674964 
310 198 45 56 0.9959033 
147 201 44 51 0.99410975 
980 287 9 11 0.13253635 
999 327 10 13 0.044705383 
982 245 9 13 0.026411643 
358 489 61 49 0.026268134 
308 42 15 19 0.024119463 
1000 287 10 12 0.02228395 
312 408 29 34 0.022185668 
1004 245 10 14 0.021803292 
843 373 43 53 0.021280825 
