12_Group_Large_Group_12_Group_Large_Group_12_771
20
168 181 387 488 0.999826 
534 285 111 209 0.19687246 
599 922 215 316 0.19314685 
7 818 444 524 0.15716986 
775 990 86 110 0.14130488 
567 365 87 156 0.10170239 
936 1512 9 12 0.0657195 
453 131 119 159 0.050067537 
727 977 111 145 0.046380937 
465 13 78 72 0.043817468 
130 43 355 451 0.034109518 
246 359 449 550 0.03119564 
496 134 125 204 0.024006713 
904 1511 11 12 0.023238678 
674 960 131 186 0.02309336 
285 107 132 113 0.022887575 
512 810 381 499 0.02190834 
310 55 335 486 0.021727484 
260 17 194 247 0.020450216 
706 834 186 288 0.020107388 
