12_Group_Team_Organized_Group_12_Group_Team_Organized_Group_12_461
122
39 299 31 36 0.9952057 
401 283 28 35 0.9903989 
250 283 26 31 0.98381203 
908 424 23 26 0.97957945 
180 317 16 22 0.90650886 
285 301 13 16 0.9002817 
485 302 44 50 0.8835189 
356 309 21 26 0.8798081 
341 413 24 34 0.8213998 
313 307 10 13 0.76131094 
155 309 11 14 0.70650476 
633 297 26 33 0.704736 
330 326 17 20 0.6889731 
117 311 11 15 0.44728658 
909 328 11 14 0.36559546 
951 441 21 26 0.19159648 
135 305 13 17 0.13434696 
831 416 15 24 0.1237658 
461 298 45 52 0.122569695 
839 414 22 28 0.11281191 
1000 289 11 13 0.110510334 
46 286 25 31 0.10602297 
262 288 17 23 0.08896404 
962 442 17 22 0.08844851 
28 549 15 19 0.082668275 
849 408 24 31 0.08126025 
906 328 21 28 0.077799305 
886 434 14 18 0.075844355 
115 317 16 21 0.069975175 
869 409 14 21 0.06838486 
870 573 11 14 0.06600924 
943 444 21 27 0.06477352 
124 309 11 16 0.063470714 
1005 290 10 13 0.06119664 
567 574 20 22 0.061147027 
361 302 18 22 0.06095947 
507 280 41 59 0.059239123 
329 444 15 19 0.056565795 
243 286 21 24 0.05120788 
450 284 38 53 0.05065284 
1014 292 9 14 0.049385365 
992 291 10 12 0.048332017 
993 358 9 11 0.048304193 
309 302 17 22 0.045877356 
76 538 12 16 0.044822417 
29 541 15 18 0.04360609 
860 409 17 25 0.04356925 
186 310 14 20 0.042266358 
969 450 14 19 0.042246174 
18 305 14 19 0.042189006 
542 482 28 38 0.04027399 
99 307 12 18 0.0391219 
167 316 12 18 0.03906709 
1012 317 10 14 0.038039543 
930 448 15 21 0.03802745 
1014 324 9 13 0.03763566 
177 422 24 32 0.037103925 
926 330 12 15 0.03701177 
208 300 11 13 0.03700696 
518 275 25 43 0.036540724 
198 552 14 18 0.034701698 
608 289 9 11 0.03257828 
637 294 16 20 0.03173108 
314 318 21 27 0.03171458 
324 451 15 16 0.031697873 
169 507 16 17 0.031604968 
356 323 17 22 0.030876739 
290 377 15 18 0.030748457 
906 466 15 19 0.030692227 
66 640 8 10 0.030615415 
414 282 28 35 0.029884124 
862 441 16 19 0.029826853 
41 370 18 21 0.029723603 
982 313 13 18 0.028812062 
308 324 14 19 0.02880224 
141 538 16 21 0.028500432 
915 375 20 22 0.028499693 
528 479 31 41 0.028148908 
278 375 25 32 0.028045833 
727 252 32 55 0.027726557 
523 552 23 30 0.027268609 
195 293 13 15 0.027154615 
301 291 11 14 0.027009062 
982 358 9 11 0.026544204 
932 327 10 13 0.026374387 
638 306 29 39 0.026185518 
598 588 12 17 0.02615391 
368 306 17 22 0.025868187 
987 379 13 16 0.025495822 
948 370 11 14 0.025242789 
912 335 24 28 0.025124699 
947 437 17 22 0.024984451 
853 395 10 14 0.024858404 
64 662 9 13 0.024837015 
631 303 18 23 0.024337763 
529 273 23 35 0.024234433 
2 267 16 23 0.024060495 
354 420 26 33 0.024020996 
829 421 22 31 0.023758331 
539 274 25 31 0.023744246 
291 295 12 15 0.0231046 
852 392 9 11 0.023014393 
934 354 13 16 0.022965608 
862 434 13 18 0.022737741 
56 284 16 22 0.022560045 
925 410 14 18 0.022543777 
74 386 16 19 0.021970363 
28 571 11 14 0.021848813 
987 124 11 14 0.021355402 
913 326 14 16 0.021307698 
985 294 8 11 0.021230849 
598 288 11 13 0.021150228 
318 458 15 16 0.020976027 
897 323 40 51 0.020884493 
293 433 24 28 0.020793002 
876 404 13 17 0.020698253 
982 402 16 18 0.020682892 
307 511 18 22 0.02038362 
65 668 10 12 0.020375406 
293 437 14 19 0.020287959 
877 441 12 16 0.02009986 
555 287 15 19 0.02003458 
