12_Group_Group_12_Group_Group_12_794
28
556 38 60 64 0.7997976 
367 154 42 54 0.67124736 
451 169 33 45 0.41504276 
471 148 25 41 0.23486187 
387 159 30 47 0.19392335 
653 132 30 38 0.14324589 
503 74 40 47 0.09053813 
506 119 119 185 0.059213135 
658 128 47 49 0.05770055 
525 47 60 70 0.049144555 
394 96 31 34 0.048087377 
1 291 10 20 0.045232743 
689 68 30 28 0.038779315 
277 59 432 407 0.03451275 
578 65 56 70 0.033585485 
497 48 63 70 0.032988988 
432 158 38 58 0.031245114 
580 48 48 45 0.029356305 
452 137 45 61 0.028262444 
393 176 19 28 0.027224617 
-53 346 365 435 0.026738435 
0 284 18 37 0.026199348 
399 154 38 57 0.02602775 
515 96 177 285 0.025660021 
498 450 14 16 0.025147868 
400 510 123 148 0.023349786 
478 139 30 42 0.023028422 
597 88 38 42 0.020132296 
