12_Group_Large_Group_12_Group_Large_Group_12_86
407
900 405 11 13 0.7551967 
620 392 10 12 0.6537495 
717 399 9 12 0.59394324 
919 407 10 12 0.57549626 
823 398 9 11 0.55895793 
702 394 11 13 0.5425128 
747 400 15 18 0.4611893 
984 406 9 12 0.4329387 
673 398 9 11 0.41650572 
598 395 9 12 0.3337121 
637 391 9 12 0.3114605 
958 392 8 12 0.29625958 
965 407 9 12 0.29486832 
712 398 10 12 0.2804014 
463 403 13 16 0.27942824 
577 391 7 10 0.2545673 
913 392 9 12 0.24631883 
856 393 8 11 0.2432493 
463 358 12 17 0.2220828 
685 439 9 10 0.2142254 
574 457 9 11 0.20984474 
877 418 15 19 0.20212437 
272 384 9 11 0.17496303 
800 400 8 10 0.17492111 
877 380 9 12 0.17402697 
871 404 10 12 0.17372139 
650 396 9 11 0.17205621 
703 437 7 10 0.1698131 
224 368 8 10 0.15522715 
511 405 10 13 0.14841492 
210 382 7 10 0.14382724 
144 383 8 10 0.13327736 
696 427 10 13 0.13110659 
503 410 11 13 0.12599844 
792 428 8 11 0.1224051 
768 396 9 11 0.117932275 
997 438 8 13 0.11707912 
702 430 9 12 0.11607971 
398 376 8 10 0.114621155 
542 391 7 11 0.10888923 
364 407 9 13 0.10515238 
331 393 12 16 0.10502904 
850 397 8 9 0.10462044 
901 431 9 11 0.10394805 
941 391 8 10 0.10018854 
927 413 9 11 0.09940846 
824 403 9 11 0.09811906 
816 416 9 10 0.09728634 
265 374 8 11 0.09638032 
44 362 11 13 0.095739394 
633 395 9 11 0.094962575 
756 419 14 17 0.093543276 
581 391 8 10 0.09326441 
990 399 9 11 0.092817865 
512 399 10 13 0.0917393 
663 417 8 11 0.09138412 
660 448 10 12 0.08947164 
491 481 14 17 0.08896202 
648 393 8 10 0.08874239 
142 366 11 15 0.086336695 
146 390 8 10 0.085659266 
394 375 8 10 0.084686 
454 355 11 16 0.08457135 
249 383 7 9 0.084478535 
917 399 8 10 0.083616205 
199 367 9 10 0.082726754 
270 373 9 12 0.08079267 
831 414 8 10 0.07975596 
719 428 12 14 0.07968687 
623 448 9 12 0.079014875 
924 408 9 10 0.07785831 
544 413 9 11 0.07775059 
999 407 8 11 0.076457806 
985 402 10 11 0.076182805 
558 393 7 10 0.07497925 
724 421 11 14 0.074429154 
697 438 8 10 0.072197914 
209 376 7 9 0.07079009 
68 370 11 16 0.06971657 
335 372 11 15 0.06970066 
875 399 10 11 0.06879279 
737 413 9 13 0.06848917 
720 382 8 10 0.06789906 
774 399 7 9 0.06779808 
334 367 9 12 0.067320734 
438 348 10 12 0.06720951 
166 392 7 9 0.066521205 
276 367 9 12 0.065552555 
545 446 8 10 0.06485578 
464 387 12 15 0.064664446 
121 382 8 10 0.06426591 
937 381 9 11 0.0639538 
614 407 9 10 0.06382586 
185 358 8 10 0.06361617 
159 413 9 10 0.06347571 
594 391 8 11 0.06303986 
225 373 8 9 0.0629704 
240 366 7 10 0.06181495 
678 392 8 10 0.061756965 
408 364 8 10 0.06076667 
255 384 8 10 0.060032316 
339 379 14 18 0.05900002 
176 374 8 10 0.05899664 
687 443 8 11 0.05876307 
468 350 11 14 0.056940004 
799 429 10 11 0.05666355 
656 417 8 11 0.056640375 
232 374 7 10 0.05569005 
452 350 11 14 0.05567542 
552 428 10 12 0.055622056 
736 419 10 14 0.055509396 
727 384 9 10 0.055103123 
830 407 7 9 0.055096794 
153 409 8 10 0.05497829 
262 360 8 11 0.05476041 
329 371 9 13 0.054081865 
647 430 10 12 0.0540033 
954 390 9 12 0.053898364 
151 368 8 11 0.0537093 
687 391 8 10 0.0535428 
456 431 10 13 0.05273489 
169 368 8 10 0.05262775 
719 412 12 13 0.05239174 
840 407 7 9 0.05221476 
806 438 9 11 0.051342513 
261 366 10 12 0.05129808 
974 356 8 11 0.050220322 
215 388 7 10 0.050048042 
416 365 8 11 0.049658883 
963 412 9 11 0.049646724 
303 388 8 11 0.049377386 
698 374 8 11 0.049301557 
239 383 7 9 0.04847661 
229 368 8 9 0.04828901 
699 396 9 12 0.047633756 
766 420 10 13 0.04660311 
239 375 7 10 0.046066087 
704 490 11 17 0.045709565 
748 407 17 19 0.04567721 
517 362 11 14 0.04503144 
437 363 9 12 0.044475105 
536 461 8 11 0.044366997 
873 456 9 12 0.0433959 
824 414 9 11 0.043349896 
421 358 8 11 0.04285555 
264 381 7 10 0.042468954 
417 422 10 13 0.0424587 
720 435 12 14 0.042305507 
404 434 11 13 0.041620042 
303 367 9 11 0.041317664 
256 366 10 11 0.041252106 
866 406 9 11 0.04080822 
535 396 9 13 0.040722493 
720 391 9 12 0.039994303 
560 424 9 11 0.03992033 
726 389 9 12 0.039748844 
647 437 8 10 0.03936592 
418 360 7 10 0.03936509 
234 382 7 9 0.039278325 
736 428 10 14 0.039107762 
699 422 11 14 0.039003067 
720 464 7 11 0.038968686 
536 391 9 12 0.038888093 
528 391 9 11 0.03882219 
510 349 9 11 0.038788006 
359 367 8 11 0.038746152 
740 410 13 16 0.038656853 
422 366 8 11 0.038647924 
464 356 20 25 0.038612008 
421 350 10 12 0.038502082 
174 369 8 11 0.038130045 
511 344 7 9 0.037988845 
709 393 10 12 0.03795133 
571 459 10 13 0.03794683 
558 429 10 11 0.03781513 
277 383 8 11 0.03776897 
767 381 9 12 0.037527274 
932 415 9 11 0.03745485 
401 392 9 11 0.03710337 
248 376 6 9 0.036802933 
240 399 7 10 0.036725648 
184 398 8 10 0.036669094 
360 399 8 10 0.03660411 
554 397 9 11 0.036587246 
670 413 9 11 0.036447003 
31 364 9 12 0.036218025 
937 377 8 11 0.036202326 
177 382 7 9 0.036193 
927 400 8 10 0.035988033 
680 432 8 11 0.03583953 
652 339 10 12 0.03564597 
191 389 8 10 0.035606943 
936 397 9 11 0.03556715 
630 453 8 11 0.035542227 
570 406 7 9 0.035386812 
405 376 8 9 0.03538467 
874 377 8 11 0.03534732 
279 406 7 10 0.035172395 
769 372 10 13 0.034828626 
551 407 8 10 0.034787055 
774 430 9 11 0.034626152 
787 333 11 13 0.03456904 
170 373 7 9 0.034517467 
249 389 8 10 0.034465272 
101 379 10 13 0.034205005 
665 398 9 12 0.033894386 
157 439 16 17 0.03382519 
201 372 8 10 0.033764083 
942 397 8 10 0.03371364 
255 389 7 9 0.03344588 
773 421 8 10 0.033287488 
913 407 9 11 0.033151314 
989 382 9 11 0.03305399 
461 424 10 11 0.03303635 
912 447 10 11 0.032756537 
976 412 8 11 0.032722875 
605 390 8 11 0.03270018 
619 453 8 11 0.032620277 
214 376 6 9 0.032535344 
193 366 7 10 0.031962484 
13 386 12 18 0.03194236 
423 390 10 11 0.031665638 
463 351 11 15 0.031665433 
975 351 9 11 0.031657834 
804 399 8 11 0.031614408 
433 366 8 11 0.03145561 
560 444 9 11 0.031308115 
845 462 10 14 0.031199405 
697 368 8 11 0.030993568 
756 437 11 13 0.030987268 
653 392 8 11 0.030879643 
576 394 10 14 0.030612303 
393 369 8 9 0.030511279 
739 452 12 15 0.030495357 
813 437 8 11 0.030481257 
352 366 8 11 0.030467266 
837 445 10 13 0.030391429 
860 391 8 11 0.030265061 
904 382 9 11 0.030092072 
533 476 16 21 0.029806573 
832 383 8 9 0.029576683 
120 389 9 12 0.029553112 
997 399 7 10 0.029443871 
827 365 8 11 0.029278578 
458 403 11 16 0.029175647 
864 434 11 14 0.02907 
97 376 9 11 0.028924828 
831 446 10 12 0.028873008 
670 429 8 11 0.028824845 
976 407 9 11 0.028818091 
725 414 11 14 0.028788365 
367 389 9 11 0.028643448 
484 341 10 12 0.028635344 
535 471 11 15 0.028519506 
863 412 10 12 0.028326206 
557 375 8 10 0.028302288 
711 471 9 12 0.028257176 
556 472 11 13 0.028217388 
360 372 8 10 0.027865466 
735 453 10 14 0.02767736 
494 456 9 12 0.027603632 
429 398 10 12 0.02734761 
553 368 8 10 0.027299887 
383 424 11 13 0.027003758 
628 448 9 11 0.026940623 
287 421 8 11 0.026824445 
209 387 9 11 0.026817936 
975 375 9 11 0.026708513 
439 380 9 13 0.026682694 
959 385 8 10 0.026634155 
616 356 8 10 0.0266245 
806 431 8 11 0.026622571 
901 436 10 11 0.026573934 
649 415 9 12 0.026557967 
190 384 8 10 0.026430292 
785 376 9 11 0.026425196 
473 362 15 17 0.026398778 
664 391 8 10 0.026126636 
813 382 8 11 0.026085848 
148 372 9 11 0.026043292 
455 360 13 18 0.026029948 
617 386 17 22 0.025985712 
828 399 7 10 0.025798958 
863 398 9 11 0.02574159 
837 453 10 13 0.025706414 
698 393 8 10 0.025703197 
518 349 9 11 0.025688233 
559 438 11 12 0.025545007 
943 376 8 10 0.025503317 
541 472 10 13 0.025376245 
278 361 8 10 0.025352241 
439 375 9 11 0.025309429 
760 383 8 10 0.025254643 
388 405 9 13 0.025211846 
952 384 8 9 0.025206285 
777 437 9 12 0.025194319 
894 367 7 8 0.025136754 
184 382 7 10 0.024971478 
954 438 8 10 0.024958536 
241 361 7 9 0.024906294 
149 383 8 10 0.024887811 
774 381 8 11 0.024742538 
736 406 10 14 0.024701482 
565 422 9 11 0.024438972 
162 391 8 10 0.024358 
465 396 14 19 0.02435573 
688 432 9 11 0.0242746 
552 392 9 11 0.024270294 
601 413 8 10 0.02425906 
599 405 8 11 0.024145188 
137 371 11 13 0.02412313 
998 431 9 13 0.02405933 
669 423 9 10 0.024019526 
670 337 11 15 0.023907006 
296 358 7 9 0.023845147 
648 420 10 13 0.023790833 
919 382 10 11 0.023729892 
199 361 8 9 0.02372731 
501 419 14 17 0.023719145 
920 377 8 10 0.023690432 
125 352 10 12 0.023595158 
877 388 9 12 0.023572328 
998 351 8 11 0.023544278 
760 391 9 11 0.02350629 
224 383 8 10 0.02344549 
234 438 8 11 0.023363039 
818 404 8 11 0.023295907 
807 415 8 10 0.023273133 
981 367 8 10 0.02324363 
121 352 8 11 0.023135645 
955 395 9 13 0.023134029 
617 374 9 12 0.023056036 
341 367 10 13 0.022987062 
444 606 13 15 0.022974396 
241 405 7 10 0.022960633 
580 461 9 11 0.022912504 
800 415 9 11 0.022907907 
520 344 8 10 0.022893712 
449 356 10 14 0.022884412 
714 460 9 12 0.022830322 
960 422 9 11 0.022653796 
950 375 7 10 0.022639811 
543 441 9 11 0.022593366 
553 381 9 10 0.022585616 
631 386 18 22 0.022533096 
461 384 20 26 0.022473238 
928 420 10 12 0.022439808 
631 462 9 11 0.022382926 
617 382 9 12 0.02232542 
367 368 7 10 0.022289254 
592 349 9 10 0.022274341 
663 383 8 10 0.022218378 
182 375 7 10 0.022205723 
904 377 8 9 0.022166537 
695 417 11 12 0.021895938 
384 381 6 9 0.021844018 
789 380 8 12 0.02172603 
654 429 8 11 0.02162765 
724 397 10 12 0.021579342 
914 412 9 11 0.021571122 
712 393 18 23 0.021547008 
432 355 20 28 0.021546308 
462 371 22 28 0.021477867 
459 434 11 14 0.021435112 
311 367 8 11 0.021420583 
751 392 9 11 0.021305947 
695 443 8 11 0.021297328 
530 396 9 12 0.021275463 
672 373 9 11 0.021274759 
248 407 7 10 0.02126059 
701 391 17 22 0.021255236 
159 384 8 9 0.021208782 
785 421 9 10 0.021149052 
802 382 9 12 0.021129759 
678 412 9 11 0.021101886 
120 377 8 11 0.021094076 
751 381 9 10 0.021093983 
160 374 7 9 0.021063559 
135 359 11 13 0.020958692 
743 382 8 10 0.020923106 
709 476 9 12 0.020916305 
536 445 9 12 0.020894049 
871 410 11 14 0.02088493 
688 374 8 10 0.020837417 
814 431 8 11 0.020787667 
684 468 13 14 0.020777151 
369 352 8 9 0.020765243 
713 381 9 11 0.020761447 
575 406 8 10 0.020701364 
366 399 8 10 0.020686591 
717 375 9 11 0.02067954 
550 436 11 13 0.020653892 
591 408 8 10 0.020633448 
677 405 8 11 0.020514727 
318 428 11 13 0.020449089 
438 387 11 13 0.020430489 
504 396 11 14 0.020351563 
830 440 9 11 0.020341972 
468 343 11 12 0.020312216 
896 410 10 12 0.020239525 
184 406 9 11 0.020216336 
544 420 11 13 0.020181248 
820 393 18 23 0.020173136 
385 376 6 9 0.020078002 
928 376 6 10 0.020059187 
792 416 8 11 0.020033624 
125 383 7 10 0.020011371 
