12_Group_Large_Group_12_Group_Large_Group_12_103
112
820 166 25 32 0.9979443 
772 193 29 38 0.996979 
309 188 45 56 0.99677473 
401 204 27 40 0.9957014 
913 292 57 65 0.9952596 
105 149 44 52 0.99246335 
501 189 39 50 0.99219173 
532 173 27 37 0.9901932 
638 141 27 31 0.9874564 
737 132 23 29 0.98356736 
509 127 19 25 0.9584271 
360 136 21 27 0.9569073 
922 181 20 33 0.9473805 
492 316 82 116 0.9414505 
297 161 22 31 0.8801084 
400 151 20 26 0.8177522 
644 222 34 59 0.74718523 
385 158 22 26 0.4483561 
663 128 23 29 0.41758054 
193 475 94 115 0.38025 
379 164 19 22 0.36476576 
160 172 28 35 0.3401898 
409 151 17 22 0.33212394 
692 200 32 43 0.26782015 
579 181 25 33 0.22980605 
313 123 21 28 0.19562404 
444 148 15 21 0.14648335 
260 462 62 105 0.14079328 
406 136 10 12 0.13497879 
702 191 28 35 0.13406369 
417 139 16 21 0.114967965 
333 163 25 32 0.09360346 
401 139 13 15 0.0855687 
929 178 28 30 0.08190835 
739 194 17 21 0.0783073 
526 164 13 18 0.07792947 
1 218 26 45 0.07410023 
455 204 20 29 0.0730276 
625 214 29 38 0.06699914 
591 239 27 30 0.06455642 
233 261 55 54 0.064190716 
98 324 28 37 0.064104065 
420 143 22 28 0.06387604 
636 210 31 49 0.06238685 
302 120 24 33 0.061904605 
451 148 14 22 0.05926182 
691 197 20 25 0.057992805 
523 162 23 29 0.056536052 
678 218 39 56 0.055468183 
658 230 35 44 0.053694878 
408 157 23 32 0.048643194 
464 197 21 27 0.047654074 
66 288 14 15 0.04751753 
767 177 25 32 0.0467213 
930 191 27 32 0.04652244 
281 167 25 34 0.04566919 
580 196 18 22 0.045351014 
956 258 49 62 0.0447956 
414 207 32 39 0.044591144 
345 170 16 21 0.04377745 
438 140 14 18 0.040095523 
402 139 23 29 0.0372682 
389 150 15 20 0.036938637 
942 294 36 45 0.036818877 
471 194 18 21 0.036292396 
620 148 13 19 0.03197593 
580 194 31 36 0.03184009 
481 206 21 32 0.030851886 
137 265 31 36 0.030724848 
614 147 12 19 0.030563451 
938 196 30 33 0.03048367 
249 208 16 18 0.029890124 
730 193 21 29 0.029590234 
394 167 24 31 0.029199857 
754 132 14 19 0.029195463 
940 172 27 30 0.029024823 
452 159 16 22 0.028583882 
414 135 12 14 0.027902694 
308 166 29 35 0.02740268 
210 285 26 32 0.026283622 
272 180 27 35 0.025897067 
758 174 23 27 0.02579871 
588 219 29 38 0.025620116 
351 140 24 29 0.025489658 
550 345 81 105 0.025479477 
58 287 24 24 0.025447706 
362 228 26 32 0.025123844 
-1 206 21 41 0.02472493 
646 131 28 35 0.024682371 
713 201 24 34 0.024113972 
417 157 17 23 0.02403659 
1 212 44 70 0.023539996 
600 244 33 40 0.023129374 
626 227 19 23 0.023028 
695 181 31 34 0.022821715 
309 135 27 33 0.02266279 
500 181 30 33 0.022652803 
488 201 27 35 0.022537163 
147 171 28 36 0.022140034 
579 171 18 22 0.021618307 
779 177 27 34 0.021617651 
913 190 30 41 0.021480367 
221 241 51 58 0.021469163 
709 224 28 48 0.021167744 
319 167 31 39 0.02112018 
62 175 41 50 0.020912647 
288 160 39 51 0.020869598 
527 153 23 29 0.020813802 
371 171 23 27 0.020760091 
358 183 18 20 0.020718617 
714 192 20 25 0.020440865 
539 183 28 36 0.020286614 
