12_Group_Group_12_Group_Group_12_843
128
391 495 94 105 0.9983109 
621 202 17 20 0.9579179 
506 227 13 17 0.93492544 
89 433 119 203 0.88573927 
547 222 11 14 0.8296532 
420 238 14 18 0.7180097 
667 261 19 22 0.66837317 
58 325 15 19 0.2369339 
585 192 8 12 0.1557039 
600 334 36 39 0.1501265 
604 211 11 14 0.13578053 
281 443 16 19 0.13089381 
643 219 11 14 0.11302848 
191 737 14 18 0.108578146 
242 215 8 11 0.086111784 
521 381 34 37 0.068392165 
595 240 21 28 0.06810291 
318 446 49 65 0.068009056 
601 207 11 13 0.067647435 
224 225 8 9 0.061659478 
516 303 10 14 0.054532465 
532 237 10 12 0.054083623 
224 230 8 10 0.05372345 
532 245 10 12 0.04789738 
531 291 14 18 0.047829445 
242 207 7 9 0.046787716 
278 692 13 16 0.045601133 
580 217 14 18 0.045422383 
134 367 36 34 0.044288646 
311 201 7 9 0.044067435 
637 195 13 17 0.041766815 
580 269 11 15 0.041237622 
223 208 9 10 0.04088446 
587 561 189 207 0.040088452 
185 223 8 10 0.03982081 
190 223 7 10 0.039222457 
491 340 28 34 0.0379746 
592 253 11 16 0.037600487 
305 471 60 70 0.037560582 
257 224 6 9 0.03659875 
263 175 7 10 0.03611938 
247 207 7 9 0.035607237 
495 251 10 14 0.03498716 
728 303 8 11 0.034400497 
169 208 9 11 0.034248643 
597 310 26 34 0.03376467 
173 212 8 10 0.033370875 
598 217 11 15 0.033197228 
409 270 9 12 0.033138447 
186 723 22 30 0.033094507 
549 259 11 15 0.032697756 
216 207 7 9 0.032560326 
8 183 9 11 0.032389026 
589 219 12 15 0.032097913 
633 201 15 19 0.03140623 
241 184 6 8 0.03137304 
248 222 7 9 0.03129208 
542 162 16 19 0.030981515 
264 223 7 8 0.030702274 
615 244 12 16 0.030109854 
650 265 24 30 0.029853718 
604 243 26 28 0.029612837 
884 591 48 53 0.029577179 
593 258 23 30 0.029078092 
224 213 7 9 0.02897971 
637 213 19 25 0.02829178 
166 230 9 11 0.028084444 
184 216 8 9 0.028023843 
-21 445 141 200 0.027970478 
200 233 9 10 0.027696332 
1014 155 9 14 0.02768516 
322 464 82 93 0.027200764 
525 317 11 12 0.027053673 
214 200 8 10 0.02700919 
596 272 15 19 0.02682112 
194 742 17 19 0.026809294 
575 214 12 17 0.026699489 
334 444 58 79 0.026560321 
575 194 11 14 0.026371472 
200 208 7 9 0.026128015 
573 237 10 13 0.025882414 
606 320 32 38 0.025840722 
295 510 50 39 0.025804287 
656 256 24 28 0.025655208 
257 192 8 9 0.02519036 
603 290 15 17 0.025053123 
595 254 17 21 0.024991687 
248 201 7 9 0.024883827 
254 247 9 12 0.024848139 
257 216 7 9 0.024826167 
168 225 8 10 0.024816249 
129 216 8 10 0.024549978 
100 320 10 13 0.024181763 
492 302 14 19 0.02392035 
185 206 8 10 0.023887362 
499 341 16 20 0.023873517 
653 245 10 14 0.023786806 
637 285 24 27 0.023423173 
3 38 53 80 0.023288094 
633 560 58 62 0.0231671 
429 342 10 13 0.02307535 
191 200 7 9 0.022962112 
534 213 11 15 0.022933498 
241 200 7 10 0.022793632 
184 199 9 10 0.022622103 
638 273 25 29 0.022419492 
567 381 10 14 0.02239688 
179 747 14 18 0.022334645 
616 206 14 18 0.02228713 
596 236 14 19 0.022165772 
64 268 8 11 0.022077382 
221 744 16 19 0.02196151 
514 221 12 16 0.021852614 
539 95 43 57 0.021614484 
200 213 8 10 0.02137884 
47 325 27 30 0.021185594 
646 268 13 16 0.0209707 
618 512 96 117 0.02095158 
0 171 8 12 0.020857045 
223 190 8 10 0.020753387 
498 297 14 18 0.020718623 
599 277 25 28 0.020590227 
655 260 13 18 0.0204058 
595 347 31 40 0.020396488 
602 272 18 20 0.020318747 
165 238 9 10 0.020184427 
176 401 51 65 0.020045526 
60 322 11 13 0.020041263 
