12_Group_Team_Organized_Group_12_Group_Team_Organized_Group_12_162
17
366 210 140 173 0.9997018 
587 393 57 93 0.24228905 
817 864 67 86 0.20381886 
613 410 54 82 0.12369535 
312 334 32 39 0.083877854 
988 325 37 94 0.075139746 
634 406 62 92 0.06316048 
330 369 44 67 0.060567986 
574 383 49 80 0.059773732 
279 324 25 29 0.042578276 
6 897 343 533 0.040551674 
192 305 117 169 0.035494126 
300 327 16 20 0.03327983 
680 397 61 87 0.029955273 
795 598 15 17 0.024391515 
304 336 51 68 0.022360986 
580 377 29 55 0.020453816 
