12_Group_Group_12_Group_Group_12_519
177
821 202 32 42 0.9996753 
902 206 29 38 0.9994535 
713 224 35 46 0.99794954 
569 199 37 49 0.99741507 
448 207 41 51 0.9903313 
796 71 24 31 0.63706326 
718 130 28 39 0.49461505 
485 76 14 17 0.3715087 
246 92 14 18 0.32194883 
1000 61 13 17 0.3140004 
523 186 23 31 0.28552794 
799 166 30 39 0.2827175 
361 87 17 20 0.22357304 
978 36 13 18 0.21845862 
925 36 15 18 0.20984063 
770 28 14 18 0.2084938 
784 155 33 39 0.20636867 
965 54 13 17 0.18988636 
890 16 13 17 0.16668844 
301 81 27 35 0.1578271 
746 44 17 20 0.1511406 
799 68 15 18 0.15025051 
685 26 21 32 0.14562324 
737 0 17 18 0.1414527 
341 6 14 17 0.1382886 
275 72 15 21 0.11991434 
432 62 13 16 0.11377003 
757 69 13 18 0.11374936 
823 93 13 17 0.10580374 
853 40 15 19 0.097177394 
406 278 28 42 0.09634908 
683 187 25 32 0.09224131 
462 186 18 19 0.091574065 
511 46 13 16 0.0895682 
826 55 21 28 0.08576695 
954 31 16 18 0.08468996 
708 49 14 16 0.08363272 
847 103 12 17 0.082612954 
683 0 19 17 0.08128931 
363 97 16 18 0.08009583 
943 111 10 14 0.07395647 
907 51 14 17 0.07223961 
862 58 16 19 0.0699352 
422 80 10 12 0.069671385 
796 123 14 19 0.06764521 
817 7 22 26 0.06628439 
498 23 16 20 0.066270776 
970 8 14 19 0.06516416 
245 69 12 15 0.06454371 
838 27 14 19 0.06207347 
659 7 24 30 0.059730895 
-11 436 253 192 0.059327576 
804 10 16 18 0.058391258 
1005 3 15 19 0.057847787 
263 47 11 13 0.056800283 
468 24 14 18 0.05500315 
693 34 22 28 0.05480435 
719 75 15 18 0.054644607 
294 63 13 19 0.054627836 
861 0 15 17 0.05451809 
726 28 14 18 0.05449914 
303 43 12 16 0.051498115 
808 0 21 23 0.050351463 
858 65 25 31 0.049424622 
762 93 23 31 0.049196906 
283 69 42 51 0.04893373 
931 19 13 16 0.048310842 
775 55 15 20 0.04727313 
287 126 23 27 0.046829376 
822 40 14 17 0.045673613 
362 -1 17 14 0.04551749 
969 93 24 31 0.04496292 
632 92 45 65 0.043326966 
997 100 13 19 0.043202627 
741 51 25 28 0.04197299 
806 63 23 32 0.04114017 
785 110 24 32 0.040863167 
454 19 15 19 0.040637445 
430 19 14 19 0.04046201 
460 23 16 19 0.040232595 
764 107 22 33 0.039820593 
860 50 15 18 0.03921658 
333 36 15 18 0.038971204 
603 245 16 20 0.03863928 
917 70 13 17 0.038253516 
397 200 15 19 0.038139824 
894 0 13 12 0.037884545 
812 53 23 31 0.037741072 
658 143 28 43 0.036658593 
438 36 13 17 0.036167912 
744 97 15 19 0.035786808 
780 8 18 21 0.03563921 
861 73 28 36 0.035318967 
846 244 17 22 0.03500267 
310 69 12 17 0.034684274 
294 66 23 32 0.03412888 
498 11 15 19 0.033738747 
381 70 15 18 0.033687066 
917 38 21 26 0.033233736 
673 11 39 50 0.03303338 
701 126 37 52 0.03179776 
1004 361 11 17 0.03165842 
997 24 17 23 0.03157624 
294 29 13 16 0.03152463 
212 113 14 17 0.031483527 
669 50 15 19 0.030077608 
834 83 22 27 0.029673304 
899 57 15 19 0.029433012 
882 43 15 19 0.0294213 
972 87 17 21 0.029178279 
361 121 18 21 0.029114755 
835 101 21 27 0.028326312 
669 59 15 18 0.028302666 
451 12 14 17 0.02808589 
280 67 20 29 0.02797449 
654 117 48 70 0.027687537 
935 2 13 16 0.027464539 
914 49 14 19 0.026879407 
500 7 12 13 0.026820114 
679 0 28 32 0.026594577 
820 100 24 30 0.026568472 
815 150 23 34 0.026371846 
489 83 14 17 0.025927624 
387 39 16 20 0.025800867 
240 71 22 28 0.025685696 
843 133 27 35 0.025363265 
443 58 14 18 0.025334548 
845 34 15 19 0.025187334 
669 114 33 40 0.024970153 
846 95 21 28 0.024961669 
842 43 22 28 0.024339747 
923 49 22 32 0.024312166 
851 81 23 33 0.024129884 
876 27 13 15 0.023973323 
785 151 21 27 0.023754416 
657 50 26 31 0.023686768 
819 39 23 29 0.023571217 
997 8 22 28 0.023256771 
552 180 31 37 0.023145266 
652 41 25 30 0.023120008 
951 88 10 13 0.02304611 
265 51 13 16 0.023042962 
944 103 10 14 0.023041138 
443 42 12 16 0.02303852 
446 6 14 17 0.02297431 
803 132 16 20 0.022834841 
665 6 16 18 0.022624085 
805 -1 17 15 0.022452213 
659 74 15 22 0.022430941 
404 35 15 18 0.022406457 
887 18 21 27 0.02230764 
818 1 17 21 0.022252576 
369 82 14 19 0.022184558 
983 85 24 33 0.022097597 
748 64 22 28 0.022083074 
708 55 17 20 0.022054726 
534 6 16 16 0.021828203 
433 51 21 27 0.02177099 
343 91 13 16 0.021736866 
933 55 17 23 0.021637488 
618 109 45 62 0.021602752 
858 36 15 18 0.02132062 
386 8 16 20 0.021272723 
634 297 21 36 0.021265116 
706 66 24 29 0.02119401 
797 10 15 19 0.021139158 
960 29 20 25 0.021056976 
294 39 14 19 0.021053223 
750 34 21 26 0.021048738 
907 60 21 28 0.020977432 
736 37 22 28 0.020911952 
827 37 13 16 0.020714857 
644 123 15 20 0.020506367 
995 87 22 30 0.020446172 
954 3 23 28 0.020219687 
869 27 14 17 0.02020761 
915 68 23 28 0.02020055 
