12_Group_Large_Group_12_Group_Large_Group_12_286
138
89 157 44 64 0.9986071 
799 226 69 99 0.9964461 
491 242 29 36 0.9940897 
283 154 42 59 0.9932996 
412 259 52 80 0.98018825 
-1 192 31 42 0.98016375 
1002 265 20 25 0.9283631 
919 262 12 17 0.9083276 
969 256 17 21 0.7090763 
264 222 35 57 0.63059705 
484 218 18 22 0.5348948 
400 213 25 28 0.4932777 
596 246 21 30 0.47698447 
726 249 14 20 0.37907234 
643 218 13 16 0.16829453 
355 158 13 17 0.16560902 
836 652 12 14 0.16397662 
410 215 14 18 0.16209002 
142 201 32 35 0.14999887 
475 213 16 20 0.13476765 
147 192 12 14 0.1337458 
163 211 14 18 0.13340405 
590 119 8 11 0.122623384 
910 211 9 12 0.118795946 
958 207 10 13 0.107825205 
567 260 10 13 0.10739137 
573 256 12 15 0.096543714 
976 226 11 13 0.095119916 
139 193 22 28 0.08364329 
976 212 10 12 0.08296138 
486 231 26 34 0.07096078 
430 251 30 50 0.06885541 
889 209 12 16 0.06861135 
1001 189 9 11 0.06844449 
501 204 10 13 0.064684205 
994 221 10 13 0.06383623 
621 119 11 13 0.06196178 
902 258 12 19 0.05932901 
967 213 9 11 0.05896524 
953 229 9 12 0.058402784 
606 119 10 12 0.058328826 
264 165 30 38 0.05608734 
974 269 14 19 0.05565256 
477 221 18 21 0.051965024 
541 139 10 13 0.051436543 
412 157 11 14 0.05050559 
452 207 14 16 0.049888387 
610 271 26 35 0.049872097 
233 222 44 60 0.04937233 
592 135 8 12 0.048787076 
623 136 8 10 0.04659868 
1004 183 9 12 0.046238456 
440 224 9 12 0.045320034 
213 217 42 56 0.04530195 
495 205 11 14 0.04488182 
969 220 11 15 0.043514937 
566 143 7 10 0.043423068 
523 206 10 12 0.042934112 
641 262 43 55 0.042884983 
802 195 14 18 0.04151643 
609 112 8 10 0.039805666 
645 132 9 11 0.038305774 
965 208 9 12 0.03783075 
912 260 12 18 0.03750849 
368 31 27 29 0.036879078 
600 253 23 35 0.036502466 
989 253 10 13 0.034869827 
809 654 10 13 0.034864295 
645 120 8 10 0.034370374 
973 190 8 11 0.034104273 
991 248 11 14 0.033581693 
519 217 15 19 0.033524342 
522 211 13 17 0.033068012 
397 209 41 49 0.032949384 
998 208 10 11 0.03278903 
730 247 40 55 0.032778554 
614 117 13 15 0.032732803 
906 207 9 12 0.032586783 
644 126 10 13 0.032505423 
569 126 8 10 0.032407902 
322 193 15 19 0.03207039 
993 215 9 11 0.031908568 
997 213 11 13 0.03141542 
445 226 10 13 0.030699944 
995 226 12 14 0.030322947 
518 104 9 11 0.030116942 
592 248 16 23 0.03007837 
952 268 10 13 0.029837921 
614 274 15 20 0.02957856 
956 220 12 15 0.029397134 
441 259 30 51 0.029119445 
957 184 9 11 0.029018763 
476 287 33 46 0.028678566 
968 247 11 15 0.028581372 
953 184 8 11 0.028170405 
618 268 18 23 0.028151058 
711 247 9 12 0.028092645 
542 103 8 10 0.027852412 
616 135 10 12 0.027380487 
514 87 7 9 0.027365064 
434 242 25 34 0.02656143 
672 100 10 12 0.025678994 
599 119 10 13 0.025553398 
934 269 10 14 0.025481261 
156 206 17 21 0.025470395 
598 135 10 14 0.02516625 
529 127 7 10 0.025104921 
979 255 14 17 0.025046842 
974 234 12 13 0.023999168 
797 680 14 18 0.0239453 
916 206 8 11 0.02361064 
656 110 9 10 0.023597417 
678 112 12 14 0.023539914 
267 169 18 23 0.02342578 
727 245 29 35 0.022612782 
992 208 9 11 0.022215901 
398 214 17 19 0.022185137 
637 216 23 26 0.022174384 
623 269 32 35 0.02217399 
198 213 13 16 0.02214666 
494 85 8 11 0.022113053 
417 216 14 20 0.02211064 
490 212 20 25 0.022072956 
459 267 46 61 0.022065537 
198 219 24 32 0.022039006 
396 221 20 23 0.021702608 
469 151 12 15 0.021689586 
407 733 47 33 0.021637166 
538 103 8 10 0.021602388 
573 126 7 9 0.02140158 
630 134 8 12 0.021375678 
780 232 51 77 0.02112567 
613 112 10 11 0.02107161 
454 223 10 12 0.020932192 
190 197 12 15 0.020796994 
972 222 19 23 0.020354874 
476 242 39 54 0.020078363 
974 184 8 10 0.020076659 
