12_Group_Group_12_Group_Group_12_268
56
368 208 34 42 0.9991235 
626 218 35 46 0.9990079 
459 326 35 46 0.9988914 
150 262 32 40 0.9988049 
245 348 36 47 0.99868304 
809 224 28 37 0.99865663 
218 209 35 41 0.9986343 
485 190 34 46 0.9985215 
757 211 32 42 0.9984219 
585 364 37 46 0.99841344 
707 384 38 45 0.99833846 
444 215 36 45 0.99758387 
702 191 31 41 0.99736625 
853 230 34 41 0.99718225 
570 222 34 46 0.9970958 
306 243 29 37 0.99694294 
894 209 36 46 0.9955296 
104 244 36 45 0.995413 
912 319 38 47 0.9952775 
810 393 40 48 0.9947916 
342 356 42 51 0.9848615 
157 348 38 49 0.98281175 
724 261 38 45 0.98221385 
240 92 24 28 0.92919075 
602 199 31 39 0.73642886 
426 165 27 31 0.64047474 
155 219 16 21 0.14513087 
768 429 23 31 0.11372141 
228 295 17 20 0.0980781 
280 323 30 36 0.07059071 
562 394 17 22 0.06019506 
149 225 25 30 0.059603013 
861 367 17 21 0.053755824 
467 198 38 51 0.041879922 
658 145 7 9 0.04157037 
586 220 30 40 0.03803081 
685 152 8 10 0.03736887 
599 152 8 10 0.03161505 
655 151 8 10 0.030967552 
631 151 9 11 0.029130582 
281 343 31 36 0.028148813 
245 78 27 33 0.02733054 
901 227 27 39 0.026928186 
634 183 23 27 0.026622761 
546 150 8 12 0.026153931 
851 382 22 30 0.023869414 
641 66 11 14 0.02345684 
301 401 15 19 0.023353916 
649 158 8 10 0.022723893 
857 374 20 28 0.022207743 
572 197 13 16 0.021731464 
312 393 28 34 0.021313122 
608 226 23 33 0.021066267 
856 398 22 36 0.02075407 
531 263 27 32 0.020668183 
580 183 27 31 0.020209245 
