12_Group_Group_12_Group_Group_12_247
24
529 137 35 45 0.9995647 
404 116 34 40 0.9980744 
807 200 45 70 0.995375 
121 174 48 74 0.9920557 
128 138 38 52 0.9762047 
788 336 49 90 0.96962065 
443 360 51 88 0.35395142 
201 318 50 50 0.14673272 
168 212 42 59 0.09414706 
869 144 40 36 0.057114873 
120 121 37 37 0.05702605 
736 302 92 116 0.054975417 
484 41 30 34 0.04332019 
155 186 46 73 0.037670817 
523 369 53 84 0.03739965 
861 214 33 47 0.031657413 
728 348 35 34 0.026890136 
414 96 16 18 0.026494863 
842 211 45 61 0.0258029 
796 214 33 50 0.024910295 
495 74 398 488 0.024708526 
462 376 58 76 0.022495467 
486 346 74 106 0.021907495 
864 116 24 28 0.020826114 
