12_Group_Large_Group_12_Group_Large_Group_12_295
95
432 321 29 49 0.96220005 
612 293 14 17 0.9104954 
506 332 13 17 0.6373006 
539 301 10 13 0.54991186 
484 269 10 14 0.4206517 
275 292 12 15 0.41135386 
582 290 10 13 0.3546264 
667 278 11 15 0.3331037 
504 302 12 15 0.25703433 
498 287 10 13 0.15877026 
553 294 11 13 0.15137216 
538 270 7 10 0.10729617 
587 305 13 18 0.097384036 
609 318 10 12 0.09417243 
586 291 11 15 0.09225338 
484 247 10 12 0.09090311 
577 278 8 11 0.08834016 
440 306 26 46 0.086260684 
510 270 8 11 0.070634454 
592 245 12 14 0.07049247 
504 271 9 12 0.06564036 
501 278 9 12 0.060941964 
453 282 12 18 0.06092281 
395 295 31 53 0.058778945 
501 327 14 17 0.05875068 
406 279 16 20 0.05384962 
514 331 12 16 0.053160537 
609 245 10 14 0.051924873 
577 310 9 12 0.051780332 
501 341 15 19 0.05160921 
480 291 9 12 0.0505286 
317 384 34 43 0.049970545 
445 282 14 19 0.04757341 
591 323 11 14 0.04600056 
314 310 10 12 0.045384817 
614 317 11 12 0.045026764 
557 321 11 16 0.040522885 
568 334 9 12 0.04052101 
439 41 409 441 0.039900795 
497 279 10 12 0.03976213 
469 268 14 19 0.039665226 
476 264 18 24 0.03966269 
561 277 10 13 0.03944363 
585 313 11 15 0.03941643 
459 243 15 17 0.038239606 
583 294 18 27 0.038219653 
552 288 9 11 0.038176198 
544 287 8 11 0.0380252 
575 315 10 14 0.0380069 
565 319 10 12 0.037847288 
403 317 32 47 0.03684828 
620 316 9 12 0.03677301 
423 339 32 42 0.036612213 
595 302 12 16 0.034982778 
402 279 28 33 0.03382453 
495 324 13 17 0.0331271 
612 360 26 44 0.03260842 
438 274 12 14 0.032201737 
469 252 12 13 0.03164151 
487 291 9 12 0.03143345 
463 273 13 20 0.02824583 
437 282 17 21 0.027905483 
692 318 11 12 0.027854009 
668 286 12 17 0.027816588 
479 250 13 14 0.027762035 
557 351 11 15 0.027594147 
553 354 12 18 0.02753687 
495 347 11 14 0.025742544 
557 286 10 12 0.024808135 
536 291 18 23 0.024623455 
566 326 10 13 0.024613598 
655 420 12 14 0.024550542 
607 238 11 13 0.024026636 
451 275 20 28 0.023201907 
9 558 53 66 0.02286084 
334 367 36 46 0.022782005 
543 278 10 13 0.022402775 
444 338 24 37 0.022395758 
462 291 12 17 0.022046993 
526 255 9 12 0.022030296 
578 300 10 14 0.021860132 
509 314 11 14 0.02177837 
43 387 29 33 0.021677459 
501 293 12 15 0.021609312 
501 246 8 12 0.021560991 
611 322 14 15 0.0214356 
443 269 10 15 0.02136662 
468 246 12 13 0.021340733 
469 293 11 14 0.021293283 
521 261 9 13 0.021196907 
534 77 11 15 0.021101443 
640 240 8 11 0.02082774 
529 269 9 12 0.020796672 
610 333 16 18 0.020294927 
558 331 11 16 0.020260148 
