12_Group_Group_12_Group_Group_12_367
46
625 355 27 35 0.99965787 
694 350 27 33 0.999564 
324 365 27 32 0.99912804 
609 292 25 32 0.9990416 
260 367 25 31 0.9989507 
653 323 24 29 0.99797946 
566 323 23 29 0.99773043 
202 341 24 30 0.9976406 
547 368 27 33 0.99632674 
436 330 24 32 0.9962471 
424 282 23 30 0.996209 
458 355 24 29 0.9959591 
351 295 22 29 0.9942794 
214 299 24 29 0.9930346 
393 344 26 29 0.9926823 
635 266 21 27 0.99249333 
520 287 23 28 0.9912537 
292 264 21 26 0.9842642 
561 281 20 25 0.98213595 
520 338 22 30 0.9814555 
383 271 21 27 0.98107374 
200 259 21 27 0.97129864 
470 282 20 25 0.95240957 
286 307 21 27 0.9517644 
369 381 19 22 0.18403871 
274 260 14 17 0.06129553 
413 330 23 28 0.05503897 
435 285 23 28 0.046774216 
101 375 15 17 0.044987336 
411 397 17 21 0.03910075 
634 296 15 19 0.036031164 
399 272 20 25 0.032534674 
387 309 17 21 0.03227544 
420 324 15 18 0.025678568 
360 385 13 17 0.025366914 
908 123 23 26 0.024987724 
430 371 16 20 0.024322042 
748 123 28 32 0.024273599 
409 273 17 22 0.023195213 
274 272 16 22 0.022986127 
492 360 14 19 0.022445805 
436 363 14 18 0.022199748 
761 384 16 20 0.022195283 
184 598 24 24 0.021917598 
1001 454 7 9 0.021058157 
794 496 34 38 0.020289011 
