12_Group_Large_Group_12_Group_Large_Group_12_662
99
807 298 43 45 0.9708383 
393 213 26 28 0.5781903 
229 232 16 20 0.48578843 
441 273 21 25 0.43537208 
565 297 13 17 0.17371923 
241 232 14 19 0.16620745 
322 229 14 18 0.16377898 
324 182 11 13 0.15850511 
370 250 27 35 0.13270463 
54 229 25 32 0.1261999 
24 211 21 30 0.12439765 
788 297 33 43 0.12224947 
358 242 22 31 0.11994696 
222 236 22 26 0.11105093 
390 223 37 45 0.10922824 
43 232 27 31 0.09688418 
328 267 11 17 0.09183177 
382 251 32 35 0.08921567 
558 299 16 18 0.08319451 
1009 207 14 21 0.077328116 
629 300 10 11 0.07679285 
358 246 14 18 0.07136808 
463 433 34 34 0.06980488 
431 269 22 33 0.052284747 
405 240 29 39 0.048676025 
516 330 52 63 0.042978924 
62 227 13 19 0.042354673 
514 356 14 15 0.041374847 
26 466 10 13 0.041298978 
344 286 10 13 0.040142108 
61 237 23 33 0.038604915 
978 534 15 20 0.03699184 
444 431 66 56 0.03694585 
321 185 12 15 0.03612594 
39 411 11 13 0.03495355 
494 230 11 15 0.03405508 
322 221 15 18 0.03361004 
332 262 12 17 0.033069097 
327 286 11 13 0.032802206 
483 308 10 14 0.032312714 
342 276 12 14 0.031083848 
348 330 17 20 0.030691996 
408 224 19 24 0.030654086 
267 224 16 20 0.030567348 
529 286 11 15 0.030519601 
400 412 67 49 0.030437088 
413 274 23 34 0.030302178 
345 266 22 25 0.030241122 
342 206 12 15 0.030146452 
76 246 12 16 0.029072689 
996 204 24 33 0.028915033 
389 221 18 21 0.028649935 
365 263 22 31 0.028106302 
461 99 435 453 0.02799457 
326 248 11 16 0.027788648 
548 297 25 28 0.027705703 
223 230 16 19 0.027685652 
68 233 13 19 0.027648518 
84 252 11 15 0.027331466 
493 362 10 14 0.027303465 
331 229 14 19 0.027234517 
234 235 16 22 0.027103992 
555 331 32 39 0.026936814 
489 359 11 14 0.026535342 
345 292 10 13 0.02638655 
394 229 21 22 0.026323896 
257 249 17 20 0.025989326 
46 236 16 19 0.025956068 
573 376 12 15 0.025732977 
69 241 13 20 0.025616065 
52 228 17 20 0.0248802 
499 353 11 16 0.024538172 
757 372 54 72 0.024458325 
207 237 11 15 0.024226338 
425 278 23 33 0.024105806 
403 204 16 20 0.023623807 
15 519 22 33 0.023488346 
341 229 13 16 0.023466231 
22 486 13 16 0.023133751 
80 216 10 11 0.023076952 
347 248 26 31 0.022831969 
86 220 8 11 0.02266916 
37 211 28 32 0.022481414 
480 305 9 12 0.022177326 
963 388 48 53 0.022070939 
258 229 24 29 0.022009587 
30 204 25 33 0.02164169 
321 273 11 15 0.021343688 
264 205 9 10 0.021285975 
402 240 18 23 0.02117476 
420 250 24 35 0.021098506 
572 288 13 16 0.020980867 
935 419 26 28 0.020908259 
214 242 13 15 0.02068572 
1000 612 24 38 0.02050251 
337 261 22 27 0.020363206 
410 407 27 26 0.020344315 
70 249 15 20 0.020256072 
383 218 17 19 0.020182382 
