12_Group_Group_12_Group_Group_12_153
64
384 327 249 296 0.99969065 
754 439 108 160 0.9992674 
190 539 77 110 0.987227 
593 855 8 10 0.10693042 
76 419 18 24 0.09994904 
574 855 9 11 0.06662444 
579 799 10 12 0.061972406 
625 817 9 10 0.057714418 
377 700 14 16 0.057558347 
413 653 10 12 0.05270674 
585 771 9 12 0.04458578 
406 638 10 10 0.043958712 
633 806 9 10 0.043311477 
391 662 12 14 0.039625626 
608 812 8 11 0.038469043 
653 963 10 13 0.038403124 
510 804 44 51 0.038227946 
213 490 12 16 0.037654933 
1007 324 12 16 0.036508992 
600 830 10 12 0.03533064 
568 873 8 11 0.034295116 
400 686 9 11 0.033298146 
393 630 8 10 0.03327868 
556 854 9 11 0.033113126 
201 560 355 473 0.032347172 
441 264 322 441 0.031754583 
413 648 10 11 0.030655915 
501 767 11 14 0.030138059 
241 706 189 281 0.02824045 
496 794 13 15 0.027552072 
640 381 161 231 0.027272804 
606 823 8 10 0.027014742 
300 517 10 12 0.026633063 
628 790 9 10 0.026365228 
560 760 8 10 0.025970917 
545 767 9 10 0.025715448 
273 380 423 490 0.02504968 
60 407 41 56 0.025041757 
501 791 11 14 0.024671618 
390 678 9 12 0.024478279 
514 377 151 191 0.024288118 
109 481 16 19 0.023650955 
622 859 9 11 0.023422105 
623 950 10 12 0.023001082 
796 620 13 14 0.022715652 
616 860 10 11 0.022682907 
998 309 9 13 0.022629043 
618 822 8 10 0.022379378 
36 381 80 99 0.022335423 
615 855 10 11 0.02226708 
1015 540 8 12 0.022213059 
808 730 11 13 0.02202264 
322 472 8 10 0.02201285 
813 716 13 17 0.02193041 
568 816 9 11 0.0216795 
630 799 10 12 0.020910237 
424 714 12 15 0.020866994 
391 685 9 12 0.020668974 
1005 316 13 17 0.020622438 
1012 343 10 13 0.02058315 
617 936 7 9 0.020518985 
743 611 10 13 0.020419443 
384 680 9 11 0.020354126 
635 976 12 12 0.020208271 
