12_Group_Large_Group_12_Group_Large_Group_12_107
77
549 193 29 38 0.99969983 
700 194 31 41 0.9996315 
546 297 34 43 0.9994228 
469 377 36 43 0.9993888 
465 202 31 35 0.9993773 
636 313 34 44 0.99916863 
300 201 35 40 0.99904865 
757 198 34 43 0.99898165 
590 206 32 42 0.99896276 
233 176 34 44 0.9987637 
296 324 37 43 0.9986504 
512 208 31 37 0.99846554 
616 181 28 33 0.9983645 
385 315 37 47 0.9980015 
409 206 31 35 0.9979444 
161 203 35 45 0.9975077 
432 240 34 40 0.996802 
643 216 32 37 0.99666166 
717 374 39 47 0.9965988 
837 192 38 48 0.99611723 
78 210 44 54 0.9944993 
187 377 43 53 0.9936865 
346 217 28 35 0.9927209 
915 204 14 18 0.21720555 
691 169 17 21 0.19239144 
732 180 16 20 0.19090626 
893 182 10 14 0.15121122 
845 166 24 27 0.15098567 
886 160 11 14 0.09863536 
853 166 14 17 0.08017141 
909 187 15 18 0.076226495 
860 170 14 16 0.075989485 
220 346 29 33 0.07238919 
227 354 16 19 0.06986015 
905 194 22 26 0.06145577 
386 167 26 31 0.054829422 
866 172 12 15 0.05433053 
785 149 11 14 0.04312324 
917 180 13 19 0.04136157 
925 179 14 21 0.038176313 
636 162 22 26 0.037220158 
867 167 10 12 0.037218787 
427 197 26 31 0.03719765 
785 145 9 11 0.036189564 
900 182 12 15 0.03534058 
31 656 11 13 0.03480607 
396 155 16 19 0.033732183 
759 173 12 15 0.033659585 
822 156 14 17 0.033585202 
522 170 15 18 0.03287747 
446 372 19 27 0.02980882 
911 185 22 27 0.029673813 
901 187 14 17 0.029398544 
214 10 37 48 0.028879771 
229 343 16 18 0.028470187 
-4 283 29 61 0.02741114 
812 139 10 14 0.026966957 
276 322 25 33 0.026955493 
204 150 16 21 0.025982553 
881 158 10 13 0.025942093 
679 157 12 14 0.025523534 
883 157 19 24 0.024937395 
854 160 11 14 0.024832558 
35 519 13 15 0.024585605 
52 387 51 50 0.024302654 
253 92 25 33 0.0239641 
889 181 21 27 0.023655111 
849 330 171 226 0.023638021 
208 333 12 18 0.023031348 
231 338 30 34 0.02291523 
609 190 28 32 0.022377104 
144 387 23 31 0.020978715 
209 339 29 36 0.020877656 
836 159 23 30 0.02051378 
217 71 22 29 0.020337101 
934 468 9 12 0.020146081 
827 161 13 16 0.020025734 
