12_Group_Group_12_Group_Group_12_417
20
371 242 31 40 0.9996269 
275 218 32 40 0.9995776 
509 225 30 38 0.9995467 
788 233 34 41 0.9994259 
114 214 36 45 0.99890554 
580 228 28 35 0.99883515 
446 216 29 36 0.9986972 
204 231 35 42 0.9985489 
642 236 29 39 0.99752146 
861 210 36 44 0.99728656 
720 219 33 40 0.9964977 
97 238 17 23 0.0727648 
542 46 13 14 0.06691129 
99 229 27 36 0.042199023 
775 57 15 16 0.037866026 
830 215 22 30 0.03522226 
292 35 12 14 0.030370882 
999 300 10 14 0.027921313 
995 343 11 13 0.024858726 
981 315 11 12 0.020987105 
