12_Group_Group_12_Group_Group_12_935
960
300 156 17 21 0.992535 
461 530 24 29 0.9899226 
635 191 18 24 0.9896445 
570 220 17 23 0.98727685 
69 319 20 26 0.9860032 
21 605 20 27 0.9852915 
298 191 17 23 0.98467594 
500 65 19 23 0.984394 
628 4 18 21 0.98271424 
561 423 19 23 0.98227984 
1003 88 17 23 0.9821716 
464 560 22 29 0.9818864 
941 375 21 27 0.98107845 
629 603 23 28 0.98057437 
364 1 19 22 0.9802207 
771 128 17 24 0.97967625 
398 381 20 27 0.97908264 
742 -1 17 20 0.97866315 
219 570 17 23 0.97848094 
443 407 18 26 0.9775185 
942 421 23 31 0.9773627 
92 86 18 25 0.9768033 
903 560 20 26 0.9758488 
404 559 20 27 0.9755079 
356 278 17 24 0.9748594 
524 608 18 23 0.9747151 
222 159 16 22 0.97422373 
243 452 18 24 0.97376853 
697 595 22 29 0.97359335 
74 602 19 23 0.97323734 
523 391 18 24 0.9731558 
752 664 21 27 0.97287375 
821 92 19 26 0.9724488 
51 191 19 25 0.97241807 
870 461 20 26 0.9718312 
649 160 18 21 0.97176975 
653 312 21 25 0.9713841 
881 117 18 24 0.9710618 
648 562 21 26 0.97092414 
329 60 17 22 0.97082967 
391 58 20 28 0.9694092 
204 602 20 26 0.968702 
18 562 19 26 0.96840817 
50 526 18 22 0.967912 
894 635 21 27 0.9677546 
260 110 17 21 0.9675887 
441 59 18 24 0.9674337 
701 390 19 25 0.9659087 
614 493 20 27 0.9653526 
204 287 20 26 0.964895 
279 386 20 25 0.9645789 
144 83 21 28 0.96450883 
411 350 19 25 0.9638699 
261 411 21 27 0.9628849 
123 631 19 26 0.96217245 
718 557 21 26 0.96215963 
800 230 18 22 0.96208006 
222 525 21 26 0.96199334 
83 573 19 23 0.9613861 
434 491 20 25 0.96091914 
773 322 17 21 0.9600753 
598 530 20 24 0.95932823 
514 185 19 24 0.9592828 
903 60 19 26 0.958888 
112 534 19 25 0.9587746 
619 426 20 25 0.9587477 
532 527 20 26 0.9573331 
61 636 21 27 0.9562121 
134 278 20 27 0.9558665 
951 319 19 24 0.95576316 
576 393 19 24 0.9552365 
294 493 20 26 0.95499736 
363 119 19 24 0.95451903 
689 187 18 23 0.95335716 
556 287 19 24 0.9530629 
917 500 23 29 0.95212716 
97 356 20 25 0.9519692 
913 26 17 22 0.9518884 
173 663 22 27 0.95151657 
357 151 18 24 0.9514193 
251 632 20 25 0.9505017 
943 112 20 26 0.9490336 
1004 463 18 28 0.94867176 
912 532 19 24 0.9475031 
979 150 17 24 0.9473911 
685 452 21 25 0.94586116 
18 108 18 25 0.9456668 
616 255 18 20 0.9455691 
226 347 20 25 0.94556403 
740 257 21 26 0.9447282 
114 315 19 24 0.9442489 
764 421 19 26 0.943837 
412 166 18 23 0.9438272 
960 349 21 27 0.94334334 
304 286 19 24 0.9430201 
176 314 20 26 0.94288284 
759 379 22 25 0.9425522 
653 116 19 24 0.9420372 
724 510 21 27 0.9418884 
553 258 20 23 0.9418347 
677 489 22 27 0.9417817 
683 6 17 21 0.94118935 
469 159 20 26 0.9411606 
111 186 20 23 0.94075924 
705 286 19 25 0.9406851 
544 320 19 24 0.94047666 
456 2 19 23 0.9404151 
483 114 19 24 0.940195 
477 322 16 20 0.93981063 
785 287 18 22 0.93961614 
923 243 20 26 0.9395515 
543 489 20 24 0.93798584 
846 529 20 26 0.9369667 
765 640 19 24 0.9367685 
157 351 19 25 0.9351826 
960 565 21 26 0.9349943 
235 320 18 23 0.93486625 
614 286 19 24 0.93455994 
719 349 18 25 0.93280125 
216 63 17 22 0.9306916 
564 461 19 24 0.92879564 
755 178 19 24 0.9286273 
808 664 20 25 0.92784977 
808 456 20 27 0.9272642 
717 130 19 24 0.9269466 
193 637 19 27 0.92669725 
889 88 19 25 0.9266526 
37 218 17 22 0.926561 
506 456 21 27 0.92569005 
40 391 19 26 0.9250534 
793 491 19 24 0.92497414 
280 563 19 25 0.923755 
32 88 19 25 0.923596 
206 92 17 24 0.9231608 
413 524 18 24 0.9231517 
669 92 16 21 0.92309415 
977 493 20 23 0.9230256 
386 641 18 24 0.92299837 
357 351 18 26 0.9221753 
534 123 20 23 0.9220305 
829 353 19 23 0.92188746 
735 232 17 22 0.9213676 
853 23 19 24 0.9203865 
739 455 18 24 0.92021537 
663 63 17 23 0.9201446 
550 65 18 22 0.9199755 
949 611 20 26 0.9177603 
984 245 20 26 0.9148836 
988 192 21 26 0.91470563 
586 563 21 26 0.9146468 
831 607 18 23 0.9141316 
37 354 20 24 0.9133905 
9 159 17 24 0.913051 
616 219 20 26 0.91274005 
0 48 17 24 0.912236 
326 254 14 18 0.9121921 
21 455 20 25 0.90999174 
188 -2 20 22 0.9084446 
374 654 22 31 0.9084027 
975 525 19 26 0.9040901 
419 96 19 24 0.90261835 
429 291 19 22 0.90227777 
830 384 19 25 0.90093285 
511 627 20 25 0.9008787 
457 190 20 26 0.90073246 
508 -1 21 24 0.89478564 
892 321 19 23 0.89461154 
319 425 19 23 0.8937545 
920 217 19 25 0.8937104 
804 0 19 21 0.8917176 
782 562 20 26 0.8914165 
686 217 19 25 0.8902655 
696 149 17 24 0.8899281 
595 348 19 25 0.88826925 
875 425 20 27 0.888175 
357 192 18 22 0.88600767 
151 564 21 26 0.88586897 
230 197 16 23 0.8855543 
241 661 20 28 0.88554186 
861 488 19 23 0.8853095 
65 155 18 25 0.88413024 
217 384 20 28 0.8835068 
614 62 19 26 0.8833487 
440 645 21 28 0.8824799 
746 494 19 25 0.87851626 
0 637 16 29 0.8783764 
55 30 20 25 0.878154 
888 663 21 29 0.87467045 
340 384 19 25 0.8743427 
143 600 21 25 0.8723945 
339 561 21 29 0.87176514 
247 136 14 17 0.87146014 
828 641 21 26 0.87063825 
400 20 18 23 0.8704819 
362 484 19 24 0.86887306 
114 485 17 22 0.8683767 
947 92 19 22 0.8683634 
686 669 19 26 0.86322063 
379 419 20 27 0.86176884 
426 115 20 26 0.86174196 
772 605 19 23 0.8614071 
169 537 18 23 0.8610635 
581 608 18 24 0.85987794 
285 29 19 26 0.8578299 
297 322 17 21 0.85750407 
847 219 22 25 0.8548967 
843 554 21 28 0.85318094 
510 425 21 24 0.8524073 
937 468 21 27 0.84908205 
382 611 21 24 0.84635687 
787 24 20 24 0.84575665 
629 640 21 29 0.841991 
284 349 18 22 0.84148574 
815 428 22 27 0.8408033 
719 31 18 23 0.8354355 
430 457 22 24 0.83459634 
356 322 20 23 0.8329327 
182 174 18 26 0.83208275 
340 25 20 26 0.82922095 
624 662 22 29 0.8276704 
0 488 14 24 0.8144656 
958 65 18 21 0.8124519 
148 387 21 25 0.8067216 
37 266 18 23 0.80669355 
263 252 15 19 0.8044647 
74 292 19 21 0.8026356 
833 315 20 26 0.80252033 
778 529 19 22 0.8009841 
966 31 19 25 0.79641116 
325 598 18 23 0.7919273 
215 0 16 18 0.79069245 
121 154 20 26 0.7906187 
614 456 20 26 0.789805 
135 119 22 26 0.785955 
432 591 23 30 0.785297 
123 14 18 25 0.7852674 
1010 389 14 26 0.784165 
76 493 16 19 0.775505 
552 668 20 22 0.76325226 
476 347 21 27 0.7626594 
842 288 16 19 0.7601267 
421 330 16 19 0.7589573 
591 161 18 21 0.75161225 
820 178 22 26 0.74370044 
244 532 15 18 0.7418975 
929 0 16 16 0.72733223 
662 541 16 19 0.71972865 
368 92 18 22 0.71967167 
462 386 20 27 0.70916957 
933 151 18 20 0.706757 
43 425 17 22 0.7028434 
1007 122 17 23 0.6991334 
531 165 19 23 0.69664997 
695 645 21 25 0.695317 
861 -1 17 15 0.6941952 
534 356 20 25 0.69401026 
316 537 20 25 0.68757313 
303 92 19 25 0.68734676 
629 379 21 24 0.6858082 
570 645 17 21 0.6841221 
307 128 16 18 0.6819757 
995 60 18 21 0.67935014 
114 671 19 25 0.6787691 
606 94 15 19 0.6669007 
236 489 18 22 0.66411835 
1000 677 17 21 0.6620772 
899 363 18 26 0.6576675 
507 140 17 21 0.6522886 
491 291 19 21 0.64492536 
690 427 19 22 0.6290988 
278 599 16 21 0.6243644 
901 290 18 22 0.6179279 
303 473 15 19 0.6100439 
668 354 22 27 0.5742072 
482 89 16 20 0.572123 
459 249 14 18 0.56606686 
499 496 17 22 0.5503795 
827 70 17 20 0.54609174 
372 459 17 21 0.5386955 
973 225 19 23 0.5363797 
10 0 15 16 0.52883524 
460 52 15 21 0.51916444 
489 263 15 19 0.5170712 
596 315 18 23 0.5148044 
166 23 16 19 0.50130624 
549 91 17 23 0.5008797 
676 271 14 19 0.48098484 
50 674 21 26 0.47383434 
782 88 13 18 0.4664704 
595 132 16 19 0.46434647 
808 615 17 21 0.45960036 
387 207 17 21 0.4548315 
567 201 20 22 0.44887686 
61 0 16 14 0.41775033 
173 121 13 19 0.41523033 
336 481 15 19 0.4121679 
274 497 17 21 0.40925917 
222 261 14 17 0.40648717 
746 66 15 19 0.39868233 
212 186 17 21 0.39633903 
561 637 17 20 0.3907403 
404 132 15 18 0.3862553 
972 293 18 22 0.37243527 
654 223 16 21 0.37164065 
778 351 18 22 0.34994838 
15 230 12 15 0.34724048 
345 554 17 20 0.34672582 
324 626 16 22 0.3453364 
438 260 14 18 0.34413442 
779 63 15 18 0.34372395 
190 446 16 19 0.33935153 
1013 328 11 18 0.33594856 
894 609 19 24 0.33592597 
527 329 13 18 0.33425358 
999 20 14 17 0.33399597 
26 295 15 18 0.3268508 
269 94 13 16 0.32212606 
222 498 15 21 0.3143792 
0 25 10 18 0.31397265 
853 165 17 24 0.30184153 
161 81 22 26 0.2993375 
142 509 15 18 0.29594842 
1011 51 12 20 0.2854293 
742 144 15 18 0.27803484 
315 457 18 23 0.27544397 
39 123 13 15 0.2689731 
188 428 17 20 0.26537117 
403 203 15 20 0.2605441 
595 123 15 18 0.25945544 
514 267 15 18 0.2580275 
216 28 12 16 0.2508262 
134 -2 16 16 0.25001997 
171 186 15 20 0.24666552 
520 570 23 26 0.24426287 
875 378 16 19 0.23946987 
291 2 15 18 0.22011027 
632 483 12 17 0.21932688 
399 230 13 16 0.21586263 
729 83 16 20 0.20828792 
814 296 13 18 0.20540158 
220 189 19 25 0.20538701 
360 594 14 18 0.1992018 
511 573 23 26 0.19511719 
273 58 15 22 0.19033772 
991 121 16 21 0.18406197 
162 0 14 13 0.1805806 
509 662 15 20 0.17630151 
892 0 15 19 0.1710405 
539 14 15 21 0.17066698 
488 492 20 25 0.1689902 
252 188 13 18 0.16764522 
325 148 13 19 0.16328867 
0 252 9 15 0.16300745 
556 154 14 19 0.16181137 
1012 5 11 18 0.16003159 
390 321 16 19 0.15671021 
125 81 16 21 0.15340382 
559 563 14 19 0.1525528 
0 191 9 18 0.15006213 
203 552 16 22 0.14994742 
499 249 14 18 0.14973618 
895 215 15 19 0.14685339 
132 78 22 28 0.1437462 
811 59 20 26 0.14202902 
260 89 15 17 0.14044766 
0 322 11 18 0.13830672 
266 200 15 18 0.13648249 
538 347 14 18 0.13520598 
478 341 14 18 0.13483939 
192 252 12 15 0.1316422 
846 670 13 17 0.12952866 
943 229 13 18 0.12717558 
284 491 21 26 0.12642163 
603 133 14 17 0.124519594 
499 390 15 20 0.122221656 
624 67 15 18 0.12205515 
803 63 15 21 0.12190381 
351 632 15 19 0.12069322 
926 307 13 17 0.1202416 
894 604 15 19 0.11852785 
222 628 15 18 0.11756222 
455 331 15 20 0.11716678 
851 391 15 19 0.11594625 
643 443 14 19 0.11447801 
996 120 21 26 0.11268517 
491 14 12 15 0.111243695 
702 64 14 18 0.111080885 
949 252 16 21 0.10926271 
818 489 16 22 0.10671592 
307 675 17 19 0.103412844 
575 153 13 19 0.10336408 
998 51 16 21 0.10325044 
818 171 18 21 0.102252394 
276 21 14 18 0.10210838 
855 267 14 17 0.10168714 
431 0 13 12 0.10156645 
413 210 13 18 0.10064646 
90 35 14 16 0.097308576 
66 420 15 19 0.09681975 
1 284 11 16 0.09628402 
541 564 16 20 0.09585653 
332 460 13 17 0.095414735 
349 262 12 14 0.095173925 
299 8 13 17 0.09479368 
306 84 16 21 0.09427208 
178 644 24 29 0.09322458 
787 348 16 21 0.09301828 
471 120 15 18 0.0908535 
451 51 18 24 0.08961644 
1008 277 12 17 0.08892651 
317 191 15 21 0.08863003 
260 188 15 19 0.0882513 
841 267 11 14 0.08706222 
691 60 13 18 0.08665475 
152 81 19 24 0.08540611 
760 585 17 19 0.083960734 
117 574 12 17 0.08387031 
261 9 15 18 0.08359743 
171 634 16 19 0.08269549 
259 0 17 18 0.08197505 
255 84 15 18 0.08181189 
715 212 16 20 0.08166183 
232 163 14 18 0.0809554 
51 155 17 23 0.08073464 
17 288 19 26 0.08034069 
299 0 12 12 0.07869166 
638 448 16 22 0.07843481 
438 205 12 15 0.07833034 
768 353 21 25 0.07819396 
262 179 13 16 0.07787284 
687 438 24 30 0.077247314 
246 172 11 16 0.0767519 
726 532 16 21 0.076474234 
207 187 13 18 0.07595556 
318 51 15 18 0.07553334 
856 -1 14 13 0.075268716 
93 0 13 11 0.0745863 
487 294 15 20 0.07428855 
368 619 11 14 0.07419913 
516 47 13 18 0.07338892 
843 386 15 20 0.07257506 
418 212 14 19 0.07237366 
314 124 14 18 0.07165039 
189 211 14 17 0.071541935 
324 492 14 18 0.071224175 
211 42 16 19 0.07089647 
450 315 15 19 0.07080874 
163 145 15 19 0.070079125 
157 528 20 26 0.06986185 
3 250 13 18 0.06890693 
648 386 14 18 0.068593495 
147 522 16 23 0.06753257 
565 349 12 17 0.067188844 
517 615 20 25 0.066354014 
318 526 14 17 0.06623115 
476 73 13 16 0.06613712 
995 30 16 21 0.06578003 
269 475 14 18 0.065247305 
638 97 15 19 0.06515807 
555 612 15 20 0.06496134 
696 43 13 18 0.0644824 
1008 171 12 16 0.06442822 
307 265 16 19 0.06377212 
131 592 15 22 0.06358989 
286 59 14 18 0.06337793 
788 13 12 16 0.063344784 
202 26 15 18 0.06331892 
174 597 13 17 0.062394943 
110 617 14 17 0.061823722 
261 477 13 18 0.061079204 
906 285 16 20 0.06037217 
4 278 10 15 0.06034628 
984 329 11 16 0.059894893 
482 557 20 26 0.059887532 
835 161 15 21 0.05982137 
520 176 19 25 0.059592858 
827 489 16 22 0.059527393 
655 553 19 25 0.059376456 
325 386 13 20 0.058877002 
702 559 15 21 0.058441836 
147 638 17 20 0.058435228 
899 124 14 18 0.058269724 
236 0 15 16 0.058110528 
182 433 15 19 0.05770848 
862 155 14 17 0.057260394 
469 267 14 18 0.057107333 
268 86 12 16 0.057020627 
189 110 12 15 0.05664713 
657 231 15 20 0.056326438 
599 95 15 20 0.05604888 
176 631 23 27 0.055998094 
556 39 14 17 0.055422723 
177 480 15 18 0.055353545 
158 309 21 28 0.055343952 
764 466 15 20 0.055259425 
364 242 16 20 0.055233467 
870 248 20 25 0.05515465 
50 421 14 19 0.05502366 
506 122 13 16 0.05426026 
968 146 20 28 0.05423964 
682 521 15 20 0.054229453 
291 358 15 20 0.054083593 
1013 560 11 17 0.05374503 
708 207 16 22 0.053581312 
396 214 16 19 0.053523157 
471 328 15 20 0.052914463 
341 260 13 17 0.05286976 
194 245 14 16 0.05275254 
974 2 13 15 0.05265243 
353 556 14 17 0.05238294 
529 452 15 18 0.052354332 
1007 9 13 19 0.052292123 
866 144 15 19 0.052267548 
325 9 14 18 0.05162247 
971 19 16 18 0.051598255 
369 419 14 19 0.051441427 
0 311 17 27 0.051320057 
845 106 14 18 0.051158566 
493 443 14 18 0.050811533 
307 492 14 19 0.050742432 
515 455 21 26 0.05054842 
558 642 23 27 0.050524008 
156 308 15 19 0.05029186 
967 293 14 20 0.05019106 
594 140 17 23 0.050127774 
174 178 16 22 0.04992739 
491 194 18 22 0.049548227 
717 667 16 23 0.049340867 
633 524 16 20 0.04856372 
56 115 15 19 0.04846035 
970 67 13 17 0.04844177 
247 186 13 18 0.048394054 
823 250 14 18 0.04834344 
404 232 13 16 0.048259083 
452 632 20 27 0.047959104 
533 320 20 25 0.047620565 
813 419 16 21 0.047080766 
99 0 12 12 0.047030844 
91 422 13 16 0.046986233 
380 214 17 20 0.046671037 
244 178 13 17 0.046632037 
170 652 23 27 0.046589117 
328 152 16 19 0.046494536 
846 160 19 26 0.046396554 
380 307 17 21 0.046008736 
436 207 19 27 0.045980085 
286 6 16 21 0.045896247 
668 307 15 19 0.04577697 
782 274 15 20 0.045687992 
703 522 15 20 0.045630712 
973 74 13 17 0.045272946 
153 122 15 20 0.04504507 
875 413 19 23 0.044908468 
686 576 16 20 0.044690214 
299 481 15 20 0.043984935 
358 226 12 15 0.04389447 
607 200 15 20 0.043884516 
477 93 16 20 0.043872617 
669 484 16 21 0.04383855 
41 131 14 16 0.043495774 
900 148 16 23 0.043428928 
936 0 15 18 0.043363247 
297 458 15 19 0.043330014 
11 54 14 20 0.04331327 
132 632 19 26 0.04299044 
275 93 14 18 0.042965475 
171 0 17 18 0.042874 
1012 498 11 16 0.04262928 
546 17 14 18 0.04254915 
801 265 16 18 0.042335898 
587 20 11 14 0.04216196 
580 153 18 23 0.04210217 
266 480 22 28 0.041883312 
429 586 18 23 0.041449275 
254 10 14 17 0.041413426 
131 505 15 19 0.04127603 
984 630 9 13 0.040983092 
296 464 19 24 0.040679406 
996 330 15 19 0.040671382 
691 660 20 28 0.040291067 
420 267 11 15 0.04023135 
663 54 13 18 0.04019414 
573 167 15 19 0.040041573 
315 658 14 16 0.039982866 
724 675 15 19 0.039485175 
229 190 14 18 0.039152216 
29 187 13 18 0.039141845 
336 129 13 17 0.039043166 
55 319 15 21 0.03900994 
690 248 14 19 0.038999617 
892 356 16 21 0.038830463 
978 83 12 15 0.038815357 
317 491 13 18 0.038810506 
477 267 14 17 0.03865292 
828 121 12 15 0.038420517 
784 6 12 14 0.038401745 
377 91 16 20 0.03827527 
524 266 13 17 0.03807014 
611 0 16 17 0.037733503 
225 0 16 17 0.03770246 
824 161 22 26 0.037681293 
968 251 11 16 0.037647072 
511 216 13 17 0.037645243 
134 196 12 17 0.037584845 
5 9 14 17 0.03742421 
531 22 17 23 0.037029292 
908 152 14 20 0.036971103 
695 287 16 22 0.036888834 
980 480 22 27 0.036748383 
790 249 14 18 0.03662903 
813 156 14 16 0.03650665 
881 192 15 21 0.03642639 
561 572 17 22 0.036340863 
235 188 14 18 0.036006503 
575 325 15 18 0.03598057 
261 101 15 18 0.03591819 
942 74 15 18 0.0358637 
471 337 14 20 0.035815414 
537 4 21 25 0.03577669 
5 377 13 18 0.035709225 
199 186 11 16 0.03563772 
870 420 17 21 0.035496354 
323 53 16 20 0.035373773 
885 367 19 25 0.03532116 
214 563 16 21 0.035318047 
604 450 15 22 0.035175864 
143 567 17 22 0.035044454 
286 338 22 26 0.034854475 
86 -1 15 12 0.034839105 
127 126 16 20 0.03479655 
428 580 14 17 0.034763977 
196 578 15 19 0.03464746 
358 618 12 14 0.034445457 
184 217 13 18 0.034440212 
950 0 16 18 0.0343417 
741 401 16 21 0.03416823 
4 305 13 20 0.03414229 
736 0 15 18 0.034078043 
816 164 14 18 0.034068033 
425 103 16 22 0.03405999 
10 149 15 19 0.033960912 
167 212 14 17 0.033920676 
116 477 16 20 0.033889875 
235 529 20 24 0.03369316 
15 286 12 17 0.0336788 
423 -1 14 12 0.03335931 
915 493 18 20 0.03335772 
495 437 14 17 0.033297952 
150 154 11 17 0.033242505 
285 82 14 19 0.03319441 
91 123 12 17 0.032976653 
489 355 14 19 0.03287591 
958 32 16 22 0.032869507 
718 510 18 22 0.032798193 
1007 600 15 23 0.03269792 
1014 28 9 15 0.032651618 
442 253 14 19 0.032640934 
936 245 19 25 0.032640763 
660 1 15 19 0.032590788 
846 136 14 18 0.032579415 
166 318 17 22 0.032464553 
784 11 22 27 0.032335788 
332 11 14 18 0.03221821 
1013 372 10 16 0.032153998 
127 381 13 17 0.032139175 
208 64 16 20 0.032137353 
504 426 15 19 0.03211892 
613 53 14 18 0.03204235 
286 15 22 29 0.032031488 
10 299 20 28 0.031777218 
844 515 15 18 0.031600345 
251 172 12 15 0.031522118 
556 385 13 17 0.03150035 
332 622 14 19 0.031444732 
550 42 12 16 0.031402394 
896 137 20 25 0.03139142 
635 1 21 24 0.031377673 
917 321 15 19 0.031279422 
333 487 14 21 0.03124259 
73 0 16 17 0.031209802 
652 434 14 18 0.031112265 
6 394 14 19 0.031107284 
219 23 13 17 0.03102033 
7 130 12 17 0.031009998 
219 239 16 19 0.030982057 
538 210 15 20 0.030774474 
607 186 14 17 0.030760007 
164 435 12 17 0.03072855 
677 442 14 18 0.030713681 
373 219 14 17 0.03070914 
431 264 16 20 0.030680466 
255 272 14 18 0.030668745 
950 33 16 21 0.03064893 
783 21 16 22 0.030633429 
247 14 12 15 0.030590845 
183 165 14 17 0.030537564 
920 0 14 14 0.030502528 
155 151 15 19 0.030399878 
485 271 16 20 0.030393623 
488 95 17 20 0.030381946 
699 276 17 20 0.03035007 
668 2 16 19 0.030296292 
329 261 18 20 0.030246804 
0 61 13 21 0.030224731 
949 24 15 20 0.030201763 
921 311 18 24 0.029980786 
163 489 13 17 0.029803384 
341 412 17 23 0.029792383 
444 296 13 18 0.029777102 
762 591 22 27 0.029768303 
65 354 15 22 0.029765623 
827 242 14 19 0.029722666 
132 237 16 21 0.029643662 
1003 32 14 19 0.029600604 
162 5 24 25 0.029555617 
855 76 13 16 0.029305557 
256 482 13 18 0.029156014 
396 0 14 19 0.029115574 
405 106 13 19 0.029105766 
697 456 16 20 0.029023629 
123 494 16 21 0.029005513 
0 230 10 16 0.02895864 
532 263 13 18 0.028941646 
533 341 14 17 0.028929709 
809 121 15 20 0.028883502 
267 172 12 15 0.028879665 
502 663 16 21 0.0288505 
867 312 15 20 0.028793078 
229 486 17 20 0.028724808 
274 418 14 19 0.0285781 
979 236 23 27 0.028573692 
987 425 16 21 0.028565679 
553 599 20 26 0.028561994 
455 552 13 19 0.028406646 
411 250 14 18 0.028333345 
0 308 11 17 0.028330738 
799 318 13 16 0.028324403 
997 43 15 20 0.028278438 
170 29 17 19 0.028273067 
66 59 14 19 0.028233191 
370 487 20 25 0.028185967 
128 -2 15 14 0.028147431 
987 468 23 29 0.0281401 
515 499 13 17 0.028085869 
372 548 12 18 0.028050987 
143 660 14 18 0.02795118 
686 255 14 20 0.027916579 
350 0 13 14 0.027881764 
426 212 19 26 0.027633136 
828 309 17 21 0.027297024 
515 90 14 17 0.02721373 
427 -6 21 22 0.027191851 
655 91 15 19 0.02713531 
941 82 16 19 0.027059421 
661 482 15 20 0.026994081 
940 628 13 16 0.026965387 
941 685 25 26 0.026932342 
311 530 15 20 0.0269056 
199 558 15 21 0.026876852 
317 225 13 16 0.026867473 
333 20 16 22 0.026762228 
555 595 15 19 0.026734266 
1013 318 12 17 0.026729273 
155 339 23 28 0.026686966 
429 603 18 24 0.026677813 
358 91 16 21 0.026642624 
698 50 14 18 0.026589436 
505 500 17 21 0.026568634 
998 393 15 20 0.0265094 
367 86 14 18 0.02646733 
813 411 15 19 0.026430046 
547 158 19 25 0.02642611 
453 489 14 21 0.026395708 
422 458 16 20 0.026358757 
508 393 14 19 0.02634756 
306 11 12 16 0.026344338 
445 194 21 30 0.026343632 
3 288 13 18 0.026309336 
287 329 15 19 0.026204063 
318 595 17 23 0.02615999 
664 532 19 22 0.026147226 
1012 36 12 17 0.026140658 
119 191 18 20 0.026020039 
84 398 15 20 0.026004782 
230 315 17 22 0.025915645 
1 161 13 20 0.025814673 
537 173 17 22 0.025799848 
431 8 14 18 0.025730493 
715 221 15 20 0.02556766 
341 253 11 16 0.02553249 
722 428 15 19 0.025497047 
789 49 14 18 0.025379643 
733 497 21 26 0.025356447 
20 303 16 22 0.025335774 
414 101 17 22 0.025311984 
493 255 19 23 0.025180675 
601 123 16 21 0.025152031 
194 234 15 18 0.025150368 
659 475 15 19 0.02506498 
0 537 11 19 0.025051735 
967 498 14 19 0.025027059 
485 284 15 18 0.025024403 
478 109 17 22 0.024922848 
253 -1 16 14 0.024916962 
779 538 23 26 0.024909241 
976 12 16 18 0.024902236 
421 626 13 18 0.024850573 
814 484 14 20 0.024826104 
3 629 14 19 0.02479302 
677 0 14 16 0.024768969 
646 264 13 17 0.024744641 
372 615 17 21 0.024647592 
57 421 19 24 0.02462836 
0 670 11 22 0.02454826 
87 14 12 15 0.024544565 
569 129 16 19 0.02453746 
218 30 15 21 0.024508845 
650 151 16 19 0.024449417 
160 21 15 19 0.024425523 
-1 346 9 16 0.024224784 
559 353 14 20 0.024192847 
517 38 20 25 0.02415863 
798 464 16 20 0.024112009 
483 379 14 18 0.024063293 
775 85 15 19 0.023997692 
321 465 20 25 0.02399377 
442 590 14 19 0.023946762 
1010 676 13 18 0.023945281 
907 210 15 21 0.023921156 
458 284 14 17 0.023919817 
50 147 16 20 0.023917655 
267 163 14 18 0.023859559 
207 50 13 18 0.02385298 
24 117 17 21 0.023844793 
687 63 13 18 0.023825733 
413 458 14 20 0.023763362 
31 223 16 19 0.023727003 
348 88 15 20 0.023708394 
252 489 13 18 0.023668787 
305 277 18 20 0.02361022 
311 541 17 22 0.023602614 
490 3 15 17 0.023598514 
21 386 15 22 0.02350884 
156 322 24 29 0.023471111 
265 -1 15 14 0.023462681 
570 564 21 28 0.023431126 
296 353 15 20 0.023345107 
470 68 13 18 0.02331262 
243 0 16 17 0.023173667 
43 435 17 22 0.023170821 
908 138 14 19 0.023170138 
542 -1 15 14 0.02304846 
587 183 15 19 0.023039138 
325 225 12 16 0.023034517 
672 65 14 18 0.022882791 
1013 633 12 19 0.022869201 
119 120 14 19 0.0228122 
604 399 14 18 0.022724548 
886 607 16 21 0.02269578 
343 520 15 20 0.022676317 
832 286 22 26 0.022662021 
685 563 15 19 0.022626512 
592 116 15 18 0.022593908 
766 318 16 20 0.022590926 
327 538 16 21 0.022499273 
321 365 11 16 0.022468023 
501 234 13 18 0.022426639 
563 606 22 29 0.022383742 
324 81 14 19 0.022381578 
605 34 14 18 0.022313751 
341 89 14 19 0.022295518 
70 287 15 19 0.02228192 
848 284 15 18 0.022252599 
293 -5 20 22 0.022242649 
874 -2 13 15 0.022177154 
107 623 16 23 0.022158887 
265 61 20 27 0.022129934 
94 348 18 21 0.022110095 
359 50 13 18 0.022065183 
388 418 20 27 0.022024367 
518 604 18 22 0.021971319 
1005 380 15 20 0.021857511 
659 468 15 16 0.02182189 
229 309 14 18 0.021811968 
20 220 13 17 0.021786654 
526 26 14 19 0.021747436 
123 116 14 19 0.021706032 
787 266 21 24 0.021657897 
718 419 14 18 0.021655504 
300 410 15 19 0.021640476 
792 351 16 21 0.021611875 
329 564 23 28 0.021604909 
476 26 14 18 0.021550296 
455 313 21 27 0.021497533 
542 50 12 17 0.021489589 
661 291 14 17 0.02144131 
326 569 15 19 0.021431675 
296 32 15 20 0.021420052 
388 585 13 17 0.021391084 
1002 418 20 32 0.021379001 
806 118 13 17 0.021361016 
1007 265 20 28 0.021311864 
283 90 15 20 0.02128183 
117 469 15 18 0.021236248 
17 0 15 14 0.021166261 
784 57 16 20 0.021138923 
-1 182 9 16 0.021128347 
744 235 15 18 0.021093087 
644 51 15 20 0.021089585 
276 545 15 18 0.021020219 
840 257 19 24 0.021015776 
824 320 14 19 0.020996384 
417 218 20 27 0.020957708 
937 633 12 16 0.020908697 
750 172 17 23 0.020894114 
436 609 24 28 0.020888077 
684 536 15 20 0.020873182 
161 67 24 29 0.020854661 
314 666 16 19 0.020808434 
397 197 16 21 0.020732798 
1002 173 20 26 0.020724354 
331 246 14 19 0.020723978 
668 350 16 20 0.020684706 
398 13 16 22 0.020636948 
174 436 12 17 0.020635484 
776 25 13 19 0.020634498 
726 223 18 24 0.020622866 
856 558 17 21 0.02057974 
227 20 12 16 0.020553065 
501 355 12 17 0.020519383 
367 467 22 27 0.02051086 
964 95 14 19 0.020472273 
814 177 19 24 0.02046452 
1006 555 14 17 0.020444896 
526 361 15 20 0.02041451 
31 111 20 26 0.020406747 
172 109 14 18 0.020364909 
188 225 16 19 0.020332443 
23 193 14 20 0.02033109 
561 158 20 26 0.020319667 
726 521 21 27 0.020280387 
17 52 14 19 0.020277668 
506 45 21 25 0.020265397 
934 462 16 20 0.020262843 
814 403 15 18 0.020236611 
865 169 16 21 0.020231407 
295 474 16 21 0.0202199 
609 130 14 19 0.02021322 
55 635 16 24 0.02017088 
414 258 13 18 0.020164955 
316 235 15 18 0.020154836 
244 127 16 19 0.02014889 
805 425 18 23 0.020144535 
965 3 14 16 0.020133048 
939 56 15 20 0.020083515 
963 275 11 16 0.020067105 
467 258 15 17 0.020066664 
485 255 14 17 0.020059172 
996 380 15 18 0.020045703 
622 178 14 18 0.020034336 
