12_Group_Group_12_Group_Group_12_354
33
188 94 48 63 0.9991704 
954 72 28 36 0.99823785 
57 42 43 60 0.9981736 
281 40 40 53 0.99481994 
158 12 38 54 0.98511595 
556 24 21 28 0.9664515 
774 97 24 31 0.9564656 
668 28 19 27 0.9357607 
466 21 21 28 0.91641206 
426 64 20 27 0.8538615 
589 42 17 22 0.575847 
740 34 12 16 0.5675051 
867 69 25 31 0.3037045 
482 92 12 16 0.070435315 
467 69 15 18 0.05821928 
483 57 16 20 0.057481095 
882 75 16 21 0.055313367 
582 45 19 22 0.040308513 
999 243 11 17 0.03861332 
735 241 13 17 0.037572134 
853 83 23 33 0.029813832 
583 25 26 40 0.028471176 
892 107 17 21 0.025491303 
886 115 15 22 0.025453307 
925 241 12 18 0.025069175 
473 64 17 21 0.02345214 
594 32 24 33 0.023354799 
722 33 16 20 0.02232808 
761 36 10 12 0.02204101 
876 76 29 33 0.021318676 
716 32 14 18 0.020396188 
434 65 22 29 0.020162484 
422 61 16 21 0.020115653 
