12_Group_Large_Group_12_Group_Large_Group_12_13
81
637 347 17 22 0.9917481 
569 368 19 22 0.9901635 
478 367 18 21 0.98860556 
232 354 19 24 0.98382866 
311 356 19 22 0.9809967 
117 337 22 27 0.9785623 
730 355 18 23 0.9780126 
904 371 19 24 0.97155374 
866 409 22 27 0.9692955 
805 363 19 23 0.9632982 
357 406 16 20 0.96170825 
680 393 21 25 0.96053064 
517 398 18 23 0.9522035 
408 363 17 21 0.9494613 
165 392 21 26 0.9455815 
377 359 16 18 0.651611 
34 157 10 14 0.1864516 
55 363 13 19 0.15648685 
458 24 47 70 0.112566166 
828 438 13 17 0.076111816 
297 337 17 20 0.0700193 
616 345 12 16 0.060651176 
22 173 9 10 0.05485203 
907 271 7 9 0.051767316 
814 30 94 111 0.04965484 
713 388 17 21 0.04803172 
822 50 58 65 0.04647804 
521 364 11 14 0.045040835 
15 165 10 13 0.04383997 
159 341 13 16 0.043481078 
17 170 10 13 0.038245067 
560 334 11 14 0.03675989 
373 376 16 20 0.036440283 
374 334 11 16 0.035573624 
458 389 14 17 0.035503183 
32 184 7 9 0.035264064 
550 351 10 13 0.034788348 
391 380 12 16 0.034657683 
238 324 9 12 0.034441493 
504 333 8 10 0.033853095 
831 433 19 26 0.033435434 
687 173 49 66 0.031055266 
243 383 16 20 0.030520072 
821 57 33 42 0.02984885 
180 338 14 18 0.027856132 
438 384 15 17 0.027541252 
189 329 13 17 0.027250515 
891 521 47 51 0.027145498 
264 317 11 14 0.026984887 
367 360 15 20 0.02667336 
621 458 10 16 0.02643173 
198 331 11 14 0.026271265 
309 315 10 12 0.026045566 
205 384 15 19 0.025883786 
378 367 14 18 0.025068372 
676 346 12 16 0.0245865 
854 279 8 9 0.024141748 
229 332 12 15 0.024006486 
454 12 83 106 0.02390395 
230 428 11 13 0.023760045 
377 315 10 14 0.023633655 
837 255 9 10 0.023210922 
199 346 13 17 0.022596661 
366 332 11 14 0.022506285 
432 404 10 13 0.02243937 
78 279 10 12 0.022335695 
833 255 9 10 0.0222986 
71 351 11 14 0.022014944 
299 327 14 16 0.021927211 
176 237 8 10 0.021884978 
541 432 12 15 0.02170874 
374 418 13 18 0.021558164 
174 339 13 17 0.02153766 
992 270 8 11 0.0212174 
820 76 35 39 0.021156324 
340 360 14 18 0.021135759 
593 82 49 66 0.020929167 
870 288 8 10 0.020921038 
332 380 16 22 0.020619968 
375 309 11 14 0.020612888 
577 99 57 71 0.020068113 
