12_Group_Team_Organized_Group_12_Group_Team_Organized_Group_12_551
18
489 73 91 109 0.9991221 
272 -2 85 102 0.99855345 
196 407 17 21 0.51928777 
744 435 19 24 0.49688852 
806 434 21 26 0.29412493 
417 534 157 137 0.08944171 
831 382 28 33 0.050275918 
426 240 62 78 0.033602357 
809 343 19 22 0.028452005 
859 324 20 30 0.02844903 
847 320 37 48 0.027052624 
867 398 15 19 0.026425814 
74 311 218 252 0.025743715 
796 324 18 20 0.02568371 
84 439 59 50 0.02497026 
365 410 114 136 0.023758544 
618 -20 216 208 0.023375086 
456 507 199 220 0.020772228 
