12_Group_Team_Organized_Group_12_Group_Team_Organized_Group_12_126
24
94 158 9 13 0.5080315 
782 396 50 58 0.15268841 
710 348 26 30 0.07040402 
692 390 102 113 0.060338877 
472 371 21 28 0.05694382 
560 345 51 67 0.051957306 
717 358 14 18 0.050017305 
665 340 106 101 0.048580244 
498 450 43 55 0.04181146 
470 382 17 22 0.039490826 
710 348 62 65 0.037722 
986 408 7 11 0.035264064 
985 413 8 11 0.03205484 
802 417 40 41 0.028800648 
1006 536 7 9 0.027258212 
635 333 24 35 0.027001746 
535 328 83 108 0.026425585 
919 374 7 9 0.023883488 
760 383 56 64 0.022840524 
558 358 11 16 0.021621682 
13 446 8 10 0.021498142 
658 346 55 73 0.021152051 
365 276 10 14 0.02096546 
356 299 12 14 0.020098828 
