12_Group_Group_12_Group_Group_12_478
19
438 279 65 78 0.9946287 
162 242 64 78 0.99342865 
330 286 73 93 0.99117273 
562 234 59 71 0.9859838 
795 246 70 93 0.41376632 
792 147 156 129 0.16596937 
84 479 32 40 0.14746706 
651 342 80 108 0.09821615 
66 501 12 15 0.0830295 
797 183 108 146 0.07308379 
-4 651 106 138 0.033170056 
830 192 86 84 0.026126122 
212 247 53 61 0.02449248 
416 -33 370 450 0.023641733 
73 488 29 33 0.022604655 
970 380 31 45 0.022326233 
203 255 33 45 0.021634366 
424 270 32 38 0.020297382 
57 542 10 14 0.02013129 
