12_Group_Team_Organized_Group_12_Group_Team_Organized_Group_12_412
75
555 233 34 42 0.99903536 
760 180 34 40 0.99810505 
704 199 39 48 0.9967596 
780 58 33 38 0.99501544 
663 222 32 42 0.9948998 
603 333 36 49 0.9947167 
328 217 37 45 0.99407035 
577 401 46 58 0.9922125 
387 219 37 48 0.9921043 
494 226 38 48 0.99121803 
233 200 40 52 0.98922557 
117 191 33 42 0.9824798 
967 134 36 49 0.9749951 
140 215 36 50 0.9680835 
5 210 41 39 0.9636343 
593 226 25 35 0.9331301 
891 222 39 50 0.9285528 
496 176 25 32 0.89476806 
911 207 30 37 0.8656599 
543 141 12 16 0.592458 
208 206 17 21 0.5360099 
476 240 15 22 0.3069504 
818 236 27 33 0.3068321 
294 173 11 15 0.28117692 
573 149 12 16 0.24489439 
610 170 14 19 0.22078545 
635 234 24 30 0.1725054 
514 141 10 13 0.13372125 
287 242 29 41 0.112455174 
646 227 30 36 0.08717578 
871 2 33 38 0.08311166 
285 168 24 29 0.07514511 
598 262 25 31 0.07234124 
342 313 40 54 0.07100799 
705 255 24 29 0.06989993 
996 253 29 44 0.062261816 
854 255 13 19 0.05567156 
540 148 15 20 0.055281032 
520 491 40 57 0.052039895 
48 247 25 33 0.05081375 
577 318 31 37 0.045811452 
467 448 46 54 0.045103207 
512 137 9 12 0.044040468 
596 221 16 21 0.04347883 
866 260 22 28 0.042882748 
415 272 29 39 0.040090606 
780 119 28 35 0.03741851 
598 248 23 30 0.03656903 
504 187 20 25 0.03402337 
262 196 32 45 0.033459738 
919 0 28 36 0.03267621 
278 177 29 36 0.031957053 
510 137 19 23 0.03050744 
833 240 17 23 0.029827813 
34 241 17 24 0.02931591 
818 250 20 24 0.029156756 
404 194 25 31 0.027718993 
46 256 16 21 0.026377818 
861 253 21 27 0.025328798 
1002 238 24 42 0.02486704 
197 209 24 33 0.024737228 
523 138 12 16 0.024726143 
483 492 33 49 0.024045601 
275 192 33 47 0.023448087 
958 204 35 50 0.023440948 
686 430 38 50 0.022694046 
409 196 15 18 0.02241709 
572 156 15 20 0.02229841 
525 103 12 17 0.021607315 
58 97 14 19 0.021550426 
573 228 31 39 0.021037657 
631 235 15 21 0.020990552 
506 333 42 51 0.02089771 
493 477 45 62 0.020414876 
394 206 33 42 0.020065844 
