12_Group_Group_12_Group_Group_12_28
42
171 39 31 41 0.9996176 
514 57 34 44 0.9994566 
462 235 31 42 0.99881077 
210 104 35 48 0.99834025 
383 198 44 54 0.997726 
107 70 37 46 0.9974644 
302 133 35 45 0.9967796 
178 200 37 45 0.9961611 
704 85 42 54 0.99583507 
70 21 39 50 0.9957247 
126 125 45 58 0.99444664 
519 253 39 49 0.9940553 
791 77 38 49 0.99358714 
902 108 47 58 0.9926738 
245 255 42 49 0.99225336 
551 110 38 49 0.9921245 
261 151 39 51 0.99068075 
612 97 42 55 0.9896007 
614 50 39 43 0.98931444 
664 58 36 50 0.9812402 
231 75 38 51 0.97959685 
919 68 42 48 0.8638493 
797 136 43 50 0.7311139 
220 93 40 55 0.54791594 
363 365 26 28 0.059002165 
942 236 39 57 0.045834895 
912 87 49 64 0.04179939 
116 256 13 17 0.04065162 
30 263 10 12 0.038181163 
41 249 10 12 0.03721611 
340 269 28 33 0.035709884 
244 130 26 32 0.034683105 
513 110 32 44 0.03406778 
472 215 23 28 0.033325177 
194 249 29 36 0.026304752 
57 436 95 122 0.025098106 
413 349 31 33 0.02451422 
92 297 576 551 0.023152849 
1 305 11 19 0.023013549 
923 287 29 33 0.022904094 
910 290 33 41 0.02227801 
494 260 22 28 0.020824239 
