54_Rescue_rescuepeople_54_493
45
822 384 14 17 0.12368519 
703 319 10 12 0.099191464 
344 67 32 40 0.08915554 
406 84 10 13 0.086863294 
310 117 26 34 0.07109638 
713 310 8 11 0.057133872 
790 88 28 32 0.05507973 
1 64 17 36 0.051627673 
734 321 9 10 0.047333732 
680 502 21 34 0.046163294 
320 113 28 34 0.04571251 
53 200 12 15 0.043251134 
318 32 13 16 0.040007193 
687 383 11 13 0.03960356 
702 107 14 19 0.03810365 
804 413 13 16 0.036142055 
709 319 8 11 0.035833403 
62 201 13 16 0.034045365 
727 320 9 11 0.0331079 
716 310 10 11 0.031717774 
792 121 16 17 0.029804667 
710 325 8 11 0.029586764 
736 326 10 13 0.029502118 
875 86 34 34 0.028283713 
736 332 11 13 0.028058471 
726 383 9 13 0.027975475 
662 101 16 20 0.027680913 
718 320 9 10 0.027551515 
687 311 8 11 0.026334684 
306 122 15 21 0.025921501 
318 92 30 37 0.025493765 
697 302 9 11 0.0254553 
431 151 22 29 0.025121942 
0 189 11 19 0.025109181 
84 190 16 21 0.024743918 
703 434 13 16 0.023143632 
667 285 11 13 0.023129046 
724 342 9 11 0.021517713 
704 243 13 14 0.021169435 
702 296 9 10 0.021159375 
686 436 11 13 0.021140156 
353 121 25 37 0.020787345 
1 237 11 15 0.020758979 
65 -40 229 230 0.020684503 
0 212 10 16 0.020446042 
