54_Rescue_rescuepeople_54_135
215
874 480 63 78 0.998615 
503 1 52 67 0.9913702 
868 208 28 50 0.98728997 
942 218 24 38 0.9669408 
329 46 34 50 0.93080425 
43 554 71 60 0.87043947 
997 230 24 32 0.4733031 
956 470 46 69 0.32869032 
962 367 36 44 0.3057523 
696 340 17 20 0.23035815 
434 369 27 40 0.21346761 
175 165 12 19 0.21078949 
452 0 45 51 0.20153789 
155 179 21 30 0.19119412 
73 229 27 32 0.18614918 
118 373 38 55 0.1835708 
453 378 16 24 0.17819285 
662 579 44 68 0.17784491 
148 210 15 21 0.17675667 
166 231 13 17 0.16271363 
29 579 70 58 0.162549 
949 213 34 42 0.15101737 
176 57 16 22 0.14201199 
907 398 39 52 0.11955273 
643 28 10 13 0.1147178 
850 362 46 57 0.111806214 
1005 411 17 34 0.11081795 
743 44 10 13 0.09787477 
669 500 53 63 0.09742746 
75 184 15 21 0.09240614 
149 201 15 21 0.0886617 
831 351 51 60 0.08782169 
165 170 24 34 0.08688958 
603 266 23 32 0.08468485 
686 127 9 12 0.08435272 
155 63 15 20 0.08123728 
770 329 15 20 0.072523564 
968 370 48 60 0.06943382 
252 159 28 37 0.068838604 
66 224 22 34 0.06848178 
86 229 27 29 0.067574866 
587 271 25 36 0.06724219 
499 1 35 41 0.0668599 
795 296 24 32 0.06583603 
984 228 37 55 0.0656335 
795 586 54 62 0.0635775 
651 489 44 59 0.0621504 
100 171 13 17 0.060669176 
101 176 19 29 0.05857114 
877 383 44 53 0.058504414 
739 410 31 48 0.057787742 
700 432 22 30 0.056571644 
793 377 55 65 0.056221746 
82 104 8 11 0.056213293 
414 25 28 36 0.053902827 
907 427 45 56 0.053340998 
825 320 49 59 0.053330835 
862 165 11 18 0.05280959 
922 414 32 46 0.050733637 
525 351 10 12 0.049641524 
763 323 18 23 0.04892301 
284 144 16 18 0.048309013 
213 352 36 56 0.048156373 
665 530 63 85 0.04750162 
76 271 17 22 0.047167417 
628 559 25 38 0.046822827 
780 326 59 78 0.0467555 
900 200 26 40 0.04638869 
150 548 28 41 0.045917302 
329 413 41 54 0.04558314 
413 17 45 59 0.045107324 
701 44 9 11 0.04509128 
737 318 10 14 0.045059104 
45 598 44 37 0.044383973 
684 578 95 97 0.043302197 
876 168 15 18 0.042987004 
963 219 41 53 0.04253532 
835 334 28 31 0.042009283 
597 33 12 14 0.041999422 
7 260 29 38 0.041854806 
868 169 14 17 0.041534893 
16 248 25 36 0.040815167 
623 29 8 12 0.040343758 
120 188 21 28 0.038173776 
123 306 32 35 0.03801841 
113 181 21 30 0.037678085 
878 220 33 37 0.037204564 
925 381 48 59 0.037118506 
953 464 32 48 0.036716625 
77 110 22 31 0.0362125 
84 107 11 15 0.035448484 
95 167 13 16 0.035019122 
476 333 11 13 0.03499947 
64 125 10 14 0.034866028 
57 210 16 20 0.03427866 
791 296 48 60 0.034001317 
159 221 22 28 0.033351086 
855 163 13 19 0.033343215 
849 213 42 59 0.033136364 
100 222 22 32 0.032599144 
52 382 27 39 0.03259838 
93 119 13 19 0.032567248 
742 319 9 12 0.032305706 
110 131 12 15 0.032161873 
811 340 86 98 0.031913575 
769 313 26 33 0.031521536 
159 177 12 15 0.03147729 
770 327 24 33 0.03138495 
923 276 38 60 0.03105489 
554 326 25 28 0.030749487 
925 209 33 51 0.030699702 
330 295 35 42 0.030677779 
282 23 48 63 0.030541616 
930 444 48 57 0.03036581 
0 309 40 59 0.03012039 
758 324 15 18 0.029935237 
112 139 11 13 0.029790096 
57 216 24 36 0.02967343 
71 166 11 16 0.029372966 
991 391 32 49 0.029138612 
607 501 40 57 0.029108299 
795 280 27 36 0.029016549 
36 359 45 61 0.028807232 
118 110 9 13 0.028247701 
811 297 51 63 0.027678745 
0 364 10 16 0.027438266 
149 211 24 31 0.027041543 
660 555 91 100 0.027005361 
124 200 15 20 0.026979718 
134 250 23 27 0.026867343 
200 365 36 48 0.026606213 
779 334 29 43 0.02657938 
555 420 12 16 0.026547069 
804 401 47 59 0.026459105 
947 362 79 94 0.026021566 
834 271 45 55 0.026016945 
132 209 27 31 0.025800943 
298 136 26 30 0.025712183 
356 295 13 17 0.025696892 
781 382 29 43 0.025637524 
127 197 23 27 0.025438624 
258 360 42 51 0.025361821 
233 169 45 54 0.025106777 
331 135 33 48 0.024988677 
60 260 15 20 0.02475767 
300 302 26 29 0.024665654 
846 385 47 64 0.024555195 
140 194 40 52 0.024400117 
276 125 48 54 0.024325788 
75 244 19 23 0.02422848 
748 317 12 15 0.024151377 
938 366 49 61 0.024119793 
71 247 28 33 0.024088576 
634 475 50 62 0.024018921 
413 366 38 48 0.023966193 
167 394 30 35 0.02396289 
595 281 15 21 0.023827307 
688 234 32 33 0.023763448 
600 518 32 43 0.023725783 
899 390 34 44 0.02371775 
899 458 54 71 0.02367973 
827 234 14 16 0.023651497 
787 306 15 18 0.023612604 
1008 237 16 23 0.023604266 
13 316 46 63 0.023485558 
83 130 13 14 0.023408988 
775 249 13 17 0.023286192 
11 586 58 60 0.023221934 
826 409 42 57 0.023065414 
578 266 23 36 0.023013914 
705 343 16 21 0.022839641 
34 340 36 48 0.022832371 
252 154 46 55 0.022797812 
973 394 34 48 0.022794101 
63 181 22 33 0.02269613 
500 0 20 20 0.022558223 
70 119 25 28 0.022329086 
202 170 44 55 0.022232065 
573 280 16 24 0.022216551 
959 228 20 26 0.02217573 
175 163 29 38 0.02212391 
291 139 16 20 0.022072865 
556 325 16 18 0.021885421 
277 201 30 34 0.021628527 
278 340 43 52 0.021518033 
934 491 52 70 0.02151667 
776 305 27 33 0.021503719 
177 173 17 25 0.021460881 
860 198 14 19 0.021456253 
184 387 24 35 0.021392755 
780 281 47 59 0.021375181 
393 15 44 59 0.021303244 
922 405 18 27 0.021067329 
638 497 33 48 0.021052219 
294 335 32 37 0.020977853 
516 416 17 23 0.02097645 
153 180 13 19 0.020929564 
76 169 12 16 0.020782 
142 149 13 17 0.020739047 
346 294 24 32 0.02072674 
117 139 11 15 0.02058175 
162 56 19 25 0.020566205 
344 364 36 50 0.02052844 
987 221 27 38 0.020515157 
796 249 25 29 0.020453233 
458 372 23 30 0.020346763 
397 21 26 36 0.020286975 
333 109 48 71 0.02028357 
0 300 26 46 0.020261824 
262 431 22 35 0.020217441 
239 411 41 57 0.020195493 
976 359 29 41 0.02008302 
140 190 23 30 0.020079669 
54 204 14 20 0.020060217 
732 595 58 67 0.020033501 
