54_Rescue_rescuepeople_54_817
28
785 645 67 77 0.9969221 
473 449 68 90 0.9421333 
260 717 422 557 0.35181925 
212 696 47 51 0.19545124 
179 591 376 527 0.11720884 
568 664 104 128 0.11335165 
437 2 34 27 0.10121654 
522 570 179 239 0.080539316 
409 473 47 66 0.07669369 
426 445 79 104 0.07661409 
59 509 361 538 0.062129766 
302 366 380 505 0.03901389 
263 690 25 33 0.03636256 
294 797 246 365 0.034330018 
691 310 166 252 0.03147253 
48 80 349 493 0.031445798 
231 685 47 51 0.031271648 
166 905 508 611 0.027911603 
172 353 196 275 0.02551497 
402 480 30 42 0.024451112 
356 483 29 40 0.021432979 
394 468 28 38 0.021227276 
386 444 81 111 0.02049371 
568 381 47 66 0.020427179 
272 444 102 126 0.020297918 
404 468 16 20 0.020158859 
591 1165 385 469 0.020102734 
558 304 100 140 0.020053724 
