54_Rescue_rescuepeople_54_926
23
525 195 100 140 0.9997844 
153 94 99 114 0.99974567 
366 202 69 91 0.99488246 
744 213 374 485 0.09991266 
298 485 13 16 0.059027012 
242 485 11 14 0.044359576 
315 110 16 26 0.042872686 
11 495 19 21 0.040708926 
307 69 19 24 0.039732482 
710 283 277 310 0.036456563 
326 15 27 35 0.035525933 
17 487 18 22 0.035010982 
310 101 36 52 0.03457022 
5 497 16 20 0.029654108 
240 499 10 14 0.028694687 
199 14 30 33 0.02763375 
860 334 34 33 0.027008034 
298 77 23 28 0.024379417 
317 55 11 14 0.023722243 
236 509 10 12 0.023695484 
324 529 32 34 0.022462372 
280 461 12 14 0.021190291 
259 507 12 14 0.020144546 
