54_Rescue_rescuepeople_54_222
54
123 34 31 34 0.9993105 
50 35 35 42 0.9991553 
845 42 49 60 0.99903536 
223 70 33 43 0.99796295 
669 43 51 71 0.99349046 
509 218 41 51 0.9920133 
171 53 41 43 0.98949325 
328 89 48 54 0.94485265 
102 216 32 37 0.33360487 
18 176 19 21 0.21953069 
208 450 31 35 0.101568565 
273 177 25 30 0.072915554 
235 204 13 16 0.07160045 
348 220 10 12 0.0689435 
215 444 50 60 0.058082845 
1013 444 9 14 0.056916654 
2 132 46 62 0.05041236 
7 160 33 38 0.04211394 
13 107 48 66 0.037937947 
975 432 9 11 0.03732893 
395 473 16 20 0.035403483 
991 445 10 11 0.03525696 
1014 440 8 12 0.03485016 
716 222 35 40 0.033607185 
1009 455 10 12 0.032945342 
996 398 10 12 0.032266326 
321 64 44 61 0.032153305 
101 222 19 23 0.030199012 
336 232 10 12 0.029636469 
873 213 11 13 0.029593674 
460 238 15 18 0.028921569 
985 415 8 11 0.028790263 
233 297 48 41 0.02584091 
693 37 55 66 0.025358617 
226 225 19 23 0.025171962 
80 200 25 32 0.024828741 
1007 461 9 12 0.024725927 
996 446 9 11 0.024444727 
0 124 10 18 0.024142778 
1008 392 9 10 0.023675581 
973 75 27 35 0.02360546 
367 74 34 44 0.023578072 
0 163 12 19 0.022910358 
449 458 35 37 0.02241232 
1000 484 10 12 0.022326868 
102 188 12 16 0.02232644 
1005 483 10 13 0.02185109 
970 453 9 11 0.021447407 
164 194 15 19 0.021339232 
27 172 26 33 0.020894915 
968 448 9 10 0.020711862 
960 432 8 10 0.02009646 
985 445 9 11 0.0200798 
322 61 27 40 0.020040808 
