54_Rescue_firemanrescue_54_478
25
526 89 64 80 0.9872362 
742 347 29 47 0.08399976 
477 10 39 59 0.052564926 
697 205 34 48 0.050975144 
775 287 34 37 0.0363819 
727 317 54 71 0.03620508 
3 264 15 20 0.033471353 
2 293 8 12 0.029133199 
435 306 341 435 0.028908763 
827 595 50 65 0.028109135 
990 95 9 11 0.027174098 
858 593 63 84 0.026154306 
91 531 25 32 0.025556028 
694 276 46 56 0.025101654 
989 100 9 11 0.024862546 
985 136 9 10 0.02364553 
1 287 9 13 0.023323456 
508 9 15 19 0.022637079 
976 94 9 11 0.02237768 
984 95 8 11 0.02220361 
604 238 57 58 0.021900749 
710 222 39 45 0.021541178 
718 292 53 64 0.021284426 
944 125 9 12 0.021043662 
789 589 149 163 0.020461773 
