54_Rescue_rescuepeople_54_102
158
407 252 28 34 0.8952643 
548 236 9 11 0.79745394 
397 246 29 32 0.17043185 
534 221 9 11 0.15363295 
493 216 7 9 0.14637949 
510 212 12 15 0.12806003 
512 208 9 11 0.12401081 
1013 306 10 17 0.10706475 
233 236 10 12 0.09862792 
580 364 26 30 0.09652332 
174 199 11 13 0.09278523 
264 239 9 10 0.0883158 
405 253 16 19 0.08619047 
732 371 41 58 0.08402926 
990 231 8 9 0.07409484 
518 207 7 9 0.06887677 
157 192 9 12 0.067708194 
1009 228 9 12 0.06229858 
344 308 34 39 0.06210473 
201 208 9 11 0.06061253 
565 222 8 10 0.057398073 
490 219 8 10 0.056700658 
984 196 9 11 0.05380554 
792 288 43 39 0.051933732 
542 215 7 10 0.049646318 
183 234 12 14 0.048459753 
678 191 8 9 0.047714733 
944 241 9 10 0.047380053 
949 240 9 11 0.046972957 
725 356 31 45 0.046783976 
974 232 9 11 0.04623539 
506 214 10 12 0.0455138 
483 251 15 19 0.04539382 
268 240 10 11 0.045273513 
30 200 8 11 0.044117965 
552 214 8 9 0.044044424 
478 219 9 11 0.043856952 
454 241 12 17 0.04347249 
878 240 14 16 0.042543214 
694 175 8 11 0.04236201 
223 238 9 12 0.042094406 
559 157 8 11 0.040883552 
1014 236 9 16 0.040730663 
469 576 18 21 0.039662246 
505 255 10 13 0.039031398 
511 248 10 12 0.038973086 
289 287 10 15 0.03823928 
679 169 6 8 0.0362641 
551 208 8 10 0.035919916 
537 244 10 11 0.03588528 
238 232 10 12 0.035640843 
495 198 8 11 0.03540097 
397 256 17 20 0.035382085 
177 190 10 12 0.0353628 
562 254 8 10 0.034983974 
968 233 9 11 0.034946278 
167 204 11 13 0.034910437 
257 238 10 11 0.034802604 
662 183 7 9 0.03437882 
504 199 7 9 0.03422082 
205 259 28 30 0.033614963 
182 184 8 10 0.033381123 
519 201 8 9 0.03332727 
442 309 13 15 0.033115495 
300 282 24 29 0.03302363 
559 248 9 10 0.03265354 
560 196 8 10 0.032229956 
418 261 27 34 0.03214707 
88 233 8 10 0.03207431 
673 175 7 9 0.031886514 
663 168 7 9 0.031535644 
705 176 8 10 0.031026479 
799 295 56 58 0.030253677 
53 166 15 17 0.030239072 
54 172 24 29 0.030198148 
535 228 8 11 0.02926951 
536 199 8 10 0.029139608 
222 245 9 11 0.028980706 
332 523 13 17 0.028713608 
424 258 17 22 0.028513348 
998 230 10 11 0.028504433 
520 231 9 12 0.028441176 
169 198 10 13 0.028256427 
470 250 13 16 0.028132277 
160 204 10 13 0.028030526 
543 182 8 10 0.027756141 
472 219 10 12 0.027624425 
512 201 8 10 0.027610024 
688 184 7 8 0.02747466 
543 208 8 10 0.02741989 
59 169 15 18 0.027112493 
449 562 15 18 0.02710405 
244 239 10 11 0.02670668 
229 318 46 55 0.026618462 
454 216 8 10 0.026442 
545 151 8 10 0.02636791 
541 219 10 11 0.026237937 
561 222 8 11 0.026041795 
524 237 10 13 0.025985595 
754 370 53 71 0.025945395 
153 195 11 13 0.02586835 
676 521 33 33 0.025851391 
446 231 10 13 0.025548885 
1013 224 9 13 0.025534727 
990 192 8 9 0.02549392 
182 188 8 12 0.025050938 
201 269 27 31 0.024979653 
506 206 9 12 0.024830097 
219 260 18 21 0.02447611 
544 231 17 22 0.024452271 
424 329 25 30 0.024369318 
510 253 11 12 0.024357826 
339 295 32 35 0.02432443 
550 243 9 12 0.024089143 
662 198 7 10 0.02408313 
551 152 8 9 0.023941876 
673 169 8 9 0.023849215 
959 239 8 10 0.0238387 
60 602 131 155 0.023815084 
447 235 13 18 0.023629837 
390 258 16 19 0.023621058 
679 247 9 12 0.023476902 
453 250 11 14 0.023355652 
551 252 9 10 0.023301855 
744 359 45 61 0.023266021 
998 300 13 17 0.02325993 
985 236 9 10 0.023179678 
543 255 8 10 0.022773659 
236 259 13 16 0.022689769 
231 242 11 14 0.022516321 
910 240 10 10 0.022221724 
576 208 8 10 0.022146318 
489 198 9 12 0.022091687 
657 177 6 8 0.021954305 
455 220 9 11 0.021928966 
827 297 50 54 0.021889461 
145 277 8 12 0.021835655 
518 387 30 34 0.02182877 
537 190 8 10 0.021682251 
529 215 9 11 0.021661296 
205 211 9 12 0.02156281 
546 0 436 506 0.021384347 
355 254 18 20 0.021289954 
165 292 14 15 0.021202449 
210 274 16 19 0.021104733 
492 253 11 15 0.02092935 
559 215 7 9 0.020873016 
703 193 8 9 0.020790493 
935 240 9 10 0.020771924 
990 235 9 12 0.020716934 
551 222 9 10 0.02066775 
1006 301 13 18 0.020653319 
542 190 8 10 0.020570919 
567 192 8 10 0.02051414 
514 190 8 10 0.020429637 
30 290 23 29 0.020372199 
496 348 12 14 0.02016177 
84 551 42 51 0.020095047 
