54_Rescue_rescuepeople_54_406
36
736 318 40 44 0.985151 
431 351 36 38 0.77112675 
411 355 35 36 0.12243786 
254 159 9 10 0.07501571 
756 598 12 14 0.057857778 
407 73 9 10 0.038435347 
296 232 10 12 0.036140855 
400 183 9 10 0.030734241 
313 166 9 12 0.029094258 
389 160 9 10 0.028934017 
864 334 16 19 0.02844797 
369 149 8 11 0.02814544 
374 148 9 11 0.02782635 
398 46 7 10 0.027804168 
253 113 11 14 0.026578644 
368 128 8 10 0.02501112 
510 381 407 456 0.024386704 
485 468 30 32 0.024347838 
384 166 9 10 0.023957374 
353 127 9 11 0.023941774 
412 368 18 21 0.023825994 
408 312 44 42 0.023675581 
556 651 11 13 0.023537274 
277 231 12 14 0.022480743 
400 176 8 10 0.022458468 
263 149 10 12 0.022255769 
401 72 8 10 0.02213129 
202 91 14 16 0.02140085 
254 187 10 12 0.021267135 
318 168 8 10 0.02117366 
665 561 36 39 0.020961942 
169 65 8 10 0.020959366 
417 152 7 8 0.020928675 
319 126 10 12 0.02079844 
990 142 8 10 0.02062502 
229 150 9 12 0.020576416 
