54_Rescue_rescuepeople_54_108
32
235 335 207 286 0.99973744 
364 235 417 396 0.67745256 
425 884 471 423 0.66196203 
627 127 246 251 0.5977298 
96 861 440 407 0.4585183 
308 425 402 457 0.3048394 
477 314 70 83 0.23942342 
536 175 285 343 0.14303325 
451 289 255 239 0.10275838 
960 567 36 46 0.102195054 
460 316 129 119 0.09899217 
320 323 294 370 0.09592402 
619 64 392 412 0.087690294 
952 430 64 89 0.08126035 
712 396 109 136 0.07377886 
665 136 124 132 0.07269717 
476 206 47 49 0.060299017 
148 958 233 231 0.05765522 
597 132 115 134 0.044943064 
38 498 455 525 0.043527465 
544 1022 271 279 0.040817536 
433 1012 376 506 0.040206723 
755 440 79 83 0.03795034 
555 174 116 139 0.033655383 
113 972 120 138 0.02778017 
539 242 129 174 0.02472432 
940 262 87 140 0.023323324 
466 225 52 57 0.022525482 
-10 750 374 486 0.02248716 
424 335 117 134 0.021600332 
936 454 87 139 0.021387812 
154 947 30 50 0.020741822 
