54_Rescue_rescuepeople_54_840
69
65 771 202 301 0.5616736 
647 548 44 57 0.34746146 
410 691 116 92 0.25920922 
327 685 209 348 0.21059002 
222 23 179 202 0.18698284 
934 565 106 90 0.16306156 
116 813 122 177 0.16220109 
127 980 106 180 0.09788654 
921 889 29 44 0.08664478 
230 830 44 59 0.08069443 
732 -6 233 298 0.078112565 
534 861 55 83 0.07654519 
136 743 303 392 0.071916215 
784 760 46 62 0.06710675 
-62 265 396 456 0.06648482 
794 837 92 107 0.063500024 
643 700 43 53 0.060242984 
320 1076 27 35 0.056130476 
818 50 113 135 0.052476596 
673 561 32 51 0.048469704 
310 51 109 147 0.045715045 
456 701 121 99 0.04535339 
195 857 59 81 0.04488857 
787 688 99 89 0.041293312 
560 708 81 109 0.040752463 
881 846 64 85 0.03961025 
266 842 49 56 0.039144803 
528 1019 58 76 0.038288776 
384 796 129 209 0.037819743 
329 995 17 23 0.03745994 
65 108 410 520 0.037291616 
282 551 89 124 0.037284736 
657 572 34 46 0.0372572 
440 713 47 43 0.036519192 
469 0 35 27 0.0345977 
826 872 44 48 0.034199715 
934 892 27 37 0.033395603 
75 1299 64 74 0.033223253 
848 198 39 47 0.03289339 
951 950 31 37 0.031224756 
909 513 110 115 0.030834068 
-1 724 335 474 0.030397415 
881 781 52 55 0.030214839 
214 502 374 399 0.029688794 
826 225 104 130 0.028472064 
118 866 165 287 0.027622202 
299 35 179 243 0.02737766 
851 796 111 126 0.02719936 
325 568 90 127 0.027143998 
321 942 31 35 0.02634563 
666 548 33 42 0.026315847 
806 513 224 189 0.026247416 
793 720 60 82 0.025837636 
281 850 29 35 0.024513457 
937 212 75 130 0.023503857 
410 730 73 65 0.023424594 
231 816 34 49 0.022943892 
215 848 55 71 0.022414066 
666 591 17 22 0.022230212 
449 801 125 161 0.022212494 
733 1405 245 223 0.022031875 
538 528 37 45 0.022022529 
684 427 40 37 0.021516459 
541 725 64 86 0.0215154 
644 578 32 42 0.021327434 
688 695 35 45 0.02124756 
607 535 46 61 0.02115007 
266 484 179 270 0.020626012 
798 679 61 64 0.020375323 
