54_Rescue_rescuepeople_54_1006
22
244 245 38 60 0.99707043 
619 158 50 65 0.99566025 
426 280 33 42 0.9943052 
312 257 32 48 0.9831488 
580 389 10 13 0.25885957 
550 354 15 20 0.124330655 
262 249 35 55 0.091070086 
553 349 14 17 0.09087832 
287 250 29 44 0.088835336 
577 415 9 11 0.048514288 
454 331 14 20 0.037999064 
541 389 10 14 0.037324827 
676 372 29 37 0.031750094 
547 365 15 19 0.030223753 
560 347 16 17 0.02918494 
403 336 58 74 0.027169514 
663 462 13 15 0.025283733 
564 339 15 19 0.025060393 
542 427 10 13 0.024594834 
664 455 11 13 0.021978533 
576 467 13 16 0.021950025 
-17 76 175 295 0.020504178 
