54_Rescue_rescuepeople_54_711
53
407 374 12 17 0.86293656 
485 308 13 17 0.84406453 
423 319 10 14 0.37954646 
438 349 8 11 0.33098802 
494 342 8 9 0.25051984 
428 323 9 13 0.2321295 
456 352 8 11 0.17085966 
495 334 9 12 0.10619186 
495 325 10 12 0.08828179 
424 312 10 14 0.07135805 
473 356 7 10 0.06872729 
497 368 9 10 0.06502001 
458 302 8 11 0.06174487 
542 284 15 17 0.061065096 
490 315 12 15 0.055119902 
480 335 10 12 0.053140234 
490 341 8 11 0.052644227 
512 295 9 11 0.050994687 
479 357 7 9 0.05066927 
475 386 13 15 0.04486364 
528 360 10 12 0.043608047 
421 317 19 24 0.043545984 
447 373 10 13 0.043252513 
463 367 8 11 0.04085579 
559 280 13 15 0.040218405 
507 213 44 59 0.038265567 
469 317 10 13 0.034388848 
446 369 9 11 0.032678325 
462 295 9 11 0.03224333 
488 294 9 10 0.030890657 
512 342 9 10 0.030338682 
445 343 10 11 0.028760595 
501 367 8 10 0.026522497 
469 324 9 12 0.02645531 
423 365 8 10 0.0261851 
550 279 12 14 0.025985027 
488 337 9 11 0.02598034 
444 419 14 15 0.024216816 
533 364 9 10 0.024155954 
437 356 9 10 0.02387045 
504 296 9 11 0.023729747 
461 308 10 12 0.023447422 
461 249 106 131 0.022437409 
446 349 10 12 0.022398088 
501 333 8 10 0.022104114 
422 358 8 11 0.021355744 
423 328 10 15 0.021253709 
537 336 8 10 0.02113031 
487 320 11 14 0.020628585 
432 344 9 12 0.020358132 
527 327 9 11 0.02029539 
575 283 12 16 0.020186469 
596 306 12 14 0.020089993 
