54_Rescue_firemanrescue_54_153
23
264 96 109 187 0.9980476 
411 396 86 87 0.9498855 
762 236 197 209 0.076647095 
476 417 127 186 0.06254416 
434 411 102 105 0.04840082 
735 290 11 15 0.044293966 
608 237 10 11 0.042881355 
398 336 172 213 0.039821405 
33 239 9 11 0.035232257 
38 245 8 11 0.03100643 
342 129 106 157 0.029787889 
351 387 117 104 0.029768245 
488 607 113 112 0.026634868 
89 400 9 11 0.02659394 
33 244 8 10 0.025198147 
725 323 52 61 0.024403505 
337 351 47 67 0.023511948 
594 257 42 51 0.023232423 
424 606 116 117 0.023105843 
41 254 10 13 0.02297627 
46 254 11 13 0.022803975 
192 417 103 109 0.020913912 
410 383 43 31 0.020284588 
