54_Rescue_firemanrescue_54_939
60
158 109 77 105 0.9957469 
61 580 20 30 0.8587321 
578 599 15 16 0.32600623 
902 522 11 14 0.29705393 
421 475 35 51 0.22977903 
268 238 26 28 0.13459563 
924 562 15 18 0.12431123 
52 589 19 24 0.10663685 
627 542 15 20 0.10236516 
135 311 65 62 0.09930691 
133 608 26 32 0.09668995 
120 565 25 33 0.08642854 
898 525 10 14 0.08112144 
907 524 11 13 0.05885366 
127 574 29 34 0.043782003 
0 224 11 21 0.043052703 
704 30 33 44 0.04190959 
117 556 24 29 0.04124445 
945 561 12 15 0.03979983 
561 638 10 12 0.039462827 
471 619 9 11 0.03869581 
343 456 48 71 0.03699107 
900 530 13 14 0.036878753 
420 656 9 11 0.03660264 
917 524 11 13 0.035950825 
821 540 14 19 0.035589263 
941 513 11 15 0.033988133 
2 583 16 22 0.033621315 
651 9 45 57 0.033404164 
918 554 23 31 0.03214858 
5 605 16 21 0.031846907 
149 610 28 34 0.031622022 
562 631 9 11 0.029946612 
556 257 88 113 0.028768895 
159 669 25 31 0.027654892 
812 564 14 18 0.027476167 
367 109 32 38 0.027120301 
0 543 16 25 0.026320718 
581 593 13 14 0.02631482 
264 225 44 54 0.024640722 
182 690 12 15 0.024470855 
878 528 8 11 0.024335694 
901 518 19 23 0.023977475 
115 566 17 25 0.023911823 
704 646 7 10 0.02338248 
339 451 34 52 0.023025494 
720 225 105 127 0.022369603 
691 482 116 155 0.022335947 
533 678 9 12 0.021999616 
807 516 10 14 0.021662585 
711 646 8 9 0.021640876 
628 530 15 19 0.02163042 
909 532 11 13 0.021100566 
418 659 9 12 0.021087104 
7 624 22 29 0.021026973 
836 509 13 15 0.0209424 
907 153 113 167 0.02085754 
715 30 54 65 0.020597693 
730 663 7 10 0.020540891 
941 557 21 25 0.020535978 
