50_Celebration_Or_Party_birthdayparty_50_43
46
521 256 36 45 0.9993932 
625 405 45 57 0.9991272 
640 255 37 43 0.99897075 
582 41 37 45 0.9985226 
461 96 35 43 0.998154 
754 242 37 47 0.9981219 
395 261 39 48 0.9971222 
205 267 46 56 0.99662834 
484 444 46 55 0.995837 
715 95 35 43 0.9949949 
772 414 44 52 0.99202794 
298 112 40 49 0.98984385 
353 418 44 51 0.9890565 
202 75 39 47 0.97406244 
209 156 20 22 0.60897255 
625 546 19 23 0.6058499 
793 546 20 24 0.58363086 
733 568 15 20 0.24933799 
464 175 11 13 0.24560967 
394 316 26 29 0.20215991 
322 328 26 34 0.06831171 
195 387 22 25 0.058265157 
518 185 12 14 0.055654317 
361 495 24 28 0.043574084 
536 444 39 52 0.042966396 
645 217 18 23 0.037406635 
715 155 13 17 0.035635214 
682 432 23 31 0.03467816 
762 202 28 32 0.034281757 
537 126 9 13 0.03213106 
327 75 15 18 0.030640826 
526 421 35 37 0.030228568 
663 131 15 18 0.029837785 
182 465 110 134 0.02861069 
704 515 14 18 0.027780095 
520 309 23 26 0.027631065 
488 215 10 13 0.026392898 
523 187 13 15 0.026384283 
664 506 18 21 0.025047937 
733 558 16 20 0.024401696 
679 598 10 12 0.023098445 
695 538 11 14 0.02151433 
154 202 9 13 0.021113342 
421 393 494 577 0.021053577 
152 147 12 16 0.020661697 
708 539 21 30 0.02063408 
