50_Celebration_Or_Party_birthdayparty_50_134
194
854 284 30 35 0.9984053 
11 335 21 27 0.8714267 
616 311 9 11 0.86846197 
83 354 14 19 0.5349616 
551 314 13 15 0.51985174 
559 344 13 17 0.45582694 
798 302 10 12 0.4438913 
540 349 11 14 0.3327185 
581 317 10 12 0.32931942 
883 357 114 155 0.31321833 
650 303 10 12 0.28995675 
597 332 10 14 0.2694372 
497 334 8 10 0.26211652 
503 335 9 10 0.24415495 
578 311 10 12 0.20938453 
598 351 10 14 0.20464116 
423 341 8 10 0.1971491 
485 321 7 10 0.19249566 
547 321 14 17 0.17935058 
804 353 22 29 0.17929028 
572 528 14 17 0.17860463 
760 303 11 13 0.16023028 
609 347 9 14 0.15680888 
743 304 10 12 0.14573766 
479 332 11 12 0.14319742 
481 324 10 12 0.13764025 
724 295 10 12 0.12968662 
442 350 8 9 0.12884627 
446 350 8 10 0.12796807 
640 308 9 12 0.12160113 
490 575 44 51 0.11546412 
543 330 11 13 0.115190685 
928 336 19 24 0.111871324 
448 344 8 10 0.11171955 
576 323 11 14 0.10801613 
509 341 8 11 0.099278875 
434 364 9 11 0.099232405 
430 343 8 11 0.09891233 
566 521 24 28 0.09682827 
509 336 7 10 0.09452781 
422 338 7 9 0.088389635 
574 519 11 12 0.08554206 
529 334 8 11 0.081657894 
738 308 10 12 0.07816814 
548 331 13 15 0.07741452 
873 312 22 31 0.076087214 
552 341 13 15 0.075342596 
504 338 10 13 0.0721512 
450 567 52 61 0.071964234 
894 336 24 31 0.06833287 
453 344 8 9 0.06815061 
486 332 10 14 0.066228345 
558 509 8 10 0.06402428 
589 554 55 74 0.063851506 
736 303 9 11 0.061254796 
592 354 14 15 0.060861293 
806 310 10 13 0.060809296 
578 525 13 16 0.059190612 
471 336 10 12 0.058944028 
440 344 7 9 0.057194963 
628 348 12 16 0.0565844 
417 351 8 11 0.054924 
555 321 12 16 0.054251675 
574 342 10 14 0.054100428 
550 592 36 37 0.05390262 
807 315 10 14 0.053621653 
86 371 12 15 0.053101465 
923 315 12 14 0.052784406 
631 391 27 32 0.052695677 
419 341 7 11 0.052160818 
422 348 9 11 0.051610958 
749 304 10 12 0.051509015 
119 415 10 13 0.04953616 
486 341 10 13 0.048716333 
792 304 11 15 0.0469282 
541 342 13 16 0.046764802 
587 638 16 21 0.046733983 
387 366 10 14 0.04643035 
591 326 10 14 0.046095084 
409 368 7 10 0.045354337 
611 341 11 16 0.04514477 
567 536 12 16 0.045134537 
88 361 15 17 0.04428108 
707 301 11 12 0.042948127 
0 345 12 18 0.04151753 
631 354 11 14 0.041236304 
478 341 11 14 0.040871117 
476 506 11 13 0.040695217 
554 509 8 10 0.040619154 
601 502 8 10 0.040049672 
721 332 13 18 0.040023893 
22 369 14 21 0.03998042 
553 505 8 9 0.0398031 
606 326 10 15 0.039666936 
384 350 8 10 0.03947393 
596 516 12 13 0.039455783 
397 537 96 115 0.038904823 
652 316 12 15 0.038498234 
446 356 9 10 0.038158912 
803 339 14 18 0.038124155 
547 545 89 103 0.037915275 
503 349 11 14 0.037821304 
599 311 10 12 0.03778525 
484 346 13 16 0.03752824 
24 337 13 20 0.037186775 
494 338 11 14 0.03618326 
555 509 44 61 0.03612181 
562 525 10 14 0.035830848 
528 339 10 14 0.035424344 
438 359 10 12 0.03541257 
568 511 8 10 0.035396744 
612 329 13 17 0.035251915 
929 332 30 39 0.0350485 
509 349 11 14 0.03489338 
442 336 8 10 0.0343203 
775 322 13 17 0.033887267 
477 345 15 17 0.03364877 
550 346 12 16 0.033440687 
621 316 10 12 0.032874063 
407 373 7 10 0.032777015 
581 348 10 14 0.032547053 
534 566 58 66 0.03250192 
534 333 10 13 0.031977303 
504 562 54 64 0.03194364 
614 305 16 23 0.031883977 
817 361 13 19 0.03130851 
634 308 9 10 0.030869747 
516 390 10 12 0.030786945 
646 296 18 24 0.030778816 
219 118 63 75 0.030632956 
579 629 27 34 0.030490065 
534 342 12 15 0.030426932 
910 335 24 28 0.030423371 
873 293 16 23 0.030250957 
446 337 8 10 0.030250356 
606 535 12 14 0.029926252 
446 366 8 9 0.029909201 
567 324 12 15 0.029688472 
559 505 8 9 0.029277995 
593 512 9 11 0.028539589 
771 362 11 15 0.028184358 
586 578 14 18 0.028108533 
556 335 12 15 0.028028272 
142 389 14 17 0.027339553 
429 349 9 10 0.027309138 
615 356 9 12 0.027252259 
881 316 24 31 0.027158394 
798 358 18 22 0.027067957 
508 354 13 16 0.026984675 
85 346 21 28 0.026729105 
793 297 18 22 0.026456932 
644 335 11 12 0.02639256 
799 346 14 17 0.026320735 
414 365 9 12 0.025742365 
112 412 10 13 0.025701227 
750 316 11 15 0.025517331 
400 375 9 10 0.025201982 
116 388 13 16 0.025069484 
629 325 10 13 0.024931466 
750 324 15 18 0.024822699 
464 357 9 11 0.024795538 
494 349 10 13 0.024666583 
42 403 15 20 0.024382494 
630 321 8 10 0.024133163 
597 509 11 13 0.023915619 
447 374 8 12 0.023657896 
465 340 8 12 0.023050236 
463 563 12 15 0.022750095 
446 496 11 15 0.022591626 
756 378 21 28 0.022350324 
718 328 11 14 0.022313006 
639 339 11 15 0.022262001 
578 517 26 32 0.021645773 
573 512 9 10 0.02160579 
550 526 10 12 0.021523656 
4 334 18 24 0.021504555 
595 358 15 18 0.021498987 
472 348 10 13 0.02140966 
517 349 10 13 0.021331187 
605 355 10 13 0.021201821 
593 564 33 39 0.021174729 
93 405 9 12 0.021128299 
917 317 24 28 0.021044051 
487 366 9 11 0.020959122 
567 504 8 11 0.020947726 
548 354 13 16 0.020846924 
452 348 10 12 0.020729873 
426 564 53 70 0.02061564 
576 314 18 23 0.020542532 
400 366 9 12 0.020342799 
726 309 9 12 0.020208487 
544 525 9 12 0.020183671 
610 311 8 11 0.020164913 
915 305 23 27 0.02003111 
