50_Celebration_Or_Party_birthdayparty_50_396
31
711 817 104 129 0.9998504 
190 116 126 167 0.9988317 
165 837 145 207 0.995285 
760 1041 80 90 0.9927216 
166 809 28 37 0.7979926 
731 86 96 122 0.57788545 
915 354 101 150 0.1318796 
691 97 98 118 0.12763065 
355 940 88 128 0.118874885 
739 1007 32 34 0.10166232 
155 820 26 33 0.07230922 
508 1099 127 159 0.057313025 
563 391 112 141 0.051008713 
470 984 44 51 0.04799476 
723 1046 16 21 0.038287353 
563 854 20 29 0.03416665 
547 1115 35 38 0.03238295 
743 40 36 38 0.028612688 
836 276 222 195 0.028002381 
259 109 112 146 0.026920334 
674 120 65 90 0.026820086 
857 1077 51 76 0.026661193 
170 825 20 25 0.026450835 
686 66 178 232 0.026079282 
558 844 13 17 0.026009183 
157 47 387 458 0.025703035 
410 951 86 109 0.025591059 
141 820 24 36 0.024971746 
721 1044 26 33 0.024267893 
588 395 66 72 0.023132574 
544 1107 57 71 0.022045672 
