50_Celebration_Or_Party_houseparty_50_189
29
357 144 97 107 0.997537 
284 392 36 38 0.5754328 
1008 191 13 22 0.07969139 
980 570 11 13 0.062822394 
199 480 8 11 0.05702376 
190 486 10 13 0.04933629 
510 582 8 11 0.04871262 
1001 412 21 47 0.044273827 
787 218 12 16 0.040083498 
720 567 10 13 0.03189373 
1004 193 19 35 0.0305213 
870 171 10 14 0.028968079 
193 481 10 12 0.027572285 
1013 73 11 16 0.026364993 
936 174 11 13 0.026268559 
1012 252 9 14 0.024400722 
554 560 8 10 0.02313986 
738 190 13 18 0.022966037 
1010 290 11 18 0.022183614 
131 473 12 14 0.022073697 
292 152 11 16 0.02200767 
287 204 11 14 0.021942565 
758 214 14 17 0.02106078 
591 589 10 13 0.020921675 
788 238 10 13 0.020649277 
574 590 9 10 0.020599987 
972 581 12 15 0.02027907 
976 572 11 14 0.020055352 
137 564 10 11 0.020000914 
