50_Celebration_Or_Party_birthdayparty_50_18
79
232 375 26 33 0.9975817 
847 376 28 34 0.99700147 
334 365 24 30 0.99186456 
134 404 25 35 0.98959446 
612 343 22 30 0.98242444 
806 347 22 27 0.97678554 
764 400 19 31 0.968734 
641 337 20 27 0.9617433 
544 352 21 26 0.94756335 
718 334 19 26 0.9432621 
664 397 20 31 0.78435254 
468 356 16 23 0.5326978 
928 378 18 21 0.39814457 
395 369 17 24 0.28497562 
379 372 15 18 0.2765169 
812 370 26 30 0.2736684 
531 440 17 18 0.2631481 
630 335 23 30 0.17412844 
681 411 15 18 0.16395953 
456 348 23 30 0.15611064 
675 406 16 21 0.12104375 
636 262 17 22 0.104634464 
462 369 23 29 0.088889204 
121 410 40 44 0.08348203 
380 283 28 35 0.07240623 
538 427 27 32 0.071524255 
702 289 16 19 0.07035927 
866 364 14 19 0.06553964 
397 212 13 18 0.061509535 
557 336 15 19 0.061315272 
534 203 13 15 0.05948208 
276 502 14 18 0.05703769 
318 501 18 21 0.04806946 
799 335 36 44 0.041580953 
779 312 25 29 0.040469278 
623 41 12 15 0.03902428 
794 372 14 18 0.03882374 
285 456 28 32 0.036216162 
955 340 11 15 0.035545625 
770 303 39 47 0.03504652 
235 362 27 35 0.034491863 
529 203 25 31 0.03395425 
877 365 12 16 0.03380884 
919 368 22 28 0.03324012 
274 497 25 27 0.032961667 
596 230 28 31 0.032651138 
775 408 18 21 0.030386334 
498 382 16 22 0.030221391 
533 391 13 18 0.030167717 
550 425 25 32 0.030058634 
778 303 17 20 0.029721443 
518 434 28 31 0.029370824 
303 494 25 28 0.029051086 
538 213 28 32 0.028597074 
291 500 26 31 0.027941508 
803 426 16 18 0.027817136 
612 301 27 32 0.027725086 
534 463 14 19 0.027462006 
512 417 25 33 0.025906626 
572 204 28 28 0.025797281 
940 333 27 32 0.024804076 
549 368 27 32 0.024058457 
338 358 18 23 0.023915876 
805 360 27 33 0.023879115 
474 348 14 23 0.023560682 
918 361 12 17 0.022485234 
635 390 19 21 0.02228523 
754 405 23 29 0.022192422 
278 462 15 23 0.022061622 
547 341 22 29 0.021741498 
539 376 25 31 0.021696962 
763 412 28 29 0.02119889 
215 411 14 19 0.021153811 
523 475 14 17 0.021131152 
562 332 15 19 0.020628704 
500 449 16 20 0.020341605 
965 342 11 13 0.020314906 
417 422 37 46 0.020246517 
386 196 13 16 0.020060355 
