50_Celebration_Or_Party_birthdayparty_50_249
35
661 185 53 70 0.9993523 
151 271 61 69 0.9990796 
805 186 62 74 0.9984427 
576 237 51 64 0.99784386 
348 265 62 65 0.99345535 
588 159 27 46 0.50523317 
434 -6 218 246 0.16729172 
219 220 32 39 0.15677552 
602 105 33 35 0.12910897 
542 132 27 42 0.123303205 
760 27 11 15 0.11089371 
207 222 33 45 0.10639766 
246 252 30 37 0.092774466 
189 234 44 51 0.06825577 
756 37 12 15 0.06713472 
553 134 32 40 0.059399124 
583 88 52 60 0.051317804 
908 67 12 16 0.043263543 
753 41 11 15 0.02825311 
534 112 48 65 0.026973395 
519 128 47 56 0.026222223 
233 227 46 61 0.024904775 
762 33 13 16 0.024887409 
517 18 118 156 0.023605606 
595 117 28 35 0.02348746 
267 214 439 512 0.023230312 
131 208 27 32 0.023189152 
0 589 24 36 0.022718688 
616 112 21 23 0.022387475 
564 143 37 52 0.021899432 
756 23 18 23 0.021604788 
851 536 35 39 0.02079534 
137 210 41 46 0.02075379 
764 52 14 20 0.020675635 
751 21 12 14 0.02023361 
