50_Celebration_Or_Party_houseparty_50_19
73
522 397 35 47 0.99790895 
653 444 29 44 0.9786227 
132 374 45 56 0.9715669 
454 423 19 27 0.93794453 
866 428 39 51 0.93492144 
210 415 33 54 0.71813107 
404 433 23 35 0.6824183 
768 430 22 29 0.6153877 
709 481 18 22 0.25182068 
75 0 448 478 0.20937899 
747 492 13 17 0.16776168 
29 76 89 145 0.15492201 
778 436 19 23 0.141066 
598 352 21 26 0.12229233 
386 430 35 46 0.116744824 
265 478 14 16 0.103112236 
620 379 16 18 0.09981896 
151 373 33 44 0.096492946 
662 463 27 43 0.089163035 
545 458 30 39 0.07776725 
414 424 26 40 0.07539433 
623 357 10 12 0.07315103 
671 278 21 30 0.07281649 
677 487 15 23 0.060018785 
703 482 15 18 0.059149664 
121 85 255 334 0.05403344 
396 435 19 26 0.052918505 
114 261 16 19 0.05094888 
647 352 10 13 0.04190475 
115 288 32 39 0.041238792 
379 437 27 33 0.040085215 
693 469 9 13 0.03993492 
591 368 13 19 0.039168477 
473 426 24 31 0.038426936 
592 360 22 26 0.03731684 
158 387 34 53 0.032773703 
62 330 16 21 0.032754373 
448 350 18 21 0.032004554 
144 399 36 54 0.031854913 
679 350 10 12 0.031577773 
660 358 12 15 0.031004755 
753 509 9 13 0.030909173 
172 375 16 22 0.029643258 
654 333 9 11 0.029329894 
610 361 15 19 0.027119057 
639 349 10 13 0.026876451 
723 352 11 11 0.026663687 
702 294 11 15 0.026556559 
745 487 12 15 0.026550457 
411 463 14 19 0.026293583 
721 483 12 17 0.026157128 
683 289 13 18 0.025699012 
630 349 10 14 0.025634177 
612 350 12 16 0.02531616 
463 378 30 34 0.02431138 
79 184 197 262 0.024311159 
687 468 11 15 0.024060294 
693 479 22 28 0.02392292 
166 375 29 39 0.023568483 
228 425 26 38 0.023450524 
695 483 12 17 0.022628771 
108 367 29 44 0.02239508 
422 419 28 36 0.022235893 
636 341 10 13 0.02191496 
467 428 18 25 0.021845106 
668 308 10 13 0.021816222 
581 360 13 18 0.021787426 
766 445 25 33 0.021662844 
683 484 15 22 0.021646058 
121 374 33 47 0.021008201 
653 479 26 38 0.020295946 
664 309 9 13 0.02023465 
750 490 22 29 0.020208532 
