50_Celebration_Or_Party_houseparty_50_33
50
674 57 71 77 0.99360996 
246 99 72 108 0.9862257 
417 298 16 21 0.48038703 
431 307 12 15 0.08283769 
345 516 11 14 0.07158052 
472 356 9 13 0.06923587 
341 484 13 15 0.066352956 
288 490 11 14 0.065239206 
320 502 10 14 0.06477228 
383 219 13 14 0.06253141 
299 534 16 19 0.05132 
721 365 17 18 0.049598843 
407 248 12 16 0.049481194 
413 332 9 12 0.045087766 
392 383 12 14 0.04482947 
335 417 12 15 0.036577854 
437 337 16 18 0.035231486 
433 357 9 12 0.03408031 
400 436 11 13 0.034056384 
361 485 11 14 0.033624917 
309 477 15 18 0.032791562 
423 300 20 26 0.032224335 
191 165 42 52 0.031320613 
180 216 14 16 0.030003343 
206 216 416 417 0.029791826 
424 404 11 14 0.028242901 
392 350 10 12 0.02764414 
336 478 10 12 0.02729375 
168 235 31 36 0.026817586 
466 358 9 13 0.02642693 
363 222 11 13 0.02642441 
318 547 25 26 0.025141766 
463 364 9 13 0.024664551 
171 311 60 65 0.024237031 
422 383 11 14 0.023768486 
201 209 30 39 0.023602882 
364 228 9 12 0.023567166 
628 84 53 61 0.02318716 
313 386 12 14 0.02235155 
423 333 10 13 0.022276066 
415 355 12 14 0.022246499 
173 219 46 57 0.022122446 
453 324 9 12 0.0219983 
277 526 10 13 0.021266554 
373 382 10 12 0.02118493 
364 361 15 16 0.02111013 
303 482 12 15 0.020582495 
222 179 11 16 0.02046876 
277 586 13 15 0.020447513 
728 430 19 20 0.020310584 
