50_Celebration_Or_Party_houseparty_50_326
18
66 308 105 137 0.99994636 
826 326 113 148 0.9999343 
354 312 45 55 0.9929301 
76 670 41 49 0.25619668 
268 515 373 466 0.12242739 
438 454 26 33 0.1073027 
-80 288 441 565 0.08786772 
444 456 15 20 0.039689418 
291 341 28 35 0.027760454 
2 516 36 78 0.027343486 
820 761 221 265 0.026641957 
693 13 8 11 0.02648712 
734 15 10 12 0.025485022 
313 424 61 68 0.023750646 
496 363 13 16 0.02157057 
646 376 31 33 0.021514215 
643 435 50 63 0.020930102 
304 586 15 20 0.020233449 
