50_Celebration_Or_Party_houseparty_50_173
57
763 235 32 35 0.99802244 
322 421 27 32 0.99189514 
409 276 25 30 0.99077904 
711 300 24 28 0.9295798 
578 165 47 57 0.5713658 
255 226 16 20 0.3257635 
859 293 16 21 0.25966302 
342 453 16 21 0.2310924 
278 466 32 45 0.2012985 
374 366 16 22 0.1655923 
367 226 425 500 0.15831582 
245 222 44 54 0.14423682 
296 448 32 44 0.11227223 
765 327 11 13 0.11162547 
874 333 18 23 0.09781691 
707 349 13 16 0.08843461 
405 401 15 20 0.08378396 
763 229 15 23 0.07138235 
941 505 12 17 0.060222413 
410 369 10 15 0.057412125 
835 102 193 292 0.053701345 
176 427 16 19 0.051339913 
222 465 12 16 0.050366055 
376 405 10 14 0.04420448 
437 261 16 18 0.04177888 
990 461 15 19 0.040779527 
428 261 21 27 0.036745057 
504 348 26 29 0.0360185 
768 377 13 17 0.035285644 
395 279 38 47 0.034785982 
999 413 13 17 0.034406465 
670 404 12 16 0.033480212 
385 646 31 33 0.031887725 
707 338 16 18 0.030014146 
714 330 17 19 0.028852176 
740 322 13 17 0.028211847 
320 415 43 57 0.027987601 
732 348 13 17 0.026686048 
717 328 25 31 0.02641016 
990 238 15 23 0.026121477 
750 324 12 15 0.025936065 
329 431 27 35 0.025469208 
305 447 17 23 0.024873188 
757 330 13 15 0.024649397 
773 353 14 17 0.023873925 
248 204 29 28 0.023239689 
304 433 32 44 0.023171024 
750 374 12 15 0.022767652 
716 347 13 17 0.022253683 
734 323 13 19 0.02204921 
766 340 12 16 0.02187994 
178 421 25 32 0.021730293 
705 344 22 27 0.0216745 
771 342 13 16 0.020708011 
399 278 18 23 0.020584682 
469 227 14 16 0.020453073 
377 296 40 51 0.020412711 
