50_Celebration_Or_Party_houseparty_50_323
19
676 170 78 96 0.9981165 
550 154 75 95 0.9975903 
618 493 68 64 0.23958094 
892 -2 114 201 0.21752243 
601 462 61 58 0.0777114 
403 293 131 128 0.05265383 
1006 141 14 25 0.051535446 
134 330 400 421 0.049898032 
843 456 182 293 0.048230395 
476 304 78 83 0.042787652 
349 294 127 120 0.039979167 
634 476 60 58 0.035003237 
324 324 248 247 0.023924828 
1004 119 20 38 0.023247436 
594 359 334 431 0.023152288 
276 304 416 370 0.022677284 
1008 120 13 21 0.021971058 
1007 130 13 22 0.021316329 
578 478 70 63 0.020821553 
