50_Celebration_Or_Party_birthdayparty_50_283
74
247 372 54 72 0.9990085 
811 180 35 42 0.9979791 
595 309 36 44 0.9978993 
121 458 54 74 0.9978947 
17 462 69 108 0.99574643 
439 270 26 37 0.99363166 
888 295 28 39 0.99092495 
362 354 37 53 0.9908502 
654 168 40 49 0.97880405 
774 482 54 62 0.9458766 
459 314 23 26 0.94200265 
466 353 30 41 0.8906532 
771 332 39 54 0.81461567 
861 455 61 96 0.40964788 
125 105 42 79 0.2863007 
845 439 62 73 0.22559352 
185 115 38 58 0.18271698 
748 296 17 24 0.16027145 
768 463 33 49 0.15578915 
851 233 23 31 0.103835166 
387 241 17 19 0.08143521 
723 302 21 28 0.06937434 
332 468 30 32 0.059729695 
742 481 68 71 0.059008703 
482 258 18 22 0.05511687 
423 247 11 13 0.052826297 
147 480 33 48 0.048548285 
456 190 21 31 0.04799638 
764 329 28 40 0.046999134 
679 526 53 76 0.044511408 
725 232 19 29 0.043363653 
446 353 28 37 0.038504194 
342 243 13 16 0.03497588 
619 188 24 28 0.03429836 
267 253 12 17 0.03212811 
164 127 50 72 0.031852875 
861 231 11 15 0.03112688 
272 400 32 46 0.030974273 
33 203 11 14 0.030643448 
449 129 16 19 0.030374812 
789 239 23 27 0.030165583 
866 425 60 72 0.029756254 
427 276 28 37 0.029301671 
467 195 24 30 0.029274851 
327 238 12 14 0.02923731 
295 236 11 14 0.028821306 
929 359 22 29 0.0287142 
454 199 13 19 0.027712798 
735 301 24 26 0.026744287 
831 426 61 60 0.026652686 
301 238 11 15 0.026517142 
366 218 15 20 0.026211638 
483 183 16 23 0.025401598 
474 185 22 29 0.024849307 
650 322 16 20 0.02413729 
775 430 62 70 0.023668824 
322 245 10 12 0.02329888 
729 312 26 26 0.022718826 
462 208 12 16 0.02260721 
598 462 13 17 0.022383275 
270 358 27 43 0.022377165 
428 251 12 16 0.022309367 
485 211 12 17 0.022123931 
1014 36 11 17 0.021586895 
367 244 10 13 0.021364301 
449 302 36 46 0.021261238 
175 114 65 109 0.020955293 
468 210 25 31 0.020919299 
796 417 56 59 0.020666525 
852 463 39 59 0.020489533 
297 324 10 12 0.020334434 
1008 270 11 15 0.020084433 
988 282 14 17 0.02006715 
283 419 25 37 0.020041754 
