50_Celebration_Or_Party_houseparty_50_752
32
421 35 115 160 0.9998511 
716 197 87 82 0.98506933 
733 56 67 74 0.98408026 
592 109 56 63 0.36640742 
556 2 68 56 0.34592775 
866 301 140 200 0.10136971 
704 20 92 99 0.07468764 
313 20 24 29 0.071447685 
901 459 78 64 0.06988693 
745 20 100 117 0.050936006 
528 -2 75 88 0.05081935 
672 5 85 105 0.04841233 
458 432 124 212 0.044218276 
476 8 102 134 0.04237318 
886 435 122 103 0.04051365 
650 240 62 76 0.036865022 
681 20 37 44 0.03559578 
348 1 19 18 0.032709897 
321 40 16 19 0.029486828 
570 482 112 153 0.02928523 
0 -1 49 49 0.028840482 
694 10 40 47 0.02642936 
955 59 57 72 0.025287049 
415 378 225 305 0.023267237 
616 256 52 70 0.022325542 
829 303 118 159 0.022035044 
200 84 125 146 0.021882253 
329 53 18 22 0.021731121 
232 144 11 13 0.02157237 
782 6 121 138 0.02104594 
387 -2 38 30 0.02090077 
574 310 54 82 0.02013571 
