50_Celebration_Or_Party_birthdayparty_50_170
94
939 243 37 42 0.9627027 
698 103 38 46 0.9610199 
119 463 33 32 0.53583604 
997 514 10 13 0.22872308 
269 332 8 10 0.22802426 
96 470 52 52 0.15585107 
255 356 8 11 0.12291627 
999 469 8 12 0.1226948 
893 568 10 13 0.11211783 
173 502 47 54 0.09239226 
267 328 8 11 0.08994343 
1012 475 10 13 0.08475379 
182 459 16 19 0.08383243 
744 151 10 12 0.07588867 
33 466 48 49 0.066863425 
1008 471 9 12 0.06332878 
204 174 9 13 0.06290123 
999 491 12 14 0.05905932 
47 498 33 37 0.057036802 
403 83 27 36 0.055587325 
225 328 7 9 0.053640947 
953 474 9 10 0.051062368 
208 344 8 9 0.04906456 
14 615 33 37 0.04468989 
967 487 9 11 0.04456463 
232 151 7 9 0.044528123 
86 498 52 53 0.042613707 
292 493 16 19 0.04247032 
8 648 109 102 0.040973634 
184 182 8 10 0.040864196 
748 152 10 12 0.037166692 
309 334 9 11 0.037064858 
191 144 9 11 0.03578281 
981 429 9 11 0.03536499 
285 391 7 10 0.0348496 
186 177 7 9 0.033529304 
304 365 9 11 0.033493437 
214 335 8 9 0.033318605 
250 352 9 11 0.032129534 
200 352 8 9 0.03207743 
984 520 10 12 0.031509742 
180 471 49 54 0.031215679 
3 577 108 118 0.031049453 
209 149 11 13 0.030502167 
204 472 18 20 0.029446289 
714 96 28 42 0.029318284 
202 358 8 9 0.028172923 
208 337 8 9 0.027874095 
995 511 10 12 0.027809072 
184 483 18 21 0.027668545 
190 174 8 11 0.027602542 
261 483 17 18 0.0275462 
296 373 8 10 0.02723443 
330 385 8 10 0.027163628 
684 159 13 18 0.027035922 
135 462 28 34 0.026824657 
990 487 10 13 0.02673439 
58 492 51 51 0.026674453 
296 359 8 10 0.026551541 
255 344 8 9 0.02619972 
724 98 15 21 0.025689762 
333 366 10 12 0.025327649 
76 463 24 32 0.025075339 
94 237 9 11 0.024929529 
178 469 26 30 0.024870466 
221 392 9 11 0.024740223 
912 407 11 14 0.024726026 
545 268 25 32 0.024544451 
90 236 9 12 0.02339611 
637 264 10 12 0.023269793 
992 517 10 12 0.02320259 
997 446 8 10 0.02317191 
229 328 7 9 0.022830354 
297 366 8 11 0.022694426 
310 366 8 11 0.022573067 
92 12 12 14 0.022339694 
17 216 7 9 0.02219385 
58 192 6 9 0.022174662 
92 471 32 36 0.02180855 
25 222 8 11 0.021729922 
192 136 9 11 0.02149673 
8 606 54 60 0.021485329 
310 360 9 11 0.021260023 
188 474 28 32 0.021044262 
993 464 8 10 0.02084752 
82 446 84 90 0.02083355 
311 374 8 10 0.020637315 
72 200 7 8 0.020597221 
1007 464 9 11 0.020592105 
228 467 16 19 0.020566942 
174 459 15 20 0.020500585 
842 352 15 21 0.020487858 
392 210 36 42 0.020476026 
818 590 9 12 0.020327918 
