50_Celebration_Or_Party_houseparty_50_715
788
808 557 11 15 0.59626436 
732 601 14 18 0.27069664 
835 565 13 15 0.26661652 
24 484 12 15 0.25588912 
607 570 14 18 0.24923453 
520 572 12 15 0.23875037 
670 556 11 15 0.22825967 
253 598 15 19 0.22807269 
805 645 13 17 0.22649099 
702 599 12 15 0.22410634 
526 595 13 16 0.22191967 
887 524 10 12 0.21259034 
614 542 13 15 0.208673 
781 579 12 15 0.20607714 
690 582 12 15 0.19614217 
696 503 9 12 0.19240263 
855 550 11 13 0.18829086 
630 564 13 17 0.18575373 
670 603 13 16 0.18438382 
378 542 8 11 0.1759954 
800 532 11 13 0.16426267 
94 530 14 18 0.16116524 
799 527 10 11 0.16009839 
837 559 11 13 0.15456049 
61 493 9 11 0.15155172 
360 648 12 17 0.15125142 
918 583 14 18 0.14801821 
675 555 12 14 0.14539282 
794 602 15 18 0.13983001 
774 580 12 16 0.13834517 
832 589 11 14 0.13824695 
262 638 12 17 0.1373481 
727 570 11 15 0.13664274 
191 512 11 13 0.13660513 
150 534 10 14 0.13210426 
240 485 9 13 0.12830512 
160 529 12 17 0.12499838 
595 557 12 15 0.12230939 
673 495 7 9 0.115148075 
284 587 13 17 0.11440365 
652 578 12 15 0.113680966 
595 595 13 16 0.113367625 
415 548 8 10 0.112790786 
695 597 13 16 0.11112709 
122 477 8 10 0.1086195 
793 542 10 12 0.10826506 
678 534 12 15 0.107675396 
558 578 12 15 0.10505061 
844 566 13 15 0.101736166 
528 541 10 13 0.10120224 
653 554 11 15 0.100801595 
71 475 9 13 0.09758961 
663 602 12 15 0.097513296 
723 494 8 10 0.09741811 
733 564 11 14 0.09701428 
655 512 9 11 0.09521498 
751 602 12 16 0.0942543 
29 479 11 14 0.09332719 
207 497 11 12 0.09265815 
419 595 13 16 0.08845872 
95 585 14 20 0.08811632 
150 545 12 17 0.08737789 
148 472 9 11 0.08526196 
783 556 10 13 0.08376594 
57 469 8 11 0.08367512 
717 589 10 13 0.08350425 
726 543 10 13 0.08346063 
695 556 12 15 0.082618356 
127 512 11 12 0.08064786 
261 472 8 10 0.08013729 
104 470 9 11 0.07838098 
845 535 9 12 0.07821375 
58 532 16 18 0.07775252 
838 539 10 12 0.07755464 
162 470 8 10 0.07694327 
812 579 11 14 0.076580115 
86 462 9 11 0.07546788 
831 549 9 12 0.07492035 
132 516 12 15 0.074140795 
369 560 8 10 0.073998496 
539 563 12 17 0.07284523 
584 502 11 12 0.0724898 
144 476 9 10 0.071877286 
501 134 26 31 0.07110567 
608 548 11 14 0.07076266 
120 515 12 14 0.07074888 
145 548 11 15 0.070679545 
419 139 26 28 0.07054621 
727 517 8 10 0.069759496 
474 177 27 32 0.06971801 
33 471 8 10 0.06879007 
311 497 7 9 0.068316974 
815 516 9 12 0.06786031 
831 568 13 16 0.06719122 
136 479 8 9 0.06690345 
768 520 8 9 0.06684075 
864 534 10 12 0.066490546 
155 539 12 15 0.065572634 
675 468 9 10 0.06556305 
678 528 10 12 0.06551927 
644 531 11 15 0.06513042 
753 512 8 10 0.06474693 
787 580 10 13 0.064371556 
840 527 8 11 0.06356447 
701 508 8 12 0.06333124 
748 582 11 14 0.06313133 
319 487 7 9 0.062362567 
849 549 11 13 0.062116127 
911 528 10 12 0.062098294 
738 511 8 10 0.06173115 
223 454 9 11 0.061650123 
304 525 8 11 0.061535165 
449 213 26 33 0.06152696 
558 516 10 12 0.060935497 
846 557 12 14 0.060777742 
702 495 8 10 0.060495965 
105 476 9 10 0.059908997 
165 479 8 10 0.059357885 
881 532 9 11 0.059048045 
459 160 17 22 0.05890648 
775 500 10 11 0.058727674 
667 629 13 19 0.05871233 
735 591 12 14 0.058595035 
195 592 15 18 0.058383524 
73 49 387 422 0.05810036 
153 488 8 9 0.058043078 
398 561 7 10 0.05804216 
737 595 14 18 0.057844058 
674 464 8 10 0.057684902 
682 485 9 11 0.05766962 
325 527 8 10 0.05710818 
494 548 12 14 0.057045683 
385 582 9 10 0.05673689 
742 511 8 10 0.05673431 
881 578 17 21 0.05648274 
750 542 10 12 0.056268673 
678 586 12 14 0.055537947 
366 495 8 10 0.055324182 
738 492 8 10 0.0552418 
752 564 12 15 0.055240728 
803 537 12 15 0.055213485 
320 504 7 8 0.05516309 
534 162 50 70 0.054641917 
95 479 8 9 0.054461014 
150 477 8 9 0.054230344 
228 587 13 17 0.054218207 
698 496 9 11 0.054132964 
192 557 11 16 0.05396105 
581 578 13 16 0.05382599 
737 517 8 11 0.053409755 
268 638 12 16 0.052868355 
749 532 10 12 0.052790795 
741 589 11 14 0.0527527 
39 464 8 9 0.05262184 
187 515 10 14 0.05227988 
655 493 7 10 0.051956277 
374 559 7 10 0.05188735 
558 425 9 10 0.051857714 
394 560 8 10 0.051610447 
310 552 8 10 0.051448315 
177 478 8 11 0.05125191 
555 526 11 13 0.05123089 
409 545 8 10 0.05117791 
102 462 8 10 0.05060702 
618 484 9 11 0.050577793 
885 530 11 12 0.04972501 
609 541 12 15 0.049438983 
839 534 11 13 0.04940513 
213 572 13 15 0.04924332 
217 462 8 10 0.049228754 
754 496 8 10 0.049035225 
663 517 9 11 0.04881524 
321 535 8 10 0.048501857 
381 536 8 10 0.04849994 
862 602 13 18 0.048424672 
286 500 8 10 0.048250284 
736 560 10 13 0.048241246 
568 534 10 13 0.04813856 
664 493 8 9 0.047923062 
343 526 8 10 0.04756879 
720 567 11 14 0.047437742 
672 588 10 14 0.047436725 
53 454 9 11 0.047176585 
788 557 10 13 0.047145583 
376 547 8 11 0.047106504 
97 463 8 9 0.046919532 
175 495 8 10 0.046736725 
605 556 12 14 0.04670712 
768 585 13 17 0.046653833 
836 612 13 15 0.04650351 
598 602 12 15 0.04630047 
49 433 7 8 0.04623444 
777 494 9 11 0.046204828 
96 486 8 10 0.046179507 
658 464 7 9 0.04606193 
791 547 10 13 0.045833223 
563 574 12 15 0.045684587 
744 540 10 12 0.045550194 
126 463 8 9 0.045294624 
126 532 14 17 0.045254383 
712 502 7 8 0.04523952 
864 539 9 13 0.04514255 
142 455 7 8 0.0449106 
887 543 12 15 0.044601966 
478 607 10 14 0.044439975 
204 531 12 16 0.04421545 
726 511 8 10 0.044158418 
721 548 11 15 0.04395986 
722 504 8 9 0.043898534 
630 455 7 10 0.043848798 
125 479 8 9 0.043634657 
869 526 10 12 0.043600272 
85 456 8 9 0.04356009 
728 536 8 10 0.04347322 
745 534 9 11 0.043398023 
504 557 11 14 0.043260735 
611 629 12 15 0.04282767 
280 497 9 11 0.04280518 
422 544 9 11 0.042789124 
327 574 8 10 0.042732283 
721 527 8 11 0.042459734 
29 509 13 15 0.04213908 
161 465 7 9 0.04182472 
559 511 11 12 0.04177933 
798 548 10 13 0.041675255 
247 541 10 12 0.04145668 
566 168 15 22 0.041438308 
566 541 11 15 0.041368455 
726 503 8 10 0.041129567 
744 494 7 9 0.040891655 
592 518 9 11 0.040855758 
440 543 9 11 0.040803473 
879 572 14 17 0.040767126 
721 511 8 11 0.04069811 
745 528 9 10 0.040203173 
580 508 11 13 0.040080957 
199 532 11 14 0.040005654 
16 482 12 15 0.039960153 
113 488 8 10 0.039855048 
567 612 15 19 0.039844282 
656 488 8 11 0.03983819 
690 503 8 11 0.039775494 
793 504 7 10 0.03973927 
390 582 9 11 0.039631654 
192 492 8 11 0.039266735 
23 470 8 10 0.039245844 
647 551 12 15 0.03924049 
906 604 13 18 0.039046854 
777 652 14 17 0.039040152 
690 510 8 11 0.03900828 
673 503 8 10 0.03900232 
881 526 10 12 0.038866103 
725 526 9 11 0.038838916 
614 524 10 13 0.038769823 
663 445 8 9 0.038701214 
939 564 14 19 0.038526703 
288 571 10 12 0.038438953 
662 540 11 13 0.038318653 
471 607 12 16 0.038318213 
728 598 13 17 0.038310025 
662 487 8 10 0.03823973 
539 555 12 16 0.03820722 
337 606 10 13 0.037951194 
34 464 8 10 0.03792574 
341 605 12 14 0.037865277 
787 642 13 16 0.037819885 
151 440 9 10 0.037818894 
534 548 13 14 0.03780919 
611 556 12 15 0.037704654 
463 564 9 11 0.03769959 
599 510 10 12 0.037609894 
700 502 9 12 0.037408907 
783 518 9 11 0.03737161 
664 556 12 16 0.03736661 
814 540 10 13 0.037330262 
536 569 13 18 0.03730077 
966 603 14 19 0.03719184 
800 521 8 10 0.037172843 
262 519 8 10 0.03703274 
213 578 13 16 0.03695433 
689 650 16 19 0.036939505 
160 517 10 14 0.036806248 
870 514 12 13 0.03677094 
125 522 14 17 0.03670847 
823 543 9 12 0.03659994 
649 573 12 16 0.03656108 
783 464 8 9 0.036463305 
466 168 27 33 0.0364609 
326 504 7 9 0.03643034 
118 456 9 9 0.03617338 
36 526 14 17 0.03614883 
836 550 10 12 0.036081754 
193 480 8 9 0.03605878 
902 608 21 29 0.035987556 
701 563 12 15 0.035983466 
210 501 11 14 0.035897985 
722 516 8 10 0.035817277 
180 535 9 12 0.03577468 
138 518 12 14 0.035727177 
305 550 9 11 0.035680108 
695 617 15 20 0.03567504 
102 550 12 15 0.03547753 
353 32 486 522 0.035449155 
809 519 9 11 0.035388652 
242 447 7 10 0.035386704 
845 541 10 11 0.03526306 
192 521 12 15 0.03524352 
122 462 8 9 0.035235927 
393 479 7 9 0.035199914 
735 535 9 10 0.03517785 
359 599 9 12 0.03514239 
664 441 7 9 0.035041414 
433 520 7 9 0.035039738 
111 542 11 13 0.035039477 
671 511 8 11 0.03471155 
28 503 12 14 0.034689877 
310 597 9 11 0.034673322 
988 594 25 32 0.034626167 
159 486 9 10 0.034596585 
113 456 8 9 0.034315955 
88 469 9 10 0.03430018 
352 544 8 9 0.034296382 
775 441 8 9 0.03423886 
593 562 14 17 0.034235895 
144 424 7 8 0.034178946 
81 455 8 10 0.03406204 
538 484 9 11 0.034019884 
8 499 12 15 0.033965558 
234 574 10 14 0.033872627 
755 597 11 15 0.033628378 
163 534 14 18 0.033565965 
812 534 10 12 0.03350381 
215 538 13 16 0.03348962 
686 463 7 8 0.033474922 
197 525 12 15 0.033355147 
100 538 13 15 0.033340454 
598 118 43 50 0.03313032 
121 473 8 9 0.033093162 
923 603 14 19 0.033087563 
821 621 11 15 0.03308224 
111 493 11 12 0.03307231 
98 527 12 15 0.033057984 
732 633 13 18 0.033008892 
680 481 8 10 0.032959204 
497 83 25 27 0.032899167 
739 564 12 15 0.03288518 
709 567 11 14 0.03281102 
879 567 11 13 0.032766975 
572 556 10 13 0.03274673 
590 448 8 10 0.032662384 
238 557 10 13 0.032649387 
102 504 13 15 0.032594558 
185 440 8 9 0.03249968 
136 472 7 9 0.032470565 
585 540 10 15 0.03244428 
360 504 8 9 0.03244009 
832 606 11 14 0.032310516 
836 595 10 12 0.03214514 
762 479 8 10 0.032127228 
145 532 11 15 0.03208237 
390 599 11 14 0.032075472 
677 502 8 11 0.03206209 
55 464 9 10 0.03198997 
329 424 7 9 0.03194685 
661 588 12 15 0.031866886 
531 592 13 17 0.0317939 
710 496 7 10 0.031769183 
833 544 8 11 0.03173311 
638 495 9 11 0.03166221 
824 533 9 11 0.03161299 
744 571 11 14 0.03149212 
554 532 12 14 0.031439357 
742 517 9 10 0.031403568 
615 495 10 12 0.03137935 
785 512 8 10 0.031286385 
888 605 13 16 0.031221634 
552 578 13 17 0.031047525 
876 512 10 11 0.030970896 
726 488 8 10 0.030960377 
702 550 10 14 0.030923424 
59 498 11 17 0.030889368 
231 505 9 11 0.030853873 
524 576 12 16 0.030846717 
925 571 15 18 0.030834718 
567 564 12 14 0.0307773 
594 465 7 10 0.030733857 
329 489 7 9 0.030732373 
657 448 8 9 0.030711778 
47 463 7 9 0.030689828 
615 501 9 10 0.030689713 
253 535 10 12 0.030659894 
864 526 11 13 0.030634325 
613 597 11 14 0.03062596 
178 485 8 11 0.030611034 
222 470 8 10 0.030601274 
777 557 10 13 0.030569965 
736 504 7 9 0.030526837 
597 566 15 19 0.030513532 
733 541 9 12 0.030505273 
671 533 12 14 0.030387284 
462 154 27 32 0.03034257 
230 406 8 10 0.03032696 
866 509 10 12 0.030248825 
65 445 8 10 0.030234713 
847 503 8 10 0.030164788 
70 464 8 11 0.030163992 
868 539 11 13 0.030141724 
609 525 10 13 0.030049874 
685 555 12 15 0.029988462 
454 590 11 14 0.029978933 
804 527 10 12 0.029955897 
465 543 7 9 0.029837495 
324 534 9 10 0.029807953 
808 574 11 14 0.02975536 
48 438 8 9 0.029720467 
872 555 11 14 0.029686393 
245 557 12 15 0.029599411 
172 532 11 15 0.029574549 
189 541 11 14 0.029567657 
201 503 10 12 0.029543212 
672 528 10 12 0.029501235 
688 457 6 7 0.029474903 
398 129 16 20 0.029448839 
797 592 11 13 0.029354014 
736 526 8 10 0.029353313 
604 507 11 13 0.029300293 
668 515 10 11 0.029276574 
655 503 8 10 0.029228806 
386 512 7 9 0.029154744 
104 446 8 10 0.029140936 
438 565 10 12 0.029101122 
932 568 16 20 0.029078625 
385 118 17 17 0.029078161 
649 511 9 12 0.02906898 
814 521 11 14 0.029061852 
634 477 8 10 0.029059784 
912 585 14 17 0.029057445 
70 445 8 10 0.028985702 
597 515 10 12 0.028961677 
687 516 9 11 0.028947989 
168 152 18 20 0.028849855 
675 135 19 22 0.028846813 
738 479 8 9 0.02876518 
905 530 11 14 0.0287557 
483 604 10 14 0.02872941 
240 398 8 9 0.028670285 
184 470 8 10 0.028649252 
367 605 9 14 0.028552702 
218 456 9 11 0.028547855 
117 510 23 25 0.028547132 
623 108 26 33 0.028504476 
673 489 7 10 0.028499005 
342 503 7 9 0.028468756 
590 571 12 15 0.028459344 
822 548 12 13 0.028367884 
293 573 10 14 0.028350122 
54 447 9 10 0.028316101 
859 553 11 15 0.028287679 
718 580 11 15 0.028256187 
306 496 8 10 0.028213024 
588 138 11 17 0.028164199 
621 510 9 11 0.02805607 
812 551 12 15 0.02792644 
191 486 9 12 0.027916422 
55 432 8 9 0.027860627 
366 502 8 10 0.027787635 
680 493 9 11 0.02775828 
165 511 10 12 0.027746055 
275 637 12 17 0.027716484 
563 214 12 17 0.027675403 
117 533 14 15 0.027645962 
523 566 12 16 0.027617395 
559 447 8 10 0.027607812 
764 564 12 15 0.027606754 
261 629 14 18 0.027583055 
64 465 8 10 0.02755983 
705 488 8 10 0.027556553 
661 470 8 10 0.027547626 
840 495 8 9 0.027538009 
649 494 9 10 0.027502919 
527 535 10 13 0.027496668 
848 510 8 11 0.027468374 
913 602 24 32 0.027441967 
192 471 8 10 0.027423391 
119 521 12 15 0.027405947 
639 448 7 8 0.027403241 
499 543 11 13 0.027394632 
304 532 8 10 0.0273514 
219 580 12 15 0.02734493 
454 196 26 31 0.027330237 
456 560 9 10 0.027274687 
891 519 11 13 0.027270518 
710 546 11 15 0.027245378 
773 562 11 15 0.027233962 
49 447 8 10 0.027188042 
14 500 12 14 0.02710108 
259 608 15 18 0.026990198 
661 524 11 13 0.02698211 
928 599 26 34 0.02695647 
712 512 7 10 0.026926031 
781 646 13 16 0.02692027 
809 650 14 16 0.026846915 
700 591 12 14 0.026846522 
877 555 11 14 0.026778352 
605 597 12 15 0.02675012 
188 549 12 15 0.026684737 
623 557 12 15 0.026678907 
682 538 11 14 0.026592014 
581 584 14 19 0.026591389 
254 557 9 13 0.026462926 
807 587 10 14 0.02643723 
824 527 9 12 0.026419643 
280 532 9 12 0.0263924 
244 516 10 12 0.02631542 
755 567 14 17 0.02628531 
551 540 10 13 0.026280181 
855 544 9 11 0.026179744 
47 500 23 28 0.026159395 
656 605 11 13 0.026156383 
704 519 8 11 0.026154762 
745 505 7 10 0.026128931 
646 587 13 16 0.026118586 
821 668 15 17 0.026063388 
355 130 27 28 0.026040629 
233 117 30 33 0.026019555 
471 194 24 31 0.026010534 
81 460 10 12 0.026006892 
720 533 9 10 0.02595672 
702 464 7 9 0.025903748 
759 500 8 10 0.025858367 
607 501 10 12 0.025843287 
607 534 10 12 0.025841702 
272 495 9 11 0.025823608 
108 500 14 16 0.025812656 
660 611 14 17 0.02572844 
621 534 13 16 0.025720667 
232 558 10 12 0.025714872 
444 118 17 20 0.025711326 
334 611 12 16 0.025690073 
768 512 8 9 0.02566357 
649 449 7 8 0.0256466 
879 549 12 14 0.02564148 
672 456 8 9 0.0255886 
696 472 8 10 0.025581792 
583 495 10 12 0.025567083 
201 463 7 9 0.025550144 
306 502 8 9 0.025456252 
661 479 9 10 0.025453702 
939 598 27 34 0.025449602 
802 596 12 16 0.02541619 
672 579 12 16 0.025416078 
244 548 11 13 0.025370687 
221 566 10 13 0.025341125 
914 591 49 53 0.025291 
391 512 8 9 0.025277073 
840 503 9 10 0.025247272 
774 534 9 11 0.02518473 
40 432 7 8 0.02513263 
343 495 8 9 0.025119385 
752 501 9 10 0.025048943 
260 551 9 11 0.02504056 
963 566 13 16 0.025034038 
586 448 7 8 0.025001831 
351 566 8 11 0.02498952 
893 534 10 12 0.024945114 
512 507 9 12 0.024934996 
778 463 8 11 0.0249099 
391 470 7 9 0.024908546 
69 440 8 10 0.024903627 
576 577 12 16 0.024839997 
804 128 20 20 0.02482327 
174 431 8 10 0.02478503 
844 527 10 11 0.024784446 
488 618 11 15 0.024784205 
136 463 7 10 0.024753135 
540 574 13 18 0.024752872 
580 129 29 39 0.024707424 
698 611 14 19 0.024668062 
414 527 9 10 0.024654849 
143 431 7 9 0.02455747 
559 544 12 18 0.024541015 
776 550 11 13 0.024496369 
257 518 9 11 0.024472218 
361 488 8 9 0.024471914 
931 603 16 21 0.024456015 
548 572 13 17 0.024413457 
249 536 10 11 0.024406565 
359 511 7 9 0.024397777 
708 486 9 11 0.024390686 
461 585 12 16 0.024345553 
589 550 12 16 0.024344383 
90 476 9 10 0.024311934 
726 577 12 16 0.024276093 
195 509 12 14 0.024274042 
344 488 8 9 0.024252944 
336 583 9 11 0.024200348 
585 136 91 108 0.024196075 
302 606 11 13 0.024135776 
577 519 10 12 0.024113754 
658 578 13 17 0.024049303 
635 558 12 15 0.024021419 
483 184 26 32 0.024019519 
885 553 12 15 0.023982463 
135 498 12 15 0.023982007 
345 543 7 9 0.023974746 
800 649 14 18 0.023965137 
143 449 8 9 0.023905223 
345 520 7 9 0.023852274 
280 549 9 10 0.023825794 
70 483 10 14 0.023774695 
20 500 14 16 0.023760479 
776 487 9 10 0.023746956 
216 437 9 10 0.023734875 
270 580 10 14 0.023675611 
382 604 12 14 0.023659384 
208 392 7 9 0.02360602 
754 489 7 9 0.02355851 
336 598 10 13 0.023550943 
633 569 13 17 0.02354249 
169 501 8 11 0.023535345 
568 414 7 8 0.023360971 
831 526 9 13 0.02335113 
665 456 7 8 0.023344483 
258 475 9 12 0.023330592 
783 524 10 13 0.023316251 
312 556 9 11 0.023287592 
802 557 11 14 0.023272412 
574 524 10 13 0.0232665 
347 603 13 17 0.023250358 
768 524 9 10 0.023193488 
484 612 11 15 0.023151934 
704 524 9 11 0.023125088 
310 544 8 10 0.023112237 
433 566 9 11 0.023093354 
854 517 8 11 0.023014855 
202 593 14 18 0.023014115 
841 509 8 11 0.022987269 
855 533 9 12 0.022984898 
161 448 7 8 0.022931205 
354 512 7 9 0.02280704 
675 598 12 16 0.022799972 
789 562 11 15 0.022799514 
709 519 8 11 0.022771884 
614 589 11 14 0.022734463 
821 598 12 15 0.02273098 
791 509 8 10 0.022730386 
582 463 8 10 0.022712192 
416 592 12 14 0.022641288 
600 493 9 11 0.022627568 
660 550 12 15 0.022627197 
95 447 8 10 0.022610014 
713 456 7 9 0.022545468 
115 550 13 17 0.02254332 
435 653 13 17 0.022527589 
329 613 10 14 0.022472195 
822 643 10 14 0.02244388 
847 515 10 13 0.022403961 
865 516 10 11 0.022371054 
773 539 11 14 0.022362083 
183 541 10 13 0.02234161 
200 495 10 12 0.022275839 
655 455 7 8 0.022181159 
108 471 9 10 0.0221732 
370 550 8 10 0.022132145 
809 495 8 11 0.02208124 
193 532 11 13 0.0220681 
308 519 9 11 0.02205033 
663 533 11 13 0.022021202 
234 432 7 9 0.02201804 
4 493 12 14 0.021999812 
336 488 7 9 0.021934006 
337 503 8 9 0.021913117 
253 591 13 17 0.021906745 
286 433 7 9 0.021864455 
138 456 7 8 0.021854268 
722 489 8 10 0.021852497 
648 455 8 8 0.021824159 
337 495 7 8 0.021797862 
65 476 9 12 0.021768358 
271 541 10 12 0.021735987 
352 488 6 8 0.021719376 
98 423 7 8 0.021676417 
109 552 14 19 0.02165639 
38 468 8 11 0.02165507 
353 558 8 10 0.021632563 
440 548 9 11 0.02159112 
439 520 7 9 0.021578979 
241 453 7 9 0.021577446 
241 417 8 9 0.021546083 
237 564 11 13 0.021543683 
562 585 13 18 0.021519735 
320 580 9 11 0.021513177 
56 425 8 8 0.02143056 
758 588 11 15 0.021377852 
2 460 9 15 0.021366324 
126 503 9 12 0.021347333 
831 533 9 12 0.021346442 
641 528 10 13 0.021345139 
626 539 12 15 0.021343235 
687 472 8 9 0.021339132 
539 518 9 12 0.021329705 
854 511 8 10 0.02130428 
756 560 12 14 0.021303771 
328 567 9 12 0.021256804 
447 543 8 10 0.021243326 
424 527 8 9 0.021237155 
649 488 7 10 0.021229126 
215 409 7 8 0.021217762 
454 517 7 9 0.021216564 
205 471 8 10 0.021208588 
598 469 9 11 0.02120507 
568 527 9 12 0.021197721 
160 512 9 12 0.02119508 
400 503 8 9 0.021179602 
63 453 8 10 0.02111994 
126 472 8 9 0.0211155 
798 572 10 15 0.0211122 
559 489 9 10 0.021043632 
262 618 14 17 0.020999007 
893 555 11 15 0.020976214 
501 120 32 33 0.020939318 
640 488 8 10 0.020933596 
713 461 8 10 0.020928642 
617 508 9 11 0.020910965 
321 576 8 10 0.020894201 
639 477 8 10 0.020889454 
462 607 12 15 0.020889046 
824 510 8 11 0.02087128 
319 481 7 8 0.020847647 
63 468 10 13 0.020837711 
185 463 9 10 0.020775864 
791 526 10 12 0.020748768 
390 576 9 11 0.020731447 
390 587 11 13 0.020707158 
766 454 9 11 0.020705203 
206 463 8 10 0.0207015 
726 479 8 9 0.020698719 
775 527 9 10 0.020676825 
200 470 8 11 0.020660445 
599 479 9 9 0.02065845 
234 578 13 17 0.02065612 
432 471 7 9 0.020652566 
280 591 12 16 0.020647397 
654 613 13 18 0.020633122 
644 130 16 19 0.020628514 
757 516 8 11 0.020607142 
279 571 10 13 0.020603426 
454 512 7 10 0.020598646 
590 496 9 12 0.02059374 
866 598 12 16 0.020590143 
450 113 16 19 0.020585785 
159 152 34 32 0.020581981 
381 547 9 11 0.02057407 
264 437 8 10 0.020563357 
55 526 13 17 0.020555113 
326 542 8 9 0.020547746 
664 421 7 9 0.020534042 
711 578 12 15 0.020524459 
145 539 13 17 0.020520713 
213 117 31 34 0.020501072 
245 511 9 12 0.02043305 
487 93 26 27 0.020427985 
485 125 30 35 0.020421274 
769 440 8 10 0.020419005 
88 447 7 9 0.020414807 
439 495 8 9 0.02039763 
800 489 8 9 0.020382363 
627 548 13 15 0.020341512 
352 519 7 9 0.020341322 
417 512 7 8 0.020302074 
548 134 34 37 0.020282373 
460 221 17 22 0.02027009 
459 177 38 50 0.020264998 
799 495 8 10 0.0202539 
306 441 7 9 0.020245347 
534 522 11 13 0.020222716 
550 153 34 41 0.020220049 
951 598 25 32 0.020184325 
256 454 8 10 0.020158025 
633 471 8 10 0.020141223 
366 488 8 10 0.020120692 
53 571 12 15 0.020116694 
661 573 12 15 0.020109283 
165 548 12 16 0.020104613 
611 602 13 17 0.0200382 
110 461 9 11 0.020025061 
228 624 17 19 0.020024855 
283 138 17 19 0.020022947 
