50_Celebration_Or_Party_houseparty_50_735
18
187 53 389 494 0.9997634 
26 605 368 496 0.16474983 
668 465 119 98 0.13891034 
902 887 113 120 0.09711335 
931 905 66 72 0.086815566 
677 633 46 49 0.080498815 
781 740 120 137 0.041272968 
931 907 36 41 0.036762062 
136 871 160 154 0.034299072 
99 78 288 450 0.03302751 
965 950 38 43 0.03074582 
640 424 199 222 0.030548068 
669 460 78 66 0.030284787 
332 -56 423 528 0.029772308 
649 675 69 102 0.028566442 
335 1045 471 498 0.020492218 
654 617 93 112 0.02028315 
793 748 182 249 0.020121632 
