47_Matador_Bullfighter_matadorbullfighting_47_837
21
248 151 219 302 0.9999113 
943 561 20 27 0.5024854 
-150 972 439 508 0.20123753 
190 943 436 538 0.11540376 
1000 606 21 41 0.09418331 
58 1016 370 476 0.0918809 
1002 680 20 34 0.051710665 
316 108 300 432 0.047178272 
685 654 18 21 0.045638233 
630 812 44 49 0.04356844 
978 523 16 19 0.04038203 
904 614 26 33 0.037450142 
554 209 468 424 0.037352435 
-12 599 402 486 0.028062157 
589 1193 376 478 0.027111078 
731 658 19 22 0.02708277 
794 678 21 21 0.026604656 
509 41 226 263 0.021791223 
661 620 114 134 0.021730404 
864 681 26 30 0.02099958 
626 843 367 446 0.020758826 
