47_Matador_Bullfighter_matadorbullfighting_47_207
110
923 480 15 20 0.9470063 
884 484 18 21 0.94586873 
375 418 20 25 0.83853 
744 424 17 23 0.8308872 
576 398 20 28 0.7223503 
61 340 16 20 0.47608608 
468 429 16 22 0.3082988 
601 470 17 21 0.2391795 
818 481 17 21 0.2276974 
458 429 20 26 0.18609694 
401 495 17 24 0.18595944 
642 542 17 23 0.17935851 
914 540 11 14 0.17475952 
871 524 9 10 0.16075319 
413 433 14 17 0.15169886 
718 490 17 20 0.14753318 
442 433 14 18 0.14001785 
418 509 25 34 0.12744589 
411 500 23 32 0.10706873 
777 481 19 27 0.0826874 
409 441 22 27 0.072736956 
597 780 16 22 0.072686516 
871 470 12 14 0.072298564 
529 527 9 12 0.06799515 
781 474 13 19 0.061271567 
383 419 23 29 0.05881276 
590 469 23 31 0.057641737 
787 483 16 20 0.05672316 
78 358 13 15 0.052992374 
827 491 13 16 0.052801527 
404 430 23 28 0.050337743 
837 542 13 14 0.04707007 
238 421 21 27 0.04617996 
627 528 37 49 0.045251403 
403 449 17 21 0.04384346 
631 532 24 29 0.041752324 
536 476 12 16 0.041089073 
590 477 13 17 0.039623372 
862 494 12 15 0.038956955 
511 458 14 15 0.037743848 
229 426 15 21 0.037628505 
231 520 13 14 0.036064032 
890 480 13 16 0.03604711 
166 345 441 497 0.03589073 
786 469 13 15 0.035659086 
650 570 26 30 0.035573415 
771 451 11 16 0.035204254 
386 483 28 34 0.035197496 
831 534 27 29 0.033965718 
1001 471 21 29 0.03371888 
636 500 11 13 0.033503458 
794 484 17 19 0.033260144 
235 430 16 21 0.033159893 
508 477 13 16 0.03264711 
786 444 14 17 0.032489866 
324 440 22 29 0.032302737 
721 481 24 31 0.032180294 
85 373 12 14 0.03213256 
876 525 9 10 0.031592943 
903 469 13 14 0.0313516 
584 484 10 13 0.031193709 
633 495 9 13 0.031048356 
501 480 12 17 0.030418037 
637 549 28 35 0.03029703 
781 487 26 31 0.029390333 
392 500 26 34 0.029334666 
65 341 21 28 0.0289562 
723 477 14 15 0.028899262 
615 511 9 11 0.028848803 
611 676 372 433 0.028783623 
420 526 17 21 0.028429389 
341 443 11 16 0.028353184 
348 462 27 40 0.028346034 
368 419 15 20 0.027864955 
576 467 42 54 0.027727025 
776 475 11 16 0.027727012 
244 413 17 21 0.0273729 
537 365 419 452 0.027196694 
213 454 37 49 0.027122404 
392 458 27 36 0.026712606 
83 362 11 15 0.026662918 
610 473 12 17 0.02638669 
720 479 10 13 0.026269203 
79 372 12 14 0.025614623 
526 477 11 14 0.025506444 
393 438 25 29 0.02545443 
719 483 44 49 0.025272984 
645 501 10 13 0.0252352 
622 478 11 14 0.025087014 
394 423 15 21 0.024914501 
403 483 16 21 0.024884047 
629 518 11 14 0.02472189 
419 465 13 19 0.02454083 
382 441 25 31 0.024523739 
454 414 11 13 0.024401115 
656 485 12 15 0.024356125 
568 386 34 46 0.024196574 
737 466 42 48 0.023781223 
453 437 15 20 0.023559347 
556 417 13 15 0.02346999 
364 425 22 29 0.023428796 
359 444 12 15 0.02336365 
576 372 10 12 0.023337822 
868 491 12 16 0.022905482 
368 444 25 32 0.022397537 
409 490 15 23 0.021969182 
359 457 37 49 0.021099571 
435 453 11 14 0.020954236 
742 468 13 15 0.020532496 
364 444 12 16 0.020376837 
