47_Matador_Bullfighter_matadorbullfighting_47_779
38
783 254 39 50 0.98440105 
803 117 35 48 0.98069376 
784 388 37 48 0.97268337 
976 731 15 19 0.17741795 
47 306 21 32 0.13704723 
987 150 15 19 0.13135181 
941 146 11 17 0.110001385 
1012 287 11 18 0.054405525 
925 546 11 16 0.04782907 
0 49 13 23 0.03905561 
942 583 10 13 0.038910806 
981 489 12 15 0.0378985 
885 677 10 12 0.036297087 
954 142 21 26 0.035936072 
1007 148 13 19 0.034680855 
945 141 19 27 0.034012023 
949 153 13 18 0.03255579 
412 662 25 34 0.03142192 
978 744 14 18 0.030828718 
995 148 14 19 0.03036002 
0 316 39 66 0.02975352 
116 562 26 37 0.029724084 
981 669 11 14 0.029507073 
913 133 17 20 0.029218452 
974 148 12 15 0.027574977 
135 537 28 32 0.025422601 
2 405 23 35 0.025148226 
405 671 25 32 0.024079511 
981 533 24 35 0.023553679 
987 712 14 17 0.023213947 
963 145 15 20 0.022580128 
54 380 13 19 0.022557188 
982 547 11 16 0.021796275 
1013 143 10 15 0.021424493 
949 162 14 18 0.02141367 
976 547 11 15 0.021121278 
931 547 12 18 0.020708395 
967 740 13 17 0.020484278 
