47_Matador_Bullfighter_matadorbullfighting_47_536
191
476 317 20 24 0.9224626 
776 285 21 27 0.8757321 
113 413 23 27 0.8522754 
623 266 22 27 0.72022265 
898 339 20 25 0.7082396 
334 282 22 28 0.6866076 
403 219 19 22 0.5230823 
77 189 9 14 0.40121108 
968 339 17 19 0.3308813 
3 195 12 19 0.3234209 
835 325 15 17 0.25891858 
148 433 28 27 0.21421438 
583 301 15 18 0.19966312 
540 297 18 21 0.19519685 
933 350 22 27 0.18549539 
448 791 475 525 0.18298085 
545 290 17 22 0.16094981 
239 389 26 30 0.14245513 
467 226 11 16 0.11893009 
450 261 14 17 0.11204313 
4 432 21 33 0.095113836 
374 294 12 16 0.0933035 
85 189 9 12 0.09111394 
550 287 22 28 0.09047896 
978 346 23 27 0.084204726 
2 192 9 14 0.08397114 
917 354 15 21 0.08249919 
-41 970 489 456 0.08246499 
971 360 12 15 0.07286413 
562 537 29 31 0.072384104 
2 522 18 21 0.070827216 
448 200 9 12 0.069355525 
412 381 15 19 0.06769584 
6 429 11 17 0.06766421 
365 291 14 17 0.06671281 
442 233 16 20 0.06587371 
552 300 23 28 0.06315961 
4 221 14 16 0.0630025 
202 423 17 21 0.06238043 
550 529 26 32 0.062271334 
892 330 19 22 0.06151283 
667 242 13 16 0.061269347 
921 350 22 28 0.060851626 
701 195 9 12 0.05922078 
598 299 12 15 0.059129965 
160 439 17 18 0.05866502 
965 349 20 27 0.057723492 
665 216 9 10 0.05673329 
336 454 13 14 0.056048676 
128 418 14 18 0.05531635 
562 284 16 20 0.053377207 
647 292 13 14 0.052540567 
20 213 10 14 0.052280888 
862 261 11 14 0.052258693 
499 303 18 21 0.05160804 
952 315 11 12 0.049706195 
358 290 14 18 0.04933531 
12 219 11 15 0.04924287 
662 233 16 19 0.048135024 
89 224 10 12 0.047327366 
883 273 13 15 0.04677261 
358 299 12 15 0.04671224 
409 214 15 20 0.045900635 
935 436 11 14 0.04568709 
13 201 11 16 0.045088585 
522 290 14 17 0.04426951 
606 317 10 15 0.044236172 
885 297 12 14 0.0437725 
906 351 16 22 0.043716986 
984 315 10 12 0.04325797 
939 311 12 14 0.042261686 
1008 407 10 13 0.042038545 
575 300 10 15 0.04128697 
407 227 19 23 0.04123489 
105 519 11 12 0.04075572 
2 226 9 14 0.04055011 
379 293 12 15 0.037213832 
93 228 9 12 0.037116867 
180 415 9 12 0.03683658 
30 248 13 19 0.036106355 
649 305 12 15 0.03605627 
340 467 12 14 0.035889685 
594 417 12 17 0.035631735 
421 309 15 17 0.03538999 
403 292 13 16 0.03537479 
91 410 13 17 0.035134695 
507 314 16 19 0.03507837 
69 220 10 13 0.03471321 
31 222 11 14 0.03439741 
2 399 22 29 0.03378465 
15 441 17 20 0.03356801 
514 284 24 29 0.03339497 
1009 396 10 13 0.03334995 
491 345 14 16 0.033332784 
571 293 12 16 0.03205777 
348 460 11 13 0.03189513 
532 287 22 29 0.031738184 
105 221 8 11 0.031241704 
576 543 17 22 0.031096175 
536 304 13 17 0.03086347 
698 192 9 12 0.030637793 
338 278 16 18 0.03040037 
163 317 12 14 0.030302947 
731 322 12 15 0.02988612 
807 336 10 13 0.0296861 
446 229 21 26 0.029667724 
438 229 12 17 0.029621724 
106 399 29 34 0.029257048 
409 371 15 16 0.029206902 
561 312 15 18 0.02919406 
151 414 8 11 0.028775763 
710 295 8 12 0.02873372 
72 191 11 15 0.028686848 
381 347 10 12 0.028418208 
146 433 47 47 0.028250588 
341 457 12 15 0.027594095 
51 459 14 16 0.02756168 
464 300 13 17 0.027342444 
144 412 9 12 0.027306566 
89 255 15 18 0.027101915 
1007 421 9 12 0.027087757 
647 235 11 14 0.026805878 
116 254 11 15 0.026546633 
650 223 23 29 0.02651236 
110 220 8 11 0.026420595 
569 525 27 30 0.026407314 
104 416 14 17 0.026323462 
668 221 11 14 0.026069341 
23 229 8 11 0.025986033 
797 301 12 17 0.025983615 
346 290 13 18 0.025873017 
855 203 10 13 0.025864849 
591 294 21 26 0.025848651 
430 227 11 15 0.025780091 
862 254 11 14 0.025488801 
153 445 21 22 0.025297707 
85 404 22 28 0.025134072 
30 241 11 15 0.02491775 
4 238 10 15 0.02488655 
351 280 24 30 0.024860865 
459 223 19 24 0.024823584 
364 357 9 13 0.024746854 
662 219 22 28 0.024450732 
582 312 14 16 0.024421308 
863 221 9 12 0.02437001 
571 294 20 26 0.024369024 
460 258 14 16 0.0243277 
450 380 12 16 0.024256475 
543 286 15 18 0.024203682 
367 397 12 14 0.023873122 
362 309 12 14 0.02383416 
354 292 23 27 0.023658328 
944 352 15 19 0.02354832 
644 217 14 17 0.023433404 
144 408 8 10 0.023274448 
3 410 26 34 0.02302987 
683 221 14 16 0.02296609 
601 316 11 14 0.022910176 
977 338 14 18 0.02285816 
415 310 10 13 0.022747748 
643 216 24 28 0.022608163 
61 468 15 17 0.022519391 
562 296 16 20 0.022361811 
820 323 26 28 0.022176892 
410 323 14 16 0.022013815 
639 237 36 50 0.021833843 
250 495 9 11 0.021824688 
150 422 13 17 0.021760872 
725 319 13 14 0.021744678 
905 332 15 19 0.021694323 
718 324 14 17 0.021668723 
721 316 24 29 0.021666816 
703 294 11 12 0.021644171 
821 329 13 15 0.021590188 
474 357 29 33 0.021560347 
238 427 12 17 0.021553643 
43 438 23 30 0.021417426 
815 333 10 13 0.021390537 
526 337 14 20 0.02124765 
9 517 14 17 0.021215536 
643 287 21 26 0.02102985 
6 195 19 27 0.021015113 
499 319 22 27 0.020992976 
682 227 15 18 0.02095444 
407 318 11 14 0.020856727 
564 286 22 28 0.020850979 
164 423 25 30 0.020727742 
765 285 35 45 0.020462425 
23 219 8 13 0.020361846 
977 398 8 11 0.020353373 
7 423 28 34 0.020138226 
