47_Matador_Bullfighter_matadorbullfighting_47_572
18
233 28 26 29 0.9899837 
890 97 23 31 0.9782325 
195 190 45 51 0.95507467 
77 2 31 37 0.91465396 
649 105 22 28 0.1945727 
97 62 33 54 0.10147073 
75 43 24 32 0.056419786 
414 43 241 246 0.04221264 
355 512 83 64 0.041906413 
349 575 38 50 0.037539575 
57 37 24 33 0.036236957 
174 182 33 46 0.03235408 
338 82 13 17 0.025866898 
208 53 24 31 0.025129193 
56 32 42 56 0.021389827 
330 535 55 51 0.021194985 
304 292 11 14 0.02021578 
177 301 12 13 0.020002278 
