47_Matador_Bullfighter_Matador_Bullfighter_47_636
17
81 114 114 68 0.883031 
612 88 435 431 0.090877295 
322 173 358 453 0.07686034 
151 141 181 214 0.07041939 
109 116 70 41 0.06486873 
60 110 207 168 0.05441889 
197 242 134 119 0.047220357 
249 178 141 148 0.044199374 
379 22 448 528 0.041994873 
901 145 130 185 0.04103213 
72 123 45 39 0.03442611 
127 107 46 35 0.03241769 
93 123 60 41 0.031463925 
337 506 138 94 0.029111989 
108 158 54 40 0.028615639 
208 165 223 245 0.02734721 
761 493 30 37 0.026524251 
