47_Matador_Bullfighter_matadorbullfighting_47_236
235
388 276 93 107 0.99878067 
67 196 17 21 0.9633501 
35 191 16 22 0.90583223 
828 126 25 28 0.8900542 
750 48 14 19 0.8635418 
155 140 16 19 0.8498886 
112 195 17 21 0.8358733 
388 188 25 31 0.82696056 
717 108 19 22 0.8170322 
124 180 15 17 0.75432396 
351 195 20 26 0.7519972 
160 179 16 19 0.6905122 
387 138 17 21 0.6357239 
681 42 13 18 0.6200738 
265 206 19 23 0.61262673 
87 108 15 20 0.59918565 
603 191 17 20 0.5721992 
591 126 19 22 0.49545118 
795 117 15 19 0.4946723 
54 210 15 19 0.47409073 
993 97 18 22 0.47221124 
436 128 16 19 0.424549 
365 178 21 28 0.42452213 
94 185 13 16 0.40927705 
417 122 15 20 0.40655994 
414 974 244 298 0.38401842 
945 48 15 19 0.3525864 
548 204 15 20 0.3476802 
160 175 12 14 0.34400675 
279 119 18 21 0.34225687 
357 189 21 26 0.29878464 
729 184 15 18 0.23966207 
225 256 9 12 0.21253075 
777 100 14 17 0.20971563 
854 156 13 17 0.20045836 
232 204 17 19 0.20042945 
156 257 11 15 0.1753865 
638 171 11 15 0.15029271 
638 185 12 16 0.1485354 
101 212 12 16 0.13834174 
85 148 10 12 0.13087144 
517 109 23 27 0.12514585 
645 169 13 16 0.12467145 
376 181 22 29 0.11717123 
80 147 10 13 0.10856522 
384 144 15 20 0.1068797 
97 157 10 13 0.10627299 
414 192 15 19 0.09510272 
121 175 13 14 0.09214676 
59 170 13 15 0.08956296 
795 127 16 19 0.08839959 
296 806 399 462 0.08635605 
929 86 10 13 0.08448021 
216 207 11 13 0.08381558 
129 185 13 16 0.08195731 
713 209 12 15 0.081376225 
706 178 13 16 0.08093732 
118 159 9 12 0.08013023 
424 122 20 25 0.07796656 
839 129 18 20 0.07256649 
263 182 40 47 0.07198138 
991 79 27 33 0.06790455 
238 118 12 16 0.065474905 
186 238 8 10 0.06210973 
164 203 14 18 0.061374847 
621 178 15 19 0.058289777 
72 142 10 14 0.0552906 
443 126 12 17 0.055168323 
342 198 16 22 0.052809346 
597 177 38 46 0.051992353 
876 91 40 54 0.051661797 
963 82 12 16 0.050946195 
419 189 12 16 0.050591107 
102 150 10 12 0.04971838 
437 150 12 16 0.048142754 
70 171 12 15 0.047853146 
322 200 17 20 0.047110792 
454 185 23 28 0.047066726 
815 165 13 17 0.046714127 
62 201 16 20 0.046654366 
289 198 24 30 0.046407696 
400 193 17 22 0.04632309 
682 69 12 16 0.046157714 
455 162 13 17 0.046097774 
384 132 16 20 0.04608127 
181 184 9 12 0.045795295 
152 188 10 14 0.04501133 
610 175 22 28 0.044899978 
112 156 11 14 0.04438355 
64 149 9 11 0.044277605 
629 194 12 14 0.042599745 
153 133 13 17 0.042299762 
283 179 27 29 0.041960668 
89 185 12 16 0.0415611 
414 138 15 19 0.04147839 
628 171 14 19 0.04131027 
95 150 10 12 0.04113342 
392 143 16 20 0.040584173 
125 157 11 14 0.03968372 
109 148 11 14 0.03914467 
436 160 16 21 0.039026476 
113 163 11 13 0.039005604 
120 194 16 19 0.03867286 
155 186 23 26 0.037829757 
458 181 16 19 0.03681713 
824 130 16 19 0.03680979 
583 123 14 20 0.036443863 
562 141 15 19 0.036284048 
0 189 8 13 0.03568098 
515 118 17 23 0.035473995 
153 119 8 10 0.035391904 
542 105 14 19 0.035347365 
86 157 10 14 0.034708142 
444 147 13 16 0.034570493 
740 90 17 19 0.034172904 
227 182 22 25 0.033787873 
230 191 22 26 0.033777535 
386 204 18 24 0.03349488 
307 108 15 17 0.033247385 
162 131 14 18 0.033124685 
582 138 23 28 0.032786958 
173 187 11 15 0.032576572 
748 210 13 14 0.032445535 
753 90 15 18 0.032223802 
157 128 14 17 0.032087132 
80 157 10 13 0.03187111 
143 133 10 12 0.03162084 
381 186 43 49 0.031262275 
775 123 13 16 0.031153576 
529 119 17 21 0.031139981 
682 188 13 17 0.03104931 
87 165 9 11 0.031042175 
326 169 13 17 0.030728128 
94 163 11 13 0.030724898 
4 265 12 15 0.030301826 
219 211 11 13 0.030104835 
612 186 25 28 0.030097315 
108 141 12 15 0.029710053 
191 129 11 15 0.029695602 
76 171 12 15 0.029305706 
190 110 9 12 0.029231759 
701 173 20 25 0.029225126 
487 284 12 16 0.029209064 
639 175 19 25 0.02918946 
608 497 27 32 0.029168664 
974 42 12 15 0.029159214 
438 132 21 26 0.029119838 
652 216 13 16 0.029030526 
94 175 13 15 0.028798128 
980 94 25 33 0.028797748 
724 205 15 17 0.02859309 
484 160 12 15 0.028385147 
702 203 10 15 0.028364992 
65 143 9 12 0.028226767 
580 148 15 18 0.028088043 
903 140 24 28 0.02799105 
751 205 10 12 0.027883638 
995 85 17 19 0.02771316 
152 126 10 13 0.02765501 
223 126 12 14 0.0273908 
698 180 10 14 0.027362337 
667 492 27 34 0.02722709 
372 215 15 19 0.02720525 
905 146 14 16 0.026943918 
779 128 13 16 0.026749065 
119 150 10 13 0.026518088 
601 130 14 19 0.026446052 
670 506 14 17 0.026428476 
433 882 379 472 0.026281923 
375 146 14 19 0.02625029 
764 162 13 17 0.026055554 
635 167 19 24 0.0259747 
631 477 26 32 0.025942486 
480 162 12 15 0.02573517 
725 194 15 17 0.02558688 
683 183 11 14 0.02496202 
152 251 19 24 0.024932312 
347 174 21 29 0.024824679 
802 92 14 16 0.024796823 
216 133 12 14 0.02429473 
731 209 13 15 0.024122491 
781 117 21 26 0.024099411 
522 299 10 13 0.023999523 
226 130 15 18 0.023995642 
77 178 12 16 0.023937345 
825 119 39 48 0.023455573 
290 123 13 17 0.02333241 
110 172 11 13 0.023285503 
670 481 24 28 0.02312395 
392 133 15 18 0.023086054 
124 163 14 15 0.023033028 
251 180 15 19 0.022851277 
1000 99 17 23 0.022848837 
434 144 21 28 0.022814145 
956 78 21 26 0.022668561 
381 209 14 19 0.022401547 
268 73 14 17 0.022277273 
143 139 12 15 0.022117617 
171 201 14 19 0.022082798 
718 76 12 14 0.02201533 
773 200 9 12 0.022010826 
228 122 14 17 0.021936532 
106 201 21 24 0.02171403 
358 363 53 72 0.021636419 
616 164 24 30 0.021572197 
654 99 12 15 0.021526342 
143 187 11 15 0.021465449 
938 124 29 33 0.021438306 
0 195 9 15 0.021426909 
589 182 24 29 0.021408617 
741 182 12 15 0.02140844 
356 201 22 28 0.021340936 
453 162 22 27 0.02131516 
157 168 12 14 0.02125483 
943 76 43 49 0.02123073 
171 570 17 17 0.021174295 
587 185 15 19 0.0210799 
483 197 14 19 0.021049004 
599 246 14 18 0.021044368 
173 131 11 15 0.021041324 
625 181 20 26 0.021002414 
158 119 9 11 0.020949634 
341 171 14 18 0.020876866 
1006 131 16 20 0.02075395 
349 171 13 19 0.020746674 
99 207 20 26 0.020737616 
489 75 12 14 0.020715276 
192 161 12 16 0.020714516 
957 46 11 15 0.020624684 
682 174 8 11 0.020558894 
655 482 15 19 0.02045464 
214 173 12 15 0.020240985 
139 147 14 16 0.020070935 
128 595 35 43 0.020056542 
616 489 28 32 0.020049881 
