47_Matador_Bullfighter_Matador_Bullfighter_47_567
30
419 99 185 243 0.99947196 
304 557 9 12 0.1915608 
721 533 10 12 0.12513301 
837 406 14 17 0.10104777 
269 407 38 51 0.07545588 
749 532 10 13 0.058412235 
293 469 13 15 0.044123452 
61 352 245 296 0.041455764 
772 416 13 17 0.04054295 
347 567 12 14 0.036073394 
304 591 8 10 0.03512928 
672 550 10 13 0.03373006 
278 541 13 15 0.033516336 
716 563 12 14 0.030905003 
739 493 15 20 0.029473959 
59 1089 15 19 0.02828009 
867 405 15 16 0.02767863 
460 1243 36 42 0.024721941 
375 527 10 13 0.024705898 
768 412 12 16 0.024693068 
389 1029 187 290 0.024507672 
699 506 11 14 0.02330744 
646 719 10 13 0.023137756 
722 497 15 20 0.021784352 
773 530 13 17 0.021366142 
693 469 13 16 0.021322448 
731 490 19 27 0.020653704 
748 504 12 15 0.02058079 
275 458 14 19 0.020545758 
777 446 15 18 0.020310443 
