47_Matador_Bullfighter_matadorbullfighting_47_710
124
514 333 59 61 0.9961422 
381 72 12 15 0.5405261 
427 28 12 15 0.46094653 
892 19 15 18 0.3862174 
387 16 12 15 0.3801819 
941 20 14 16 0.26741907 
87 67 445 543 0.2572734 
102 71 12 16 0.20938312 
987 34 14 17 0.14182875 
1013 20 10 17 0.102563456 
932 28 14 17 0.10049491 
894 3 13 14 0.098587535 
451 0 15 16 0.0942477 
640 53 9 12 0.08966804 
962 164 16 20 0.08890272 
64 -59 387 452 0.08657922 
435 -60 433 512 0.08537294 
38 144 43 64 0.07745889 
925 28 13 18 0.074500784 
674 116 13 15 0.07025552 
211 268 426 518 0.067783065 
929 1 15 18 0.06556114 
976 72 9 11 0.06301116 
1001 4 12 14 0.060256466 
431 72 11 12 0.059952464 
822 20 10 14 0.05937225 
991 216 27 33 0.058554858 
870 13 10 15 0.055911947 
989 42 11 14 0.05554768 
961 53 10 13 0.054347318 
607 0 446 395 0.051772818 
287 74 11 12 0.051300496 
1001 72 11 15 0.04910754 
904 77 11 12 0.04843585 
863 14 10 13 0.048105367 
999 1 10 11 0.047224328 
934 9 15 19 0.0470978 
362 72 10 12 0.04651706 
357 -1 16 14 0.046242077 
315 630 214 275 0.0457404 
935 59 15 19 0.045344654 
982 220 14 19 0.044543765 
373 19 13 17 0.042073015 
302 36 390 499 0.04163648 
997 8 19 25 0.041189786 
898 23 14 17 0.04084577 
1005 15 14 20 0.04049415 
252 74 12 14 0.040015347 
679 47 8 11 0.039595734 
403 72 9 11 0.039429985 
604 89 15 17 0.03848526 
1006 148 15 18 0.03743253 
947 25 12 14 0.037113108 
973 124 14 19 0.03670909 
956 155 15 20 0.036628675 
497 28 13 15 0.036213268 
655 21 10 12 0.035724517 
885 56 9 10 0.032770824 
887 13 16 20 0.03276615 
699 87 13 14 0.032354765 
983 218 23 29 0.032149233 
309 72 9 11 0.031620193 
223 343 262 330 0.03144839 
575 285 41 61 0.031090671 
644 4 11 12 0.030958131 
772 38 10 12 0.030879762 
343 71 9 11 0.03036362 
599 54 10 12 0.029413465 
941 5 14 17 0.028747497 
671 111 13 15 0.028452324 
924 22 13 16 0.028425746 
946 11 15 18 0.028373482 
992 117 20 28 0.027820734 
931 43 13 16 0.027729897 
981 123 15 20 0.027675383 
1005 121 13 17 0.027535059 
988 22 21 26 0.02730496 
925 8 15 18 0.027142903 
1011 194 14 21 0.026850898 
23 137 23 30 0.026780179 
920 23 11 14 0.026693 
562 94 10 11 0.026676318 
990 51 10 12 0.026631666 
1008 142 12 16 0.026520893 
907 82 14 15 0.026508572 
953 93 11 14 0.02576209 
678 0 14 12 0.025239944 
998 150 14 18 0.024887398 
981 195 42 59 0.024788857 
629 63 10 12 0.024594344 
476 0 15 16 0.024484478 
917 52 11 14 0.024116522 
878 61 13 14 0.024052015 
890 1 21 24 0.023934951 
888 24 12 15 0.02375067 
739 877 29 31 0.023608798 
67 73 8 10 0.023370722 
959 47 10 13 0.02319701 
999 162 14 19 0.02317771 
84 72 8 10 0.023072384 
1004 199 20 33 0.02273154 
628 21 11 12 0.02271851 
215 531 219 293 0.02263481 
390 35 13 16 0.022282477 
947 4 15 17 0.022091672 
594 69 14 17 0.021638881 
583 129 8 9 0.021588128 
591 308 26 45 0.02148243 
980 76 10 11 0.021323992 
955 99 11 13 0.020859357 
508 343 36 47 0.020859137 
874 12 15 18 0.020774877 
416 30 10 14 0.020739991 
600 133 10 12 0.020707475 
405 34 12 16 0.020570314 
918 30 14 19 0.020519506 
436 126 11 13 0.020291114 
95 447 391 484 0.020241637 
971 201 13 19 0.020216119 
584 268 42 58 0.020171983 
382 25 12 16 0.020163504 
673 93 10 13 0.020162955 
350 0 16 17 0.020154117 
899 0 12 14 0.02007962 
