47_Matador_Bullfighter_Matador_Bullfighter_47_715
46
408 468 88 84 0.99584806 
668 418 44 62 0.17962667 
637 524 39 51 0.06487484 
740 1519 14 14 0.052795228 
652 377 38 35 0.052541208 
846 1524 10 10 0.040776502 
783 1520 12 14 0.04032484 
645 425 51 66 0.03888074 
180 1240 10 11 0.037657253 
5 730 22 31 0.03755067 
1013 1411 9 13 0.03327567 
775 1469 9 10 0.030040717 
970 1277 9 11 0.029052773 
886 1484 9 12 0.028716134 
863 1471 9 10 0.028544866 
764 1511 9 11 0.028080812 
549 819 13 18 0.026956044 
768 1495 9 10 0.026785934 
917 1445 9 10 0.026008187 
190 1231 10 11 0.025963506 
833 1509 9 12 0.024815453 
11 524 78 133 0.024794273 
798 1472 9 10 0.0247572 
798 1453 9 10 0.024321511 
21 614 50 72 0.0241255 
783 1358 12 13 0.02331059 
880 1479 9 10 0.023307871 
845 1242 13 15 0.02320153 
870 1470 9 11 0.022972442 
761 1495 8 10 0.022831725 
807 1271 11 12 0.022627903 
872 1464 8 9 0.022599367 
892 1277 13 15 0.022560488 
992 1343 8 11 0.022507986 
766 1480 8 9 0.022352932 
625 539 31 44 0.022226527 
796 931 55 66 0.021743136 
800 1511 8 10 0.021671811 
808 1478 9 10 0.021623492 
767 1207 10 11 0.021427626 
772 1494 10 11 0.021107666 
784 1511 9 10 0.020614343 
950 1283 12 14 0.020397732 
833 1469 8 10 0.020349218 
838 1470 8 9 0.020254273 
808 1495 8 10 0.020105274 
