47_Matador_Bullfighter_matadorbullfighting_47_731
1277
424 169 20 22 0.9520294 
577 136 20 24 0.9491175 
679 115 12 15 0.9264906 
326 142 12 16 0.9088587 
835 110 10 12 0.8581793 
64 116 10 13 0.84617835 
360 118 9 11 0.8359098 
341 5 11 14 0.83257353 
142 77 11 13 0.77466315 
20 135 13 15 0.7725038 
38 124 15 18 0.7708764 
645 119 11 14 0.76045346 
908 133 10 13 0.7365432 
312 19 10 12 0.7344709 
438 129 12 14 0.72398335 
7 116 12 15 0.7123569 
871 112 12 14 0.71179426 
565 121 12 15 0.7082672 
872 93 9 11 0.7068003 
0 147 11 15 0.70130605 
686 59 11 13 0.68839884 
974 34 12 14 0.68283457 
303 135 9 12 0.66777474 
950 111 13 17 0.65697175 
678 90 10 12 0.65507907 
516 70 10 14 0.6462872 
600 115 12 16 0.62628174 
1014 86 8 12 0.6260127 
922 87 11 15 0.6223132 
536 108 10 13 0.60359865 
924 46 10 13 0.5917196 
523 126 11 13 0.5903219 
774 9 10 11 0.5822315 
308 76 10 13 0.5822092 
403 32 11 12 0.57927644 
183 91 8 11 0.57768375 
853 95 10 12 0.5674765 
996 127 14 16 0.56413287 
397 62 9 12 0.55232346 
205 79 9 11 0.5523047 
99 86 11 14 0.5503252 
913 109 11 14 0.5426452 
767 100 10 12 0.5261535 
961 72 11 14 0.5241749 
59 22 11 12 0.5237387 
986 106 12 15 0.5210845 
86 100 11 13 0.5182555 
494 63 10 12 0.51636815 
103 135 11 13 0.5134726 
628 111 10 14 0.5132797 
141 12 10 12 0.50644004 
720 135 11 13 0.5043178 
540 108 11 14 0.50261813 
476 70 10 12 0.49746642 
908 58 10 13 0.49501404 
611 47 10 13 0.49100214 
717 48 9 12 0.48626447 
388 147 12 15 0.48549712 
830 54 8 10 0.48362982 
973 139 13 15 0.47906297 
158 144 7 10 0.46067753 
838 86 10 13 0.45770764 
454 120 10 12 0.45227078 
752 85 10 13 0.45004472 
85 23 9 11 0.44882458 
556 64 10 11 0.44786838 
144 133 9 12 0.4476063 
501 137 14 18 0.44057998 
947 45 11 13 0.43951613 
969 90 12 15 0.43074486 
622 129 12 15 0.421448 
83 124 11 13 0.4177268 
757 70 10 12 0.4114178 
587 86 11 14 0.4107703 
30 78 9 10 0.4099384 
495 109 13 15 0.4089044 
445 67 9 12 0.4080165 
641 92 10 12 0.40790218 
776 64 9 11 0.40146208 
905 85 12 13 0.3968858 
121 150 12 13 0.39048505 
403 133 12 15 0.3866528 
944 52 11 14 0.38520932 
375 95 11 13 0.38041168 
693 39 8 11 0.3634827 
103 120 9 11 0.3615343 
461 146 11 13 0.35948303 
67 94 10 12 0.35554522 
252 7 9 11 0.35545936 
598 60 10 12 0.35093135 
888 103 10 13 0.35008633 
664 39 12 15 0.3495004 
559 81 11 14 0.3478661 
602 20 9 11 0.34718266 
478 84 9 12 0.34587932 
917 40 10 12 0.34515095 
855 55 10 13 0.34140337 
113 12 9 13 0.34081098 
287 86 9 11 0.33498055 
913 39 9 12 0.33454815 
637 40 10 12 0.33105472 
282 103 8 10 0.32908416 
406 109 11 13 0.3276994 
126 103 8 11 0.32186025 
976 5 10 11 0.31807446 
911 13 9 11 0.31768972 
303 93 9 13 0.3175176 
15 87 10 12 0.31707126 
883 127 11 14 0.3145017 
782 81 10 11 0.3143285 
166 124 8 11 0.31190422 
502 43 12 14 0.31070486 
324 4 10 12 0.3104936 
644 149 11 13 0.31031147 
535 134 10 12 0.3101916 
1005 5 9 11 0.30549452 
415 102 10 12 0.30546528 
83 133 11 14 0.30312553 
873 62 9 11 0.3024836 
708 128 10 13 0.30123553 
640 24 10 12 0.29618073 
712 40 8 10 0.2939623 
71 149 12 15 0.29300156 
543 77 10 12 0.29220733 
269 86 8 11 0.28795654 
152 102 9 11 0.28214648 
713 78 10 12 0.28069004 
29 153 12 14 0.2784544 
512 7 8 11 0.27805182 
653 14 9 11 0.27176943 
617 24 9 12 0.27153528 
455 142 11 14 0.27024144 
468 177 11 15 0.26829565 
684 155 10 14 0.26669502 
107 140 9 12 0.26582044 
536 5 10 12 0.26551026 
791 186 15 17 0.26149595 
767 30 9 10 0.2562529 
334 162 12 14 0.25432375 
341 87 10 12 0.25370857 
801 116 9 11 0.2532843 
649 63 8 10 0.249886 
191 141 8 11 0.24900407 
111 79 9 11 0.24800108 
544 115 10 13 0.24694256 
17 91 10 13 0.24677683 
713 109 9 12 0.24651404 
673 91 9 12 0.24337953 
360 12 11 12 0.24085121 
969 51 10 13 0.24002056 
789 29 9 10 0.2385236 
12 170 13 15 0.23738869 
164 6 10 12 0.23353814 
801 79 8 11 0.23353389 
209 102 9 11 0.23335697 
230 93 8 10 0.23186149 
167 160 8 9 0.23138721 
447 7 9 10 0.23017934 
51 82 10 13 0.2278043 
1013 51 9 13 0.22680919 
582 56 8 10 0.22662953 
230 117 7 11 0.2253305 
740 60 10 12 0.2205395 
199 85 8 10 0.22021443 
253 84 9 12 0.2190966 
761 39 8 10 0.21729997 
742 32 8 11 0.21576972 
344 103 11 12 0.21430217 
736 55 9 12 0.21075104 
408 164 13 16 0.2103911 
279 144 10 13 0.2099531 
265 135 8 11 0.20815031 
786 24 8 11 0.20529895 
947 39 11 12 0.20312183 
831 128 10 12 0.20090221 
903 77 12 14 0.20070505 
247 55 8 10 0.20048322 
694 23 11 13 0.19995266 
224 89 9 10 0.19992238 
604 15 9 11 0.19734813 
973 46 10 13 0.19725941 
581 6 9 11 0.19705251 
598 110 11 16 0.19642207 
246 129 10 11 0.19590676 
952 15 9 12 0.19514929 
726 103 9 11 0.19377181 
871 33 8 10 0.19328445 
110 105 9 11 0.19169566 
507 227 15 19 0.19121368 
83 79 11 13 0.18558696 
888 53 9 12 0.18499139 
183 71 8 10 0.18331039 
60 63 9 10 0.17908369 
818 63 7 10 0.1785004 
167 79 9 11 0.17845641 
411 155 12 15 0.17789389 
806 93 8 11 0.1772116 
818 158 9 11 0.17684957 
988 78 12 14 0.17642772 
568 63 9 11 0.17501977 
0 80 7 11 0.17440887 
709 64 8 11 0.17359214 
583 61 8 11 0.17310551 
837 28 8 11 0.17309514 
758 91 9 12 0.17253615 
780 140 11 13 0.17040771 
523 149 11 15 0.17029192 
136 7 10 13 0.16911195 
101 79 10 12 0.16897686 
336 117 9 11 0.16862346 
825 30 7 10 0.16748941 
332 77 11 12 0.16665377 
805 8 9 10 0.16523877 
47 36 10 14 0.16488868 
504 52 10 12 0.16090542 
95 153 10 12 0.15980843 
477 78 10 12 0.15899855 
983 64 10 12 0.15846165 
393 92 9 11 0.15774116 
848 46 7 9 0.15757748 
736 30 10 13 0.15605229 
102 125 12 15 0.15571378 
591 108 11 12 0.15555024 
366 154 13 15 0.15517478 
979 31 11 13 0.15501906 
864 76 8 11 0.1542647 
262 69 9 11 0.15229355 
45 7 11 13 0.15219156 
647 40 10 12 0.15199623 
767 56 8 9 0.15015586 
958 150 13 16 0.15001692 
303 4 10 11 0.14897391 
725 70 8 11 0.14743125 
663 64 9 11 0.14613059 
452 101 11 13 0.1458433 
440 64 10 12 0.14555441 
596 103 10 12 0.14469676 
23 1 9 10 0.14300065 
628 79 10 13 0.14291897 
558 15 8 11 0.14274046 
545 43 10 13 0.14234665 
809 31 8 10 0.14157934 
0 6 8 12 0.14136977 
767 126 10 13 0.14135881 
480 110 10 13 0.14034358 
441 109 10 13 0.13948669 
59 175 10 12 0.13887314 
174 104 7 10 0.13886972 
273 8 8 11 0.13771151 
349 109 9 11 0.13716671 
650 6 9 11 0.13701554 
726 13 8 11 0.1353096 
970 29 11 14 0.13481787 
182 5 9 12 0.13478567 
33 96 10 13 0.13437513 
296 119 9 11 0.13390324 
751 47 8 11 0.13301864 
342 91 12 13 0.13143355 
660 135 11 14 0.12991941 
69 155 12 14 0.12938666 
129 6 9 11 0.12912206 
496 104 11 12 0.1291167 
62 1 8 9 0.12905814 
878 53 10 12 0.12904009 
912 9 8 10 0.12885387 
444 125 11 15 0.12627749 
481 48 9 12 0.12567005 
878 6 8 10 0.12557617 
861 128 11 13 0.12481395 
644 22 11 12 0.12444413 
943 59 11 12 0.12394153 
626 7 8 10 0.123931326 
537 54 9 12 0.12326439 
445 108 10 13 0.12240658 
265 91 11 14 0.11988547 
24 23 9 12 0.11901011 
177 4 9 12 0.118253216 
199 135 7 10 0.11795221 
653 63 9 11 0.11791218 
153 142 9 10 0.11737497 
801 54 8 11 0.117072955 
485 111 10 13 0.11646264 
561 37 9 12 0.11608366 
72 68 9 11 0.11575199 
440 6 9 11 0.1155675 
632 55 9 11 0.11510728 
952 92 11 12 0.11447351 
329 72 10 12 0.11425003 
391 71 9 11 0.11344481 
226 71 9 11 0.11215665 
329 110 9 12 0.11171757 
214 153 8 11 0.11166063 
531 182 11 13 0.11129525 
863 16 8 10 0.110973455 
718 109 9 12 0.10984501 
823 62 9 11 0.109162435 
170 103 8 10 0.108348064 
770 7 9 11 0.10822926 
752 32 7 9 0.107845396 
783 14 9 11 0.107823715 
719 70 11 13 0.10779489 
407 79 9 11 0.10677047 
208 96 9 11 0.10677005 
157 101 8 10 0.10669114 
62 27 10 12 0.10450833 
816 188 10 12 0.10411326 
430 107 10 13 0.10398901 
230 112 7 10 0.10394348 
917 13 8 11 0.103173375 
477 64 10 12 0.10305523 
836 23 8 11 0.10251264 
40 13 11 13 0.10228651 
198 165 10 13 0.10085133 
711 68 9 12 0.09989833 
363 163 15 17 0.09971672 
297 92 8 11 0.09957555 
57 16 10 13 0.099215165 
665 22 9 11 0.098712206 
743 8 7 10 0.098355025 
703 16 8 11 0.098346174 
421 94 9 11 0.098099485 
921 69 10 13 0.097786896 
124 144 9 11 0.09717062 
191 10 9 12 0.09706793 
544 150 12 15 0.09703903 
943 0 8 9 0.09676439 
631 61 9 10 0.09658779 
232 136 9 12 0.096097924 
233 103 7 9 0.09596834 
78 142 11 12 0.09528006 
541 55 11 13 0.0948042 
348 5 9 11 0.09455604 
801 84 9 12 0.09414372 
1014 148 8 13 0.093521096 
768 25 8 10 0.093441956 
721 14 9 11 0.0931912 
1015 62 9 12 0.09270714 
782 45 8 10 0.09242621 
756 64 10 11 0.09214444 
855 89 9 11 0.09208827 
333 111 10 12 0.09189748 
744 12 8 11 0.09182098 
879 31 9 11 0.091818884 
517 8 8 10 0.09072902 
464 95 8 11 0.08975899 
654 43 10 12 0.0897557 
607 86 9 12 0.089209825 
385 35 9 12 0.08912877 
97 5 9 11 0.08889997 
865 36 10 12 0.08886991 
503 86 8 11 0.08885646 
664 92 9 11 0.08882637 
815 14 8 10 0.08822635 
264 99 9 12 0.08795433 
20 128 12 14 0.08764424 
177 87 9 11 0.08746832 
199 161 8 11 0.08717117 
375 12 9 12 0.08686632 
184 116 8 10 0.08585889 
391 6 10 11 0.08559661 
217 14 10 12 0.08542477 
777 44 9 11 0.08513605 
413 77 10 12 0.08506935 
177 133 9 11 0.0846611 
692 56 10 12 0.084401116 
695 92 8 10 0.0842645 
582 45 8 10 0.0840016 
735 13 8 11 0.08390553 
990 53 10 12 0.08371472 
710 104 10 14 0.08330292 
193 136 9 11 0.082771055 
753 23 9 10 0.08252627 
720 7 9 11 0.082213536 
590 6 8 9 0.0820099 
381 79 10 12 0.08189997 
142 139 9 12 0.08156561 
746 232 95 82 0.08142885 
642 28 11 12 0.08106477 
232 7 9 11 0.08093897 
69 164 11 12 0.08068569 
144 111 9 11 0.0802909 
149 158 9 11 0.08004721 
399 87 9 11 0.079880804 
161 120 8 11 0.079695225 
634 45 10 12 0.07959693 
264 139 9 11 0.0793522 
856 15 7 10 0.07886831 
177 128 8 10 0.07886598 
834 16 7 9 0.07809777 
824 70 9 11 0.07793778 
225 112 8 11 0.07739741 
807 54 7 10 0.07702826 
353 72 9 11 0.07688278 
836 105 11 12 0.0767092 
637 54 11 13 0.075257376 
160 84 9 11 0.075243585 
46 32 10 11 0.07387834 
903 128 12 15 0.072948895 
841 143 9 12 0.072685935 
577 39 9 12 0.07186453 
905 37 9 12 0.07179328 
753 128 7 11 0.07166857 
358 71 9 11 0.07122811 
737 8 9 11 0.070970014 
406 186 12 14 0.07089977 
622 103 11 13 0.070802465 
950 101 14 17 0.07052293 
970 166 15 19 0.07015868 
842 149 9 11 0.07014204 
863 151 10 13 0.07009547 
143 116 8 10 0.069870435 
623 96 10 11 0.06984959 
720 63 9 11 0.069807716 
150 108 9 12 0.069799684 
310 111 9 12 0.069791526 
340 117 9 13 0.069702476 
365 111 10 13 0.069672465 
671 109 11 14 0.069465086 
287 80 9 11 0.06931276 
510 170 13 16 0.06894022 
393 13 10 12 0.06889508 
685 87 10 12 0.06888935 
115 79 10 12 0.06866469 
578 11 9 12 0.068503365 
200 6 9 12 0.068446934 
14 80 9 12 0.06840703 
408 149 13 15 0.06825277 
871 47 8 11 0.06821231 
568 22 8 10 0.068143114 
556 136 13 15 0.06809674 
157 96 9 11 0.06803262 
574 60 8 11 0.067651436 
496 95 10 12 0.06759352 
518 153 13 16 0.067024246 
208 73 9 10 0.066884845 
10 70 9 10 0.06659766 
98 134 9 12 0.066396154 
655 78 9 11 0.0663135 
423 108 9 12 0.06619698 
765 38 8 10 0.06604122 
218 134 8 11 0.06603117 
919 78 12 16 0.06596397 
793 128 8 11 0.06541679 
42 119 13 15 0.065315686 
174 108 9 11 0.06526027 
850 21 8 11 0.06512984 
846 151 9 11 0.064949326 
204 5 9 11 0.06460742 
567 56 9 11 0.06424098 
674 115 12 15 0.06419714 
55 3 10 13 0.06417106 
858 131 9 12 0.06348792 
807 12 8 10 0.0634745 
829 71 9 11 0.06316723 
1014 69 9 13 0.06309712 
850 157 9 11 0.06308119 
15 5 9 10 0.06306601 
136 117 8 11 0.06305855 
30 83 11 13 0.062990405 
1006 78 10 13 0.062723756 
62 45 9 12 0.062135085 
479 290 63 62 0.061909772 
815 55 7 10 0.061418824 
982 95 12 14 0.061418243 
713 20 8 11 0.06080493 
463 84 9 11 0.06039922 
905 30 9 11 0.060398042 
408 104 10 13 0.060317017 
577 57 8 11 0.06023172 
792 70 8 10 0.06017577 
256 71 10 12 0.059862576 
720 129 10 12 0.05982942 
37 98 12 14 0.059536953 
376 7 9 11 0.059288207 
510 157 12 17 0.05906881 
687 42 10 12 0.058643833 
575 23 8 10 0.058637667 
12 111 10 14 0.058457255 
270 118 8 9 0.058350034 
905 22 9 11 0.057945073 
728 31 10 12 0.05791396 
161 80 9 11 0.05788734 
494 8 9 11 0.057833873 
497 39 11 13 0.057825454 
316 15 11 13 0.057717476 
807 72 9 10 0.057560496 
143 150 9 12 0.05701145 
181 129 9 10 0.05699323 
761 119 7 9 0.056826882 
250 10 9 12 0.05679741 
212 71 8 10 0.056716528 
454 96 9 12 0.056372188 
802 110 10 13 0.056299977 
534 87 9 12 0.056179307 
104 108 10 11 0.056094255 
713 6 8 9 0.055525016 
596 138 13 16 0.05528355 
574 29 8 10 0.055270284 
925 64 9 11 0.05515655 
816 68 9 11 0.05509164 
819 162 12 15 0.054968987 
71 12 9 12 0.05489324 
412 54 10 13 0.0547002 
367 20 8 10 0.054675184 
270 80 8 11 0.05455324 
558 20 9 11 0.054150548 
473 76 10 13 0.054136604 
825 47 8 10 0.05406305 
293 87 10 13 0.05405109 
752 53 7 10 0.054017767 
106 103 9 12 0.053976707 
302 117 9 12 0.05389968 
552 21 10 12 0.05375455 
856 152 9 12 0.05356639 
364 7 10 12 0.053527556 
831 50 8 9 0.053347483 
136 111 8 11 0.05332081 
402 80 8 10 0.053118292 
206 120 8 10 0.05303051 
903 72 10 12 0.052997172 
285 107 8 11 0.052800618 
448 95 9 11 0.05256224 
736 24 8 10 0.05245342 
776 150 11 13 0.052396663 
791 54 8 10 0.052128177 
338 90 10 13 0.052085362 
574 78 9 12 0.051695105 
751 79 11 13 0.05167994 
917 8 9 11 0.051354915 
390 1 10 11 0.051301233 
512 64 9 12 0.051263604 
823 153 9 11 0.050946422 
47 62 9 11 0.050913487 
128 11 9 12 0.050398894 
147 78 10 13 0.05034922 
288 13 9 10 0.05027339 
81 82 9 12 0.050247528 
640 60 8 10 0.050168447 
317 30 10 11 0.05002337 
719 20 8 10 0.049957484 
213 174 10 11 0.049861927 
530 108 10 14 0.049832344 
832 28 9 11 0.049823698 
845 6 8 10 0.049771555 
633 23 8 11 0.049749885 
161 10 9 12 0.049749076 
690 7 8 10 0.049587157 
842 2 7 8 0.049457695 
976 11 10 12 0.049248643 
805 86 9 11 0.048958324 
194 88 8 10 0.048957407 
677 14 9 11 0.048733596 
501 92 10 12 0.048607957 
792 48 7 9 0.048564896 
209 156 9 12 0.04851103 
264 152 9 11 0.048439726 
499 59 11 14 0.04840398 
968 23 9 11 0.048375294 
625 61 9 11 0.048375126 
20 87 10 13 0.048262544 
276 6 10 12 0.04823838 
403 125 14 18 0.04815985 
272 112 8 10 0.048104838 
768 77 8 11 0.04810075 
496 56 10 11 0.04795909 
781 40 9 10 0.047848277 
849 54 9 11 0.04778371 
656 68 9 11 0.04775973 
730 36 9 11 0.047745217 
452 108 12 13 0.04772129 
191 174 12 14 0.0477125 
752 38 8 9 0.047601383 
906 15 9 11 0.04753706 
445 48 9 11 0.047524784 
840 48 8 9 0.047416843 
218 129 7 10 0.04740496 
417 96 10 12 0.047210917 
769 61 8 12 0.0471151 
169 153 8 11 0.047110554 
460 154 13 17 0.047032636 
335 103 9 11 0.04698425 
678 79 9 11 0.04690904 
826 127 9 11 0.046890575 
998 78 10 13 0.046721626 
7 22 10 14 0.046655256 
406 4 8 10 0.046493173 
565 78 10 13 0.046453997 
153 97 9 11 0.046297 
678 68 11 13 0.046265572 
59 115 10 13 0.04626049 
293 70 9 11 0.046238016 
584 67 9 12 0.04595171 
151 151 9 11 0.04589529 
889 15 7 10 0.04571248 
838 54 7 11 0.04564079 
491 163 15 17 0.045519818 
746 85 8 11 0.045518592 
631 70 10 11 0.045497857 
453 6 9 10 0.04549394 
773 95 9 13 0.045437314 
48 196 13 14 0.04536807 
524 118 13 16 0.045279834 
448 117 10 14 0.045249633 
0 182 10 15 0.04521923 
604 133 10 13 0.045139033 
16 1 10 10 0.045059092 
848 16 9 10 0.04500601 
888 22 8 10 0.044898055 
600 28 10 12 0.044710252 
65 151 10 13 0.044591747 
549 56 10 12 0.04444848 
614 93 8 10 0.044297136 
789 16 9 11 0.044200603 
629 12 9 11 0.044004552 
816 47 7 10 0.043912984 
119 109 9 10 0.043753523 
532 127 12 14 0.0437323 
350 1 9 10 0.043655016 
377 84 11 14 0.04363942 
79 43 9 12 0.04359879 
654 18 10 12 0.043496635 
731 225 78 65 0.043465503 
781 68 9 10 0.04342667 
128 119 8 11 0.04313693 
489 9 8 10 0.043130826 
505 6 9 11 0.043130003 
439 54 9 11 0.043124538 
186 141 8 11 0.043106884 
845 1 8 8 0.043056075 
362 157 10 13 0.043034703 
454 162 13 17 0.042837247 
805 123 9 12 0.04280433 
568 29 10 13 0.042804055 
4 152 13 15 0.042685904 
478 91 10 13 0.042600036 
397 92 9 11 0.04257616 
840 6 8 10 0.042551205 
815 88 8 11 0.042098347 
704 45 9 12 0.04195883 
559 109 10 14 0.041895058 
951 6 9 11 0.041870356 
81 95 9 12 0.0418557 
810 37 8 10 0.041820325 
228 45 9 11 0.04181767 
726 2 8 8 0.04171831 
815 39 8 9 0.04169878 
184 76 8 10 0.041652787 
304 86 10 14 0.041637335 
620 27 10 13 0.041603804 
326 162 13 16 0.041554812 
750 15 9 11 0.04140084 
160 60 9 12 0.041277044 
272 55 9 10 0.04121423 
757 22 9 11 0.041077487 
70 36 9 12 0.04102067 
144 165 12 14 0.04101298 
280 86 9 11 0.0409445 
439 2 8 9 0.04092981 
498 197 24 27 0.04087664 
644 88 10 12 0.040695824 
846 186 11 13 0.04067146 
703 54 9 11 0.040636096 
761 6 8 10 0.040570147 
31 117 11 14 0.040476788 
118 53 9 11 0.040465284 
802 12 8 11 0.04040517 
735 48 8 10 0.040339395 
398 56 9 12 0.04032466 
240 133 10 13 0.040194586 
594 55 10 12 0.040036254 
72 144 11 13 0.040006977 
792 38 8 10 0.03987552 
2 116 10 15 0.039793164 
761 112 8 10 0.03970912 
801 93 10 12 0.039567597 
694 6 8 11 0.0395214 
837 133 8 10 0.03930397 
390 76 9 11 0.039189946 
586 109 10 12 0.03915872 
195 169 13 16 0.03914791 
319 162 12 14 0.039056435 
711 115 10 13 0.0389239 
725 63 8 11 0.038872555 
665 109 9 12 0.03884761 
691 22 10 11 0.03872272 
250 79 9 12 0.038707376 
966 61 11 13 0.038658768 
6 62 10 13 0.038631346 
836 127 9 12 0.03858167 
856 8 7 8 0.038536217 
169 108 9 11 0.03848242 
70 8 9 11 0.038465083 
445 86 10 11 0.03844093 
570 123 13 17 0.03843202 
824 76 9 12 0.038328838 
192 147 9 11 0.038316317 
798 261 38 48 0.038281623 
772 127 9 10 0.038274784 
943 15 10 12 0.038240112 
28 158 14 17 0.038224984 
937 0 10 9 0.038143873 
256 118 8 11 0.038111776 
29 132 12 15 0.038027417 
584 1 8 10 0.038015716 
149 128 8 10 0.037909552 
5 6 9 11 0.037868828 
552 27 9 13 0.037827447 
879 2 9 9 0.037819687 
121 102 9 12 0.037753083 
713 141 11 12 0.037681516 
909 20 9 12 0.037633937 
181 133 10 13 0.037598044 
625 55 8 12 0.03752888 
93 60 10 12 0.037508953 
68 31 10 12 0.037357688 
264 65 9 11 0.037316766 
214 94 9 11 0.03721523 
830 59 8 11 0.037209917 
974 62 10 13 0.03715499 
484 53 9 11 0.037102357 
558 31 10 12 0.037101965 
759 32 8 10 0.0370951 
602 121 12 16 0.03707717 
800 150 10 12 0.037014965 
861 54 8 11 0.03699087 
833 174 8 11 0.036966804 
64 99 11 14 0.036919665 
892 106 10 12 0.03685942 
102 5 9 11 0.036847994 
605 8 9 10 0.036832463 
951 194 12 14 0.03654207 
318 72 9 11 0.03650821 
758 15 8 10 0.03644199 
681 55 10 12 0.036404926 
95 175 9 11 0.036321837 
86 174 12 13 0.036304463 
869 88 19 23 0.036262974 
242 55 9 11 0.036203433 
942 20 10 12 0.03614589 
209 107 7 10 0.03600733 
873 55 9 12 0.035701677 
773 30 8 10 0.035634756 
151 84 9 11 0.03556045 
214 168 10 12 0.03553023 
700 21 10 12 0.035515167 
4 189 10 14 0.035494436 
439 104 9 12 0.03549395 
200 128 8 9 0.035482593 
924 149 12 15 0.035366457 
433 131 11 13 0.035342302 
958 4 10 11 0.0353399 
2 195 12 15 0.035308782 
777 135 9 11 0.035267018 
358 113 17 22 0.035263594 
782 90 11 13 0.03516833 
223 39 9 10 0.03515832 
222 134 9 11 0.035077304 
138 142 9 11 0.035054598 
504 2 9 10 0.035025537 
1008 71 10 12 0.03499517 
771 3 18 22 0.034957267 
490 63 9 11 0.034854315 
979 144 13 16 0.034491036 
547 111 11 14 0.034228757 
909 31 9 11 0.03397579 
354 116 9 12 0.03393561 
25 149 12 14 0.033916567 
263 79 10 12 0.033916023 
86 149 9 12 0.03390569 
589 79 11 14 0.03389348 
984 82 11 14 0.033876214 
237 13 9 10 0.033869445 
504 307 31 30 0.033798274 
886 37 9 10 0.033797972 
694 43 9 11 0.03375116 
479 39 8 11 0.033739366 
776 79 9 12 0.033717457 
147 103 8 11 0.033702046 
804 100 10 12 0.033617955 
760 144 10 11 0.033602457 
943 4 10 11 0.033544842 
857 173 9 11 0.0333376 
241 127 9 11 0.033101253 
902 100 11 13 0.03302328 
232 125 8 11 0.032968804 
907 90 11 15 0.032782193 
462 6 9 9 0.03275272 
349 173 11 14 0.032747585 
42 20 9 11 0.032744955 
772 266 67 60 0.032742396 
222 169 11 12 0.032727707 
497 85 10 12 0.03266584 
864 0 7 7 0.032665417 
826 25 8 10 0.03262516 
528 103 10 13 0.032529693 
766 150 10 11 0.032504205 
872 66 9 13 0.032489568 
895 86 10 12 0.032470148 
797 173 13 13 0.03240456 
591 2 7 9 0.032361906 
640 6 8 11 0.032333422 
62 68 10 11 0.03222539 
866 155 10 12 0.032175954 
878 140 11 13 0.03208372 
667 138 12 16 0.031980854 
980 1 9 10 0.03196971 
31 198 12 15 0.031907316 
1002 2 10 11 0.03188016 
799 124 10 12 0.031753175 
637 71 9 11 0.031665288 
82 26 10 13 0.031664725 
253 166 11 14 0.031634357 
1015 153 9 14 0.031609833 
178 93 8 10 0.03152916 
461 134 12 14 0.031475976 
197 150 9 11 0.031469494 
529 92 10 12 0.03143376 
957 19 10 13 0.031413693 
368 30 10 12 0.03139552 
864 166 10 13 0.031386662 
662 146 11 14 0.031367853 
66 111 12 14 0.03134659 
73 172 10 12 0.03126649 
766 120 8 10 0.031153247 
815 153 10 12 0.031121247 
945 114 13 16 0.031083021 
63 37 10 12 0.031035893 
433 61 10 14 0.031008657 
997 118 14 17 0.030970376 
887 149 12 14 0.030935695 
799 103 11 12 0.03093377 
602 138 13 16 0.030865967 
671 104 10 12 0.030692903 
695 0 7 9 0.030692408 
281 95 8 11 0.030648999 
372 140 11 14 0.030640638 
447 2 10 10 0.030637844 
800 141 10 12 0.03063576 
766 1 8 8 0.030602872 
172 79 9 10 0.03056793 
799 48 7 10 0.03051517 
815 32 7 10 0.030511657 
766 46 8 10 0.0305041 
55 178 11 12 0.030464513 
967 1 9 10 0.030461429 
714 51 9 12 0.030456293 
654 55 9 11 0.030416181 
543 29 9 11 0.030349942 
977 134 14 17 0.030278506 
672 124 10 12 0.030225094 
160 55 8 11 0.030155625 
893 22 9 11 0.030071707 
799 23 8 10 0.030068222 
712 32 7 10 0.03005218 
761 1 8 9 0.030019062 
102 175 10 12 0.029928807 
564 103 11 13 0.029912835 
431 6 9 10 0.029885117 
562 44 9 12 0.029842883 
871 100 12 14 0.029758736 
648 66 9 12 0.029741807 
120 135 8 11 0.029733352 
239 151 10 11 0.029719327 
612 87 10 12 0.0296842 
216 31 9 12 0.02967083 
645 112 11 14 0.029659592 
793 102 8 12 0.029637445 
177 180 9 10 0.029616907 
309 16 18 21 0.029604478 
116 6 10 13 0.029393494 
717 83 9 11 0.029339528 
220 19 10 12 0.029314898 
384 6 8 10 0.029308243 
745 233 43 45 0.029266343 
659 570 27 31 0.029261233 
3 179 14 16 0.029232595 
223 128 8 10 0.029224686 
305 14 10 13 0.02916971 
774 24 8 10 0.02910055 
150 6 9 12 0.029025538 
780 8 9 11 0.029022068 
102 72 11 13 0.029015137 
1012 79 17 25 0.028984167 
591 14 8 10 0.028973317 
416 165 20 25 0.02895854 
840 39 8 10 0.028855579 
800 72 8 11 0.028850203 
221 6 9 11 0.02881644 
308 84 10 13 0.028811313 
801 2 8 9 0.028784415 
14 124 11 14 0.028783035 
392 19 11 13 0.02873903 
201 119 8 10 0.028720737 
61 54 10 11 0.028704979 
908 147 13 15 0.028668553 
601 7 8 10 0.02865798 
15 98 11 14 0.028637147 
26 140 12 14 0.028554698 
191 113 9 10 0.02852987 
336 2 11 12 0.028513499 
832 105 17 21 0.02848698 
854 21 8 10 0.028447423 
583 80 10 12 0.028444188 
608 40 10 12 0.02839279 
599 79 10 13 0.028381478 
276 12 9 11 0.028364828 
95 71 10 12 0.02833044 
239 119 9 11 0.028324286 
566 16 8 11 0.028314894 
918 150 12 14 0.028304225 
248 2 8 10 0.02828646 
233 11 9 12 0.028268667 
894 14 8 11 0.028256586 
849 97 10 14 0.028240727 
128 96 8 10 0.028239157 
792 64 8 10 0.02822856 
416 4 9 10 0.028211651 
951 71 10 12 0.02820329 
845 87 10 11 0.028179873 
440 48 9 11 0.02817011 
820 189 10 12 0.028079558 
13 15 9 10 0.028018296 
457 138 17 21 0.028006546 
584 81 17 22 0.028004002 
920 64 9 11 0.027993638 
838 173 8 9 0.027978644 
915 36 17 21 0.02795484 
39 110 12 14 0.027937483 
702 159 9 12 0.027933663 
69 87 11 12 0.02791426 
605 62 9 12 0.02791267 
392 55 9 12 0.027894767 
511 106 11 15 0.02788481 
647 57 9 12 0.02781938 
598 65 12 15 0.027816363 
712 147 10 13 0.027812628 
766 107 10 12 0.027800605 
704 40 8 10 0.027693989 
679 163 12 15 0.027649503 
689 13 9 11 0.027625442 
86 17 10 11 0.027615685 
495 28 10 12 0.027603412 
518 65 10 13 0.027593777 
44 109 12 13 0.027577814 
760 125 9 12 0.027576087 
967 16 9 11 0.02757387 
263 110 8 10 0.02756455 
445 285 110 96 0.027547702 
294 14 9 10 0.027524497 
825 110 9 11 0.027501717 
525 62 10 12 0.027480867 
199 110 7 10 0.0274459 
46 181 10 11 0.027408803 
786 54 8 9 0.027397072 
563 109 14 17 0.027370958 
390 31 9 12 0.027342528 
795 109 8 12 0.027315918 
934 77 11 13 0.027313141 
705 103 10 12 0.027233632 
877 124 19 23 0.027233282 
431 141 10 12 0.027180156 
47 68 8 10 0.027178826 
160 175 9 11 0.027174855 
360 170 13 16 0.027166799 
948 30 11 14 0.027162693 
176 141 9 11 0.027112003 
424 4 8 10 0.027073963 
272 62 9 11 0.02704479 
216 88 9 10 0.027035922 
78 14 10 13 0.02701003 
663 29 11 14 0.026996361 
365 71 8 9 0.026980167 
397 5 10 11 0.026892679 
855 182 10 13 0.026854185 
974 97 12 15 0.026834289 
7 1 8 9 0.02680853 
70 196 13 15 0.026715824 
309 1 10 11 0.026700038 
759 44 9 10 0.02660004 
831 78 9 11 0.026588807 
182 65 9 10 0.026578275 
405 59 11 13 0.026556324 
373 110 11 13 0.02654006 
648 2 10 10 0.026522608 
695 16 9 11 0.026499372 
43 99 12 14 0.02640872 
599 93 10 12 0.026397333 
77 62 9 12 0.026347175 
405 84 10 12 0.026299406 
496 77 10 13 0.02629238 
807 173 9 12 0.02622254 
215 109 8 10 0.02620606 
896 76 10 13 0.02611408 
753 65 19 22 0.026107142 
864 47 9 11 0.026100393 
0 110 10 14 0.026085423 
137 147 10 13 0.025951097 
829 158 9 10 0.02594864 
663 127 9 11 0.025941208 
52 38 10 13 0.025935475 
825 117 9 10 0.025864962 
295 23 9 12 0.025836239 
263 6 8 11 0.025787463 
689 30 11 14 0.025763972 
679 151 18 23 0.025679082 
958 84 11 14 0.025672931 
56 66 10 13 0.025656573 
860 142 11 13 0.025629617 
652 125 10 13 0.02560887 
624 106 18 22 0.025578242 
615 15 8 11 0.025570083 
660 76 10 12 0.02556831 
200 62 9 10 0.025525078 
816 109 9 11 0.025515318 
264 118 9 11 0.025478037 
640 15 8 11 0.025469469 
895 8 8 10 0.025422608 
56 44 10 12 0.02540106 
527 14 8 10 0.025398774 
449 141 9 12 0.025379356 
13 156 11 13 0.025317565 
649 79 8 10 0.025315518 
705 67 10 12 0.025295028 
987 60 11 13 0.025291609 
671 70 9 11 0.025281968 
805 2 8 9 0.025197411 
480 103 10 12 0.025117392 
287 8 9 10 0.025089486 
278 62 8 10 0.025071567 
431 2 9 9 0.025064774 
380 100 8 11 0.025063444 
118 47 9 11 0.025047606 
1003 114 15 17 0.025006786 
807 24 9 10 0.02495807 
39 85 10 12 0.024931988 
704 78 10 12 0.024809059 
373 30 10 12 0.024807796 
225 65 8 11 0.024804458 
168 96 8 11 0.024762612 
617 1 9 9 0.024710752 
301 129 18 23 0.024693968 
800 61 8 10 0.02466508 
140 73 17 22 0.024616305 
502 79 9 11 0.024610914 
207 64 8 10 0.024608498 
470 94 10 12 0.024592286 
295 112 9 11 0.024588853 
272 45 8 11 0.024584487 
41 28 9 11 0.024578596 
7 13 9 11 0.024565056 
22 109 10 12 0.024557736 
159 136 10 11 0.024552792 
53 141 12 14 0.024552124 
424 87 9 12 0.024547214 
348 86 10 13 0.024540825 
717 130 18 22 0.024531178 
118 20 9 11 0.024515435 
159 70 9 11 0.024420578 
338 10 10 12 0.02440725 
151 117 9 11 0.024371427 
28 1 9 10 0.02431595 
733 156 9 12 0.024284095 
319 35 10 12 0.02426702 
238 7 9 10 0.024256058 
396 148 11 15 0.024251757 
806 189 11 13 0.02425131 
617 130 11 15 0.024228875 
822 183 9 11 0.02418361 
264 127 9 11 0.02417129 
894 47 9 12 0.024141554 
590 67 12 14 0.024129521 
137 4 18 22 0.02411981 
249 171 10 13 0.024059683 
553 67 10 13 0.024051936 
591 114 12 16 0.024036486 
638 87 18 23 0.024031723 
678 31 9 12 0.024027536 
761 149 9 12 0.023997275 
257 111 8 10 0.023990894 
830 151 9 10 0.023986602 
551 139 13 15 0.023975085 
305 112 8 11 0.023974607 
853 50 18 23 0.023909809 
399 1 10 10 0.023887208 
847 42 7 9 0.02385655 
141 173 12 13 0.023775961 
138 73 9 12 0.023774939 
400 27 17 22 0.023762755 
559 55 9 12 0.023739336 
365 179 13 14 0.023653122 
614 63 10 11 0.023648895 
759 56 9 10 0.023642005 
720 103 10 13 0.02361346 
605 28 10 12 0.023531524 
601 84 10 13 0.023486532 
54 168 11 13 0.023452708 
903 44 9 12 0.023442551 
185 11 9 11 0.023422003 
742 112 8 10 0.023413843 
201 73 9 11 0.023382848 
21 102 10 11 0.023362907 
847 72 9 11 0.023295304 
885 30 9 11 0.023278521 
904 109 10 13 0.02325984 
524 143 11 13 0.02324593 
797 134 10 12 0.023224732 
136 19 11 12 0.023221156 
849 90 18 23 0.023193635 
528 86 11 13 0.02317172 
588 135 20 25 0.023164263 
385 0 9 11 0.023156011 
134 86 9 11 0.02315256 
168 73 8 10 0.023117928 
161 160 9 11 0.023102378 
455 135 11 13 0.023077102 
936 22 9 12 0.023073936 
110 174 12 14 0.023058554 
751 103 8 10 0.023049423 
934 85 10 14 0.023034671 
548 40 10 12 0.02301267 
835 82 20 23 0.022984844 
303 62 9 11 0.022977842 
473 84 10 12 0.02297326 
705 123 17 21 0.022952586 
481 12 8 11 0.022913506 
905 196 11 15 0.022894757 
952 150 10 14 0.02287387 
820 214 24 37 0.022810055 
253 127 9 11 0.022775602 
904 54 18 22 0.022763578 
7 78 9 12 0.022751426 
622 1 9 10 0.0227102 
460 125 11 13 0.022708852 
370 163 13 16 0.022594793 
535 10 9 11 0.022554751 
313 26 11 13 0.02250849 
272 141 9 12 0.022502435 
933 47 10 12 0.022400293 
671 15 10 12 0.022370227 
527 6 9 11 0.02236258 
247 159 8 11 0.022355668 
790 78 9 11 0.022338081 
300 150 11 14 0.022320747 
41 61 9 12 0.022286892 
988 71 11 12 0.022268998 
308 5 10 12 0.022229528 
847 77 9 11 0.022186784 
400 133 20 23 0.02218187 
257 143 8 10 0.022177929 
311 102 9 11 0.02214822 
128 173 12 13 0.022100331 
863 93 9 12 0.022092989 
720 2 8 9 0.022061402 
841 61 7 10 0.022049071 
868 151 13 14 0.022030694 
554 559 47 51 0.021989565 
861 61 9 12 0.021984799 
79 7 9 11 0.021897646 
1015 212 8 12 0.021889353 
823 38 8 9 0.021859808 
272 2 9 10 0.021857603 
359 85 11 13 0.021833159 
509 92 9 11 0.021812394 
247 1 17 23 0.021735707 
877 102 11 13 0.021728016 
339 157 12 15 0.021720666 
573 70 8 10 0.021710644 
393 56 19 23 0.021645414 
1015 22 9 13 0.021638922 
583 116 13 15 0.021608168 
832 9 8 10 0.02159998 
991 215 8 10 0.021573475 
661 15 10 12 0.021552397 
175 12 9 11 0.02153753 
177 71 8 11 0.021516738 
217 7 9 11 0.021501696 
667 63 9 11 0.021480557 
133 94 9 11 0.021454848 
469 202 15 18 0.021447087 
637 77 9 11 0.021440813 
744 80 10 12 0.021406513 
382 228 50 66 0.021398854 
936 54 10 12 0.02138381 
921 41 16 22 0.021375937 
599 9 19 23 0.021370407 
0 202 9 15 0.021346731 
777 83 10 13 0.021343514 
887 163 10 13 0.021287749 
240 158 9 12 0.021275274 
871 124 12 15 0.021273704 
423 133 10 12 0.02124944 
428 161 12 15 0.02122895 
695 157 9 12 0.021213228 
207 167 9 12 0.02119127 
343 80 9 10 0.021175925 
64 78 9 11 0.02115991 
848 165 9 12 0.021137225 
577 2 9 10 0.021120578 
742 2 8 9 0.021105345 
249 77 18 24 0.02109407 
13 150 10 13 0.021079792 
655 148 11 13 0.021078188 
886 156 12 14 0.021070674 
764 96 19 23 0.021044236 
675 85 17 21 0.02103994 
905 7 9 10 0.021037554 
343 171 11 14 0.021016011 
160 118 18 24 0.021015823 
514 178 13 16 0.020972371 
35 151 10 13 0.020888643 
216 140 9 11 0.02088859 
750 150 9 11 0.02088367 
288 22 9 12 0.020876117 
669 30 11 13 0.020871447 
302 127 10 12 0.020843787 
774 155 9 11 0.020832194 
709 34 19 24 0.020830119 
540 181 12 14 0.020815548 
326 11 10 11 0.02079606 
24 17 9 10 0.020783829 
978 124 14 16 0.020763246 
371 171 11 14 0.020753901 
412 38 10 11 0.020744842 
192 129 7 9 0.020717882 
875 87 11 13 0.02069315 
939 157 12 13 0.020665715 
430 12 9 11 0.020645937 
718 116 10 12 0.020635279 
719 29 9 11 0.02061561 
70 77 9 12 0.020553071 
439 115 13 15 0.020552795 
174 23 8 9 0.020533282 
644 99 12 14 0.020532135 
471 39 9 11 0.020523025 
412 98 18 22 0.020497778 
96 45 9 10 0.020487836 
743 68 9 11 0.020480843 
95 110 9 11 0.020473802 
130 87 8 11 0.020468459 
937 60 10 12 0.020452518 
750 8 9 9 0.020433756 
886 0 9 8 0.020419708 
246 138 10 12 0.020393135 
969 135 11 14 0.020379344 
166 2 11 11 0.02037628 
400 102 9 13 0.020362819 
449 118 18 23 0.020345382 
13 28 9 12 0.02032714 
862 86 10 12 0.020319847 
809 48 7 10 0.02031908 
255 2 9 10 0.020301552 
412 132 12 15 0.020299025 
541 218 23 27 0.020298418 
430 85 8 11 0.020295903 
782 158 9 11 0.020272715 
1009 41 18 25 0.02025648 
412 113 11 14 0.020254321 
943 35 18 21 0.020243483 
334 134 10 12 0.020242753 
479 164 12 14 0.02022353 
880 12 8 11 0.020219643 
623 71 10 12 0.020206587 
198 140 9 11 0.020200778 
725 76 8 10 0.02020008 
736 2 9 9 0.020191038 
304 71 17 22 0.02019095 
39 181 10 12 0.020163126 
45 92 12 14 0.02015468 
513 313 17 19 0.020149715 
216 1 9 10 0.020132415 
880 164 10 12 0.020120664 
773 58 18 22 0.02011649 
767 71 8 11 0.02011351 
670 132 11 14 0.0201127 
841 183 9 12 0.02010031 
230 63 8 11 0.020087965 
518 144 13 15 0.020010276 
