47_Matador_Bullfighter_matadorbullfighting_47_354
20
920 425 18 22 0.082243286 
649 339 26 36 0.068919905 
283 288 47 41 0.06525826 
664 389 50 83 0.04469402 
19 287 360 476 0.040839847 
269 262 73 60 0.035724632 
792 384 58 99 0.0354856 
152 224 393 410 0.034750436 
241 257 68 62 0.033168573 
484 292 381 473 0.03250974 
624 369 26 29 0.03227334 
280 358 245 233 0.025200995 
245 281 118 103 0.024578461 
665 323 84 126 0.024231082 
909 447 10 12 0.024196304 
772 494 37 40 0.023867983 
898 419 17 23 0.021536157 
292 245 431 471 0.021349514 
672 329 51 79 0.021347528 
646 378 88 133 0.021270644 
