7_Cheering_Cheering_7_426
123
308 1007 64 75 0.99564254 
855 1183 39 48 0.9757 
498 1016 56 70 0.567487 
772 1134 27 37 0.4145282 
3 1328 47 56 0.40598217 
586 1051 59 63 0.40386194 
856 321 25 30 0.1861655 
556 1037 74 72 0.1664332 
379 510 28 36 0.13761662 
915 1194 17 26 0.13693565 
570 1328 47 60 0.13114052 
70 1084 45 60 0.1275236 
886 1104 10 13 0.1088136 
88 1343 43 45 0.10064436 
454 162 47 54 0.09773363 
25 1325 48 55 0.09683847 
372 359 41 70 0.09368556 
613 866 56 54 0.09227358 
873 1131 11 15 0.08706427 
757 116 8 11 0.08137969 
524 1024 71 75 0.07733079 
3 989 15 20 0.069763914 
892 344 15 20 0.06609507 
608 1037 58 72 0.06543909 
722 102 8 9 0.064643465 
304 1317 36 48 0.06420605 
57 1275 64 59 0.06306548 
409 511 24 33 0.062587015 
977 1091 12 17 0.05636666 
415 465 21 28 0.05631508 
722 96 9 10 0.056118455 
329 1330 42 52 0.05592565 
241 1229 10 13 0.055286065 
705 100 9 12 0.055267587 
788 1204 28 42 0.055184096 
821 1101 11 14 0.05296742 
791 1031 9 12 0.05177217 
421 464 10 13 0.051407605 
746 1211 24 37 0.048998237 
44 1081 48 63 0.048402354 
724 1172 24 33 0.048375882 
520 1040 45 45 0.048166208 
806 1061 10 13 0.047612254 
316 78 11 13 0.04683145 
347 1355 37 37 0.046825055 
914 1151 15 21 0.044452917 
356 1013 56 66 0.04425426 
789 1049 11 15 0.04302452 
693 1252 37 45 0.042543877 
389 332 74 117 0.04134437 
599 1328 55 62 0.040370286 
30 1268 71 53 0.039788764 
369 1354 27 37 0.039352577 
37 1022 10 12 0.038625695 
470 1011 73 102 0.03730488 
804 1206 22 38 0.036852125 
699 269 12 15 0.036684893 
754 43 10 14 0.036625788 
3 991 22 31 0.035706844 
135 1130 43 45 0.035204656 
839 133 12 14 0.034315217 
626 21 8 11 0.033752896 
315 71 11 13 0.033176765 
258 1242 12 15 0.03288488 
765 1139 41 55 0.032859802 
79 1357 39 36 0.032763958 
444 118 11 13 0.030536704 
160 1024 10 13 0.029784007 
372 888 63 70 0.029289022 
718 111 9 10 0.02854496 
861 360 13 16 0.02854044 
633 152 7 9 0.028445853 
154 1042 15 20 0.028281376 
397 865 14 15 0.027775826 
775 124 14 17 0.027704896 
512 917 39 54 0.027590439 
154 1140 14 15 0.027528428 
171 85 54 67 0.026831012 
894 151 8 11 0.026526043 
259 1024 45 65 0.026345113 
914 149 10 12 0.026296768 
638 116 8 9 0.026041593 
-1 977 35 53 0.026004804 
396 31 16 19 0.025956612 
710 97 8 10 0.025882509 
39 1305 54 61 0.025592752 
307 17 123 146 0.025429402 
754 113 8 11 0.025350979 
718 117 8 10 0.02528763 
699 323 11 16 0.02521842 
331 303 101 141 0.024444204 
920 116 9 13 0.02409999 
778 1208 26 37 0.023668233 
426 1340 47 55 0.023654416 
722 89 7 9 0.023439549 
319 1040 61 73 0.023288442 
389 502 46 65 0.023113715 
532 930 28 37 0.022965224 
163 1026 13 16 0.022963276 
76 1305 54 62 0.022930069 
771 1179 41 61 0.022873947 
800 1059 12 15 0.022812195 
452 975 77 112 0.02276855 
764 1207 28 39 0.02257739 
876 1137 11 15 0.022397688 
164 84 12 15 0.021959512 
876 1125 14 20 0.02185363 
796 1038 10 12 0.02182588 
815 1106 12 14 0.021793092 
491 452 11 14 0.021765584 
194 97 29 35 0.021670766 
884 1128 13 17 0.021473406 
883 1113 13 17 0.021353217 
282 996 55 70 0.021259975 
918 1134 10 13 0.02069928 
710 261 11 13 0.020659165 
882 1107 12 16 0.020587182 
627 882 55 63 0.020390028 
781 120 9 12 0.020389155 
127 69 89 106 0.020276789 
739 234 11 14 0.020266948 
695 87 8 9 0.020167997 
711 180 8 10 0.020074546 
