7_Cheering_Cheering_7_870
27
890 200 54 70 0.9988493 
232 255 34 43 0.9969433 
646 221 50 62 0.9938257 
380 203 38 52 0.9917515 
108 229 36 46 0.98524797 
136 231 27 32 0.2463907 
309 140 16 19 0.1120817 
591 293 29 38 0.04529747 
791 247 10 12 0.03860897 
639 268 12 17 0.03389075 
480 394 12 18 0.0316332 
600 280 10 11 0.031412482 
589 279 9 12 0.030167133 
301 144 17 19 0.02992473 
145 228 18 22 0.028454134 
591 295 12 13 0.025699453 
883 199 28 39 0.025017004 
697 477 64 79 0.02490648 
171 135 14 18 0.024654241 
604 283 10 12 0.024498878 
120 226 35 38 0.024307067 
941 217 18 25 0.023337834 
595 303 18 23 0.022885522 
831 252 12 16 0.022046668 
637 258 26 34 0.021761244 
798 245 9 12 0.02102242 
259 265 16 21 0.020140303 
