7_Cheering_Cheering_7_655
153
383 767 243 351 0.99983037 
43 1353 13 17 0.28977522 
103 1285 14 17 0.28503457 
29 1333 14 18 0.24433604 
868 1369 13 16 0.22746105 
933 1496 15 19 0.19517246 
66 1299 13 16 0.18410632 
12 1346 13 18 0.16947895 
27 1296 14 17 0.16401535 
994 1433 13 18 0.1339126 
977 1307 10 14 0.13328628 
451 633 61 72 0.13238122 
920 1228 10 14 0.13090484 
960 1366 13 16 0.1199007 
990 1304 11 12 0.116586216 
982 1279 12 16 0.1151332 
924 1386 13 15 0.114996575 
936 1491 16 19 0.10282639 
82 1494 14 19 0.09920504 
919 1332 12 15 0.0979645 
990 1260 10 12 0.09224793 
957 1417 16 19 0.08884802 
987 1230 11 13 0.0857507 
883 1309 11 14 0.084373005 
934 1512 16 20 0.081732765 
934 1419 12 16 0.081631586 
119 1388 14 18 0.07693619 
-2 1066 58 99 0.076694995 
877 1399 14 16 0.07557938 
24 11 24 29 0.073383145 
970 1445 21 28 0.07252704 
934 1377 12 16 0.07011688 
951 1269 10 13 0.06957421 
920 1475 13 16 0.067810446 
108 1280 14 17 0.06446982 
963 1411 16 20 0.063639 
55 1308 14 16 0.062917955 
952 1297 11 15 0.062217515 
440 582 102 137 0.061627723 
830 1391 12 14 0.060527436 
93 1346 16 21 0.060201418 
919 1307 10 12 0.05987402 
75 1414 15 20 0.058863204 
0 1455 14 23 0.058453295 
413 518 185 272 0.058431815 
843 1310 11 14 0.05564908 
860 1402 12 16 0.055536624 
23 1417 13 17 0.0538912 
545 43 15 19 0.05338104 
896 1264 8 10 0.051907018 
168 1375 13 16 0.05141323 
903 1355 11 14 0.050161276 
467 466 199 257 0.049266536 
984 1234 12 13 0.04864888 
942 1334 12 15 0.048592284 
949 1228 11 13 0.04828135 
20 1337 15 18 0.048100777 
0 1299 10 15 0.048079375 
143 1287 12 14 0.04733365 
935 1121 10 12 0.046267085 
955 1462 15 18 0.045126602 
1007 1333 14 17 0.044633735 
6 1367 16 21 0.04445423 
982 1304 13 15 0.04435598 
545 20 62 66 0.043625996 
843 1330 13 17 0.041915335 
925 1393 14 16 0.04172922 
882 1489 17 20 0.041416988 
63 1295 13 15 0.040510535 
919 1444 13 16 0.03989998 
885 1315 12 14 0.039179746 
32 1483 22 28 0.03845584 
988 1373 11 14 0.03649306 
957 1275 10 13 0.036362074 
939 1373 11 16 0.03635148 
987 1280 13 16 0.035982918 
-1 1387 9 16 0.03588995 
872 1394 14 19 0.035639986 
36 1436 15 18 0.03457563 
133 1375 16 20 0.034310896 
985 1260 10 12 0.034135703 
76 1503 16 18 0.033712637 
583 392 131 102 0.033612408 
855 1404 12 15 0.032963235 
551 34 29 34 0.032415118 
952 1265 9 11 0.031649984 
44 1285 12 15 0.031384617 
49 1346 13 17 0.030971881 
93 1338 14 18 0.030775342 
159 1353 15 18 0.030689925 
103 1279 12 16 0.030665977 
667 1042 45 63 0.030532034 
876 1234 12 14 0.03032204 
1006 1374 15 20 0.029958196 
996 1516 17 19 0.029849485 
178 1479 62 62 0.029385448 
912 1332 13 15 0.029103596 
955 1374 16 19 0.02855042 
18 1506 15 18 0.028285543 
138 1485 17 20 0.02828241 
974 1347 13 16 0.027765526 
904 1428 11 15 0.02764722 
344 1045 403 493 0.02707164 
981 1346 14 18 0.026863292 
959 934 12 16 0.026659697 
127 1349 13 18 0.026404727 
19 1402 15 19 0.02634706 
988 1347 13 17 0.025931774 
92 1321 13 16 0.025870865 
813 1318 11 13 0.025763474 
879 1498 14 19 0.025603311 
835 1388 11 15 0.025378624 
977 1279 11 14 0.025280349 
921 1382 12 15 0.025226902 
120 1457 16 22 0.024919443 
994 1478 22 32 0.024804734 
1000 1223 11 13 0.024696141 
819 1372 12 16 0.024651753 
20 1324 14 17 0.024211759 
986 1393 14 18 0.0240165 
933 1331 14 17 0.023259599 
38 1278 11 14 0.023241628 
526 0 127 142 0.023127224 
138 1371 15 19 0.023091689 
901 1510 11 14 0.023091221 
876 1452 14 17 0.022970436 
879 1486 12 15 0.022951234 
93 1332 12 17 0.022897627 
945 1470 24 29 0.022495572 
134 1396 12 15 0.02231462 
892 1319 11 13 0.02218893 
133 1324 13 17 0.022038477 
145 79 117 167 0.021946058 
877 1346 14 17 0.021879563 
887 1478 13 16 0.021781508 
935 1339 12 14 0.021655448 
880 1304 11 15 0.021410212 
141 1317 12 16 0.021394754 
1012 1220 10 15 0.021379648 
930 1322 14 17 0.021344488 
951 1372 13 16 0.021248125 
720 150 207 267 0.021107275 
55 1286 11 14 0.021052584 
899 1516 13 14 0.020983255 
85 1488 14 17 0.020980129 
926 1412 14 18 0.020792466 
974 1254 11 14 0.020790573 
16 1395 14 16 0.02058145 
989 1518 15 17 0.020513436 
948 1437 13 16 0.020456742 
987 1493 17 22 0.020309808 
18 1407 21 26 0.020188699 
880 1310 22 27 0.020096118 
