7_Cheering_Cheering_7_404
39
473 211 31 34 0.99902 
304 352 37 43 0.9977494 
584 339 40 49 0.9837569 
131 469 22 27 0.91142756 
719 461 23 27 0.87605274 
784 108 145 170 0.55699646 
481 607 79 66 0.26776475 
393 619 38 34 0.18493123 
507 612 44 39 0.09973834 
405 616 66 53 0.08801665 
598 634 42 64 0.08451099 
753 648 9 13 0.07823898 
39 154 99 122 0.065441184 
127 478 22 30 0.04080451 
432 614 78 66 0.039577313 
344 561 49 61 0.03905773 
427 511 15 22 0.037109155 
469 581 65 67 0.035411723 
294 683 22 29 0.0343884 
385 626 31 33 0.033292297 
709 452 39 51 0.033146225 
424 565 109 102 0.032462995 
656 299 44 64 0.030708045 
285 701 12 17 0.029942542 
614 623 39 67 0.029698307 
530 620 36 34 0.029586917 
622 607 15 24 0.02872981 
421 492 28 46 0.027964544 
467 554 17 22 0.024184199 
267 315 43 57 0.02366883 
36 459 13 18 0.022912968 
288 655 31 38 0.021870617 
439 552 32 38 0.02155129 
734 712 45 57 0.021549053 
515 601 93 102 0.021308213 
163 405 27 33 0.020920256 
288 328 47 58 0.020884488 
299 674 24 29 0.020881822 
311 715 14 17 0.020134103 
