7_Cheering_Cheering_7_386
212
763 291 33 41 0.9866844 
210 547 49 55 0.98079896 
765 434 33 42 0.968098 
800 511 45 78 0.8645194 
53 506 53 84 0.83036625 
391 401 15 19 0.6946544 
286 401 17 21 0.6659013 
220 427 16 21 0.43129474 
301 431 25 28 0.38029197 
795 483 49 72 0.27372268 
663 440 27 33 0.26100558 
909 376 28 32 0.25337473 
355 430 18 24 0.22837642 
411 404 13 19 0.20101571 
80 326 96 134 0.18098451 
415 439 20 27 0.18055627 
558 467 37 47 0.17373805 
217 456 27 33 0.1601452 
331 454 23 29 0.14753076 
42 512 83 126 0.11907239 
984 344 28 31 0.11307521 
885 550 47 67 0.10370842 
871 380 26 30 0.09934575 
306 407 16 20 0.09493866 
813 391 25 32 0.094847 
884 396 22 29 0.09205523 
396 379 11 14 0.08463217 
971 342 26 35 0.08374804 
384 401 14 19 0.08325441 
682 332 18 24 0.080112904 
329 395 15 19 0.08000442 
894 397 24 31 0.078603104 
228 422 24 27 0.078115344 
0 483 43 67 0.07758029 
341 454 23 30 0.075961575 
679 397 48 64 0.075388886 
566 489 114 150 0.075171575 
475 389 13 16 0.074384674 
32 354 83 118 0.07224949 
993 370 23 30 0.0711032 
10 383 15 19 0.07003034 
357 393 17 19 0.06993195 
243 376 14 18 0.06687741 
188 401 13 16 0.064891644 
812 404 30 38 0.064029045 
363 386 15 19 0.06378258 
41 537 35 49 0.06337766 
533 409 14 18 0.061957713 
434 424 16 21 0.06187568 
461 435 18 23 0.061443668 
875 350 18 21 0.061405856 
365 356 13 14 0.06101901 
333 553 60 70 0.059771806 
10 526 126 217 0.058032405 
155 356 14 17 0.055768106 
413 399 12 16 0.05576564 
1014 402 9 16 0.05341683 
525 424 15 19 0.05250438 
445 393 14 17 0.052039932 
71 370 57 83 0.049935896 
762 410 52 67 0.049856156 
496 362 12 13 0.049821045 
965 408 14 18 0.049028594 
546 451 29 34 0.04831509 
366 379 15 18 0.048183013 
154 704 60 60 0.044989426 
432 452 23 34 0.04380161 
437 415 13 15 0.043352243 
363 405 15 18 0.042238407 
907 390 18 23 0.04151108 
356 446 27 31 0.04121572 
487 532 32 51 0.041062575 
581 394 17 22 0.041017387 
824 383 25 31 0.04020703 
16 493 50 75 0.03980459 
884 383 25 31 0.03883526 
249 469 27 33 0.03787682 
371 435 16 20 0.037818268 
39 403 50 81 0.037727054 
303 414 26 29 0.037404627 
899 366 13 15 0.037171993 
565 420 15 19 0.036248364 
169 -13 428 492 0.0359732 
850 536 79 95 0.035170242 
400 442 27 31 0.03364603 
570 392 25 32 0.033306453 
529 417 16 21 0.03312812 
469 392 23 30 0.03293501 
991 353 27 35 0.032842632 
381 530 52 63 0.032773383 
424 428 21 28 0.032750007 
906 398 17 25 0.032564815 
768 338 37 38 0.032168888 
482 386 14 17 0.031260483 
257 426 16 22 0.031121453 
315 568 55 61 0.031111753 
5 378 22 31 0.030970015 
701 341 12 16 0.030958466 
543 391 10 14 0.030918596 
215 430 28 35 0.030481573 
63 445 25 37 0.03004351 
453 438 22 30 0.02982933 
413 385 10 11 0.029627942 
204 539 78 89 0.029570354 
398 526 38 43 0.029408924 
285 392 44 55 0.029303426 
860 434 28 35 0.029254057 
444 379 16 18 0.029038977 
397 386 13 16 0.028645929 
789 487 30 44 0.028546704 
441 453 27 36 0.02844896 
511 363 13 15 0.028367188 
371 383 15 19 0.028282551 
184 428 28 38 0.028207568 
346 370 15 19 0.02807356 
874 400 24 30 0.027983604 
425 334 10 12 0.02754538 
407 387 11 14 0.027506612 
558 369 15 21 0.027470855 
484 375 12 15 0.02743365 
518 423 26 31 0.027281195 
937 407 23 28 0.02700818 
139 346 59 91 0.026894825 
491 400 17 23 0.026746942 
317 403 14 19 0.026609277 
3 477 31 38 0.026335342 
392 375 11 14 0.026211133 
490 381 24 29 0.026192142 
201 424 27 35 0.026137795 
16 417 53 82 0.026031878 
672 401 26 33 0.026019832 
377 380 14 16 0.025997726 
594 425 17 20 0.025963837 
865 391 26 34 0.025845112 
361 540 58 72 0.025654428 
93 394 98 140 0.025452347 
524 405 23 30 0.02536311 
673 431 28 36 0.025250731 
363 416 16 19 0.024781272 
975 358 30 37 0.024744496 
708 403 51 75 0.024448326 
619 401 27 32 0.024418313 
858 412 28 33 0.024396474 
1003 398 21 33 0.024153864 
868 437 16 20 0.024128279 
872 418 16 20 0.023843007 
902 386 15 19 0.023684828 
690 397 29 41 0.023674766 
539 352 14 19 0.023463748 
819 524 77 94 0.02327695 
621 333 14 15 0.023200966 
362 457 30 35 0.02319796 
828 412 25 32 0.023197064 
428 19 386 451 0.02304121 
435 425 24 32 0.023008509 
1000 414 22 39 0.022992125 
374 394 13 16 0.022985939 
681 395 24 33 0.022970274 
581 370 13 17 0.022900933 
418 390 12 14 0.022868602 
754 345 31 37 0.022839613 
479 381 12 17 0.022644792 
999 310 20 28 0.022509228 
769 446 51 74 0.022497216 
316 444 40 51 0.022464719 
293 418 44 57 0.022407375 
357 420 14 18 0.022383718 
480 394 24 31 0.022352966 
118 454 50 71 0.022314673 
674 382 77 109 0.022289118 
-8 181 89 159 0.022076523 
581 474 39 43 0.022009771 
369 409 15 19 0.02199848 
501 386 16 19 0.021989351 
458 389 22 29 0.021981617 
306 437 29 34 0.02197057 
469 407 14 19 0.021937858 
123 468 14 19 0.021926586 
478 382 23 28 0.021827307 
957 339 14 18 0.02181766 
857 381 28 32 0.021741811 
848 391 26 33 0.02173895 
819 403 42 52 0.021624975 
563 365 13 17 0.021585073 
68 387 17 20 0.02148714 
237 461 30 35 0.021474674 
989 429 27 46 0.021460822 
950 322 38 51 0.021381766 
533 400 22 31 0.021257747 
962 332 22 32 0.021095984 
-2 361 87 126 0.02106998 
374 381 22 27 0.021031288 
456 452 25 32 0.021031238 
387 386 23 26 0.021025892 
846 415 32 42 0.0210057 
510 489 29 37 0.021003284 
370 354 14 16 0.020945381 
541 355 24 33 0.020938322 
537 335 10 12 0.020929217 
892 386 14 19 0.020896036 
281 584 52 64 0.020815216 
477 372 12 16 0.02064977 
526 507 91 129 0.020452958 
542 402 24 30 0.020449251 
378 459 31 33 0.02039745 
378 387 13 16 0.020322453 
377 440 15 19 0.020321965 
589 425 164 229 0.020239221 
475 405 16 22 0.020219 
384 322 11 13 0.020097693 
317 404 23 29 0.020061202 
424 447 17 23 0.020018473 
