7_Cheering_Cheering_7_427
53
471 86 62 74 0.9991818 
123 77 64 82 0.99850345 
830 75 70 83 0.99657506 
412 501 11 13 0.1571463 
430 502 9 12 0.07952526 
751 494 11 14 0.07864325 
918 521 12 16 0.06892511 
757 496 10 13 0.06181784 
378 478 13 15 0.059695873 
435 486 11 13 0.058796346 
438 519 12 15 0.057059754 
417 485 10 12 0.05678759 
936 534 9 12 0.052836858 
433 491 10 13 0.04965003 
422 502 10 13 0.04805905 
393 462 9 11 0.047198404 
389 493 11 14 0.040789783 
432 520 11 13 0.0399012 
850 487 8 10 0.03745953 
408 505 11 15 0.036572315 
261 154 15 20 0.03553072 
394 468 9 12 0.03519724 
789 495 9 11 0.03452192 
444 467 10 12 0.033357944 
620 501 11 12 0.03278241 
766 477 9 12 0.032020535 
824 462 8 11 0.031427015 
390 487 12 14 0.030100726 
407 471 10 12 0.030039445 
463 455 42 58 0.029677574 
486 431 10 12 0.02923996 
888 493 9 10 0.028970528 
855 493 9 11 0.028600482 
913 486 8 9 0.028307922 
959 500 9 13 0.026962103 
424 520 9 12 0.025455458 
431 429 9 12 0.025309434 
435 390 9 12 0.024940979 
399 471 9 11 0.024831444 
802 503 9 11 0.02403118 
415 407 9 11 0.023491919 
864 503 7 10 0.023090303 
871 486 8 11 0.02266622 
918 486 8 9 0.022367744 
413 413 10 11 0.022014288 
853 487 9 12 0.021953454 
877 503 9 11 0.021921484 
257 175 17 23 0.021744201 
45 756 12 11 0.021097364 
413 462 9 10 0.020881427 
444 408 9 12 0.020775747 
407 491 20 26 0.020465255 
449 392 8 10 0.020440552 
