7_Cheering_Cheering_7_835
18
345 182 306 405 0.9987105 
368 1123 506 406 0.80592 
412 834 352 509 0.64780545 
20 407 381 514 0.3099095 
715 724 209 325 0.19933376 
-3 46 101 177 0.07085629 
388 766 249 409 0.061580177 
-42 1071 382 490 0.05675781 
585 790 335 498 0.04644515 
103 278 367 478 0.03267752 
675 682 350 489 0.031779192 
62 431 63 94 0.028056169 
403 1148 279 284 0.025801025 
188 70 317 454 0.025067206 
631 -50 367 475 0.024192262 
46 386 112 139 0.021825356 
26 5 209 259 0.021264853 
115 1064 395 531 0.021150846 
