7_Cheering_Cheering_7_536
91
329 306 26 33 0.98110896 
515 332 39 67 0.94862926 
246 232 26 31 0.8969976 
333 259 27 33 0.8715357 
206 224 26 33 0.85116565 
931 290 41 44 0.7956539 
1 217 29 41 0.6878117 
0 343 19 32 0.6776223 
214 261 31 34 0.6041794 
176 255 28 32 0.59130055 
625 245 64 79 0.5360126 
999 239 24 41 0.515823 
895 243 29 33 0.47562057 
98 240 28 30 0.42090154 
254 310 28 39 0.39590257 
134 247 29 35 0.36073238 
876 265 26 32 0.30065313 
315 229 24 28 0.24416743 
645 260 39 47 0.1973421 
848 281 31 39 0.18898246 
-2 276 25 33 0.16986796 
726 281 64 102 0.16927932 
507 256 41 48 0.16828205 
43 216 30 33 0.14494379 
135 233 27 32 0.12555164 
126 332 27 30 0.114844784 
199 235 37 47 0.11306789 
266 253 24 28 0.08990058 
460 272 25 28 0.08473685 
356 239 22 26 0.08036292 
400 243 25 28 0.073234685 
603 248 54 68 0.06900567 
997 396 26 37 0.06784543 
433 248 26 29 0.056802943 
895 258 47 55 0.053871445 
1013 346 12 19 0.052436266 
190 245 30 36 0.050640974 
345 247 25 31 0.049069203 
880 244 46 52 0.046876267 
974 475 42 55 0.046850923 
87 355 28 34 0.046520416 
17 208 40 51 0.045578122 
525 268 31 37 0.044891678 
49 228 32 35 0.043343153 
598 282 34 45 0.043266203 
862 43 168 259 0.042707544 
23 294 25 31 0.03951452 
271 577 46 53 0.03591633 
995 415 32 42 0.03525816 
680 256 84 106 0.03522178 
315 222 19 22 0.034570314 
325 250 28 34 0.03383362 
828 125 11 13 0.033163622 
8 284 28 37 0.03231365 
33 224 33 36 0.03071234 
581 328 38 60 0.028453138 
852 265 43 51 0.02810815 
188 538 45 56 0.027438724 
121 307 41 45 0.026441744 
180 632 12 14 0.026421864 
531 335 46 68 0.02634525 
825 120 9 12 0.026151307 
62 237 28 32 0.025391616 
413 247 27 31 0.024992 
372 270 26 28 0.024984652 
652 237 85 105 0.024756406 
364 241 26 30 0.02473403 
205 647 9 11 0.02466863 
513 488 36 45 0.024033027 
609 252 26 34 0.02399357 
120 285 43 49 0.023961067 
129 330 41 47 0.022850327 
565 338 42 65 0.022726666 
564 256 26 33 0.022576366 
258 261 27 33 0.022166232 
729 225 37 41 0.021892022 
589 295 32 41 0.021856917 
248 274 44 56 0.021797257 
79 315 26 31 0.021623155 
382 244 27 29 0.021560702 
232 264 29 35 0.021008307 
718 286 105 152 0.020999448 
143 288 43 48 0.02091902 
539 279 28 33 0.020913087 
77 280 28 33 0.02075696 
501 268 30 34 0.020692136 
553 488 32 42 0.02061179 
81 391 131 162 0.020573435 
119 249 30 34 0.020393163 
605 185 99 134 0.020234719 
189 535 22 35 0.020168325 
