7_Cheering_Cheering_7_469
53
579 338 86 102 0.991091 
902 648 42 54 0.97556657 
289 706 24 29 0.87645173 
996 588 28 58 0.8639573 
151 776 15 21 0.37782404 
739 676 29 32 0.14354011 
992 1144 33 43 0.14195499 
365 592 59 67 0.13998179 
0 907 77 141 0.12951133 
264 803 16 20 0.12656125 
765 728 55 48 0.124335706 
890 661 36 51 0.10547357 
961 591 27 36 0.096322335 
488 486 27 32 0.0911884 
990 943 36 89 0.09078464 
908 191 15 18 0.07588102 
232 293 26 32 0.07301506 
880 672 29 42 0.07074519 
74 715 14 19 0.06989202 
710 288 24 32 0.062226545 
495 493 35 37 0.061622888 
222 770 16 20 0.06151186 
263 763 16 20 0.05659901 
964 595 36 55 0.05120063 
966 1141 51 50 0.050309107 
953 1213 44 43 0.047182247 
368 602 37 42 0.046871964 
36 612 16 20 0.04624538 
238 258 215 264 0.045234654 
184 815 24 28 0.04477628 
220 814 17 20 0.044536583 
139 823 21 27 0.041455235 
179 306 18 21 0.039712913 
677 1025 51 61 0.038547974 
832 669 26 40 0.037691526 
838 194 13 16 0.037583146 
819 627 23 31 0.03670187 
121 882 17 21 0.034074444 
225 776 17 22 0.033270523 
782 725 37 32 0.032391734 
308 299 45 55 0.029837154 
3 683 16 23 0.02843751 
212 778 25 30 0.025359971 
466 737 41 44 0.022567866 
214 798 26 29 0.022261795 
173 805 24 30 0.021965653 
747 717 87 82 0.021923438 
40 616 17 20 0.021288961 
228 295 19 23 0.020829616 
60 709 27 31 0.020662421 
934 601 43 53 0.020170163 
924 608 19 21 0.020120816 
460 930 28 32 0.020063542 
