7_Cheering_Cheering_7_558
185
445 677 151 179 0.9994192 
658 528 162 191 0.9983907 
606 274 15 21 0.21565348 
1 771 16 21 0.17796306 
820 152 15 22 0.15644634 
928 20 30 34 0.15052597 
1011 956 12 19 0.14960063 
646 257 17 23 0.11483176 
100 727 12 14 0.11314025 
998 965 26 44 0.10302562 
350 728 52 74 0.09940286 
677 253 15 21 0.09620278 
580 306 15 18 0.095419735 
54 717 11 12 0.09434117 
811 35 28 34 0.093559325 
514 139 12 14 0.0844425 
788 413 100 123 0.08385056 
360 712 81 118 0.082488604 
120 803 14 18 0.082392424 
53 829 28 37 0.07738049 
206 771 438 504 0.07621833 
588 307 17 19 0.07283507 
812 79 39 52 0.068930894 
274 731 19 19 0.06602345 
43 816 28 35 0.0654074 
857 457 33 39 0.06314105 
74 436 14 15 0.062241264 
416 -9 431 519 0.06007335 
3 879 26 35 0.059992522 
794 29 31 37 0.058191136 
580 309 25 31 0.058161024 
609 303 24 26 0.05668717 
628 392 17 21 0.055854887 
593 304 22 26 0.055748925 
38 719 11 14 0.05369843 
1005 52 16 26 0.05343049 
46 -27 405 473 0.051564556 
604 303 16 21 0.048560314 
56 709 12 15 0.046908967 
344 695 22 30 0.04687863 
619 312 18 20 0.04548034 
816 473 64 94 0.045155674 
189 405 9 11 0.04318874 
132 437 10 13 0.041132957 
484 149 13 15 0.040633846 
608 274 24 26 0.040606607 
692 0 32 31 0.038851272 
52 740 12 17 0.038408738 
788 22 26 33 0.03792528 
47 719 10 12 0.03658354 
146 447 9 12 0.036231786 
17 132 25 29 0.036094684 
457 523 57 57 0.03608912 
998 952 25 33 0.035703514 
764 177 26 31 0.035345472 
944 679 23 27 0.03528713 
45 820 16 21 0.03494164 
21 697 15 19 0.03494099 
329 729 26 33 0.03485625 
251 718 41 46 0.034561418 
256 764 57 71 0.03452189 
115 406 11 13 0.033962063 
0 619 25 37 0.03395898 
893 137 22 26 0.033381827 
341 713 27 36 0.03301935 
315 805 14 18 0.033005558 
365 741 13 18 0.032905612 
128 444 10 13 0.032304376 
728 41 32 39 0.032114472 
63 759 11 14 0.031872757 
235 695 17 20 0.031811725 
4 725 14 17 0.03133384 
128 418 12 15 0.03121033 
715 277 27 28 0.030689767 
875 120 15 18 0.03054896 
657 300 17 20 0.03032261 
946 527 31 36 0.030176733 
183 438 10 13 0.029938221 
529 313 16 22 0.029937746 
610 286 18 22 0.029848296 
660 312 13 16 0.02983287 
844 437 51 67 0.029703496 
1009 909 14 22 0.029688857 
53 735 12 15 0.029655874 
-39 252 407 446 0.029627813 
601 183 25 29 0.029459521 
526 148 13 17 0.029446844 
273 735 24 28 0.028818445 
151 452 10 14 0.028553408 
849 462 49 74 0.02853866 
977 1323 51 54 0.028519517 
19 817 23 32 0.028385896 
683 203 12 16 0.028225776 
0 852 13 21 0.028221603 
21 528 449 487 0.027976764 
980 564 24 26 0.027970292 
640 313 17 20 0.027900172 
88 758 11 13 0.027823264 
89 348 10 12 0.02755473 
6 559 12 16 0.027537217 
134 799 11 14 0.027236046 
70 787 25 34 0.027034082 
111 799 22 27 0.026901541 
1 436 9 13 0.02687373 
281 738 14 16 0.026501244 
118 520 8 9 0.026422778 
76 813 26 36 0.026309505 
335 -63 366 392 0.026182143 
331 745 16 22 0.026116278 
84 730 14 18 0.026066024 
721 -1 35 31 0.026054144 
104 1091 174 229 0.026018456 
600 273 15 19 0.025989272 
110 504 10 12 0.025948972 
999 955 15 19 0.025837343 
524 299 12 17 0.025742833 
115 787 12 13 0.025486736 
388 710 109 132 0.02519415 
4 737 15 20 0.025148114 
83 725 13 15 0.025124418 
588 373 16 22 0.0251209 
851 141 24 29 0.024988443 
135 518 9 12 0.024856322 
9 810 25 33 0.024840076 
868 452 16 24 0.024703922 
352 693 27 37 0.02469011 
696 206 10 12 0.024670552 
707 304 14 16 0.0246594 
0 776 22 36 0.024594927 
141 470 10 12 0.024463855 
955 883 19 23 0.024282603 
257 739 16 18 0.024249062 
165 425 12 15 0.024231967 
348 724 14 20 0.024054194 
802 76 32 41 0.023998592 
13 706 12 14 0.023658086 
118 421 11 13 0.023642601 
65 845 18 22 0.023543559 
129 733 14 16 0.023432458 
348 731 29 38 0.023307359 
316 741 14 17 0.023250347 
826 40 15 20 0.022904899 
601 267 11 16 0.022682024 
109 423 11 11 0.022653386 
95 725 19 23 0.022420717 
358 738 14 20 0.022329042 
13 729 15 19 0.022327596 
283 747 15 19 0.022172399 
994 519 16 20 0.021949995 
652 305 17 21 0.021874586 
335 738 29 38 0.021818789 
594 368 15 22 0.021815233 
101 812 15 19 0.021689141 
140 461 10 12 0.021626431 
20 591 23 30 0.021588419 
144 400 9 10 0.021386795 
120 446 9 12 0.021372618 
699 303 15 18 0.021310879 
134 791 9 11 0.021298278 
72 357 10 12 0.021287784 
1007 890 14 19 0.02122006 
796 11 15 19 0.021218725 
1004 1155 14 22 0.02116371 
175 846 12 14 0.021103697 
862 462 14 20 0.021053813 
303 693 25 29 0.020907126 
144 406 9 10 0.0208884 
127 782 9 11 0.020799002 
708 201 23 28 0.020773103 
183 432 11 12 0.020758485 
604 118 14 17 0.020730114 
4 799 24 35 0.020593394 
776 185 14 17 0.020583509 
31 373 13 17 0.020440875 
898 100 25 32 0.020422515 
767 51 13 16 0.020245505 
356 55 28 29 0.020206356 
0 101 10 14 0.020190548 
186 400 8 10 0.02018987 
658 283 26 26 0.020180553 
278 765 37 43 0.020159923 
594 285 25 30 0.02014813 
735 114 13 14 0.020083515 
161 713 11 12 0.020043092 
564 363 14 19 0.020036122 
