30_Surgeons_Surgeons_30_256
21
321 440 142 154 0.9918177 
430 45 121 116 0.98785174 
658 470 143 140 0.8713036 
688 194 146 128 0.3882855 
343 292 133 134 0.2721159 
266 259 188 138 0.11472741 
666 127 208 235 0.094517365 
328 264 197 255 0.06647265 
255 238 131 99 0.05706724 
785 119 58 58 0.042873234 
766 107 92 108 0.03994434 
507 204 72 71 0.03873362 
596 99 432 427 0.029415777 
722 206 27 36 0.027564423 
387 80 385 412 0.0260581 
697 226 86 70 0.025803318 
19 36 175 182 0.025757762 
681 491 87 84 0.022144493 
387 319 82 85 0.020897346 
467 384 66 73 0.02063288 
31 10 114 121 0.020302555 
