30_Surgeons_Surgeons_30_8
18
703 137 60 75 0.9995005 
589 188 63 78 0.99928397 
303 183 60 78 0.999035 
411 171 69 92 0.99517524 
893 336 29 38 0.06749465 
89 335 7 8 0.038811177 
1011 580 14 23 0.037324283 
470 135 103 103 0.032015566 
908 348 14 18 0.028702758 
965 390 11 13 0.026555581 
976 344 7 10 0.024646899 
284 451 51 52 0.02453703 
374 547 54 55 0.024093458 
494 225 14 16 0.023438733 
976 326 8 11 0.022308202 
445 108 94 113 0.022115145 
568 449 10 13 0.022042459 
997 404 12 17 0.020603763 
