30_Surgeons_Surgeons_30_115
25
315 278 63 79 0.9927799 
844 256 93 149 0.9891368 
474 318 67 69 0.9864717 
200 278 53 62 0.97204214 
571 202 60 66 0.97071743 
80 250 43 57 0.9009213 
594 207 68 63 0.15516981 
164 170 56 74 0.09125344 
135 139 96 124 0.08508097 
916 279 98 137 0.053162467 
627 205 64 58 0.05234804 
99 262 33 38 0.04725912 
827 199 104 145 0.043343335 
221 268 53 72 0.04249783 
185 244 12 14 0.037532184 
625 233 46 48 0.034040734 
114 168 58 74 0.031710617 
128 187 30 44 0.030091332 
179 185 29 42 0.027417492 
499 37 357 488 0.025202246 
391 285 24 39 0.024278928 
96 134 93 126 0.023399917 
196 292 36 38 0.022840332 
112 271 20 24 0.020823305 
834 330 12 15 0.020071534 
