30_Surgeons_Surgeons_30_107
33
683 311 204 216 0.9997904 
524 813 116 93 0.9037501 
287 69 24 30 0.19368324 
721 949 182 242 0.17723103 
292 388 151 181 0.1638678 
509 590 12 13 0.13496016 
535 921 117 120 0.13358067 
430 603 15 18 0.0808492 
-45 813 341 442 0.07958738 
795 348 148 166 0.074881285 
501 776 177 173 0.07285127 
171 191 97 133 0.06331634 
211 380 122 158 0.049472038 
438 600 12 14 0.03739205 
368 118 9 10 0.033299442 
458 632 16 20 0.03319152 
192 224 217 302 0.032290243 
417 29 126 117 0.030381877 
443 601 13 18 0.029122666 
507 589 19 24 0.028458139 
153 591 344 461 0.027881686 
183 135 11 14 0.027733108 
276 694 43 52 0.027729787 
379 77 11 14 0.027159784 
156 63 10 12 0.025255827 
697 385 32 35 0.024344185 
70 925 170 245 0.023381373 
620 335 207 257 0.023253001 
560 583 9 11 0.022349983 
69 709 320 487 0.022321533 
524 847 137 144 0.020871026 
498 832 75 74 0.020492442 
99 350 25 35 0.020159595 
