30_Surgeons_Surgeons_30_533
20
496 260 49 57 0.9968532 
822 33 26 34 0.18544523 
564 246 9 13 0.11428668 
833 207 18 21 0.07696724 
559 269 11 14 0.06520188 
852 202 24 30 0.058032047 
835 257 18 22 0.05091321 
687 9 53 71 0.045608602 
931 210 15 18 0.043088824 
707 4 32 45 0.040423803 
838 201 23 29 0.033127487 
898 185 18 21 0.029511526 
917 221 27 36 0.028499456 
859 267 13 17 0.026253099 
925 207 24 31 0.02589015 
697 162 15 18 0.024603827 
180 386 15 18 0.024487812 
552 268 12 16 0.022906018 
818 430 25 28 0.022653721 
925 221 13 16 0.02102869 
