30_Surgeons_Surgeons_30_552
25
212 260 29 41 0.9613648 
386 226 28 33 0.9201218 
395 220 28 34 0.05219414 
86 451 13 17 0.046570852 
412 353 15 18 0.04655924 
249 311 10 13 0.039644286 
725 277 11 14 0.03921524 
204 259 17 25 0.037468985 
511 506 32 38 0.034563366 
203 272 49 58 0.033370897 
197 260 29 38 0.03232947 
410 229 17 23 0.029341307 
398 356 13 19 0.028956566 
401 348 24 28 0.028952211 
221 372 203 241 0.028873568 
306 393 197 229 0.028855763 
407 214 13 15 0.028753288 
976 577 47 78 0.02790835 
235 327 18 21 0.024268832 
247 315 14 17 0.023159852 
365 378 13 16 0.02296836 
324 7 15 18 0.021842541 
404 218 17 23 0.021254484 
528 72 212 320 0.0208275 
223 322 31 34 0.020367522 
