30_Surgeons_Surgeons_30_979
19
338 237 447 565 0.99999523 
558 306 386 508 0.39205572 
737 339 338 439 0.30159205 
244 786 137 160 0.18283878 
179 759 201 281 0.066363856 
956 425 30 33 0.065302484 
99 592 55 58 0.035430618 
756 844 106 106 0.03319909 
65 833 454 377 0.031281136 
879 798 34 39 0.030930499 
951 428 47 48 0.029289585 
879 538 51 54 0.028199026 
835 889 66 58 0.028074529 
102 697 31 32 0.02497406 
811 804 100 114 0.024814464 
873 540 34 37 0.023224188 
802 877 70 63 0.02238977 
822 408 129 157 0.020426083 
253 496 71 89 0.020296754 
