39_Ice_Skating_Ice_Skating_39_546
51
385 289 57 66 0.99965703 
217 241 65 75 0.998171 
533 283 13 18 0.85149544 
630 321 36 40 0.5287387 
39 279 8 10 0.3944056 
572 291 15 20 0.33362466 
714 297 47 58 0.23923714 
635 257 16 21 0.14288615 
603 276 12 17 0.10830723 
591 304 14 20 0.08804111 
296 295 10 12 0.0814927 
579 286 14 19 0.0682318 
590 347 22 31 0.06698769 
84 282 11 14 0.055313453 
436 288 29 42 0.048970535 
285 118 13 17 0.04830978 
43 277 9 12 0.03838098 
500 295 11 15 0.03731841 
559 267 10 12 0.036272008 
558 259 12 14 0.035665836 
559 291 13 18 0.034075797 
558 285 11 15 0.03396441 
611 157 13 16 0.033350043 
729 313 39 57 0.032828044 
538 288 13 17 0.031881258 
183 269 44 57 0.031387914 
558 253 10 13 0.031357363 
437 175 8 10 0.031231912 
659 46 399 486 0.031154908 
216 128 41 55 0.030250907 
691 257 13 15 0.029623486 
538 279 12 15 0.02887863 
576 58 41 59 0.028663421 
478 251 11 16 0.028448205 
567 277 10 13 0.027811904 
169 279 32 43 0.027643332 
905 248 7 10 0.024859784 
601 271 11 14 0.024759132 
115 318 16 22 0.024116369 
647 326 27 38 0.02401265 
495 341 51 52 0.023700714 
33 282 11 15 0.023351992 
444 309 17 22 0.023029126 
494 295 12 17 0.022851903 
671 305 12 19 0.022182727 
623 327 27 35 0.022138674 
510 164 11 14 0.02199064 
552 253 11 13 0.02174446 
518 166 9 12 0.02115979 
531 295 15 19 0.02060269 
557 277 11 15 0.020122271 
