39_Ice_Skating_Ice_Skating_39_487
33
504 253 57 75 0.99940526 
887 47 50 59 0.24071708 
461 6 16 21 0.08539086 
451 3 21 27 0.05968873 
919 271 17 23 0.058070973 
51 83 24 36 0.046826992 
998 25 28 37 0.04365728 
447 10 14 18 0.04192883 
21 127 30 38 0.04004986 
902 246 14 18 0.03751285 
1010 327 13 24 0.03746179 
782 355 13 16 0.031375 
886 7 63 68 0.029998006 
420 0 14 13 0.029883582 
48 243 54 75 0.029087014 
863 208 14 20 0.028958619 
535 927 47 48 0.028579438 
0 525 8 13 0.027400514 
76 353 410 452 0.025583 
159 423 11 13 0.025553802 
812 270 9 13 0.024882866 
19 106 33 40 0.024829434 
832 12 31 35 0.023387773 
879 39 32 45 0.023359712 
25 89 26 33 0.022754412 
176 393 13 15 0.021924816 
808 314 31 45 0.02136439 
395 17 13 17 0.02116547 
934 6 37 37 0.021146186 
581 435 452 468 0.02096218 
104 477 9 12 0.02051003 
872 28 29 42 0.020348588 
986 67 42 78 0.020279972 
