39_Ice_Skating_Ice_Skating_39_1029
202
926 214 12 15 0.8360757 
207 252 9 11 0.7197024 
753 225 15 19 0.609755 
525 240 9 12 0.5998599 
269 254 10 13 0.58805686 
653 231 11 14 0.57846296 
739 223 10 14 0.5500416 
817 245 10 13 0.54950124 
297 252 10 13 0.47224757 
358 61 11 13 0.3553063 
351 255 8 10 0.33324146 
558 250 10 13 0.3106337 
394 257 8 11 0.24294329 
110 248 9 11 0.22430031 
464 254 8 11 0.19637223 
239 273 9 11 0.19062711 
325 260 9 12 0.15972431 
418 269 8 11 0.15508194 
662 236 9 13 0.15245192 
176 251 8 11 0.14652957 
711 230 9 12 0.13532016 
534 256 9 12 0.12853624 
326 255 8 11 0.124275714 
690 278 9 12 0.12329007 
159 264 8 10 0.1216213 
754 48 9 12 0.113920696 
421 253 9 12 0.11368838 
791 254 10 12 0.10911368 
717 230 10 12 0.10206393 
922 30 9 12 0.09873028 
343 263 7 10 0.097921975 
417 263 9 12 0.087488614 
327 248 8 10 0.08547719 
492 245 10 13 0.08477286 
597 255 10 13 0.07786401 
285 264 9 11 0.074573085 
21 128 31 36 0.07455449 
694 238 11 14 0.072833784 
599 203 10 13 0.07243294 
281 270 8 10 0.07105505 
789 35 12 14 0.06859164 
382 270 7 9 0.06573005 
527 260 9 11 0.06571328 
336 263 9 11 0.06566257 
554 252 9 12 0.06564785 
245 270 10 12 0.06483831 
398 261 8 11 0.062078383 
202 246 9 12 0.06184469 
214 246 11 13 0.061810948 
738 270 9 11 0.058864843 
220 246 9 12 0.058599062 
644 54 10 12 0.05623981 
441 271 9 11 0.055858295 
798 54 9 12 0.055285767 
797 252 9 12 0.054763213 
298 280 7 10 0.05142058 
624 255 9 12 0.05105455 
465 248 9 11 0.050601438 
154 264 7 9 0.050030738 
310 268 10 11 0.0475261 
209 284 9 11 0.04618829 
819 239 11 15 0.045026124 
423 249 8 10 0.044983126 
159 268 8 10 0.04458953 
785 254 10 13 0.044368148 
705 231 10 12 0.044133533 
640 254 8 11 0.043639924 
446 262 10 11 0.04346994 
672 254 9 12 0.04327239 
617 51 9 11 0.042594228 
702 236 11 13 0.04255321 
400 269 9 11 0.0424444 
606 254 10 13 0.041700568 
726 271 9 12 0.041556466 
780 46 10 13 0.04139169 
238 68 12 13 0.04133787 
234 271 7 10 0.041256957 
249 264 9 11 0.040198423 
604 230 11 13 0.038738444 
190 264 8 10 0.038328 
520 255 8 10 0.037965696 
212 251 10 12 0.037786547 
169 253 7 10 0.037203725 
200 287 7 9 0.03706375 
375 264 8 9 0.0366211 
593 260 10 11 0.036409497 
504 262 8 10 0.03610221 
430 246 8 10 0.036051817 
676 255 10 12 0.035271235 
793 249 9 12 0.034887765 
606 237 11 14 0.034435567 
792 57 10 12 0.034203384 
521 261 8 10 0.03377097 
336 61 8 11 0.03348066 
432 261 9 12 0.033444002 
820 252 10 12 0.032884777 
712 253 10 14 0.032518875 
216 263 10 11 0.032464035 
407 263 7 10 0.03210982 
630 260 8 10 0.032072257 
622 52 9 11 0.03178402 
95 260 7 11 0.03160491 
575 232 13 16 0.03107306 
772 0 15 13 0.031063216 
756 63 12 15 0.031019956 
780 52 11 13 0.03098508 
613 243 10 12 0.030958986 
928 24 8 12 0.03050352 
359 262 8 10 0.030416518 
470 261 10 13 0.030047443 
217 267 11 13 0.0299892 
191 269 7 10 0.029485004 
166 264 7 9 0.029284919 
181 253 8 10 0.02907028 
406 245 9 11 0.029046314 
439 262 10 13 0.028910981 
700 243 12 15 0.028872617 
559 240 9 11 0.028854934 
774 247 9 12 0.028833793 
351 56 12 15 0.028803978 
181 248 8 10 0.02871197 
137 247 8 10 0.028655829 
606 221 10 12 0.02863521 
742 236 11 14 0.028573282 
446 271 8 11 0.028524008 
275 253 11 13 0.02792125 
390 63 9 11 0.02768424 
815 230 12 14 0.027603911 
343 60 9 12 0.027446063 
544 271 9 11 0.027417181 
489 241 9 11 0.027408877 
179 84 8 12 0.027110739 
598 219 12 14 0.027077002 
606 48 9 12 0.026773456 
244 70 10 10 0.026592579 
721 276 10 12 0.026161436 
576 244 11 13 0.02525132 
534 247 9 11 0.025231887 
213 283 9 11 0.025051631 
464 239 8 11 0.024904128 
598 211 13 16 0.024874954 
468 253 9 11 0.024787934 
800 0 10 10 0.024678804 
230 63 13 15 0.024634562 
142 253 7 9 0.02461815 
385 60 9 11 0.02461563 
105 252 9 11 0.024554096 
263 270 8 10 0.024521634 
542 255 8 11 0.024377177 
522 234 17 23 0.024235087 
737 263 8 11 0.024222089 
327 61 9 12 0.024157453 
766 0 14 12 0.024155572 
677 260 10 12 0.024140121 
96 257 7 10 0.023737205 
761 227 13 16 0.023693167 
663 262 8 11 0.02368149 
754 51 12 14 0.023629962 
192 278 7 10 0.023460373 
728 287 8 10 0.02329081 
695 3 11 12 0.023159787 
377 268 8 10 0.023143437 
405 270 8 10 0.02313683 
806 0 12 11 0.023036009 
368 264 8 10 0.022998702 
655 68 12 15 0.022881618 
200 240 8 11 0.022867272 
420 261 10 13 0.022864768 
645 48 10 11 0.022838313 
477 263 8 11 0.02278859 
529 256 9 11 0.022780044 
784 37 11 13 0.022733813 
577 252 10 13 0.022620216 
855 31 10 12 0.022580402 
153 269 7 10 0.022511879 
313 69 10 12 0.022239074 
831 237 11 14 0.022194047 
160 256 8 9 0.02209329 
301 259 11 14 0.022032943 
689 236 11 15 0.022029262 
233 276 8 10 0.021976873 
364 114 11 14 0.021904482 
800 48 9 12 0.021845575 
326 267 9 11 0.02175255 
853 0 13 12 0.021638267 
664 254 8 11 0.021609798 
796 227 11 14 0.021406269 
347 256 8 10 0.021401871 
629 52 10 13 0.021285355 
640 231 8 12 0.021251021 
221 264 10 12 0.02115452 
813 0 13 11 0.021134801 
669 245 11 13 0.021106603 
780 0 12 12 0.020835003 
458 255 9 11 0.02073533 
433 267 9 12 0.020585846 
198 69 9 10 0.020506533 
525 269 10 13 0.02046435 
920 216 13 17 0.020417279 
213 78 10 13 0.020370152 
492 36 17 19 0.020263504 
545 262 7 9 0.020061143 
