39_Ice_Skating_Ice_Skating_39_875
18
702 195 57 65 0.99173135 
768 293 73 85 0.9883773 
463 307 70 62 0.14521468 
218 2 18 20 0.065832585 
910 32 14 17 0.05539715 
699 37 25 30 0.0538041 
476 318 41 33 0.044453427 
940 0 36 33 0.037969716 
557 42 25 30 0.03534432 
884 596 11 13 0.032643247 
327 -1 21 18 0.028400056 
450 237 37 38 0.028141001 
26 0 18 21 0.025018029 
493 304 69 66 0.024848904 
482 401 15 19 0.023723096 
427 290 35 36 0.022472817 
202 -2 26 26 0.02196843 
681 145 84 110 0.020701434 
