39_Ice_Skating_iceskiing_39_495
21
456 65 57 68 0.9855527 
472 82 72 78 0.14368463 
611 157 31 40 0.13456999 
511 68 57 61 0.12868008 
676 50 112 131 0.05278842 
583 203 59 61 0.0438601 
622 120 31 33 0.0385637 
661 72 60 68 0.026533937 
451 63 37 52 0.02585913 
720 78 64 84 0.024974138 
550 206 60 58 0.024852818 
622 96 36 36 0.023882236 
779 52 40 45 0.023681471 
540 174 53 56 0.02297751 
595 240 43 41 0.022968546 
607 138 34 41 0.02273073 
715 493 32 35 0.022278903 
614 86 35 36 0.0220047 
870 247 50 73 0.0215118 
642 41 103 113 0.020493502 
604 102 34 35 0.020037472 
