39_Ice_Skating_iceskiing_39_138
90
25 120 36 40 0.95644164 
295 210 60 55 0.8477082 
40 114 29 42 0.62972593 
577 170 94 123 0.51824874 
389 338 28 33 0.37239856 
349 399 29 37 0.29369307 
696 106 93 131 0.27155548 
553 103 103 107 0.21211258 
0 316 25 38 0.18859221 
817 198 51 80 0.15472591 
31 267 29 36 0.14619881 
251 238 25 30 0.11568358 
622 112 100 147 0.10831531 
274 219 60 67 0.10129495 
621 762 97 113 0.08980229 
0 127 8 14 0.08520824 
333 403 32 40 0.080092415 
319 405 29 36 0.0709756 
19 101 31 36 0.07074215 
274 250 26 41 0.069556676 
52 112 27 36 0.068532854 
252 241 57 55 0.06743703 
501 438 65 64 0.058174547 
365 738 44 46 0.054103583 
41 451 13 16 0.05202795 
811 220 32 52 0.05059045 
0 262 21 35 0.04771706 
65 452 13 17 0.04708777 
806 337 80 80 0.046239935 
50 799 43 57 0.04594698 
670 118 81 139 0.045288954 
725 446 226 285 0.044626944 
23 278 28 34 0.04453301 
406 91 204 198 0.042064115 
19 92 27 28 0.04159175 
605 280 355 434 0.0413588 
65 122 14 20 0.04011199 
791 390 41 45 0.03973019 
254 239 14 19 0.039427184 
429 432 122 121 0.037045844 
231 237 55 51 0.035935156 
784 153 81 128 0.034848526 
28 274 19 21 0.034697045 
47 165 44 58 0.033728596 
388 464 30 31 0.033262745 
631 177 65 90 0.03305466 
218 279 402 506 0.03254237 
36 437 12 14 0.031910624 
411 424 32 34 0.031603415 
762 280 36 40 0.031201303 
288 206 41 45 0.030667452 
461 394 108 114 0.030609034 
379 852 47 59 0.030180102 
211 225 25 30 0.029471707 
93 319 43 47 0.029116478 
225 284 32 32 0.029021194 
316 193 62 71 0.02894528 
74 166 31 48 0.028928496 
220 222 15 18 0.027372977 
836 709 25 32 0.027168933 
294 185 104 115 0.026906755 
24 271 42 54 0.026687091 
476 403 11 13 0.026187617 
397 455 109 125 0.026142845 
15 434 10 13 0.025596006 
233 240 30 33 0.025534028 
5 271 25 36 0.025445571 
230 306 50 53 0.025198912 
265 243 15 19 0.02490772 
405 404 47 49 0.024582908 
11 282 39 55 0.024152923 
102 241 17 21 0.02411166 
307 408 29 36 0.023585035 
0 521 40 60 0.023490505 
810 295 123 143 0.023437995 
11 260 28 36 0.023192095 
207 227 50 51 0.023022428 
44 132 30 35 0.022866203 
77 453 10 13 0.022617476 
363 137 17 18 0.022514645 
237 244 15 17 0.022161216 
32 450 13 17 0.022097666 
286 226 36 43 0.022054989 
29 229 25 32 0.021627683 
246 242 16 19 0.02124757 
353 735 35 46 0.02111658 
799 231 32 47 0.020761462 
203 245 14 17 0.02064169 
200 231 26 33 0.02045301 
420 548 13 17 0.020341584 
