39_Ice_Skating_iceskiing_39_696
19
363 213 25 26 0.98006743 
610 254 29 31 0.88668185 
354 315 13 14 0.10806312 
646 342 12 14 0.098597005 
576 358 11 14 0.09098127 
390 318 13 15 0.060107898 
596 413 11 13 0.047966573 
385 316 11 14 0.044001017 
642 361 9 11 0.042322878 
363 342 16 18 0.034769222 
357 332 13 14 0.028028494 
600 403 12 13 0.0277132 
354 346 25 29 0.024341857 
356 324 14 16 0.0238921 
383 308 13 17 0.023348035 
605 256 20 25 0.022880105 
607 239 29 36 0.022405248 
359 337 13 17 0.02143325 
609 358 9 11 0.020105941 
