39_Ice_Skating_iceskiing_39_541
33
451 279 124 113 0.99088633 
590 150 31 36 0.32593855 
568 161 60 63 0.235649 
218 388 99 94 0.18247919 
595 146 20 22 0.17414485 
891 627 45 51 0.113362044 
474 97 30 38 0.11181086 
244 413 108 100 0.06975177 
547 137 92 105 0.04697116 
539 155 23 34 0.03830837 
210 315 62 50 0.03714827 
243 368 73 72 0.03501701 
846 437 42 59 0.03351175 
563 134 58 57 0.033173848 
938 673 17 18 0.032133266 
265 383 71 80 0.030776458 
177 260 120 112 0.030498201 
591 176 54 56 0.029994551 
510 68 28 36 0.028144797 
683 638 38 47 0.02796552 
437 66 50 67 0.026461348 
318 0 31 31 0.026252182 
981 23 25 30 0.025802292 
130 245 34 38 0.024501733 
210 199 26 32 0.023923557 
422 116 188 251 0.022545138 
539 318 100 118 0.021113208 
203 204 59 65 0.021054344 
843 -2 35 27 0.020966113 
765 505 53 65 0.020681558 
216 333 36 33 0.02061899 
184 198 95 109 0.020583136 
577 159 37 37 0.020175304 
