39_Ice_Skating_iceskiing_39_349
25
815 284 52 62 0.99423933 
639 302 34 52 0.92827207 
740 547 207 252 0.19724731 
225 321 42 67 0.13496208 
427 320 30 37 0.05121348 
347 278 93 120 0.047027025 
516 572 30 32 0.04145379 
599 286 31 42 0.03626216 
642 473 330 396 0.034255546 
492 305 16 21 0.032125037 
412 309 10 13 0.030446796 
426 307 27 35 0.029587608 
422 353 14 18 0.02840138 
433 305 18 22 0.02823446 
219 291 72 117 0.026735432 
765 619 137 152 0.026594678 
750 400 32 37 0.026243838 
421 324 12 15 0.02586998 
50 302 15 19 0.024600407 
-22 421 251 236 0.023546074 
596 274 25 36 0.022357186 
421 335 24 32 0.021590767 
400 308 51 72 0.021581294 
429 293 48 65 0.020349173 
2 111 396 489 0.020326816 
