39_Ice_Skating_Ice_Skating_39_176
23
693 367 61 114 0.9695497 
421 359 53 89 0.9410069 
316 190 17 19 0.42284968 
165 855 505 451 0.069392174 
324 655 13 17 0.06806162 
352 678 11 13 0.06411583 
687 177 14 18 0.05332308 
350 684 14 17 0.03632699 
407 626 13 15 0.035986286 
389 701 12 15 0.032075692 
339 669 12 14 0.03170612 
373 715 11 12 0.03109661 
394 356 61 83 0.026421558 
359 669 10 12 0.026143124 
335 674 12 15 0.024277093 
316 672 11 12 0.02352004 
375 686 10 13 0.023322253 
341 661 11 13 0.022338679 
381 667 13 15 0.022234628 
461 629 10 11 0.022193652 
367 714 13 14 0.02163804 
342 686 12 14 0.021253014 
397 645 11 13 0.020226616 
