39_Ice_Skating_iceskiing_39_342
21
808 700 14 17 0.9491218 
674 669 15 17 0.9115759 
878 647 16 19 0.8382999 
739 695 13 16 0.7425886 
552 701 12 15 0.44285607 
763 709 12 14 0.23937684 
289 136 42 44 0.201508 
885 676 25 30 0.17641045 
437 390 260 195 0.12061748 
761 705 11 13 0.03967064 
492 408 160 114 0.037188064 
758 709 20 22 0.03534361 
500 190 466 416 0.030258128 
421 122 72 74 0.02838499 
306 159 16 19 0.027127635 
346 43 215 221 0.026865603 
881 652 17 20 0.026401838 
740 689 12 14 0.02557987 
611 -19 422 453 0.021852195 
400 90 127 138 0.020411013 
673 665 12 15 0.020199182 
