39_Ice_Skating_Ice_Skating_39_463
334
836 739 11 15 0.5944072 
900 734 12 16 0.456997 
800 751 8 11 0.41931272 
781 662 13 17 0.41519177 
957 726 9 12 0.4144833 
700 706 9 12 0.3165251 
912 759 9 13 0.24860597 
585 712 8 9 0.24571212 
750 685 13 16 0.23579028 
474 695 8 9 0.20939894 
750 675 12 15 0.20691921 
648 671 9 11 0.19838347 
414 641 8 10 0.19511376 
335 684 8 10 0.18733095 
817 770 14 16 0.18210627 
788 665 10 14 0.17417464 
624 678 8 10 0.16727419 
514 703 7 9 0.16656853 
963 773 11 14 0.1663713 
856 675 9 12 0.16223386 
554 702 7 9 0.14033315 
496 704 8 9 0.13749814 
429 694 8 11 0.12979628 
639 704 8 10 0.12550266 
495 709 8 10 0.123670086 
377 616 7 10 0.10901506 
610 704 8 10 0.10863058 
429 679 7 9 0.10474392 
558 702 6 9 0.10328417 
834 735 10 14 0.10222002 
402 662 7 10 0.101989575 
538 711 8 9 0.10152022 
843 758 17 21 0.09901124 
471 688 7 9 0.09889911 
874 718 22 28 0.09503918 
888 688 10 12 0.08970661 
399 615 8 10 0.08801502 
335 705 9 11 0.086286165 
951 729 12 15 0.08593412 
424 696 9 10 0.08515178 
474 702 8 10 0.08453968 
478 696 7 9 0.08439733 
471 709 9 10 0.08437972 
637 688 8 10 0.08284353 
368 663 7 9 0.081285745 
673 662 10 12 0.08060632 
633 687 8 10 0.078697644 
411 640 7 9 0.07653044 
679 668 8 11 0.075208016 
321 648 8 9 0.07085283 
887 671 8 11 0.07084197 
829 539 11 13 0.06919161 
614 704 7 10 0.06872873 
696 333 10 11 0.06851868 
419 701 7 9 0.068109356 
649 686 8 10 0.06665618 
665 679 8 9 0.06648322 
713 664 8 10 0.065817066 
894 590 7 9 0.06341798 
714 668 9 11 0.0629831 
630 680 7 9 0.06284128 
673 656 7 8 0.06255338 
850 671 9 11 0.062388223 
410 646 7 8 0.0613796 
632 693 8 10 0.060964257 
422 701 8 10 0.060402967 
789 768 10 14 0.0600047 
311 631 7 9 0.05959227 
505 655 8 11 0.059352864 
410 687 7 9 0.058148995 
656 639 6 9 0.05785179 
226 620 9 12 0.057722975 
722 719 8 11 0.056351278 
795 751 9 12 0.056196574 
648 640 7 10 0.055278644 
375 661 7 9 0.05486403 
744 671 9 12 0.054594602 
745 655 7 10 0.054276977 
538 703 6 8 0.05378169 
579 677 7 9 0.05378042 
535 728 7 9 0.053669743 
517 703 7 9 0.053144433 
327 647 7 9 0.052923407 
534 606 7 9 0.052910883 
830 760 12 17 0.052869953 
583 677 8 10 0.05227629 
513 697 7 9 0.05209609 
429 688 8 10 0.05147658 
664 687 9 11 0.051474515 
359 626 7 9 0.050837524 
898 724 15 19 0.050587174 
384 663 7 9 0.05055167 
232 519 358 418 0.049792293 
746 676 9 12 0.048669964 
354 630 6 9 0.04837329 
497 696 7 9 0.048129145 
591 671 6 8 0.047605436 
478 702 7 9 0.0475804 
402 703 7 8 0.04755672 
426 663 6 8 0.04699896 
914 754 13 17 0.046501257 
401 656 7 9 0.046393372 
406 703 6 9 0.046060108 
858 591 8 11 0.04574892 
488 732 8 10 0.04501791 
592 679 7 10 0.044420958 
464 632 7 9 0.044152696 
536 758 8 10 0.043838967 
624 695 8 10 0.04379959 
837 757 14 19 0.043313805 
745 662 7 10 0.04251681 
686 670 8 11 0.042157434 
610 672 7 9 0.04148009 
921 693 9 10 0.041290984 
654 687 8 10 0.04048714 
303 632 7 9 0.040340822 
585 656 8 9 0.040280595 
536 696 7 9 0.039959807 
960 562 10 13 0.03975139 
688 694 8 10 0.039591707 
382 640 8 10 0.039401516 
615 664 7 9 0.03936424 
220 523 24 31 0.03914982 
633 703 7 9 0.03885416 
450 654 7 9 0.038740557 
465 703 6 8 0.038413636 
815 760 19 23 0.0383186 
852 730 13 16 0.03800274 
447 648 8 9 0.037462123 
681 711 8 10 0.03741852 
850 662 8 11 0.037169546 
478 612 213 232 0.037015337 
599 679 7 10 0.03681628 
669 687 8 11 0.03675334 
648 743 8 11 0.03662382 
608 695 6 9 0.036335737 
391 656 7 9 0.03621501 
439 633 6 8 0.0361484 
665 692 9 11 0.03601003 
666 703 6 9 0.035688393 
350 680 8 10 0.035483345 
945 733 10 14 0.035478435 
780 672 12 16 0.035324574 
458 639 6 8 0.035200488 
330 709 9 11 0.035042588 
943 740 10 15 0.034817472 
678 655 8 10 0.03456258 
480 407 9 11 0.033843335 
849 725 10 13 0.033539306 
298 632 7 9 0.033271316 
334 640 7 8 0.03325759 
417 696 7 10 0.033232335 
430 673 8 9 0.033153348 
36 341 193 296 0.033014365 
700 342 11 14 0.032877322 
351 640 7 9 0.032799013 
296 647 7 9 0.03256896 
794 755 9 13 0.032459386 
542 715 8 10 0.03244564 
849 719 9 11 0.032384116 
618 678 7 9 0.032268018 
384 670 8 10 0.032178804 
626 654 8 10 0.032149278 
860 678 8 10 0.032123864 
775 656 10 12 0.032074206 
880 674 11 13 0.031943917 
509 655 8 10 0.0318309 
608 688 6 8 0.03176737 
382 646 8 10 0.03176661 
684 334 11 13 0.031599615 
817 696 8 10 0.031587712 
590 655 7 9 0.031547114 
377 640 8 9 0.03146418 
625 647 8 10 0.03143178 
302 648 7 9 0.031349294 
517 567 9 10 0.03121927 
625 685 8 9 0.031209666 
537 753 8 10 0.031127049 
457 663 7 9 0.030983094 
817 701 10 13 0.030614808 
298 615 7 10 0.030460568 
406 655 8 9 0.030328793 
408 695 7 10 0.030120308 
617 647 7 10 0.030042967 
534 734 7 10 0.030032033 
615 670 8 10 0.02999354 
343 632 8 9 0.029863918 
400 648 7 9 0.02981117 
531 607 6 9 0.02975544 
490 710 8 10 0.029728001 
921 688 8 10 0.029665025 
434 633 6 9 0.029657528 
981 514 22 29 0.02956322 
535 664 7 9 0.029487498 
527 711 7 9 0.029473282 
377 646 7 9 0.02942891 
832 746 11 15 0.029422684 
522 655 7 10 0.029415982 
670 704 6 8 0.029359346 
524 281 13 17 0.029083528 
393 616 8 10 0.028875446 
679 554 14 17 0.028841361 
585 672 7 10 0.028837403 
273 648 8 10 0.028745446 
385 657 7 8 0.028587911 
995 510 24 35 0.028551796 
833 680 7 9 0.028465768 
401 669 8 10 0.0282089 
352 646 7 9 0.028062653 
782 658 10 13 0.02797493 
470 727 10 13 0.027927855 
955 748 14 18 0.027880387 
586 662 8 9 0.027665682 
467 687 6 9 0.027642462 
803 754 12 15 0.027618725 
744 684 11 16 0.027604127 
289 654 7 9 0.027448941 
330 640 6 8 0.027408764 
672 648 7 10 0.02739108 
530 736 7 9 0.02733322 
542 752 8 9 0.027154427 
278 648 7 9 0.027049545 
550 661 7 10 0.026917582 
641 646 7 9 0.026913675 
465 679 7 9 0.026765207 
838 687 10 11 0.026736083 
327 631 7 10 0.026557792 
849 655 8 11 0.026004393 
680 336 10 12 0.025980104 
878 693 11 14 0.02591707 
587 527 17 21 0.025916746 
489 678 7 9 0.025674107 
595 315 13 17 0.025665555 
376 670 7 10 0.025589244 
330 680 9 11 0.025564501 
687 655 8 10 0.025427269 
327 695 8 10 0.025423313 
602 695 8 9 0.025343133 
578 672 6 9 0.02527087 
590 663 7 9 0.025219288 
553 696 8 11 0.024941929 
797 668 10 13 0.02487183 
641 671 9 10 0.02486846 
798 663 9 12 0.024729421 
609 638 7 10 0.02456094 
632 736 8 10 0.024555355 
368 640 6 9 0.024433909 
647 644 7 10 0.0243593 
910 685 9 12 0.02435599 
623 673 7 9 0.02430975 
342 680 8 11 0.024271084 
328 609 7 10 0.024252547 
177 828 24 33 0.024231846 
513 707 8 10 0.024129821 
288 649 7 9 0.024038386 
813 778 14 18 0.023852143 
382 620 7 10 0.02371829 
717 662 8 11 0.023714056 
341 685 8 10 0.023698889 
512 688 7 9 0.023688003 
553 708 7 9 0.02360904 
893 670 8 11 0.023358926 
615 638 8 10 0.023301046 
703 652 9 11 0.023260463 
288 631 7 9 0.023229383 
358 712 9 10 0.023163259 
529 695 7 9 0.02311574 
872 694 10 14 0.02310763 
313 648 7 9 0.023060672 
703 308 12 15 0.022814553 
519 709 7 9 0.022811951 
686 710 8 11 0.022798551 
535 654 7 9 0.022747463 
345 639 7 9 0.022729492 
467 710 7 10 0.022716394 
712 656 8 9 0.0225424 
726 655 8 11 0.022537282 
590 507 15 16 0.022512484 
890 589 8 10 0.02249543 
559 671 8 10 0.02248571 
631 662 8 10 0.022456396 
718 677 9 10 0.022446185 
527 647 7 9 0.022438876 
833 686 9 11 0.022434402 
393 648 7 9 0.022421809 
719 655 8 10 0.022395605 
426 671 7 10 0.022366434 
353 663 8 9 0.022355862 
319 654 7 8 0.022301164 
390 671 7 9 0.022298621 
828 591 8 11 0.02229473 
331 685 9 11 0.022203078 
560 749 9 11 0.021911742 
345 671 7 9 0.021857094 
720 646 8 10 0.021845575 
501 703 8 9 0.021839743 
465 648 7 9 0.021822102 
843 739 12 15 0.021786345 
887 664 8 11 0.021728722 
854 663 8 11 0.02172585 
694 663 8 10 0.021714775 
391 662 7 10 0.021580178 
785 772 10 14 0.021573676 
776 684 9 12 0.021538638 
632 672 8 9 0.021520287 
314 655 7 8 0.02145221 
687 703 8 10 0.0214341 
503 695 7 9 0.021276683 
649 726 7 9 0.021142174 
454 654 6 9 0.021141933 
441 703 7 9 0.021123393 
737 672 8 10 0.021103378 
905 737 13 17 0.021029254 
489 704 7 9 0.02100216 
629 646 8 10 0.020971121 
653 672 7 9 0.020942468 
433 -5 40 32 0.02092974 
361 663 7 10 0.020918941 
947 738 13 16 0.020916585 
342 696 8 9 0.020866545 
429 700 10 11 0.020830026 
859 670 10 13 0.02077946 
471 648 7 8 0.02075665 
409 633 6 8 0.020753523 
518 573 9 10 0.020706648 
298 638 7 9 0.020656712 
582 640 8 9 0.020413855 
310 625 8 9 0.020410469 
907 756 19 25 0.020296367 
466 696 7 10 0.020229468 
756 671 10 13 0.02020155 
824 534 19 25 0.020161908 
630 639 7 10 0.020145465 
615 695 7 10 0.020082455 
