39_Ice_Skating_iceskiing_39_817
70
401 368 72 91 0.998256 
519 328 49 79 0.2576259 
124 551 32 34 0.24593951 
643 102 63 84 0.19142039 
142 545 25 31 0.10115728 
427 256 30 43 0.07712652 
155 550 15 21 0.071420476 
635 71 62 70 0.070545085 
443 246 39 53 0.07033317 
918 513 27 35 0.069727086 
-3 621 105 148 0.06873624 
697 0 22 19 0.06811678 
85 409 15 17 0.06810982 
222 776 23 31 0.06375768 
205 591 17 24 0.058547508 
849 48 31 38 0.05041213 
276 709 16 22 0.044251923 
2 379 25 44 0.044125784 
660 278 44 67 0.04361729 
660 126 37 54 0.042940892 
107 530 46 51 0.04100409 
158 609 16 18 0.039914265 
833 309 91 131 0.038950108 
519 359 32 54 0.03835877 
172 662 44 57 0.037009098 
579 121 50 59 0.036608104 
663 48 59 75 0.03598645 
275 717 26 35 0.032953884 
238 758 27 35 0.032473426 
459 245 43 59 0.031801973 
654 4 14 15 0.02988415 
972 -4 48 57 0.029855948 
901 466 25 32 0.029799089 
938 87 42 45 0.029375412 
95 710 111 152 0.029173527 
442 317 48 56 0.02825654 
929 392 32 39 0.027996957 
198 492 11 13 0.02785058 
188 677 18 24 0.027744351 
291 636 32 38 0.027341885 
673 489 110 195 0.026632296 
250 678 29 38 0.026523938 
112 518 32 36 0.026053255 
96 511 32 36 0.025217382 
216 767 42 55 0.025199918 
827 395 26 30 0.025070632 
586 127 28 39 0.024955641 
251 762 13 18 0.024933089 
191 562 15 18 0.02485667 
692 155 12 15 0.024533221 
427 276 18 24 0.024032986 
130 528 36 44 0.023920784 
188 553 25 30 0.02339057 
119 450 31 32 0.023147888 
626 47 59 65 0.02258517 
686 29 53 77 0.022157773 
790 275 108 155 0.021646634 
204 723 14 19 0.021593824 
458 271 28 38 0.021488387 
909 89 48 57 0.02134551 
243 635 15 19 0.021255545 
518 245 54 72 0.02101786 
275 728 45 57 0.020951591 
233 772 26 36 0.020850686 
35 633 52 69 0.020685373 
267 698 22 32 0.020623496 
148 673 47 64 0.020614726 
149 660 14 18 0.020603014 
613 114 71 73 0.02042448 
97 551 34 39 0.020290064 
