39_Ice_Skating_iceskiing_39_310
31
429 227 39 41 0.99408674 
186 155 36 44 0.9858392 
122 227 42 48 0.6652318 
343 250 28 37 0.5156467 
722 365 45 50 0.18194628 
349 258 38 56 0.093765005 
694 342 67 65 0.08453073 
329 251 43 69 0.08363984 
236 228 455 508 0.08067819 
148 155 43 56 0.07795918 
138 241 34 45 0.06907278 
376 264 29 38 0.05958957 
233 274 63 79 0.0512566 
696 373 66 69 0.050385226 
439 249 34 38 0.044270657 
655 351 66 67 0.038584672 
223 242 96 93 0.03669008 
386 265 17 22 0.036272924 
437 108 13 16 0.034669265 
624 306 54 58 0.033790246 
454 272 49 54 0.03132374 
843 329 27 33 0.030235846 
434 124 17 19 0.028521225 
668 323 16 18 0.028002677 
114 244 56 60 0.025157057 
685 397 69 82 0.025057465 
436 114 16 19 0.024829324 
442 161 17 21 0.024745066 
654 368 108 135 0.024306763 
143 221 29 44 0.023429103 
113 201 57 62 0.020610923 
