39_Ice_Skating_Ice_Skating_39_362
48
240 484 69 110 0.9918834 
732 560 71 114 0.9899837 
407 642 46 55 0.5186278 
741 149 29 34 0.13740388 
917 15 22 25 0.10756464 
997 77 23 28 0.08924612 
992 148 23 29 0.06663018 
607 151 28 36 0.06281652 
964 15 19 22 0.056177184 
663 149 27 31 0.054668006 
1 171 23 30 0.052027 
918 111 25 30 0.05131392 
159 1080 462 529 0.04625053 
570 41 24 31 0.04470477 
618 33 24 30 0.04369898 
634 120 17 22 0.03885293 
903 78 23 28 0.038146447 
670 112 27 31 0.036809918 
688 46 27 34 0.035255387 
622 40 29 35 0.03500447 
988 780 16 19 0.03461723 
936 151 28 33 0.03037731 
928 45 23 29 0.029228175 
825 15 18 20 0.02826056 
596 1087 142 157 0.027801486 
946 77 27 30 0.027288865 
852 77 26 31 0.026051976 
921 25 25 34 0.025198072 
677 40 23 30 0.024979267 
861 15 23 26 0.024115045 
1010 12 13 21 0.024081454 
676 126 17 21 0.023794092 
624 52 32 38 0.023696784 
466 686 24 27 0.023064561 
68 127 25 30 0.022953806 
254 71 416 480 0.02263126 
664 132 41 50 0.022488972 
1002 181 20 34 0.021987649 
615 165 29 37 0.02163294 
936 72 27 30 0.021604493 
759 208 40 54 0.021577228 
173 152 29 34 0.02099763 
561 48 39 48 0.02095209 
388 624 79 93 0.020764844 
970 33 28 33 0.02058236 
783 39 26 30 0.020540174 
21 6 31 29 0.020154614 
875 56 18 21 0.020142224 
