39_Ice_Skating_Ice_Skating_39_389
158
606 360 8 11 0.6103494 
544 361 8 9 0.5249731 
571 361 7 9 0.4914667 
544 364 9 13 0.48309422 
409 376 8 10 0.4649572 
570 365 9 11 0.45213988 
672 365 7 9 0.4340264 
47 365 13 17 0.39534247 
460 369 9 11 0.33391652 
768 373 10 13 0.2793684 
377 391 9 12 0.2532253 
461 381 11 14 0.24906784 
236 392 9 12 0.24332649 
324 397 11 13 0.23558232 
369 382 7 10 0.22697216 
638 364 8 10 0.21862948 
460 371 12 16 0.18592569 
509 361 8 10 0.17924617 
830 375 9 11 0.17719842 
506 359 8 10 0.17404063 
590 377 9 11 0.15451142 
273 389 8 10 0.13979171 
569 371 8 11 0.11589761 
545 370 10 13 0.11575493 
326 381 8 10 0.11177781 
422 391 9 12 0.11123773 
447 389 9 10 0.10813116 
741 367 8 10 0.10766414 
623 375 9 12 0.10492345 
503 373 9 11 0.10244445 
824 373 10 13 0.10062491 
792 382 9 11 0.0971373 
402 393 8 11 0.09531466 
409 146 118 144 0.08241871 
505 364 9 11 0.0813925 
634 365 8 10 0.08043164 
238 408 10 11 0.07973835 
769 369 7 10 0.07405742 
405 395 13 17 0.07369483 
495 393 12 14 0.072659455 
457 380 9 13 0.06977413 
823 367 8 12 0.069337815 
630 375 8 11 0.0687857 
727 379 9 12 0.0679006 
378 395 11 13 0.067444265 
617 376 9 11 0.06640334 
561 384 8 9 0.06506783 
602 363 8 12 0.06181609 
374 383 9 11 0.061058957 
633 392 8 12 0.05788734 
670 398 9 11 0.057854466 
818 374 8 11 0.056663767 
799 368 7 9 0.05646658 
669 392 9 12 0.0559895 
794 375 8 11 0.055381827 
276 398 10 12 0.055191193 
673 373 9 13 0.05411218 
737 336 7 9 0.05210161 
585 380 9 12 0.05187925 
567 392 9 11 0.05161061 
476 327 11 13 0.04856571 
498 388 14 16 0.04730268 
412 395 13 17 0.04715532 
415 392 11 12 0.046948757 
363 396 11 14 0.04627334 
375 403 10 12 0.045763254 
798 380 8 11 0.04485559 
663 375 9 11 0.0441142 
737 391 10 13 0.04409854 
751 376 7 9 0.043132976 
647 375 7 9 0.042974237 
501 382 12 14 0.04112549 
561 390 8 10 0.04002137 
477 363 9 12 0.039829053 
576 382 8 11 0.039628405 
672 416 11 13 0.03949621 
785 384 9 11 0.03894251 
790 389 9 12 0.03865407 
798 375 8 11 0.038576875 
326 377 7 10 0.038208272 
157 355 18 18 0.035028443 
537 391 8 11 0.034771655 
735 373 9 11 0.034090534 
599 382 8 11 0.034042448 
320 392 10 12 0.033990644 
474 359 9 12 0.033912804 
678 375 9 12 0.033435263 
792 398 8 10 0.033030573 
742 335 7 9 0.032690592 
360 393 9 11 0.03233584 
496 375 9 11 0.03227195 
646 367 8 10 0.03160262 
455 398 9 12 0.031541932 
541 390 9 11 0.03076929 
670 403 10 12 0.030701263 
743 373 8 11 0.030623907 
495 383 11 13 0.030149523 
784 389 10 12 0.029795952 
447 395 11 14 0.029166112 
766 405 9 11 0.028978482 
640 373 9 11 0.028184814 
472 364 10 12 0.027600309 
672 379 9 11 0.027497794 
461 398 9 12 0.027274573 
637 391 9 11 0.027230635 
775 391 8 11 0.027101856 
233 382 9 11 0.026869666 
761 390 7 10 0.026619658 
543 381 9 11 0.026610598 
676 366 8 10 0.026589941 
881 66 26 29 0.02648983 
413 381 9 11 0.02641141 
824 391 8 10 0.026379416 
767 389 9 11 0.026182389 
744 381 8 11 0.026175778 
607 374 8 12 0.0259557 
733 380 10 11 0.02581117 
536 382 8 10 0.025782349 
541 397 8 10 0.02556 
612 130 401 488 0.0254478 
238 382 9 12 0.025077617 
766 400 8 9 0.02506667 
798 351 8 10 0.02475391 
766 368 17 23 0.02438747 
366 390 9 11 0.024112752 
758 337 8 9 0.024069559 
794 368 7 10 0.023996552 
599 399 8 10 0.02394907 
541 361 18 22 0.02387719 
606 381 8 11 0.023563536 
760 383 8 10 0.023075059 
428 390 8 11 0.023001587 
566 382 9 11 0.022991613 
639 404 9 12 0.022811787 
479 322 9 11 0.022803804 
792 336 8 10 0.022749316 
772 379 8 11 0.022721406 
488 375 8 10 0.022588724 
573 389 8 12 0.022371301 
733 414 10 14 0.02198872 
453 387 10 13 0.021867873 
638 398 9 11 0.021791356 
325 327 123 126 0.021745367 
819 368 8 10 0.021731004 
814 336 9 10 0.021156132 
647 380 8 11 0.02115601 
752 351 8 10 0.021101763 
823 361 7 9 0.021088071 
528 391 8 11 0.021029346 
806 376 8 9 0.020958673 
762 397 8 10 0.020941379 
551 390 8 10 0.020639358 
561 375 8 10 0.020470254 
-12 271 403 417 0.02027514 
536 374 8 10 0.020139484 
737 361 8 9 0.020104641 
374 385 18 24 0.020051047 
274 404 13 14 0.020013038 
