39_Ice_Skating_iceskiing_39_908
31
973 8 15 21 0.25591415 
436 461 8 12 0.21163824 
406 160 80 74 0.20617542 
974 244 27 38 0.11467418 
402 122 116 134 0.10480708 
980 27 32 40 0.09007396 
399 185 63 61 0.08127791 
974 4 24 29 0.08088079 
403 203 43 34 0.07374833 
488 456 9 11 0.064525425 
983 35 43 62 0.054240137 
150 549 7 10 0.052654598 
976 5 37 46 0.049300995 
146 551 8 10 0.046958975 
998 0 19 16 0.045012455 
350 429 45 64 0.0444875 
762 3 16 17 0.03837686 
995 57 28 52 0.035982553 
358 119 228 212 0.03486938 
30 459 12 13 0.034526784 
421 135 9 11 0.03241383 
992 4 30 36 0.032182354 
418 479 9 11 0.02836322 
395 189 44 38 0.026609145 
223 471 52 58 0.026215224 
429 487 9 12 0.023527162 
723 406 35 37 0.023016019 
437 466 9 12 0.022960944 
769 58 15 20 0.022268737 
341 85 45 47 0.02047674 
432 465 10 13 0.02044675 
