39_Ice_Skating_Ice_Skating_39_661
392
808 360 14 19 0.9504977 
196 259 11 15 0.8922022 
471 301 10 13 0.87172127 
222 267 10 13 0.8180766 
92 324 14 17 0.8135326 
3 372 12 18 0.76270497 
409 423 27 25 0.6426861 
439 312 10 12 0.5760921 
75 234 12 15 0.5726111 
161 294 11 14 0.47605425 
716 271 11 12 0.4659356 
162 298 13 17 0.44559976 
542 261 8 11 0.42242846 
343 191 9 12 0.41929427 
250 252 7 9 0.3949721 
510 255 9 11 0.33026823 
768 332 11 13 0.30914733 
107 246 14 16 0.28523096 
48 257 14 17 0.22716369 
616 179 8 11 0.22490455 
446 182 8 10 0.20850326 
416 388 13 17 0.20634006 
531 275 13 16 0.19934759 
533 268 12 17 0.17672038 
973 299 14 17 0.1628906 
789 222 9 12 0.15949948 
29 293 10 14 0.15716851 
286 195 10 13 0.15711887 
465 185 7 9 0.14949712 
479 375 10 13 0.14925161 
393 200 7 10 0.13822907 
446 317 9 13 0.13384332 
0 262 8 14 0.13123253 
591 224 7 9 0.12339185 
248 347 13 15 0.120920025 
27 258 12 16 0.120878644 
486 190 8 10 0.107391395 
865 227 108 116 0.10225538 
990 503 7 10 0.10099217 
452 505 16 20 0.100598715 
6 297 12 16 0.10040503 
717 228 8 11 0.09911876 
383 181 7 9 0.09874594 
161 305 13 17 0.09852867 
470 184 8 9 0.096379675 
945 523 8 12 0.0956825 
702 224 8 11 0.09379146 
253 253 8 10 0.09201111 
440 191 7 9 0.09168573 
11 292 15 19 0.09101215 
800 216 8 10 0.08943036 
617 168 8 10 0.088327296 
448 323 9 12 0.085437305 
757 252 15 20 0.08427139 
214 109 9 11 0.084029935 
651 133 8 11 0.083571486 
649 197 8 10 0.083333515 
0 45 16 22 0.079881206 
376 182 7 9 0.07892845 
566 243 10 13 0.078737415 
369 200 9 11 0.078465074 
22 293 12 17 0.07811542 
150 380 13 17 0.07764681 
917 294 12 13 0.07666895 
809 70 40 55 0.07518343 
687 338 12 15 0.07409938 
445 508 16 18 0.073339045 
133 106 11 14 0.073233776 
713 224 10 12 0.07201699 
886 550 10 12 0.06992997 
0 353 9 14 0.06945007 
338 195 9 12 0.069381766 
930 517 12 15 0.06789197 
627 222 7 10 0.06755243 
350 370 11 13 0.066584356 
568 226 9 12 0.066136606 
818 434 21 27 0.06487388 
231 207 8 10 0.06479013 
351 239 7 9 0.06424754 
345 186 8 10 0.062295236 
1012 476 10 14 0.06147578 
172 298 12 14 0.060869522 
12 341 14 17 0.06079714 
360 197 9 10 0.06016201 
280 192 9 12 0.059162274 
648 193 8 9 0.05736387 
502 483 14 16 0.056802046 
232 118 9 12 0.05678386 
188 436 11 13 0.05535023 
729 203 10 12 0.054896865 
540 265 11 14 0.05479442 
218 265 10 11 0.053617105 
434 311 10 13 0.053374603 
372 203 8 11 0.053333357 
376 215 9 11 0.05309592 
743 253 8 12 0.05303115 
254 197 10 12 0.052319303 
199 429 11 14 0.052275673 
378 177 7 10 0.052211743 
360 190 9 11 0.052029975 
378 219 9 12 0.05198516 
620 132 10 11 0.051976252 
20 348 10 13 0.050526753 
609 191 8 10 0.05020902 
573 135 9 10 0.050070465 
560 264 9 10 0.04941211 
978 495 7 9 0.049183946 
878 536 9 11 0.048421282 
199 81 13 18 0.04838452 
424 225 7 9 0.048059557 
950 183 12 14 0.04784174 
480 182 7 9 0.047623307 
505 259 10 13 0.04744505 
614 230 8 10 0.047005583 
232 256 8 10 0.046902057 
934 512 9 10 0.046645228 
586 224 8 10 0.045743532 
83 352 26 33 0.04572498 
109 256 12 16 0.045631915 
598 223 7 10 0.045293346 
394 268 9 13 0.045240115 
488 185 7 9 0.045154937 
430 327 10 13 0.04503868 
13 335 10 12 0.044823926 
382 215 8 11 0.044810824 
650 185 7 9 0.04460469 
368 184 7 10 0.044500753 
620 173 8 12 0.043935277 
210 424 14 19 0.043910764 
1008 503 9 11 0.043745507 
409 406 27 29 0.04346329 
650 141 9 11 0.04344026 
598 147 10 12 0.043054033 
5 348 13 16 0.042834993 
982 288 11 13 0.04280619 
479 177 7 8 0.042045247 
348 189 9 12 0.042007655 
422 191 8 9 0.041905567 
974 313 12 14 0.04183365 
230 261 9 12 0.041676167 
790 216 9 11 0.041359928 
792 206 7 8 0.040944688 
418 192 8 10 0.040928222 
409 351 8 11 0.040698227 
811 428 17 19 0.040587902 
107 237 16 18 0.040502347 
469 188 8 10 0.04028405 
327 198 9 10 0.040080037 
598 133 10 10 0.03947903 
218 310 9 10 0.039228607 
104 279 9 12 0.039206106 
854 374 11 15 0.03886455 
761 206 8 10 0.03868523 
841 231 9 11 0.038490858 
468 297 17 22 0.038469035 
206 364 14 18 0.038175687 
223 193 6 9 0.03812424 
1007 509 8 10 0.0378511 
361 184 8 10 0.037782926 
776 199 9 10 0.03762043 
9 333 9 11 0.036897313 
871 241 15 18 0.036852438 
139 387 16 19 0.036827266 
358 206 10 13 0.03677036 
96 328 14 18 0.036478225 
226 268 10 13 0.03644376 
273 191 8 10 0.036425203 
261 196 9 11 0.036140986 
513 208 6 9 0.035883278 
253 203 10 14 0.035792693 
756 181 10 12 0.03539057 
980 293 13 16 0.03486484 
951 251 12 14 0.034793153 
572 142 10 12 0.03478254 
781 200 8 10 0.034536473 
356 211 10 14 0.034433044 
116 245 12 15 0.03421495 
546 407 7 10 0.033918038 
350 196 8 11 0.03383688 
573 148 9 12 0.033688396 
263 193 7 9 0.033686705 
252 344 12 15 0.03331346 
413 382 14 18 0.03330877 
505 342 8 11 0.033272006 
38 309 9 11 0.033204805 
474 373 11 14 0.03295019 
753 139 9 13 0.03281732 
212 361 16 18 0.032799218 
591 181 8 10 0.0326236 
584 143 8 11 0.032488137 
156 386 11 16 0.032399982 
654 184 8 9 0.03218918 
808 266 9 13 0.031840138 
818 133 9 11 0.0316288 
990 306 14 17 0.03151477 
577 174 8 12 0.031452473 
317 87 8 10 0.031427637 
263 404 11 14 0.031234398 
520 340 12 16 0.031231457 
520 304 9 12 0.031148147 
711 266 19 24 0.030957159 
561 180 8 10 0.030911943 
410 230 7 10 0.03071923 
358 229 8 10 0.030631665 
895 548 8 12 0.030562725 
452 318 9 13 0.03055901 
653 198 8 10 0.030520257 
627 215 7 10 0.0304206 
133 394 16 20 0.030338284 
392 530 13 18 0.030336285 
585 180 7 11 0.030229485 
28 70 15 20 0.030220162 
926 417 9 11 0.030175922 
799 269 9 11 0.03015342 
752 257 12 18 0.030142572 
215 275 9 12 0.03006778 
784 216 9 11 0.02990287 
218 263 18 22 0.029687058 
408 357 11 13 0.029618114 
366 189 8 9 0.029493244 
566 181 7 9 0.02943431 
327 212 12 15 0.029278249 
869 397 9 12 0.029150961 
503 105 186 214 0.029148486 
519 308 11 14 0.02914499 
592 148 9 12 0.028687885 
423 197 8 9 0.028682195 
28 246 12 16 0.02857401 
437 307 17 22 0.028558297 
431 197 8 10 0.028557833 
104 75 10 12 0.0283945 
326 206 10 13 0.028299553 
229 123 10 14 0.028247787 
1013 501 8 11 0.0282368 
615 238 8 10 0.028166495 
943 535 9 11 0.0281404 
990 294 13 16 0.02811878 
417 196 9 10 0.028080977 
40 351 9 11 0.027917262 
344 210 11 14 0.027876917 
369 264 10 12 0.02778416 
304 198 9 10 0.027506528 
412 389 22 25 0.02743217 
806 417 23 25 0.027372625 
951 438 8 11 0.027362604 
828 223 9 11 0.027333846 
528 281 13 15 0.027298903 
785 227 11 14 0.027259383 
126 244 10 14 0.02723956 
904 550 11 13 0.027198663 
300 96 8 10 0.027141815 
372 94 10 13 0.027056944 
398 199 7 10 0.026597602 
597 182 8 10 0.026592331 
482 373 12 14 0.026521295 
487 196 9 11 0.0262908 
520 315 10 12 0.02619571 
413 351 9 11 0.026163854 
878 413 11 15 0.026140451 
459 501 13 19 0.026108572 
3 259 11 16 0.025916414 
568 207 8 12 0.02580723 
649 129 9 11 0.025774889 
698 228 9 11 0.025767094 
949 518 10 12 0.025724247 
974 283 12 14 0.025707169 
538 257 9 12 0.025690394 
815 127 10 13 0.025672555 
774 191 8 10 0.025608698 
357 221 9 12 0.025364934 
6 287 15 18 0.025273852 
764 328 19 23 0.025204632 
397 205 8 10 0.025149856 
753 176 8 12 0.025071356 
205 222 9 10 0.02501074 
800 264 9 11 0.024979658 
4 384 12 17 0.024905127 
82 194 10 14 0.024889324 
736 254 8 11 0.024837628 
388 293 10 14 0.024757095 
578 180 8 11 0.024747703 
358 269 8 12 0.024713876 
719 189 8 10 0.024695754 
1008 446 10 12 0.024633572 
574 212 7 10 0.024612857 
829 229 9 11 0.024550725 
629 228 9 11 0.024543006 
392 191 7 9 0.024528695 
928 513 9 11 0.024455674 
510 341 10 12 0.024430057 
34 254 19 24 0.024408149 
460 492 12 15 0.024373045 
9 370 13 19 0.02435045 
205 207 8 10 0.024233349 
979 307 13 17 0.024177555 
773 91 9 12 0.024166802 
82 235 12 14 0.024116766 
209 107 10 13 0.023975836 
349 211 13 15 0.023842774 
415 229 8 10 0.02370782 
397 264 10 14 0.023706015 
718 234 10 14 0.023703074 
507 478 13 16 0.023665749 
992 297 17 20 0.02348231 
548 341 11 13 0.02338838 
147 390 15 21 0.02333882 
967 519 8 10 0.023125676 
296 176 8 10 0.023123013 
640 197 9 10 0.02299325 
711 262 13 18 0.022942757 
935 533 10 12 0.022926314 
985 502 10 11 0.022923248 
151 111 8 11 0.022895407 
466 228 9 12 0.022892078 
252 354 11 13 0.022757387 
109 363 11 16 0.022705687 
512 213 8 9 0.022701068 
715 278 16 18 0.022638533 
180 294 9 13 0.022611208 
572 224 9 11 0.022610689 
614 224 8 10 0.022601783 
641 192 8 9 0.022463407 
381 238 9 11 0.022460645 
142 127 9 11 0.022368688 
137 135 8 10 0.02232513 
95 74 12 13 0.022318948 
455 198 8 10 0.022311563 
465 297 12 14 0.022305503 
193 264 11 15 0.022296349 
217 192 7 10 0.022259995 
49 185 198 233 0.022225918 
510 301 9 12 0.022163097 
50 251 21 28 0.022117244 
744 350 8 10 0.022085426 
989 287 12 15 0.022053648 
350 185 8 10 0.021841465 
145 205 8 10 0.021814689 
238 261 8 12 0.021802234 
212 433 13 14 0.021792453 
990 508 8 10 0.021708267 
431 216 112 137 0.021690076 
191 431 12 14 0.021673849 
465 304 12 16 0.021671375 
260 349 10 13 0.02156294 
796 352 21 24 0.021557288 
976 500 8 10 0.021547208 
849 374 11 16 0.021451568 
679 199 8 9 0.021437429 
609 196 9 12 0.021419084 
727 246 9 11 0.021400753 
115 237 13 16 0.021334985 
655 149 7 10 0.021323211 
694 174 9 11 0.021263074 
856 366 9 12 0.021255367 
654 190 7 10 0.021143844 
295 98 11 13 0.021129422 
352 230 9 11 0.021122282 
593 133 9 10 0.021092366 
439 197 8 10 0.021063522 
536 256 18 23 0.020956991 
384 189 8 11 0.020955406 
917 285 14 15 0.020886667 
256 403 13 16 0.020876719 
934 293 14 17 0.020824233 
334 211 9 13 0.020821584 
471 239 10 12 0.02071169 
576 259 10 12 0.020710085 
567 177 8 10 0.020697499 
21 357 10 13 0.020694891 
293 373 9 10 0.020643631 
319 239 9 10 0.020642277 
148 434 17 19 0.020574734 
761 244 16 19 0.020482956 
687 176 7 9 0.020475935 
189 138 14 16 0.020445498 
682 329 21 25 0.020434624 
351 288 8 12 0.020374736 
407 370 13 16 0.02035361 
238 319 8 11 0.020284781 
784 235 9 13 0.02028311 
922 293 13 15 0.020277767 
287 201 9 13 0.020250123 
766 214 9 11 0.020209506 
413 372 13 17 0.020202186 
206 103 10 12 0.020184785 
409 224 8 11 0.02017142 
1003 510 8 10 0.020170541 
919 526 9 11 0.02016272 
24 287 19 24 0.020134084 
196 89 14 18 0.020106189 
984 306 23 27 0.020092199 
727 251 10 13 0.020078616 
