39_Ice_Skating_Ice_Skating_39_504
20
619 229 29 36 0.9984831 
408 158 36 42 0.9984554 
174 215 34 43 0.99839777 
941 155 14 20 0.9814244 
101 178 15 18 0.9447434 
985 166 13 16 0.7875156 
901 138 14 17 0.36278525 
626 132 9 11 0.26930714 
692 135 8 11 0.22660357 
348 151 10 12 0.12969592 
904 143 16 20 0.042790722 
523 323 12 15 0.03856438 
281 135 8 11 0.03285672 
516 307 13 18 0.02866119 
464 43 421 489 0.026967403 
346 152 15 20 0.02667776 
874 173 9 13 0.024362903 
631 225 25 33 0.023056751 
1004 190 20 28 0.021380458 
609 148 10 14 0.020513002 
