39_Ice_Skating_iceskiing_39_583
463
783 149 27 32 0.9880399 
522 121 24 32 0.9695612 
442 138 35 42 0.963978 
463 224 38 37 0.8473778 
303 90 19 27 0.7991885 
233 47 25 50 0.6609993 
352 183 17 22 0.6385445 
325 87 19 23 0.47707507 
311 87 21 27 0.4329619 
696 201 9 11 0.40861574 
633 245 11 14 0.39241055 
637 217 13 17 0.3588949 
381 93 11 16 0.27316567 
857 112 8 11 0.22225083 
905 119 9 11 0.18141198 
918 103 8 10 0.17055854 
549 226 28 45 0.16946852 
165 19 17 20 0.16715457 
663 183 7 10 0.16559978 
653 199 8 11 0.16544011 
363 91 13 18 0.16404998 
499 144 18 22 0.16244571 
398 102 13 17 0.15852931 
47 14 51 54 0.15758625 
613 183 9 13 0.15389323 
672 207 11 13 0.14881547 
979 149 8 10 0.14056464 
887 159 8 10 0.13626674 
444 229 50 57 0.1230044 
856 183 7 10 0.121155664 
331 125 13 16 0.12013151 
912 174 7 9 0.11964664 
325 128 15 18 0.11663715 
591 157 11 13 0.113733076 
860 116 9 11 0.10424634 
905 38 9 10 0.10416252 
608 182 9 13 0.10274855 
609 135 10 13 0.10250001 
598 151 10 12 0.10169528 
332 69 11 13 0.09879125 
662 208 9 10 0.09878117 
676 211 10 13 0.09828014 
829 159 9 11 0.09810862 
862 157 8 11 0.096322045 
670 200 8 10 0.09469356 
405 86 10 12 0.09447729 
661 140 9 12 0.09199891 
688 157 8 11 0.090082556 
656 206 8 11 0.08929594 
146 13 32 37 0.08901763 
184 3 17 18 0.088981465 
252 13 36 53 0.088472195 
740 214 11 14 0.08846035 
703 135 7 9 0.08824726 
896 125 6 9 0.08783767 
849 184 8 10 0.08680999 
629 117 8 10 0.08602467 
606 157 8 11 0.08416864 
584 135 8 11 0.08355316 
268 40 15 18 0.08342097 
597 112 9 12 0.08288268 
904 213 8 11 0.07961603 
872 144 7 9 0.07954962 
654 97 6 9 0.079417415 
423 110 15 22 0.07830994 
745 206 9 11 0.07687698 
424 104 9 11 0.076049745 
913 207 9 11 0.071826436 
881 128 7 9 0.07145266 
873 169 8 10 0.07004446 
856 208 7 10 0.069545105 
523 214 43 54 0.067787744 
558 139 11 15 0.06729874 
125 24 45 53 0.06705878 
741 83 11 14 0.06649226 
711 152 6 9 0.06647278 
882 232 8 11 0.06558977 
825 160 9 12 0.06552035 
274 75 10 14 0.06500252 
599 144 9 10 0.06475299 
695 253 13 15 0.06462227 
738 219 10 13 0.06455854 
862 134 8 10 0.06445107 
882 200 7 10 0.06418783 
973 190 9 11 0.06414359 
863 175 7 9 0.06339782 
856 158 8 10 0.06334119 
633 216 11 14 0.061665986 
861 184 7 9 0.061533485 
910 153 8 10 0.061258473 
19 8 29 34 0.061233453 
783 239 12 16 0.06075342 
566 355 33 36 0.05996925 
883 86 10 13 0.05996549 
602 180 9 12 0.058666732 
672 137 6 9 0.05865409 
914 95 8 11 0.058607098 
705 150 7 10 0.058542375 
478 93 9 12 0.058503613 
607 151 9 12 0.058040563 
744 188 9 11 0.05798431 
888 126 7 9 0.057979126 
609 197 10 13 0.057449527 
951 119 7 8 0.057427216 
624 172 10 11 0.057271194 
640 183 8 9 0.05713213 
890 105 8 11 0.057131935 
894 155 9 11 0.057023164 
565 149 11 15 0.056968864 
873 173 8 10 0.05676882 
551 126 11 14 0.055675857 
664 188 8 11 0.054853987 
656 174 8 11 0.053345628 
519 127 16 23 0.052873597 
446 99 11 13 0.052390434 
350 92 14 17 0.05195511 
981 144 8 11 0.05128984 
890 220 7 10 0.051055845 
578 103 8 10 0.050520908 
581 102 9 10 0.050012913 
992 209 9 12 0.049138386 
427 116 17 22 0.049066808 
614 175 8 11 0.048994068 
873 148 8 12 0.048947744 
630 113 8 10 0.048600454 
468 283 18 21 0.04855756 
215 51 34 43 0.048291314 
488 220 49 56 0.04793331 
125 51 31 36 0.047539502 
556 125 11 15 0.047087483 
744 281 15 19 0.04689437 
593 152 10 13 0.046512663 
977 228 9 13 0.04646442 
564 227 14 23 0.04639797 
679 222 10 14 0.046375208 
893 104 9 10 0.046312727 
978 208 9 12 0.04602739 
174 9 22 30 0.045817494 
696 96 7 10 0.045657467 
659 180 8 11 0.045349937 
745 200 9 12 0.04533873 
349 131 15 18 0.04492734 
597 132 9 12 0.04478734 
648 119 9 11 0.043769095 
655 121 8 9 0.04286917 
744 167 10 13 0.042581078 
607 165 8 11 0.042514984 
856 176 8 10 0.0423572 
-2 44 78 123 0.041979667 
632 134 8 9 0.041505408 
472 235 35 43 0.041428365 
978 61 8 10 0.041215874 
650 168 7 10 0.04073709 
461 213 13 19 0.04063496 
697 136 7 9 0.040603735 
22 7 52 54 0.040512778 
690 205 8 11 0.040495344 
702 144 8 10 0.040288225 
888 216 9 10 0.040184334 
630 199 9 11 0.04009503 
849 158 8 10 0.04006065 
749 183 8 11 0.040058773 
431 94 9 12 0.039589606 
681 153 7 10 0.039413393 
630 166 10 12 0.039349347 
622 104 7 9 0.039266143 
911 211 8 11 0.039236706 
682 158 7 10 0.03922028 
725 207 8 10 0.03914085 
894 215 8 10 0.03897166 
366 0 35 26 0.038821504 
655 168 8 10 0.038621757 
882 215 7 10 0.03853762 
317 23 16 18 0.03846615 
421 148 28 37 0.03844854 
696 143 8 9 0.03830586 
637 158 9 12 0.038290743 
187 37 25 38 0.03814962 
471 102 11 13 0.038077597 
156 3 13 13 0.037743572 
638 153 8 9 0.037493862 
713 205 7 9 0.037457705 
263 30 24 30 0.037425056 
380 87 20 26 0.037414815 
509 225 46 56 0.037404507 
873 113 7 10 0.037322752 
658 141 8 11 0.037278768 
512 103 39 47 0.037252203 
494 94 13 17 0.037080985 
440 99 11 14 0.037062753 
663 120 7 9 0.03704528 
414 84 12 16 0.036854926 
919 201 8 11 0.036822885 
504 152 18 22 0.03675838 
897 87 8 10 0.036413655 
370 88 19 24 0.03636575 
902 230 13 17 0.036299657 
569 235 15 19 0.036259003 
689 135 7 8 0.036233075 
656 125 7 10 0.036045004 
262 26 14 19 0.03551301 
270 411 12 15 0.035308085 
406 81 10 12 0.035280507 
905 168 7 9 0.035124674 
202 7 30 30 0.034796383 
563 142 11 15 0.03479173 
523 110 18 21 0.034750342 
738 102 8 12 0.034669954 
905 113 7 9 0.034624625 
713 199 8 11 0.034559734 
896 175 8 10 0.03446049 
879 167 7 10 0.034403823 
607 174 10 14 0.034393948 
516 161 18 22 0.034381445 
919 107 8 11 0.03437823 
838 54 10 12 0.033547096 
650 100 8 10 0.032882664 
355 93 17 19 0.032818746 
424 93 11 13 0.032551747 
700 247 11 14 0.032550815 
680 16 10 11 0.032407753 
672 120 8 9 0.032400735 
893 190 9 12 0.03238981 
738 85 9 12 0.032306645 
870 223 8 10 0.032263394 
704 112 8 9 0.03220394 
639 207 9 11 0.031948052 
879 112 7 10 0.03178034 
310 67 13 16 0.031419832 
534 194 42 56 0.03137721 
43 61 24 38 0.031296957 
575 111 9 11 0.031165736 
439 90 11 15 0.031156344 
316 17 26 30 0.031103155 
625 127 8 10 0.03108579 
648 174 9 11 0.030900091 
446 68 11 12 0.030809546 
451 97 11 14 0.030706491 
637 135 7 10 0.030680133 
880 118 7 9 0.030661581 
910 169 9 11 0.030581044 
886 197 9 12 0.030557547 
957 175 9 11 0.030544095 
465 149 19 24 0.030397657 
656 211 10 12 0.030357245 
928 118 7 9 0.030002685 
593 133 8 12 0.029968033 
689 144 7 8 0.029941281 
967 144 7 9 0.029847207 
169 1 25 24 0.029823652 
485 91 15 18 0.029791096 
496 130 25 30 0.029451104 
389 94 20 26 0.02940793 
473 184 27 30 0.02936428 
637 164 8 11 0.029204618 
737 168 8 11 0.029146146 
649 203 9 12 0.029144483 
655 222 10 14 0.029057879 
905 137 7 9 0.028899157 
596 125 10 14 0.028856786 
690 200 8 11 0.028831637 
847 152 8 10 0.028718075 
576 165 11 13 0.028679252 
497 112 23 31 0.028622082 
997 148 8 10 0.028615387 
863 189 7 10 0.028574191 
694 159 9 11 0.028462263 
945 120 7 8 0.02844449 
719 104 7 10 0.028398016 
690 251 21 26 0.028360976 
726 158 7 9 0.028276684 
886 165 8 10 0.028216098 
760 150 9 12 0.02821222 
912 200 9 11 0.028158767 
54 36 31 36 0.02804616 
622 205 9 11 0.027994705 
887 151 10 13 0.027977161 
456 210 28 40 0.027956745 
748 188 9 12 0.027741155 
234 20 39 55 0.027728759 
505 162 25 31 0.02766182 
416 78 11 13 0.027628666 
878 182 7 10 0.027357945 
824 120 10 11 0.027300384 
476 174 40 49 0.027266156 
749 199 10 13 0.027208004 
737 228 9 12 0.02712698 
357 124 13 15 0.027097574 
623 222 9 12 0.026967777 
998 62 8 11 0.02693501 
697 165 8 9 0.02691494 
800 116 12 14 0.026881466 
581 165 10 12 0.026806278 
187 1 26 27 0.026740476 
714 190 8 11 0.026664343 
983 244 10 11 0.026643554 
642 38 10 12 0.026604481 
824 148 10 13 0.026578857 
840 135 8 10 0.026559127 
412 77 21 27 0.026485723 
499 133 15 19 0.026368001 
848 177 8 10 0.026346324 
606 118 7 11 0.026297743 
905 153 7 10 0.02629371 
418 86 43 56 0.026289452 
669 206 18 22 0.02621587 
873 128 7 9 0.026200814 
871 135 8 10 0.026183143 
748 173 9 12 0.026050363 
984 167 8 9 0.02601248 
630 204 10 12 0.025976075 
638 101 9 10 0.025975296 
614 128 8 11 0.025832592 
782 56 212 253 0.025814455 
893 221 8 10 0.025783246 
774 126 12 15 0.025713213 
661 222 10 14 0.025707884 
663 150 8 10 0.025705853 
640 189 8 10 0.025601491 
636 240 11 13 0.025536876 
657 227 10 13 0.025536608 
609 186 11 14 0.025502523 
886 206 9 12 0.025443178 
720 200 7 9 0.025382502 
621 30 9 12 0.02537188 
888 120 8 10 0.025320908 
993 145 8 10 0.025278283 
441 71 9 11 0.025212249 
726 182 8 10 0.025180047 
878 149 9 12 0.025050804 
597 251 17 19 0.0249666 
665 197 9 11 0.024904158 
680 126 8 9 0.024877954 
864 86 11 13 0.024811978 
395 100 21 27 0.024741272 
440 78 10 12 0.02469467 
737 79 10 12 0.024674613 
366 22 28 32 0.024648646 
631 128 8 10 0.0246353 
658 136 8 10 0.024631333 
613 159 8 9 0.024572585 
799 100 14 17 0.024514604 
752 131 12 14 0.02441163 
643 215 12 15 0.024363605 
502 184 14 19 0.024362952 
742 91 10 14 0.024302796 
873 198 7 9 0.024275633 
725 151 8 10 0.024233395 
504 179 21 31 0.024186332 
426 251 50 59 0.024142379 
895 208 8 11 0.024129318 
718 126 8 10 0.024094645 
728 136 8 10 0.024091743 
662 168 7 9 0.024066951 
157 17 18 22 0.02403857 
551 135 21 26 0.023984468 
639 199 9 12 0.023978474 
428 101 11 14 0.02391283 
775 104 10 10 0.023802001 
624 134 8 9 0.023766596 
334 88 19 25 0.0237654 
436 82 23 29 0.023758305 
0 8 45 59 0.023738144 
957 187 10 13 0.023716204 
657 111 7 9 0.023686048 
679 96 7 9 0.023644974 
872 207 7 9 0.023633765 
654 191 10 12 0.023579359 
704 233 12 15 0.023555351 
358 88 12 16 0.023522373 
721 213 9 12 0.023254737 
962 127 6 7 0.02323542 
741 227 10 13 0.023166869 
633 96 8 9 0.023164093 
882 205 7 10 0.023157021 
463 290 15 18 0.023132479 
476 240 50 56 0.023101011 
967 126 6 8 0.023030847 
685 223 9 12 0.023016743 
884 235 9 12 0.02298936 
434 112 16 21 0.022959966 
960 151 6 9 0.022938767 
872 192 7 10 0.022900103 
574 116 9 12 0.022888537 
735 32 9 12 0.02283195 
575 256 30 34 0.02276395 
862 207 7 10 0.0227063 
276 413 12 14 0.022675272 
510 169 27 35 0.022655686 
837 164 9 12 0.022632102 
1008 158 8 10 0.022629337 
815 162 11 16 0.022616047 
424 111 41 54 0.022561068 
982 208 9 11 0.022532398 
855 105 8 10 0.022491824 
841 182 9 12 0.022384983 
981 57 8 10 0.02234334 
824 124 11 14 0.022264078 
838 159 8 11 0.022250166 
721 183 7 10 0.02222416 
45 8 35 38 0.022202183 
565 124 11 15 0.0221901 
589 152 20 25 0.022053573 
717 107 9 11 0.02201592 
999 160 8 10 0.021980204 
555 184 46 60 0.021927629 
501 116 13 18 0.021854687 
561 28 11 14 0.021852644 
624 199 9 12 0.021780806 
800 85 11 13 0.021776287 
608 127 9 12 0.02167034 
477 95 410 466 0.021664517 
269 419 14 19 0.021591073 
961 136 6 8 0.02156465 
966 88 9 10 0.021393372 
823 142 11 13 0.021389728 
267 136 418 420 0.021337856 
680 134 7 9 0.02132047 
726 201 8 9 0.021285836 
325 118 16 19 0.021227242 
687 189 9 13 0.021192366 
873 182 8 10 0.021188233 
540 199 15 23 0.021174286 
615 204 10 12 0.021153579 
309 390 15 21 0.021148387 
702 166 8 9 0.0211343 
441 63 10 13 0.021080285 
687 153 8 10 0.021057025 
1000 166 8 10 0.021050533 
27 23 57 78 0.021042071 
587 245 44 53 0.021037258 
878 174 7 11 0.02090802 
663 112 7 9 0.0208957 
614 166 9 12 0.020854937 
693 222 10 12 0.020849476 
694 213 10 11 0.020816632 
928 103 7 10 0.020787172 
398 93 14 18 0.020770654 
112 5 17 21 0.020710532 
672 159 7 8 0.020613138 
674 103 7 8 0.02060172 
587 260 15 17 0.020580044 
558 234 41 53 0.020571968 
403 158 33 40 0.02052538 
612 139 10 13 0.020498652 
624 238 21 28 0.020474942 
845 95 9 10 0.020455834 
470 195 31 37 0.020452423 
508 170 14 17 0.020358918 
712 129 8 9 0.020328222 
554 323 48 52 0.020318562 
685 16 10 12 0.020298164 
47 51 29 38 0.020291455 
921 118 8 10 0.020259054 
711 134 7 9 0.020248296 
991 223 11 13 0.020206526 
735 199 8 11 0.020175368 
725 212 9 11 0.020129558 
913 181 8 9 0.020109829 
960 88 9 11 0.020085063 
214 15 28 35 0.020063138 
910 136 7 9 0.02002622 
165 20 27 37 0.020013927 
