39_Ice_Skating_Ice_Skating_39_568
25
360 116 34 48 0.9953941 
910 118 13 17 0.9319845 
105 125 24 29 0.9174098 
181 163 15 19 0.67774653 
915 306 36 62 0.62762004 
701 119 14 20 0.58604056 
896 135 9 11 0.100056894 
695 115 14 22 0.083117545 
69 188 16 20 0.0731496 
543 134 13 18 0.07177213 
921 139 11 14 0.05765092 
944 117 9 12 0.04697225 
280 117 8 11 0.03987556 
616 158 10 11 0.035294622 
39 172 10 15 0.034351483 
233 126 9 11 0.03318948 
247 112 8 10 0.030712225 
183 157 23 29 0.02925021 
700 108 15 20 0.029039893 
949 116 11 13 0.026616337 
1004 140 12 15 0.0252004 
897 311 38 45 0.024628606 
899 141 11 14 0.022073494 
885 324 48 54 0.020977495 
285 181 13 16 0.020296661 
