39_Ice_Skating_Ice_Skating_39_658
115
113 416 8 10 0.28433663 
52 418 11 14 0.12492482 
960 364 12 15 0.10638163 
473 74 26 29 0.09582598 
2 389 8 12 0.087551765 
888 408 9 10 0.079963155 
968 424 10 13 0.073308386 
183 415 8 11 0.0730206 
689 396 9 11 0.07281566 
201 408 9 11 0.06735275 
645 415 9 12 0.067157 
150 397 8 11 0.066803716 
609 375 10 12 0.06653999 
86 414 8 11 0.06127439 
780 398 9 11 0.060304113 
443 68 15 19 0.056093127 
917 387 12 14 0.055106476 
448 407 9 10 0.055106264 
988 414 13 16 0.05482473 
4 413 9 12 0.05183063 
82 415 8 11 0.049644414 
1015 406 8 12 0.0490633 
593 392 9 11 0.04819925 
878 399 10 12 0.047098782 
974 426 10 14 0.046896998 
598 392 8 10 0.045469347 
913 373 10 13 0.04523857 
792 420 11 12 0.04258317 
943 399 8 10 0.04250311 
740 406 11 14 0.042217102 
113 430 9 11 0.04218906 
185 406 8 10 0.042069137 
146 399 9 11 0.03893856 
655 414 9 12 0.038114574 
893 404 10 13 0.037993923 
973 411 9 13 0.03731521 
0 458 22 39 0.036432657 
982 420 13 16 0.035205323 
175 428 9 11 0.034785077 
176 422 9 11 0.034471527 
432 406 8 11 0.03360793 
168 415 7 10 0.03308118 
176 415 8 11 0.032728203 
990 407 10 12 0.032460902 
49 400 8 11 0.032222603 
47 428 9 11 0.03212956 
98 447 7 10 0.03206028 
52 404 10 12 0.03186518 
692 395 10 13 0.031230375 
439 407 8 11 0.031222066 
808 415 10 11 0.030999096 
695 415 12 15 0.030965744 
901 383 9 13 0.030721126 
223 429 9 11 0.030239174 
981 426 10 14 0.029965175 
145 406 9 11 0.029691948 
982 406 10 12 0.02958732 
204 411 10 12 0.02939187 
448 398 8 10 0.02893097 
780 414 10 14 0.028708912 
187 179 451 565 0.028462248 
459 44 12 15 0.028318226 
736 412 10 14 0.028257182 
115 419 10 12 0.027691158 
867 412 11 14 0.027438022 
464 53 40 50 0.027335623 
970 407 9 12 0.026619611 
680 398 9 11 0.026354222 
913 380 11 14 0.026004782 
17 391 8 11 0.025994034 
189 413 9 11 0.025980985 
992 396 10 12 0.025938375 
619 39 10 12 0.025660858 
102 421 9 11 0.025437001 
775 418 11 13 0.025270563 
447 383 8 11 0.025183765 
567 373 9 12 0.02508567 
895 387 11 14 0.024883822 
894 397 11 14 0.024492765 
87 408 8 11 0.024065813 
456 399 8 10 0.023938905 
417 -24 340 430 0.023871489 
870 406 11 13 0.023681471 
40 430 8 10 0.023675177 
645 397 10 13 0.023560615 
97 454 8 10 0.023249796 
80 420 10 12 0.022703942 
914 332 12 15 0.022691771 
0 395 9 13 0.022243856 
186 439 8 11 0.022131681 
671 399 8 10 0.022029521 
199 422 9 11 0.02192955 
103 416 8 10 0.021892404 
190 407 9 11 0.02188522 
190 400 8 10 0.021876758 
118 444 11 14 0.021717457 
993 388 10 14 0.021686317 
886 398 10 14 0.021616936 
387 45 13 17 0.021504896 
613 380 8 11 0.021470355 
615 368 7 11 0.0212149 
448 389 8 11 0.021154001 
750 413 9 13 0.021086544 
544 396 9 13 0.020929173 
743 400 11 13 0.020921828 
606 405 9 10 0.020884909 
448 367 8 11 0.020872656 
678 406 10 11 0.020815803 
142 356 12 14 0.020499745 
535 157 131 141 0.020447217 
103 430 8 11 0.020349905 
191 439 8 11 0.02011959 
754 451 14 17 0.02009081 
797 415 11 14 0.020069739 
982 388 11 14 0.02000383 
