39_Ice_Skating_Ice_Skating_39_1047
124
246 112 54 68 0.99964106 
745 143 61 79 0.9992557 
877 174 26 32 0.9983034 
830 145 25 31 0.9981908 
812 74 23 31 0.99764556 
498 197 22 29 0.9961541 
736 2 22 29 0.9905552 
938 73 23 28 0.9891249 
722 79 24 30 0.98747057 
591 195 22 30 0.9864781 
60 23 18 23 0.98168176 
531 131 19 25 0.98145616 
8 15 18 23 0.9782138 
125 22 17 22 0.9766337 
602 132 18 24 0.9759713 
307 15 19 25 0.97541547 
945 6 17 23 0.9730918 
670 0 22 25 0.97295266 
458 161 20 25 0.97286487 
243 20 19 25 0.9711505 
882 39 19 27 0.96754485 
529 175 19 25 0.96438587 
180 19 20 25 0.9642112 
880 9 19 24 0.9401698 
939 145 22 31 0.882487 
808 27 17 21 0.8773708 
966 190 28 34 0.784518 
1010 78 15 27 0.6997309 
911 141 17 22 0.45683455 
332 53 16 22 0.40207443 
108 19 14 17 0.20269185 
486 33 10 11 0.16154106 
394 37 14 16 0.14846712 
117 0 15 16 0.13734607 
6 36 14 19 0.13660462 
92 13 13 17 0.1353333 
919 156 22 28 0.12872331 
928 153 23 27 0.12293503 
27 26 13 17 0.11095893 
754 51 23 27 0.10879868 
660 64 24 25 0.10362031 
916 136 24 31 0.10268861 
457 228 20 24 0.097403646 
43 0 12 11 0.09679155 
897 -1 16 20 0.09601696 
390 42 17 19 0.08797527 
910 52 12 17 0.076857924 
485 107 10 11 0.07641753 
108 -1 14 13 0.07295892 
656 73 26 30 0.06976002 
157 -1 17 14 0.06708987 
54 1 13 13 0.058796357 
1012 170 12 20 0.05498929 
283 63 23 28 0.05489019 
386 72 24 31 0.054508157 
329 90 17 22 0.052125443 
978 185 19 23 0.05086185 
885 2 20 25 0.050520957 
146 61 13 17 0.048894536 
334 -2 12 12 0.047159363 
100 13 15 19 0.044147186 
105 67 16 20 0.043771293 
173 -2 17 14 0.042941246 
635 197 16 20 0.04218283 
86 19 15 18 0.04211044 
143 67 14 19 0.04141102 
28 4 12 14 0.038826793 
155 4 21 26 0.03806933 
431 45 14 17 0.037372198 
851 48 17 21 0.035846423 
126 68 20 25 0.03573115 
405 100 14 19 0.033299457 
5 320 13 17 0.033099905 
84 25 16 20 0.032723743 
118 20 16 20 0.032631338 
693 0 16 19 0.03218323 
554 165 15 18 0.032117438 
845 50 14 19 0.03134679 
122 40 16 19 0.030916505 
389 46 21 27 0.030196706 
909 156 21 29 0.03002557 
391 57 23 32 0.028779853 
840 194 27 30 0.028520774 
433 35 17 17 0.027331261 
613 89 26 32 0.027260704 
476 127 22 27 0.027224772 
115 66 21 26 0.027160386 
428 41 24 27 0.026823688 
989 216 23 29 0.026720244 
101 0 16 17 0.026023373 
481 104 9 12 0.025920967 
235 -2 14 15 0.025783427 
20 23 14 19 0.025385465 
875 63 15 20 0.02515044 
547 167 19 24 0.024720838 
104 25 12 16 0.024613326 
46 87 15 17 0.024575014 
508 36 11 13 0.02410326 
481 31 11 12 0.023803206 
481 35 13 16 0.02352509 
381 0 12 12 0.023298077 
685 129 14 19 0.023134476 
435 26 17 18 0.022743624 
761 45 18 22 0.022673558 
929 132 28 35 0.022617266 
5 5 13 14 0.022591406 
197 8 15 20 0.022573518 
669 14 18 22 0.022405535 
50 -3 22 21 0.022325672 
373 1 14 17 0.021936093 
1004 101 19 32 0.02179531 
857 1 16 21 0.021637969 
149 16 15 21 0.021520548 
381 31 16 20 0.02130233 
38 -7 22 22 0.020999007 
951 2 17 23 0.020763306 
1013 218 11 18 0.02073845 
710 77 25 33 0.020647783 
202 2 16 20 0.020537434 
327 -1 14 12 0.02052338 
661 0 20 22 0.020265391 
150 -2 14 13 0.02021913 
76 25 13 18 0.020081386 
92 5 14 16 0.020033095 
