39_Ice_Skating_iceskiing_39_943
57
574 811 81 114 0.9966524 
424 192 73 95 0.9963159 
164 848 65 96 0.7843802 
761 394 59 68 0.7451849 
109 307 31 53 0.24222516 
416 743 9 12 0.23562646 
593 306 354 470 0.20775929 
375 940 390 530 0.14953238 
48 311 60 65 0.11875228 
134 859 68 90 0.0746245 
81 306 49 57 0.059760876 
386 692 10 14 0.058342434 
493 532 30 30 0.04357348 
371 285 432 524 0.040486198 
757 398 38 48 0.040264025 
434 742 8 10 0.038974896 
370 177 14 17 0.037559353 
-12 966 224 276 0.035873916 
436 441 25 32 0.035061106 
140 998 14 18 0.03449228 
593 943 193 266 0.033517417 
328 167 11 14 0.03273453 
482 517 15 16 0.031031469 
385 720 7 10 0.030871416 
703 339 40 46 0.029850328 
47 1048 136 153 0.028960677 
384 635 8 11 0.02877964 
356 637 11 15 0.028328389 
526 430 14 18 0.027607894 
39 734 10 11 0.027515171 
360 666 10 13 0.027280832 
341 738 9 11 0.02726114 
749 413 65 81 0.026878582 
173 1014 14 16 0.026707532 
554 873 339 432 0.02650678 
349 701 8 12 0.026285864 
389 982 42 55 0.026151592 
469 764 11 15 0.025854656 
168 1020 26 31 0.025276814 
98 1171 14 15 0.025273107 
421 748 9 11 0.025054304 
631 492 167 251 0.024819624 
416 737 9 12 0.024081485 
6 322 114 139 0.023326157 
100 325 36 51 0.02316407 
685 437 14 19 0.02241078 
742 394 35 41 0.022378838 
398 749 8 11 0.022348044 
367 743 7 10 0.022088617 
797 399 34 46 0.022062501 
424 728 8 9 0.021852983 
374 677 8 11 0.021421283 
359 687 7 11 0.021364223 
768 358 58 76 0.021223549 
38 332 72 76 0.02095116 
1004 518 10 12 0.020341748 
785 411 39 46 0.020022122 
