39_Ice_Skating_iceskiing_39_819
29
287 267 75 98 0.9948472 
696 682 50 58 0.35308114 
416 257 28 31 0.13034102 
642 205 203 267 0.08419542 
718 281 47 68 0.08412727 
446 237 13 17 0.07609556 
505 289 23 36 0.06699707 
412 496 52 59 0.06520206 
264 231 363 445 0.046227906 
678 272 98 120 0.04507406 
717 680 34 42 0.042437166 
413 263 56 55 0.04136977 
361 384 203 259 0.03657807 
746 237 89 147 0.036296878 
831 839 85 108 0.03541179 
445 33 409 467 0.034458477 
440 235 24 26 0.030130059 
515 287 15 25 0.029676937 
720 274 35 43 0.02765424 
884 882 36 45 0.027461398 
407 483 129 144 0.026478482 
711 838 145 152 0.025213193 
805 884 34 37 0.025045138 
425 244 29 33 0.024397472 
422 243 59 57 0.021618858 
424 327 33 35 0.021178128 
779 159 27 37 0.021085687 
927 737 41 43 0.02041027 
716 746 96 112 0.020300917 
