39_Ice_Skating_iceskiing_39_416
29
399 267 68 88 0.99472445 
553 115 461 570 0.0905049 
844 123 12 15 0.05130781 
76 430 11 12 0.04006276 
28 327 11 12 0.03872897 
39 347 10 13 0.033573676 
168 387 8 10 0.03316286 
41 367 9 10 0.032801148 
65 319 8 8 0.032718617 
168 407 8 10 0.03255505 
531 479 36 33 0.03236859 
836 157 11 15 0.02976716 
23 327 10 12 0.0286653 
49 326 9 11 0.027234461 
686 38 9 13 0.026797993 
70 319 9 11 0.026347034 
24 366 10 12 0.025698833 
6 336 9 12 0.025147868 
159 390 8 10 0.023652764 
151 399 10 11 0.02363733 
55 349 9 12 0.0232225 
58 366 8 10 0.022655621 
652 65 16 20 0.022621883 
61 311 9 11 0.022557562 
683 44 9 12 0.022287333 
33 349 9 11 0.0221453 
55 309 10 11 0.021739246 
2 429 14 18 0.020342046 
46 319 9 11 0.020328604 
