39_Ice_Skating_Ice_Skating_39_388
18
239 338 96 119 0.99960977 
451 311 103 143 0.99958485 
883 341 66 86 0.9985967 
779 359 66 92 0.9976059 
35 294 67 94 0.9970372 
383 313 69 89 0.99687815 
200 289 63 82 0.9155638 
648 375 56 70 0.84797347 
423 307 87 117 0.5141419 
461 344 407 474 0.22365193 
213 303 85 115 0.16794597 
986 367 30 43 0.064543195 
845 442 44 61 0.045321565 
616 336 88 122 0.028176297 
828 460 57 69 0.02555506 
1012 423 14 26 0.024945049 
986 377 36 64 0.021353237 
509 444 237 311 0.02048822 
