39_Ice_Skating_Ice_Skating_39_417
25
319 245 64 80 0.99776983 
251 247 54 74 0.9977265 
503 282 69 88 0.9976472 
615 201 73 99 0.9955253 
478 165 14 20 0.99381316 
866 178 14 17 0.9048709 
370 166 16 19 0.84379107 
244 191 27 31 0.38751972 
980 165 10 12 0.2521307 
197 282 30 52 0.07621464 
424 207 9 11 0.069533326 
245 185 18 21 0.0672215 
976 169 13 19 0.057985228 
257 185 17 22 0.056953114 
257 708 28 35 0.055823643 
243 183 44 50 0.034108404 
390 218 27 45 0.032976523 
301 338 375 428 0.030082773 
989 168 10 13 0.029677376 
355 176 14 18 0.027133489 
981 175 16 19 0.02264427 
475 199 31 40 0.021869441 
483 191 27 34 0.021457627 
205 270 44 61 0.021238409 
312 180 12 15 0.020373663 
