26_Soldier_Drilling_Soldiers_Drilling_26_893
26
465 82 37 58 0.48417446 
54 480 29 32 0.0922804 
421 83 29 44 0.08294347 
423 420 70 90 0.07830879 
109 463 17 22 0.077872366 
128 445 11 12 0.057362467 
725 424 96 137 0.05705998 
239 331 98 133 0.05176164 
367 378 34 39 0.041803986 
994 12 30 54 0.040426157 
656 437 105 151 0.039887868 
302 538 28 30 0.03451635 
123 480 33 45 0.032660343 
703 474 29 41 0.030185875 
51 492 29 35 0.028856039 
420 94 45 60 0.027400237 
54 482 17 19 0.027311508 
253 273 35 44 0.026998414 
377 394 84 110 0.024448548 
85 183 363 399 0.024175687 
60 477 18 21 0.022562444 
264 370 101 116 0.021936646 
430 268 356 472 0.021864476 
127 450 14 18 0.021600712 
691 461 64 91 0.021249523 
422 445 110 120 0.021082455 
