26_Soldier_Drilling_Soldiers_Drilling_26_85
82
59 352 30 41 0.9996406 
598 397 31 34 0.9986279 
217 360 28 33 0.9968731 
-1 598 30 52 0.9901427 
385 381 10 13 0.90603447 
232 636 24 38 0.30225408 
383 619 31 38 0.30173013 
189 419 10 13 0.1521596 
487 1064 42 36 0.098106325 
246 395 12 15 0.094321944 
489 416 9 12 0.09191117 
329 384 7 10 0.090056635 
327 389 8 9 0.08421921 
264 423 13 15 0.08184696 
69 457 26 28 0.0758354 
862 817 38 48 0.07034631 
362 406 9 12 0.06976775 
264 647 29 33 0.06626085 
436 1043 23 30 0.06322754 
275 636 22 38 0.058835186 
240 411 11 15 0.058529623 
452 1193 65 49 0.053007066 
792 15 177 267 0.04827156 
238 396 17 20 0.048043486 
370 392 7 10 0.043980602 
765 333 21 29 0.043271974 
263 405 10 13 0.04307537 
364 609 43 49 0.041837238 
374 397 10 12 0.041730147 
248 436 11 13 0.04172398 
221 639 26 41 0.039760545 
493 415 7 10 0.03925794 
382 375 17 22 0.03902898 
226 402 15 20 0.037069432 
335 389 8 11 0.03675412 
480 408 6 8 0.034747213 
6 1100 59 68 0.03350933 
252 401 13 17 0.03344876 
322 390 8 10 0.03312858 
598 622 31 39 0.03285507 
907 800 25 32 0.03190077 
382 621 52 56 0.03170624 
372 591 32 39 0.030832537 
417 392 7 9 0.030784195 
184 429 10 12 0.029708823 
859 438 12 15 0.029593106 
332 383 9 12 0.02931101 
312 411 10 15 0.029004155 
351 393 7 9 0.02899648 
268 432 12 15 0.02841646 
401 398 8 10 0.027685778 
182 438 10 12 0.027616126 
985 891 39 44 0.027059829 
427 1194 52 49 0.026388288 
479 431 7 10 0.02632835 
408 406 8 10 0.026251862 
405 1031 413 490 0.025079062 
194 406 9 11 0.024608705 
351 397 7 10 0.024568401 
388 385 10 13 0.024507185 
936 771 93 129 0.02406126 
142 561 204 244 0.023861473 
374 390 9 12 0.023594504 
261 727 42 42 0.02344335 
489 391 7 10 0.02329238 
431 390 7 9 0.023171363 
399 391 8 11 0.0230259 
343 392 8 9 0.022516426 
449 425 7 9 0.02242448 
263 411 10 12 0.022373755 
-1 1084 45 64 0.02228571 
627 301 12 15 0.021698987 
473 408 7 9 0.021477826 
368 397 8 11 0.021284467 
381 397 10 12 0.021245785 
241 649 36 33 0.021153862 
806 367 11 14 0.020924376 
571 667 27 28 0.020911485 
226 417 14 16 0.020684544 
687 328 19 28 0.02061968 
254 803 40 46 0.020536644 
861 431 10 12 0.020520082 
