26_Soldier_Drilling_Soldiers_Drilling_26_619
100
460 213 30 39 0.9947167 
816 245 25 26 0.9757884 
648 444 54 63 0.55618465 
212 151 14 18 0.3484598 
766 298 25 27 0.3162544 
677 315 14 19 0.29468396 
375 247 26 31 0.25304312 
114 252 22 26 0.204587 
755 306 27 29 0.20004176 
132 253 16 21 0.19608966 
56 241 24 28 0.1883212 
893 373 15 18 0.16874151 
67 242 15 21 0.1374896 
363 241 42 53 0.11610165 
5 230 22 33 0.08861549 
190 409 11 12 0.08597038 
982 101 14 16 0.07329863 
718 362 10 14 0.06664005 
260 512 10 12 0.064638525 
289 496 8 10 0.06237132 
564 102 14 17 0.058334548 
636 241 12 15 0.05361438 
755 300 19 20 0.05069178 
864 310 10 11 0.047479477 
296 496 8 11 0.046436027 
937 358 19 21 0.044725943 
724 352 24 31 0.0434133 
110 250 15 20 0.042852737 
411 335 18 22 0.041151006 
116 247 15 18 0.040657617 
999 89 12 17 0.040234335 
170 127 24 29 0.039841272 
239 505 9 10 0.03867348 
831 249 18 20 0.03845295 
775 382 24 31 0.038136918 
750 315 28 35 0.03766275 
599 149 14 16 0.037563547 
505 31 11 14 0.037136566 
708 245 13 17 0.03683833 
301 500 8 9 0.035979487 
702 249 13 16 0.03542598 
615 118 14 16 0.03490506 
771 284 15 16 0.034823716 
279 521 9 10 0.034741227 
588 107 12 14 0.034667064 
215 528 10 13 0.033781316 
981 88 23 30 0.033638973 
195 123 13 15 0.03338781 
926 395 13 16 0.033161312 
25 184 184 275 0.032305956 
698 326 24 29 0.031871326 
327 510 9 11 0.031016702 
104 252 12 18 0.028887093 
111 275 11 14 0.028814197 
289 501 9 10 0.028093074 
689 97 460 483 0.028025428 
445 212 26 33 0.027935987 
328 486 8 10 0.027802683 
272 503 9 10 0.027688604 
277 502 8 10 0.027408203 
-29 83 332 452 0.027365282 
901 335 15 16 0.027151793 
141 410 13 12 0.026857158 
256 503 8 9 0.026559826 
805 247 16 19 0.025959553 
971 375 30 35 0.025567863 
812 347 17 19 0.025519876 
858 338 18 19 0.025439057 
182 303 23 28 0.025408138 
62 199 21 27 0.025334207 
965 370 14 18 0.025314443 
272 484 9 11 0.025298283 
848 372 11 12 0.025297686 
197 156 12 16 0.025282538 
202 437 9 10 0.02467893 
982 69 11 14 0.024498452 
187 148 12 17 0.024280645 
959 425 12 15 0.024084266 
111 267 13 17 0.023997894 
157 440 10 12 0.023952061 
280 495 8 10 0.023650704 
768 322 34 39 0.023363225 
206 138 23 28 0.023349045 
271 528 9 10 0.023045283 
965 370 25 32 0.022861408 
240 464 9 10 0.02267332 
294 479 7 10 0.022537116 
289 144 25 31 0.022173759 
961 356 24 30 0.021846086 
953 431 26 38 0.021439543 
417 -5 417 562 0.021316918 
494 48 14 15 0.02129309 
278 510 7 9 0.02102326 
966 319 9 12 0.020839838 
775 302 26 28 0.020806434 
233 520 8 11 0.020344397 
245 527 11 13 0.020313991 
418 333 13 17 0.020109728 
846 366 11 12 0.020087399 
67 134 17 22 0.020017723 
