26_Soldier_Drilling_Soldiers_Drilling_26_178
27
877 145 105 117 0.99967015 
185 126 65 74 0.9992205 
288 134 57 70 0.99753237 
548 108 91 99 0.99702567 
700 76 88 108 0.996999 
124 97 54 62 0.99629337 
349 154 76 84 0.995135 
452 115 76 94 0.99394256 
775 144 52 63 0.9239717 
646 137 55 68 0.63495475 
67 335 56 69 0.16801701 
600 116 83 101 0.14961816 
727 105 85 97 0.12806511 
661 100 84 100 0.121311486 
347 373 38 46 0.079804555 
946 2 42 43 0.04468885 
991 69 31 47 0.04062061 
840 393 18 21 0.03639713 
489 91 93 114 0.033473514 
157 273 37 43 0.028863352 
381 399 49 61 0.027078483 
311 121 77 90 0.02585305 
971 -2 46 59 0.025076898 
459 164 65 72 0.024001636 
875 415 29 35 0.02205446 
983 290 38 53 0.0219873 
344 176 97 108 0.020172272 
