26_Soldier_Drilling_Soldiers_Drilling_26_764
24
690 127 22 27 0.996687 
86 133 9 12 0.96455175 
69 140 8 11 0.38176632 
805 164 9 12 0.2709606 
741 167 9 12 0.17046872 
117 142 26 38 0.102216974 
205 130 35 42 0.07469065 
831 161 30 44 0.04908363 
186 121 39 47 0.03635588 
83 129 17 22 0.035336383 
157 128 16 22 0.032069504 
737 169 11 15 0.03198394 
69 145 11 14 0.028444033 
67 137 8 11 0.02703094 
167 134 25 34 0.026906483 
811 164 11 15 0.025915671 
802 161 9 12 0.025309404 
835 142 43 54 0.02348031 
556 644 16 17 0.023292046 
81 138 10 12 0.021710638 
221 133 30 35 0.02167349 
817 363 39 41 0.021233698 
138 139 16 18 0.020370446 
123 137 17 23 0.020245973 
