26_Soldier_Drilling_Soldiers_Drilling_26_1022
23
143 318 15 19 0.31936005 
85 493 22 27 0.25715104 
619 49 395 478 0.150477 
59 562 23 28 0.1131741 
258 416 29 39 0.06762075 
194 23 211 257 0.046883628 
230 336 10 14 0.035274934 
223 317 12 17 0.032235593 
312 352 12 15 0.03175313 
158 284 11 13 0.031139592 
924 535 14 19 0.030155798 
227 343 31 42 0.028954647 
168 321 12 16 0.02830573 
794 487 25 30 0.025517076 
708 531 15 23 0.025469303 
31 454 24 31 0.0250703 
77 305 17 21 0.025067119 
208 341 12 14 0.023628265 
720 579 14 17 0.021578236 
159 318 10 15 0.021529939 
65 554 22 26 0.020812554 
54 567 17 22 0.020654593 
704 568 24 28 0.020134041 
