26_Soldier_Drilling_Soldiers_Drilling_26_64
30
455 179 52 64 0.9996817 
662 165 49 63 0.99929714 
586 191 27 32 0.9833515 
51 162 47 57 0.94948137 
762 182 14 20 0.1876631 
685 338 21 28 0.1866325 
265 179 16 19 0.1342672 
835 193 15 19 0.12311496 
538 166 25 30 0.11671968 
676 345 25 34 0.08522152 
334 224 46 58 0.078298345 
19 156 42 52 0.07534334 
363 410 21 29 0.07195128 
668 359 26 30 0.06532256 
800 145 12 16 0.049997937 
370 401 16 22 0.04028109 
630 365 25 36 0.037800416 
274 180 14 19 0.03474395 
616 341 43 53 0.0293658 
669 371 17 22 0.028382031 
788 199 11 13 0.027372248 
385 239 9 12 0.026175447 
315 200 17 21 0.026066568 
778 251 27 27 0.025872443 
353 181 16 17 0.024659915 
823 196 11 15 0.0241063 
261 185 23 26 0.022622952 
748 185 23 28 0.021135101 
635 364 16 19 0.020530414 
832 200 12 16 0.020100338 
