26_Soldier_Drilling_Soldiers_Drilling_26_942
36
100 196 38 47 0.94254595 
355 198 41 45 0.89929485 
347 135 20 31 0.5392096 
781 223 112 131 0.39773968 
217 202 39 52 0.3227721 
82 305 28 31 0.26103404 
84 198 34 41 0.12847398 
293 271 29 42 0.12416978 
357 136 20 28 0.09254352 
373 136 15 24 0.07543737 
634 34 34 34 0.07232978 
833 255 66 68 0.07166416 
285 106 15 17 0.06227478 
397 91 15 18 0.05616479 
202 216 43 51 0.053499416 
146 452 9 13 0.042044073 
256 478 118 102 0.037119582 
524 41 366 404 0.03540646 
711 101 125 144 0.034723356 
190 230 44 50 0.034023613 
730 140 174 224 0.033710543 
63 602 27 36 0.032603804 
622 64 109 129 0.030742992 
617 57 226 255 0.03072226 
93 415 14 16 0.030125175 
83 207 17 22 0.028614415 
855 282 38 42 0.02842847 
618 35 54 67 0.025654564 
636 78 59 72 0.024694912 
235 406 14 17 0.023557205 
230 412 13 18 0.023016019 
758 36 21 29 0.021786425 
80 314 14 19 0.021397484 
511 146 11 14 0.020941958 
232 217 28 46 0.020507893 
70 327 10 14 0.020286918 
