26_Soldier_Drilling_Soldiers_Drilling_26_390
21
461 202 61 75 0.4066688 
369 420 97 118 0.38302082 
460 175 47 64 0.16127263 
462 170 28 43 0.055015154 
374 397 43 45 0.053969827 
673 479 32 36 0.041349296 
625 413 10 12 0.039929315 
216 151 30 31 0.039124157 
460 220 40 47 0.02925554 
370 404 61 71 0.029172592 
402 13 28 30 0.027663214 
445 339 412 427 0.02727243 
610 485 39 37 0.026873296 
76 406 27 31 0.025842255 
410 423 98 121 0.023271415 
370 44 12 14 0.023079617 
528 76 25 39 0.022951223 
428 19 13 16 0.021873767 
618 410 245 295 0.021406857 
488 163 57 63 0.020218622 
401 407 76 81 0.020017598 
