26_Soldier_Drilling_Soldiers_Drilling_26_529
50
178 236 40 50 0.9984321 
751 313 50 60 0.9963947 
467 330 55 66 0.9951573 
530 127 45 53 0.9946807 
362 128 43 55 0.99353105 
441 167 40 52 0.9779759 
758 460 16 21 0.31657988 
720 479 26 33 0.22464147 
726 472 16 20 0.2217932 
659 479 23 27 0.18396585 
866 475 34 36 0.18271714 
890 205 10 12 0.10314741 
933 199 10 12 0.087687895 
664 473 21 22 0.08395429 
952 227 12 14 0.06091239 
894 231 10 13 0.05274065 
995 197 12 13 0.051692687 
944 228 10 14 0.051153764 
775 470 12 14 0.046852857 
751 465 15 19 0.046381213 
956 227 15 18 0.044316843 
71 236 13 16 0.042048026 
717 228 13 15 0.041251644 
721 495 19 22 0.041109335 
917 207 11 14 0.038354836 
1013 164 10 15 0.035768136 
426 470 52 43 0.03364737 
912 221 9 13 0.030307781 
901 231 9 12 0.03019721 
835 229 12 15 0.03009555 
87 481 19 21 0.02989421 
889 231 11 13 0.029579107 
705 483 27 32 0.029314397 
729 469 24 28 0.029057644 
868 448 26 28 0.027636556 
521 475 48 50 0.026768358 
68 654 18 20 0.026638465 
718 474 16 21 0.0249941 
694 491 16 18 0.024522508 
829 685 14 16 0.024324467 
197 541 12 15 0.024038972 
58 653 54 59 0.023823319 
410 481 55 57 0.023409296 
125 534 14 16 0.023141399 
712 223 11 14 0.021845985 
903 237 9 11 0.021766992 
724 462 12 17 0.02137585 
799 229 13 16 0.020865308 
695 490 26 28 0.0202568 
944 498 14 17 0.020103034 
