26_Soldier_Drilling_Soldiers_Drilling_26_750
23
458 247 94 122 0.999032 
22 215 103 211 0.9970168 
318 277 45 63 0.9697481 
767 172 71 151 0.88510114 
817 720 15 19 0.1382585 
794 178 108 139 0.09944912 
613 347 327 465 0.06499158 
652 588 16 24 0.062787004 
846 156 85 133 0.039738186 
314 254 70 100 0.03779525 
821 719 24 26 0.032733735 
627 483 32 41 0.031095913 
728 422 129 199 0.029435394 
707 630 54 65 0.029234482 
472 497 47 56 0.02915644 
136 323 12 18 0.025108049 
660 570 27 30 0.023332573 
814 727 14 18 0.021611683 
800 717 22 30 0.02146392 
300 294 35 46 0.02074458 
624 457 13 19 0.020267408 
625 467 30 35 0.020099621 
858 218 107 131 0.020026702 
