26_Soldier_Drilling_Soldiers_Drilling_26_719
46
460 213 33 38 0.909333 
815 244 25 26 0.8040859 
115 254 22 27 0.7994489 
51 241 27 32 0.35220975 
60 197 22 27 0.18944465 
377 246 25 31 0.12683585 
435 253 16 18 0.118820995 
805 247 16 20 0.09578222 
124 251 22 28 0.09019087 
967 371 33 36 0.089874454 
212 144 17 21 0.06729488 
772 282 12 13 0.06533774 
66 240 16 22 0.0594295 
449 211 30 34 0.056080222 
504 31 12 15 0.051532056 
994 402 17 20 0.047922302 
365 238 41 55 0.047622908 
985 389 26 32 0.043016046 
105 251 36 45 0.041831564 
989 371 26 38 0.04009547 
644 446 52 57 0.038912714 
804 248 28 30 0.037141185 
586 144 446 499 0.036890022 
993 424 14 19 0.03449807 
111 262 15 22 0.030893894 
435 247 26 30 0.03083366 
132 238 12 16 0.030792356 
777 299 17 19 0.03031801 
389 271 39 58 0.030213911 
650 103 34 35 0.029986175 
288 495 8 10 0.028682288 
5 227 22 35 0.026233934 
192 293 42 52 0.026027737 
257 511 10 12 0.025783787 
833 235 15 19 0.025508402 
727 78 29 35 0.025002193 
853 299 11 13 0.024859603 
239 504 9 11 0.024644732 
979 410 28 34 0.02464404 
804 256 15 18 0.023271944 
293 480 8 10 0.023262823 
124 243 16 20 0.022728253 
116 246 16 20 0.020855112 
4 219 37 52 0.020809734 
678 192 29 27 0.020765634 
699 354 128 113 0.020012405 
