26_Soldier_Drilling_Soldiers_Drilling_26_236
26
600 175 110 112 0.99903905 
476 203 43 75 0.9881831 
980 238 41 59 0.9641592 
366 376 90 77 0.94672346 
704 137 88 135 0.34479025 
550 235 28 37 0.25825956 
536 220 39 61 0.15539038 
659 147 100 141 0.10655731 
51 672 198 287 0.09600819 
0 422 48 69 0.052762184 
163 292 12 16 0.04903567 
520 209 36 65 0.034251194 
510 395 108 165 0.030532306 
186 365 32 30 0.029725337 
8 7 8 12 0.026404703 
588 85 123 140 0.02632144 
440 713 111 135 0.024390811 
115 612 462 496 0.023877798 
764 820 100 125 0.023582116 
550 248 17 21 0.022236554 
-22 331 186 248 0.021666033 
5 23 7 9 0.02123772 
328 386 69 79 0.02086284 
446 355 51 64 0.020785216 
385 405 51 43 0.020773346 
467 351 46 59 0.020395229 
