26_Soldier_Drilling_Soldiers_Drilling_26_262
235
575 273 21 31 0.9959079 
759 326 23 30 0.9936813 
954 292 23 29 0.9905504 
274 293 24 29 0.9901832 
474 311 22 27 0.9868749 
301 210 15 19 0.98522514 
917 283 27 33 0.9852181 
691 278 21 27 0.9846021 
404 193 13 17 0.9821947 
609 275 21 26 0.9812578 
800 285 23 29 0.97975576 
621 318 21 28 0.977549 
534 266 24 30 0.9724611 
725 281 23 30 0.9700791 
1004 266 21 30 0.967633 
126 264 22 26 0.9630788 
763 248 20 25 0.9626736 
168 265 23 29 0.9573572 
370 218 14 17 0.956512 
780 272 22 27 0.9563632 
76 259 24 29 0.95511544 
439 217 15 20 0.9513937 
219 232 17 20 0.9500055 
223 263 20 25 0.9494617 
853 291 21 27 0.9452775 
449 273 21 26 0.9445132 
592 241 15 18 0.91667867 
486 243 13 17 0.9127514 
300 266 19 22 0.8938418 
638 281 22 25 0.8866311 
4 260 22 28 0.87746596 
90 213 14 17 0.87723243 
867 254 17 22 0.8394738 
650 233 13 17 0.8251585 
684 221 14 17 0.81858885 
167 211 13 16 0.8140441 
340 259 22 27 0.8117802 
474 227 13 16 0.7875042 
527 217 13 16 0.760824 
965 235 21 26 0.74379355 
124 237 17 20 0.74133074 
241 260 20 24 0.7400606 
37 273 22 26 0.7072819 
60 256 18 23 0.69656664 
206 251 14 19 0.6728285 
353 228 13 16 0.66483516 
512 266 18 23 0.6632142 
149 246 16 21 0.6620617 
496 222 11 14 0.64367634 
428 263 17 22 0.6384444 
421 259 14 20 0.5984462 
803 247 16 18 0.5851805 
460 535 23 34 0.5804158 
392 265 15 21 0.54441327 
323 218 18 20 0.52724934 
586 225 15 18 0.48751447 
521 264 23 28 0.47726202 
331 269 15 22 0.46503964 
218 207 14 16 0.44419652 
248 217 15 17 0.44017833 
381 219 13 16 0.3451128 
979 278 16 24 0.26388726 
451 219 12 16 0.25425005 
692 249 22 26 0.23067528 
602 221 13 16 0.19587487 
264 217 13 16 0.19359882 
405 220 10 13 0.16977234 
106 258 15 20 0.16830678 
180 228 13 16 0.16497974 
321 231 21 25 0.16454574 
523 239 15 17 0.15685183 
596 224 16 19 0.15433283 
745 256 16 20 0.150262 
828 290 15 20 0.14895953 
647 276 19 24 0.14479187 
640 234 13 18 0.14260319 
46 232 16 18 0.14132021 
116 223 10 14 0.14088948 
399 227 11 14 0.1368889 
378 288 17 24 0.13335878 
263 241 13 18 0.12811278 
879 314 15 18 0.12526572 
356 286 24 27 0.11543203 
714 235 16 19 0.11033646 
897 290 13 17 0.10656504 
814 286 21 28 0.1057588 
901 242 12 17 0.10133607 
416 258 13 18 0.09892907 
930 250 17 19 0.0923555 
834 288 17 22 0.090166725 
488 301 456 509 0.08718654 
433 265 21 26 0.0844192 
358 498 34 52 0.08110702 
426 254 17 20 0.07597925 
715 264 17 21 0.07317242 
122 242 23 27 0.06928825 
966 289 21 28 0.06912866 
131 60 38 50 0.06867037 
320 226 13 16 0.06864564 
524 223 15 18 0.068260364 
46 211 21 25 0.0676789 
724 242 15 19 0.06741428 
347 266 25 29 0.065091744 
812 259 17 19 0.062689215 
834 250 15 19 0.062089406 
897 271 15 20 0.061172057 
490 237 14 18 0.059544627 
37 248 14 17 0.059323054 
405 497 46 67 0.058393538 
233 262 20 24 0.056443565 
61 213 13 18 0.053965136 
91 221 16 19 0.05073521 
493 218 19 23 0.049982294 
144 244 14 17 0.049894948 
263 257 13 19 0.04965471 
323 259 14 19 0.048721097 
155 204 14 17 0.048404615 
924 255 21 24 0.04791498 
461 220 10 15 0.047670703 
159 261 20 26 0.047020495 
623 278 25 28 0.046499662 
270 637 42 45 0.046116475 
523 246 16 20 0.045902226 
465 274 15 20 0.04532113 
913 255 20 25 0.044362586 
219 475 14 20 0.043856565 
896 278 19 26 0.043649737 
268 98 12 14 0.04355314 
42 239 18 22 0.04258362 
62 245 37 47 0.042447995 
704 256 20 26 0.042308126 
961 272 23 29 0.04220952 
679 216 13 17 0.041346986 
66 260 20 24 0.040348157 
111 256 21 27 0.040211476 
126 43 11 13 0.03970053 
312 260 20 28 0.03952593 
841 281 16 22 0.0394857 
154 244 23 32 0.03906713 
263 225 14 17 0.039017446 
266 187 12 17 0.03897307 
35 42 43 50 0.03886732 
39 206 10 14 0.038441863 
878 284 14 18 0.03716684 
50 260 20 26 0.037151765 
738 259 23 30 0.037137635 
135 87 14 20 0.03687476 
707 241 19 25 0.03658169 
282 45 14 18 0.0362688 
715 247 20 26 0.0358111 
985 276 17 23 0.035795785 
328 224 17 20 0.035743985 
268 183 10 13 0.035600983 
318 234 15 19 0.035487868 
67 212 13 15 0.035455596 
677 245 13 16 0.035180468 
97 212 12 16 0.034868985 
687 253 14 16 0.034110162 
247 252 19 26 0.033829648 
319 213 12 16 0.0337876 
668 213 12 16 0.033612162 
197 254 16 21 0.03329055 
0 263 14 21 0.033271074 
372 293 17 22 0.032451008 
909 278 24 31 0.03210153 
592 276 22 28 0.03172239 
142 228 11 15 0.031683825 
283 237 11 16 0.031667177 
283 273 16 20 0.03141981 
29 616 28 37 0.031217147 
184 60 10 13 0.030731756 
407 254 13 18 0.030435102 
38 211 14 20 0.03022107 
338 268 18 24 0.030191429 
121 71 27 36 0.029765297 
503 266 13 18 0.029686667 
756 69 64 48 0.029057644 
706 266 22 27 0.02851361 
386 215 13 15 0.027749522 
843 288 18 24 0.027708147 
39 218 22 27 0.02766421 
35 252 22 29 0.027524654 
492 265 14 18 0.027115647 
726 265 25 31 0.02702151 
509 275 16 22 0.026983293 
372 487 58 73 0.026635267 
670 215 19 25 0.026360065 
935 287 26 32 0.026233295 
413 242 14 18 0.026137503 
713 271 22 28 0.026115779 
296 198 23 29 0.025898196 
211 237 19 24 0.025867295 
486 265 12 17 0.025696745 
390 225 13 16 0.025542809 
184 53 11 14 0.025456287 
657 233 12 18 0.025407767 
285 292 23 30 0.025398899 
979 290 21 30 0.025380617 
611 221 10 14 0.025271228 
648 7 27 28 0.025040947 
436 523 39 54 0.024983833 
144 147 12 15 0.024836913 
370 283 17 23 0.02478696 
138 79 17 23 0.02437022 
130 231 16 18 0.024171323 
730 253 22 28 0.024170715 
176 232 13 17 0.024126511 
419 244 15 18 0.023985902 
215 200 12 15 0.0236771 
411 191 11 14 0.023574525 
276 93 11 14 0.023476284 
565 127 8 11 0.023461904 
119 264 16 20 0.02294501 
3 252 17 23 0.022931065 
634 291 20 24 0.022917619 
185 258 18 22 0.02246211 
11 627 32 31 0.022303825 
550 236 14 18 0.022123717 
44 207 13 15 0.021869035 
228 209 12 16 0.021737471 
202 198 22 26 0.021700982 
196 209 15 18 0.02147337 
80 212 10 14 0.02145951 
397 232 12 15 0.021441624 
677 232 13 18 0.021265868 
955 263 24 28 0.020798983 
112 222 19 24 0.020586252 
329 250 23 29 0.02043184 
141 237 11 15 0.020430913 
898 532 35 46 0.020364676 
103 45 12 15 0.020313181 
285 106 10 15 0.020171635 
726 245 21 26 0.020107286 
334 231 20 25 0.020043166 
264 206 13 18 0.02001709 
