26_Soldier_Drilling_Soldiers_Drilling_26_184
17
416 307 94 128 0.99860376 
604 565 378 466 0.11801922 
113 1026 416 477 0.06562947 
37 882 420 467 0.06532631 
755 730 121 173 0.06030285 
694 656 210 301 0.058745097 
315 1126 402 441 0.05257602 
363 481 481 600 0.04525501 
154 4 194 225 0.043902516 
766 1293 23 35 0.030807653 
415 1239 243 280 0.027162528 
227 26 98 151 0.024730867 
277 49 384 535 0.02288735 
502 1351 130 144 0.022841701 
326 701 69 72 0.022555893 
611 1336 30 30 0.02183541 
891 1281 30 33 0.021761315 
