26_Soldier_Drilling_Soldiers_Drilling_26_359
30
508 661 69 97 0.8860245 
112 1407 39 52 0.29723072 
104 1510 36 38 0.25304592 
669 329 56 75 0.21285608 
539 445 40 56 0.16244021 
559 461 29 39 0.12822582 
21 1438 32 45 0.10289844 
116 1396 29 38 0.09948827 
645 337 54 76 0.06520273 
29 1422 37 58 0.059086293 
9 1444 49 69 0.05156227 
588 1210 23 26 0.05067658 
20 1463 52 70 0.032190893 
648 302 53 77 0.0320999 
772 181 106 129 0.03058265 
643 390 24 36 0.028994225 
705 332 48 71 0.027941728 
885 945 28 32 0.025940543 
514 899 18 22 0.025577392 
212 1593 25 33 0.025558705 
400 996 56 68 0.02420088 
4 1404 36 59 0.02361056 
530 452 30 44 0.02358357 
780 174 64 72 0.023567397 
554 662 59 90 0.023419105 
345 1984 38 37 0.022600625 
461 950 32 37 0.022557428 
622 357 52 71 0.022376051 
575 340 28 33 0.022304468 
5 1445 34 46 0.020626647 
