59_peopledrivingcar_peopledrivingcar_59_401
31
396 253 103 136 0.9996376 
216 257 154 204 0.9987852 
636 346 13 17 0.45885774 
651 15 14 18 0.05990677 
940 93 22 26 0.051621865 
968 49 9 11 0.04717491 
494 309 11 14 0.044115487 
811 428 201 291 0.04180166 
781 486 111 134 0.03922043 
613 347 11 16 0.035336472 
624 308 10 11 0.032787442 
659 344 13 16 0.031109104 
41 67 163 179 0.030204993 
542 478 34 33 0.02803812 
616 324 10 13 0.027885476 
458 100 429 463 0.027507536 
868 115 13 15 0.02619055 
639 0 12 9 0.025084978 
105 -34 459 481 0.024990622 
601 314 9 12 0.024902962 
927 114 13 15 0.0246229 
500 301 9 12 0.024158547 
548 316 16 22 0.02411448 
903 533 126 153 0.023969682 
725 312 14 16 0.022771657 
629 351 15 18 0.022171468 
595 0 12 11 0.021426516 
839 84 14 17 0.021278702 
521 300 49 63 0.020543432 
608 1 10 11 0.020260112 
330 243 129 168 0.020074151 
