59_peopledrivingcar_peopledrivingcar_59_1014
22
63 38 26 34 0.9635175 
423 341 23 26 0.32265604 
58 69 31 36 0.22556959 
816 322 51 56 0.18255846 
42 156 32 35 0.14800331 
56 48 40 49 0.1256817 
0 75 12 18 0.051028494 
48 167 19 21 0.047316603 
247 296 25 31 0.042492498 
2 189 17 21 0.040986057 
414 279 242 188 0.038562983 
24 45 23 37 0.03795041 
679 410 32 42 0.03366247 
872 353 17 21 0.032279488 
861 319 58 63 0.031982593 
739 422 27 36 0.029958127 
803 308 87 95 0.024926394 
420 326 27 30 0.02414185 
1 104 20 36 0.022576118 
66 86 19 22 0.0209679 
371 312 17 20 0.02090533 
93 28 13 16 0.020551743 
