59_peopledrivingcar_peopledrivingcar_59_404
30
864 182 48 65 0.99946827 
788 102 28 37 0.6632689 
698 83 14 16 0.25816664 
627 0 125 123 0.22737913 
204 401 87 79 0.14611708 
713 270 27 37 0.13010329 
740 81 14 18 0.12668361 
708 257 45 56 0.07380158 
717 273 16 20 0.06618156 
193 442 129 125 0.05690504 
198 363 76 78 0.042825654 
794 89 34 42 0.042240813 
182 0 111 103 0.04203708 
187 391 214 190 0.039688334 
693 76 25 27 0.037176717 
547 -54 389 438 0.036300674 
800 105 19 25 0.028585495 
233 382 68 75 0.027980624 
734 259 50 57 0.026503736 
799 108 28 39 0.026475076 
703 249 27 39 0.024504023 
837 107 41 53 0.024437899 
208 338 63 66 0.023773797 
767 280 38 42 0.023009602 
450 112 45 46 0.022436442 
247 503 84 66 0.021777244 
671 196 54 62 0.021519741 
721 266 16 21 0.020226525 
-95 61 416 522 0.020193497 
567 130 13 15 0.020118708 
