59_peopledrivingcar_peopledrivingcar_59_532
142
132 50 22 30 0.9877927 
232 51 22 30 0.97679716 
95 51 25 30 0.9757573 
171 91 22 27 0.9737733 
0 74 21 27 0.9264982 
64 87 25 32 0.92089665 
502 90 13 17 0.7442922 
301 73 17 21 0.65158206 
196 380 242 270 0.50118405 
786 129 15 18 0.3634717 
352 462 31 34 0.27723652 
714 129 13 16 0.2744648 
943 130 12 15 0.21933301 
672 102 11 14 0.18699425 
817 81 14 19 0.15446518 
879 83 11 13 0.1518195 
381 96 16 20 0.13678186 
513 112 14 18 0.12794489 
210 113 16 16 0.12072749 
873 115 10 12 0.10268527 
293 76 22 26 0.09577474 
373 178 18 21 0.09040424 
844 103 9 12 0.089935936 
652 100 13 17 0.084257685 
290 349 244 324 0.081073366 
257 123 17 22 0.07892226 
462 52 12 16 0.07886624 
862 109 9 12 0.07197911 
52 80 29 37 0.0713678 
841 107 11 13 0.06933656 
589 82 14 16 0.06577554 
854 25 13 17 0.05865864 
404 84 12 14 0.0584954 
506 86 14 17 0.057507854 
529 216 42 59 0.05529969 
713 96 8 11 0.054872684 
540 86 13 15 0.05421816 
177 83 26 30 0.05213453 
456 31 10 12 0.052025218 
641 332 12 14 0.051963247 
726 102 10 12 0.05008251 
653 324 10 14 0.048761547 
874 85 9 11 0.048432223 
697 100 8 10 0.047939733 
560 87 10 14 0.04700131 
782 117 19 26 0.046254992 
727 96 47 59 0.045796134 
203 102 24 27 0.044348337 
711 137 14 17 0.04422352 
536 90 11 13 0.043873105 
546 212 13 17 0.04290432 
687 110 9 12 0.0423313 
702 97 8 10 0.04181939 
82 42 32 44 0.04049432 
843 165 9 12 0.039830316 
984 93 9 12 0.03961935 
462 32 9 12 0.039276183 
230 106 16 20 0.039153747 
516 84 12 16 0.03888212 
73 56 28 33 0.035701003 
585 74 23 29 0.03559866 
845 160 8 10 0.0352284 
974 99 10 12 0.035003297 
342 73 14 15 0.034309357 
718 101 10 12 0.034165367 
469 109 11 14 0.033985943 
645 325 12 16 0.03389119 
592 47 11 13 0.033880197 
676 105 11 15 0.033718605 
564 92 11 13 0.03338311 
849 8 118 140 0.032735582 
292 89 18 22 0.032704066 
550 86 10 13 0.032109182 
448 277 12 13 0.031122701 
762 70 14 20 0.030563142 
463 78 11 14 0.028985932 
515 235 14 18 0.028647304 
765 96 43 51 0.028631564 
950 78 10 13 0.028593915 
399 197 32 39 0.028337765 
468 77 10 12 0.028290337 
876 125 11 13 0.028193628 
748 118 12 15 0.02802941 
878 89 13 14 0.02792247 
422 71 10 12 0.027843159 
779 107 15 18 0.027804404 
745 110 9 11 0.027749877 
717 120 10 12 0.027464846 
439 171 13 17 0.02723524 
522 226 24 33 0.026266532 
732 58 42 56 0.026255094 
748 173 12 14 0.026178947 
622 190 11 13 0.026141977 
749 68 24 29 0.025958974 
537 205 24 32 0.025618345 
709 145 16 18 0.025494609 
1013 125 9 14 0.025085976 
680 332 13 18 0.025070269 
807 93 11 14 0.024738751 
854 81 12 16 0.024733292 
469 192 26 29 0.024626713 
727 95 10 13 0.024501888 
575 83 10 13 0.02431776 
585 83 11 13 0.02431401 
856 104 9 11 0.024106648 
710 20 13 17 0.02390745 
926 79 9 10 0.023739936 
921 79 8 10 0.023344088 
740 115 25 35 0.023324296 
942 125 19 24 0.023246745 
581 61 9 10 0.022888044 
488 86 9 12 0.022670109 
668 85 10 12 0.022661872 
740 74 27 35 0.022632139 
354 195 14 16 0.022594359 
902 140 12 15 0.022546422 
455 190 25 29 0.022425251 
398 251 14 20 0.022308992 
245 116 27 31 0.022146234 
455 52 14 17 0.022113372 
989 93 10 13 0.022090152 
540 78 12 14 0.021543147 
945 79 10 12 0.021542737 
610 90 13 13 0.021429392 
407 184 31 38 0.021328032 
936 144 10 13 0.02121223 
896 79 10 12 0.021077037 
529 168 110 145 0.021045018 
876 79 20 25 0.020941801 
392 207 29 43 0.020834727 
467 84 12 14 0.020699348 
397 203 47 60 0.020510668 
268 129 12 16 0.02049108 
976 119 9 12 0.02041641 
870 111 20 25 0.020313222 
157 84 45 47 0.020307664 
706 56 79 107 0.020274414 
304 76 24 28 0.020253139 
902 134 11 13 0.020168463 
469 39 9 11 0.020131873 
331 185 22 25 0.020050965 
812 105 12 15 0.020031387 
