59_peopledrivingcar_peopledrivingcar_59_763
60
443 215 51 59 0.99605775 
748 421 68 91 0.9940527 
582 118 10 13 0.09525791 
407 3 11 14 0.08282432 
163 0 15 14 0.08238027 
528 131 12 13 0.07717561 
568 141 12 14 0.067407034 
607 165 10 12 0.05977837 
142 26 16 19 0.050419524 
215 0 14 13 0.04825434 
424 32 9 11 0.04724392 
638 198 11 13 0.039864644 
501 57 13 16 0.03673762 
449 7 9 11 0.036663607 
678 169 13 16 0.03582274 
588 174 12 14 0.03374311 
55 25 13 16 0.033506885 
614 189 9 12 0.0328759 
597 213 11 14 0.03184402 
604 141 10 13 0.03153737 
477 154 14 16 0.03071978 
596 140 12 16 0.030517675 
608 172 11 12 0.03005563 
630 189 11 14 0.029894408 
598 106 12 15 0.029538 
640 204 11 12 0.029484622 
636 188 12 14 0.029351953 
608 205 10 13 0.028250119 
616 131 13 16 0.028127356 
397 26 14 17 0.026920434 
523 62 10 12 0.026822878 
621 137 12 15 0.026508331 
1012 437 10 15 0.026492413 
136 7 11 14 0.026009502 
615 207 10 13 0.025589038 
457 184 15 19 0.024684375 
601 164 9 12 0.024432171 
644 148 12 15 0.024183242 
646 156 11 12 0.023902941 
382 22 9 11 0.023768067 
653 166 9 11 0.02331793 
711 143 12 15 0.023110155 
981 414 10 12 0.023032574 
117 12 10 13 0.023015186 
598 123 11 12 0.022872051 
630 168 10 11 0.022813024 
613 182 9 11 0.022655876 
539 60 12 14 0.022519715 
620 228 15 19 0.022515625 
633 146 10 14 0.022320263 
432 20 9 12 0.022267552 
588 117 11 13 0.021631373 
533 20 10 11 0.021586005 
172 0 14 13 0.021167371 
168 62 12 14 0.020633787 
571 135 14 17 0.020570502 
624 166 9 12 0.020359265 
201 423 418 408 0.020204755 
655 213 11 15 0.02014039 
319 18 10 12 0.020013 
