59_peopledrivingcar_peopledrivingcar_59_856
50
184 252 23 25 0.9647186 
556 246 12 16 0.8223981 
148 271 21 25 0.19881372 
0 299 10 15 0.11252922 
450 275 12 14 0.10018327 
663 360 8 10 0.07568528 
562 245 11 15 0.07102206 
549 334 8 11 0.06652279 
664 364 9 12 0.049147855 
660 415 9 10 0.048956167 
100 357 8 10 0.04544082 
84 350 8 10 0.043001372 
558 313 8 10 0.042875994 
957 310 9 11 0.042756204 
491 306 14 16 0.040666908 
425 453 52 65 0.035243623 
550 341 9 12 0.031869225 
920 311 11 14 0.03168357 
816 310 10 12 0.031236269 
655 393 8 10 0.030180346 
878 333 10 13 0.029154286 
600 255 8 10 0.02849758 
83 170 16 19 0.028475767 
872 334 10 12 0.028430942 
326 309 9 12 0.02838712 
554 316 8 11 0.027860407 
569 342 10 13 0.027059462 
101 351 9 11 0.026306411 
799 328 8 11 0.026079442 
782 420 14 17 0.025935372 
551 329 9 11 0.025339024 
757 350 33 33 0.024870254 
156 317 32 35 0.024597334 
649 398 7 9 0.02410519 
492 270 10 11 0.023984147 
670 366 9 11 0.023204898 
484 343 11 15 0.02292707 
601 239 8 10 0.02263381 
509 253 9 12 0.022630423 
591 276 8 11 0.022412399 
304 214 10 13 0.021826964 
879 312 10 12 0.02157676 
221 326 12 15 0.021411989 
11 316 10 13 0.021171635 
613 381 9 11 0.020700602 
614 377 8 9 0.020692615 
80 332 9 11 0.020366367 
800 333 8 9 0.020302948 
5 340 10 13 0.020231191 
679 407 7 10 0.020033805 
