59_peopledrivingcar_peopledrivingcar_59_659
46
185 252 28 36 0.9957015 
297 274 23 29 0.96864927 
791 322 25 37 0.9611697 
255 243 23 33 0.92296326 
509 241 21 27 0.68634415 
594 261 16 24 0.22108012 
774 380 16 20 0.08908958 
798 332 26 32 0.073881425 
245 247 18 24 0.06963146 
581 256 22 27 0.06925197 
519 243 16 22 0.06590376 
580 557 31 45 0.06582942 
638 662 12 14 0.051726006 
199 479 26 29 0.044463478 
790 317 14 24 0.039130412 
490 246 42 50 0.037090193 
597 500 11 14 0.03470152 
597 255 12 16 0.03456917 
470 198 436 527 0.033514854 
557 553 39 52 0.032647192 
589 254 14 18 0.031958297 
579 568 16 24 0.030820457 
572 557 13 17 0.029829383 
813 454 15 16 0.028886134 
179 256 23 25 0.028701453 
329 423 20 20 0.027926227 
580 495 14 17 0.026901199 
283 168 16 20 0.026695576 
582 488 11 13 0.02623427 
501 243 20 23 0.02609451 
273 158 23 29 0.02605179 
210 483 16 19 0.025940232 
574 255 17 22 0.025794076 
685 586 27 30 0.025295135 
456 249 8 10 0.025134567 
269 156 17 19 0.025088418 
237 242 16 21 0.022871537 
590 588 33 42 0.022703 
241 241 33 46 0.022452664 
731 428 31 38 0.022340445 
199 258 16 23 0.021692278 
589 499 11 15 0.021439873 
425 480 17 17 0.02082702 
266 249 24 35 0.020612556 
391 464 11 14 0.020153929 
566 562 13 16 0.020107346 
