59_peopledrivingcar_peopledrivingcar_59_1019
48
93 548 20 26 0.92064816 
963 517 28 33 0.863173 
122 557 18 24 0.8178728 
297 497 26 43 0.8117009 
263 481 91 128 0.31081748 
106 582 16 20 0.25806627 
952 607 25 32 0.23356305 
823 377 28 37 0.14533414 
242 426 177 253 0.11332394 
218 355 352 415 0.1096891 
2 417 16 22 0.09607972 
651 575 15 18 0.07351917 
886 450 31 40 0.07306036 
689 548 26 30 0.06491851 
770 430 28 37 0.063870065 
238 64 7 10 0.05501266 
696 496 23 31 0.043728113 
1 348 25 35 0.042362623 
806 532 49 81 0.039121293 
862 381 22 36 0.037367262 
865 373 37 52 0.037191145 
668 295 48 75 0.03701464 
288 45 10 12 0.036864582 
960 521 45 53 0.03385127 
1 403 11 18 0.033407375 
849 383 26 34 0.031335257 
803 432 24 36 0.02986581 
223 94 10 12 0.029514456 
488 218 125 142 0.027237842 
271 54 10 13 0.0271081 
873 384 17 28 0.025431722 
873 450 26 40 0.025379602 
264 44 9 12 0.024302145 
815 431 38 56 0.024093205 
635 500 13 16 0.024050074 
5 467 12 18 0.02400366 
300 553 50 57 0.023708967 
784 523 81 125 0.023171736 
281 512 41 57 0.022507677 
31 413 12 14 0.022326315 
305 487 30 47 0.022073936 
36 409 14 16 0.022018963 
0 399 18 34 0.02195252 
1004 621 21 31 0.021329107 
935 596 41 56 0.020761611 
813 380 25 35 0.020746991 
530 377 108 154 0.020443603 
59 443 14 16 0.020436227 
