41_Swimming_Swimmer_41_449
41
810 596 53 72 0.116935425 
875 522 130 149 0.10830158 
855 228 48 50 0.10593645 
1011 291 13 20 0.08461226 
771 164 25 33 0.0790614 
669 278 37 33 0.078549735 
954 196 30 42 0.058840502 
877 303 49 54 0.056505296 
657 302 16 20 0.054597232 
1003 146 15 20 0.047643967 
464 118 17 19 0.04497759 
773 131 15 18 0.04488955 
779 125 15 18 0.04472702 
1012 154 11 18 0.038142223 
996 283 26 36 0.036716305 
823 616 32 46 0.03633844 
1003 149 21 33 0.035953723 
954 204 46 57 0.034822535 
1006 294 19 33 0.034603465 
659 286 31 32 0.03264505 
979 440 45 91 0.03131715 
855 247 54 60 0.02980951 
939 30 9 11 0.028631411 
763 143 26 33 0.027087394 
818 15 8 10 0.02669382 
949 287 28 32 0.02628903 
662 291 45 51 0.026107753 
748 206 17 19 0.026052335 
1013 113 10 16 0.025958605 
987 147 41 57 0.025260072 
490 122 242 283 0.024291588 
498 308 17 19 0.023839122 
946 309 47 56 0.022392515 
752 5 24 29 0.022327268 
998 139 16 24 0.021548742 
937 102 44 57 0.021366581 
837 625 31 42 0.021285785 
180 -8 204 269 0.020928735 
765 132 24 29 0.020400746 
953 303 33 37 0.020228308 
779 276 36 39 0.020037696 
