41_Swimming_Swimmer_41_711
68
295 217 226 277 0.9999293 
117 601 25 30 0.19266222 
98 591 23 28 0.13450894 
805 311 12 16 0.10843338 
763 453 17 21 0.10439601 
788 321 15 19 0.09982399 
517 670 94 115 0.093564264 
244 1075 412 472 0.08295842 
820 326 16 19 0.08166565 
859 302 16 19 0.059023656 
835 347 47 59 0.05762774 
769 307 13 15 0.053602166 
785 524 211 300 0.05075253 
309 811 29 40 0.049369 
107 594 27 33 0.048679817 
325 858 407 362 0.047206674 
280 847 30 34 0.04652785 
543 1359 9 11 0.04629409 
661 415 13 16 0.04506138 
0 628 10 16 0.039812572 
1006 973 18 39 0.038681827 
0 201 14 24 0.037832223 
642 235 179 241 0.03436399 
205 94 418 390 0.03401393 
765 312 15 17 0.03382803 
1 1056 15 23 0.033784714 
21 772 14 17 0.033504426 
674 -30 189 199 0.033318814 
534 1366 10 12 0.031601354 
769 340 13 17 0.031017436 
0 1111 30 40 0.030718707 
61 1455 20 31 0.03056573 
8 679 11 14 0.029158141 
33 193 24 30 0.02908716 
281 847 49 66 0.028645756 
888 941 47 59 0.028190563 
345 1231 115 120 0.027387092 
702 418 13 15 0.026521634 
866 298 17 20 0.026501844 
293 800 53 71 0.02610624 
550 1363 12 12 0.026095057 
302 896 29 39 0.025814166 
558 1363 12 13 0.025642458 
801 308 11 15 0.025543371 
962 63 10 12 0.025254184 
828 305 14 17 0.025168415 
1000 822 10 13 0.025082361 
303 50 15 17 0.024290796 
385 66 16 20 0.02373606 
552 1350 11 10 0.023689648 
680 1519 7 10 0.023159353 
62 1173 55 66 0.022823919 
4 1048 23 36 0.02268631 
26 776 14 16 0.021978708 
785 318 13 16 0.021666938 
124 651 14 18 0.021618636 
29 149 251 252 0.021505343 
793 314 20 25 0.021272881 
88 585 39 46 0.021266699 
1015 852 9 14 0.021177378 
22 1044 31 41 0.021027368 
210 881 356 482 0.020967895 
105 598 41 51 0.020619262 
69 731 13 15 0.020614574 
875 299 14 18 0.020393774 
304 542 443 417 0.02010975 
664 319 387 482 0.020102339 
718 1302 11 14 0.02001755 
