41_Swimming_Swimming_41_699
27
555 206 59 80 0.9996119 
746 314 58 64 0.99795926 
234 321 61 83 0.9969836 
431 232 56 72 0.9968925 
387 305 54 67 0.9968867 
64 372 69 82 0.9936706 
793 262 36 43 0.95587045 
921 272 57 73 0.9082062 
128 303 50 60 0.9039174 
834 321 31 41 0.15571709 
278 -24 439 523 0.061934955 
727 187 13 18 0.05076953 
413 157 16 22 0.040807057 
727 181 20 29 0.0376895 
530 436 40 48 0.03196166 
-83 -26 493 482 0.02886834 
326 156 37 39 0.02852872 
473 208 45 57 0.02584498 
307 574 13 15 0.024893854 
941 267 37 44 0.023426654 
850 331 17 26 0.023333974 
808 317 41 53 0.02312369 
345 200 28 34 0.023068912 
325 574 11 13 0.022852799 
411 155 27 34 0.021655554 
477 657 13 15 0.021524314 
363 144 45 55 0.020307131 
