41_Swimming_Swimming_41_730
20
200 102 172 236 0.5774475 
355 116 225 285 0.28516653 
259 105 213 250 0.15275757 
449 207 58 69 0.08235501 
16 142 119 164 0.06403076 
149 -5 52 53 0.05946179 
13 28 111 141 0.04902179 
31 192 130 184 0.046937738 
746 634 19 24 0.037699208 
23 66 164 199 0.03155847 
433 196 94 111 0.029423265 
489 353 377 504 0.029159551 
35 10 52 75 0.028155154 
793 299 90 130 0.02780217 
557 150 67 85 0.026907323 
744 249 55 78 0.025705712 
811 339 52 73 0.023404464 
819 609 16 19 0.023014072 
636 779 42 44 0.020436531 
723 572 55 69 0.0202369 
