41_Swimming_Swimmer_41_607
145
397 81 126 191 0.99724483 
346 547 59 62 0.8678222 
230 103 9 12 0.34873015 
298 130 13 17 0.21498126 
133 39 8 10 0.18246448 
142 55 8 11 0.15291457 
220 145 12 16 0.12226474 
220 130 12 15 0.11716712 
85 119 9 11 0.11415038 
181 57 9 12 0.11045344 
6 158 11 13 0.10968449 
225 107 9 13 0.10846817 
214 109 8 11 0.0999824 
127 85 10 13 0.0997914 
152 29 8 10 0.09664058 
102 57 9 10 0.09354837 
269 155 12 16 0.09085196 
255 116 9 12 0.0870647 
188 125 10 12 0.08649136 
209 111 9 11 0.08481939 
1 122 9 13 0.08366788 
145 29 7 11 0.08180376 
86 124 9 11 0.07611798 
97 57 8 11 0.07130685 
207 48 9 11 0.07077928 
206 116 9 11 0.06985881 
168 30 8 11 0.06695154 
517 205 15 19 0.06553254 
175 113 9 11 0.06052749 
177 60 9 11 0.05861279 
184 119 8 12 0.057896253 
136 33 8 10 0.057665296 
199 47 9 11 0.05690423 
246 109 11 14 0.0560621 
201 117 9 11 0.054966893 
286 113 12 16 0.052657716 
7 121 8 11 0.050498277 
191 63 8 10 0.048425045 
261 126 9 12 0.04766016 
975 95 9 11 0.04764484 
178 299 397 375 0.045145713 
190 118 9 12 0.044383455 
40 158 7 10 0.044261824 
159 30 8 11 0.043469436 
236 102 11 14 0.042359047 
128 45 9 12 0.04209308 
0 247 8 12 0.04194628 
279 125 10 12 0.04186097 
156 23 11 13 0.041479748 
167 38 8 10 0.041351404 
104 8 8 9 0.0409517 
256 88 10 13 0.040624756 
222 201 36 57 0.039690416 
264 160 12 15 0.03875441 
118 5 9 11 0.0376391 
106 47 8 10 0.03735522 
218 127 9 13 0.03640235 
98 134 9 11 0.035692662 
189 132 9 12 0.035523728 
122 85 9 12 0.035378266 
89 61 9 11 0.03514996 
138 60 8 11 0.03475024 
96 8 8 9 0.03440503 
244 132 13 18 0.033365894 
234 183 18 22 0.033134934 
132 86 9 11 0.03218656 
216 86 10 12 0.031880304 
133 43 8 11 0.03167788 
32 157 8 10 0.03167652 
643 462 11 13 0.031590242 
238 105 12 16 0.031444132 
201 51 10 13 0.03140737 
192 70 8 11 0.031379014 
55 160 8 9 0.030327545 
110 47 8 11 0.029884081 
691 754 25 29 0.029469246 
239 127 11 14 0.028951645 
49 87 8 10 0.028920416 
285 124 10 15 0.028739098 
110 53 8 11 0.028655166 
287 131 9 13 0.028640093 
231 98 10 12 0.028252684 
78 30 7 9 0.02824909 
118 116 9 11 0.028238157 
150 53 9 12 0.028153645 
144 48 9 10 0.027909065 
225 63 95 126 0.02759 
260 91 11 13 0.027201036 
257 156 11 15 0.026990067 
38 153 8 10 0.026887078 
572 204 13 16 0.02688601 
215 117 8 11 0.026571134 
73 30 8 10 0.026408583 
86 113 8 10 0.026296092 
216 126 19 26 0.026080709 
160 38 8 10 0.02588759 
230 193 13 19 0.025628135 
209 40 8 10 0.025313387 
198 61 9 11 0.025224492 
93 102 8 11 0.025081042 
248 87 10 15 0.025040442 
23 199 9 10 0.024976067 
245 102 10 13 0.0249575 
644 474 16 22 0.024766209 
24 121 8 10 0.024358995 
959 212 11 14 0.024012407 
260 118 9 11 0.023931619 
192 112 8 11 0.023878492 
152 36 8 11 0.023471037 
87 30 8 10 0.02345854 
296 136 14 19 0.023451533 
64 14 8 10 0.023322474 
24 155 10 12 0.023260629 
55 166 8 9 0.023106327 
192 77 9 10 0.02307551 
81 112 8 11 0.022938948 
541 204 15 19 0.022931341 
308 78 14 20 0.022895228 
128 132 12 15 0.022573695 
271 144 10 12 0.022470122 
127 127 9 11 0.022394944 
222 115 11 14 0.02238904 
110 6 10 11 0.022265073 
133 138 10 12 0.022087578 
127 52 8 10 0.021973513 
810 97 39 47 0.021897806 
158 13 10 11 0.02136685 
81 24 8 10 0.021320136 
73 128 8 11 0.021042915 
168 45 7 9 0.02100163 
504 92 9 11 0.020976635 
105 87 7 9 0.020947747 
280 119 9 12 0.020944383 
0 100 9 13 0.020904057 
216 105 8 12 0.020885846 
168 25 10 12 0.020839294 
191 141 10 12 0.020774126 
282 108 11 14 0.020613287 
31 125 8 11 0.020483693 
175 1 9 10 0.020384695 
14 120 8 10 0.020215185 
181 5 9 11 0.020119414 
196 150 10 12 0.020098174 
81 125 9 11 0.020047136 
209 104 9 12 0.020033784 
