41_Swimming_Swimmer_41_1001
58
207 371 17 25 0.8499445 
54 421 17 23 0.35203934 
139 378 12 15 0.28646237 
79 369 15 17 0.19216478 
0 433 18 23 0.1779599 
4 369 14 18 0.12900619 
238 390 11 13 0.11214379 
148 368 12 16 0.10062058 
215 473 36 43 0.078788415 
606 343 24 33 0.072493255 
37 393 15 18 0.0603317 
190 389 30 35 0.055495176 
0 363 12 17 0.051972654 
389 346 10 13 0.045718156 
229 409 17 20 0.045552634 
124 375 10 12 0.04328943 
198 376 16 20 0.04251111 
14 381 9 13 0.041080184 
192 373 12 17 0.03890626 
291 405 12 15 0.038534135 
176 366 10 13 0.037623342 
65 360 15 18 0.034494903 
138 394 14 16 0.03399449 
167 373 10 13 0.033979714 
548 235 11 12 0.033384476 
192 356 12 14 0.03338186 
148 393 13 15 0.033300385 
0 358 10 14 0.032893445 
309 415 13 16 0.032608513 
158 372 9 12 0.031807553 
34 353 13 16 0.031655908 
240 358 11 14 0.03140905 
144 366 11 13 0.03124495 
180 364 12 15 0.030603053 
3 395 13 18 0.030240238 
203 380 25 35 0.029495373 
361 478 15 17 0.028689826 
544 206 10 11 0.028686132 
122 389 12 16 0.028645717 
114 366 9 11 0.0278216 
136 368 8 10 0.027382191 
3 389 13 15 0.0267692 
173 371 14 17 0.026663616 
84 420 15 17 0.026097074 
919 30 21 23 0.025045635 
172 378 14 17 0.024305698 
156 366 10 14 0.023778647 
174 352 9 11 0.023142824 
160 412 11 16 0.022726519 
940 56 43 65 0.02264206 
167 388 11 13 0.022555253 
22 382 11 13 0.022192176 
790 328 262 197 0.022111133 
558 202 14 16 0.021369128 
491 285 16 18 0.02106557 
811 449 14 18 0.020762054 
166 367 10 13 0.020353923 
532 214 10 12 0.020323185 
