41_Swimming_Swimmer_41_755
39
878 288 22 27 0.40233293 
879 196 19 22 0.24019471 
897 319 45 58 0.21604913 
875 275 24 27 0.17118378 
990 259 20 30 0.16257213 
340 380 136 149 0.13441464 
871 260 24 30 0.100975975 
871 257 16 20 0.09296502 
574 363 52 67 0.05573296 
866 227 16 18 0.052063804 
874 280 45 63 0.04909863 
919 226 13 18 0.04698188 
783 244 19 29 0.046776112 
512 205 11 14 0.03854887 
560 348 87 116 0.0373374 
389 315 205 252 0.037114877 
872 283 15 18 0.035045154 
853 362 31 40 0.034910355 
880 258 15 17 0.034470808 
905 334 20 25 0.028111484 
799 333 24 30 0.028035434 
219 327 368 466 0.027982762 
902 414 11 14 0.027921619 
557 348 52 70 0.02641176 
885 288 53 70 0.024556851 
990 628 14 21 0.024093885 
882 292 29 36 0.023217214 
554 438 71 69 0.022632228 
887 282 16 20 0.022530686 
574 403 44 39 0.022340741 
865 242 26 30 0.022297937 
879 192 12 15 0.022272194 
868 297 26 34 0.02213098 
990 256 14 18 0.021938093 
471 249 44 48 0.021286739 
981 263 16 23 0.021152874 
914 324 16 20 0.02040631 
862 234 16 20 0.020130849 
904 529 26 35 0.020060828 
