41_Swimming_Swimmer_41_772
31
563 1099 30 50 0.9860649 
440 211 351 478 0.9859117 
174 195 377 416 0.7793106 
29 586 198 183 0.2588372 
315 1123 29 46 0.1947115 
347 -1 523 553 0.13610521 
383 1077 419 503 0.12322138 
451 113 263 385 0.091812104 
16 641 36 33 0.0832317 
444 1180 61 73 0.06726855 
68 672 68 57 0.06264351 
55 636 138 103 0.06207355 
-1 507 343 418 0.0560618 
553 781 389 460 0.05426377 
55 322 28 33 0.050158836 
308 791 105 122 0.046538427 
98 615 217 248 0.034526262 
69 1284 93 120 0.028071215 
878 805 10 13 0.02547163 
244 1430 51 51 0.025219101 
71 680 34 39 0.02386448 
256 298 459 490 0.023862846 
76 288 16 18 0.023774408 
760 1100 187 169 0.023464443 
412 1415 12 13 0.021786261 
35 693 16 21 0.021401752 
33 1179 145 141 0.021354347 
389 1407 10 11 0.021282071 
10 291 23 30 0.021185817 
192 1055 34 42 0.020725697 
1 1325 25 31 0.020427218 
