41_Swimming_Swimming_41_822
52
300 698 30 39 0.9884334 
198 739 27 31 0.76849127 
642 437 14 18 0.7116058 
720 449 14 19 0.38139558 
584 460 12 13 0.17879996 
875 565 16 19 0.08241329 
465 331 89 141 0.07321838 
531 387 12 16 0.07050747 
881 743 21 27 0.06688722 
730 526 12 15 0.066760354 
652 484 11 13 0.065991074 
646 603 8 11 0.049640335 
648 478 12 15 0.043011416 
597 602 14 17 0.04203998 
730 452 13 16 0.04131822 
649 440 14 17 0.037365783 
689 439 10 12 0.03651332 
669 458 11 14 0.03626216 
724 455 15 19 0.03569125 
694 439 11 13 0.03527894 
598 598 10 12 0.03355734 
619 612 15 16 0.03302739 
757 459 13 16 0.0330255 
783 439 13 14 0.03214462 
611 596 17 20 0.030529667 
730 518 10 13 0.03003925 
726 468 14 15 0.029696507 
679 486 11 13 0.029630283 
740 461 13 17 0.028860841 
585 475 11 15 0.028173627 
757 562 12 15 0.02799767 
753 420 10 11 0.027868299 
606 602 14 17 0.027579196 
583 467 14 16 0.027283385 
710 438 11 13 0.026693936 
630 444 12 14 0.025579516 
671 477 9 12 0.024683543 
731 459 15 18 0.024434792 
663 454 13 16 0.024271952 
607 588 13 17 0.024232538 
306 694 17 21 0.023996275 
718 437 11 14 0.023595536 
725 475 13 15 0.023324056 
748 441 23 26 0.023038162 
617 472 9 11 0.022545982 
596 609 15 16 0.022484371 
687 504 10 12 0.022466717 
708 485 11 13 0.021912243 
613 609 25 24 0.02186549 
741 451 14 16 0.02179417 
776 438 12 13 0.021069326 
720 476 12 15 0.020036545 
