41_Swimming_Swimmer_41_659
19
500 75 183 238 0.9996636 
919 1388 49 62 0.884369 
283 1401 33 42 0.17352387 
86 1408 102 125 0.14394847 
35 907 166 157 0.1069528 
668 689 141 143 0.058675896 
129 1424 91 115 0.05683197 
251 1391 95 122 0.056565586 
269 1398 61 69 0.05380338 
1 1395 37 74 0.05073265 
894 1396 34 47 0.0332136 
248 1455 107 90 0.031656068 
61 1353 172 200 0.03155156 
564 998 35 33 0.030396516 
203 285 402 386 0.030081369 
706 737 83 92 0.024427887 
930 789 106 167 0.02351849 
959 1383 35 49 0.023269286 
153 1370 98 161 0.022178756 
