41_Swimming_Swimmer_41_843
30
776 63 86 119 0.99929774 
257 371 14 16 0.27223313 
462 206 12 15 0.23461029 
613 273 23 32 0.13818017 
454 256 23 27 0.079115525 
184 367 9 13 0.07839986 
457 252 17 20 0.07835137 
508 259 13 14 0.053960707 
526 417 227 233 0.052538257 
627 491 33 28 0.0491984 
611 483 58 45 0.03485555 
236 379 39 51 0.03455111 
498 304 31 32 0.029550813 
945 650 74 115 0.029248722 
245 393 14 18 0.029158141 
37 431 11 14 0.029055547 
187 371 11 12 0.028962897 
249 372 22 27 0.027978782 
330 383 10 12 0.027437046 
551 338 11 12 0.02699847 
501 274 15 18 0.026819203 
562 254 9 12 0.02680537 
642 492 15 16 0.026562756 
246 402 14 19 0.026535464 
507 264 16 18 0.025723875 
505 317 27 29 0.025328381 
517 260 11 14 0.023027446 
602 254 40 55 0.022679282 
517 279 14 18 0.021490753 
618 200 16 18 0.020383833 
