41_Swimming_Swimming_41_521
34
93 151 37 34 0.11303308 
344 236 113 118 0.09186787 
186 650 60 63 0.0845099 
75 678 65 50 0.083380364 
346 263 81 61 0.081249535 
554 655 42 43 0.07093329 
476 657 18 19 0.05900992 
819 611 30 35 0.053918295 
725 277 141 97 0.042019498 
391 253 73 74 0.035917267 
59 669 106 85 0.035054125 
710 264 300 180 0.03449569 
53 694 131 137 0.033430208 
937 36 11 15 0.03241603 
350 291 40 33 0.031863224 
395 253 44 41 0.029916087 
35 374 14 15 0.02991282 
509 289 118 157 0.028852886 
227 656 54 59 0.028243463 
43 679 69 55 0.026826257 
482 247 206 248 0.026164318 
348 699 14 16 0.02577712 
390 181 83 104 0.02570127 
69 144 67 48 0.025370287 
139 568 136 168 0.0250808 
111 105 400 380 0.024709878 
29 377 16 17 0.024060247 
893 632 49 56 0.023998888 
436 -13 111 127 0.021740347 
426 201 62 74 0.021631321 
142 163 29 27 0.021445084 
460 208 46 41 0.020298839 
31 157 36 33 0.020131402 
931 614 18 22 0.020055236 
