41_Swimming_Swimmer_41_308
28
865 21 112 106 0.4581143 
479 123 43 60 0.11183358 
500 119 48 66 0.078485005 
573 51 85 124 0.06497425 
531 77 95 123 0.050046127 
473 112 81 106 0.042180356 
-34 129 397 500 0.04137036 
509 109 30 34 0.040649045 
527 192 50 53 0.03940374 
915 66 39 40 0.03743002 
832 -4 173 206 0.030409262 
482 130 16 22 0.029832175 
685 142 62 59 0.02913166 
441 318 236 268 0.028736604 
477 129 24 36 0.028397135 
541 96 57 76 0.02773674 
496 158 58 79 0.027182197 
548 -62 401 435 0.025431037 
508 116 18 24 0.025304727 
491 121 30 36 0.025301948 
471 140 32 43 0.02403851 
515 93 51 69 0.023152763 
288 113 222 245 0.022068342 
468 118 27 37 0.021381976 
495 180 12 16 0.02071315 
250 266 217 209 0.0206488 
467 161 31 40 0.020617664 
468 150 56 74 0.020016827 
