4_Dancing_Dancing_4_53
18
288 192 73 85 0.9980173 
398 241 67 85 0.9965842 
562 280 70 89 0.9899638 
93 218 90 101 0.9102463 
454 45 432 534 0.26563567 
31 680 138 176 0.049204934 
252 234 32 46 0.04916966 
841 622 26 31 0.04714177 
313 258 49 70 0.04251376 
210 628 58 55 0.038852554 
244 415 129 153 0.03784405 
591 126 289 287 0.031877935 
493 270 57 74 0.024151571 
214 653 35 41 0.023874292 
183 632 53 56 0.02095615 
70 133 129 183 0.020678636 
421 625 27 32 0.020548498 
370 8 66 68 0.020250212 
