4_Dancing_Dancing_4_422
79
393 390 77 108 0.94948876 
500 86 77 119 0.8376806 
578 83 83 119 0.78805447 
255 29 348 460 0.7152415 
533 6 339 445 0.545741 
318 401 70 97 0.50491124 
692 397 27 38 0.48504525 
352 387 79 115 0.35816702 
604 512 102 142 0.3496414 
170 432 296 304 0.26452702 
546 90 79 122 0.22827193 
420 700 14 19 0.15658711 
571 573 18 22 0.118251085 
636 619 18 21 0.1171547 
545 79 221 259 0.0994336 
424 381 81 116 0.085823804 
500 244 409 571 0.06498219 
971 614 16 21 0.06067358 
564 189 151 145 0.057216138 
598 65 132 176 0.056687657 
187 457 134 164 0.049997963 
406 71 101 139 0.048994128 
843 666 13 17 0.04731727 
844 440 18 21 0.047144905 
522 127 60 103 0.04511244 
605 564 14 17 0.044067994 
540 559 18 22 0.043136004 
599 522 67 96 0.039913498 
954 599 14 19 0.037539456 
579 677 28 29 0.036722444 
435 739 15 19 0.036534533 
434 725 17 19 0.03648163 
556 534 23 28 0.03497862 
597 678 16 19 0.0346782 
420 545 32 40 0.03467155 
563 610 14 17 0.03455111 
250 413 131 167 0.034337312 
440 699 13 17 0.03370596 
858 754 16 15 0.033646345 
708 399 24 34 0.033488497 
723 735 15 18 0.032085363 
483 618 17 22 0.031495366 
279 198 134 154 0.031242628 
253 667 14 16 0.031082494 
208 498 165 191 0.03061989 
783 557 121 158 0.02900607 
647 531 78 93 0.028997615 
523 591 18 22 0.027774474 
548 182 38 59 0.027502412 
469 602 17 21 0.027395193 
327 708 13 16 0.027124891 
668 611 16 21 0.02685679 
529 707 15 18 0.026744483 
965 613 27 35 0.026123405 
801 604 16 18 0.025833845 
741 392 13 15 0.025627699 
918 437 10 14 0.02562696 
673 401 28 35 0.025485452 
564 601 16 20 0.024992669 
486 65 181 248 0.024582393 
663 393 29 37 0.02355226 
678 641 39 49 0.023196222 
928 443 11 14 0.023074845 
588 645 24 29 0.022699581 
330 661 18 18 0.022675155 
621 566 10 13 0.022372596 
569 683 26 30 0.022343626 
781 679 15 20 0.02230263 
612 565 13 15 0.02223166 
529 78 67 101 0.022115588 
789 212 11 15 0.021952618 
514 662 17 20 0.021524835 
724 407 16 21 0.02133149 
743 659 13 16 0.02075363 
546 513 16 17 0.020574337 
630 597 27 33 0.020571996 
540 736 15 20 0.020508302 
557 591 16 20 0.02044952 
356 431 37 45 0.020099014 
