4_Dancing_Dancing_4_718
22
461 164 98 134 0.9996985 
506 1089 382 464 0.22352126 
23 1156 13 15 0.1445804 
-39 1019 435 513 0.12471709 
41 1150 11 13 0.08291547 
39 1143 11 12 0.082338355 
635 1147 394 483 0.07688242 
512 1190 192 251 0.060220294 
41 1156 11 14 0.059932083 
1 1144 8 11 0.048430208 
294 642 398 527 0.046834856 
64 1158 11 14 0.033429854 
406 1057 154 160 0.03272938 
455 1424 35 35 0.029515212 
55 1149 8 11 0.026933102 
33 1144 9 11 0.025122924 
55 1157 9 12 0.02413839 
772 1161 224 312 0.02374639 
28 1151 11 14 0.023552692 
54 1144 8 11 0.021362416 
41 1165 11 12 0.021299316 
69 1159 10 12 0.020055484 
