4_Dancing_Dancing_4_228
21
445 115 42 55 0.9969067 
848 39 46 62 0.99306667 
611 101 43 55 0.96191096 
274 158 39 53 0.93808675 
575 145 26 42 0.17361006 
805 93 11 14 0.060127836 
569 363 47 65 0.043538146 
779 93 11 14 0.037731312 
799 94 13 15 0.034513973 
802 141 41 61 0.032940574 
792 93 10 13 0.03052503 
1000 175 11 14 0.027871918 
646 113 25 35 0.02684179 
551 115 12 14 0.026458196 
1006 174 12 14 0.026045548 
320 463 9 11 0.023621213 
1013 173 11 16 0.023559278 
821 161 16 22 0.023376686 
171 313 46 50 0.022660207 
811 92 11 15 0.020333383 
324 188 343 436 0.020008719 
