4_Dancing_Dancing_4_41
85
130 376 15 20 0.9909869 
601 113 48 61 0.9825189 
21 402 21 25 0.95360756 
58 363 14 18 0.92068434 
229 370 13 17 0.8888098 
198 395 14 17 0.8196639 
257 389 14 17 0.77687484 
38 381 17 23 0.7526863 
175 370 15 20 0.70500207 
546 103 40 68 0.66568106 
96 400 21 27 0.559968 
150 399 17 21 0.4956758 
103 353 14 17 0.33647364 
474 96 45 67 0.19915305 
212 445 12 15 0.19260031 
202 390 13 16 0.17631921 
557 93 27 50 0.16306494 
476 125 32 52 0.1426757 
143 343 10 13 0.12629065 
526 111 36 58 0.11496545 
109 373 12 16 0.10722508 
533 82 45 59 0.09496606 
174 341 11 13 0.07864373 
309 323 10 13 0.07463755 
222 391 15 18 0.06930441 
228 388 13 18 0.067366 
180 395 10 14 0.06641077 
231 440 10 13 0.056886856 
133 401 12 16 0.05584066 
87 402 15 17 0.05325933 
312 361 10 14 0.052639972 
191 331 10 12 0.052221112 
116 371 12 17 0.046976734 
120 397 13 16 0.04580637 
187 414 12 14 0.043687277 
98 437 17 22 0.043474514 
651 103 17 22 0.04202865 
218 443 13 16 0.041943416 
118 451 12 17 0.041269105 
85 409 14 18 0.041037835 
148 388 16 18 0.04062292 
235 390 11 14 0.037953198 
79 421 13 15 0.037613362 
305 378 8 9 0.036606863 
204 383 11 14 0.03549304 
105 377 12 16 0.034294553 
346 267 15 19 0.034162518 
614 112 70 68 0.033595294 
4 421 12 16 0.032521848 
-4 -14 455 479 0.032208577 
142 481 17 22 0.03191907 
36 375 16 18 0.030049903 
242 418 16 19 0.028072326 
47 408 15 21 0.027800057 
215 390 12 15 0.02702779 
491 76 53 62 0.026943104 
67 370 13 17 0.02652799 
89 312 8 11 0.0264096 
83 358 12 16 0.02589812 
511 71 55 55 0.025628425 
210 139 14 17 0.025607172 
576 196 42 55 0.025037635 
668 122 40 41 0.024976652 
816 538 37 32 0.024932949 
5 427 13 15 0.024272138 
42 391 13 17 0.024259347 
519 136 41 60 0.024115846 
260 445 14 14 0.024088997 
339 374 15 15 0.023858583 
108 362 12 16 0.023522615 
565 115 32 52 0.02342943 
453 275 54 60 0.022994386 
620 146 38 46 0.02285175 
358 165 34 34 0.022803845 
197 326 9 12 0.022641711 
198 426 13 18 0.02203347 
150 317 9 13 0.021963654 
142 401 13 18 0.021520775 
219 426 13 17 0.021360187 
602 105 28 46 0.021020148 
566 195 25 43 0.020778669 
58 386 15 18 0.020676352 
53 385 13 17 0.02026859 
146 346 11 14 0.020155976 
232 420 11 15 0.020080606 
