4_Dancing_Dancing_4_194
24
633 522 83 122 0.18277016 
4 417 99 178 0.17637299 
597 493 49 60 0.13325156 
779 219 51 69 0.10338186 
125 552 41 66 0.07423689 
661 486 35 56 0.064434536 
172 153 140 121 0.055820838 
346 490 38 28 0.049037665 
231 185 40 30 0.04807891 
459 -11 430 500 0.047122255 
418 508 16 19 0.04397523 
118 536 37 59 0.03702372 
887 329 102 178 0.036337387 
127 -4 429 426 0.034875475 
409 339 120 148 0.03211988 
149 568 42 65 0.031843297 
553 463 56 72 0.030121518 
8 461 153 214 0.02874811 
669 558 61 83 0.027710699 
578 479 81 97 0.025163298 
107 535 71 108 0.024670495 
385 258 350 411 0.024375197 
21 417 59 114 0.023577461 
768 603 52 60 0.023471415 
