4_Dancing_Dancing_4_378
28
778 87 68 94 0.9982829 
680 48 71 97 0.99729496 
162 78 86 104 0.9718444 
320 138 55 92 0.9336877 
613 401 25 33 0.5930779 
95 18 446 468 0.3104357 
249 0 18 19 0.15947817 
104 85 61 83 0.10252449 
305 150 95 135 0.09637553 
220 10 15 18 0.079424284 
376 16 15 19 0.07691982 
147 9 18 21 0.05588241 
374 48 16 20 0.047340382 
392 6 12 14 0.04157569 
289 21 24 31 0.03993596 
136 82 71 93 0.036532 
232 137 240 312 0.033251397 
573 484 13 14 0.032858383 
143 91 131 146 0.03229643 
197 59 57 87 0.031320166 
305 99 93 108 0.026196545 
358 0 15 15 0.025303766 
404 28 12 16 0.022089265 
92 95 98 128 0.021740178 
914 16 31 37 0.021580849 
145 10 32 40 0.02137776 
417 12 14 18 0.020688295 
577 433 34 44 0.020610776 
