4_Dancing_Dancing_4_878
31
458 176 108 159 0.99987876 
677 116 13 16 0.45511582 
758 426 27 38 0.37989116 
616 1186 525 482 0.22324803 
138 116 16 19 0.10988792 
186 738 123 121 0.106603265 
744 991 29 40 0.10492797 
161 741 12 16 0.07151883 
742 993 49 71 0.06605018 
753 1028 60 88 0.05660459 
753 421 44 62 0.037895173 
682 120 16 19 0.03730623 
217 184 88 103 0.03710514 
929 540 94 126 0.03615304 
912 127 7 10 0.035555597 
-4 86 401 438 0.033130124 
-48 914 409 441 0.032585952 
-3 1072 464 501 0.032542378 
904 729 11 15 0.031860813 
997 139 16 24 0.029793927 
870 424 42 68 0.02866184 
-4 491 37 69 0.0282475 
183 129 117 134 0.026330637 
253 184 94 131 0.025685746 
903 722 25 31 0.02559185 
934 771 95 122 0.025218498 
932 116 12 16 0.023574805 
472 1160 358 443 0.020909354 
-7 1109 51 84 0.020735035 
985 839 41 49 0.020579467 
25 650 397 417 0.020497393 
