4_Dancing_Dancing_4_915
20
459 132 236 280 0.999946 
588 346 439 524 0.56814593 
211 984 483 363 0.5544515 
34 72 411 508 0.30091283 
323 1026 246 264 0.15417013 
438 324 358 450 0.07819103 
677 397 248 322 0.07003877 
367 372 217 349 0.057936728 
337 1165 182 154 0.03436157 
423 827 389 530 0.033149082 
335 181 55 58 0.029845215 
248 155 146 170 0.029245153 
-87 949 390 509 0.02589291 
363 58 261 385 0.025842922 
789 39 30 39 0.024720367 
0 1223 22 38 0.022982147 
500 36 305 431 0.020688092 
-11 267 410 525 0.020654157 
539 679 365 510 0.020202443 
407 1212 79 70 0.020105477 
