4_Dancing_Dancing_4_57
37
579 205 44 57 0.97870857 
562 135 31 53 0.81632936 
731 158 22 33 0.5414767 
770 167 18 25 0.21609735 
538 147 51 59 0.18489467 
-41 11 462 384 0.15323624 
948 198 16 24 0.147465 
524 179 46 59 0.13009708 
395 225 63 60 0.11771424 
845 163 21 27 0.099659584 
830 275 23 25 0.07610137 
767 179 26 40 0.06787099 
812 164 16 22 0.05544896 
850 291 18 19 0.047456075 
990 146 10 14 0.04497154 
798 209 14 20 0.038998384 
890 165 16 22 0.03636327 
715 155 31 43 0.035667364 
547 198 45 60 0.03353318 
600 48 440 477 0.03201439 
863 139 14 17 0.030749502 
971 241 14 18 0.029866252 
777 184 26 37 0.02948578 
1012 123 11 21 0.027871596 
939 170 15 21 0.026500376 
810 170 21 31 0.026255384 
810 375 17 21 0.02520915 
783 197 26 36 0.024933321 
534 166 35 41 0.024383076 
65 226 32 35 0.023918793 
780 186 15 22 0.023463367 
509 190 53 70 0.022941543 
850 157 14 17 0.022914296 
806 161 16 23 0.0226875 
331 162 45 49 0.022426633 
94 35 265 219 0.022326412 
973 126 11 14 0.020720644 
