4_Dancing_Dancing_4_319
88
410 73 29 38 0.9996817 
148 63 29 36 0.99941885 
215 156 35 42 0.9992986 
344 44 30 38 0.9990183 
1 16 24 34 0.9989605 
593 -1 34 38 0.9989164 
732 52 32 42 0.9989147 
551 33 36 43 0.99888474 
687 58 28 37 0.9985935 
954 26 29 37 0.998588 
486 58 32 40 0.9980737 
654 48 30 39 0.99774545 
199 89 24 31 0.9971391 
320 9 24 29 0.99687046 
445 142 25 31 0.99665976 
961 79 41 45 0.993895 
448 54 30 34 0.9843801 
83 68 52 57 0.9791837 
328 244 33 39 0.9733478 
212 25 22 27 0.9550575 
272 42 22 30 0.9505672 
614 141 57 49 0.9444952 
304 45 27 31 0.8801014 
247 84 27 33 0.85857886 
427 47 25 34 0.84289515 
192 56 24 30 0.7743051 
230 89 23 29 0.67157733 
430 42 16 20 0.3926327 
232 60 23 26 0.37474108 
711 47 38 47 0.37137622 
712 34 32 40 0.35608464 
24 68 28 31 0.2646681 
270 171 21 27 0.26462528 
471 91 22 27 0.25675562 
42 2 16 20 0.1771656 
218 90 25 32 0.15908834 
998 29 25 34 0.15051632 
591 115 43 54 0.14461762 
234 85 16 20 0.13411027 
228 126 25 32 0.11983027 
-1 351 24 60 0.11300369 
435 63 17 21 0.106608085 
696 49 31 42 0.0763637 
616 128 36 48 0.06578029 
25 60 22 25 0.061368383 
284 41 27 33 0.0603621 
227 110 23 30 0.052378036 
378 241 27 41 0.048627026 
33 1 22 28 0.045856155 
264 84 18 24 0.044455178 
318 240 55 74 0.042880557 
49 4 15 17 0.041149367 
209 67 14 18 0.03852749 
0 288 22 36 0.037388597 
747 511 63 53 0.034503948 
324 151 42 50 0.03251133 
291 35 16 23 0.032426815 
344 239 48 63 0.03177138 
201 50 18 21 0.031440098 
866 41 52 76 0.031284485 
189 68 18 22 0.030722626 
69 388 13 16 0.029176258 
815 4 30 38 0.029151006 
800 12 52 66 0.028934853 
583 107 33 45 0.028488737 
250 98 18 23 0.026960023 
640 151 35 37 0.026425214 
956 44 45 56 0.02630858 
972 24 43 53 0.02546684 
-15 520 230 219 0.02536261 
819 0 20 19 0.024967844 
533 140 36 37 0.024832347 
402 255 29 38 0.02481472 
227 104 17 22 0.02480147 
200 36 25 31 0.0241609 
270 36 16 22 0.023749912 
860 218 25 30 0.02361499 
554 130 58 56 0.023150047 
537 116 47 54 0.02313402 
669 55 30 39 0.022431204 
555 16 25 29 0.02232415 
179 74 25 30 0.022114495 
583 130 36 47 0.021820793 
0 295 13 23 0.021321027 
326 48 27 34 0.021087533 
397 187 24 35 0.021085404 
642 57 33 41 0.020607911 
803 -30 197 225 0.020457461 
