24_Soldier_Firing_Soldier_Firing_24_633
83
877 395 44 61 0.98715186 
0 272 27 45 0.9283229 
437 453 51 64 0.70977396 
372 485 62 85 0.4116076 
773 405 36 39 0.33557886 
194 100 18 21 0.29881933 
502 411 43 59 0.14997822 
757 604 16 19 0.13093074 
811 436 15 19 0.11947011 
927 80 14 17 0.11480018 
337 431 22 32 0.09752542 
782 134 25 31 0.096794635 
717 574 25 30 0.0873948 
991 370 14 16 0.07786198 
410 460 58 72 0.07472223 
110 20 10 12 0.0712537 
591 117 8 11 0.062236127 
998 104 12 15 0.056584015 
972 139 16 20 0.05638252 
150 0 8 9 0.055722836 
869 399 31 49 0.05415741 
783 390 30 43 0.05381688 
996 187 27 41 0.052804027 
177 26 10 13 0.0517921 
464 447 34 59 0.051098477 
844 443 13 16 0.049691014 
791 414 18 23 0.049173217 
998 64 8 12 0.04248261 
754 939 15 15 0.040103916 
669 458 51 89 0.04007153 
839 430 27 34 0.03974157 
128 14 8 10 0.038629644 
0 250 12 17 0.037368085 
475 382 47 52 0.035395585 
841 413 43 52 0.034918983 
953 62 9 12 0.033248954 
298 107 20 24 0.0331286 
965 15 8 11 0.03287397 
809 433 25 29 0.032581832 
963 895 32 44 0.032530133 
495 434 43 52 0.031478833 
161 22 9 11 0.030880075 
823 7 11 11 0.030033201 
975 385 22 28 0.028988972 
167 21 9 11 0.028861389 
808 417 24 34 0.028778741 
61 748 34 40 0.028244639 
343 121 33 40 0.027899487 
141 23 9 12 0.02754373 
829 601 14 21 0.027518708 
826 436 29 31 0.027316777 
962 19 9 12 0.0264877 
144 6 12 14 0.026471308 
994 386 24 32 0.026270602 
390 4 10 11 0.026243266 
136 24 9 11 0.025432821 
751 394 43 52 0.02540485 
853 687 12 14 0.025212748 
81 55 8 11 0.025191348 
730 578 17 21 0.02515308 
137 28 9 11 0.024434507 
701 423 50 60 0.024396945 
129 23 8 10 0.024236519 
383 395 11 15 0.024022626 
987 399 17 24 0.023702929 
853 438 32 39 0.023155734 
121 4 9 11 0.02315217 
118 31 9 11 0.022599267 
957 62 9 12 0.022059157 
738 605 14 19 0.022042213 
976 381 12 17 0.021980356 
786 419 30 35 0.021883247 
505 395 33 43 0.021302449 
105 16 9 11 0.02117625 
112 27 10 13 0.021164956 
688 63 10 13 0.021036312 
457 817 56 72 0.020866718 
750 607 24 31 0.02065137 
119 16 7 10 0.020522133 
933 71 10 12 0.020400504 
859 377 70 98 0.02037215 
133 15 9 11 0.020166479 
126 6 9 12 0.020114262 
