24_Soldier_Firing_Soldier_Firing_24_702
65
176 59 47 57 0.99726 
833 83 38 47 0.9952631 
401 172 13 18 0.65953 
634 112 27 29 0.6073536 
268 124 31 30 0.55658096 
387 167 19 24 0.51773626 
420 175 13 17 0.23898168 
565 278 22 31 0.20187451 
344 129 9 12 0.1722152 
470 170 11 13 0.14866003 
380 172 18 21 0.14852272 
414 171 14 19 0.13008448 
677 238 23 28 0.12541291 
914 275 24 26 0.12067058 
647 112 24 25 0.119281374 
629 118 16 24 0.108032785 
679 236 15 18 0.09409112 
205 437 12 19 0.08978856 
325 220 17 20 0.075773485 
372 148 10 13 0.06537594 
487 298 23 30 0.061389055 
298 287 18 23 0.059907228 
75 34 16 24 0.05098062 
350 163 10 11 0.04857275 
529 150 9 11 0.048104927 
821 96 39 43 0.044798844 
294 284 15 21 0.042610515 
308 293 15 21 0.042269792 
477 172 11 14 0.0422237 
411 213 15 19 0.041342955 
723 254 48 55 0.03877256 
415 201 11 13 0.035429697 
578 280 15 23 0.03405613 
469 324 16 22 0.032962687 
548 273 26 35 0.03213682 
424 340 16 19 0.03206674 
278 246 22 27 0.031731397 
634 123 19 23 0.031490363 
275 472 17 19 0.03121213 
389 158 14 18 0.030289073 
676 270 25 31 0.030242167 
483 173 11 13 0.02812073 
348 128 8 11 0.027753184 
335 150 9 11 0.027026301 
844 200 30 37 0.02580833 
302 279 31 36 0.024759041 
497 303 17 21 0.024693878 
814 226 45 52 0.024494547 
21 370 16 20 0.0239426 
612 174 13 15 0.023826445 
817 110 31 39 0.022601618 
271 371 42 54 0.022288358 
452 174 11 14 0.021802327 
300 493 10 14 0.021721411 
211 438 13 16 0.021698048 
465 165 11 14 0.021503963 
927 283 17 20 0.021298215 
27 372 18 21 0.021140462 
503 166 9 12 0.021039149 
456 155 12 15 0.02097643 
19 366 14 16 0.020834647 
198 432 22 28 0.020663733 
475 313 26 35 0.020560825 
332 488 14 17 0.020550499 
176 4 24 31 0.02032424 
