24_Soldier_Firing_Soldier_Firing_24_15
50
485 211 135 152 0.9994425 
635 314 175 225 0.5913756 
-40 971 381 482 0.19146518 
364 933 32 51 0.18403412 
738 264 19 22 0.18014416 
203 509 16 18 0.13923508 
777 971 57 85 0.12130476 
337 918 45 80 0.112708926 
341 1037 442 457 0.09112248 
114 912 402 562 0.07137955 
820 971 29 40 0.06975064 
791 1001 36 48 0.068025574 
925 904 91 150 0.06748023 
661 975 443 470 0.06590477 
305 891 80 122 0.06389435 
215 533 52 67 0.05971645 
551 211 164 220 0.057404768 
178 777 200 259 0.05635805 
606 1222 29 40 0.05201659 
223 659 379 440 0.049936462 
366 862 30 34 0.04839757 
255 859 112 159 0.0399098 
205 503 15 15 0.039625823 
285 545 17 21 0.03914273 
731 259 18 23 0.038092203 
355 910 53 79 0.03629742 
-5 1058 222 303 0.035338532 
724 261 31 37 0.03520298 
655 1030 106 109 0.034465004 
728 639 34 48 0.03120636 
697 991 114 124 0.028683122 
495 133 197 250 0.02782158 
-6 1090 153 160 0.026772324 
622 1210 34 45 0.026760388 
199 886 185 311 0.026517214 
-2 1182 40 56 0.025560232 
594 1199 47 67 0.02544481 
838 136 29 35 0.02421481 
891 698 160 272 0.023960419 
767 677 39 36 0.023207067 
585 757 195 251 0.022320388 
616 256 108 128 0.02214922 
939 1135 87 135 0.021754442 
467 808 28 36 0.021226687 
260 911 390 438 0.020901643 
77 1385 103 120 0.020572798 
793 950 62 84 0.020543102 
746 927 99 137 0.020174617 
876 463 55 62 0.020174256 
0 1308 103 152 0.020075055 
