24_Soldier_Firing_Soldier_Firing_24_372
19
305 143 61 83 0.97988075 
242 414 176 260 0.32922634 
648 243 57 55 0.18118362 
511 20 377 503 0.042188667 
145 323 311 434 0.040509757 
717 193 26 30 0.04020827 
252 105 26 32 0.038207002 
616 275 70 57 0.03511921 
334 32 359 481 0.034896076 
262 100 13 16 0.034701087 
676 25 366 496 0.027620126 
234 158 58 69 0.024882171 
24 178 131 182 0.024695428 
954 0 18 16 0.023998173 
330 165 37 51 0.023041345 
259 118 18 24 0.022936556 
718 140 12 16 0.022095999 
225 113 39 46 0.02159609 
243 111 29 36 0.020565638 
