24_Soldier_Firing_Soldier_Firing_24_281
24
244 441 12 16 0.11905932 
717 417 12 16 0.04419975 
207 665 43 48 0.041349057 
190 428 8 10 0.036620144 
270 438 10 13 0.033374593 
141 445 20 26 0.03031155 
897 507 14 17 0.030310161 
58 581 27 36 0.027916046 
223 674 48 51 0.02694713 
185 423 10 11 0.026618222 
241 704 53 54 0.025898114 
836 512 45 49 0.025564594 
200 431 9 11 0.025030352 
191 414 10 12 0.025013378 
485 137 13 16 0.023681967 
589 241 227 273 0.02361752 
179 453 14 17 0.023375697 
894 499 15 18 0.023075093 
148 413 10 12 0.022478817 
201 437 9 11 0.022378737 
182 437 9 11 0.022242654 
36 595 45 51 0.021639394 
91 444 14 16 0.021184273 
516 159 12 15 0.02010526 
