24_Soldier_Firing_Soldier_Firing_24_10
28
177 176 37 50 0.796114 
156 289 43 51 0.066050544 
276 206 11 14 0.06465777 
397 207 12 15 0.053611204 
158 183 36 41 0.053548727 
253 228 31 38 0.051674735 
270 208 13 17 0.044424493 
590 367 450 561 0.037816025 
259 228 18 21 0.0336865 
390 206 13 16 0.03269183 
286 218 15 18 0.031232916 
267 215 15 19 0.029948596 
260 218 17 18 0.02772939 
127 333 9 11 0.027497904 
280 225 26 33 0.027294915 
504 184 470 559 0.02654452 
382 207 13 18 0.025693366 
239 218 13 18 0.02507025 
273 210 23 28 0.025054613 
139 164 48 66 0.024059398 
-42 201 352 455 0.023698593 
159 196 53 64 0.023062421 
259 237 51 61 0.02282579 
263 202 23 26 0.022477355 
107 410 13 13 0.022075774 
143 415 8 11 0.021820057 
285 232 15 19 0.020739911 
380 7 474 457 0.02046412 
