24_Soldier_Firing_Soldier_Firing_24_368
29
390 136 139 159 0.9776324 
445 322 70 77 0.63554114 
583 229 48 67 0.080559865 
833 74 52 78 0.07321534 
739 34 17 22 0.05873709 
598 244 55 76 0.054923728 
599 313 71 88 0.051627345 
815 87 55 80 0.046348203 
807 114 49 69 0.041092094 
37 183 17 21 0.039534196 
871 233 28 36 0.038389303 
601 226 27 38 0.03634892 
401 251 131 134 0.03450975 
-11 111 412 439 0.029675804 
799 389 47 53 0.028327402 
859 447 24 30 0.027303122 
773 113 92 111 0.02532544 
407 127 195 258 0.023822684 
81 124 24 32 0.023537816 
629 227 408 467 0.023124522 
533 72 104 124 0.022921516 
972 524 28 38 0.022868562 
602 269 61 87 0.022729613 
183 211 100 117 0.022221891 
724 121 27 36 0.02183787 
240 245 478 439 0.021721805 
318 68 91 134 0.021328678 
845 456 49 58 0.020962229 
139 264 48 55 0.020813044 
