24_Soldier_Firing_Soldier_Firing_24_431
68
235 144 42 58 0.91693056 
188 147 60 74 0.30895695 
413 395 12 13 0.17190078 
319 256 38 47 0.1274448 
713 473 17 22 0.10802578 
195 119 61 76 0.08801983 
146 148 47 62 0.07247405 
1014 271 7 10 0.065280385 
503 285 12 14 0.06100174 
450 397 24 28 0.05151547 
806 253 14 17 0.049141273 
994 429 30 35 0.044005424 
957 404 21 25 0.043753084 
445 396 17 18 0.042290818 
810 445 27 28 0.040117558 
738 412 8 11 0.03936186 
616 108 463 479 0.038546976 
576 350 12 14 0.03729292 
522 122 12 15 0.034976203 
430 397 13 15 0.03361788 
206 109 36 51 0.032843452 
705 413 9 11 0.032611083 
736 408 9 10 0.03094516 
467 402 13 18 0.030867936 
494 360 10 12 0.03052942 
853 236 11 14 0.030145 
678 398 8 11 0.030009074 
735 459 13 15 0.02977565 
777 481 18 21 0.029147645 
437 397 13 15 0.028357556 
333 267 38 50 0.02813276 
922 414 30 32 0.027883288 
970 302 8 9 0.026914608 
733 444 13 15 0.026260862 
719 407 10 11 0.026225405 
828 119 9 11 0.026126193 
409 392 20 22 0.025582438 
588 454 15 18 0.025536152 
496 285 12 14 0.025401626 
734 441 10 12 0.025276924 
429 289 8 10 0.025201313 
956 309 9 10 0.025190106 
1005 293 8 10 0.024430893 
409 391 12 15 0.023826124 
339 297 16 20 0.023806648 
1015 275 8 11 0.023686098 
684 439 10 11 0.023579031 
576 431 9 12 0.023456955 
1007 309 9 11 0.023008626 
324 293 30 32 0.022967529 
958 304 8 10 0.022639932 
742 412 9 11 0.022422323 
823 452 18 20 0.02227734 
725 407 9 11 0.02221819 
202 134 35 51 0.021591147 
964 621 31 33 0.021367837 
535 109 11 13 0.020893432 
639 138 12 14 0.020860398 
698 468 23 28 0.020737298 
829 124 8 11 0.02065902 
462 143 14 18 0.020486277 
651 427 11 13 0.02040638 
468 365 22 26 0.020294674 
534 457 15 18 0.020172488 
952 284 10 12 0.020118602 
479 399 11 14 0.020066533 
419 390 11 14 0.020054596 
364 287 18 23 0.020038595 
