24_Soldier_Firing_Soldier_Firing_24_133
37
465 307 64 51 0.9713785 
534 400 12 16 0.15343894 
92 438 15 16 0.12285988 
546 431 24 30 0.10815675 
344 351 20 20 0.10395116 
445 447 17 21 0.08798348 
372 537 22 27 0.080008626 
599 397 10 12 0.066106014 
507 461 16 18 0.057032324 
450 307 36 42 0.049022105 
538 408 13 19 0.045340102 
556 440 14 18 0.043689523 
563 443 10 15 0.042384047 
436 446 21 27 0.035588358 
526 399 21 28 0.02964502 
-2 148 201 293 0.028643271 
552 399 10 12 0.028305352 
402 451 32 34 0.027337024 
591 405 12 16 0.027305122 
590 453 9 11 0.026601456 
419 445 32 37 0.026517745 
501 272 34 38 0.023972945 
202 399 37 38 0.023435168 
354 162 15 18 0.023204036 
547 408 23 35 0.022703763 
586 454 9 11 0.02235802 
263 167 45 71 0.021793213 
554 457 12 15 0.021684052 
86 440 13 15 0.021048507 
509 404 17 22 0.020857118 
443 274 27 39 0.020742347 
94 224 31 33 0.020555895 
126 201 139 112 0.020543298 
494 456 52 59 0.02053313 
389 110 12 15 0.020413902 
534 414 13 18 0.02030496 
445 306 14 19 0.020118782 
