24_Soldier_Firing_Soldier_Firing_24_67
20
483 206 64 93 0.9850578 
542 115 26 35 0.17450261 
438 301 9 11 0.10749882 
881 229 9 11 0.08191809 
376 252 7 9 0.07145212 
101 174 13 15 0.049823303 
733 -13 176 211 0.04935617 
447 291 46 53 0.041334618 
386 306 15 20 0.041200384 
361 272 30 33 0.03850716 
407 317 11 14 0.036442045 
539 454 96 145 0.035146948 
780 273 27 29 0.030696133 
354 280 42 47 0.030675396 
826 230 12 14 0.029231563 
864 263 9 11 0.022161495 
893 246 9 12 0.022005558 
876 262 14 17 0.021856206 
986 227 14 17 0.0209044 
193 181 11 15 0.020521244 
