49_Greeting_peoplegreeting_49_353
88
548 409 14 20 0.681979 
294 424 12 15 0.6171174 
378 406 14 17 0.50654745 
326 74 31 41 0.33902663 
640 359 9 11 0.17918879 
606 366 7 9 0.17136693 
395 522 15 20 0.16701448 
694 373 9 10 0.09728391 
666 404 10 13 0.09332043 
712 381 10 10 0.08984743 
733 358 9 11 0.08601123 
713 399 7 10 0.08048597 
654 389 9 13 0.075423956 
628 387 12 14 0.07510817 
730 367 10 12 0.068903506 
250 435 13 17 0.066665694 
665 375 9 10 0.06587489 
702 296 10 11 0.062763385 
670 381 8 10 0.062111095 
365 440 15 21 0.061368316 
389 440 16 23 0.059212193 
695 391 10 13 0.052599557 
294 432 12 15 0.05236851 
729 372 9 11 0.05046198 
625 391 11 13 0.04995801 
669 376 8 10 0.04980503 
696 383 8 10 0.049296033 
232 401 8 11 0.04889837 
600 383 8 10 0.04799171 
590 367 7 10 0.04656006 
300 320 10 11 0.045355238 
318 457 15 17 0.04417246 
387 523 19 24 0.04293106 
735 373 9 11 0.038768988 
375 436 23 29 0.038216207 
689 367 9 11 0.03722497 
734 353 9 11 0.036739644 
539 437 27 35 0.03578363 
737 294 9 11 0.035704065 
695 356 9 11 0.034642365 
623 366 10 12 0.034208223 
386 405 12 16 0.034013014 
743 352 8 10 0.033158638 
583 358 9 11 0.03151514 
712 368 9 10 0.031160759 
616 368 8 9 0.030738128 
665 380 9 12 0.030642115 
712 391 8 10 0.030517386 
282 318 13 16 0.029872684 
736 380 8 10 0.029694559 
586 365 8 11 0.029678844 
726 287 8 10 0.028933354 
290 427 11 13 0.028659625 
146 426 15 19 0.028653163 
276 459 12 15 0.028653122 
712 412 10 12 0.028581385 
377 457 17 18 0.028491812 
701 392 9 11 0.027609665 
630 364 10 12 0.026790025 
743 383 8 10 0.026226968 
741 372 10 13 0.026169814 
729 416 9 11 0.02595041 
648 383 10 13 0.025618225 
293 462 13 16 0.025563244 
730 352 8 11 0.025016097 
701 356 10 11 0.025012271 
630 375 10 12 0.024857167 
592 382 8 10 0.024760952 
554 405 14 19 0.024488447 
285 452 10 13 0.024154142 
645 364 9 11 0.02377371 
287 461 11 14 0.023751663 
601 375 9 10 0.02360481 
477 571 30 36 0.023585783 
626 382 11 12 0.02278818 
300 436 11 14 0.022473045 
718 271 7 9 0.022241069 
279 454 11 13 0.022054385 
717 376 8 10 0.021953791 
688 359 8 11 0.021820402 
702 382 9 11 0.021745726 
742 358 9 11 0.021666963 
624 372 10 12 0.021487255 
290 469 10 14 0.021320246 
691 221 11 14 0.020649422 
103 340 10 12 0.020601247 
729 421 10 12 0.02048622 
703 309 10 13 0.020286016 
