49_Greeting_peoplegreeting_49_56
23
441 73 86 126 0.9992137 
580 66 47 60 0.9946457 
716 72 50 73 0.9940599 
806 62 42 53 0.9872426 
228 108 55 116 0.8907891 
909 60 42 61 0.8834701 
963 57 34 56 0.26527706 
805 363 30 40 0.15365502 
206 141 67 103 0.08712731 
788 174 52 70 0.074057095 
975 54 39 68 0.054346833 
45 456 50 67 0.037857134 
339 49 108 123 0.037411906 
286 53 112 120 0.030426415 
995 53 32 57 0.026898563 
144 123 98 131 0.026396843 
971 180 58 109 0.0251616 
629 219 29 43 0.025093632 
673 105 44 67 0.023143012 
252 62 103 135 0.022548262 
905 50 31 46 0.022434108 
968 43 32 45 0.02048945 
973 -2 29 29 0.020379242 
