49_Greeting_peoplegreeting_49_153
24
482 294 391 541 0.9997713 
112 76 381 516 0.7235347 
344 257 333 475 0.56875026 
177 1210 406 383 0.29617652 
635 247 346 507 0.2561426 
15 215 372 502 0.15915693 
487 40 258 197 0.08324336 
523 45 396 491 0.07909091 
551 259 265 346 0.074849054 
88 728 458 414 0.061368436 
289 33 330 467 0.06032383 
-8 1297 272 226 0.05818515 
553 258 132 149 0.053709444 
-26 305 218 349 0.051410653 
261 285 236 308 0.051098526 
450 -31 330 413 0.03792053 
-82 1246 450 344 0.037455436 
874 627 136 126 0.037394077 
563 332 126 152 0.03650388 
340 1338 139 142 0.030094493 
225 995 247 239 0.029986687 
10 1351 120 204 0.027104843 
250 714 129 161 0.024565116 
147 540 347 441 0.023617348 
