49_Greeting_peoplegreeting_49_53
97
437 338 54 71 0.9989287 
328 644 68 93 0.9983199 
795 394 64 83 0.9977059 
775 669 68 86 0.99762964 
666 213 51 71 0.99643254 
85 387 58 79 0.9959959 
223 336 44 68 0.9946607 
568 172 40 64 0.99461293 
348 338 40 64 0.98810846 
705 293 39 59 0.96953356 
174 287 41 64 0.8750078 
113 346 49 72 0.8719303 
225 218 49 70 0.7920311 
332 234 36 53 0.7607673 
827 331 39 57 0.75507456 
684 383 47 64 0.40589178 
391 687 56 76 0.2950982 
233 254 45 69 0.28173757 
848 287 43 65 0.2754847 
508 272 50 61 0.2591718 
222 139 29 34 0.24679157 
452 1163 15 16 0.2204079 
215 126 45 58 0.18393627 
240 205 62 75 0.16765307 
363 -1 18 15 0.15715058 
198 296 39 56 0.12949236 
690 59 36 46 0.110651545 
356 669 78 95 0.09937641 
223 283 43 61 0.098144 
536 6 35 43 0.09794156 
190 1334 48 51 0.071600236 
261 198 44 50 0.071295746 
214 301 50 75 0.06472784 
786 113 41 54 0.06362779 
775 39 32 38 0.05982073 
499 245 50 64 0.05862453 
151 348 42 60 0.05530594 
204 267 46 74 0.054787137 
707 373 50 69 0.053447116 
219 220 34 50 0.053401157 
367 622 37 42 0.05240597 
372 605 13 13 0.05166983 
808 350 57 76 0.051567066 
582 135 16 21 0.04980474 
577 148 48 63 0.04844478 
111 642 342 469 0.04814549 
524 1064 201 248 0.04527168 
815 265 64 71 0.041939795 
1 81 28 49 0.041132677 
533 406 33 45 0.04084741 
382 169 37 45 0.03910349 
562 235 27 37 0.038962495 
309 208 53 75 0.037866496 
602 4 27 34 0.037397146 
198 362 37 48 0.03636391 
585 120 48 59 0.03584202 
585 178 34 47 0.035019685 
414 23 50 71 0.035011217 
-5 499 68 134 0.034119498 
977 1091 12 17 0.033633016 
450 802 55 74 0.033474967 
180 346 39 62 0.033293203 
599 306 40 55 0.032009397 
769 641 63 76 0.031923957 
719 291 48 68 0.031881616 
263 273 32 42 0.031069385 
197 101 54 75 0.030577011 
812 127 16 21 0.030485835 
344 245 38 48 0.029327363 
369 330 46 62 0.029288473 
174 3 33 22 0.029283008 
275 187 50 62 0.02923827 
240 179 53 67 0.0290643 
853 315 33 49 0.028253678 
539 925 17 22 0.027911905 
282 215 55 70 0.02778955 
572 100 96 116 0.027601536 
789 483 38 48 0.026821218 
625 338 30 39 0.02678442 
833 316 33 41 0.026567286 
446 1160 23 27 0.025105946 
273 250 34 50 0.024773678 
248 239 41 48 0.024752904 
843 338 34 45 0.024369635 
552 0 31 41 0.023804184 
772 88 24 33 0.023351403 
445 1139 13 16 0.023350032 
799 325 52 67 0.023285616 
349 303 54 65 0.023012294 
677 165 30 35 0.022771332 
506 82 33 34 0.021775046 
654 161 42 54 0.021471368 
803 117 26 35 0.021145605 
797 93 33 45 0.02053094 
601 133 31 35 0.020475956 
472 76 51 60 0.020139663 
1 347 42 65 0.020104114 
