49_Greeting_peoplegreeting_49_896
18
324 437 137 144 0.9985806 
386 899 450 452 0.5016758 
694 325 128 128 0.20794885 
485 466 89 108 0.16800593 
190 1074 393 515 0.113867335 
765 346 132 107 0.08015268 
401 592 419 507 0.06993281 
550 998 232 331 0.055415478 
844 2 129 167 0.047982384 
724 354 79 77 0.041899484 
806 1232 33 32 0.03966768 
607 1285 99 139 0.03794856 
475 1419 48 33 0.031129127 
139 891 467 476 0.026408266 
65 564 447 486 0.0212353 
390 449 110 127 0.021138115 
46 1434 27 29 0.021076046 
236 349 110 132 0.020310253 
