49_Greeting_peoplegreeting_49_923
45
388 146 58 75 0.9988269 
600 277 56 70 0.99876785 
542 156 53 65 0.9982653 
656 70 58 87 0.9979272 
497 126 53 67 0.98951894 
521 139 52 69 0.23612204 
293 472 10 13 0.12812456 
703 431 55 89 0.082137704 
292 161 14 17 0.058391925 
809 80 45 57 0.057945486 
863 84 48 75 0.04166704 
392 310 9 11 0.03930622 
394 304 9 11 0.03648432 
165 382 25 35 0.034188345 
276 166 26 35 0.033741374 
373 640 25 37 0.032698456 
306 0 17 17 0.032651715 
409 353 10 11 0.031860806 
651 241 47 54 0.031592917 
459 348 11 14 0.031439174 
405 331 10 13 0.027922764 
506 220 40 47 0.027899904 
325 202 17 22 0.027758319 
329 221 11 14 0.027754098 
424 396 9 9 0.027712079 
386 384 7 10 0.025240114 
284 229 12 17 0.024731345 
230 75 13 18 0.024700066 
962 473 17 21 0.024670409 
282 397 40 52 0.024431672 
491 207 36 38 0.024386553 
333 209 13 17 0.02366645 
148 357 14 19 0.023539279 
748 424 57 86 0.02279041 
440 359 8 10 0.021779222 
230 70 11 15 0.021341516 
270 236 10 13 0.021293988 
165 387 15 22 0.020909842 
677 264 16 18 0.020781264 
613 150 33 45 0.020702211 
271 174 11 16 0.020693589 
279 360 25 30 0.02064625 
291 167 17 22 0.020273069 
144 358 11 17 0.02027059 
516 159 37 44 0.020021094 
