49_Greeting_peoplegreeting_49_991
39
638 163 13 16 0.82148355 
460 102 12 15 0.55768675 
611 188 13 16 0.49529335 
405 182 11 14 0.29534566 
783 111 11 14 0.2254365 
828 145 13 17 0.22198868 
812 134 13 15 0.21937945 
214 379 55 54 0.1276398 
808 138 14 17 0.10241062 
60 81 209 283 0.081044465 
397 185 14 17 0.07864908 
708 110 11 13 0.06285312 
820 133 10 14 0.058412466 
669 231 10 12 0.053634867 
814 129 11 13 0.05236513 
630 268 13 17 0.048649464 
822 142 13 16 0.04727057 
648 258 22 27 0.045793656 
20 471 105 113 0.0423169 
176 289 27 32 0.041795433 
607 192 14 16 0.04092852 
831 212 9 13 0.040408287 
582 279 16 20 0.036360253 
422 178 13 17 0.034017276 
187 302 16 22 0.03302296 
564 417 367 503 0.032147974 
159 294 32 38 0.030909423 
596 277 15 20 0.029864581 
412 178 13 18 0.028862886 
784 105 10 14 0.028244993 
812 143 14 16 0.027959054 
392 180 14 17 0.027250903 
168 295 19 23 0.026939213 
614 201 11 14 0.02253532 
431 343 374 493 0.02240628 
641 167 15 18 0.02206879 
397 175 14 17 0.021328688 
468 106 13 17 0.020912582 
648 21 396 432 0.020004386 
