49_Greeting_peoplegreeting_49_759
20
130 930 369 474 0.7017505 
524 544 423 524 0.5810352 
90 548 486 461 0.36664498 
588 349 442 568 0.34528023 
451 -2 593 595 0.26569757 
79 -95 431 432 0.22488077 
226 206 417 587 0.17963618 
438 746 379 433 0.16258626 
83 723 488 546 0.123491466 
679 122 467 551 0.121104114 
254 -97 530 490 0.11465518 
893 971 151 275 0.055283826 
442 977 272 231 0.05114833 
921 932 116 195 0.046436146 
-75 374 413 544 0.0462206 
389 250 447 509 0.04462278 
72 1009 268 332 0.035091065 
812 1108 196 261 0.03037103 
484 890 408 435 0.022478878 
671 982 393 478 0.020761285 
