49_Greeting_peoplegreeting_49_307
58
176 272 32 39 0.9965198 
873 282 29 36 0.96773046 
272 239 20 27 0.9580178 
621 272 16 23 0.8518743 
686 279 14 23 0.8474896 
363 254 15 24 0.83151215 
714 281 15 23 0.73513454 
806 372 15 20 0.37980184 
849 294 24 33 0.3156451 
869 296 27 37 0.21707107 
943 357 14 18 0.18895178 
614 280 15 18 0.13282098 
747 299 11 15 0.12018923 
367 260 19 23 0.08171019 
704 360 10 12 0.07540471 
729 324 16 18 0.072434165 
165 341 32 34 0.070242524 
697 277 21 28 0.06058275 
168 321 31 39 0.060310643 
719 365 9 12 0.053361513 
616 261 23 29 0.04905643 
221 356 11 13 0.048453122 
733 279 14 17 0.04271553 
375 263 19 20 0.04111441 
742 292 14 20 0.038502276 
686 404 11 14 0.038476925 
158 331 26 35 0.036597222 
709 380 12 14 0.034207616 
756 332 10 14 0.03337199 
150 459 15 20 0.03196981 
721 320 39 52 0.0313549 
873 315 19 23 0.03068909 
577 360 12 17 0.029836575 
695 309 9 13 0.029688211 
671 430 11 13 0.029298382 
359 246 13 21 0.028892232 
708 362 11 13 0.02839675 
293 314 10 13 0.028388863 
697 388 10 12 0.028295688 
121 377 16 17 0.027273629 
875 276 19 22 0.026525317 
379 245 14 18 0.026458822 
607 277 15 18 0.026447808 
670 350 10 12 0.026400615 
158 336 15 21 0.025648074 
720 285 16 22 0.0253953 
604 347 15 19 0.025082342 
700 386 14 16 0.024733374 
649 341 9 12 0.023991048 
883 269 16 19 0.023425573 
620 287 15 18 0.023395702 
293 592 11 12 0.02338511 
739 283 12 16 0.022723606 
595 363 15 18 0.022180133 
664 349 11 12 0.021889009 
670 425 9 12 0.021575082 
839 307 25 33 0.021274157 
683 341 10 12 0.020042527 
