6_Funeral_Funeral_6_861
31
369 252 296 422 0.9960538 
84 504 408 424 0.51229876 
476 742 433 593 0.47065213 
-48 885 454 457 0.45947206 
2 21 499 598 0.30101308 
430 488 474 529 0.23220943 
279 1514 37 34 0.17888972 
234 1497 34 36 0.120500706 
201 234 348 516 0.099768706 
264 1512 35 38 0.09498718 
61 1321 144 142 0.08830416 
361 952 488 517 0.0873318 
-22 344 374 538 0.07821593 
227 1509 33 36 0.069713704 
244 1067 478 541 0.063042186 
184 74 508 425 0.054120418 
629 302 412 502 0.053883787 
45 680 344 495 0.047743224 
246 709 227 268 0.03919332 
209 1514 33 34 0.03525426 
293 727 382 377 0.03392863 
67 304 226 280 0.02871471 
236 1509 53 46 0.027416945 
357 136 152 133 0.026957309 
75 306 120 166 0.02678397 
45 1249 190 272 0.026639076 
746 1514 23 39 0.02571065 
411 811 16 18 0.024364421 
57 979 234 294 0.023962514 
488 1521 26 32 0.023826577 
601 1523 33 29 0.022135258 
