6_Funeral_Funeral_6_676
51
731 36 30 40 0.99812776 
853 43 33 45 0.99274135 
501 253 30 41 0.9863664 
556 144 52 65 0.9846252 
608 254 54 72 0.9757587 
549 218 34 41 0.8934197 
670 178 37 51 0.8768463 
308 258 28 33 0.74059373 
912 232 42 52 0.59120935 
652 49 28 37 0.37233946 
67 346 50 61 0.117589734 
435 150 64 66 0.08090795 
986 -2 33 37 0.07762565 
922 6 19 21 0.07150187 
132 119 411 460 0.0697091 
319 261 30 33 0.0652478 
930 0 18 19 0.06378906 
741 200 41 53 0.05210568 
596 253 92 113 0.05171445 
939 1 14 14 0.0448026 
4 -13 439 468 0.043241445 
842 145 70 76 0.04163916 
504 233 42 52 0.04105636 
943 188 25 30 0.04051364 
594 79 382 521 0.038005758 
706 154 24 34 0.036901273 
145 343 46 60 0.035740156 
876 1 25 26 0.03482655 
980 1 19 19 0.03261087 
325 293 16 18 0.031875934 
687 179 29 43 0.031809453 
947 3 13 15 0.031731617 
322 251 18 22 0.030232072 
465 181 16 17 0.02673692 
791 39 23 30 0.026632613 
697 171 27 39 0.026263813 
330 116 12 15 0.026022281 
330 298 13 17 0.024834186 
344 126 29 36 0.024711013 
132 276 246 238 0.023966052 
-41 131 398 499 0.023336984 
329 274 26 27 0.023245433 
321 126 56 53 0.023116902 
330 248 27 33 0.022461284 
110 330 13 15 0.02186261 
939 0 22 23 0.021230597 
248 294 10 12 0.021198977 
600 223 52 76 0.020797525 
711 137 29 44 0.020746 
337 264 26 32 0.020085659 
627 258 67 71 0.020016497 
