6_Funeral_Funeral_6_432
19
710 144 98 136 0.99980444 
823 212 120 151 0.9997962 
342 153 102 144 0.9997427 
451 293 39 53 0.92101336 
86 319 25 32 0.71161616 
176 292 33 41 0.60734695 
977 220 40 45 0.30669266 
592 165 88 125 0.041747414 
72 47 186 210 0.036563687 
20 -5 186 211 0.029592982 
589 20 28 34 0.026571296 
181 532 378 472 0.02645006 
34 399 17 25 0.025724204 
822 670 106 94 0.023398018 
189 81 85 113 0.023030335 
898 619 30 39 0.022683948 
255 553 210 263 0.022497106 
216 74 50 75 0.022181632 
108 344 23 28 0.021923438 
