6_Funeral_Funeral_6_128
24
635 103 32 40 0.99961543 
533 80 29 37 0.99891365 
112 101 37 48 0.9984132 
172 71 36 49 0.99789435 
213 57 34 46 0.996231 
860 72 51 48 0.99573576 
288 108 33 38 0.99540365 
792 75 36 43 0.9934722 
455 85 37 45 0.9862045 
751 124 25 33 0.9690129 
485 84 27 38 0.95483625 
96 43 13 16 0.13503551 
264 30 28 34 0.10597746 
268 49 16 21 0.056044366 
856 64 34 45 0.039613616 
396 107 10 13 0.03923651 
308 76 10 12 0.032148886 
519 366 9 13 0.02437421 
525 358 10 13 0.022038968 
824 78 16 22 0.022021942 
516 374 11 13 0.021935312 
310 81 13 16 0.020876477 
69 76 10 12 0.020675132 
449 256 40 32 0.020292621 
