6_Funeral_Funeral_6_485
245
458 178 99 144 0.9998528 
905 140 79 101 0.9879687 
749 98 11 15 0.16079661 
309 56 8 10 0.15775974 
678 6 9 12 0.15032987 
819 329 14 16 0.14893396 
806 133 10 13 0.13265373 
168 89 12 16 0.12413234 
778 200 25 29 0.096984394 
621 20 10 12 0.09217994 
179 205 10 12 0.08749451 
661 16 11 13 0.08593384 
351 274 15 18 0.082718484 
654 77 8 11 0.08146672 
766 110 10 13 0.080083065 
801 87 9 11 0.07835242 
663 6 8 8 0.072583705 
645 7 9 10 0.07170879 
657 21 11 14 0.06991164 
133 85 13 18 0.06915892 
198 96 8 11 0.06753617 
708 88 12 14 0.0660807 
765 22 10 13 0.06369453 
801 118 9 10 0.06304949 
349 85 9 12 0.062440455 
800 93 9 12 0.060551554 
293 83 11 15 0.059822045 
211 79 11 14 0.059802305 
711 75 10 11 0.0583981 
198 87 8 10 0.057976972 
925 60 10 13 0.057000615 
806 312 13 16 0.056622896 
642 14 8 11 0.05487601 
766 77 11 11 0.05487407 
787 130 11 15 0.05438963 
286 24 8 10 0.05339469 
333 292 15 19 0.053167067 
702 71 9 12 0.05290003 
732 86 10 12 0.052148513 
821 135 8 10 0.050871335 
833 201 23 26 0.049224436 
179 221 12 14 0.048669755 
680 11 9 11 0.048416983 
878 134 9 11 0.047892965 
673 1 9 9 0.047586426 
333 282 25 32 0.047524936 
785 118 8 10 0.047308974 
843 296 15 19 0.04701789 
336 7 8 8 0.04631174 
805 119 9 11 0.046031307 
825 78 7 9 0.04450225 
177 227 13 16 0.04427055 
169 80 9 11 0.043584544 
789 77 10 12 0.043532472 
350 72 9 10 0.042789705 
185 76 10 12 0.042396028 
353 15 7 9 0.0414998 
838 262 11 12 0.041026354 
895 79 8 9 0.040255513 
725 64 9 11 0.03976297 
184 143 10 13 0.03950477 
932 101 13 17 0.039350756 
122 45 10 14 0.038890768 
800 100 9 11 0.038799584 
383 115 11 14 0.03868209 
785 86 9 10 0.038546097 
148 68 10 12 0.03851128 
697 124 11 13 0.038351834 
762 27 10 13 0.037896946 
413 15 12 14 0.037718426 
755 200 19 21 0.037511744 
800 112 9 10 0.037427485 
786 72 9 10 0.037111472 
143 121 12 15 0.036912452 
909 78 10 12 0.036486637 
216 111 9 11 0.036085136 
854 194 12 14 0.035747364 
800 80 8 10 0.035639163 
866 206 10 12 0.03532225 
664 75 10 13 0.035136018 
272 92 10 14 0.034555934 
719 75 10 12 0.034502756 
191 95 9 11 0.03441315 
343 277 23 29 0.03435094 
628 47 9 11 0.034281366 
784 43 10 12 0.034161918 
181 55 8 11 0.033806972 
364 95 8 10 0.033678 
463 14 9 11 0.03360225 
397 8 9 10 0.033250682 
184 69 10 13 0.033142496 
767 55 9 10 0.03284488 
962 101 12 15 0.032548472 
772 78 9 11 0.03242076 
591 151 51 63 0.032361694 
350 77 10 13 0.032357767 
588 45 9 11 0.03226841 
632 86 10 12 0.03207236 
390 0 8 9 0.032004833 
822 142 7 10 0.031875964 
984 94 9 12 0.031841166 
849 28 11 13 0.03178718 
646 48 11 13 0.031693093 
166 5 8 9 0.031586237 
815 169 15 17 0.031180885 
127 7 9 10 0.031081263 
831 71 11 12 0.031011546 
719 127 12 14 0.030999519 
768 84 9 11 0.030985696 
1003 102 16 22 0.030959817 
765 71 11 13 0.03089688 
178 210 13 15 0.030872216 
271 70 8 10 0.030849667 
135 70 9 10 0.030810742 
365 87 7 10 0.030763261 
671 51 12 15 0.0306359 
182 62 10 12 0.030421318 
710 11 11 13 0.030410675 
684 132 13 15 0.030354707 
465 9 8 9 0.030312812 
882 78 8 11 0.030013453 
181 8 9 9 0.029885627 
813 323 21 26 0.02958751 
806 127 11 13 0.029559376 
732 38 9 11 0.029489806 
709 0 9 9 0.02943099 
837 78 9 12 0.029246055 
805 512 30 40 0.02891655 
821 93 12 14 0.028558662 
814 119 9 10 0.028552787 
699 118 11 14 0.028486393 
272 78 10 12 0.028408252 
448 40 9 10 0.028072147 
659 26 12 14 0.02801053 
664 1 8 9 0.027985137 
784 112 8 11 0.027928187 
247 91 13 17 0.027790964 
646 1 10 10 0.02745623 
264 121 13 16 0.027439713 
999 80 9 11 0.027419081 
929 78 9 10 0.026992315 
706 9 9 10 0.026592981 
693 7 9 10 0.026567563 
368 53 9 10 0.026488934 
726 78 9 12 0.026361985 
592 21 10 12 0.02619405 
912 6 9 10 0.026186777 
430 31 7 10 0.026011338 
788 119 9 10 0.025982434 
727 101 10 12 0.025966775 
805 156 8 11 0.025895568 
367 80 8 10 0.02581304 
973 79 9 11 0.025686247 
652 86 11 13 0.025547141 
645 22 8 11 0.025536662 
722 248 15 19 0.025496863 
743 78 9 11 0.02549575 
177 45 9 11 0.025487097 
833 125 11 13 0.025414957 
910 84 9 11 0.025343467 
345 89 10 12 0.025338553 
928 86 9 10 0.025325216 
299 329 25 31 0.025276696 
160 6 8 9 0.025248703 
1007 79 9 12 0.025189746 
346 72 8 10 0.02511846 
501 5 9 11 0.025031066 
192 102 9 10 0.024991032 
758 201 26 29 0.024920555 
365 273 12 16 0.024913702 
805 21 9 11 0.02488653 
880 126 10 13 0.02484237 
786 126 10 13 0.024841785 
349 103 9 11 0.024752801 
822 109 9 11 0.024585823 
725 197 25 30 0.024584303 
905 80 8 11 0.024559617 
312 7 8 9 0.024545547 
915 94 10 14 0.024505189 
748 107 11 13 0.024443617 
297 268 11 14 0.024269266 
823 88 9 12 0.02417994 
189 219 11 14 0.024081904 
377 85 9 11 0.024009313 
846 128 9 10 0.023901876 
333 275 12 16 0.023895858 
321 69 10 12 0.023884822 
344 238 11 14 0.023704376 
821 34 10 13 0.023703394 
497 1 9 10 0.023657147 
816 109 9 11 0.023443243 
709 255 26 30 0.023430677 
294 112 10 13 0.02338505 
823 128 7 10 0.023367828 
304 59 10 13 0.023204561 
353 8 8 9 0.023186231 
764 134 11 12 0.023177927 
288 71 8 10 0.023115909 
729 223 41 50 0.023075711 
734 79 9 11 0.022949228 
805 310 22 26 0.022946507 
910 72 10 12 0.02291455 
661 38 10 12 0.022864394 
180 20 9 11 0.022774652 
640 40 7 9 0.022747772 
275 84 12 15 0.022562224 
732 158 10 13 0.022416584 
548 160 49 73 0.022361947 
183 94 10 12 0.022324057 
415 275 56 86 0.022111205 
288 104 9 10 0.021993615 
839 1 12 12 0.021834657 
728 0 10 10 0.021813849 
839 84 9 11 0.02175393 
340 6 9 9 0.021712877 
845 2 10 10 0.021653092 
159 1 8 9 0.02159787 
232 78 9 12 0.021595396 
784 54 9 11 0.02158345 
191 122 13 16 0.02154272 
746 234 29 35 0.021536404 
750 116 9 12 0.021486914 
927 32 8 9 0.02148213 
744 126 10 12 0.021444514 
766 103 9 11 0.021436295 
990 79 10 12 0.0212824 
881 73 7 10 0.021242693 
641 1 9 10 0.02120323 
245 301 11 13 0.021199286 
806 102 9 10 0.021183863 
313 20 7 10 0.021032633 
630 41 8 9 0.020947052 
802 125 9 12 0.020907605 
214 102 9 11 0.020789059 
622 8 9 10 0.020769347 
654 72 9 12 0.020768404 
838 38 7 10 0.020699006 
862 197 10 13 0.020640098 
801 158 8 10 0.020544348 
721 342 14 18 0.020243054 
650 91 14 16 0.020209083 
728 4 10 12 0.020154584 
320 83 10 13 0.020142833 
784 29 9 12 0.02013751 
165 27 11 14 0.020031838 
