6_Funeral_Funeral_6_760
47
211 123 99 127 0.999191 
667 358 26 33 0.9946238 
962 161 15 19 0.8977324 
414 319 22 31 0.6598723 
755 161 17 24 0.501245 
864 332 8 11 0.18971795 
674 427 17 23 0.17583413 
629 158 18 21 0.079872236 
620 325 30 34 0.06756853 
953 309 10 12 0.06755608 
846 191 59 78 0.051032007 
888 316 18 20 0.044559903 
644 361 42 45 0.043656286 
889 129 37 53 0.039019503 
733 192 37 57 0.03890813 
762 157 15 22 0.036534782 
576 354 10 13 0.03586061 
924 165 10 14 0.032544136 
703 301 38 50 0.029286455 
903 156 12 18 0.028753696 
741 170 16 18 0.028712051 
613 166 10 13 0.02783699 
613 367 14 19 0.026778886 
893 154 12 17 0.025706861 
774 300 11 13 0.025698584 
601 356 10 12 0.025612667 
128 273 410 459 0.025117047 
834 115 46 56 0.024673201 
745 165 24 30 0.024103941 
443 309 24 28 0.023830187 
858 332 10 12 0.023452794 
860 341 11 13 0.023252213 
691 203 14 17 0.023082854 
912 293 11 14 0.023058884 
861 160 14 18 0.023019811 
908 323 11 14 0.022751227 
99 189 79 116 0.02270764 
767 154 22 27 0.022621334 
893 147 13 17 0.022047725 
867 326 11 13 0.02189866 
899 172 12 14 0.02184182 
834 406 8 11 0.021505216 
655 234 12 18 0.021017069 
899 179 12 14 0.020978602 
896 260 12 16 0.02025356 
387 301 94 123 0.020229338 
735 186 13 15 0.020042567 
