6_Funeral_Funeral_6_610
30
369 295 84 76 0.990824 
384 409 110 74 0.97602373 
637 162 254 346 0.53028435 
374 355 118 98 0.42509717 
570 452 61 87 0.37875366 
593 421 55 83 0.2210733 
605 123 139 159 0.19877264 
592 156 222 226 0.13564415 
878 20 51 66 0.12140932 
620 432 33 46 0.12093946 
796 32 50 71 0.09668995 
385 330 87 71 0.068626575 
434 299 56 64 0.06087101 
811 44 31 43 0.058163077 
774 22 86 109 0.057669535 
753 64 59 87 0.049254242 
352 311 176 191 0.039745327 
561 410 64 93 0.032924768 
612 409 52 73 0.02820841 
649 85 206 229 0.027566345 
557 433 37 56 0.026788717 
584 618 31 52 0.026785612 
819 29 51 74 0.025962768 
318 348 56 64 0.025495246 
419 445 58 41 0.024346935 
841 14 85 108 0.023232838 
712 26 94 138 0.022818847 
481 139 330 423 0.021931773 
890 7 40 51 0.020335844 
520 504 49 66 0.020135596 
