6_Funeral_Funeral_6_745
34
92 398 122 147 0.9999019 
527 476 111 137 0.9998116 
776 524 116 127 0.99980825 
418 166 119 174 0.9997011 
540 206 103 147 0.99961 
765 389 117 144 0.99377835 
108 271 126 113 0.2727494 
474 196 116 157 0.04835382 
254 143 9 11 0.038157426 
370 623 7 10 0.028607106 
319 93 8 11 0.027446589 
369 607 8 9 0.025791714 
297 151 7 8 0.025224593 
374 621 8 11 0.024880547 
249 145 7 9 0.024815751 
280 145 8 9 0.024665734 
320 566 7 9 0.024447752 
341 624 8 9 0.024193399 
246 120 7 9 0.023578508 
280 128 7 9 0.02305874 
344 174 8 10 0.023053486 
281 150 8 9 0.022867646 
242 120 7 9 0.022648662 
291 1006 22 27 0.022581343 
26 70 8 11 0.021916535 
296 120 7 9 0.021626217 
287 144 7 9 0.021177921 
314 1020 17 20 0.020861935 
273 135 7 9 0.020546503 
103 315 123 185 0.020534722 
25 88 7 10 0.020496773 
16 40 7 8 0.020493235 
30 71 8 11 0.020429997 
296 144 7 9 0.020024877 
