6_Funeral_Funeral_6_759
158
691 50 29 38 0.9996252 
363 55 31 39 0.9996216 
497 30 29 38 0.99956924 
325 92 30 37 0.99938154 
950 146 31 40 0.99919325 
777 214 32 40 0.9991922 
604 81 30 35 0.9988606 
797 98 30 38 0.9987759 
316 0 30 32 0.9987632 
71 166 36 48 0.99862885 
850 274 27 37 0.99849594 
193 3 30 33 0.99830174 
127 92 33 40 0.9980405 
16 93 31 39 0.9977976 
385 15 25 33 0.9977736 
267 162 35 46 0.99764353 
452 3 26 31 0.99764013 
443 159 34 46 0.99757165 
683 11 28 36 0.9975643 
568 13 27 34 0.9975326 
197 158 34 40 0.9975291 
715 139 34 38 0.9975199 
898 284 38 52 0.99673826 
499 260 39 44 0.99642074 
911 44 33 39 0.9958346 
652 184 37 48 0.99557954 
377 115 35 43 0.9954366 
726 63 35 40 0.9944687 
338 181 29 38 0.9943235 
963 97 25 34 0.99312323 
96 75 31 37 0.99287295 
745 350 34 44 0.992702 
958 216 31 41 0.99255085 
653 132 33 42 0.991819 
123 9 32 44 0.98936325 
801 30 24 32 0.9889981 
863 120 35 41 0.9844168 
313 274 42 49 0.98126215 
168 65 33 43 0.98035365 
633 25 26 34 0.9801292 
259 113 37 42 0.97802174 
109 271 39 52 0.97361064 
44 146 31 42 0.9686998 
434 72 24 35 0.95753974 
460 93 32 39 0.94718593 
776 13 27 36 0.93776 
361 11 24 31 0.9136696 
180 156 31 38 0.90272224 
251 80 30 38 0.8988869 
955 58 27 36 0.84850585 
277 62 26 32 0.80578834 
660 100 30 35 0.7706252 
876 93 30 38 0.7486882 
62 312 22 28 0.7023455 
869 104 35 44 0.68025434 
233 62 31 39 0.66804916 
789 18 28 35 0.66437423 
974 330 38 41 0.6572061 
896 2 21 20 0.5649409 
46 133 26 29 0.5535359 
546 47 26 35 0.5362968 
551 175 33 34 0.49346635 
226 13 22 27 0.41629258 
28 307 15 20 0.33251852 
56 152 35 42 0.21461281 
500 4 26 27 0.1922877 
205 94 24 30 0.19199534 
512 3 26 29 0.17104638 
651 -1 19 19 0.16775607 
783 3 28 32 0.16041388 
495 3 16 18 0.15378962 
271 44 34 39 0.13535795 
25 161 15 21 0.13337955 
879 82 25 32 0.13319644 
547 34 18 24 0.13291706 
411 31 22 31 0.12272089 
773 22 18 24 0.1136071 
636 6 25 28 0.10943831 
230 54 26 29 0.106677204 
475 176 24 33 0.102886215 
459 66 27 34 0.09435836 
444 77 27 34 0.09403528 
915 0 20 18 0.08475336 
665 88 27 33 0.08369081 
494 13 27 29 0.075973555 
73 303 18 22 0.0711503 
804 10 26 31 0.06779255 
145 75 39 51 0.06119488 
524 6 25 26 0.05943807 
539 150 50 62 0.058355637 
884 1 28 29 0.05530801 
453 77 33 40 0.054877806 
227 2 23 26 0.053981658 
268 285 44 52 0.052697644 
61 306 18 22 0.05226075 
554 22 24 31 0.051578656 
733 163 33 47 0.048092417 
267 80 28 34 0.046292238 
265 64 28 35 0.04405316 
671 73 25 34 0.043119367 
966 294 49 65 0.043082625 
921 2 28 28 0.0429503 
560 54 16 23 0.042390704 
991 219 26 34 0.04235071 
782 3 17 19 0.041499063 
435 88 18 25 0.040583886 
427 144 30 37 0.03882637 
214 340 426 483 0.037186448 
710 330 38 52 0.036915798 
925 26 16 19 0.03600239 
262 51 27 31 0.033786688 
179 56 30 40 0.0330374 
696 377 27 45 0.032980837 
808 222 21 30 0.032664537 
298 282 45 51 0.032536067 
957 42 26 34 0.030500907 
67 143 31 37 0.029810878 
104 159 29 40 0.029304493 
883 74 18 21 0.028638422 
534 51 27 35 0.028482752 
461 168 31 41 0.02833062 
736 185 28 37 0.027978353 
80 297 16 21 0.027543498 
280 77 26 34 0.027111655 
490 142 29 37 0.026649997 
428 159 14 18 0.026642669 
955 -2 39 35 0.02656689 
221 73 31 39 0.026246533 
442 421 25 28 0.026239397 
55 302 36 47 0.026059438 
966 64 19 23 0.026001215 
364 6 17 19 0.025961107 
10 148 27 37 0.025625031 
390 6 27 30 0.025108 
729 147 32 43 0.024993232 
876 11 24 31 0.024700195 
198 108 31 34 0.024202801 
328 72 24 28 0.024009924 
43 323 13 17 0.02384425 
25 307 24 33 0.023844091 
643 2 20 20 0.023767604 
379 98 32 38 0.023597008 
896 -1 44 44 0.02351933 
189 80 27 35 0.023446016 
733 329 42 58 0.023362234 
913 91 26 32 0.02270242 
651 113 30 38 0.022220999 
934 291 27 34 0.021642067 
288 66 25 31 0.021232288 
367 8 38 44 0.02114059 
1001 23 23 40 0.02107063 
512 -1 18 16 0.02106201 
801 2 18 20 0.020954497 
794 83 25 31 0.020850029 
947 220 27 38 0.020700255 
191 121 29 34 0.020455299 
10 460 15 18 0.020247877 
1014 415 9 14 0.020102577 
