6_Funeral_Funeral_6_364
428
470 128 32 41 0.9983388 
170 137 33 41 0.99054164 
558 85 38 54 0.97846395 
6 602 14 20 0.56832165 
471 542 12 13 0.39625514 
356 556 10 12 0.37274632 
637 117 20 27 0.3300839 
308 656 15 20 0.32444724 
582 583 9 12 0.26916692 
615 624 9 13 0.2620584 
678 677 22 28 0.24427928 
29 598 13 16 0.2171244 
753 693 8 11 0.19575745 
501 578 10 12 0.19304472 
516 583 11 14 0.18151443 
496 646 10 12 0.17761998 
335 548 12 15 0.1747045 
485 582 10 12 0.17301066 
678 662 20 27 0.16779365 
624 638 12 15 0.16450942 
8 581 9 12 0.1582582 
496 582 9 11 0.1579149 
364 576 9 11 0.1474416 
565 572 11 14 0.14644682 
598 572 13 18 0.14097585 
565 567 10 12 0.13959719 
366 628 9 12 0.13713537 
628 134 29 34 0.13088287 
623 594 11 14 0.12994778 
270 675 12 14 0.12873656 
72 97 11 14 0.12569165 
772 696 9 11 0.12407556 
584 566 10 12 0.11944578 
20 597 13 17 0.11846074 
125 595 15 21 0.1166612 
622 644 13 16 0.11551517 
315 664 15 20 0.11447086 
367 619 12 15 0.112463 
585 572 9 12 0.11195242 
783 672 9 10 0.11177296 
604 577 13 16 0.11177085 
713 687 11 13 0.11090902 
119 604 12 18 0.11049276 
392 587 13 16 0.107983075 
14 597 12 20 0.10505168 
500 644 10 13 0.1015421 
272 629 12 16 0.10044693 
550 672 13 19 0.099916816 
448 543 11 12 0.098541856 
416 549 10 12 0.093169264 
564 711 10 13 0.09269884 
629 626 14 16 0.09243582 
270 650 12 15 0.08998346 
361 632 9 11 0.08867357 
528 566 9 12 0.08686988 
513 587 11 14 0.085371114 
773 616 12 14 0.083503745 
362 580 9 11 0.08305964 
472 559 12 14 0.08140447 
340 542 10 12 0.081183776 
551 527 10 11 0.080208145 
446 556 15 17 0.0800568 
316 597 10 14 0.079351224 
807 563 10 14 0.0782987 
1 85 19 39 0.077517904 
451 548 10 12 0.075608216 
721 574 8 11 0.075116895 
417 543 9 11 0.074199066 
313 650 14 20 0.074094936 
350 614 8 12 0.073447414 
613 590 12 15 0.07199017 
750 579 12 15 0.06993569 
479 582 12 15 0.0687662 
133 641 16 21 0.06836011 
452 583 15 18 0.06676698 
418 607 14 17 0.066738516 
472 624 10 12 0.066159174 
285 539 10 12 0.06583966 
551 511 8 10 0.06501181 
738 677 9 12 0.06481914 
610 622 10 12 0.06310541 
302 691 25 33 0.06297821 
430 628 14 18 0.06286803 
317 645 12 15 0.06232262 
576 582 9 11 0.06143896 
290 572 11 13 0.06129334 
642 139 16 21 0.06109326 
369 613 13 16 0.059487365 
350 598 9 12 0.056811422 
757 688 9 12 0.056049045 
2 581 9 14 0.054946326 
486 536 9 10 0.05452613 
611 580 11 14 0.054070473 
327 556 9 12 0.05386454 
326 570 11 13 0.05364081 
606 526 10 12 0.052932233 
769 613 10 14 0.052688155 
518 642 11 12 0.052348442 
313 518 8 11 0.051875513 
788 671 9 10 0.051726386 
614 667 24 31 0.05111541 
825 672 10 12 0.051112376 
421 658 16 20 0.0510028 
50 682 14 18 0.05049449 
365 638 11 13 0.0503279 
776 676 10 13 0.050188262 
206 587 15 20 0.04941213 
791 610 13 16 0.049253747 
509 556 9 11 0.048724044 
448 621 10 12 0.04871381 
383 576 9 11 0.04827256 
1008 692 10 12 0.0482211 
32 575 10 12 0.048016045 
843 588 16 20 0.047318324 
508 550 10 13 0.04711274 
694 649 14 16 0.046864036 
688 682 17 21 0.046518527 
613 658 14 17 0.045961775 
619 621 14 17 0.04592332 
344 567 9 12 0.04559464 
397 550 8 11 0.045341782 
288 566 12 14 0.044997003 
327 532 8 11 0.04445642 
458 581 13 17 0.044403262 
567 578 11 13 0.044341758 
312 611 12 14 0.044198215 
423 581 13 16 0.04417988 
566 605 11 13 0.044118654 
439 610 12 14 0.044083662 
789 540 8 10 0.043631285 
788 655 9 10 0.0433917 
614 651 14 17 0.043210175 
626 651 12 15 0.04293966 
780 611 13 18 0.04288676 
552 573 9 13 0.0428126 
382 598 11 15 0.042654775 
568 517 8 11 0.042492915 
807 677 9 12 0.042428184 
346 518 8 10 0.04236569 
607 566 12 15 0.04234491 
591 571 10 14 0.0418454 
367 644 11 12 0.041532606 
344 525 10 11 0.041521717 
767 655 8 11 0.041488055 
360 636 9 11 0.041227814 
336 581 10 14 0.041069523 
415 587 10 13 0.040980343 
511 543 9 10 0.04034714 
317 517 9 12 0.040074684 
73 582 10 12 0.039632916 
761 612 9 13 0.03963071 
785 541 9 10 0.03961338 
746 588 14 17 0.039513852 
527 631 10 13 0.039489087 
571 605 13 16 0.039425466 
706 13 9 12 0.03929343 
493 586 10 12 0.039091922 
467 541 10 13 0.03884714 
767 701 10 12 0.038811684 
487 551 10 12 0.03798441 
354 495 8 10 0.037778262 
798 573 11 15 0.0376795 
431 626 22 28 0.03757603 
408 555 10 13 0.037527896 
618 117 25 30 0.037273858 
792 618 12 15 0.0370967 
1 609 10 15 0.037057444 
583 518 8 10 0.03685286 
222 541 14 19 0.036823843 
611 116 17 22 0.03681129 
518 575 11 13 0.036810037 
476 627 10 13 0.036499366 
575 566 9 12 0.03623259 
373 605 11 14 0.036126453 
352 592 9 12 0.035855208 
363 588 12 14 0.035845414 
525 670 13 16 0.035792794 
566 561 9 11 0.035700314 
312 602 13 16 0.03554063 
736 695 8 11 0.03550259 
711 677 10 12 0.035410322 
636 623 12 15 0.0350011 
4 585 14 18 0.03497304 
309 543 9 11 0.03497263 
345 513 6 8 0.034647368 
744 653 9 11 0.034489505 
544 549 8 11 0.034374397 
572 574 9 12 0.034297723 
789 661 8 11 0.03429604 
277 602 14 18 0.034020975 
589 566 10 13 0.034006868 
599 110 24 29 0.03389373 
727 549 9 11 0.03371727 
545 512 7 8 0.033632502 
713 574 9 11 0.033251557 
743 647 9 11 0.03320301 
608 594 13 16 0.032975473 
582 560 10 12 0.032966737 
525 637 11 13 0.032910496 
719 661 9 13 0.032856088 
6 621 13 15 0.032781966 
360 542 8 11 0.032652795 
407 612 10 14 0.03257066 
568 598 10 13 0.03229818 
559 560 9 12 0.03229403 
749 637 10 12 0.032224998 
496 576 11 12 0.032175224 
598 567 11 15 0.032152943 
575 588 10 11 0.032096233 
691 666 15 19 0.03208832 
252 577 14 20 0.031935595 
685 655 10 13 0.03192143 
630 121 18 22 0.03169989 
391 593 13 16 0.03147802 
140 597 10 13 0.031358495 
417 582 10 14 0.031250954 
505 565 10 12 0.03123101 
40 573 12 15 0.031175558 
462 558 9 12 0.031170832 
343 534 10 12 0.031128654 
166 120 25 41 0.031044986 
472 587 12 15 0.030970993 
141 554 17 21 0.030705338 
243 530 23 31 0.030620202 
620 629 20 24 0.030442733 
495 534 8 11 0.030381205 
363 621 10 14 0.029981555 
262 667 12 15 0.029947126 
772 700 11 12 0.029925566 
308 706 16 25 0.029864732 
526 587 8 12 0.029729601 
610 571 13 16 0.029500643 
505 544 9 11 0.029409176 
352 633 9 11 0.029374951 
366 596 10 12 0.029290343 
719 679 9 11 0.02928021 
71 598 11 15 0.029252939 
760 662 9 11 0.029243525 
431 624 10 14 0.029085303 
486 630 10 12 0.028961597 
207 617 11 13 0.028937265 
134 630 15 17 0.02892324 
561 619 49 58 0.02887544 
310 645 15 18 0.028796414 
783 695 9 10 0.028703177 
781 675 9 12 0.028525686 
274 669 13 17 0.028399065 
773 565 8 11 0.02834446 
510 642 11 13 0.028326953 
28 606 15 17 0.028293688 
391 619 11 14 0.028292803 
738 684 9 12 0.028275477 
745 572 11 14 0.028225146 
575 536 8 9 0.028221222 
590 709 12 13 0.028207168 
328 550 11 13 0.028131155 
562 604 10 13 0.02811323 
444 606 10 14 0.028093558 
475 546 11 13 0.028079383 
551 518 9 11 0.027956551 
816 635 8 11 0.027882067 
375 502 8 11 0.027818054 
435 581 13 16 0.02754341 
598 628 11 15 0.027540332 
439 638 15 20 0.027505286 
734 653 9 12 0.027426844 
1001 687 10 13 0.02732481 
261 661 11 15 0.027269747 
112 605 12 15 0.027230423 
576 559 9 12 0.02721896 
31 591 14 17 0.027203662 
53 592 16 21 0.027194247 
831 581 9 12 0.027192974 
615 633 11 16 0.027164053 
486 576 10 12 0.027116247 
12 606 13 17 0.026983075 
360 612 9 13 0.026893815 
451 561 13 16 0.026885938 
44 574 15 19 0.02683951 
783 686 8 10 0.026815135 
384 623 9 12 0.026711559 
461 575 11 15 0.02670099 
288 633 12 16 0.026594443 
575 623 9 10 0.02653873 
201 575 24 35 0.026524635 
766 661 8 10 0.026510816 
789 599 20 26 0.026207352 
428 584 15 18 0.026162034 
214 539 26 30 0.026112912 
414 553 11 14 0.02609004 
830 597 12 14 0.026030317 
648 120 15 21 0.025992494 
750 568 12 14 0.025869494 
761 702 9 11 0.025840031 
349 573 10 12 0.025732469 
723 678 10 12 0.025680888 
167 653 10 12 0.025647515 
487 662 11 14 0.025524898 
292 541 10 13 0.025450977 
760 655 10 12 0.025362963 
24 556 9 12 0.025353892 
230 610 16 21 0.025238847 
61 609 14 18 0.025090663 
511 595 12 16 0.02501125 
407 581 10 13 0.024897221 
454 575 13 15 0.024675842 
524 618 13 15 0.024647305 
350 603 10 14 0.024589296 
519 540 8 10 0.024584794 
767 636 10 12 0.024458459 
415 628 12 15 0.02445717 
357 562 10 13 0.024292735 
517 557 9 12 0.024228817 
327 602 10 13 0.024205044 
353 500 8 11 0.02413672 
535 543 9 11 0.024116589 
798 627 10 12 0.024070183 
838 599 13 18 0.02404924 
782 631 10 11 0.02403609 
329 512 7 10 0.024014072 
736 647 9 12 0.02397111 
774 632 11 12 0.023963362 
727 660 10 14 0.023960464 
767 709 9 11 0.023896404 
390 604 10 13 0.023788657 
162 621 13 17 0.02375882 
725 636 11 12 0.023717977 
646 614 9 11 0.023661101 
509 575 11 13 0.023642205 
317 591 10 13 0.023595214 
270 576 9 13 0.023587164 
551 548 8 11 0.02353826 
622 612 12 14 0.02344159 
465 547 10 13 0.02342091 
357 605 11 15 0.023362268 
617 590 20 23 0.023353072 
761 543 8 10 0.023347367 
385 629 9 12 0.023284813 
727 591 10 13 0.023273783 
608 614 11 14 0.023230422 
493 650 12 14 0.023220662 
603 575 22 25 0.023156561 
574 495 8 10 0.02307433 
291 578 12 14 0.023063164 
601 509 11 14 0.023057083 
405 604 12 15 0.02293966 
126 619 13 17 0.022906506 
362 659 13 14 0.022830501 
268 581 11 14 0.022824597 
655 491 13 16 0.022812178 
537 548 9 11 0.022624202 
784 573 10 12 0.022618793 
382 526 8 10 0.022575801 
833 589 24 29 0.022554439 
636 635 12 15 0.022536118 
124 607 14 18 0.022424798 
716 93 10 12 0.022412337 
277 658 12 17 0.022392914 
449 536 10 11 0.022354316 
571 641 17 21 0.022351695 
784 704 9 11 0.022227392 
560 598 10 13 0.022122787 
630 511 10 12 0.022117766 
598 586 12 14 0.022081466 
780 637 11 13 0.02206924 
800 564 11 15 0.022012949 
38 655 10 12 0.021881154 
239 564 13 17 0.021867873 
759 621 9 12 0.021859081 
509 577 18 23 0.02179788 
774 637 11 14 0.021788925 
324 660 11 15 0.021767868 
261 636 12 15 0.02172138 
569 525 8 10 0.021614812 
821 595 12 14 0.021598076 
492 660 12 15 0.021571288 
504 586 10 13 0.02153295 
561 568 19 23 0.021530954 
745 581 11 14 0.021498004 
774 573 9 11 0.02148034 
624 508 9 12 0.02136791 
428 575 12 15 0.021365967 
501 650 12 15 0.021365168 
377 581 8 11 0.021306582 
797 597 12 15 0.021278532 
533 615 10 13 0.021268742 
578 577 19 24 0.021233642 
277 581 10 14 0.021230172 
777 709 9 12 0.021217296 
269 657 13 17 0.021209288 
782 709 9 11 0.021088539 
409 543 9 10 0.021063682 
769 610 21 25 0.02105939 
385 658 17 19 0.021055423 
358 535 7 10 0.021055251 
517 551 9 11 0.021038482 
560 590 9 12 0.020965282 
705 9 8 10 0.020965142 
324 694 12 16 0.02094265 
558 511 8 10 0.020924425 
590 675 12 14 0.02078553 
654 485 22 26 0.020760946 
231 571 10 14 0.020723717 
432 542 10 12 0.020698218 
273 518 9 12 0.020672517 
571 635 28 34 0.02066558 
291 659 14 18 0.02066523 
358 595 11 14 0.020640677 
557 534 8 10 0.020534387 
623 604 11 13 0.020526677 
646 498 11 14 0.02052472 
576 628 9 11 0.020509917 
479 536 9 12 0.020390313 
500 676 12 15 0.020378446 
569 496 8 10 0.020370342 
318 665 21 28 0.020328453 
455 527 9 11 0.020323465 
553 567 9 12 0.02032205 
159 626 13 16 0.02029688 
173 624 14 18 0.020295579 
238 533 17 24 0.02023669 
776 14 8 10 0.020231292 
304 544 10 12 0.020222392 
532 572 9 11 0.020159561 
180 525 22 28 0.020135008 
526 509 9 11 0.020111484 
776 31 8 11 0.020030499 
358 495 7 10 0.020015573 
