6_Funeral_Funeral_6_909
31
805 243 100 130 0.99988735 
410 242 93 118 0.9998367 
620 286 75 142 0.46833107 
786 337 16 20 0.21417785 
521 709 71 63 0.10750261 
757 347 22 30 0.094159685 
-80 618 389 493 0.087578624 
720 336 12 17 0.08187689 
103 937 27 28 0.07832442 
782 339 26 35 0.05988452 
718 340 25 38 0.05890455 
728 339 27 36 0.055288356 
981 304 42 69 0.049416218 
423 667 32 41 0.047954183 
741 280 250 337 0.043236732 
764 344 28 38 0.041745916 
307 164 27 35 0.030504927 
316 1272 61 63 0.03009637 
703 334 11 15 0.030083282 
745 341 41 49 0.029427351 
696 734 49 87 0.028244458 
682 322 45 66 0.027527507 
706 322 43 57 0.026791366 
682 229 32 44 0.02610123 
654 315 52 84 0.024048762 
262 316 27 32 0.023216976 
701 342 29 41 0.023145206 
806 388 137 198 0.023114037 
321 166 54 67 0.022697577 
686 376 27 37 0.022667455 
167 333 34 38 0.022363085 
