6_Funeral_Funeral_6_252
118
662 137 122 157 0.99980015 
353 180 113 145 0.99971145 
23 272 61 73 0.9992551 
806 214 60 81 0.99907815 
924 251 52 64 0.99878305 
161 244 60 70 0.99832493 
876 204 53 67 0.99767905 
52 199 52 69 0.9970714 
979 285 44 69 0.990155 
38 132 43 60 0.98181826 
99 159 40 53 0.9793147 
0 129 40 63 0.962865 
176 149 42 51 0.95463395 
206 189 43 54 0.9314984 
540 177 42 55 0.9108866 
981 211 41 60 0.8662202 
19 132 43 60 0.80482566 
231 235 44 61 0.7651269 
724 290 70 87 0.7101895 
895 176 38 48 0.39588687 
978 1116 18 20 0.23925209 
30 1222 26 30 0.23445474 
946 997 16 20 0.18816842 
964 1018 12 15 0.17784195 
740 209 60 79 0.1505826 
939 965 14 16 0.13311799 
873 663 37 47 0.113867864 
759 231 38 44 0.10577479 
957 961 10 14 0.09529421 
212 1141 20 28 0.08948262 
214 208 51 66 0.08752887 
934 969 14 18 0.084089294 
838 213 53 66 0.08376585 
694 225 97 119 0.07855344 
468 903 19 25 0.072872765 
926 983 16 21 0.07224929 
55 1264 25 31 0.06671012 
932 950 9 12 0.0666291 
962 268 47 71 0.06578193 
553 178 58 77 0.065024614 
1001 971 18 31 0.06278229 
931 977 15 19 0.06227037 
604 2 51 47 0.05886761 
949 960 15 17 0.05834005 
30 1233 30 36 0.057821404 
895 951 11 13 0.053576518 
1014 891 8 14 0.051018152 
860 1200 59 74 0.049580146 
1 184 22 33 0.04723156 
741 267 62 84 0.046886705 
965 228 45 58 0.046189845 
270 1108 17 20 0.04540703 
937 976 15 18 0.042909943 
1006 917 11 16 0.042815004 
60 1262 16 19 0.04196939 
237 1133 27 31 0.04185487 
929 986 22 27 0.04101056 
468 174 48 62 0.04081039 
987 548 40 68 0.0407257 
941 226 43 62 0.040196326 
938 1243 40 62 0.038689766 
482 185 16 19 0.03806551 
581 182 54 82 0.037527602 
767 235 51 70 0.036441207 
168 1102 28 32 0.03628896 
477 184 27 37 0.03599674 
974 240 50 71 0.03543349 
901 941 10 13 0.034491822 
407 197 95 122 0.034072235 
965 940 10 12 0.033278666 
249 1174 54 68 0.03278468 
139 1134 47 58 0.031839065 
312 981 132 106 0.031233706 
950 209 40 55 0.030013591 
911 958 10 13 0.029745158 
329 1001 78 61 0.029254237 
933 991 26 31 0.028858997 
666 1070 48 53 0.02841726 
21 1214 43 48 0.028317673 
281 1102 26 29 0.027935242 
948 991 14 16 0.027777648 
910 1201 16 19 0.027637633 
875 820 10 13 0.027555635 
898 956 12 15 0.02733925 
876 815 9 12 0.027033567 
588 174 87 114 0.026974278 
253 973 224 167 0.026843272 
910 879 9 11 0.026598824 
418 321 186 311 0.02625884 
928 954 12 14 0.026176274 
899 219 52 65 0.025828129 
890 948 23 29 0.025484586 
876 238 46 61 0.02530453 
186 754 399 406 0.024683785 
228 1138 23 32 0.024683362 
873 817 9 12 0.024411261 
900 950 11 13 0.02413048 
19 1230 28 37 0.024088042 
1009 971 14 22 0.023986744 
962 963 10 13 0.023984602 
730 727 69 72 0.023843605 
483 219 193 223 0.02337928 
1012 914 11 18 0.02331301 
227 1129 44 54 0.023013843 
213 1022 30 34 0.022893338 
869 260 32 43 0.021833466 
443 154 82 111 0.021471458 
67 147 45 61 0.0214363 
31 1242 45 54 0.021415275 
2 1233 24 34 0.02113358 
888 1017 48 61 0.020835383 
702 1082 66 60 0.020771144 
222 1015 10 12 0.020753147 
908 884 10 12 0.020725971 
889 739 24 35 0.02043451 
1000 921 12 15 0.020192219 
936 215 33 40 0.020156872 
67 1209 41 58 0.020035233 
