6_Funeral_Funeral_6_696
64
459 170 60 81 0.9994261 
968 168 53 68 0.9988617 
679 113 63 87 0.9986299 
559 204 51 88 0.9985089 
264 150 28 34 0.9982926 
330 176 27 35 0.9980463 
5 173 26 34 0.99785393 
893 131 46 57 0.99754626 
21 200 25 32 0.9967698 
562 62 59 90 0.9965912 
160 191 32 43 0.9963825 
812 141 55 75 0.99589133 
59 194 25 33 0.9953068 
219 172 20 28 0.9885796 
94 183 24 32 0.9831339 
362 174 22 30 0.9779457 
412 88 53 63 0.9756177 
90 156 20 23 0.9621105 
119 186 28 35 0.9381708 
23 162 20 24 0.85593605 
171 161 20 22 0.7825185 
295 163 17 23 0.68769515 
389 151 22 35 0.6545236 
59 174 20 23 0.6490249 
219 163 17 25 0.3951763 
348 159 12 14 0.38423455 
139 171 16 20 0.24991027 
957 153 26 38 0.21843573 
559 319 38 50 0.15869235 
804 162 16 22 0.14724393 
344 157 20 26 0.119854465 
805 155 28 42 0.10350227 
549 147 14 23 0.09692451 
165 170 27 31 0.09072844 
128 175 24 31 0.083073854 
378 164 21 29 0.069682084 
135 193 18 23 0.06820554 
117 171 16 20 0.06774512 
148 193 27 36 0.059522774 
279 155 25 32 0.05364305 
424 116 57 70 0.05095154 
367 169 13 18 0.050763708 
785 157 10 14 0.049516372 
389 135 42 56 0.044704292 
121 171 22 28 0.03671521 
310 47 8 11 0.03607311 
398 116 52 64 0.03385423 
162 178 18 22 0.03309674 
659 117 52 75 0.032439847 
960 157 14 19 0.031660564 
77 189 27 35 0.031634845 
392 150 12 20 0.031518716 
339 168 24 32 0.029601166 
962 378 10 13 0.027549505 
364 172 35 45 0.025062777 
95 167 19 22 0.023324577 
542 146 24 34 0.023172436 
669 139 13 18 0.022766475 
515 158 23 32 0.022496836 
384 172 28 35 0.021817809 
224 158 17 20 0.02152804 
51 301 110 118 0.020834124 
185 163 14 19 0.020144237 
127 201 26 32 0.020070063 
