6_Funeral_Funeral_6_572
33
499 339 30 38 0.9997054 
654 340 31 39 0.99948883 
610 300 34 42 0.99944955 
339 322 28 37 0.99940145 
795 291 32 40 0.99935025 
286 344 28 35 0.9992368 
553 295 31 38 0.9992016 
415 343 31 35 0.999156 
228 356 29 34 0.9991327 
546 352 30 38 0.99908936 
354 368 29 35 0.9988697 
738 315 33 42 0.99852955 
163 363 26 34 0.9979983 
396 537 12 15 0.09927946 
981 569 12 14 0.05510311 
1005 565 11 15 0.046641707 
917 566 8 10 0.043838263 
896 549 10 11 0.036890216 
912 520 10 12 0.036227573 
977 568 10 13 0.03320159 
879 598 10 12 0.029905427 
425 582 8 10 0.028842151 
796 567 12 15 0.02830455 
1014 570 9 13 0.027513858 
343 396 13 16 0.026990147 
1007 619 11 13 0.02604766 
958 568 8 10 0.02582279 
864 597 8 10 0.022982813 
988 566 10 13 0.022693532 
984 535 9 11 0.02141318 
200 288 394 475 0.0210531 
960 539 12 15 0.020673746 
470 508 15 18 0.020625487 
