6_Funeral_Funeral_6_315
26
354 147 140 214 0.9950335 
0 602 28 57 0.16394754 
54 770 193 256 0.15818496 
394 985 200 318 0.1466272 
210 452 18 24 0.12696463 
63 527 11 13 0.06722835 
654 371 37 46 0.045550574 
46 615 25 42 0.04361585 
445 -37 371 502 0.04210405 
372 885 371 461 0.041080583 
101 823 137 141 0.038607217 
38 704 329 404 0.038267463 
668 391 36 45 0.037451226 
370 1409 15 18 0.033939105 
647 360 38 40 0.033068866 
64 570 13 18 0.03242967 
365 1428 54 69 0.031717233 
148 678 99 102 0.031445332 
54 607 37 55 0.029385421 
215 769 125 115 0.026983546 
39 1318 10 13 0.026250051 
95 523 13 16 0.024813673 
62 535 15 19 0.023626175 
343 546 28 29 0.022592708 
61 564 24 34 0.020995963 
52 526 42 52 0.020295937 
