56_Voter_peoplevoting_56_663
130
490 295 50 64 0.99847215 
838 44 65 95 0.995194 
668 144 42 44 0.9714972 
346 212 39 42 0.86074346 
197 195 12 18 0.7620474 
104 225 12 16 0.6644632 
13 224 10 13 0.22445902 
263 213 10 12 0.16918816 
7 221 10 13 0.15768354 
72 219 9 12 0.14532126 
233 180 10 14 0.13438599 
656 327 19 22 0.11435269 
1 218 10 16 0.10910966 
283 190 10 12 0.10655197 
54 246 12 17 0.10389912 
315 184 14 19 0.09857852 
3 236 11 13 0.08870624 
361 204 31 37 0.08635124 
39 227 10 13 0.08496806 
67 260 11 13 0.08439377 
89 260 9 12 0.081496 
68 254 10 13 0.07541213 
171 143 18 23 0.074559666 
268 213 10 13 0.0693864 
45 223 8 10 0.06220174 
192 199 13 18 0.05918411 
88 236 10 13 0.057154085 
279 223 11 15 0.055565543 
93 227 15 18 0.05352125 
637 171 9 12 0.051689904 
307 188 23 31 0.050596476 
6 226 12 15 0.050345816 
64 268 9 13 0.050089773 
384 249 13 17 0.048382662 
96 147 9 10 0.047891892 
385 158 8 10 0.04766149 
278 272 9 12 0.04720294 
256 214 11 13 0.046016138 
75 215 11 14 0.045702178 
186 186 19 24 0.045281667 
181 190 16 20 0.044972073 
220 211 13 17 0.044582617 
957 433 47 67 0.044499457 
60 245 12 16 0.044225086 
733 189 15 18 0.04371172 
160 155 26 34 0.043597277 
46 251 15 17 0.042550955 
650 298 15 19 0.042408317 
16 236 9 12 0.042379122 
246 164 28 34 0.041081265 
63 239 11 13 0.039808854 
39 269 10 13 0.039761145 
71 228 9 12 0.038344022 
147 157 26 35 0.037247997 
53 238 11 14 0.036747653 
153 246 8 11 0.034908075 
0 228 12 17 0.03487705 
254 219 12 15 0.03445623 
152 133 40 54 0.033576813 
187 182 12 16 0.033000432 
429 235 14 18 0.0323661 
201 237 11 13 0.03227465 
316 188 24 35 0.032123763 
407 171 9 12 0.031866647 
156 167 14 19 0.0318653 
48 235 12 15 0.03183598 
92 217 20 24 0.031597864 
699 195 19 21 0.031414516 
46 230 10 12 0.031030245 
68 291 11 14 0.030875385 
763 262 12 14 0.030656565 
40 216 8 9 0.030346217 
66 221 9 11 0.030083586 
23 244 9 12 0.0298873 
201 199 13 19 0.029825317 
321 197 27 40 0.029680252 
33 228 9 12 0.029164793 
51 277 14 17 0.02855292 
175 187 14 17 0.027537372 
376 206 18 25 0.02753654 
124 145 44 56 0.026983665 
0 230 18 26 0.026575068 
326 209 11 17 0.026387751 
110 216 11 12 0.026371026 
172 193 15 17 0.026301203 
279 193 15 16 0.025813172 
33 269 10 12 0.025636978 
741 122 11 15 0.025591498 
101 245 10 13 0.025465623 
173 165 15 20 0.025430245 
323 203 41 53 0.025069993 
77 227 10 14 0.024998654 
698 114 18 24 0.024835085 
68 236 9 13 0.02458022 
309 209 12 14 0.024511017 
101 252 10 13 0.024371801 
7 218 19 23 0.024290655 
269 237 10 11 0.024249157 
42 258 15 18 0.024208546 
20 238 10 14 0.024182422 
165 162 15 21 0.024120413 
90 214 14 16 0.023816552 
125 237 10 13 0.023629349 
621 267 22 30 0.023350868 
180 181 15 20 0.023187008 
248 220 10 15 0.023068354 
870 294 164 260 0.0228702 
316 199 14 19 0.022863427 
453 215 16 19 0.022824375 
782 215 8 10 0.02275941 
170 202 16 18 0.022727594 
231 173 19 28 0.022707041 
53 232 9 11 0.022573326 
37 232 13 17 0.022559278 
33 206 8 10 0.022452144 
443 152 14 18 0.022336649 
413 205 13 19 0.022328397 
1 308 10 17 0.021961905 
313 174 22 31 0.021897646 
87 243 11 14 0.021748075 
94 245 10 13 0.021436851 
89 151 208 220 0.021317532 
61 255 20 24 0.021092143 
94 252 10 14 0.021035746 
49 250 23 27 0.020680679 
153 238 10 14 0.020663481 
56 271 12 14 0.020484632 
169 169 26 32 0.02039524 
66 246 11 13 0.02036681 
281 253 9 12 0.02031005 
