56_Voter_peoplevoting_56_459
42
243 90 32 48 0.9983 
742 89 37 49 0.99511105 
354 75 28 46 0.99346787 
864 89 31 43 0.9506291 
496 81 18 35 0.5489184 
86 43 21 40 0.5078252 
971 157 15 18 0.4636838 
634 97 35 35 0.29277298 
272 167 40 45 0.17528848 
323 97 29 36 0.11707961 
389 151 37 38 0.098184824 
121 36 26 40 0.07395657 
757 373 10 13 0.06867106 
884 200 33 29 0.0632155 
820 140 14 15 0.05236318 
769 388 9 12 0.047164418 
993 111 9 11 0.046812076 
369 141 28 37 0.04343043 
859 70 27 49 0.040891413 
333 91 36 37 0.036935356 
49 269 10 13 0.035600666 
740 357 10 13 0.032187074 
805 208 13 15 0.032180537 
761 414 11 13 0.031362336 
965 150 15 17 0.031066902 
830 173 12 16 0.030376103 
159 252 8 11 0.030002553 
376 147 35 38 0.029955132 
744 316 9 11 0.02974361 
279 208 29 30 0.029526649 
779 136 18 21 0.028475977 
367 122 31 41 0.028304841 
760 334 9 11 0.027261198 
179 175 24 31 0.026002944 
833 170 17 21 0.024639798 
846 163 14 19 0.024149805 
544 478 28 28 0.023908516 
809 134 25 29 0.022801578 
628 89 27 37 0.021573594 
895 103 30 33 0.02064354 
803 189 25 29 0.020494128 
273 188 31 36 0.020124521 
