56_Voter_peoplevoting_56_260
48
910 428 30 39 0.99899906 
836 321 30 37 0.9987312 
931 318 26 35 0.9986154 
857 217 28 36 0.9981351 
946 220 25 33 0.9979893 
42 311 27 36 0.9970732 
847 418 29 35 0.9869164 
26 213 29 36 0.98118573 
276 153 39 47 0.97750616 
690 155 37 44 0.96808696 
930 123 27 32 0.9665241 
471 130 39 53 0.9484822 
53 38 36 45 0.9435219 
1004 431 20 34 0.8478073 
0 413 19 37 0.8111633 
995 339 23 29 0.5467321 
62 116 32 40 0.22177763 
850 27 31 39 0.20690706 
886 322 24 31 0.15450823 
81 303 17 23 0.09568735 
94 24 47 55 0.09111947 
847 497 21 30 0.08794748 
726 138 14 16 0.07562861 
88 168 28 37 0.055541612 
506 98 25 29 0.054127876 
317 148 13 17 0.04840207 
924 23 27 36 0.04533601 
683 213 16 20 0.040412143 
324 214 18 23 0.030948494 
316 161 15 21 0.02990402 
484 122 41 55 0.02976359 
362 538 12 16 0.029274417 
702 137 14 17 0.027086634 
69 18 49 57 0.026046652 
445 124 47 64 0.025849717 
852 25 53 62 0.025754893 
996 333 18 22 0.025128646 
269 564 13 14 0.024911314 
831 4 26 30 0.024561718 
250 157 41 49 0.02401074 
729 539 10 11 0.0239672 
533 195 15 19 0.023962727 
310 140 24 32 0.023453232 
698 135 23 33 0.02257386 
683 185 15 20 0.021902729 
720 137 13 17 0.021509975 
603 307 16 17 0.020504054 
635 163 14 18 0.020211425 
