56_Voter_peoplevoting_56_228
53
795 328 28 35 0.9981481 
115 74 41 70 0.9972332 
921 326 25 32 0.9961118 
466 403 24 39 0.99423087 
550 277 42 44 0.99141616 
601 304 43 53 0.9861333 
634 243 45 55 0.9728072 
12 213 39 47 0.96057266 
28 210 35 44 0.3089478 
1006 509 8 12 0.13276589 
877 360 22 34 0.11598649 
336 335 26 33 0.09670913 
967 471 9 12 0.087768756 
911 397 27 31 0.07724681 
263 315 14 17 0.07216856 
494 594 15 19 0.06644397 
988 506 10 12 0.057914417 
485 300 24 40 0.057317503 
683 296 37 40 0.05132591 
523 282 52 64 0.04343075 
887 360 21 33 0.042757414 
487 306 13 21 0.04035344 
80 215 10 12 0.038820736 
991 484 10 14 0.0361017 
488 284 13 17 0.034395523 
857 362 22 32 0.03360584 
794 292 16 19 0.033335194 
511 259 12 15 0.030488908 
998 485 10 13 0.028930364 
-1 264 20 39 0.02878798 
254 326 13 16 0.028373148 
452 394 32 40 0.026157787 
142 -3 45 47 0.02614574 
337 330 17 21 0.025839984 
630 301 30 39 0.02440522 
847 365 22 31 0.024399668 
485 288 21 31 0.024232239 
540 566 12 13 0.024177229 
503 269 11 14 0.024135908 
658 270 49 61 0.023795763 
79 219 13 17 0.02253195 
780 321 15 20 0.022433775 
999 490 12 14 0.022368936 
974 478 12 14 0.022114404 
690 298 21 24 0.022011658 
498 293 48 58 0.021804206 
258 306 24 28 0.021476386 
476 299 43 59 0.021249574 
256 146 87 116 0.02092189 
824 384 24 29 0.02072735 
967 465 12 14 0.020631947 
275 317 12 16 0.020619173 
778 311 18 21 0.020105153 
