56_Voter_peoplevoting_56_620
71
129 192 48 65 0.9987639 
289 201 34 50 0.99539775 
365 197 25 35 0.9924374 
816 140 37 55 0.9747459 
496 227 24 29 0.5884695 
345 240 26 31 0.44614914 
543 211 11 19 0.410177 
528 217 12 16 0.21899103 
452 236 11 18 0.16209157 
250 250 16 21 0.14378005 
493 243 21 26 0.11502679 
445 238 15 23 0.10452154 
360 356 19 21 0.09833097 
478 234 12 18 0.0897503 
532 213 13 17 0.08830684 
549 216 13 17 0.07455102 
597 100 109 164 0.07018454 
456 257 11 15 0.0692381 
500 220 18 23 0.067480326 
614 237 10 13 0.064830825 
480 223 22 32 0.058841325 
421 344 14 16 0.05744072 
440 357 13 16 0.055401985 
453 276 12 16 0.05189212 
341 242 18 24 0.0515475 
368 206 32 39 0.05083038 
448 231 12 15 0.050176967 
555 150 14 17 0.046815436 
554 219 13 17 0.045034625 
476 255 10 13 0.04279619 
470 267 12 14 0.041668322 
483 226 14 19 0.040991135 
239 244 21 30 0.040888797 
823 131 29 39 0.03966506 
473 261 11 14 0.039367706 
574 236 14 17 0.038769137 
360 248 17 21 0.03831862 
438 239 16 24 0.036314953 
494 328 8 10 0.035767727 
415 190 11 15 0.03520229 
456 355 12 15 0.034612786 
238 241 14 21 0.034137104 
437 210 11 15 0.033968743 
495 212 12 16 0.030650644 
336 213 23 35 0.030587312 
486 269 11 16 0.030527426 
530 223 16 19 0.029616255 
251 227 14 17 0.028236829 
248 317 41 53 0.02791967 
187 346 16 18 0.02748338 
339 223 27 39 0.027293947 
471 241 13 17 0.027115341 
505 221 21 30 0.026947904 
826 131 18 23 0.025510345 
460 269 13 16 0.025454389 
447 229 20 28 0.02484339 
449 272 21 28 0.02417652 
502 281 24 32 0.024013685 
490 210 24 31 0.022470195 
465 260 22 27 0.022451807 
580 230 13 16 0.022377666 
242 231 22 30 0.022072308 
277 210 30 42 0.02201038 
487 249 13 17 0.02197178 
358 204 25 36 0.021859556 
546 207 21 28 0.02175082 
472 231 21 28 0.021449013 
534 217 22 27 0.021120701 
346 219 13 20 0.02081561 
734 208 9 11 0.020790225 
485 316 9 10 0.020632293 
