56_Voter_peoplevoting_56_344
109
979 70 15 20 0.993443 
177 80 19 23 0.987089 
209 75 19 24 0.98208517 
800 91 15 20 0.98177344 
462 85 17 22 0.9815407 
94 55 20 25 0.9681885 
310 54 18 24 0.9483755 
701 66 19 25 0.94380665 
553 77 17 22 0.92653805 
381 84 18 23 0.9128217 
891 82 15 17 0.8563999 
346 75 15 18 0.7887071 
62 82 15 19 0.76163185 
644 62 14 18 0.5200219 
911 83 11 14 0.46881524 
299 105 18 21 0.42355636 
277 63 17 21 0.25239092 
53 55 12 14 0.20479003 
601 566 28 29 0.16803578 
185 105 17 19 0.13253735 
917 78 13 17 0.11076558 
776 78 12 16 0.09961491 
269 63 17 22 0.096528776 
861 86 9 12 0.08240957 
883 83 12 15 0.07399577 
377 512 26 31 0.06931373 
54 71 21 26 0.06735479 
441 54 16 19 0.06413329 
460 52 22 25 0.06244615 
49 61 18 22 0.06225154 
562 77 11 16 0.06219958 
649 64 23 26 0.06110657 
402 549 22 26 0.06080956 
357 98 15 18 0.058231995 
120 106 12 16 0.058103357 
366 94 11 16 0.057671953 
923 76 12 17 0.05742786 
237 101 11 15 0.05283003 
442 540 21 26 0.05137039 
900 79 12 16 0.050205417 
451 116 13 14 0.049992554 
1014 84 9 14 0.049079634 
459 548 13 16 0.048384767 
16 106 12 17 0.047079157 
911 119 9 10 0.045538366 
497 56 14 17 0.045040477 
615 570 17 20 0.042676136 
86 99 15 17 0.040937617 
472 117 26 30 0.040360305 
917 89 11 13 0.039093353 
483 118 15 17 0.03873496 
282 69 16 20 0.036956415 
903 119 10 11 0.03623267 
546 136 9 11 0.03602132 
592 579 11 16 0.035075683 
543 77 14 17 0.03467415 
344 78 21 26 0.034629922 
456 63 24 30 0.034335505 
86 22 10 12 0.034263026 
28 107 12 16 0.03364801 
907 76 18 23 0.03258752 
887 586 28 29 0.031758193 
274 84 15 19 0.03174259 
511 86 11 14 0.031529814 
856 84 11 15 0.031496618 
469 550 13 15 0.031141415 
525 119 12 13 0.031048618 
596 573 17 22 0.030752614 
0 109 12 18 0.03056488 
451 53 21 26 0.030540658 
801 73 8 11 0.03002645 
195 101 12 17 0.029914895 
114 80 16 19 0.02988818 
656 61 17 19 0.029580846 
919 118 10 10 0.028993031 
501 573 10 11 0.028884454 
451 543 22 26 0.028377745 
935 122 8 11 0.028321192 
519 92 12 16 0.027971365 
494 400 12 13 0.02743933 
465 47 12 13 0.027207272 
929 119 9 11 0.026208395 
436 541 16 19 0.02614586 
26 48 17 21 0.025605218 
847 75 11 13 0.02536037 
6 99 12 18 0.025320807 
500 587 17 20 0.025312882 
855 91 10 13 0.02501696 
702 22 23 28 0.02495418 
486 98 14 20 0.02475918 
319 100 12 16 0.024128515 
496 573 10 12 0.024037361 
572 91 12 17 0.02361 
420 583 14 16 0.023592299 
877 576 27 30 0.023511756 
161 37 11 14 0.023476193 
1 248 9 13 0.02340595 
535 81 14 19 0.023378648 
475 104 14 18 0.022922413 
514 568 28 29 0.022804793 
501 94 20 26 0.022471894 
19 216 10 13 0.022045774 
886 85 14 17 0.021672979 
345 -31 348 423 0.02132877 
637 53 14 19 0.021266399 
421 334 9 10 0.02094936 
902 124 10 11 0.020752277 
837 110 10 12 0.02007531 
278 55 13 15 0.020002091 
