56_Voter_peoplevoting_56_21
76
799 252 23 27 0.59914255 
682 292 98 107 0.38983124 
325 246 13 18 0.38785854 
657 316 34 46 0.38571697 
610 345 24 38 0.35067752 
213 269 60 89 0.2229441 
492 284 59 79 0.19630684 
810 248 14 21 0.17106542 
321 267 27 33 0.15520133 
284 285 43 56 0.13624078 
671 306 58 66 0.13365851 
330 363 31 36 0.11961905 
787 256 26 29 0.10246692 
292 274 15 19 0.08095314 
329 247 15 19 0.07950809 
685 290 15 19 0.07698097 
305 281 43 59 0.06999464 
865 315 44 52 0.06671702 
744 504 107 135 0.06386232 
672 309 32 38 0.061256364 
574 476 105 120 0.06034582 
263 284 43 65 0.05702276 
312 254 43 52 0.056754064 
133 312 17 21 0.05388242 
468 290 53 74 0.049700342 
597 506 65 76 0.047723986 
862 454 24 31 0.047509417 
318 279 27 37 0.04701763 
672 296 26 31 0.046555087 
778 265 27 30 0.042396493 
694 308 32 35 0.039569125 
315 290 16 21 0.037357382 
906 379 49 60 0.037031777 
247 296 30 47 0.036306787 
131 299 29 34 0.035561394 
322 305 17 24 0.03364104 
301 267 24 30 0.03343013 
279 281 31 44 0.031625804 
324 251 25 33 0.03127522 
95 302 400 503 0.03047819 
364 118 45 57 0.029787065 
729 283 61 67 0.029600754 
288 276 22 30 0.02954667 
598 331 40 62 0.029281847 
594 333 25 33 0.02922731 
502 239 65 63 0.029070806 
327 243 9 12 0.0289256 
258 291 16 22 0.027987095 
600 330 16 21 0.02783688 
821 281 16 20 0.026579505 
774 531 111 135 0.026532883 
277 305 31 38 0.026405467 
879 319 28 31 0.026238058 
747 284 36 34 0.02603897 
92 250 12 16 0.025896734 
136 281 48 57 0.025536176 
331 255 15 18 0.02547777 
639 107 12 16 0.024127435 
578 315 47 75 0.023416912 
258 288 25 37 0.023414765 
330 267 17 20 0.022811254 
789 242 25 31 0.022735985 
245 384 47 61 0.022624666 
336 248 16 20 0.022578178 
863 345 35 38 0.022377484 
172 247 88 107 0.022191258 
896 436 46 63 0.021903578 
662 257 15 21 0.021179078 
655 244 40 52 0.021073466 
876 451 30 39 0.020953745 
677 292 18 21 0.020850213 
652 261 26 35 0.020834882 
382 182 47 58 0.020693516 
798 243 15 19 0.020285955 
409 318 27 40 0.020264901 
767 273 28 31 0.020043887 
