56_Voter_peoplevoting_56_122
201
560 79 33 46 0.97275275 
935 74 38 62 0.96768177 
419 137 26 32 0.96480113 
687 48 41 62 0.9644578 
440 39 24 34 0.94790196 
82 66 35 44 0.94465554 
904 31 35 53 0.9218737 
532 14 26 31 0.8801513 
836 58 38 51 0.87857354 
210 36 23 28 0.86807084 
484 5 23 28 0.83939576 
963 12 34 42 0.8106989 
486 14 26 35 0.7975324 
251 10 21 31 0.7413073 
602 3 28 34 0.73888683 
298 17 19 26 0.72055393 
705 5 38 40 0.65142775 
141 39 26 38 0.57631713 
771 21 35 53 0.5725589 
402 92 17 22 0.53477556 
201 20 22 28 0.52071106 
694 359 101 87 0.48893958 
32 26 22 33 0.4645097 
153 24 27 34 0.4450626 
403 10 21 31 0.36419892 
75 18 15 20 0.35478145 
146 52 32 45 0.31540003 
103 396 93 169 0.27757272 
349 25 26 34 0.258999 
147 17 23 29 0.2538798 
259 14 24 32 0.24869162 
614 53 30 47 0.21749583 
437 1 16 20 0.21042676 
909 186 47 55 0.19477515 
403 5 13 17 0.1780477 
180 0 15 13 0.17207332 
281 109 52 60 0.17000093 
797 9 28 37 0.16587292 
785 3 29 39 0.15893048 
607 13 32 36 0.15204202 
438 34 16 21 0.14948915 
723 370 107 101 0.130831 
229 65 29 46 0.11824142 
192 20 21 27 0.11629908 
717 349 181 205 0.106753774 
20 22 26 35 0.10566073 
811 108 31 47 0.10331539 
240 122 30 47 0.10176928 
901 84 23 34 0.099935815 
373 11 22 30 0.09937675 
244 11 19 25 0.09490261 
287 55 43 53 0.094367735 
0 451 137 183 0.093423605 
653 393 36 49 0.09197649 
74 22 22 28 0.09100986 
919 46 48 67 0.08930999 
154 9 26 28 0.08854782 
54 1 12 11 0.08771578 
664 380 54 61 0.08768791 
680 365 63 66 0.08672126 
111 25 22 30 0.086622015 
757 25 31 51 0.08224299 
663 0 26 34 0.08206488 
869 264 24 27 0.07856041 
269 124 43 45 0.07581846 
305 58 27 36 0.07519565 
107 0 14 14 0.074638665 
891 40 28 47 0.07119205 
613 32 29 38 0.07086512 
42 32 14 22 0.06334424 
82 20 15 19 0.059966974 
475 0 24 29 0.05890557 
173 0 17 17 0.057838473 
476 120 15 17 0.057405926 
308 107 45 58 0.055868175 
556 66 26 41 0.05564306 
459 0 18 21 0.054200117 
704 44 50 67 0.05166009 
562 1 27 33 0.049006034 
383 8 23 32 0.048675843 
584 85 32 43 0.048257437 
241 62 29 45 0.04751246 
795 378 184 234 0.047006566 
493 108 25 30 0.046781123 
269 70 51 62 0.046768155 
264 23 28 33 0.04659434 
61 18 15 21 0.04507669 
613 1 31 33 0.044964373 
356 15 27 35 0.044394154 
143 7 23 28 0.043928906 
139 34 16 21 0.043922234 
308 2 23 32 0.04387202 
809 15 20 25 0.043265015 
255 79 33 47 0.043153394 
370 120 26 30 0.039591245 
346 10 26 30 0.039541118 
11 31 25 32 0.039464228 
77 49 30 36 0.038898125 
645 362 59 62 0.038164906 
9 15 26 33 0.037697446 
896 164 49 61 0.03720906 
415 69 15 18 0.036865123 
739 36 39 59 0.036633655 
3 43 12 18 0.03575246 
34 20 16 24 0.035424657 
598 14 15 24 0.034797464 
162 2 18 19 0.034508746 
178 20 23 29 0.034063786 
415 123 26 37 0.033894293 
480 130 39 46 0.033804122 
545 6 28 35 0.03355105 
739 421 36 38 0.033493903 
440 491 48 51 0.033308472 
67 30 28 33 0.033251174 
199 32 25 34 0.033215843 
899 183 80 86 0.03305356 
931 16 41 55 0.032921124 
18 12 15 17 0.03288625 
91 19 15 19 0.032827727 
417 123 17 22 0.032333147 
100 26 25 30 0.03218918 
661 3 17 21 0.03211993 
1004 23 20 32 0.03192046 
49 32 15 21 0.03191643 
165 6 26 27 0.03137489 
441 7 17 19 0.031352077 
45 416 131 191 0.03117319 
105 74 26 36 0.030998938 
400 23 22 31 0.030657656 
411 17 21 28 0.030384237 
58 0 14 13 0.030142624 
786 -1 21 26 0.029858598 
476 116 25 30 0.02931205 
494 29 21 25 0.029309364 
856 45 40 56 0.028315969 
594 389 32 45 0.02796281 
223 40 17 23 0.027795043 
682 11 44 59 0.027769553 
677 60 30 45 0.027584242 
274 12 16 21 0.027507896 
48 0 12 11 0.02750308 
120 27 17 23 0.027110817 
58 6 22 26 0.026900044 
220 10 14 18 0.026897268 
3 27 22 34 0.026861353 
967 11 23 26 0.026842313 
309 49 18 21 0.026724832 
156 62 32 42 0.026383573 
219 78 30 43 0.025790507 
430 41 23 30 0.02572635 
414 152 14 18 0.025422815 
107 19 16 21 0.025329662 
208 14 23 29 0.024914885 
835 42 30 49 0.024901425 
903 190 29 40 0.024741169 
281 12 23 29 0.024547465 
98 57 27 38 0.024484212 
162 16 27 31 0.024412112 
36 36 24 34 0.024294442 
112 2 14 16 0.023911268 
397 39 14 20 0.023874221 
86 2 16 16 0.023506682 
698 373 35 43 0.02330744 
724 5 33 34 0.023252515 
259 5 17 22 0.022674566 
321 -1 23 31 0.02264851 
66 116 61 60 0.022573903 
637 418 39 41 0.022566013 
673 31 42 64 0.022395167 
329 101 32 50 0.022207888 
83 26 27 31 0.022197565 
983 117 32 38 0.022112742 
188 114 34 44 0.021798221 
392 42 13 17 0.021649392 
198 89 27 35 0.021644132 
678 0 40 44 0.021576291 
130 33 23 34 0.02154368 
247 104 43 62 0.02153557 
409 148 28 35 0.021404622 
478 26 26 35 0.021392541 
879 52 29 46 0.021335367 
167 30 19 24 0.021266518 
92 0 16 14 0.021197947 
333 1 24 28 0.021074869 
495 114 16 18 0.020961862 
602 18 20 28 0.02092641 
372 31 15 21 0.020871205 
489 119 28 33 0.020802312 
152 49 19 25 0.020764884 
330 6 16 22 0.020760972 
975 85 39 57 0.02075956 
260 95 34 49 0.020686837 
399 162 51 55 0.020657033 
90 -2 26 24 0.020494085 
298 78 49 63 0.020422967 
585 3 23 33 0.020250546 
223 124 33 46 0.020224296 
313 47 26 34 0.020142043 
871 241 16 20 0.020079732 
12 2 28 27 0.020067513 
603 54 28 43 0.020067316 
