56_Voter_peoplevoting_56_370
47
210 572 128 152 0.9997336 
276 359 88 128 0.9983494 
390 280 36 45 0.9956927 
446 336 50 63 0.9901191 
75 609 38 50 0.4961184 
437 662 58 69 0.4851604 
755 367 60 73 0.44699758 
205 367 34 48 0.37014946 
503 242 34 37 0.14438179 
985 120 31 39 0.14114049 
990 149 26 34 0.10115695 
492 605 39 40 0.06046023 
485 844 31 28 0.059250258 
192 364 32 49 0.05881142 
47 584 77 97 0.05833631 
476 847 57 56 0.057728134 
538 619 18 22 0.05459524 
468 673 32 43 0.046038073 
46 243 30 39 0.045595698 
535 620 393 519 0.04425269 
524 273 24 30 0.043160632 
548 338 44 55 0.042616334 
188 344 74 101 0.04199039 
7 588 86 143 0.03946632 
645 702 35 33 0.038082875 
599 926 477 385 0.037474405 
351 460 420 439 0.03701214 
988 115 17 19 0.036444034 
-9 930 386 416 0.03397673 
630 197 12 19 0.03386071 
328 453 26 33 0.033038322 
1002 158 18 24 0.032209378 
265 636 370 449 0.032156345 
513 253 32 36 0.029405346 
954 168 17 20 0.026569568 
556 316 49 65 0.0260968 
83 592 41 50 0.024781479 
398 768 215 265 0.024766859 
515 606 44 47 0.024721213 
631 397 33 42 0.0245091 
450 667 87 104 0.02351163 
708 134 33 38 0.023194833 
245 1114 163 152 0.02281024 
995 110 13 16 0.022605905 
638 705 52 50 0.021866985 
441 482 98 121 0.021180514 
565 671 36 42 0.020497538 
