56_Voter_peoplevoting_56_305
21
71 228 27 36 0.9893505 
442 201 30 45 0.9387692 
754 226 22 39 0.10870808 
548 103 16 20 0.054187305 
771 299 42 67 0.046588372 
426 198 35 46 0.036847197 
435 221 33 38 0.03400302 
685 290 41 63 0.0312174 
548 183 11 14 0.029673977 
535 179 11 16 0.027815823 
735 242 39 51 0.027433824 
992 407 8 10 0.025967883 
52 257 17 22 0.02556969 
888 400 8 9 0.023941446 
543 89 7 10 0.02309884 
848 400 8 9 0.021547912 
543 93 10 13 0.020999528 
887 406 8 10 0.020867754 
854 400 7 9 0.020607632 
662 235 405 484 0.020217858 
849 415 8 10 0.02010827 
