56_Voter_peoplevoting_56_346
22
469 183 147 192 0.99934095 
554 1163 44 50 0.10781477 
541 1131 29 35 0.06644091 
533 1154 46 56 0.042475317 
467 499 14 20 0.041379355 
500 565 13 16 0.041189313 
420 509 38 51 0.039773084 
259 582 208 267 0.035816386 
410 472 25 34 0.029662445 
424 504 24 35 0.02941314 
360 17 9 12 0.029241508 
202 1034 369 482 0.029212818 
575 1171 36 46 0.027404219 
521 1174 26 39 0.027284412 
403 495 41 56 0.027005406 
462 474 11 15 0.02676055 
559 1163 10 12 0.026248293 
550 1137 30 37 0.02535879 
466 615 52 55 0.021231825 
448 499 28 42 0.020512857 
305 22 9 12 0.02017179 
550 1185 36 41 0.020127011 
