56_Voter_peoplevoting_56_717
19
412 5 107 103 0.99983 
826 5 104 116 0.9996557 
263 3 68 86 0.9935719 
567 61 74 96 0.9909704 
193 186 13 17 0.2648285 
346 606 109 152 0.19176003 
-14 158 160 266 0.11677658 
172 -4 60 50 0.07770703 
240 187 11 15 0.05465674 
707 489 61 78 0.05310788 
452 404 130 133 0.048427027 
219 189 12 15 0.041061074 
355 265 25 27 0.03611955 
17 67 62 61 0.036105063 
849 52 73 87 0.026087645 
367 108 45 63 0.025850778 
445 32 98 121 0.024836337 
331 112 26 44 0.024587704 
175 182 9 11 0.021809727 
