56_Voter_peoplevoting_56_528
87
622 131 31 40 0.99715626 
458 185 37 45 0.9888032 
905 240 54 62 0.98782325 
485 27 14 21 0.9831028 
517 149 35 42 0.98211116 
179 64 16 26 0.97446895 
319 60 19 25 0.9564292 
533 245 45 36 0.931415 
419 47 15 24 0.9275219 
261 66 16 24 0.81900245 
915 72 18 22 0.6942487 
782 41 15 21 0.64988744 
785 125 21 24 0.61695856 
690 89 19 26 0.5835711 
612 61 16 23 0.5025343 
893 63 16 21 0.42845505 
935 91 15 21 0.42732528 
656 75 25 30 0.3380513 
47 64 21 31 0.27370656 
797 398 26 33 0.20664011 
83 68 19 31 0.204926 
441 43 15 18 0.18217173 
836 115 14 19 0.16172363 
776 43 12 17 0.11606349 
837 105 15 20 0.11284542 
777 111 24 32 0.1126408 
697 85 17 26 0.1082785 
843 101 14 18 0.10462651 
524 236 31 45 0.08740156 
602 230 23 27 0.0735944 
761 46 9 12 0.06982029 
891 66 24 34 0.062721446 
456 29 13 16 0.060648426 
770 106 18 25 0.058930714 
698 93 24 33 0.056682386 
939 92 20 27 0.055280913 
851 101 10 14 0.05477628 
673 29 16 22 0.054412294 
947 84 16 20 0.053972717 
766 45 11 14 0.053771902 
844 388 101 124 0.04659362 
438 25 13 15 0.045949917 
679 88 23 34 0.045888107 
479 48 13 17 0.04561813 
770 85 21 33 0.043672577 
390 57 15 18 0.042408198 
622 55 20 30 0.04071045 
395 53 14 17 0.037380885 
347 57 17 20 0.0369799 
426 44 14 20 0.033328105 
940 50 12 15 0.032222163 
659 84 25 35 0.032176107 
539 54 14 17 0.031829916 
51 2 29 32 0.031223582 
247 67 14 17 0.031000804 
980 97 26 28 0.030628005 
407 50 15 20 0.02997602 
557 58 13 19 0.02981187 
342 105 14 18 0.02919087 
653 76 18 21 0.028994836 
33 54 24 31 0.027476916 
832 107 12 18 0.027390476 
549 51 13 18 0.026020315 
919 69 24 31 0.025906961 
796 389 43 53 0.025084458 
977 104 18 21 0.024802612 
994 94 19 26 0.024650827 
979 70 39 58 0.024073653 
893 62 38 48 0.024034811 
908 66 19 24 0.02332413 
329 58 17 22 0.023307718 
908 60 14 19 0.02318093 
915 62 16 20 0.022652432 
918 156 105 142 0.02247262 
635 52 14 19 0.022327088 
671 17 22 29 0.022147192 
940 85 16 21 0.021751536 
363 52 13 17 0.021556146 
618 67 16 23 0.021486526 
543 28 10 12 0.021309322 
479 20 15 20 0.021308037 
772 75 14 18 0.021167338 
364 29 12 16 0.020981347 
788 134 24 32 0.020779852 
793 454 55 67 0.020739641 
273 73 15 19 0.020626973 
923 60 14 18 0.02010701 
