56_Voter_peoplevoting_56_1046
26
428 432 115 153 0.9999304 
446 311 50 67 0.22240856 
585 581 237 233 0.08689791 
792 366 12 15 0.06675992 
799 339 12 13 0.05773063 
449 299 38 50 0.05122706 
976 384 20 28 0.045764435 
60 1469 27 34 0.045095317 
-25 593 401 440 0.04135116 
330 321 46 55 0.040234987 
550 9 112 126 0.038336035 
326 1067 420 525 0.037859365 
597 18 66 71 0.032118566 
873 398 9 11 0.031872697 
714 206 212 279 0.031358693 
673 0 38 33 0.028512249 
125 961 37 41 0.02844652 
851 1206 27 31 0.028139653 
85 637 231 194 0.026111422 
740 619 243 226 0.025334572 
133 344 14 17 0.025179675 
998 367 27 33 0.02483767 
881 372 11 13 0.023178708 
906 459 22 24 0.023021944 
40 345 14 18 0.022526711 
885 370 13 15 0.021585817 
