56_Voter_peoplevoting_56_118
40
282 93 91 118 0.99973243 
361 13 79 99 0.99067533 
107 7 60 62 0.96616024 
568 130 53 79 0.7134545 
668 67 40 50 0.4552588 
450 -1 46 69 0.44773215 
697 120 42 60 0.4202303 
658 84 64 86 0.3711034 
574 96 56 84 0.35086685 
586 245 112 101 0.18924803 
227 455 61 75 0.123795316 
72 417 109 102 0.08947123 
109 122 42 62 0.086777 
813 -3 58 49 0.08427263 
590 82 88 112 0.07635695 
988 338 35 69 0.06657381 
525 223 187 220 0.055299856 
554 99 52 93 0.04999075 
423 -10 69 103 0.049950875 
435 154 323 403 0.04124149 
587 136 60 88 0.040830757 
247 441 87 101 0.03899602 
801 9 54 59 0.03741456 
943 424 86 158 0.037112866 
793 29 49 60 0.03556334 
843 -4 67 55 0.031624436 
525 21 33 39 0.03137788 
211 464 98 109 0.028020974 
911 14 117 181 0.027400298 
3 310 201 216 0.026944304 
404 6 56 82 0.026524603 
468 14 52 72 0.026265495 
108 118 76 99 0.023814647 
88 408 200 185 0.022788564 
304 58 88 116 0.021967817 
506 20 48 62 0.021810472 
36 383 124 109 0.021653324 
543 61 104 135 0.021255143 
42 431 37 38 0.020844981 
635 241 65 72 0.02022627 
