25_Soldier_Patrol_Soldier_Patrol_25_173
68
275 110 109 141 0.9410422 
453 136 11 13 0.26729146 
517 141 11 13 0.24243435 
469 147 14 18 0.23549087 
558 159 12 16 0.1936926 
311 134 117 147 0.17779487 
580 185 21 35 0.15480638 
580 151 10 13 0.13997461 
476 147 13 17 0.1183342 
374 216 58 71 0.09573314 
520 207 12 13 0.094341576 
484 148 12 15 0.087765396 
565 155 12 16 0.087673925 
120 258 64 79 0.086697735 
430 117 11 14 0.0818851 
347 187 92 114 0.08099831 
552 159 12 15 0.07943304 
597 157 12 16 0.07940622 
573 150 15 19 0.07109612 
465 141 10 14 0.06998906 
579 184 39 57 0.068779655 
469 159 12 16 0.06279653 
521 209 17 20 0.061962936 
439 143 11 16 0.05990707 
447 139 11 15 0.05904882 
245 76 171 228 0.05757108 
223 107 104 124 0.053544965 
429 186 11 13 0.053009342 
455 148 10 16 0.05190437 
592 156 11 15 0.05181128 
513 143 15 20 0.048987262 
558 212 13 17 0.042134546 
544 340 34 35 0.042054683 
258 147 38 49 0.041975696 
533 153 11 14 0.03946034 
603 158 13 16 0.038086385 
295 303 35 36 0.03629692 
368 43 10 12 0.03587274 
526 150 11 15 0.033139206 
514 217 18 21 0.032245725 
494 208 12 15 0.031526446 
595 155 21 26 0.031337988 
606 196 14 20 0.03012348 
380 57 42 55 0.029527275 
555 207 28 34 0.029185453 
614 157 11 14 0.029050004 
465 152 14 19 0.027552836 
597 190 29 37 0.0269269 
394 238 35 43 0.02625357 
501 281 42 49 0.026211374 
609 157 46 57 0.025932413 
444 146 12 17 0.025140433 
598 153 10 12 0.02440463 
508 223 16 19 0.024275891 
426 114 20 25 0.02315389 
627 156 22 31 0.022825092 
492 152 13 17 0.0225299 
616 160 24 33 0.022406183 
566 199 30 39 0.022217631 
453 140 21 29 0.022205599 
542 155 12 15 0.022127023 
560 152 11 13 0.022085588 
637 161 13 17 0.021737354 
543 319 11 15 0.02055792 
460 136 11 14 0.020431044 
611 169 17 22 0.0203511 
398 47 12 14 0.020154584 
345 53 56 58 0.02001657 
