25_Soldier_Patrol_Soldier_Patrol_25_169
33
280 99 94 120 0.99571997 
408 307 11 14 0.059371434 
435 255 16 19 0.058455545 
414 330 10 13 0.045893595 
229 109 101 123 0.044837702 
275 377 48 58 0.043637518 
212 130 67 83 0.042128667 
746 156 15 20 0.038370375 
670 132 14 20 0.034380242 
166 245 26 34 0.034310333 
421 241 11 14 0.032926135 
776 677 11 13 0.03238128 
424 319 10 11 0.031488404 
493 7 9 10 0.030153366 
489 6 8 10 0.027673226 
438 7 9 9 0.027568143 
460 128 26 29 0.026862388 
399 303 11 14 0.026614867 
793 329 15 18 0.02605011 
840 679 9 11 0.025313487 
439 48 8 11 0.025134755 
130 425 235 275 0.023319699 
310 410 14 19 0.023278426 
446 49 7 9 0.022616612 
856 683 11 14 0.022321101 
207 47 169 231 0.022228768 
353 145 16 25 0.022146132 
448 71 8 11 0.021538343 
267 490 26 29 0.021385627 
446 267 12 17 0.0208402 
502 37 9 12 0.020432552 
472 7 7 9 0.020360952 
440 14 8 10 0.020055532 
