25_Soldier_Patrol_Soldier_Patrol_25_469
66
913 168 66 77 0.9979773 
266 103 72 94 0.9965509 
609 184 50 62 0.97486126 
401 327 30 38 0.47337088 
805 552 103 96 0.28521693 
644 245 44 56 0.27750868 
610 551 42 42 0.19045976 
755 204 14 19 0.12608849 
20 320 18 22 0.11792591 
747 644 24 30 0.10908596 
395 -3 34 40 0.10455513 
789 323 27 35 0.08615503 
355 462 62 70 0.07998681 
240 1 62 59 0.07419242 
526 300 21 27 0.07029372 
619 200 52 70 0.06720428 
686 294 34 42 0.06473651 
759 569 121 106 0.05997409 
443 533 49 61 0.057574894 
460 258 26 32 0.05466621 
402 321 20 22 0.054546155 
775 349 31 37 0.052153736 
727 317 41 50 0.043860316 
865 279 27 32 0.04250166 
721 682 28 29 0.042287365 
736 632 28 34 0.042025123 
51 334 17 20 0.041418802 
0 322 12 20 0.04075435 
835 279 23 33 0.038277153 
620 561 54 55 0.03692669 
698 295 49 53 0.036815878 
644 197 54 62 0.03625203 
722 2 15 16 0.03530451 
611 608 17 19 0.033999536 
51 345 16 20 0.033918817 
763 679 24 26 0.033761695 
719 1 12 11 0.03360022 
168 316 33 48 0.032281026 
756 599 70 65 0.030067319 
949 403 47 58 0.029782765 
318 470 61 65 0.029472208 
176 45 27 38 0.029068409 
719 596 122 111 0.028232673 
1 273 11 16 0.027452849 
845 585 38 38 0.026772983 
677 647 55 50 0.026138457 
868 85 22 33 0.02580443 
395 16 33 39 0.02530173 
722 623 30 33 0.025230207 
757 529 94 102 0.024865702 
35 315 21 27 0.02475815 
684 629 56 50 0.024671443 
325 477 30 39 0.024073834 
594 2 44 50 0.023567135 
0 234 12 22 0.023482248 
750 541 49 55 0.023458716 
693 672 15 18 0.022463854 
776 615 36 40 0.022414649 
699 272 33 40 0.021880522 
510 339 12 16 0.021838712 
935 348 31 35 0.02172705 
987 360 28 35 0.021286733 
0 224 12 20 0.021097353 
12 291 12 14 0.020675182 
680 664 29 34 0.020443376 
929 362 34 39 0.020193238 
