25_Soldier_Patrol_Soldier_Patrol_25_986
39
399 108 142 187 0.98339784 
613 415 81 107 0.18456131 
270 1561 180 289 0.15604998 
537 1341 85 113 0.15589245 
349 1009 173 284 0.14363842 
326 486 28 32 0.12322553 
230 693 113 141 0.09536633 
370 1096 104 180 0.07039564 
280 340 30 37 0.06747169 
177 569 86 129 0.062089764 
211 386 86 144 0.059051823 
2 649 28 42 0.05401089 
21 550 26 32 0.048104443 
726 525 28 35 0.044890545 
139 1569 354 456 0.044164382 
1008 1252 9 11 0.04063432 
695 490 29 35 0.04046754 
203 475 201 235 0.03978879 
61 1883 27 34 0.03909957 
613 1251 16 21 0.039056953 
27 1381 54 73 0.03745721 
353 1174 156 247 0.035094902 
186 558 53 95 0.029603947 
660 1113 15 19 0.029010413 
737 1365 91 116 0.028398726 
625 1280 18 24 0.028285267 
612 1329 31 40 0.027322661 
320 514 34 36 0.027042905 
21 462 27 33 0.024654057 
1013 1331 11 20 0.024134517 
546 367 156 198 0.023103142 
994 1261 9 11 0.022817591 
983 1637 42 68 0.022650989 
47 435 28 36 0.022092614 
999 1256 9 11 0.02142633 
209 607 207 274 0.020775698 
307 1555 112 167 0.020597119 
12 492 32 35 0.020390194 
521 1287 46 63 0.020201046 
