25_Soldier_Patrol_Soldier_Patrol_25_734
62
544 391 25 35 0.9613267 
37 439 26 30 0.74148136 
154 441 17 24 0.7097491 
690 559 25 28 0.5690612 
383 397 26 32 0.55864245 
279 382 26 35 0.43919587 
530 228 33 35 0.43648165 
300 397 24 32 0.3592572 
731 230 15 19 0.34801576 
367 237 25 33 0.25106922 
285 390 28 37 0.14536929 
275 413 37 35 0.11709007 
158 438 26 31 0.100005694 
751 266 11 15 0.0944961 
608 271 44 57 0.091557615 
183 304 11 13 0.08852029 
572 355 34 38 0.07440497 
946 462 27 33 0.0727874 
806 664 24 31 0.063240476 
571 467 27 33 0.05875103 
750 675 16 20 0.05632585 
712 236 12 16 0.054880798 
28 441 17 22 0.053939447 
739 232 13 18 0.05313438 
21 442 15 21 0.04679822 
306 403 29 41 0.04424926 
349 421 12 16 0.042649556 
545 224 27 34 0.04209663 
270 425 31 31 0.036631525 
1 495 22 38 0.035968915 
366 410 24 33 0.03565487 
185 416 11 13 0.033524264 
683 230 12 12 0.033510845 
213 562 30 40 0.03275197 
643 357 11 14 0.032173727 
751 280 14 19 0.031896316 
174 439 25 31 0.031794067 
715 232 20 25 0.030292101 
168 315 10 14 0.030156769 
53 432 22 36 0.029745415 
387 254 28 30 0.027809026 
173 407 9 11 0.027776461 
174 414 10 12 0.027631022 
698 572 19 22 0.027211 
586 475 29 36 0.026946103 
350 416 22 29 0.026863486 
713 233 9 11 0.02650774 
707 352 190 251 0.024015658 
161 364 26 31 0.023791213 
174 308 12 17 0.023722485 
737 672 24 27 0.023466166 
187 475 14 18 0.023106085 
259 414 62 52 0.022722553 
717 231 10 13 0.022221806 
660 246 10 13 0.02207339 
1011 523 11 18 0.021138312 
177 301 21 25 0.020977966 
26 429 27 33 0.020905692 
1012 547 11 22 0.020894492 
693 245 12 15 0.02071611 
694 252 12 15 0.020598806 
684 253 12 14 0.020491265 
