25_Soldier_Patrol_Soldier_Patrol_25_463
21
800 113 33 54 0.99440986 
351 175 41 61 0.99375004 
782 152 39 51 0.7890945 
173 170 48 63 0.20048572 
761 140 44 59 0.062236104 
172 318 10 12 0.05921841 
722 136 49 62 0.047376543 
165 236 23 28 0.044658475 
912 302 11 13 0.039781187 
788 122 32 44 0.035453737 
423 421 39 49 0.030227166 
871 459 9 10 0.029036 
283 151 43 56 0.026444763 
178 144 33 39 0.025869355 
268 185 44 58 0.025393927 
329 188 38 42 0.024127161 
901 220 26 30 0.024049092 
498 262 32 38 0.022409076 
149 259 15 17 0.021177579 
254 154 37 50 0.02013647 
187 188 50 64 0.020040216 
