25_Soldier_Patrol_Soldier_Patrol_25_728
31
605 92 120 153 0.9995555 
164 282 14 18 0.10253517 
144 237 11 13 0.043002147 
102 271 506 506 0.03713872 
815 398 45 45 0.036355913 
165 227 11 13 0.03300609 
997 334 10 12 0.032560997 
101 495 15 18 0.032104075 
147 231 11 14 0.031942125 
269 499 12 14 0.03019566 
1001 335 24 33 0.030162258 
260 477 14 17 0.029691035 
311 383 16 22 0.029138695 
167 235 14 17 0.02873402 
431 346 14 15 0.028465591 
481 328 7 9 0.027809827 
197 510 10 12 0.02771703 
779 383 26 29 0.02647303 
278 492 12 15 0.025647296 
334 288 13 17 0.024042988 
318 360 14 18 0.02396187 
160 271 24 31 0.023836626 
518 271 11 12 0.023580506 
161 222 11 14 0.022914607 
282 485 14 16 0.022364674 
354 475 13 16 0.021457221 
159 277 15 19 0.021359796 
673 382 45 53 0.021046137 
256 526 10 12 0.020287339 
344 119 8 10 0.020018324 
384 448 35 40 0.020004265 
