25_Soldier_Patrol_Soldier_Patrol_25_374
29
228 282 47 60 0.9990637 
51 287 51 68 0.99900335 
494 77 45 59 0.9919179 
374 288 31 39 0.40906987 
913 247 67 79 0.21051538 
811 314 16 20 0.06869983 
717 371 26 32 0.065878116 
917 665 24 30 0.06515714 
921 293 55 64 0.060055528 
461 103 14 19 0.04474352 
694 363 46 52 0.04401341 
747 346 16 18 0.041267563 
445 107 12 15 0.039781407 
558 195 15 20 0.03818978 
892 250 57 72 0.03277691 
353 156 62 53 0.03096781 
771 311 28 32 0.027375221 
285 688 24 26 0.02678847 
920 322 43 42 0.026577955 
12 683 11 14 0.02631059 
742 701 29 32 0.026030242 
146 486 26 31 0.024741272 
756 379 16 20 0.023884539 
651 270 179 233 0.023811186 
377 214 18 19 0.022599304 
454 104 15 19 0.022542104 
221 105 53 51 0.021976314 
339 345 15 19 0.020701418 
788 316 27 32 0.020473244 
