25_Soldier_Patrol_Soldier_Patrol_25_513
34
509 264 196 248 0.99983346 
127 109 173 224 0.9950682 
972 884 50 66 0.21017541 
345 8 24 29 0.14052464 
107 925 27 32 0.0647501 
372 0 17 18 0.063726604 
32 1006 39 43 0.061926447 
60 1275 107 116 0.05601406 
954 174 17 21 0.055238143 
146 933 26 33 0.044030305 
48 680 369 493 0.04146478 
2 651 27 38 0.040932897 
918 944 93 102 0.038257986 
957 14 27 32 0.03482334 
358 137 15 19 0.03405188 
397 0 19 19 0.033226367 
956 909 62 76 0.028589329 
211 560 425 543 0.028340744 
694 1256 9 12 0.02584417 
109 919 39 53 0.023665916 
110 977 34 41 0.022740927 
107 908 15 18 0.02233226 
711 1254 9 11 0.02229651 
648 1229 10 11 0.022162545 
702 1285 9 11 0.022155771 
830 536 26 34 0.021413451 
131 923 37 50 0.020965517 
41 1085 36 46 0.020935252 
195 988 16 22 0.020631496 
702 1278 10 13 0.02045413 
15 55 94 125 0.020436427 
473 354 33 46 0.020353109 
704 1254 9 11 0.020245668 
872 906 60 65 0.020142952 
