25_Soldier_Patrol_Soldier_Patrol_25_869
28
671 178 120 169 0.9987581 
316 241 33 36 0.99744797 
218 223 22 27 0.6599736 
33 214 25 30 0.25360486 
164 215 15 19 0.25165677 
744 185 103 157 0.17981116 
591 460 14 16 0.10505402 
394 327 16 21 0.07381879 
143 266 27 34 0.07310322 
28 214 19 23 0.07260954 
801 224 62 105 0.06299969 
622 486 13 18 0.060889807 
151 209 22 28 0.046025503 
39 222 27 33 0.042625256 
136 158 11 13 0.039803848 
534 548 9 13 0.037521932 
465 305 16 18 0.036668725 
166 245 15 18 0.03168502 
49 225 16 22 0.027004637 
19 293 16 18 0.025222432 
902 448 57 64 0.023410136 
976 320 27 33 0.02294217 
181 238 12 15 0.022901138 
128 198 16 23 0.02284797 
27 205 17 22 0.021635043 
562 464 22 30 0.021018537 
80 88 23 28 0.02097397 
3 254 12 16 0.020904262 
