25_Soldier_Patrol_Soldier_Patrol_25_9
219
731 147 122 184 0.56451523 
247 341 15 18 0.3398158 
319 312 10 12 0.2789383 
353 334 12 15 0.23991963 
382 350 11 13 0.18837582 
254 356 13 16 0.16032186 
196 307 13 16 0.15926497 
152 304 27 28 0.14332308 
611 416 226 278 0.12486002 
191 316 11 13 0.10344168 
729 201 53 92 0.08968894 
212 315 13 18 0.087152936 
232 283 11 14 0.08369154 
314 309 10 13 0.081732675 
111 304 11 13 0.07880885 
159 663 8 9 0.06790211 
304 332 10 13 0.067640536 
174 673 8 9 0.06534659 
301 663 9 10 0.060950536 
549 379 381 433 0.058869533 
325 316 11 12 0.057070978 
574 406 52 68 0.056907438 
298 670 8 10 0.056495335 
571 145 130 123 0.05631711 
297 655 9 10 0.056035824 
256 656 9 10 0.055990305 
290 679 9 10 0.05491562 
172 309 13 15 0.051935773 
361 656 8 10 0.051898256 
506 646 9 9 0.050792634 
215 663 7 8 0.05000691 
273 677 8 10 0.048221003 
378 409 17 20 0.047892332 
699 183 99 144 0.04722514 
426 623 8 10 0.045696005 
149 680 9 9 0.045627695 
279 287 10 12 0.04541745 
633 137 155 170 0.04541029 
144 679 9 10 0.045185793 
159 681 8 9 0.043936364 
256 409 11 14 0.043606307 
152 308 14 17 0.043375526 
160 686 9 11 0.042699583 
440 615 9 10 0.04241394 
398 352 10 12 0.042336613 
368 656 8 10 0.042030804 
199 665 7 8 0.041918166 
260 687 8 11 0.04170453 
325 326 11 13 0.040609784 
103 302 12 14 0.04036922 
234 279 11 13 0.04019747 
209 656 8 9 0.039856125 
241 664 7 8 0.038815588 
240 648 8 9 0.038137343 
257 660 9 11 0.037472904 
192 664 6 8 0.037466392 
481 639 7 9 0.03703761 
490 648 8 9 0.036890294 
225 657 7 8 0.036724266 
142 663 10 11 0.036528353 
504 662 9 11 0.03597637 
128 655 9 11 0.034796406 
375 639 8 10 0.034791883 
584 500 73 76 0.0343193 
319 326 11 14 0.03431412 
233 678 8 10 0.033983786 
279 350 8 12 0.03388432 
440 606 9 9 0.03381377 
457 638 8 10 0.033662505 
396 356 12 14 0.03360296 
493 654 9 12 0.03339737 
418 641 6 8 0.033392604 
158 669 8 9 0.03329708 
246 663 8 9 0.03316123 
308 325 12 14 0.033015866 
409 624 8 8 0.033015598 
285 656 8 9 0.03270638 
249 287 8 11 0.032603018 
341 310 8 10 0.03239661 
432 599 9 11 0.032191664 
297 649 8 8 0.032123193 
465 653 8 11 0.03209229 
280 656 8 9 0.031669155 
312 316 12 14 0.031659413 
335 310 10 12 0.031538773 
272 673 8 10 0.03153127 
201 671 7 9 0.03147615 
262 661 7 10 0.031421512 
511 681 7 9 0.031403627 
215 672 7 10 0.031157719 
357 672 42 57 0.031084845 
182 679 7 9 0.030657353 
287 672 9 10 0.030409645 
509 654 10 11 0.030257972 
322 331 13 15 0.03017524 
464 647 9 11 0.029948242 
220 347 13 16 0.029941913 
370 639 8 10 0.029757574 
201 680 8 8 0.029572882 
329 639 7 10 0.029519027 
192 671 8 8 0.029500753 
100 304 23 23 0.02926259 
335 359 9 12 0.02903028 
378 346 21 25 0.02902879 
209 662 7 9 0.028515132 
272 288 10 11 0.028508743 
529 671 8 10 0.028484752 
207 678 8 10 0.028401854 
286 648 7 8 0.028371396 
199 686 9 10 0.028343016 
69 312 9 11 0.028157443 
399 640 8 9 0.028015753 
470 624 8 9 0.027811788 
247 679 8 10 0.027791604 
215 657 7 9 0.027716776 
110 315 12 14 0.027657116 
191 304 11 13 0.02762058 
391 647 7 9 0.027579298 
386 355 15 16 0.027573263 
523 391 47 74 0.027448889 
135 656 7 10 0.027397064 
136 661 9 11 0.027389392 
247 352 17 19 0.027215272 
239 686 8 10 0.027135588 
424 640 7 9 0.027094027 
183 315 11 14 0.027050184 
446 632 9 10 0.026799046 
272 647 8 10 0.026757376 
166 688 8 10 0.026565693 
521 681 7 9 0.026463972 
208 673 8 10 0.026368586 
423 615 8 10 0.02633431 
329 631 7 10 0.025952758 
104 700 9 10 0.025730982 
232 671 9 11 0.025646793 
488 638 8 10 0.025639813 
47 686 10 12 0.025595905 
375 632 9 10 0.025234971 
257 670 8 9 0.025181022 
181 309 11 14 0.025176404 
239 345 14 18 0.025069071 
471 671 9 10 0.024958976 
327 617 8 9 0.024893787 
161 692 9 11 0.02484219 
373 647 9 10 0.024711363 
520 663 9 11 0.024476137 
709 443 127 125 0.024446897 
581 440 39 51 0.02440735 
367 623 9 10 0.02430133 
619 601 12 15 0.024269778 
439 599 9 10 0.024218313 
636 371 45 60 0.024115348 
357 638 9 10 0.024053583 
355 345 14 16 0.024032753 
170 671 8 10 0.02391484 
425 628 8 11 0.023894077 
434 258 408 424 0.0238135 
296 310 9 11 0.023630442 
311 305 10 12 0.023605678 
241 655 8 8 0.023566741 
424 647 8 9 0.023514878 
163 302 16 18 0.023493078 
368 630 9 10 0.023471596 
243 330 24 27 0.023448678 
232 663 8 9 0.023441423 
487 632 8 10 0.023331834 
437 655 10 11 0.023154307 
315 310 19 23 0.023019193 
297 641 8 8 0.022896966 
360 701 12 14 0.02280082 
213 344 15 18 0.022760035 
247 292 10 12 0.022654591 
470 631 8 9 0.022625202 
332 316 11 14 0.022577826 
129 661 9 10 0.022474647 
199 305 19 24 0.0224414 
70 317 9 11 0.022324873 
280 649 8 9 0.022323746 
247 656 8 9 0.022286499 
522 640 8 9 0.022194138 
496 659 9 12 0.022030683 
457 631 8 9 0.021996427 
439 620 10 11 0.021962397 
457 646 9 11 0.021893864 
72 632 8 9 0.021853404 
260 359 13 17 0.021687655 
509 659 10 13 0.021579726 
205 340 14 18 0.021465825 
470 639 8 10 0.021449633 
246 670 9 10 0.021422816 
170 678 8 10 0.021418134 
463 631 8 9 0.021412708 
224 672 8 10 0.021408362 
272 623 8 9 0.02139405 
393 640 7 8 0.021339072 
200 647 7 9 0.021221686 
115 306 11 14 0.02118097 
373 656 8 10 0.021159623 
368 616 9 9 0.02114959 
384 615 8 9 0.021093288 
277 686 9 12 0.02094544 
415 647 8 10 0.02086976 
225 648 8 9 0.020835618 
183 303 9 13 0.020797046 
386 654 8 10 0.020727906 
31 631 9 10 0.020677133 
336 655 8 9 0.020663004 
185 662 8 9 0.020650811 
464 663 9 10 0.020616122 
239 670 9 11 0.020547241 
264 671 7 9 0.020404609 
331 323 12 15 0.020351557 
365 356 11 14 0.020345079 
232 686 8 11 0.020342138 
353 621 8 10 0.020263879 
614 433 138 152 0.020114949 
285 662 8 10 0.02009615 
318 630 9 10 0.020051342 
520 685 8 12 0.020009467 
