25_Soldier_Patrol_Soldier_Patrol_25_679
78
86 180 29 35 0.99926025 
122 197 38 47 0.9991885 
598 151 82 104 0.9980399 
434 62 38 44 0.9967855 
201 173 45 51 0.99432254 
309 98 27 29 0.9935747 
308 128 39 49 0.99279916 
867 35 41 52 0.98980284 
492 149 32 39 0.9783665 
33 122 16 20 0.88849264 
56 166 20 27 0.28608486 
32 210 24 29 0.1895202 
21 167 22 29 0.17924213 
507 146 29 36 0.1615029 
52 141 13 16 0.1410186 
50 178 23 30 0.13494006 
67 165 14 17 0.10691917 
75 141 15 18 0.0974861 
27 154 21 27 0.080917135 
3 203 15 22 0.07640472 
36 150 14 19 0.074650444 
52 151 16 20 0.071223006 
277 130 21 35 0.06993311 
23 142 12 14 0.069433644 
36 205 16 19 0.065528765 
42 150 20 26 0.06058766 
135 149 12 14 0.058388416 
20 181 16 22 0.056235433 
92 154 14 17 0.05472053 
29 170 24 31 0.053389374 
998 181 11 14 0.049428135 
14 154 11 16 0.04889606 
23 162 16 20 0.046094775 
65 175 17 23 0.04583516 
159 159 13 16 0.045287944 
39 202 24 30 0.044376697 
21 147 13 17 0.040281776 
522 148 20 25 0.039184287 
997 55 10 12 0.038370006 
21 156 14 17 0.038113244 
42 129 13 18 0.03574968 
53 191 25 33 0.035132553 
348 384 11 15 0.034507714 
8 156 11 16 0.034011364 
84 148 12 15 0.03368054 
5 164 10 14 0.03262511 
49 201 17 22 0.03155969 
88 231 16 21 0.030468911 
388 201 25 28 0.030303463 
13 157 23 31 0.029822415 
29 148 15 19 0.029769141 
23 121 15 19 0.02906049 
47 170 17 22 0.028730141 
455 283 30 31 0.0283167 
114 173 20 26 0.027572924 
56 147 14 17 0.02673135 
69 159 12 15 0.026691947 
3 171 11 17 0.02654182 
-13 92 420 482 0.026194187 
54 103 12 15 0.025745831 
58 156 14 17 0.025709605 
248 143 38 50 0.02565083 
94 140 11 13 0.024730401 
536 2 10 9 0.024545489 
85 143 10 13 0.024473459 
302 99 41 53 0.024278471 
6 148 12 16 0.023974964 
22 130 15 19 0.02381586 
28 219 24 34 0.023622993 
940 268 12 16 0.022861809 
47 184 17 20 0.022602873 
300 283 14 20 0.022511268 
46 192 16 19 0.0224592 
86 160 15 19 0.022403907 
317 329 18 21 0.021484826 
107 234 17 21 0.021314345 
11 146 22 28 0.02065284 
795 183 11 13 0.02064357 
