25_Soldier_Patrol_Soldier_Patrol_25_683
24
683 413 211 211 0.99938 
673 608 56 58 0.42157432 
293 204 14 16 0.13262463 
121 149 368 454 0.062321223 
49 511 8 9 0.03715363 
21 429 9 10 0.028849294 
16 429 9 10 0.02816456 
2 477 8 12 0.027422655 
51 360 35 36 0.027364716 
372 164 405 498 0.023304706 
80 560 8 9 0.02320261 
16 424 8 10 0.023026373 
125 656 9 10 0.02265728 
5 479 9 11 0.022535022 
296 208 16 17 0.022148248 
16 661 9 11 0.022005726 
38 557 10 10 0.021688838 
48 527 8 10 0.021553583 
9 630 8 11 0.021161666 
57 544 8 9 0.020869503 
8 635 10 13 0.0206412 
56 565 8 9 0.02060178 
62 544 9 10 0.02014298 
193 663 8 9 0.02008354 
