25_Soldier_Patrol_Soldier_Patrol_25_59
132
463 90 72 87 0.9939148 
21 52 33 43 0.85050696 
255 520 102 128 0.460338 
87 80 24 29 0.41947448 
429 210 50 52 0.2336302 
473 29 57 60 0.20102699 
566 634 52 64 0.16575176 
69 44 22 27 0.14120476 
700 95 15 19 0.13878144 
569 173 41 50 0.13453582 
583 452 50 62 0.12849675 
157 506 73 114 0.1148363 
132 74 25 34 0.10559614 
117 507 89 97 0.10261776 
381 239 51 57 0.09615065 
156 43 13 16 0.0897149 
679 152 22 28 0.08887597 
167 78 14 19 0.084650666 
459 566 27 28 0.076161854 
246 44 14 17 0.075977266 
195 124 11 15 0.07232219 
926 147 15 17 0.06630236 
661 668 16 21 0.06368404 
281 108 17 22 0.06348286 
741 170 16 20 0.060980562 
776 136 22 30 0.058055878 
403 221 56 59 0.058017503 
331 49 15 20 0.056933347 
185 528 97 110 0.056520384 
347 348 49 61 0.056366533 
679 138 22 29 0.054746542 
692 114 14 17 0.054298773 
93 522 74 63 0.053674508 
10 103 26 32 0.052371573 
346 151 28 39 0.05149958 
950 87 12 15 0.051453494 
680 192 17 21 0.050454173 
652 142 15 20 0.04988328 
883 459 12 16 0.046548605 
685 130 16 21 0.046506353 
940 470 78 114 0.045531496 
919 128 16 19 0.04375557 
200 59 10 13 0.043622475 
521 164 48 57 0.043307442 
87 466 177 179 0.0426187 
904 638 43 55 0.041770924 
810 53 13 17 0.041437164 
910 647 27 34 0.041433685 
957 120 14 19 0.040216774 
611 450 55 62 0.03995941 
827 427 25 31 0.039062146 
691 128 13 17 0.03878581 
42 363 16 18 0.038266756 
963 40 13 16 0.037618287 
982 175 21 26 0.037008334 
593 129 27 40 0.036825545 
710 122 15 20 0.036632564 
966 68 12 15 0.036570065 
751 144 15 19 0.03636731 
436 562 15 20 0.0358661 
1013 476 11 18 0.034931127 
868 53 12 15 0.034027394 
371 567 14 18 0.033650655 
669 654 13 17 0.032655954 
384 660 29 34 0.032277144 
886 51 12 13 0.03211099 
909 106 12 15 0.031798594 
904 651 11 16 0.030666696 
246 62 11 14 0.030174837 
370 648 47 55 0.030137401 
920 24 16 18 0.029290164 
867 61 13 15 0.02922916 
540 254 51 66 0.028600615 
477 37 36 38 0.028579975 
606 602 17 21 0.028350135 
829 359 17 19 0.028174717 
406 472 51 65 0.027963975 
967 81 13 16 0.027896153 
586 186 34 42 0.027305512 
964 9 14 18 0.02707292 
735 185 21 27 0.02669109 
664 655 22 31 0.026601868 
861 98 28 36 0.026159665 
1013 109 11 18 0.025924858 
838 142 16 21 0.0258951 
725 88 12 14 0.02574471 
412 120 43 60 0.025454484 
939 129 14 17 0.025365748 
681 166 17 21 0.025211833 
532 559 14 18 0.025002519 
180 116 14 18 0.024570093 
260 125 13 15 0.024242824 
167 507 210 245 0.02411817 
767 212 24 33 0.024004342 
35 61 29 35 0.0239745 
26 123 15 18 0.023751132 
961 516 52 86 0.02370003 
733 76 12 15 0.02359949 
631 153 13 16 0.023570811 
937 559 25 34 0.023475278 
326 532 53 77 0.02344295 
987 565 32 42 0.023403266 
228 62 10 10 0.023386355 
662 439 83 113 0.023209037 
219 95 17 23 0.023209007 
378 11 13 15 0.023118854 
142 91 26 34 0.02294691 
925 84 14 16 0.022703957 
254 125 12 15 0.022561913 
22 476 12 15 0.02254922 
688 142 16 21 0.02254451 
1014 121 11 17 0.022513496 
900 93 11 14 0.022408076 
963 115 12 17 0.02240136 
447 199 49 52 0.022135677 
955 84 12 18 0.02197224 
898 122 15 17 0.021964075 
909 115 13 16 0.021780003 
173 444 12 15 0.021404685 
921 88 23 27 0.021374593 
251 61 12 14 0.021348504 
667 117 16 20 0.021256477 
726 113 14 17 0.021079576 
330 44 12 15 0.02104264 
173 70 21 27 0.020998992 
174 72 12 14 0.020976208 
699 128 14 19 0.020871593 
443 112 53 66 0.020732475 
878 69 12 15 0.020404361 
982 39 22 27 0.020377094 
8 59 28 36 0.020349279 
393 426 37 42 0.020328147 
