25_Soldier_Patrol_Soldier_Patrol_25_437
20
697 272 42 65 0.9828114 
368 383 25 41 0.9400401 
261 119 28 50 0.83476907 
557 46 56 71 0.83398145 
317 364 30 50 0.32897592 
122 196 29 32 0.12985317 
749 298 39 61 0.06069468 
421 251 52 72 0.039264977 
241 119 38 53 0.035995774 
267 97 39 63 0.030805254 
550 73 60 88 0.0285723 
287 73 38 56 0.028005198 
124 190 16 17 0.02794533 
653 362 10 14 0.027471771 
511 100 48 64 0.025535557 
673 247 79 102 0.02525698 
626 525 17 21 0.02476015 
211 105 30 51 0.024734419 
497 259 61 80 0.02406893 
600 41 28 45 0.020912277 
