25_Soldier_Patrol_Soldier_Patrol_25_614
56
289 112 16 22 0.0994147 
571 250 384 454 0.071014896 
779 150 19 21 0.06485873 
347 186 421 456 0.062315486 
857 109 10 13 0.057360917 
105 219 13 15 0.054828584 
821 144 14 18 0.05273327 
300 112 13 20 0.05163818 
109 199 50 73 0.050015025 
369 279 46 51 0.04921456 
276 148 11 13 0.047718514 
800 125 26 30 0.04565698 
293 217 24 26 0.04561643 
325 220 27 31 0.043202695 
311 188 22 31 0.04195082 
339 399 47 49 0.040860135 
213 322 49 46 0.03923432 
317 217 24 30 0.038891 
394 301 166 174 0.03881214 
378 286 28 31 0.03734132 
760 451 50 68 0.036695838 
560 381 213 281 0.03342611 
831 123 10 12 0.033000343 
428 256 242 245 0.032477796 
384 282 17 18 0.031762786 
824 104 9 10 0.030052446 
140 1 27 29 0.029454563 
252 76 25 39 0.028289914 
935 127 10 11 0.027002798 
221 247 11 12 0.026975615 
516 144 424 344 0.026908122 
778 133 26 30 0.02669277 
115 483 62 75 0.026327098 
278 70 27 35 0.025236048 
311 91 13 19 0.025052914 
981 406 43 78 0.024764173 
323 327 13 16 0.024503956 
267 227 17 19 0.024262203 
316 88 14 17 0.023981964 
262 65 29 39 0.023319336 
846 110 10 11 0.0231127 
641 372 30 32 0.02298731 
302 335 31 40 0.022906808 
261 96 14 18 0.022478068 
325 92 9 12 0.02237255 
127 214 11 14 0.022370586 
133 188 17 22 0.021919591 
841 110 10 11 0.021774909 
278 101 27 36 0.020923518 
231 224 26 31 0.020843798 
125 220 12 14 0.020749385 
191 238 14 17 0.020660471 
260 57 45 64 0.020540759 
290 90 14 16 0.020527637 
285 80 15 21 0.02032672 
819 181 32 34 0.02011907 
