25_Soldier_Patrol_Soldier_Patrol_25_700
89
77 424 30 36 0.9801615 
167 389 29 35 0.895862 
542 372 27 33 0.7862853 
104 399 22 27 0.5598815 
479 418 17 20 0.55883914 
212 404 22 27 0.4490793 
586 413 18 25 0.41094565 
873 385 29 29 0.40018892 
431 421 12 14 0.35677567 
67 393 14 19 0.28120205 
575 418 15 19 0.15435411 
461 430 9 12 0.14931096 
227 407 15 21 0.14404723 
54 395 16 19 0.13687879 
31 377 12 17 0.13163671 
181 396 26 33 0.1228751 
206 406 17 24 0.12025514 
75 394 12 18 0.09363376 
151 388 27 35 0.09257712 
116 393 23 32 0.08575342 
49 420 19 22 0.07753576 
403 429 13 15 0.07639116 
461 422 10 13 0.0741177 
115 404 15 21 0.074096 
233 411 15 20 0.07134544 
123 422 16 20 0.069661275 
895 384 27 33 0.06778341 
92 401 26 31 0.0589862 
613 428 38 37 0.056356117 
436 415 10 12 0.055906024 
412 429 10 13 0.052209824 
114 408 23 31 0.05004974 
195 405 16 25 0.04517499 
325 290 28 31 0.044885114 
57 394 22 28 0.044605866 
462 435 11 12 0.042918283 
447 437 10 11 0.041881874 
859 631 15 16 0.041205954 
491 413 11 14 0.041174166 
49 407 26 30 0.04074314 
126 393 24 33 0.04035732 
94 408 15 18 0.039909184 
532 419 15 16 0.039857496 
445 430 12 13 0.038366336 
69 394 22 30 0.038015842 
395 490 15 20 0.037315544 
503 419 13 15 0.03708238 
553 376 17 22 0.03574703 
190 425 16 20 0.035023518 
454 436 12 13 0.034285955 
629 419 13 17 0.033362728 
564 427 13 17 0.0325152 
567 419 11 16 0.031990875 
412 464 12 14 0.03196287 
532 382 18 21 0.031647865 
183 414 27 33 0.031456526 
592 408 14 18 0.03119979 
457 424 9 11 0.030618811 
69 402 39 49 0.030142507 
461 400 9 11 0.029989101 
123 388 16 24 0.029173024 
458 404 9 11 0.028137168 
144 398 29 36 0.02736555 
555 390 16 21 0.027296415 
250 437 17 21 0.026077569 
509 414 11 14 0.025523795 
438 408 9 9 0.025059337 
110 424 26 37 0.024348138 
583 439 12 14 0.024063634 
266 515 23 29 0.02398186 
579 190 378 485 0.023337187 
104 444 25 35 0.023146916 
726 387 33 36 0.02311723 
626 416 28 34 0.02308309 
694 373 36 37 0.022686372 
409 467 11 15 0.022656828 
490 420 12 15 0.022196386 
42 427 23 29 0.022074087 
446 421 11 13 0.022041567 
96 453 27 35 0.02189455 
471 420 16 17 0.021561576 
887 390 19 22 0.02148996 
904 376 28 38 0.021462709 
399 432 12 14 0.020929895 
537 412 15 16 0.020656517 
60 402 29 35 0.020427449 
389 445 12 16 0.020414924 
464 415 9 12 0.020266283 
563 413 12 17 0.020121133 
