25_Soldier_Patrol_Soldier_Patrol_25_18
55
226 38 56 63 0.9966455 
830 410 13 17 0.9944989 
754 392 17 21 0.9311601 
506 375 16 18 0.6595568 
589 437 9 11 0.4785364 
787 449 13 19 0.42740667 
903 439 15 20 0.3150563 
642 393 15 17 0.21463521 
860 444 10 11 0.13404639 
487 430 29 33 0.095437974 
898 431 10 13 0.089536645 
823 434 11 12 0.08485375 
907 445 15 20 0.075096145 
609 433 7 9 0.06015156 
485 417 17 22 0.06006444 
305 296 32 42 0.060000394 
147 307 51 51 0.054080267 
858 439 9 13 0.052070037 
587 431 9 12 0.051456366 
682 422 10 13 0.04547742 
887 499 29 36 0.045067146 
861 455 10 12 0.043957412 
915 436 12 16 0.043055877 
827 435 13 15 0.04148446 
203 269 19 22 0.03612592 
654 413 13 16 0.035934445 
227 192 26 27 0.034135956 
498 373 19 26 0.032592785 
805 501 11 13 0.032587804 
908 431 14 16 0.032399118 
589 442 10 12 0.032367874 
836 436 14 17 0.03125261 
886 470 11 11 0.03066671 
197 269 33 35 0.029013764 
509 368 12 14 0.028615441 
947 471 10 13 0.027053034 
809 453 10 13 0.02544177 
208 260 18 25 0.02541011 
245 99 36 37 0.025258189 
512 372 14 18 0.02519507 
782 427 13 16 0.024968356 
856 460 11 14 0.024086205 
781 453 15 18 0.023750613 
660 419 12 13 0.023550652 
530 404 13 15 0.023316538 
780 420 13 16 0.023134146 
1012 533 9 12 0.022538807 
843 435 12 15 0.022395069 
650 404 14 16 0.021700224 
897 428 19 23 0.021610847 
735 452 10 14 0.021457335 
127 337 39 40 0.021122199 
734 479 8 11 0.020985804 
744 393 14 19 0.020689223 
774 417 12 15 0.020662496 
