25_Soldier_Patrol_Soldier_Patrol_25_436
86
522 51 25 29 0.4396038 
361 115 48 57 0.41698986 
650 186 25 29 0.1551163 
855 156 39 47 0.1233622 
688 149 27 36 0.11041801 
252 238 14 19 0.10645967 
515 29 15 18 0.09718068 
446 372 53 63 0.091589026 
505 39 45 50 0.08033069 
362 81 47 61 0.07895649 
246 212 15 18 0.07499346 
251 226 14 18 0.074256204 
260 215 15 20 0.07089252 
357 124 34 35 0.068907656 
246 233 15 20 0.068118654 
292 144 16 20 0.06563905 
253 214 16 21 0.060313776 
553 213 61 65 0.05975942 
615 167 27 32 0.055732794 
939 50 65 92 0.05522403 
161 37 11 14 0.05401944 
529 16 30 32 0.05191395 
232 229 9 12 0.05048441 
432 393 70 70 0.050420884 
64 71 39 48 0.050380547 
356 190 41 40 0.049906693 
237 217 12 16 0.047473226 
289 147 24 32 0.043959383 
243 221 23 30 0.041366126 
233 220 10 13 0.03785842 
129 241 22 32 0.03745872 
848 110 33 40 0.036208857 
970 309 51 93 0.03573955 
636 170 44 48 0.03479595 
353 105 88 93 0.0340186 
261 241 12 16 0.03367116 
414 399 122 128 0.033607032 
357 166 56 56 0.03345292 
286 248 15 19 0.033057466 
518 22 26 30 0.03275788 
268 212 14 20 0.03215946 
231 238 10 12 0.031381257 
199 156 13 16 0.031102093 
236 211 21 27 0.030785091 
223 238 9 11 0.030718727 
891 74 16 21 0.030413358 
290 160 25 32 0.029945519 
312 177 14 19 0.02973983 
496 158 31 34 0.029267194 
140 61 14 17 0.028742557 
827 173 36 47 0.027942223 
570 197 55 64 0.027849477 
348 170 36 40 0.02784272 
538 18 18 20 0.02613714 
741 24 31 37 0.02553688 
509 29 24 31 0.02549307 
383 116 36 45 0.025335759 
638 -1 50 37 0.024265682 
150 47 10 12 0.024249379 
104 14 9 13 0.02380325 
535 58 16 18 0.023710424 
187 266 13 16 0.023381334 
214 226 14 17 0.023373421 
838 149 13 17 0.02334889 
194 124 14 16 0.023060238 
378 75 33 43 0.022970026 
903 64 34 37 0.022904161 
308 133 12 15 0.022773823 
1 363 155 121 0.022348866 
239 235 12 16 0.022263853 
118 26 11 12 0.022188004 
694 144 16 22 0.021889111 
496 12 96 107 0.021587892 
265 141 10 13 0.021441882 
870 75 29 31 0.021355622 
308 167 23 33 0.02124878 
841 162 38 49 0.021239301 
600 -37 208 204 0.02092721 
115 10 17 19 0.02079602 
104 47 9 9 0.020787716 
430 371 37 43 0.020776445 
497 143 31 32 0.020760491 
84 28 11 14 0.020565974 
160 70 10 13 0.020515667 
199 141 9 11 0.020455388 
94 4 11 13 0.020325402 
