25_Soldier_Patrol_Soldier_Patrol_25_1026
55
204 219 47 57 0.94479287 
636 130 11 15 0.8963856 
577 231 24 31 0.66756344 
530 135 15 21 0.46024042 
580 141 10 14 0.21083012 
656 310 12 14 0.12556374 
606 126 9 11 0.116245575 
419 246 16 20 0.07340482 
545 330 12 17 0.063095905 
576 144 11 14 0.058094963 
604 119 10 13 0.053505734 
583 137 10 12 0.048806883 
517 149 12 17 0.048140727 
601 123 11 14 0.045659136 
607 132 9 12 0.044952232 
879 441 17 18 0.043569036 
411 234 24 36 0.04268816 
30 214 8 10 0.042635728 
531 361 12 12 0.04171939 
202 191 57 57 0.041064378 
525 142 17 24 0.037376504 
633 154 23 29 0.037283514 
0 180 25 41 0.036650926 
588 141 10 12 0.036283437 
345 215 10 12 0.035505693 
589 135 9 11 0.035089746 
606 341 9 13 0.033885628 
653 302 20 25 0.03349468 
585 255 45 57 0.030110124 
352 238 9 12 0.030085918 
667 299 11 15 0.029888574 
644 156 15 19 0.028882407 
600 142 9 11 0.02764381 
762 191 7 9 0.026495015 
25 213 9 12 0.026087632 
1 388 10 14 0.025944326 
640 189 11 13 0.025621919 
600 133 10 12 0.024137985 
377 217 15 16 0.023729231 
606 139 10 13 0.023174051 
590 150 8 11 0.022631843 
0 250 9 15 0.022496458 
3 397 12 14 0.022299455 
591 116 10 13 0.021991111 
766 192 7 8 0.021645002 
39 213 8 10 0.021578018 
917 82 103 137 0.02141682 
538 138 12 17 0.020933513 
4 403 13 15 0.02091792 
273 182 97 134 0.020877466 
349 220 8 11 0.020580944 
606 112 9 12 0.02018029 
15 319 106 137 0.020173784 
669 307 11 15 0.020158285 
506 292 9 12 0.020100787 
