25_Soldier_Patrol_Soldier_Patrol_25_761
76
686 90 46 52 0.991823 
800 88 54 64 0.98901296 
312 69 44 49 0.98647064 
492 104 42 47 0.97818094 
165 66 42 48 0.96830285 
158 145 38 46 0.38264462 
327 181 29 33 0.2022502 
436 596 11 13 0.10579946 
407 622 8 11 0.0937185 
838 161 60 76 0.09168385 
264 494 27 26 0.08753334 
990 348 35 45 0.07234615 
872 387 30 31 0.06982054 
332 190 36 35 0.067400075 
970 348 38 51 0.052147593 
446 591 9 12 0.05042955 
996 397 29 49 0.0486319 
432 603 10 13 0.048277628 
418 190 24 29 0.047619797 
985 111 9 12 0.046022028 
762 186 35 41 0.044520922 
420 598 11 13 0.04413543 
431 625 11 13 0.042621225 
393 87 10 12 0.04255934 
364 530 22 26 0.042239416 
316 610 25 30 0.041117888 
835 87 49 59 0.040625494 
743 232 27 32 0.040419243 
20 581 17 21 0.03912607 
849 374 44 47 0.03873865 
413 623 9 11 0.038341064 
439 606 10 13 0.037646003 
390 614 9 10 0.0363906 
958 79 8 11 0.035666116 
416 629 9 11 0.034863893 
399 629 10 11 0.034341037 
275 210 12 17 0.0330246 
433 593 10 12 0.032812692 
432 613 11 13 0.03206086 
990 111 11 14 0.032007813 
391 336 13 19 0.031772476 
1000 74 19 29 0.031744502 
441 121 8 10 0.0315934 
401 623 10 13 0.0310914 
438 624 11 13 0.03079807 
404 119 9 12 0.03063112 
415 613 10 13 0.030380737 
417 170 27 31 0.030181073 
828 1 24 28 0.029872455 
326 619 26 27 0.029598702 
421 612 11 13 0.029471483 
864 93 42 53 0.029126516 
5 503 12 19 0.028965162 
786 66 47 68 0.028603667 
445 607 9 12 0.027614525 
844 123 55 69 0.027028846 
420 592 10 11 0.026729502 
388 661 11 14 0.025753355 
257 120 8 10 0.025722789 
423 629 11 12 0.02532486 
143 129 34 56 0.025219573 
298 505 14 18 0.025020994 
348 162 42 50 0.024852047 
381 621 11 13 0.024704635 
994 104 25 31 0.024551257 
384 614 10 13 0.024260111 
422 187 13 16 0.023838058 
248 88 9 10 0.023732953 
907 416 31 38 0.023104144 
928 80 8 11 0.022709783 
403 203 11 14 0.022553133 
958 4 13 13 0.02198452 
299 576 24 32 0.021130832 
432 589 20 24 0.021007162 
308 170 42 57 0.020575944 
0 496 21 32 0.020291291 
