52_Photographers_photographertakingphoto_52_506
306
437 299 43 62 0.9929524 
966 321 8 10 0.2086974 
142 443 10 13 0.19236234 
124 422 11 13 0.17467132 
21 375 10 12 0.15181386 
166 448 7 9 0.12139574 
153 462 10 12 0.12068687 
960 304 7 9 0.11037897 
557 307 10 14 0.103771105 
70 368 8 10 0.09564033 
198 356 9 12 0.09394915 
1001 312 7 9 0.09204141 
208 411 9 12 0.08674574 
1000 318 7 9 0.08585093 
991 349 8 10 0.08329323 
982 311 7 9 0.07907214 
121 356 10 12 0.07891525 
30 357 8 11 0.07769561 
1013 342 8 12 0.07511513 
1013 616 9 13 0.07380744 
752 351 7 8 0.072264254 
282 543 8 10 0.07071889 
18 379 10 12 0.070205316 
720 316 8 9 0.06756864 
2 383 9 12 0.066016994 
404 308 35 49 0.06600367 
5 360 9 11 0.06261662 
104 365 9 11 0.062222995 
982 269 8 10 0.05854901 
942 305 8 9 0.05844895 
236 405 11 13 0.056855306 
1006 303 7 10 0.056722883 
1000 342 7 9 0.05617327 
712 296 7 8 0.056106634 
1005 311 7 9 0.055390548 
14 313 9 10 0.05435099 
526 312 9 12 0.053292364 
95 345 7 9 0.052424375 
119 375 8 10 0.052336235 
983 359 8 10 0.051501736 
41 368 9 11 0.05148479 
688 303 8 9 0.051091637 
1001 288 8 10 0.050725218 
105 359 8 10 0.050489638 
671 301 7 10 0.05047709 
823 313 7 8 0.05026508 
954 294 9 10 0.050162025 
137 376 9 10 0.050134562 
124 353 10 11 0.049508587 
164 431 9 10 0.04942974 
655 368 11 14 0.04774409 
999 335 7 9 0.04765366 
605 333 9 11 0.047494985 
655 343 7 9 0.04730366 
96 350 8 9 0.046386227 
54 382 8 10 0.04632153 
200 485 12 14 0.046102382 
55 344 7 7 0.045790818 
639 580 12 13 0.045735616 
142 375 9 10 0.04496798 
93 454 9 12 0.04471409 
168 403 10 12 0.04466457 
982 319 7 9 0.044529013 
81 319 8 9 0.044526804 
994 320 7 9 0.044292595 
101 429 8 11 0.044126026 
1006 287 8 10 0.043869823 
65 372 7 9 0.04333578 
993 327 7 8 0.04306635 
110 366 9 11 0.04294784 
4 388 9 12 0.042847537 
975 344 8 11 0.042653866 
897 328 8 10 0.04256608 
1014 336 7 10 0.042551618 
141 367 10 11 0.04232057 
681 534 9 11 0.041932125 
985 294 7 10 0.04154381 
172 400 10 12 0.040868554 
1008 343 9 10 0.040601674 
189 406 10 12 0.04010964 
993 334 8 9 0.040078677 
978 310 8 10 0.04003913 
830 327 7 9 0.039970692 
983 326 7 9 0.039602153 
999 326 7 10 0.03940882 
181 455 11 14 0.03940388 
93 310 9 10 0.038964674 
167 415 8 11 0.038801786 
960 344 8 10 0.038585212 
69 309 9 11 0.03818364 
937 348 9 10 0.038153127 
559 286 8 10 0.03793476 
942 309 9 11 0.03730998 
998 270 8 10 0.037172474 
200 423 9 11 0.037098665 
682 312 7 9 0.036888454 
704 312 7 8 0.036653448 
1009 615 9 13 0.036300957 
998 368 8 10 0.036268923 
89 452 9 12 0.03623529 
1000 373 8 10 0.035556335 
0 406 8 12 0.035424978 
688 358 9 11 0.0354229 
1006 317 7 10 0.0352218 
0 376 9 11 0.034940958 
993 368 7 10 0.034833245 
813 549 10 11 0.034696613 
89 335 7 8 0.034247737 
672 296 8 10 0.034245063 
104 328 7 9 0.034220684 
55 359 8 8 0.034208614 
103 373 8 11 0.03415149 
110 342 8 10 0.034073792 
952 319 8 10 0.033682417 
992 384 6 8 0.033584923 
73 396 9 11 0.033532668 
943 350 7 9 0.03337845 
817 649 8 11 0.03313024 
109 360 8 10 0.032732643 
194 535 11 14 0.032719553 
142 351 8 10 0.032587733 
38 420 8 11 0.032495484 
194 372 9 11 0.031932004 
161 447 9 11 0.03191429 
626 320 7 10 0.031477727 
977 319 8 10 0.03131221 
96 422 9 12 0.03124433 
221 463 9 11 0.031144306 
57 454 9 10 0.031111497 
961 309 8 9 0.030957391 
111 336 8 9 0.030954333 
832 573 8 10 0.030899711 
628 535 9 10 0.030748706 
169 359 8 10 0.030709678 
640 313 8 9 0.030620202 
138 352 9 11 0.030186474 
614 511 8 10 0.030170307 
105 334 8 10 0.030125715 
71 351 7 8 0.030050624 
112 384 8 9 0.02991595 
601 343 9 12 0.029891742 
94 416 9 11 0.029854676 
201 344 9 10 0.029729903 
809 327 7 8 0.029704032 
942 345 7 9 0.0296993 
65 351 8 9 0.029571226 
1006 293 8 10 0.029550485 
712 350 9 9 0.029409198 
862 556 10 12 0.029374113 
963 324 8 10 0.029275255 
1009 336 8 9 0.029194005 
655 334 8 10 0.029140873 
527 374 9 11 0.029134514 
127 376 8 10 0.0289526 
1000 293 9 10 0.028943792 
728 361 7 8 0.02892857 
598 543 9 12 0.028821347 
152 457 9 11 0.028682105 
80 350 7 9 0.028676068 
178 655 8 10 0.028634181 
41 351 8 9 0.028629467 
823 285 7 9 0.02858431 
152 366 8 11 0.02857571 
1016 319 7 9 0.028495865 
977 270 9 10 0.02834413 
664 526 9 11 0.028321339 
32 308 10 12 0.028268417 
751 321 7 8 0.028204976 
67 304 7 8 0.028084015 
233 591 8 10 0.027757607 
568 295 9 10 0.027605014 
961 351 8 9 0.027586784 
688 288 8 9 0.027540805 
119 366 8 10 0.0274418 
977 360 8 10 0.027428301 
761 335 7 9 0.027415685 
182 414 9 11 0.02725305 
103 351 7 9 0.02688845 
177 419 8 11 0.026868895 
174 359 8 10 0.02686721 
605 348 11 13 0.026806239 
144 310 8 10 0.026707573 
22 369 8 9 0.026306013 
983 390 8 10 0.02612133 
103 438 8 10 0.026056027 
573 390 8 11 0.026005095 
335 550 8 11 0.025947811 
497 544 9 10 0.02584954 
494 303 10 14 0.025688246 
144 344 8 10 0.025649486 
1001 304 8 10 0.025619723 
78 392 9 11 0.025593346 
46 352 7 8 0.025493445 
47 357 8 10 0.02544077 
126 439 9 12 0.025416931 
527 358 10 10 0.02535079 
449 313 47 63 0.025218094 
953 288 8 10 0.024981977 
887 312 9 11 0.024971511 
670 521 9 10 0.024962338 
113 373 8 10 0.02493717 
992 302 7 9 0.024928857 
1014 293 7 10 0.024928495 
581 343 10 11 0.024905978 
991 296 7 9 0.024900835 
200 446 9 11 0.024831865 
89 328 8 9 0.024798922 
1015 326 8 11 0.024758203 
48 390 8 11 0.024690025 
573 518 8 10 0.024675097 
582 310 9 10 0.024595382 
106 303 8 9 0.024580767 
472 531 9 11 0.024521798 
593 541 10 13 0.024405686 
337 59 11 12 0.024371643 
978 304 7 10 0.024348853 
1015 270 7 10 0.024340903 
417 306 44 58 0.024271816 
654 312 8 9 0.024216475 
188 460 9 12 0.02421151 
612 366 9 11 0.024104595 
9 295 7 10 0.024102518 
961 337 7 8 0.024011552 
881 329 8 9 0.02396495 
56 389 9 11 0.023946237 
62 391 9 11 0.023893965 
361 559 7 10 0.023883982 
814 327 7 8 0.023877062 
993 374 6 9 0.023800217 
119 327 8 9 0.023778426 
839 341 7 10 0.023541097 
985 351 7 9 0.02336884 
650 335 8 10 0.023359718 
993 424 7 9 0.02331424 
662 334 7 9 0.023209691 
72 392 9 11 0.023143975 
106 343 8 10 0.023112863 
712 329 7 8 0.023105284 
686 319 8 9 0.02301335 
505 156 11 13 0.022997908 
192 301 9 11 0.022975247 
682 326 8 10 0.022877483 
968 344 8 11 0.022845598 
521 390 9 11 0.02282697 
182 359 7 8 0.022762127 
89 344 9 10 0.022688068 
729 335 7 9 0.022557639 
942 279 8 10 0.022522382 
1001 391 7 10 0.02248137 
776 343 9 10 0.02247907 
808 311 7 8 0.02235648 
46 373 8 10 0.022264428 
95 459 9 11 0.022161003 
172 541 9 12 0.022158172 
120 447 8 10 0.022140557 
554 304 10 12 0.022065517 
686 327 8 10 0.02202525 
743 335 6 8 0.021965971 
894 312 8 9 0.021937508 
921 352 7 8 0.021933073 
73 335 8 9 0.021865342 
841 318 8 9 0.021856772 
704 320 7 8 0.021816058 
14 414 9 10 0.021797411 
993 344 8 10 0.021784872 
87 358 7 9 0.021747304 
761 360 7 9 0.021742761 
653 528 10 12 0.021734972 
831 320 7 9 0.021731429 
984 375 7 9 0.021706104 
695 303 7 9 0.021655777 
45 399 8 9 0.021623584 
842 313 7 9 0.021547018 
679 295 7 9 0.02151672 
975 383 9 10 0.021507403 
109 318 9 10 0.02148238 
631 320 8 10 0.021440992 
136 381 9 10 0.021393104 
985 367 8 10 0.021353645 
657 350 8 10 0.02134998 
73 344 8 9 0.021349125 
49 344 7 9 0.02127977 
978 325 8 10 0.021234248 
984 289 7 9 0.021209316 
984 344 7 10 0.021077735 
921 359 6 8 0.021059649 
81 357 8 10 0.021042384 
685 528 11 11 0.020984676 
617 344 9 12 0.02094078 
137 440 10 13 0.020857206 
525 392 9 11 0.020810256 
180 420 9 11 0.02080574 
32 303 8 10 0.02079511 
944 368 8 10 0.020738497 
684 540 11 12 0.020734267 
78 336 8 9 0.020574694 
824 318 7 8 0.020502048 
605 572 10 12 0.020461222 
15 351 8 9 0.020458363 
983 303 8 9 0.020438828 
751 345 7 8 0.020419596 
505 575 9 11 0.020326655 
816 278 8 10 0.020316716 
148 440 9 11 0.02023325 
522 316 10 12 0.020227106 
554 287 8 10 0.020088265 
