52_Photographers_photographertakingphoto_52_428
41
499 305 131 113 0.9864205 
632 266 78 114 0.6166993 
555 284 115 125 0.2785332 
987 283 12 15 0.2286257 
999 223 9 11 0.14977524 
961 283 9 12 0.1420231 
926 239 10 12 0.119533785 
972 247 10 12 0.103173904 
985 264 9 11 0.076281354 
1001 260 11 13 0.0759126 
985 280 10 13 0.06716569 
932 244 9 11 0.05410852 
1002 239 8 11 0.052782066 
949 223 9 12 0.05215363 
994 222 8 9 0.052020635 
1004 278 9 11 0.044022605 
926 254 9 10 0.043440618 
1001 245 9 10 0.041687872 
988 266 11 13 0.036424566 
912 251 8 11 0.03586114 
1004 255 10 13 0.034751467 
1005 228 10 11 0.034443762 
938 262 8 10 0.033560295 
970 264 8 10 0.033482913 
643 9 25 40 0.033450015 
967 294 8 10 0.03237822 
999 279 10 12 0.032215614 
998 284 10 13 0.031029949 
964 279 9 12 0.029987283 
960 272 8 10 0.02970938 
1015 243 9 13 0.027542708 
935 255 8 10 0.027015558 
943 280 9 11 0.026794452 
976 182 10 11 0.02489217 
1005 244 9 11 0.024144502 
974 269 9 11 0.023631629 
966 240 8 10 0.02324984 
999 266 11 13 0.022595799 
953 263 7 9 0.022356464 
983 232 8 10 0.022208035 
1014 221 9 12 0.021490963 
