52_Photographers_taketouristphotos_52_281
141
414 659 33 41 0.9953087 
290 601 15 18 0.40884578 
630 584 28 50 0.40773535 
291 610 18 22 0.25176919 
586 582 32 54 0.24879646 
669 766 15 18 0.18689805 
342 587 12 14 0.15686895 
773 597 11 12 0.15267946 
732 773 75 107 0.097832784 
641 584 26 37 0.09235589 
700 581 15 20 0.073448054 
516 72 15 18 0.066290714 
843 631 11 13 0.06516688 
566 113 13 17 0.0637211 
616 597 36 49 0.063245386 
775 566 9 11 0.06300296 
652 579 35 47 0.06177849 
154 638 32 36 0.059661936 
444 98 462 532 0.058627672 
728 558 8 11 0.05772414 
431 455 40 50 0.054834366 
753 556 8 11 0.05326123 
849 573 9 10 0.05308147 
769 568 8 10 0.053010393 
359 574 11 14 0.052955963 
222 632 15 18 0.052933767 
370 550 42 59 0.052674677 
237 712 14 18 0.05097795 
753 551 8 11 0.050626546 
751 571 9 12 0.04898953 
804 607 9 12 0.048740845 
770 550 8 10 0.048274074 
643 77 20 30 0.046836104 
793 582 9 11 0.046178754 
359 732 14 16 0.046177194 
757 567 9 11 0.04518511 
821 626 12 14 0.044329863 
757 544 7 9 0.044321183 
715 580 11 14 0.043969978 
306 558 10 13 0.04389629 
330 467 17 21 0.043133497 
398 97 12 15 0.043032125 
767 581 8 10 0.042890035 
352 553 9 11 0.042313512 
659 589 14 18 0.04229894 
709 616 16 18 0.042198405 
443 470 17 20 0.041403115 
789 613 15 18 0.038528923 
368 560 10 12 0.038157586 
849 607 8 11 0.037592106 
261 141 13 18 0.03653589 
576 582 26 40 0.036425088 
164 435 16 20 0.036390644 
299 605 13 15 0.035404522 
788 572 10 12 0.034102984 
768 604 10 13 0.0339569 
629 775 11 15 0.033503372 
757 572 9 12 0.03291839 
836 590 10 12 0.032811794 
743 571 11 14 0.03275756 
798 600 9 11 0.032717887 
737 835 14 18 0.032626417 
774 602 10 13 0.03241072 
858 647 8 10 0.032342914 
156 497 17 22 0.032099478 
768 575 7 10 0.032047376 
171 651 15 19 0.030988008 
785 638 16 18 0.030894164 
854 598 8 11 0.030877205 
805 494 10 12 0.030750755 
638 593 40 55 0.030605014 
781 591 8 11 0.030010637 
275 718 14 19 0.02984459 
666 594 25 33 0.02969321 
793 599 9 10 0.029559424 
793 588 9 12 0.029347736 
746 607 16 19 0.029345766 
775 549 10 11 0.029127002 
787 478 14 16 0.02852471 
872 640 9 11 0.028488174 
781 547 10 13 0.028327301 
678 800 13 16 0.028233686 
716 603 11 15 0.027898725 
196 693 10 13 0.027717268 
651 586 15 23 0.02766707 
782 582 9 11 0.02766491 
756 589 9 12 0.027384324 
712 559 9 13 0.027154949 
776 583 9 10 0.026988681 
795 611 15 17 0.026901245 
209 461 37 49 0.026768114 
600 594 36 46 0.026591701 
776 560 8 11 0.02656955 
614 620 38 46 0.026562871 
710 303 52 63 0.02648697 
768 591 9 13 0.026424969 
387 575 17 21 0.026418854 
207 654 11 14 0.026191467 
774 614 10 13 0.025799721 
708 583 14 19 0.025782397 
780 598 9 11 0.02576183 
345 567 8 10 0.025593668 
244 711 18 19 0.025266716 
104 615 26 33 0.024985148 
309 605 12 14 0.024960551 
173 288 26 27 0.024956755 
688 652 12 15 0.02418705 
850 611 9 12 0.023616966 
387 657 15 18 0.02351543 
403 100 10 14 0.023406312 
633 118 22 31 0.02339283 
554 107 23 29 0.02302925 
768 545 9 10 0.022788625 
838 585 9 11 0.022630835 
391 560 10 12 0.02262879 
808 791 9 13 0.022611268 
307 611 14 18 0.022597637 
361 567 11 14 0.02256793 
784 568 10 13 0.022457104 
716 563 10 14 0.02238704 
821 588 9 12 0.02238519 
312 701 11 13 0.02224399 
339 725 10 13 0.022145554 
348 565 11 13 0.021650817 
768 612 10 13 0.021603636 
325 586 10 14 0.021510273 
783 612 14 17 0.021312052 
790 666 10 14 0.021305777 
576 652 54 55 0.021101568 
710 583 42 52 0.021053884 
864 756 12 14 0.020895744 
871 656 10 12 0.020740911 
417 643 29 34 0.02072837 
388 86 25 32 0.020538962 
161 429 26 33 0.02048279 
775 620 10 12 0.020358613 
219 472 15 19 0.020323562 
865 606 8 10 0.020294955 
544 567 10 13 0.020202402 
641 782 27 30 0.020170404 
624 826 18 22 0.020090545 
