52_Photographers_taketouristphotos_52_51
109
448 936 35 42 0.9988117 
859 829 16 20 0.3010495 
709 734 11 14 0.2660774 
884 756 15 18 0.1594847 
724 723 10 13 0.12564562 
793 716 13 16 0.122206174 
877 705 8 9 0.119502656 
906 733 10 12 0.1181492 
895 704 8 10 0.10800107 
839 871 10 13 0.08632771 
909 742 11 13 0.085601814 
903 704 8 10 0.07498464 
709 718 9 11 0.07148684 
886 720 9 10 0.06790054 
754 712 15 18 0.06582604 
887 725 9 10 0.0635655 
812 739 12 15 0.06252739 
806 726 14 19 0.06074287 
432 1050 14 16 0.058748983 
921 702 9 12 0.05866743 
421 1271 8 9 0.057088442 
909 748 11 14 0.054396298 
920 733 10 13 0.05042987 
890 710 9 10 0.049563587 
873 703 8 11 0.049247738 
893 727 9 11 0.047500998 
905 728 10 12 0.047464047 
863 703 8 11 0.047285467 
757 872 10 11 0.04671372 
765 1288 16 23 0.046625704 
419 1085 10 13 0.0465454 
908 717 9 11 0.045223188 
418 1278 8 12 0.043541223 
911 757 10 12 0.043472152 
732 887 10 13 0.04291325 
750 871 10 12 0.041740034 
710 713 9 12 0.041687567 
885 734 11 12 0.039962467 
761 859 11 13 0.039900307 
861 726 10 13 0.03982738 
417 1284 8 11 0.039546244 
697 726 9 13 0.038315732 
293 1020 12 13 0.0376421 
701 725 11 13 0.036439344 
414 1235 9 12 0.036400925 
820 838 13 16 0.0363875 
527 867 25 32 0.03594727 
905 709 9 10 0.035546187 
880 735 12 14 0.034394737 
783 879 8 10 0.03363842 
919 741 9 12 0.03293519 
449 1262 8 11 0.03281966 
720 880 9 11 0.031449407 
701 751 9 12 0.029678984 
920 727 10 12 0.029527249 
830 751 12 14 0.029516103 
734 726 9 11 0.02926084 
479 1286 8 10 0.029115112 
875 784 13 16 0.02882779 
908 711 9 11 0.028777042 
416 1252 10 13 0.028609436 
873 709 9 11 0.028424662 
735 718 10 12 0.027827982 
430 975 15 20 0.027750613 
893 733 9 11 0.02756497 
317 42 10 12 0.02740145 
416 1246 8 11 0.027315574 
846 852 12 16 0.027299538 
806 730 23 26 0.027274558 
714 901 13 16 0.026843859 
742 710 10 12 0.026419593 
837 704 10 11 0.02636636 
438 0 16 12 0.02624817 
708 726 12 14 0.026143622 
744 886 9 12 0.026099585 
294 900 12 17 0.026092801 
893 742 10 11 0.02578941 
422 1284 8 11 0.025648378 
855 724 11 15 0.025501598 
744 870 12 14 0.025483727 
822 791 13 14 0.025415847 
454 1052 10 13 0.024732128 
812 747 11 14 0.024244053 
877 722 11 13 0.024136897 
705 740 10 12 0.023876745 
742 727 10 11 0.02358339 
443 667 123 139 0.023455754 
486 728 10 12 0.022461219 
705 713 8 11 0.022431308 
770 1297 15 20 0.022400316 
462 1272 8 10 0.02213981 
855 878 9 11 0.022133116 
278 69 10 12 0.02207321 
502 1063 8 10 0.021550788 
738 710 9 11 0.02119575 
861 871 10 11 0.021038847 
741 732 12 14 0.020993719 
154 -6 60 63 0.020893116 
801 850 15 18 0.020835452 
750 724 12 14 0.020735264 
441 1049 15 18 0.020713273 
863 708 9 11 0.020654138 
863 720 8 11 0.020619636 
416 1120 10 11 0.02044225 
449 1253 9 12 0.020382097 
530 1053 14 16 0.020110793 
901 917 10 12 0.020043127 
918 750 10 14 0.02003312 
871 720 10 12 0.020000583 
