52_Photographers_taketouristphotos_52_80
27
331 510 57 64 0.99610525 
870 264 9 12 0.1394847 
998 321 9 13 0.0801785 
993 289 10 13 0.0762283 
670 332 12 16 0.0755696 
984 269 10 13 0.069288954 
849 295 10 13 0.052393775 
836 295 9 12 0.040507354 
854 310 11 14 0.038607553 
989 267 11 15 0.037511002 
981 302 9 11 0.03536935 
735 350 11 14 0.034420643 
741 356 11 13 0.032772202 
650 332 14 16 0.03165839 
316 607 34 35 0.03153287 
980 310 11 15 0.029766895 
990 273 11 16 0.02841741 
997 333 11 15 0.026486278 
872 298 11 15 0.024887757 
604 291 40 47 0.024876881 
976 296 9 11 0.024651624 
789 312 11 13 0.024645964 
841 334 27 29 0.024629287 
545 298 11 14 0.02164728 
661 331 15 18 0.021480266 
54 319 8 9 0.02101495 
685 347 24 27 0.020689275 
