52_Photographers_photographertakingphoto_52_479
26
199 285 124 151 0.99991596 
291 96 118 138 0.99974877 
371 290 111 146 0.99902964 
349 566 108 140 0.9987405 
521 209 137 167 0.99761534 
937 255 25 30 0.36157006 
901 248 29 36 0.34704188 
975 257 25 32 0.3275638 
859 298 64 73 0.19726442 
868 269 31 35 0.14562769 
862 273 51 62 0.08363725 
933 243 25 30 0.07802353 
877 276 33 36 0.07193705 
404 242 143 188 0.062539816 
883 258 29 32 0.04680186 
916 252 27 34 0.042195868 
974 250 18 20 0.041990165 
849 278 103 115 0.040019732 
894 262 28 35 0.03853275 
894 311 14 15 0.03692297 
873 266 21 22 0.03339593 
835 309 68 77 0.032170177 
205 484 88 67 0.029710142 
888 280 19 23 0.029546466 
948 250 39 47 0.020664442 
459 213 152 201 0.020410424 
