52_Photographers_photographertakingphoto_52_780
18
746 274 75 111 0.9745803 
366 268 53 77 0.833131 
696 334 27 38 0.08773306 
679 347 46 59 0.06265034 
280 344 422 471 0.054518502 
780 270 84 106 0.053988744 
619 342 23 27 0.037885666 
365 411 193 296 0.037872568 
683 343 30 42 0.037775535 
365 238 91 127 0.030162642 
818 285 59 83 0.027834991 
382 296 32 48 0.026278028 
422 197 15 20 0.023795253 
664 357 31 34 0.02277367 
669 358 16 17 0.02250199 
418 444 114 195 0.02231898 
633 370 31 39 0.02195022 
645 360 55 56 0.021625802 
