52_Photographers_photographertakingphoto_52_263
70
626 260 26 38 0.99608815 
135 295 21 30 0.99318284 
352 299 22 30 0.9879382 
686 247 20 32 0.96736956 
801 285 24 36 0.96338725 
753 286 22 33 0.9409913 
37 279 22 30 0.7975913 
401 293 22 28 0.73761624 
473 305 16 18 0.51716006 
669 369 36 47 0.36104238 
64 390 18 22 0.33924258 
81 319 18 21 0.26281166 
268 299 14 17 0.24595775 
747 429 43 64 0.17187726 
316 308 11 16 0.1376446 
77 328 24 28 0.13505264 
68 387 22 30 0.08072609 
341 302 17 21 0.077105336 
43 432 14 20 0.06483651 
72 309 10 13 0.061005384 
172 330 24 29 0.05864003 
85 333 24 32 0.05337735 
463 304 15 20 0.053286172 
409 299 24 27 0.05115275 
40 430 11 16 0.05041883 
180 323 14 17 0.043576587 
26 370 31 42 0.042615864 
172 312 16 18 0.042268425 
426 312 16 20 0.04118914 
635 308 24 27 0.040583827 
57 377 27 36 0.039077412 
336 301 15 19 0.03817248 
358 295 14 22 0.035609294 
784 288 25 35 0.03509324 
168 314 12 17 0.033901576 
494 278 29 34 0.032714494 
400 313 12 16 0.032205556 
80 345 25 33 0.031891983 
273 302 17 20 0.031711377 
82 388 14 20 0.030729081 
82 359 17 22 0.030351372 
59 461 18 21 0.029711885 
90 315 14 21 0.029588252 
294 325 11 14 0.027248954 
79 394 23 32 0.02687796 
318 326 9 12 0.026872344 
348 -31 420 534 0.026776602 
398 304 22 28 0.02612254 
513 317 33 32 0.02604198 
731 416 71 102 0.025329394 
43 424 24 31 0.025271969 
310 325 11 13 0.02491035 
781 362 42 52 0.024724223 
261 294 15 22 0.024400763 
693 252 26 31 0.024342394 
153 319 40 50 0.024253787 
387 437 11 14 0.024190443 
311 313 14 17 0.023865301 
24 279 25 35 0.023626713 
135 309 44 55 0.023384713 
18 356 25 36 0.022686675 
686 379 31 39 0.022635661 
284 332 11 13 0.022178208 
154 308 21 32 0.022113865 
302 326 10 12 0.021656051 
96 337 17 24 0.021014422 
661 378 29 41 0.02078619 
481 301 14 19 0.020721626 
288 348 9 12 0.020486679 
310 334 11 14 0.020327272 
