52_Photographers_photographertakingphoto_52_701
26
251 157 106 129 0.9995938 
287 279 101 117 0.99959236 
578 492 11 14 0.20982291 
1 281 41 75 0.10928024 
715 401 36 38 0.09041041 
591 283 12 12 0.037991118 
268 207 100 131 0.032329813 
601 304 16 17 0.032309562 
33 403 61 80 0.03054178 
478 283 10 12 0.03040163 
16 312 46 70 0.026884995 
943 398 13 14 0.02672857 
203 120 95 126 0.02582606 
541 250 11 12 0.025549535 
541 477 15 22 0.025178853 
884 301 16 16 0.024072366 
560 493 32 27 0.023299092 
555 310 14 16 0.022982894 
42 354 14 19 0.022268146 
576 496 16 18 0.022017885 
1012 320 10 18 0.021951653 
539 203 15 16 0.021939889 
530 379 27 28 0.021906072 
674 382 27 37 0.021666594 
660 482 55 59 0.021640606 
29 347 30 38 0.021456745 
