52_Photographers_taketouristphotos_52_3
40
268 52 94 118 0.9994702 
702 163 76 98 0.9929509 
383 344 25 34 0.31931382 
108 1067 65 60 0.25924933 
413 286 30 37 0.19934377 
589 387 374 491 0.178742 
628 534 198 277 0.15188836 
784 156 13 17 0.14999379 
357 387 13 16 0.13085072 
184 363 23 34 0.12120217 
374 352 122 172 0.07557014 
324 514 16 21 0.07085832 
227 404 26 31 0.059636425 
325 508 26 32 0.05068258 
318 441 13 16 0.04901428 
937 570 31 36 0.04735285 
361 380 13 16 0.03906424 
282 450 27 30 0.03633238 
297 343 24 33 0.03380305 
430 274 16 19 0.033722408 
414 398 11 14 0.032572642 
325 347 15 21 0.032236144 
310 503 44 50 0.029739683 
287 443 16 19 0.028260225 
425 296 29 37 0.027155373 
366 225 24 32 0.024858471 
434 309 25 35 0.024697525 
173 401 24 32 0.024639964 
471 395 12 16 0.024496427 
310 341 25 33 0.02438768 
235 290 25 33 0.02432946 
426 280 18 23 0.023869082 
144 340 22 29 0.023828961 
845 489 33 32 0.022316404 
336 515 17 20 0.02192922 
100 1154 65 51 0.021511521 
350 385 23 28 0.02083353 
283 449 51 53 0.020525966 
351 391 13 17 0.02021367 
311 442 14 16 0.020059858 
