52_Photographers_photographertakingphoto_52_315
29
691 89 99 137 0.9997559 
164 165 97 130 0.99963725 
474 162 61 81 0.99883395 
237 120 56 79 0.9761652 
631 199 9 12 0.39297935 
1 231 25 45 0.31567338 
218 141 73 107 0.28402242 
569 217 33 41 0.17445183 
288 186 18 24 0.17439894 
609 197 14 18 0.12843566 
572 192 11 11 0.10958516 
582 191 10 12 0.10054449 
273 177 26 35 0.09103521 
567 194 13 16 0.08304693 
414 142 46 72 0.08280332 
17 424 23 37 0.06737873 
259 154 33 49 0.047687016 
7 236 43 56 0.036894 
564 194 22 27 0.03450482 
647 182 10 12 0.029024694 
623 197 13 16 0.028986903 
584 223 25 37 0.027022019 
562 204 31 37 0.026652472 
635 244 14 18 0.02543002 
551 216 47 63 0.024376575 
561 196 12 16 0.024370104 
633 201 12 15 0.021271227 
646 185 15 17 0.020405142 
646 189 22 26 0.020165049 
