52_Photographers_photographertakingphoto_52_96
51
180 337 18 23 0.8836642 
112 364 14 16 0.23941503 
218 334 9 12 0.12046805 
174 325 11 13 0.069712654 
233 344 9 11 0.0619084 
216 350 9 11 0.06050171 
440 593 7 9 0.05566942 
318 585 10 11 0.054774664 
355 749 10 13 0.04656279 
447 632 6 9 0.044391934 
110 358 24 28 0.040341202 
470 599 7 9 0.038059264 
391 438 52 72 0.035592686 
249 574 9 12 0.035491914 
433 592 7 9 0.03348705 
482 606 7 9 0.031049376 
181 350 15 19 0.030055713 
221 403 11 13 0.029880391 
431 583 7 9 0.029105628 
447 592 7 9 0.028108679 
196 389 11 13 0.027472029 
191 405 11 13 0.027116798 
171 389 14 18 0.0269332 
173 333 16 20 0.026480705 
449 616 8 9 0.02595637 
347 604 12 13 0.025785496 
401 584 7 8 0.025562672 
425 592 7 9 0.025491023 
463 616 8 10 0.02536512 
218 339 10 13 0.024916064 
353 639 8 10 0.024696793 
448 584 7 9 0.024049768 
189 388 12 13 0.023845537 
455 592 7 8 0.023731723 
415 607 7 9 0.023721408 
311 638 11 13 0.022356229 
456 598 7 8 0.022094995 
231 337 8 10 0.021728868 
172 382 14 17 0.021532368 
24 333 10 13 0.02151054 
241 631 8 9 0.020942515 
487 606 7 9 0.020774817 
168 339 14 18 0.020746537 
578 352 24 28 0.020474773 
160 348 11 15 0.020440772 
488 600 7 8 0.020427288 
400 623 8 8 0.02032358 
469 591 7 9 0.020233423 
198 405 9 13 0.02013635 
471 618 8 10 0.020116838 
256 616 7 9 0.020069445 
