52_Photographers_photographertakingphoto_52_219
46
708 433 38 43 0.9975666 
420 397 38 46 0.99683607 
661 282 45 57 0.9951055 
564 355 39 50 0.99482524 
766 225 43 56 0.99402976 
186 280 42 56 0.9922659 
302 349 39 52 0.99019414 
863 523 12 16 0.09824877 
878 522 13 14 0.089563996 
318 270 28 43 0.058940165 
49 501 7 9 0.05843423 
866 516 14 17 0.05483003 
887 168 8 10 0.05395572 
990 510 11 13 0.049703177 
733 293 27 33 0.045904648 
732 304 17 21 0.04443625 
870 517 25 25 0.04236906 
101 259 11 13 0.033957105 
551 166 7 9 0.033697378 
774 443 11 12 0.030482925 
318 87 8 10 0.029670866 
547 388 11 15 0.028404906 
934 524 10 12 0.027911622 
76 196 10 13 0.025995208 
294 63 9 11 0.02584514 
456 234 39 59 0.025720308 
1009 345 7 10 0.025186162 
47 519 7 9 0.02446959 
540 505 27 32 0.024311375 
72 522 24 30 0.02414569 
890 525 13 13 0.023675598 
984 512 12 12 0.023592753 
672 142 9 9 0.023557061 
0 519 7 11 0.023529876 
809 660 11 11 0.023319013 
973 536 8 10 0.022920005 
40 502 8 10 0.022801463 
149 151 9 10 0.022570455 
495 141 9 11 0.022456562 
41 520 6 9 0.02232182 
881 160 8 9 0.022060065 
882 152 7 9 0.022042152 
57 495 7 10 0.02090191 
310 69 8 10 0.020893121 
783 441 10 11 0.020618567 
69 510 8 10 0.020342927 
