52_Photographers_taketouristphotos_52_288
36
880 30 27 36 0.9983569 
702 301 33 45 0.9980202 
842 201 35 44 0.99739444 
985 74 31 40 0.9972626 
767 11 29 37 0.99504894 
831 387 32 45 0.9904206 
1002 313 21 29 0.98773825 
721 28 22 29 0.83711606 
245 201 50 57 0.21334322 
168 200 11 12 0.15462138 
673 1 28 30 0.14491208 
68 145 184 254 0.12847942 
881 75 26 30 0.08308744 
755 465 13 16 0.07147962 
69 207 13 15 0.06530193 
791 -1 41 44 0.059077196 
984 212 35 43 0.05085009 
568 134 47 56 0.049753245 
379 65 14 18 0.03822707 
954 344 26 33 0.037011236 
167 210 15 18 0.035761744 
814 1 28 33 0.03460944 
964 340 26 31 0.033677578 
670 196 13 15 0.031308286 
67 200 23 29 0.029129328 
699 60 15 18 0.029022742 
353 0 34 39 0.024487764 
853 76 13 18 0.024143975 
49 197 47 58 0.023442151 
163 198 22 26 0.02288692 
974 460 25 30 0.022738654 
397 58 28 34 0.021078825 
991 481 34 38 0.020965425 
782 22 17 23 0.020622334 
847 88 14 20 0.020256365 
821 15 14 19 0.020172395 
