52_Photographers_photographertakingphoto_52_578
49
751 177 58 70 0.9993142 
947 166 64 76 0.99884796 
806 149 53 67 0.99786466 
277 179 68 82 0.9946831 
353 142 52 65 0.994578 
65 144 84 106 0.99333876 
105 118 67 86 0.9642242 
570 155 45 61 0.95921075 
505 261 50 55 0.90338165 
588 295 27 40 0.26368725 
617 207 27 35 0.26080465 
461 209 11 15 0.24686542 
211 217 22 26 0.17860521 
549 237 27 30 0.17516966 
891 228 17 22 0.13241526 
586 148 35 47 0.112459615 
623 175 26 31 0.09916527 
913 393 26 35 0.07939704 
684 629 32 37 0.07800491 
620 185 30 38 0.06533025 
625 222 17 23 0.056588724 
580 280 28 39 0.0523491 
604 158 43 60 0.045164745 
454 206 14 18 0.044121422 
671 200 9 11 0.04395796 
923 387 16 22 0.040323604 
871 229 23 29 0.037196405 
465 210 13 17 0.035087775 
808 212 28 36 0.032299634 
155 506 15 17 0.030821806 
526 277 36 44 0.029469457 
587 284 16 24 0.02667383 
293 208 60 72 0.025656965 
634 172 16 19 0.02563078 
-4 342 36 71 0.025279375 
448 212 11 15 0.025223533 
602 149 18 23 0.024731517 
0 0 9 11 0.024035357 
531 206 16 21 0.023701627 
644 163 14 21 0.023593495 
860 233 25 29 0.023280576 
229 203 11 14 0.023274023 
522 246 46 55 0.022896497 
863 56 25 28 0.022883948 
516 199 11 14 0.021330371 
409 247 27 40 0.021169068 
581 307 45 58 0.020969756 
577 190 28 40 0.0208029 
538 237 41 51 0.020507729 
