45_Balloonist_Balloonist_45_273
142
709 206 56 75 0.99929464 
427 39 33 40 0.99920803 
720 301 109 159 0.9990522 
376 159 29 34 0.9986864 
465 160 38 46 0.99759966 
107 314 72 85 0.9975376 
123 169 64 82 0.9928976 
627 198 43 58 0.9643721 
868 103 15 21 0.959291 
818 122 15 17 0.68209445 
163 208 40 48 0.6351857 
360 183 22 31 0.30319488 
740 100 14 18 0.21801138 
202 121 16 19 0.20137781 
285 282 27 32 0.19674778 
857 177 19 24 0.19255866 
609 228 12 15 0.1678871 
766 155 38 52 0.13761106 
732 106 18 21 0.12699082 
957 203 16 22 0.12484111 
340 337 13 18 0.12090148 
777 162 17 24 0.120018676 
661 167 17 21 0.1093372 
580 136 13 16 0.1053642 
608 233 15 21 0.10103098 
279 198 11 14 0.10067617 
197 125 25 30 0.09560948 
543 212 16 19 0.08852786 
567 378 135 142 0.08701675 
563 136 15 20 0.08627046 
944 148 19 22 0.085057996 
573 137 16 19 0.08059324 
984 221 11 13 0.079867855 
607 134 12 15 0.07984869 
733 96 15 18 0.077672146 
558 208 22 29 0.07755415 
607 219 19 28 0.07582322 
49 219 32 47 0.07514563 
598 150 12 16 0.07296357 
722 138 18 22 0.06718559 
939 198 13 16 0.06683845 
722 163 26 29 0.063681155 
814 127 17 20 0.060605552 
873 107 17 23 0.058425006 
788 153 12 17 0.05470006 
980 123 22 24 0.05376208 
419 166 19 22 0.052953716 
602 205 28 36 0.052003164 
377 126 12 16 0.05182475 
994 130 14 17 0.05092789 
872 212 19 23 0.05067632 
283 263 38 45 0.050105702 
789 168 15 20 0.049148023 
379 354 23 29 0.047998704 
148 7 48 58 0.04792182 
806 130 22 27 0.047485296 
852 173 18 21 0.046165988 
238 546 74 66 0.0455445 
616 202 31 43 0.04526214 
405 313 12 13 0.0439112 
738 103 21 28 0.04328356 
836 154 14 16 0.042905338 
820 108 14 16 0.042416647 
268 227 11 14 0.041674245 
586 139 13 16 0.040036976 
951 207 28 37 0.039730035 
779 145 21 27 0.038887106 
786 136 16 22 0.03875169 
237 133 11 13 0.03812892 
397 284 16 19 0.037990175 
793 134 20 25 0.037720025 
959 518 56 67 0.03742289 
963 198 15 19 0.0368861 
805 134 14 18 0.036614254 
486 315 34 35 0.036300324 
248 520 118 112 0.036249023 
631 141 11 14 0.03624763 
605 311 26 32 0.035540156 
581 285 27 35 0.034725625 
983 211 13 16 0.034636356 
604 318 154 193 0.03459778 
865 181 16 21 0.03459234 
487 130 14 17 0.03338196 
460 398 66 84 0.032973934 
667 158 13 16 0.032621704 
953 208 14 20 0.032475114 
253 242 27 31 0.031175666 
839 144 14 18 0.030711835 
772 133 15 20 0.03030705 
953 153 16 19 0.029375857 
291 278 15 19 0.02749033 
211 135 26 32 0.027192444 
829 155 16 18 0.026974073 
274 276 28 35 0.026915848 
259 249 17 20 0.026117003 
788 126 12 15 0.025660168 
337 134 10 14 0.0255308 
298 283 16 19 0.025505075 
602 147 14 17 0.025111748 
230 139 12 16 0.02491616 
270 214 10 13 0.024853015 
517 120 13 17 0.024624981 
827 129 12 18 0.02448416 
613 126 13 16 0.024340946 
375 128 23 29 0.024264324 
276 251 12 15 0.024253841 
723 149 26 32 0.024177961 
802 110 23 29 0.023608861 
171 160 24 31 0.023534544 
548 399 31 43 0.023483234 
641 165 10 14 0.023372268 
886 513 136 131 0.023338946 
468 370 110 142 0.023275157 
987 203 15 22 0.02322329 
865 171 16 20 0.023081532 
725 120 15 19 0.023018882 
846 178 16 20 0.022694401 
413 214 494 474 0.022643367 
165 87 425 440 0.022631848 
606 130 20 24 0.02261322 
332 227 16 17 0.022554835 
309 274 12 16 0.022393307 
606 126 12 17 0.022159677 
223 146 15 19 0.022139397 
995 200 24 31 0.0220449 
773 155 18 23 0.022039505 
394 269 15 15 0.02203195 
248 257 39 48 0.021426085 
805 211 36 49 0.021288928 
727 112 23 30 0.021263171 
351 247 11 13 0.020947902 
348 274 15 19 0.020920388 
366 166 25 31 0.020768952 
247 157 11 13 0.020608574 
843 132 14 19 0.0205562 
268 248 15 19 0.020548536 
279 212 12 13 0.020529917 
988 227 11 13 0.020353764 
263 224 22 31 0.020282743 
669 151 9 12 0.020240529 
590 146 14 17 0.020038543 
842 150 16 20 0.020003194 
