45_Balloonist_Balloonist_45_107
55
558 331 11 13 0.93623036 
563 349 13 15 0.75397015 
536 354 12 18 0.46497187 
659 359 10 12 0.42678076 
575 374 13 17 0.2929796 
486 375 12 15 0.2550602 
625 368 9 11 0.17394936 
385 465 26 32 0.094041 
530 334 8 11 0.078761056 
599 357 10 13 0.07721116 
571 348 10 15 0.06221978 
604 359 9 11 0.049690433 
228 421 12 14 0.048896972 
605 364 9 12 0.044228774 
606 348 11 15 0.04082388 
393 461 16 19 0.040584676 
580 366 11 13 0.039511975 
535 343 8 12 0.038177676 
226 405 12 13 0.037313096 
530 338 9 13 0.034250516 
600 343 9 11 0.033877615 
657 353 9 13 0.03323328 
574 367 12 16 0.03295319 
479 375 15 19 0.03251793 
743 531 26 28 0.0325011 
204 427 11 14 0.032383453 
507 363 13 15 0.031311776 
583 349 10 14 0.03060576 
592 355 11 14 0.02931428 
655 356 17 23 0.02887438 
465 351 10 12 0.027276091 
608 333 9 12 0.027115367 
822 545 26 28 0.026709352 
645 398 12 15 0.026093822 
226 410 16 17 0.025981206 
614 334 10 13 0.02596594 
598 349 11 15 0.025421612 
558 337 13 17 0.024932092 
248 415 9 12 0.024740743 
562 328 11 13 0.023557983 
828 541 16 18 0.023392716 
236 420 11 12 0.02235125 
253 422 9 12 0.021763546 
605 372 9 12 0.021744758 
547 573 51 56 0.021668753 
564 359 14 18 0.02165706 
627 370 11 15 0.021406533 
464 355 12 17 0.021362945 
646 378 12 16 0.020852448 
378 461 41 57 0.020799253 
472 362 24 28 0.02055104 
551 355 9 13 0.020412346 
556 326 18 23 0.020365832 
613 338 13 16 0.02029591 
661 393 13 17 0.0202119 
