45_Balloonist_Balloonist_45_518
33
433 356 62 70 0.9992204 
411 99 74 96 0.9974051 
984 158 36 43 0.99694 
500 77 82 96 0.99311393 
625 182 55 68 0.9907514 
796 178 23 34 0.97584844 
831 59 14 19 0.6631319 
225 25 51 79 0.21427545 
779 151 15 17 0.2139758 
4 76 55 63 0.14050743 
423 18 61 74 0.10459754 
0 39 32 66 0.098071165 
787 185 36 43 0.08710873 
346 362 37 46 0.08375892 
30 80 55 57 0.06413313 
79 53 29 52 0.06335319 
788 190 20 23 0.0611761 
206 88 29 31 0.059848726 
459 73 84 110 0.039513335 
506 -3 42 37 0.0362749 
0 219 9 15 0.035667077 
229 38 29 53 0.03463223 
171 2 39 39 0.033588655 
49 99 42 42 0.024538996 
168 1 23 20 0.024210472 
518 466 29 33 0.023682661 
0 225 11 23 0.023110177 
97 176 27 32 0.022794796 
-2 94 47 66 0.022168582 
118 160 15 17 0.021876676 
386 74 29 41 0.021383386 
153 120 42 54 0.021153156 
974 204 22 29 0.020026572 
