45_Balloonist_Balloonist_45_416
53
411 591 70 82 0.9973022 
483 1325 34 51 0.96715 
112 1342 11 14 0.30980548 
646 702 32 38 0.2324131 
546 827 26 46 0.20415315 
414 1404 15 17 0.17455578 
403 911 54 73 0.16267392 
113 1347 13 16 0.14475773 
64 1391 11 13 0.13027136 
682 577 14 20 0.10204174 
323 1292 12 15 0.08166798 
166 74 109 103 0.07543686 
751 802 134 158 0.05975517 
262 1335 14 18 0.05420044 
533 849 26 38 0.054136664 
506 809 47 55 0.052939415 
96 1352 8 12 0.04145226 
78 1385 11 14 0.038977392 
599 923 124 167 0.037796386 
641 548 14 17 0.037743848 
521 638 45 58 0.036505874 
559 793 27 34 0.036397908 
441 797 29 42 0.035485893 
535 832 44 59 0.03489961 
553 861 33 44 0.03363991 
121 38 125 128 0.032602217 
551 804 48 59 0.031092552 
478 812 48 59 0.0301292 
623 731 29 42 0.029552678 
563 791 17 21 0.029483857 
263 1401 15 16 0.027981099 
644 558 12 18 0.02787476 
303 1373 10 11 0.027415857 
556 842 27 45 0.02642185 
670 569 26 35 0.026274148 
555 896 41 49 0.0262534 
562 787 43 54 0.026014421 
101 1348 11 15 0.024532644 
523 861 24 33 0.02319048 
321 1406 17 19 0.023023177 
529 815 31 42 0.023011608 
578 861 27 32 0.022587243 
437 798 48 64 0.022021305 
98 1354 13 17 0.022018522 
426 1406 11 14 0.02179135 
582 788 14 18 0.021756275 
109 1337 18 23 0.021599488 
578 793 26 34 0.021014476 
445 1396 9 12 0.020881254 
716 1143 37 36 0.020840958 
643 461 18 24 0.02082084 
393 948 28 36 0.020721976 
506 954 40 50 0.020335237 
