45_Balloonist_Balloonist_45_402
20
469 75 59 86 0.9915406 
354 228 46 60 0.99001116 
552 204 48 62 0.9886946 
601 258 56 68 0.96838135 
280 259 43 54 0.85804486 
623 237 62 72 0.08703199 
354 602 138 160 0.049244214 
594 188 42 55 0.047655605 
541 263 24 30 0.042543203 
456 439 98 173 0.041906293 
604 223 55 75 0.041182 
602 199 48 63 0.03653666 
20 431 163 269 0.036415793 
576 227 49 67 0.03080805 
380 234 42 55 0.025666127 
535 113 43 64 0.025546286 
560 483 55 64 0.025202371 
398 492 131 193 0.022836532 
656 237 52 59 0.022701144 
598 252 35 57 0.021691961 
