45_Balloonist_Balloonist_45_769
26
368 438 57 57 0.6257061 
553 513 32 39 0.10603314 
602 493 19 21 0.09154545 
434 459 95 109 0.07014706 
616 437 188 225 0.060377825 
459 433 97 106 0.05562549 
369 456 33 49 0.05132106 
582 292 426 459 0.047372952 
593 483 32 36 0.03910111 
382 419 58 62 0.03908641 
498 478 55 72 0.036081273 
579 441 56 62 0.033489425 
527 496 50 65 0.030755935 
396 527 38 35 0.02957026 
481 496 63 79 0.028076379 
556 492 45 62 0.027400257 
693 356 15 21 0.026798513 
347 438 61 82 0.026564788 
665 526 11 12 0.025898179 
990 92 32 52 0.025293201 
247 -11 379 494 0.02377304 
430 508 79 85 0.022250276 
382 475 103 94 0.022023661 
700 417 252 265 0.021922577 
628 494 110 137 0.021139594 
429 409 98 110 0.020356894 
