45_Balloonist_Balloonist_45_186
20
459 225 177 305 0.9989999 
944 515 18 20 0.38746595 
960 524 18 23 0.22923687 
462 664 467 404 0.18606016 
533 233 178 288 0.1333641 
584 843 158 131 0.05442581 
363 316 167 177 0.042360187 
573 739 276 264 0.039765462 
448 30 11 16 0.035240706 
364 200 341 434 0.034133896 
711 1238 12 13 0.025797617 
969 791 32 42 0.023854163 
113 270 467 529 0.023713036 
939 524 24 27 0.02335273 
609 884 149 159 0.022094604 
437 53 14 16 0.021820871 
689 627 39 46 0.021742795 
437 48 11 13 0.021032654 
925 540 26 32 0.020977832 
420 73 13 15 0.020225257 
