45_Balloonist_Balloonist_45_277
31
459 585 94 123 0.9998497 
663 33 237 314 0.43232933 
295 1123 25 33 0.1691975 
323 1131 24 36 0.16345607 
341 852 52 85 0.12898353 
392 693 41 57 0.08644982 
505 7 431 457 0.07858108 
103 -37 513 493 0.059412736 
251 690 57 85 0.045736488 
76 645 124 199 0.044774868 
310 1126 28 38 0.042817462 
273 266 592 516 0.038284786 
81 1220 29 49 0.034954336 
559 785 373 461 0.034871917 
392 790 50 62 0.030877894 
85 1231 46 64 0.030399624 
247 1331 475 472 0.030212093 
251 779 24 40 0.02952965 
346 761 37 43 0.02871047 
81 1080 44 41 0.026570456 
395 698 17 24 0.025201464 
797 1639 20 28 0.02343799 
882 1769 32 44 0.022298029 
700 893 12 16 0.021870377 
841 594 35 39 0.021410896 
327 1795 31 28 0.02076496 
391 955 32 30 0.020571405 
91 1090 17 22 0.020503018 
376 799 48 70 0.020499496 
162 804 410 472 0.020317499 
-35 559 372 527 0.02025285 
