28_Sports_Fan_Sports_Fan_28_557
27
405 185 92 115 0.99965537 
130 9 36 38 0.1971588 
643 74 377 540 0.05067221 
778 201 221 303 0.047159813 
271 49 97 130 0.04559273 
333 -3 66 78 0.043025903 
481 0 51 48 0.042937268 
168 -2 30 31 0.04261724 
49 108 42 50 0.039220233 
174 2 16 19 0.03899685 
0 -5 32 51 0.03383367 
483 0 33 29 0.03361923 
214 42 13 17 0.033218537 
159 4 31 35 0.030228004 
233 56 29 32 0.025919491 
462 19 27 31 0.025227312 
156 12 12 16 0.02496594 
660 558 24 28 0.02482241 
44 132 24 33 0.024286376 
501 136 51 72 0.022692226 
229 36 52 59 0.021854792 
107 2 17 19 0.021782413 
160 6 50 53 0.020759104 
497 23 57 66 0.020607227 
47 120 25 32 0.020600377 
165 11 17 20 0.020415932 
46 8 65 66 0.02004642 
