28_Sports_Fan_Sports_Fan_28_126
192
311 249 75 90 0.9983796 
458 203 85 101 0.9974118 
420 385 60 67 0.99099004 
404 296 25 33 0.9739379 
70 310 13 17 0.95861655 
126 284 10 13 0.83755195 
102 278 8 11 0.5549947 
41 287 9 11 0.46706238 
174 286 8 10 0.2609511 
125 289 13 17 0.2042686 
781 342 8 11 0.17573242 
854 254 9 11 0.12363089 
841 296 8 9 0.111438274 
855 319 8 11 0.10304998 
889 336 7 11 0.102907814 
953 342 7 10 0.099120624 
657 291 10 13 0.08186005 
775 302 7 9 0.08014462 
0 270 8 13 0.076396525 
47 342 10 14 0.075637214 
487 157 10 11 0.07035347 
823 350 8 10 0.07016651 
840 349 10 11 0.068467416 
1005 304 7 9 0.06830128 
824 296 7 9 0.0668475 
822 313 8 10 0.06584447 
55 346 10 13 0.064025246 
861 351 7 10 0.06371308 
830 342 7 11 0.06287516 
91 300 13 16 0.06254385 
845 351 9 11 0.062079046 
39 330 11 15 0.061586335 
65 279 7 9 0.060192954 
937 303 7 9 0.059960764 
817 315 9 12 0.059055828 
864 336 8 11 0.056966435 
521 159 9 12 0.056871712 
919 303 8 9 0.05674742 
1001 309 9 11 0.056739796 
800 312 10 11 0.05658547 
169 301 10 11 0.05371399 
845 344 8 10 0.053305622 
44 290 9 13 0.05330238 
817 303 7 8 0.052914165 
846 297 6 8 0.052352034 
601 292 42 55 0.051614467 
776 322 10 13 0.051115684 
806 295 7 8 0.050788827 
127 352 8 11 0.050756734 
993 334 7 10 0.050676435 
13 329 11 15 0.05062851 
518 465 34 39 0.05008092 
911 312 8 10 0.04777499 
910 317 8 10 0.04729729 
832 288 8 10 0.047212843 
109 278 8 11 0.04698056 
93 305 14 16 0.045462314 
402 163 10 13 0.045422707 
65 272 7 9 0.04441093 
977 341 8 10 0.044088975 
60 346 12 13 0.043948095 
133 340 9 12 0.043708056 
997 334 9 10 0.043266267 
148 300 10 13 0.043255713 
145 294 9 11 0.04324456 
173 292 10 13 0.04317911 
840 356 10 11 0.042556547 
825 344 8 10 0.042161632 
199 150 11 14 0.042004604 
814 279 9 12 0.041365713 
63 283 9 11 0.040765222 
775 337 9 11 0.04066082 
870 337 8 10 0.040548746 
864 303 7 9 0.040512964 
65 309 13 16 0.03932164 
73 349 9 12 0.039073672 
791 351 7 9 0.03854198 
238 150 11 14 0.03848129 
841 301 8 9 0.03780933 
144 287 8 11 0.03741961 
801 304 9 9 0.037217073 
821 357 9 12 0.03718454 
906 317 8 11 0.036838654 
4 346 12 19 0.03654415 
0 302 8 12 0.036369763 
840 344 9 11 0.036186732 
857 335 8 10 0.035384547 
150 309 11 13 0.035245456 
62 302 11 14 0.034592815 
870 302 7 10 0.034060333 
942 320 8 10 0.034038693 
1013 328 9 12 0.03371059 
965 295 8 9 0.033574652 
881 329 7 9 0.033191275 
834 325 8 10 0.033138964 
962 296 7 10 0.032997858 
839 312 8 10 0.03273032 
8 324 12 17 0.03267431 
870 287 8 10 0.032634877 
952 304 6 8 0.0323014 
858 343 9 11 0.032105494 
98 283 11 13 0.03189314 
851 318 8 11 0.031765234 
800 360 9 11 0.03172857 
152 315 10 12 0.031721063 
122 280 10 13 0.031711668 
776 346 10 13 0.031159012 
125 356 9 13 0.031013109 
42 331 13 16 0.030908043 
879 342 8 10 0.030580724 
880 334 8 10 0.03048954 
5 301 9 13 0.030152349 
77 356 10 13 0.030050095 
166 359 8 10 0.030039852 
845 357 10 11 0.029687125 
805 350 8 9 0.029682335 
937 320 8 10 0.02959028 
982 296 8 9 0.0294496 
69 278 8 9 0.029271102 
792 318 9 10 0.029246217 
23 318 11 14 0.02913067 
894 340 8 11 0.029093614 
978 296 8 10 0.028442396 
865 288 8 10 0.028404366 
881 295 7 10 0.028130837 
871 296 8 9 0.028118858 
98 313 13 16 0.028066367 
831 336 8 11 0.027747704 
392 605 34 39 0.02762858 
817 298 7 9 0.027606137 
22 323 10 14 0.027402377 
792 357 8 10 0.027393188 
118 310 9 13 0.027188748 
838 319 7 9 0.027172543 
807 344 8 10 0.026960718 
131 297 12 15 0.0268583 
783 312 7 9 0.026795717 
40 282 8 10 0.026779108 
906 313 7 10 0.02676593 
79 269 8 10 0.02657983 
240 146 9 10 0.026371064 
781 319 9 12 0.02633367 
815 344 8 9 0.026261616 
97 273 9 12 0.026211096 
101 299 11 15 0.026157964 
943 304 7 8 0.026126944 
774 296 9 10 0.026108328 
934 343 8 11 0.026035262 
101 292 10 14 0.026029794 
94 294 11 14 0.025788955 
68 341 10 15 0.025569597 
190 439 12 17 0.025441598 
929 342 8 10 0.025272865 
727 -14 207 227 0.02522647 
0 294 8 12 0.025142413 
87 307 10 13 0.025046088 
110 237 9 10 0.024976214 
0 361 11 22 0.024619248 
961 312 7 9 0.024554592 
847 336 9 9 0.024455737 
152 339 10 12 0.02425098 
897 324 8 11 0.02423203 
13 319 10 12 0.02419421 
769 319 9 13 0.024124647 
368 580 106 117 0.02404971 
856 296 7 8 0.024040204 
968 342 7 9 0.024031376 
782 347 9 11 0.023619855 
181 294 9 13 0.023615165 
968 336 8 11 0.023593731 
832 294 7 9 0.023568423 
957 343 7 10 0.023080967 
532 165 17 21 0.023044214 
920 296 8 10 0.022784065 
490 156 14 15 0.022507114 
769 350 8 11 0.02207987 
990 295 7 9 0.021928508 
57 308 10 14 0.021805152 
0 282 8 14 0.021776682 
904 335 7 10 0.021727094 
79 363 9 13 0.021659678 
54 260 9 11 0.021523932 
854 200 9 10 0.02134743 
832 319 8 10 0.021241838 
387 306 30 35 0.021042297 
194 443 14 19 0.020773672 
977 264 8 9 0.020760577 
508 161 14 17 0.020753345 
571 113 15 20 0.020559452 
172 307 9 12 0.020523848 
859 302 6 9 0.020155843 
802 294 8 10 0.020084364 
