28_Sports_Fan_Sports_Fan_28_7
1551
471 644 112 151 0.9999186 
873 1126 103 151 0.9998765 
945 851 68 92 0.99594134 
653 580 22 36 0.9957302 
146 671 54 61 0.9953128 
586 631 38 45 0.99373853 
979 664 33 42 0.9910019 
197 559 33 36 0.9903424 
840 539 24 28 0.983497 
6 566 37 43 0.9755422 
537 597 40 43 0.97268075 
876 131 13 17 0.9695268 
295 432 25 30 0.9668959 
871 220 16 20 0.96686333 
587 92 13 15 0.9646908 
631 52 13 16 0.9644658 
168 525 25 34 0.96199244 
923 234 15 17 0.9608846 
972 296 14 19 0.95895296 
187 407 31 34 0.95839214 
87 564 37 49 0.95535964 
73 856 81 110 0.9538077 
9 73 14 20 0.952184 
207 661 39 47 0.95194316 
258 341 26 33 0.9488902 
809 810 39 45 0.9473468 
940 169 13 16 0.94541365 
806 415 21 23 0.9371652 
958 200 15 18 0.932173 
865 351 16 20 0.9249418 
140 212 12 14 0.92288727 
245 30 13 16 0.91912544 
804 138 13 16 0.9177196 
819 119 13 15 0.9143095 
553 28 12 15 0.9142991 
61 785 43 47 0.91376597 
923 313 14 16 0.9055086 
351 101 12 14 0.9050383 
200 131 13 16 0.9043211 
782 117 14 17 0.8978316 
705 109 16 19 0.8873884 
882 402 14 19 0.88193876 
940 275 18 22 0.8801767 
684 63 13 15 0.87424433 
221 223 13 17 0.87423426 
749 111 12 15 0.8638594 
774 7 9 12 0.8632444 
356 45 12 16 0.859421 
270 226 16 19 0.8592601 
660 40 13 16 0.8573378 
142 262 16 19 0.8558091 
843 458 15 18 0.854587 
303 107 14 17 0.85379815 
519 37 12 16 0.8513948 
111 39 14 19 0.84966236 
25 294 19 22 0.8480736 
5 194 15 20 0.8440579 
894 173 12 17 0.83672845 
854 236 13 15 0.8226967 
75 236 16 19 0.8047615 
819 541 18 20 0.8026809 
309 633 53 72 0.8024136 
923 168 13 16 0.7981163 
884 69 10 13 0.7862251 
986 275 13 17 0.7859391 
190 307 25 28 0.78317195 
113 358 25 30 0.7746792 
983 51 10 13 0.76419693 
605 49 12 16 0.76253974 
82 281 18 21 0.7594011 
170 92 12 16 0.7544859 
212 298 21 28 0.7512261 
203 236 14 19 0.7480721 
88 16 13 17 0.73625445 
918 188 13 17 0.7355213 
143 869 56 81 0.73277295 
847 47 10 13 0.7321998 
621 82 11 13 0.72551084 
916 384 15 19 0.7251529 
246 404 26 33 0.7249108 
88 200 16 21 0.72466934 
289 274 16 23 0.71734756 
913 69 11 12 0.7128164 
180 34 13 16 0.71013224 
484 66 11 15 0.70904654 
125 11 12 15 0.70676655 
508 58 13 15 0.7056111 
834 324 15 18 0.68762624 
55 266 16 19 0.6866321 
789 24 10 12 0.6807021 
335 -1 13 12 0.67664254 
996 199 13 14 0.67298406 
139 76 17 19 0.6719495 
931 114 12 15 0.667427 
615 122 14 17 0.666054 
939 127 15 18 0.65490913 
199 301 22 28 0.64810586 
778 381 14 18 0.63607943 
841 145 11 14 0.6352399 
456 4 10 13 0.62972283 
901 141 12 15 0.6286686 
884 151 13 16 0.6272132 
955 107 11 15 0.6244025 
561 6 10 11 0.62095547 
73 46 11 16 0.6205051 
388 79 13 18 0.620414 
202 98 14 17 0.61883354 
710 541 26 33 0.61688596 
46 222 20 25 0.6140259 
448 65 11 14 0.60841095 
20 19 12 15 0.6077577 
645 111 14 18 0.60208803 
886 299 15 18 0.6001111 
130 126 16 19 0.59793663 
318 51 13 16 0.5954823 
262 98 15 19 0.5944636 
284 37 12 14 0.5870415 
860 71 9 13 0.58533674 
47 5 13 15 0.5842377 
254 154 17 21 0.5826705 
124 229 14 17 0.57049495 
182 64 13 17 0.5702197 
105 376 25 30 0.5673557 
836 8 9 12 0.5661312 
778 278 13 16 0.56517076 
737 91 12 15 0.5634265 
893 487 13 19 0.5604868 
374 45 12 15 0.5504271 
901 87 10 13 0.5448892 
335 26 14 17 0.5416857 
786 422 16 20 0.53901565 
163 218 12 14 0.53760046 
950 71 10 11 0.5373808 
176 244 13 17 0.53233737 
360 126 11 14 0.52974284 
700 87 12 15 0.5284106 
915 150 11 14 0.52150446 
828 46 9 11 0.5213239 
798 262 14 17 0.5182422 
574 49 11 14 0.51417184 
30 381 26 35 0.51263684 
1007 339 14 19 0.5121987 
861 172 12 13 0.5111262 
430 63 14 17 0.49874857 
441 14 10 13 0.49688435 
959 233 15 18 0.4968059 
143 18 13 15 0.49453375 
836 119 11 14 0.49417365 
403 56 12 16 0.49132037 
888 241 13 16 0.48961097 
935 346 15 18 0.47796234 
836 510 13 17 0.47737285 
1006 370 16 19 0.46962497 
204 199 13 19 0.46840784 
209 360 26 28 0.4678075 
591 10 11 14 0.46655554 
930 76 10 12 0.46590173 
71 20 11 15 0.46542385 
966 125 12 15 0.45897892 
604 509 22 25 0.45263052 
547 119 14 18 0.45172128 
820 185 14 18 0.4457396 
443 546 14 17 0.44406244 
465 38 11 13 0.4417251 
86 85 12 16 0.43731546 
917 546 14 22 0.43667927 
50 172 15 19 0.42331603 
906 31 8 10 0.42077637 
208 75 11 14 0.4205297 
37 127 15 19 0.41674316 
997 580 26 39 0.41006944 
855 189 9 12 0.40244433 
628 106 14 18 0.3998226 
476 9 12 15 0.3985568 
981 79 10 14 0.39490193 
832 231 13 15 0.3925455 
321 44 14 17 0.38753858 
212 93 14 18 0.38566488 
873 92 12 14 0.37688965 
916 283 17 19 0.37490433 
740 85 12 15 0.3642075 
814 188 14 18 0.36258304 
761 83 12 15 0.35762718 
605 5 10 12 0.35682005 
67 164 15 19 0.35572422 
321 616 97 125 0.35290888 
492 582 29 37 0.35165736 
978 38 9 11 0.33970442 
979 523 19 31 0.33907872 
1011 301 11 15 0.33829597 
972 126 12 15 0.33728892 
636 23 9 11 0.3352061 
918 44 8 11 0.3239023 
374 5 14 15 0.3213999 
686 4 9 11 0.31445137 
492 38 11 14 0.31265646 
817 16 10 12 0.30195576 
429 25 12 15 0.30173287 
23 273 13 18 0.30003223 
467 44 11 14 0.2961956 
60 503 27 35 0.2914678 
605 30 9 12 0.2907029 
1005 234 15 21 0.28895852 
801 61 11 14 0.28809682 
824 64 9 13 0.28764918 
709 49 12 15 0.28705466 
347 139 13 15 0.28272584 
551 550 24 30 0.2791066 
671 89 16 19 0.277675 
757 16 9 12 0.27669474 
921 649 32 40 0.27385288 
619 114 15 19 0.27249232 
292 207 14 18 0.2708421 
413 19 10 13 0.26873216 
103 137 13 17 0.26790294 
101 70 16 19 0.26478 
-1 137 10 20 0.26385862 
1004 434 15 19 0.26363006 
638 5 9 10 0.26132244 
299 338 33 41 0.2598062 
59 564 18 23 0.25966892 
740 59 12 14 0.25789836 
1012 442 11 16 0.2560826 
467 52 10 14 0.2508904 
953 61 9 12 0.24916786 
766 104 9 12 0.24521412 
547 53 12 15 0.24466917 
838 282 14 20 0.24452813 
544 2 10 13 0.24447487 
744 77 13 15 0.24379817 
944 2 8 10 0.24103348 
614 42 12 15 0.23406355 
927 691 43 50 0.23130015 
989 124 12 15 0.2307519 
1009 514 12 16 0.22978078 
0 859 39 72 0.22915192 
877 9 10 11 0.22833094 
400 40 9 11 0.22601926 
292 55 14 17 0.22579083 
206 230 13 17 0.22512382 
800 133 13 16 0.22432728 
855 276 15 20 0.22415066 
885 268 14 17 0.22404614 
281 98 11 14 0.22305772 
756 37 11 13 0.22165628 
846 65 9 12 0.22063239 
207 0 10 10 0.22049305 
286 187 16 18 0.21955739 
445 17 10 14 0.21808417 
520 11 10 13 0.21641347 
265 93 12 15 0.21597327 
452 46 9 12 0.21479337 
820 20 9 13 0.20999469 
179 6 11 13 0.20903456 
853 122 12 15 0.2042238 
962 124 10 14 0.20315415 
453 113 14 19 0.20301577 
213 265 17 20 0.20177938 
966 22 10 13 0.20099762 
990 177 12 15 0.20017835 
768 44 11 13 0.19999382 
829 507 14 18 0.19831301 
821 506 13 17 0.1969134 
905 16 7 10 0.19490969 
719 87 11 15 0.19385588 
904 55 8 11 0.19322965 
716 556 17 21 0.19232474 
139 330 14 19 0.19200441 
220 92 15 18 0.19074626 
846 163 9 13 0.1907023 
157 119 17 19 0.1902564 
447 53 12 13 0.18746041 
588 36 10 13 0.18703221 
518 538 28 37 0.18646358 
792 93 11 13 0.18547575 
133 44 11 15 0.18462534 
926 526 11 16 0.18443984 
910 1 8 8 0.18307188 
637 28 11 13 0.18206659 
396 564 17 20 0.17972542 
271 84 12 15 0.17890802 
733 31 9 13 0.17717718 
799 66 12 15 0.17690703 
278 406 32 39 0.17653595 
269 47 12 15 0.17498894 
911 131 12 16 0.174099 
517 92 10 12 0.17372912 
951 56 9 11 0.17371394 
181 388 33 38 0.17350753 
17 181 17 21 0.17225182 
983 142 13 15 0.17188174 
649 108 15 17 0.17172582 
39 378 37 50 0.17106761 
501 1 10 11 0.16796015 
228 326 24 30 0.16602923 
901 425 16 19 0.16576642 
117 377 26 30 0.16473861 
910 88 10 12 0.16470054 
410 114 11 16 0.16450356 
683 134 14 18 0.1626998 
498 586 51 54 0.16252935 
985 229 14 18 0.16210307 
1003 495 15 20 0.1618506 
391 517 13 17 0.16166493 
329 97 14 18 0.16160673 
56 35 14 17 0.161354 
977 81 11 15 0.16120572 
877 626 11 16 0.159163 
480 56 9 12 0.15876713 
422 0 9 8 0.15576383 
862 124 10 14 0.15564528 
729 35 10 13 0.15540859 
276 79 10 14 0.15471606 
263 228 14 17 0.1546225 
383 32 11 13 0.15433322 
794 157 14 16 0.15368524 
126 313 15 18 0.15213616 
693 67 12 15 0.15195109 
258 402 26 36 0.15141597 
968 676 48 50 0.15139917 
388 70 11 14 0.1513574 
321 71 11 14 0.15081716 
920 215 12 15 0.14908499 
224 10 12 16 0.14867637 
866 47 8 10 0.14839981 
856 163 10 14 0.14804277 
245 114 10 14 0.14766942 
40 117 18 21 0.14758691 
92 67 14 19 0.14615123 
438 44 10 12 0.1459563 
338 30 16 19 0.14591546 
904 385 12 16 0.1455873 
836 253 10 13 0.14551683 
583 6 10 11 0.14546125 
296 140 14 19 0.14467508 
996 163 11 15 0.14326188 
440 90 11 13 0.14312942 
987 211 15 19 0.14282621 
909 54 9 10 0.14269353 
816 250 11 15 0.14225163 
684 31 11 13 0.14153752 
617 13 9 12 0.14153276 
336 62 10 13 0.1414563 
185 216 15 19 0.14143045 
175 268 12 17 0.14138387 
4 199 20 29 0.1410531 
178 381 26 31 0.1407521 
648 100 14 18 0.13858756 
925 371 15 17 0.13753098 
988 514 12 16 0.1369551 
970 282 16 20 0.13669696 
392 5 10 12 0.13643491 
743 69 12 14 0.13602573 
582 29 11 13 0.1359119 
134 38 11 13 0.13549787 
214 225 13 17 0.1344202 
469 20 11 13 0.13376723 
127 271 15 21 0.13230816 
494 93 13 15 0.1309572 
848 426 11 13 0.12842694 
77 337 15 22 0.12807357 
902 60 9 11 0.12714566 
976 31 8 11 0.12676913 
27 1112 113 118 0.1263477 
618 39 11 14 0.12634456 
815 228 11 14 0.12591988 
481 61 12 16 0.12533139 
977 292 14 18 0.12510015 
477 119 14 18 0.12476996 
798 126 10 13 0.12469118 
847 25 7 9 0.12447495 
957 466 16 20 0.12366398 
468 29 11 13 0.12228224 
752 55 9 12 0.12213058 
862 257 14 18 0.12074623 
1014 56 7 11 0.11777515 
87 186 16 18 0.11764077 
663 124 12 16 0.11615037 
404 45 10 12 0.1158154 
868 272 15 18 0.11519051 
853 424 11 14 0.1141257 
1013 29 9 13 0.11409429 
681 4 10 12 0.11403323 
284 367 25 30 0.11334847 
353 49 10 15 0.11292146 
727 738 36 53 0.11277415 
887 39 9 12 0.11247492 
887 45 10 12 0.11228117 
522 101 15 18 0.112094805 
0 230 11 15 0.11180103 
151 231 14 17 0.11164365 
588 70 11 13 0.111378774 
367 98 13 16 0.11096402 
180 248 14 18 0.11062611 
52 612 32 50 0.110613324 
759 52 10 13 0.110316195 
841 64 9 11 0.10982202 
724 12 12 15 0.10935028 
267 121 13 17 0.10880524 
96 242 14 19 0.10712308 
701 70 11 13 0.10694114 
134 265 17 23 0.10667371 
888 1 8 7 0.10664047 
830 69 10 12 0.10615765 
599 7 9 13 0.1061025 
841 29 9 11 0.10606248 
655 21 10 13 0.10546833 
950 149 12 15 0.105104595 
989 591 26 33 0.105004154 
602 45 11 15 0.10468415 
910 16 8 10 0.10426103 
864 1 8 8 0.104216255 
965 16 9 11 0.10414528 
237 11 12 14 0.10390278 
272 396 27 34 0.10381612 
711 72 10 12 0.10369215 
303 6 13 15 0.10342597 
671 539 13 17 0.10247137 
949 31 8 12 0.10237817 
1006 1 8 9 0.10229608 
11 187 14 20 0.10160464 
909 117 13 14 0.10159951 
847 99 12 15 0.10109708 
446 6 10 12 0.10099221 
220 182 13 15 0.10056014 
984 22 9 11 0.100400925 
741 141 14 17 0.09992272 
91 276 15 22 0.09928071 
545 59 11 14 0.099075794 
99 0 12 11 0.098478615 
284 94 12 15 0.098447636 
445 39 12 14 0.09790761 
950 36 9 12 0.097905494 
839 68 11 12 0.09734744 
976 43 10 13 0.09699054 
114 289 16 19 0.096909486 
753 18 10 13 0.09574575 
319 155 15 17 0.095356256 
283 407 42 58 0.095026724 
425 27 10 13 0.09476432 
577 23 10 12 0.09428918 
147 328 14 21 0.09391088 
75 1150 103 87 0.09365756 
325 90 15 19 0.0935893 
217 355 18 22 0.09339818 
991 204 14 16 0.09327156 
371 94 14 16 0.092691585 
883 194 14 18 0.09257699 
873 586 13 18 0.09255564 
26 20 14 17 0.09192579 
877 86 10 13 0.091669016 
748 59 11 13 0.09091723 
664 6 9 11 0.09088896 
29 124 14 18 0.09080148 
4 122 17 21 0.09076572 
201 0 9 9 0.0902866 
906 140 13 16 0.09017564 
963 450 16 19 0.0900146 
22 3 13 14 0.08945422 
995 172 13 16 0.08944767 
544 605 48 57 0.08936617 
139 315 13 18 0.08907919 
913 593 22 32 0.0883778 
948 86 11 14 0.087773256 
183 72 14 18 0.08733069 
873 8 8 11 0.08711579 
830 51 10 13 0.08566424 
82 207 22 27 0.08545363 
821 193 14 18 0.085291736 
115 404 25 32 0.08496112 
331 82 13 19 0.08477742 
938 619 18 23 0.0846848 
309 331 44 56 0.08441979 
1000 388 22 31 0.08331406 
407 514 14 17 0.083261125 
101 259 13 18 0.08303165 
205 61 14 16 0.08296376 
930 14 8 10 0.08289879 
324 39 12 15 0.082212076 
248 337 45 50 0.08209082 
300 324 26 37 0.08187818 
665 36 13 15 0.08177291 
700 597 15 19 0.08173062 
210 84 15 17 0.08172625 
501 35 12 15 0.081690304 
953 476 13 15 0.081434496 
41 326 18 21 0.0814069 
299 210 11 15 0.08115359 
752 42 11 15 0.080979094 
843 275 19 25 0.08097538 
794 416 20 26 0.080781765 
956 453 16 19 0.07977481 
937 45 10 11 0.07958696 
291 566 22 28 0.079449184 
957 63 9 11 0.07925888 
85 75 15 19 0.0792422 
945 72 9 11 0.07913506 
427 107 24 28 0.07901536 
168 35 13 17 0.07884988 
84 734 16 22 0.07879232 
59 164 17 22 0.07866844 
976 162 11 14 0.0786067 
615 8 9 12 0.0786035 
942 652 28 41 0.078086674 
119 153 15 18 0.07799074 
933 403 12 16 0.07765149 
226 90 13 18 0.07693262 
661 32 12 13 0.07676196 
441 9 9 10 0.076755 
908 390 23 29 0.076678164 
534 543 33 37 0.076533996 
291 360 40 50 0.07633979 
308 33 13 16 0.07599882 
657 27 11 13 0.07598967 
186 252 13 17 0.075857565 
213 290 18 23 0.075829536 
575 515 13 16 0.07569154 
543 66 12 15 0.07555754 
424 53 8 11 0.0754597 
845 29 9 10 0.07540196 
91 22 14 18 0.07505344 
85 52 15 17 0.07503948 
484 57 10 13 0.074951574 
968 277 14 16 0.07477301 
361 14 10 12 0.07476368 
548 47 12 14 0.074709356 
228 6 12 15 0.0743835 
825 41 10 13 0.074091434 
279 274 17 20 0.07393529 
870 24 10 12 0.07390301 
20 277 20 24 0.07378108 
176 68 12 15 0.07364186 
130 50 11 15 0.07326447 
814 164 13 15 0.07319171 
702 77 10 12 0.0731153 
999 118 11 13 0.07296109 
86 58 16 20 0.0728803 
570 51 10 13 0.07287279 
510 5 10 12 0.07285729 
100 59 14 19 0.072658695 
548 0 10 11 0.07262204 
959 38 10 12 0.07258127 
872 127 12 15 0.072241195 
912 37 9 12 0.072149605 
582 75 13 15 0.072148204 
974 190 11 15 0.07194019 
99 275 14 20 0.07190485 
92 263 16 22 0.07125843 
578 4 9 12 0.07119343 
595 92 12 15 0.070765324 
831 91 14 16 0.0706783 
0 327 22 30 0.07051931 
876 268 17 19 0.07044219 
896 54 8 11 0.070337735 
702 13 10 13 0.06992017 
91 257 14 19 0.069434226 
61 29 13 16 0.0693007 
669 512 14 17 0.069159776 
96 383 24 32 0.06912221 
409 16 10 12 0.06906498 
284 172 16 19 0.06902293 
157 227 13 18 0.06892817 
861 142 9 13 0.06862151 
143 310 12 16 0.068568096 
197 293 15 19 0.06844295 
80 202 15 18 0.06833453 
38 152 15 18 0.06831998 
638 34 11 14 0.06823698 
934 24 9 11 0.068184 
930 409 13 16 0.06786749 
701 20 10 13 0.06768813 
129 385 16 20 0.06744244 
828 572 13 17 0.067345075 
913 46 9 11 0.06733797 
756 44 13 15 0.06732934 
389 37 11 14 0.06661067 
893 45 9 12 0.06551994 
622 21 8 11 0.06542993 
285 52 15 18 0.06533052 
42 839 83 107 0.065312944 
921 219 15 18 0.06517268 
323 76 13 16 0.06504828 
895 15 8 10 0.06496781 
527 67 9 13 0.06469534 
312 53 12 15 0.064677514 
929 29 9 12 0.06466745 
260 106 21 26 0.06452103 
912 64 9 12 0.06447934 
904 100 10 12 0.06408596 
881 75 9 12 0.06396464 
366 13 12 13 0.06372703 
627 84 13 15 0.06330205 
895 427 14 18 0.06275262 
24 121 12 18 0.0627136 
833 259 9 13 0.06267549 
942 89 11 14 0.06251662 
876 98 10 13 0.062446903 
672 631 25 36 0.062308274 
966 59 10 13 0.06205796 
563 94 12 15 0.061900344 
1012 323 12 17 0.06179897 
999 16 8 10 0.061574016 
44 160 21 25 0.061522238 
796 27 9 12 0.06145756 
19 705 17 21 0.06127243 
548 75 14 18 0.061176103 
603 76 12 14 0.06099024 
192 0 10 9 0.060752362 
890 292 14 19 0.060721505 
241 108 12 16 0.060555074 
996 123 12 14 0.060516782 
59 370 40 49 0.06035354 
248 156 14 16 0.06031982 
604 94 12 14 0.06026126 
1002 0 8 8 0.060165428 
1002 502 19 27 0.059892386 
727 509 24 31 0.059840653 
713 519 11 13 0.059803423 
163 223 15 19 0.059434883 
109 568 35 42 0.05927816 
805 299 14 17 0.05927204 
988 48 9 12 0.059252255 
22 61 14 19 0.05905463 
956 303 14 18 0.05882964 
905 21 8 10 0.05881701 
377 49 14 16 0.05873311 
665 13 10 12 0.058358412 
0 203 13 21 0.058312442 
774 102 11 14 0.05823945 
299 53 11 15 0.058057364 
919 651 15 22 0.05797332 
703 45 11 15 0.05777392 
277 59 12 16 0.0576627 
885 64 10 13 0.057613444 
280 178 13 15 0.05753565 
147 308 12 14 0.057408135 
302 234 13 16 0.05723453 
1012 397 13 21 0.057036843 
237 5 11 13 0.056995567 
671 0 9 7 0.056904513 
616 63 10 12 0.05677942 
48 397 35 43 0.05653838 
229 250 13 18 0.05652242 
670 54 10 13 0.056443326 
892 396 14 19 0.05632717 
500 98 12 15 0.05631861 
590 31 9 13 0.05627518 
804 182 16 18 0.056171566 
779 6 10 13 0.05601529 
170 658 50 60 0.05577566 
660 48 14 16 0.05561094 
22 144 15 19 0.055427346 
585 12 10 12 0.055403564 
524 10 11 15 0.055291843 
820 156 11 14 0.055186503 
958 68 8 11 0.055166956 
829 63 9 12 0.05504691 
765 22 11 13 0.05498598 
282 364 18 21 0.054910388 
453 75 10 13 0.054816797 
783 62 11 15 0.054418463 
901 454 21 24 0.054241795 
956 115 13 15 0.054163784 
41 10 13 16 0.05410657 
870 203 13 16 0.053887688 
798 43 10 14 0.053845335 
121 349 17 25 0.053717606 
735 565 13 17 0.053689256 
982 123 13 16 0.05342209 
779 698 15 18 0.053265158 
76 18 12 16 0.05324331 
-1 82 9 16 0.053218536 
59 41 14 17 0.053194202 
649 14 10 12 0.05318714 
333 596 58 71 0.05314381 
935 7 9 10 0.053058058 
288 11 11 15 0.05302666 
764 770 30 43 0.052822836 
981 30 9 11 0.05279211 
648 522 19 19 0.05258762 
134 322 15 20 0.052404862 
576 77 10 14 0.052354224 
752 31 10 13 0.05219046 
919 21 7 10 0.052146956 
791 69 11 14 0.052136414 
930 622 30 40 0.052080393 
718 18 13 15 0.05185912 
981 279 16 20 0.051789746 
136 549 25 40 0.0516918 
670 78 12 14 0.051638804 
975 210 12 16 0.051501043 
885 161 14 16 0.051454816 
322 148 14 17 0.051401444 
597 85 11 15 0.05132266 
281 346 40 50 0.051221132 
1010 227 13 22 0.05116248 
5 537 51 63 0.05110227 
0 76 12 17 0.051001575 
760 101 11 14 0.050976798 
45 204 14 16 0.05092078 
550 14 9 12 0.050787456 
220 190 14 20 0.05066891 
806 56 10 13 0.050567698 
18 355 15 20 0.0505643 
881 40 8 10 0.050378174 
21 1023 27 44 0.050344948 
976 15 9 11 0.050323088 
60 252 16 19 0.05020584 
868 501 21 24 0.050142955 
155 53 12 15 0.04993404 
921 377 17 20 0.049906936 
962 28 10 12 0.04982679 
221 113 13 15 0.049745623 
697 43 11 15 0.04954055 
977 72 9 11 0.04933562 
26 703 22 29 0.049280327 
747 132 13 16 0.049114097 
876 616 21 29 0.049028296 
238 316 27 32 0.048977483 
28 256 17 20 0.048862185 
922 536 16 24 0.04884176 
512 43 11 14 0.048820645 
124 554 29 39 0.048725326 
281 386 41 53 0.04866988 
294 7 11 13 0.04866763 
910 4 9 10 0.04858447 
849 188 11 14 0.04853047 
617 109 13 16 0.04852127 
670 103 16 19 0.048476245 
993 209 16 20 0.048475765 
954 528 17 19 0.04839432 
764 51 12 14 0.04837645 
983 56 11 14 0.04833728 
635 84 13 16 0.048263814 
375 38 13 17 0.04816892 
656 -1 9 8 0.04815733 
764 72 10 12 0.04814494 
119 20 11 14 0.048140384 
787 645 22 30 0.048123166 
597 21 10 13 0.04811885 
726 0 9 10 0.04811726 
825 182 13 17 0.048057307 
854 131 11 15 0.04792837 
159 13 12 14 0.047888104 
855 675 41 52 0.04787279 
848 117 11 15 0.047870282 
253 286 12 14 0.047826406 
364 43 12 17 0.04773302 
995 555 17 21 0.047655966 
181 0 10 11 0.04763306 
77 225 22 27 0.047454618 
941 103 11 13 0.04744897 
943 16 9 11 0.04744345 
799 56 10 12 0.047407016 
891 623 25 30 0.04737395 
889 100 10 13 0.047281206 
718 6 12 13 0.04724381 
204 371 30 38 0.0471213 
329 324 30 37 0.04705308 
467 125 28 33 0.04690045 
981 190 11 15 0.046773918 
84 326 23 33 0.04669178 
578 509 18 21 0.04664092 
918 16 9 10 0.046572972 
1007 346 20 29 0.04654028 
847 107 12 15 0.046460547 
637 108 12 16 0.04644728 
835 810 27 45 0.0462786 
889 154 12 15 0.046277374 
386 568 29 36 0.046242043 
368 6 14 15 0.0462109 
714 75 13 16 0.046163663 
917 370 16 20 0.04615611 
856 0 9 9 0.046107408 
553 115 14 18 0.046074856 
16 3 12 13 0.04607226 
675 76 15 17 0.046013113 
535 116 12 16 0.04593957 
839 452 14 19 0.045932442 
663 0 9 9 0.045829646 
766 29 12 13 0.04573784 
895 79 9 12 0.04572966 
710 84 12 16 0.045676887 
464 58 11 14 0.045624293 
4 278 16 23 0.045556046 
865 6 8 10 0.045368254 
968 54 10 13 0.045317646 
1014 92 11 15 0.045176968 
436 28 10 13 0.04514046 
893 101 10 13 0.045125403 
132 12 11 14 0.044930376 
888 14 8 11 0.044809755 
874 403 14 17 0.044796254 
199 316 19 23 0.04456444 
984 218 13 19 0.044540297 
379 1 13 12 0.044508945 
920 194 15 17 0.044222403 
532 21 11 14 0.04420155 
195 189 17 21 0.044134088 
887 52 10 12 0.044045143 
221 338 24 33 0.044030495 
782 102 10 13 0.043954264 
780 13 10 13 0.04395084 
167 42 11 13 0.0439079 
1007 157 12 13 0.04376023 
974 418 11 17 0.04375504 
887 7 8 11 0.04373565 
280 43 12 15 0.04365909 
719 0 10 9 0.043621544 
1002 202 12 16 0.043616947 
885 516 13 16 0.043597776 
230 170 13 16 0.043587755 
288 163 13 16 0.043531775 
395 82 11 16 0.04341948 
966 188 13 16 0.04330715 
770 38 12 15 0.043289833 
684 75 13 15 0.043267258 
236 249 13 20 0.043237638 
916 126 11 16 0.043237418 
564 628 36 45 0.04316934 
821 113 12 14 0.043128524 
251 308 18 23 0.043027643 
480 106 16 18 0.043018434 
116 307 13 18 0.042933457 
887 643 12 17 0.042884674 
987 258 15 17 0.042768177 
967 46 9 10 0.042673595 
944 36 9 13 0.042608418 
600 38 10 12 0.042499244 
10 273 19 26 0.04248435 
870 629 44 50 0.042447012 
204 291 22 29 0.04240269 
438 51 12 13 0.042359684 
447 73 12 15 0.042350907 
1005 213 13 18 0.042268775 
973 22 9 12 0.042255584 
452 39 11 13 0.04223894 
833 123 11 14 0.042187877 
296 375 19 23 0.04205711 
937 117 14 16 0.042017147 
863 52 10 11 0.041934833 
934 104 11 14 0.041898813 
996 375 25 32 0.04166773 
712 647 99 118 0.04166261 
905 7 8 9 0.041440256 
832 75 11 13 0.041383337 
695 515 12 15 0.041360814 
272 352 23 31 0.0413569 
814 233 13 17 0.041243423 
916 87 10 12 0.041238945 
945 164 13 17 0.041198205 
452 541 13 19 0.041074373 
286 128 13 17 0.041043352 
222 251 13 16 0.04098609 
77 245 16 20 0.040941328 
579 45 12 15 0.040886313 
982 513 23 29 0.040879767 
695 75 12 14 0.04058067 
683 125 14 16 0.040538702 
181 271 14 18 0.04049842 
847 40 9 11 0.040493898 
995 568 25 34 0.040205985 
893 261 12 16 0.04019112 
929 9 9 10 0.04014158 
363 38 11 15 0.040101662 
109 30 16 18 0.040074173 
997 71 11 13 0.04006747 
921 297 19 22 0.04002276 
376 30 10 13 0.039982587 
634 5 9 11 0.039890204 
270 275 14 18 0.039882954 
886 93 10 13 0.039686624 
852 109 12 15 0.039636027 
934 394 13 18 0.039510123 
621 87 16 18 0.039440673 
1000 429 13 17 0.039388955 
170 154 16 21 0.039335385 
869 167 10 13 0.039332367 
798 253 14 17 0.039284702 
384 512 22 29 0.039241526 
34 684 29 35 0.039070897 
430 97 25 28 0.0390192 
38 332 24 32 0.038991373 
893 149 11 14 0.03893928 
42 123 21 27 0.03888394 
432 38 10 13 0.038708348 
888 634 23 31 0.038682543 
918 64 9 12 0.038608592 
1004 419 15 19 0.038497884 
454 30 10 12 0.03845713 
898 627 14 18 0.038430512 
894 328 15 21 0.03840973 
830 285 21 25 0.038371835 
755 108 11 15 0.038234454 
459 1 11 12 0.03823051 
235 327 33 37 0.038080998 
299 17 16 18 0.037950803 
881 44 9 12 0.037908997 
981 72 11 13 0.037790466 
423 92 10 12 0.037763026 
155 403 18 23 0.037651133 
839 156 12 15 0.037643153 
897 91 10 13 0.037570413 
836 245 12 15 0.037529662 
935 91 10 12 0.03752449 
1010 59 10 14 0.03750618 
1011 218 11 17 0.03749238 
1004 487 15 19 0.037460268 
559 10 11 13 0.03742849 
854 63 10 12 0.037396926 
759 89 13 16 0.0373365 
940 135 15 17 0.037330136 
257 233 13 16 0.037268292 
839 52 9 12 0.037253134 
888 22 9 10 0.037229963 
373 88 11 13 0.03720211 
715 115 11 15 0.037183907 
781 79 11 13 0.037143435 
895 8 8 9 0.037101988 
290 154 15 19 0.03707133 
276 51 13 16 0.037054397 
263 89 12 14 0.03695661 
821 234 11 15 0.03689737 
187 43 12 14 0.03689033 
990 645 29 47 0.036817893 
701 39 10 12 0.036816023 
341 16 11 14 0.036801603 
626 53 11 14 0.03677573 
647 59 10 12 0.03673238 
935 39 9 12 0.036697723 
724 5 11 14 0.03665628 
980 157 14 16 0.036636937 
432 15 9 12 0.03660452 
781 136 12 15 0.036593866 
998 439 14 18 0.03645557 
427 93 12 14 0.03643359 
770 657 51 56 0.036422893 
350 572 49 60 0.03638074 
910 112 10 12 0.036380272 
835 515 17 23 0.03624878 
93 250 15 19 0.03615081 
903 47 9 11 0.03608446 
417 0 10 10 0.036043312 
156 58 13 16 0.03601554 
725 90 11 15 0.03599077 
89 397 25 34 0.03594649 
947 126 11 14 0.035940148 
891 371 13 15 0.035882313 
866 254 15 18 0.035832908 
330 -1 12 11 0.03573877 
448 1 9 10 0.03567436 
942 22 10 11 0.035672482 
140 58 14 17 0.035637278 
893 285 11 15 0.03556582 
828 157 12 15 0.035500895 
911 374 11 14 0.035474222 
421 3 11 12 0.035418637 
807 191 15 18 0.03534968 
195 393 32 36 0.035306886 
886 311 15 19 0.035208084 
775 688 26 31 0.0352078 
443 110 22 25 0.035189744 
633 2 9 10 0.035146024 
791 6 9 12 0.03513998 
582 2 9 10 0.035103165 
1007 314 14 20 0.034925878 
842 25 8 10 0.034909744 
397 13 9 11 0.0348682 
926 62 10 12 0.03486175 
909 442 15 17 0.03484009 
403 111 19 26 0.034810584 
349 37 10 14 0.034777362 
114 72 13 16 0.034754846 
301 328 16 23 0.03468192 
417 93 9 12 0.0345416 
83 264 19 22 0.03441107 
952 201 15 18 0.034388106 
613 607 12 16 0.034374397 
894 40 8 11 0.034352303 
701 564 12 15 0.034306645 
187 28 12 17 0.034303583 
613 93 11 15 0.034277923 
959 44 9 11 0.034266576 
598 70 10 13 0.034256693 
832 283 12 18 0.034211345 
803 615 24 28 0.034210566 
861 267 15 20 0.034192596 
364 18 14 15 0.034072325 
964 434 16 20 0.03406088 
559 99 12 15 0.034039337 
544 22 10 13 0.033931255 
82 247 20 24 0.03389746 
936 280 14 19 0.033881053 
979 418 13 15 0.03384678 
819 1230 60 81 0.033843655 
975 110 9 11 0.03382167 
269 399 17 23 0.0338188 
630 91 13 15 0.033818725 
186 274 16 17 0.033794362 
880 64 18 22 0.033741776 
991 158 13 16 0.033713415 
50 201 16 17 0.03368813 
834 702 48 48 0.03366177 
229 404 31 34 0.03360444 
917 200 14 16 0.033577353 
150 114 15 20 0.03345049 
932 204 13 16 0.033446483 
308 19 14 17 0.033395294 
886 84 10 13 0.033358864 
965 38 9 12 0.033283036 
821 163 12 15 0.0332546 
1000 563 16 19 0.033220652 
230 29 10 14 0.0332177 
229 583 16 21 0.033214405 
853 53 10 12 0.033135474 
130 279 15 19 0.033078156 
748 529 14 19 0.03305464 
910 21 8 10 0.03304151 
185 298 24 28 0.032960076 
662 21 10 13 0.03292744 
846 135 11 14 0.03291971 
105 819 18 23 0.032895952 
323 59 13 14 0.03281753 
824 51 11 13 0.032693822 
860 298 12 15 0.032600623 
877 513 13 16 0.032592226 
103 391 25 33 0.032587465 
891 516 16 18 0.03257662 
900 259 13 16 0.03253975 
227 179 13 17 0.03253521 
997 369 17 20 0.032508742 
786 19 17 21 0.032474343 
772 3 17 21 0.032374717 
865 13 9 11 0.03233717 
769 12 11 12 0.03231586 
703 103 14 18 0.03230096 
777 68 10 13 0.03226824 
838 133 11 13 0.032248266 
909 382 14 18 0.03223915 
243 12 11 15 0.032194234 
61 359 28 32 0.032132216 
105 264 16 20 0.03207273 
35 27 14 17 0.03202784 
211 194 13 18 0.031966265 
1013 34 10 14 0.031961482 
647 0 9 8 0.031956647 
826 5 8 11 0.03194159 
622 102 15 18 0.031935234 
502 20 11 13 0.031914763 
819 364 12 18 0.03189179 
123 289 14 18 0.031728905 
893 109 11 13 0.031669118 
900 211 12 15 0.03161148 
609 524 17 21 0.031597372 
711 7 10 13 0.031589568 
938 1 9 9 0.03157763 
182 305 17 20 0.031577494 
854 250 14 18 0.03146442 
211 0 11 11 0.031464115 
950 142 11 14 0.03144899 
576 83 12 16 0.031443417 
631 35 13 15 0.031439457 
524 92 14 17 0.03137156 
1007 292 19 27 0.03135834 
427 100 15 17 0.031344008 
229 0 12 13 0.031278133 
502 42 12 15 0.031247906 
209 723 32 44 0.031243648 
146 313 15 20 0.031239105 
77 266 15 19 0.031186072 
791 645 13 18 0.03113009 
42 110 15 17 0.031117959 
820 259 11 14 0.03106302 
696 14 10 13 0.031015048 
811 299 16 18 0.030990275 
589 125 13 15 0.03097191 
168 24 20 24 0.030968353 
845 1230 31 54 0.030949857 
991 36 10 13 0.03090705 
518 66 11 14 0.030893914 
59 554 39 54 0.030864509 
858 241 14 17 0.030858343 
996 228 16 20 0.030816413 
949 1 9 10 0.03073797 
986 289 15 20 0.030737394 
997 192 13 15 0.030676214 
981 48 18 22 0.030619025 
389 21 10 12 0.030594666 
855 140 10 12 0.030592453 
9 338 23 30 0.03058185 
365 118 12 17 0.030575916 
813 223 10 15 0.030552631 
644 30 11 14 0.030538287 
920 529 13 19 0.030450273 
976 139 12 15 0.030422794 
839 98 12 15 0.030417956 
271 0 10 9 0.030401815 
811 619 14 19 0.030390088 
716 521 11 15 0.030389968 
341 54 12 15 0.030373532 
34 575 17 22 0.030270409 
952 46 9 11 0.030264562 
620 69 12 14 0.0302492 
484 102 14 16 0.030150384 
544 11 11 15 0.030122729 
294 133 12 17 0.030122342 
386 1201 222 218 0.030064091 
862 147 10 14 0.030015714 
246 0 10 11 0.029957013 
276 122 13 17 0.029950997 
12 118 13 18 0.029937306 
925 346 15 19 0.029910393 
803 250 14 17 0.029888736 
302 44 12 16 0.029858226 
140 23 14 18 0.029856486 
43 135 16 20 0.029804485 
841 328 15 21 0.029737564 
7 14 12 15 0.029735513 
323 140 13 17 0.02967482 
987 385 27 32 0.029664444 
377 10 13 15 0.029562455 
790 15 10 13 0.029520834 
425 60 13 18 0.029499851 
625 78 13 15 0.029493734 
902 636 44 49 0.029454261 
991 30 9 11 0.02942738 
295 0 10 11 0.029412143 
916 269 14 18 0.02941085 
716 28 11 14 0.02939848 
701 29 10 12 0.029362207 
913 450 13 16 0.029281897 
-1 91 8 15 0.029275892 
559 139 13 16 0.029262628 
787 112 13 16 0.029255511 
70 38 13 18 0.029228061 
687 139 16 18 0.029204184 
973 226 14 18 0.029033316 
768 2 10 11 0.029024446 
613 99 12 16 0.029004069 
590 63 10 13 0.02899069 
653 123 13 16 0.028980387 
134 57 13 16 0.02896871 
991 441 13 16 0.028945332 
231 7 20 23 0.028893335 
901 391 14 20 0.028878005 
880 188 12 15 0.028808985 
556 110 11 14 0.028803803 
372 17 14 16 0.02878236 
696 28 9 12 0.028756544 
318 115 14 17 0.02874608 
397 65 12 16 0.02871213 
865 28 9 12 0.028707026 
48 323 16 19 0.02864067 
35 706 25 34 0.028582018 
142 0 10 9 0.028581649 
865 622 24 30 0.028578721 
108 283 16 20 0.02856969 
855 287 14 19 0.028524496 
642 672 42 46 0.02849977 
224 0 11 11 0.02848611 
958 525 25 28 0.028405262 
951 15 8 11 0.028385213 
532 90 12 17 0.028383683 
109 355 19 21 0.028377244 
882 53 9 11 0.028331317 
855 259 13 17 0.028293002 
909 65 19 22 0.028235245 
392 12 10 13 0.028220268 
894 527 22 26 0.02820943 
319 83 14 18 0.028151836 
610 50 12 16 0.028113449 
244 256 15 21 0.02803096 
182 257 14 19 0.028017888 
884 507 13 17 0.02800977 
334 141 13 16 0.027985746 
509 564 46 56 0.027974062 
202 188 19 26 0.027945109 
875 652 31 35 0.02794133 
423 47 8 12 0.02791756 
69 346 23 31 0.027891872 
512 37 12 14 0.027889708 
462 14 11 13 0.02783811 
755 732 15 16 0.027814057 
416 5 10 11 0.027803665 
661 108 10 15 0.027728928 
264 44 12 16 0.02768527 
929 603 25 31 0.027679207 
191 367 27 29 0.027641742 
200 67 12 15 0.027621362 
883 137 12 16 0.027616858 
1006 510 20 29 0.027607085 
137 35 14 17 0.02754751 
700 589 16 18 0.027545849 
187 82 12 15 0.027485397 
940 474 11 15 0.027386269 
235 50 13 16 0.027313342 
341 142 16 18 0.027240178 
981 206 13 17 0.027186466 
50 138 15 19 0.027183961 
929 24 9 11 0.027155166 
934 454 13 16 0.027109677 
606 10 10 13 0.027083373 
966 426 14 17 0.027051965 
485 592 41 45 0.027034828 
887 460 12 15 0.027025335 
981 131 13 16 0.027005956 
894 459 12 17 0.026936244 
670 19 10 12 0.026829144 
557 85 11 16 0.026825381 
323 133 13 15 0.026763417 
69 226 19 26 0.02676009 
4 181 15 19 0.026734453 
495 32 11 13 0.026713299 
774 93 11 14 0.026702516 
789 36 12 14 0.02668781 
856 66 17 22 0.026651759 
263 37 11 14 0.026625592 
983 509 13 18 0.02660903 
694 51 11 14 0.026583452 
76 56 15 19 0.026535083 
1009 429 15 20 0.02651111 
258 93 12 16 0.026455063 
685 56 13 15 0.02643368 
203 -6 21 22 0.026412493 
844 42 18 22 0.026404623 
928 308 15 18 0.02628656 
894 135 12 16 0.026274275 
285 583 16 20 0.026273424 
990 58 9 12 0.02626826 
928 84 12 14 0.026248982 
930 419 14 17 0.026217312 
296 569 29 39 0.026189782 
910 313 14 18 0.026185941 
154 329 16 21 0.02612493 
991 493 23 29 0.026073396 
795 86 11 15 0.02606016 
725 702 57 84 0.026052844 
134 218 12 16 0.026040314 
679 80 21 25 0.025987154 
788 276 14 16 0.025960144 
575 71 10 13 0.025926232 
944 61 9 11 0.02588472 
790 42 12 15 0.025830511 
247 584 32 34 0.025817739 
951 232 15 19 0.025813555 
773 19 12 14 0.02579854 
171 218 12 15 0.02578974 
898 337 14 18 0.025742171 
603 38 12 15 0.025703752 
972 486 14 19 0.02568679 
252 290 15 18 0.025620272 
869 819 12 19 0.02562002 
789 61 11 14 0.025606547 
801 154 14 16 0.025590507 
291 37 10 13 0.02557704 
912 275 15 19 0.025571432 
800 187 13 17 0.02555721 
1015 179 11 14 0.02553313 
685 22 10 13 0.025518404 
381 22 12 13 0.025467018 
848 450 16 21 0.02546609 
800 649 16 20 0.025442416 
136 207 13 16 0.025428543 
643 139 14 17 0.025365792 
695 570 13 15 0.025360681 
127 37 11 14 0.025349926 
166 7 11 13 0.02533788 
87 235 20 23 0.025309365 
66 246 19 25 0.025309248 
290 579 19 24 0.025261689 
806 45 10 12 0.025260463 
338 589 139 198 0.025257625 
1012 149 10 14 0.025229393 
782 411 15 19 0.025210492 
28 60 21 26 0.025100207 
699 623 27 34 0.025095783 
837 75 11 13 0.025084365 
414 531 23 32 0.025051577 
182 20 12 15 0.02500846 
877 292 17 19 0.024959544 
833 275 11 18 0.024957793 
945 55 9 11 0.024934238 
680 34 10 14 0.024890967 
929 228 15 19 0.024870599 
50 115 15 21 0.02486612 
795 166 15 18 0.024770444 
747 122 14 18 0.024754127 
592 17 12 15 0.024741512 
157 336 24 31 0.024726955 
207 223 13 16 0.024684476 
422 15 11 13 0.024661582 
994 132 12 15 0.024647959 
926 68 18 22 0.024614356 
982 458 14 18 0.024602525 
835 267 21 28 0.024584018 
367 107 12 16 0.024553357 
870 258 21 24 0.024420507 
327 106 13 16 0.02440836 
276 67 13 16 0.024402417 
235 83 13 16 0.024336135 
776 62 10 13 0.02432013 
701 631 15 21 0.024308434 
708 58 13 15 0.024299806 
686 12 10 12 0.024276018 
972 533 18 24 0.0242538 
846 7 9 10 0.024227392 
406 30 9 12 0.024224749 
98 209 15 21 0.024206698 
431 7 9 11 0.024203826 
937 630 32 45 0.024186648 
839 36 9 11 0.024121286 
122 392 25 35 0.024114499 
775 131 15 18 0.024098897 
903 852 54 70 0.024068289 
141 138 13 16 0.024064805 
16 74 14 18 0.024059465 
1009 36 8 12 0.024057308 
803 126 12 14 0.024018932 
948 258 14 16 0.024005122 
10 1027 51 76 0.023987588 
35 553 29 39 0.023984728 
83 341 14 22 0.023969509 
925 203 13 14 0.023954717 
776 120 15 18 0.023937043 
925 520 19 25 0.02392776 
904 581 41 49 0.023857428 
982 16 8 11 0.023813318 
447 30 10 12 0.0238108 
898 82 17 22 0.0238033 
263 0 10 9 0.023802176 
126 30 11 14 0.023797458 
-2 218 19 27 0.023753231 
668 116 15 19 0.02371815 
989 430 13 14 0.023711529 
825 1 8 10 0.023697939 
0 15 9 13 0.023688033 
302 28 15 17 0.023658149 
22 369 26 38 0.023609977 
566 35 10 13 0.023609757 
334 54 10 15 0.023585673 
1009 22 18 26 0.0235854 
441 531 24 32 0.023558674 
823 75 11 14 0.023548199 
63 13 12 14 0.02352749 
430 53 12 13 0.023507668 
294 659 55 74 0.023503259 
378 97 15 17 0.023496604 
159 93 12 16 0.023467962 
833 267 10 15 0.023427539 
155 533 31 33 0.023425568 
966 551 14 21 0.02339747 
390 62 11 15 0.023386415 
359 4 13 14 0.02334187 
923 277 14 20 0.02330971 
718 35 11 14 0.023266705 
857 811 24 38 0.023217408 
1007 439 21 28 0.02320778 
53 47 16 19 0.023166776 
901 537 21 27 0.02314588 
955 256 16 19 0.023138752 
798 148 14 16 0.023137715 
837 87 11 14 0.023125088 
166 160 21 28 0.023100926 
546 28 10 14 0.0230941 
21 182 22 29 0.023061741 
542 73 13 17 0.023040699 
430 86 10 12 0.023035804 
45 15 13 17 0.023019658 
1005 407 15 22 0.02301051 
975 52 10 13 0.023009956 
472 2 9 10 0.023005808 
199 229 14 19 0.022980968 
686 115 13 15 0.022955328 
704 8 10 12 0.022947919 
85 8 14 16 0.02292632 
627 118 14 18 0.022900002 
930 377 14 19 0.022887835 
604 606 24 28 0.022877585 
981 534 25 30 0.02284275 
576 14 10 12 0.022793693 
882 663 18 21 0.022758339 
535 62 10 13 0.022687575 
601 1 9 10 0.022676867 
772 52 10 13 0.022667874 
483 7 11 13 0.02264514 
996 513 16 21 0.022642246 
710 37 13 14 0.022616073 
975 6 7 10 0.022606788 
970 546 15 20 0.02260049 
827 200 11 16 0.02256969 
633 15 9 11 0.022558175 
861 63 9 12 0.022557912 
693 5 8 11 0.022533806 
149 57 13 16 0.022531757 
92 5 15 15 0.022499122 
405 84 11 13 0.02248535 
896 31 8 10 0.0224719 
853 22 8 11 0.022466728 
236 164 11 14 0.022457369 
197 1335 8 10 0.022452407 
350 0 12 12 0.022412844 
951 516 26 29 0.022400567 
797 73 11 14 0.02238737 
233 529 28 30 0.02234031 
839 421 12 15 0.022302166 
997 35 10 13 0.022284083 
901 24 19 24 0.022282597 
884 498 14 18 0.022277417 
813 514 13 16 0.022261295 
126 117 15 21 0.022216067 
80 580 34 43 0.022210518 
1013 141 10 14 0.022193229 
557 0 19 23 0.022168614 
188 21 12 15 0.022147581 
679 650 39 54 0.02211496 
600 0 18 23 0.022114193 
985 128 19 21 0.022098463 
155 98 15 18 0.02208501 
849 236 12 16 0.022062395 
507 588 87 106 0.022058671 
391 498 24 29 0.022032984 
923 176 15 19 0.02201568 
14 377 41 54 0.022004776 
900 410 15 20 0.022003861 
701 63 10 13 0.022003438 
107 143 14 18 0.021998232 
413 1230 151 121 0.021991285 
293 18 14 17 0.02198604 
893 646 26 34 0.021973439 
7 635 25 34 0.021961762 
144 105 12 17 0.021927783 
933 62 11 12 0.021870768 
807 224 12 17 0.021840697 
300 134 11 16 0.021813693 
598 59 11 13 0.02180177 
226 186 16 19 0.021745246 
939 107 12 15 0.021741346 
330 28 11 14 0.021720568 
302 2 12 12 0.02170972 
198 28 11 15 0.021705983 
896 21 7 10 0.021705247 
184 315 26 28 0.021673866 
180 239 12 17 0.021672232 
283 260 25 32 0.021671513 
906 433 15 20 0.021668963 
1000 339 14 17 0.021641921 
1013 65 11 15 0.0216412 
879 573 13 18 0.02162776 
247 829 119 150 0.021621568 
390 99 12 13 0.021619452 
292 45 12 15 0.021574026 
685 374 14 15 0.021568747 
940 388 12 18 0.021534791 
371 573 33 41 0.021503586 
18 173 16 19 0.021490311 
512 87 11 14 0.021482551 
791 0 8 9 0.021469178 
243 295 25 30 0.02143078 
530 107 14 17 0.02142964 
860 421 12 16 0.021416785 
343 30 19 25 0.021389937 
816 26 11 14 0.021349888 
868 695 19 23 0.021322478 
665 43 11 14 0.02131165 
49 146 15 19 0.021284908 
956 189 16 18 0.021275781 
495 89 19 23 0.02124779 
858 168 18 22 0.0212416 
941 260 14 16 0.021236228 
309 400 17 20 0.021200033 
915 139 12 17 0.02117121 
117 273 16 20 0.021164432 
777 419 22 30 0.021162698 
456 534 23 28 0.021125026 
909 651 16 22 0.02109185 
891 407 13 18 0.021075366 
247 1090 39 47 0.021069443 
59 218 15 21 0.021024307 
786 656 26 35 0.021016499 
515 52 12 15 0.020995412 
832 2 17 22 0.020990165 
214 33 13 17 0.020974169 
821 566 22 26 0.02097186 
115 873 62 86 0.020959657 
981 91 11 14 0.020959103 
666 126 15 18 0.02095876 
137 130 14 19 0.020948287 
696 38 11 14 0.020944128 
645 8 9 10 0.020935996 
279 30 13 17 0.02092309 
989 24 8 9 0.020905152 
872 40 8 11 0.02083583 
988 75 11 15 0.020819483 
1011 49 18 25 0.020807568 
982 401 15 19 0.020800695 
35 251 14 21 0.020790555 
222 28 11 17 0.020754367 
805 273 14 18 0.020750163 
295 235 12 16 0.020737328 
163 19 14 18 0.020705793 
106 273 14 19 0.020695722 
305 378 17 23 0.020695304 
994 398 25 31 0.02066368 
604 69 12 15 0.020662189 
564 29 10 14 0.020659618 
504 547 43 50 0.020632809 
774 85 11 13 0.020578371 
928 90 11 13 0.020569209 
598 96 12 15 0.020565128 
62 728 26 29 0.020554036 
136 29 11 15 0.02054349 
398 100 9 12 0.02053775 
883 385 16 19 0.020535113 
512 12 11 13 0.020529304 
11 513 47 54 0.020511948 
721 539 16 21 0.020483809 
863 108 10 13 0.020469725 
1009 23 9 10 0.020426532 
25 134 21 24 0.020420268 
854 83 11 14 0.02041403 
502 567 30 43 0.020410517 
751 562 14 17 0.020395413 
780 683 17 21 0.020367563 
96 136 14 19 0.020360135 
96 287 17 21 0.020356324 
136 70 15 18 0.020352447 
69 305 15 21 0.02034335 
975 39 18 23 0.020316252 
238 236 11 16 0.02030847 
623 59 10 14 0.0202987 
931 218 15 19 0.020297632 
902 109 11 13 0.020283401 
874 579 20 29 0.02027246 
92 386 16 22 0.0202526 
971 118 14 16 0.020239841 
52 107 14 19 0.020209631 
18 528 17 20 0.02018642 
814 238 19 24 0.02018029 
175 2 18 21 0.020157259 
674 628 15 20 0.020154463 
0 1106 18 30 0.020136986 
875 281 17 18 0.020131225 
333 627 39 51 0.020112986 
370 -3 23 21 0.0200969 
330 283 15 20 0.020081602 
603 83 11 15 0.020064674 
212 56 11 13 0.02005302 
870 53 8 11 0.020050285 
368 86 10 13 0.020028139 
646 119 15 18 0.020025967 
629 646 13 16 0.020015508 
