28_Sports_Fan_Sports_Fan_28_880
33
420 81 159 237 0.98841363 
400 626 18 20 0.22229694 
389 661 12 15 0.10838394 
437 671 23 29 0.09393998 
380 635 15 21 0.08733309 
385 630 22 27 0.08475059 
861 488 30 36 0.080563515 
443 685 16 20 0.06755348 
174 457 55 63 0.051714193 
660 664 59 66 0.051146954 
400 637 24 28 0.05101179 
551 476 53 65 0.04994272 
249 473 29 39 0.049712315 
342 659 14 17 0.044528447 
688 680 31 33 0.04353082 
367 696 30 35 0.039946105 
343 679 15 17 0.03727457 
192 478 479 516 0.03687659 
724 712 17 20 0.03615384 
357 631 14 16 0.035129685 
432 654 40 50 0.033115797 
407 643 26 31 0.031693634 
382 630 13 16 0.028111614 
365 632 12 15 0.027106762 
638 677 26 28 0.026529625 
390 620 23 28 0.023164501 
453 663 45 58 0.022926074 
374 631 12 15 0.021965876 
396 641 16 18 0.021904457 
350 633 15 17 0.02170493 
326 444 13 17 0.021277905 
306 642 14 16 0.020256374 
1006 563 15 21 0.020178365 
