28_Sports_Fan_Sports_Fan_28_868
44
682 29 46 63 0.99856985 
511 246 34 47 0.9824891 
869 172 42 51 0.7543169 
580 315 37 48 0.06103149 
134 283 14 19 0.05810929 
889 191 32 35 0.051968787 
40 461 33 41 0.0475141 
126 269 12 15 0.046591863 
184 410 53 82 0.04412602 
492 253 42 44 0.040684782 
846 170 44 53 0.03866315 
821 316 12 16 0.038186416 
20 2 16 20 0.037641555 
135 261 13 17 0.037607763 
387 3 16 16 0.03689048 
124 283 15 20 0.033167742 
78 318 12 16 0.032069303 
996 251 13 20 0.03151193 
383 571 13 15 0.031133054 
81 62 14 20 0.03111524 
750 10 15 20 0.030767184 
141 255 11 14 0.030294022 
601 283 27 36 0.029362222 
202 318 11 15 0.0292251 
8 1 28 40 0.029113775 
749 8 24 33 0.028859317 
13 383 12 17 0.026892558 
995 375 22 37 0.026548257 
90 280 95 124 0.02559652 
36 443 50 76 0.02504785 
138 384 99 137 0.024886293 
120 287 13 18 0.0245093 
139 0 27 26 0.023829324 
820 49 101 128 0.022849157 
131 267 101 138 0.022545546 
709 92 15 18 0.021905202 
820 173 43 52 0.021865465 
984 10 15 20 0.02181505 
812 68 14 18 0.02137973 
509 5 16 16 0.021036984 
912 351 29 38 0.020752436 
120 277 12 15 0.020746315 
737 81 60 68 0.020168703 
990 252 22 31 0.020023223 
