28_Sports_Fan_Sports_Fan_28_267
152
352 224 19 24 0.9686243 
626 281 20 22 0.93678164 
358 256 19 21 0.93481416 
346 325 20 27 0.92592305 
633 343 19 24 0.9253838 
502 342 21 27 0.913533 
420 243 18 20 0.9066463 
634 197 19 22 0.9021219 
405 203 16 20 0.82542586 
327 275 17 19 0.7864553 
668 255 16 21 0.7349838 
562 370 14 17 0.581699 
443 224 17 24 0.536729 
310 215 19 25 0.49293286 
597 403 15 19 0.48924658 
289 261 17 20 0.47221538 
467 47 56 52 0.44142306 
682 240 14 18 0.43550193 
339 197 13 16 0.42192003 
469 205 14 18 0.3881241 
406 303 27 32 0.33743727 
664 200 22 29 0.3208068 
504 325 17 18 0.15017805 
590 279 12 15 0.13734709 
598 275 12 15 0.13388492 
461 201 16 19 0.13372055 
605 309 20 25 0.124835394 
552 699 9 12 0.07912863 
426 252 17 22 0.076907635 
114 605 17 21 0.07679311 
297 265 13 15 0.070278734 
822 613 11 13 0.06988631 
346 196 13 16 0.067393385 
476 335 22 26 0.065878816 
529 205 16 18 0.06184667 
762 615 8 10 0.06026339 
442 709 10 12 0.060006116 
416 287 27 33 0.05619028 
388 230 10 14 0.056080535 
454 690 10 13 0.055612743 
586 251 13 17 0.055125907 
364 212 14 18 0.053601988 
943 109 9 12 0.052555308 
622 328 15 19 0.051694147 
355 213 15 18 0.051440354 
410 197 17 21 0.050064787 
405 306 17 22 0.04959047 
574 307 14 19 0.049399268 
697 711 9 12 0.047786627 
584 703 9 12 0.04552035 
441 387 16 20 0.04525101 
492 197 17 19 0.044165656 
498 202 15 17 0.04288064 
456 201 14 17 0.042436857 
487 337 22 27 0.042298082 
659 293 14 18 0.041887194 
282 607 10 13 0.040705122 
445 237 13 19 0.040255792 
599 237 11 16 0.039268963 
424 306 18 21 0.039064918 
413 388 30 33 0.03874884 
636 226 12 16 0.03853175 
547 199 17 21 0.038465824 
348 201 15 18 0.03805539 
617 315 16 18 0.037774444 
317 210 20 27 0.037629977 
445 704 9 13 0.036465738 
494 239 11 13 0.03631604 
316 706 13 17 0.036004025 
418 309 28 31 0.035715226 
480 283 12 16 0.03549784 
448 687 10 13 0.03530565 
584 243 13 17 0.035005156 
674 263 14 20 0.034970023 
587 229 12 15 0.03474088 
457 210 24 29 0.034390964 
417 300 18 24 0.034360867 
448 219 17 22 0.033297062 
543 292 11 14 0.033002973 
639 699 13 16 0.032459337 
332 211 15 19 0.031990793 
997 574 9 12 0.03191998 
884 176 29 34 0.031910855 
604 252 11 15 0.03182487 
587 235 13 18 0.03158797 
736 705 7 9 0.03128177 
569 370 14 18 0.031193089 
496 669 11 13 0.031034853 
482 300 14 16 0.030653208 
647 197 22 28 0.030213233 
513 666 11 13 0.03005952 
584 281 15 18 0.02894975 
596 357 11 16 0.028896179 
623 204 13 16 0.028637795 
709 550 17 21 0.028385246 
404 291 15 18 0.028294258 
475 294 25 28 0.028054304 
568 707 10 12 0.027887322 
317 694 12 14 0.027154226 
485 201 15 18 0.02703151 
402 290 26 35 0.026962774 
429 236 19 26 0.026906148 
803 694 14 18 0.026544174 
581 257 15 18 0.026234414 
621 297 16 19 0.02581178 
549 275 11 15 0.025710404 
684 268 12 17 0.02558969 
639 190 24 29 0.025357286 
370 271 510 487 0.025136152 
549 610 13 14 0.024952978 
587 261 21 26 0.02476493 
383 233 13 16 0.024469102 
644 266 15 20 0.024224788 
293 599 10 13 0.024147606 
581 370 13 17 0.023855668 
669 394 12 15 0.023768952 
550 365 11 16 0.02340262 
517 699 10 13 0.023357023 
502 687 10 12 0.023330022 
76 610 10 13 0.023278996 
579 238 22 29 0.023102723 
574 702 10 13 0.022986611 
414 225 13 17 0.02293397 
759 708 9 11 0.022882206 
605 202 14 18 0.022601547 
370 258 16 20 0.022456134 
211 701 11 13 0.022355132 
467 214 17 20 0.022240214 
468 234 12 14 0.021924283 
603 243 11 15 0.021881236 
580 225 22 26 0.021841224 
465 709 9 10 0.021681454 
478 270 10 12 0.021642128 
696 325 9 13 0.021373816 
483 290 14 18 0.02127582 
417 195 15 19 0.021190252 
620 306 15 18 0.021047272 
337 201 22 26 0.02094533 
582 220 14 16 0.020812001 
717 703 8 11 0.020748775 
190 545 19 21 0.020700593 
472 703 8 12 0.020697603 
620 211 14 19 0.02057185 
483 278 12 15 0.020537602 
581 266 12 15 0.020526541 
432 314 18 23 0.020500926 
539 343 15 19 0.020472303 
637 313 15 17 0.020419184 
533 740 11 14 0.02037272 
433 247 15 21 0.02033601 
507 304 17 18 0.020068279 
497 718 9 12 0.020045327 
