28_Sports_Fan_Sports_Fan_28_866
23
453 128 109 157 0.9999021 
861 123 16 20 0.26682353 
117 386 44 53 0.26668617 
863 387 29 32 0.1953587 
242 199 487 478 0.08150778 
973 335 34 34 0.068135105 
876 237 56 77 0.033727184 
899 156 23 28 0.032563362 
858 128 22 27 0.032047488 
885 393 15 20 0.029103138 
749 538 25 31 0.027650025 
850 179 42 51 0.027309911 
883 194 16 19 0.025209818 
859 176 26 28 0.024656871 
853 126 17 22 0.024329739 
866 191 20 22 0.02305499 
951 420 42 51 0.022035189 
869 117 23 30 0.021969186 
892 195 14 18 0.021885293 
867 136 16 21 0.021660507 
868 146 14 17 0.021299765 
1 348 10 14 0.020847565 
879 114 25 31 0.020138737 
