28_Sports_Fan_Sports_Fan_28_711
25
429 59 177 246 0.8762121 
48 88 174 248 0.24143177 
-57 420 410 457 0.23014024 
80 132 111 147 0.13457279 
232 267 87 109 0.11204949 
11 544 227 341 0.08156625 
777 48 213 250 0.06745293 
632 532 20 22 0.061441343 
354 288 348 479 0.04969588 
766 227 116 128 0.043397997 
420 157 120 152 0.03892304 
817 167 109 137 0.038339645 
391 376 11 13 0.036516123 
912 294 88 129 0.03255159 
395 376 10 11 0.029953778 
41 392 223 301 0.028998215 
510 467 135 170 0.028493335 
78 204 115 154 0.027053986 
116 151 71 85 0.023923557 
111 719 58 62 0.023434157 
118 733 34 38 0.023211068 
522 527 379 461 0.022299822 
724 272 198 251 0.022041287 
649 209 404 472 0.02135137 
222 366 343 488 0.020294424 
