28_Sports_Fan_Sports_Fan_28_2
258
624 219 149 181 0.99951434 
215 340 119 129 0.9966581 
968 510 26 27 0.4063813 
109 311 11 13 0.38624525 
17 288 8 10 0.33642766 
76 319 8 11 0.26281202 
134 291 9 11 0.24885666 
57 334 9 11 0.23149692 
94 324 8 10 0.22854297 
106 310 9 12 0.19116606 
87 271 9 11 0.15642932 
97 357 9 12 0.1404188 
24 278 7 10 0.115926996 
110 286 8 10 0.10824661 
414 361 8 10 0.10719062 
97 288 7 9 0.10435573 
126 328 8 10 0.10425847 
9 263 8 11 0.103762925 
446 390 8 9 0.10356496 
122 301 8 9 0.101915404 
6 303 8 10 0.096103214 
110 280 7 10 0.09407863 
21 286 9 11 0.09279282 
47 271 8 10 0.0901518 
122 296 7 9 0.09011182 
57 329 8 10 0.0900696 
13 269 8 11 0.089636855 
29 333 12 14 0.08798269 
526 437 12 15 0.08762588 
416 407 10 13 0.084311545 
148 393 46 61 0.083622605 
128 331 9 11 0.08249028 
127 295 8 10 0.07549745 
103 287 8 10 0.074885614 
121 326 8 10 0.07152704 
126 302 7 9 0.07056384 
495 428 10 12 0.07053216 
7 310 8 11 0.06826028 
80 336 7 10 0.065739036 
1012 468 9 15 0.065337405 
103 304 8 9 0.06442481 
14 264 8 10 0.06382331 
63 310 7 9 0.063133255 
963 488 33 38 0.06264042 
530 400 7 10 0.06249902 
956 499 50 53 0.062130652 
455 399 8 9 0.061655063 
480 374 7 9 0.06119227 
110 305 8 10 0.06111217 
476 428 9 11 0.06063056 
472 399 9 12 0.060221948 
413 398 9 11 0.060193136 
38 278 8 10 0.057835277 
74 324 8 10 0.057821933 
447 400 8 9 0.057650946 
2 316 8 12 0.057169244 
105 280 8 9 0.05674822 
61 304 8 10 0.056743726 
145 301 9 13 0.05654353 
74 293 8 11 0.055301234 
536 398 8 11 0.05458225 
57 304 8 10 0.05390229 
89 321 9 11 0.0535288 
489 439 10 14 0.053410277 
19 374 10 12 0.053067233 
87 336 8 9 0.051620267 
502 429 9 11 0.05159306 
64 279 7 9 0.05127145 
129 287 8 10 0.050977796 
141 308 10 15 0.050835352 
138 311 8 11 0.05033907 
81 272 8 10 0.04998838 
32 277 8 10 0.04981293 
88 288 7 9 0.04951765 
424 389 8 10 0.04915339 
2 300 8 11 0.047601998 
462 399 8 10 0.046894632 
6 257 8 9 0.046562184 
292 136 417 489 0.046131436 
441 399 8 9 0.04601777 
111 349 9 10 0.04593864 
479 345 7 8 0.045130197 
920 73 14 16 0.04510196 
2 261 8 11 0.044598956 
38 334 8 12 0.044543322 
6 317 8 11 0.04438303 
1 255 8 11 0.04382349 
119 272 8 9 0.043546 
576 356 382 410 0.04319468 
118 343 9 9 0.04309863 
8 287 8 9 0.042158086 
497 392 7 10 0.042059977 
413 391 8 10 0.04149993 
116 318 10 12 0.04131201 
46 321 7 9 0.0411523 
8 324 8 13 0.04076591 
73 287 7 9 0.04024667 
113 345 8 10 0.040017504 
465 366 8 9 0.03991812 
510 430 8 10 0.03950607 
120 278 8 9 0.039450217 
419 411 11 14 0.03919668 
471 423 11 13 0.03896208 
454 337 8 10 0.038784623 
1000 55 9 11 0.038731758 
494 444 11 13 0.03867432 
39 326 8 10 0.038644608 
95 263 8 9 0.038354374 
47 325 7 10 0.03831972 
48 334 8 11 0.037814017 
98 294 8 9 0.03738675 
79 288 7 9 0.037293945 
25 249 7 9 0.037222866 
61 326 8 11 0.03706403 
520 367 7 9 0.0364023 
81 253 8 10 0.03636391 
410 385 7 9 0.036279645 
410 359 8 11 0.036088865 
102 328 8 11 0.03601749 
6 294 9 12 0.035770684 
511 436 9 12 0.03572217 
468 441 13 19 0.035720594 
433 343 7 9 0.03559391 
24 272 8 10 0.035231687 
438 359 7 9 0.03511273 
102 353 9 11 0.034749754 
918 502 28 35 0.03466952 
71 334 8 11 0.03461385 
14 325 8 12 0.034460958 
453 431 23 34 0.03436877 
417 342 8 9 0.034174934 
493 436 11 14 0.034162268 
0 280 8 10 0.034057863 
443 392 7 9 0.033078406 
488 377 7 9 0.03301379 
24 253 7 10 0.032802355 
47 294 7 9 0.032790042 
446 385 8 10 0.03257647 
63 319 7 9 0.03178022 
415 384 7 9 0.03170801 
32 272 8 10 0.031613518 
505 375 8 9 0.0315982 
131 332 10 13 0.03144577 
31 286 9 10 0.03134543 
528 357 7 10 0.03133466 
527 367 7 9 0.031019226 
127 279 7 9 0.030961212 
46 253 9 10 0.0307985 
441 375 8 9 0.030616987 
98 302 9 10 0.030397935 
433 359 8 9 0.030277945 
489 428 11 13 0.030251026 
61 339 10 12 0.03019809 
70 245 9 11 0.030089498 
112 292 8 10 0.029910207 
931 498 19 23 0.029850867 
6 341 10 12 0.029772215 
938 469 15 17 0.029459182 
1013 513 11 17 0.02942966 
42 321 7 10 0.029243592 
215 237 9 11 0.02887047 
424 384 8 10 0.028814228 
40 272 8 10 0.028779028 
0 246 6 9 0.028358016 
487 398 8 9 0.02824493 
12 318 9 12 0.02813281 
111 271 8 9 0.028116118 
424 310 8 9 0.027895762 
38 287 8 9 0.027758582 
125 342 10 11 0.02773421 
511 383 7 9 0.02735433 
27 406 12 17 0.027219566 
432 400 8 9 0.027068488 
422 398 9 11 0.026995348 
990 463 11 13 0.026834743 
25 338 12 15 0.026831198 
489 360 7 8 0.026722725 
6 332 11 13 0.026551308 
120 334 8 10 0.026529578 
428 426 44 47 0.026465468 
16 279 8 10 0.026283845 
932 476 13 17 0.026085919 
438 328 7 9 0.026022606 
497 352 7 8 0.02597639 
918 477 26 34 0.0258077 
119 287 8 10 0.025664376 
56 254 8 9 0.025382008 
450 337 8 10 0.02532781 
16 247 7 8 0.025299791 
78 293 8 10 0.025294816 
545 361 7 8 0.025111858 
26 239 8 8 0.025107995 
456 359 7 9 0.025019264 
940 540 15 20 0.02499063 
0 349 9 13 0.024961818 
471 367 7 9 0.02494124 
934 482 85 91 0.024851162 
0 341 8 13 0.024850164 
109 125 12 13 0.024649473 
974 467 13 15 0.024643024 
955 479 27 33 0.024512818 
197 208 9 10 0.02440441 
513 451 12 16 0.02438557 
72 279 8 9 0.024221085 
472 392 7 9 0.024103433 
982 463 11 14 0.024013909 
518 442 14 17 0.023997365 
496 398 7 9 0.023794629 
422 359 8 10 0.023781158 
22 264 7 9 0.023772914 
127 310 8 10 0.023623858 
41 246 8 11 0.023460194 
206 238 9 10 0.023389472 
477 399 10 11 0.023386138 
496 359 7 9 0.02329626 
9 239 7 9 0.02327815 
446 167 7 9 0.023199663 
49 288 8 10 0.023167383 
120 367 11 12 0.023057375 
136 272 7 8 0.02261497 
57 263 7 9 0.022542551 
125 350 10 13 0.02251002 
955 513 30 34 0.022216922 
104 332 7 10 0.022206977 
111 263 8 10 0.022166818 
1 322 9 14 0.022160197 
430 391 7 8 0.02205532 
64 263 8 9 0.021972673 
939 500 13 17 0.021864302 
71 313 18 23 0.021860598 
529 352 8 10 0.021579815 
70 265 8 9 0.021569507 
85 340 9 10 0.021551995 
118 312 9 11 0.0215028 
645 187 23 26 0.021491133 
78 312 8 10 0.021423316 
48 265 7 9 0.02130692 
991 40 8 10 0.02119125 
73 271 8 10 0.021089615 
89 264 8 10 0.021042893 
522 376 7 9 0.020963369 
527 415 8 10 0.020816617 
104 262 8 10 0.020802887 
47 309 9 11 0.020784609 
513 359 6 9 0.02074153 
488 380 7 10 0.020725835 
362 372 25 33 0.020695182 
7 279 8 10 0.020546753 
496 406 8 9 0.020527165 
95 279 8 9 0.020456087 
14 331 9 14 0.020437144 
71 340 8 11 0.020404749 
442 383 8 10 0.020374388 
95 332 8 10 0.020357693 
438 352 8 9 0.020235103 
477 437 10 14 0.020137874 
986 45 8 10 0.020106388 
503 352 7 9 0.020065987 
