28_Sports_Fan_Sports_Fan_28_480
59
489 214 59 74 0.9994147 
978 237 30 36 0.99894327 
698 168 85 105 0.99671715 
427 82 79 158 0.97807056 
364 77 89 142 0.26357833 
568 275 34 39 0.22766481 
4 197 23 37 0.1021134 
921 300 41 58 0.083944164 
887 257 14 17 0.07976878 
3 201 40 65 0.067562036 
911 267 12 15 0.06397196 
895 248 9 11 0.059874322 
466 172 77 103 0.05953821 
612 97 22 26 0.057940204 
917 245 9 11 0.056282308 
891 253 12 15 0.053200334 
917 262 11 14 0.053146232 
586 272 17 21 0.049819995 
968 354 52 87 0.047951724 
578 268 18 20 0.046993833 
536 257 27 32 0.041497543 
479 170 36 51 0.040110536 
935 241 8 9 0.03984971 
462 175 38 53 0.03956821 
653 244 12 16 0.039018642 
666 244 16 23 0.0362977 
862 248 15 17 0.03590439 
937 70 11 17 0.035604943 
602 231 22 27 0.03526798 
325 71 87 145 0.033563126 
646 244 12 18 0.033120893 
927 255 9 12 0.032767497 
667 249 47 59 0.03245566 
918 308 13 19 0.03130779 
919 240 8 11 0.029995814 
177 172 10 13 0.029968487 
918 254 10 12 0.029528862 
660 242 29 36 0.027982518 
649 243 23 28 0.02766089 
0 101 44 66 0.027537191 
956 250 12 15 0.027305381 
942 255 11 13 0.026058726 
902 252 9 11 0.02539212 
951 252 11 13 0.025091147 
941 265 13 16 0.02492327 
596 267 14 20 0.024683446 
926 267 11 14 0.024653187 
974 204 13 16 0.024181131 
616 255 47 56 0.023905335 
187 110 25 27 0.023868058 
587 281 46 54 0.023866447 
205 174 9 12 0.023379654 
889 248 10 11 0.021891322 
989 23 11 13 0.021753747 
929 276 23 26 0.021558208 
911 254 10 11 0.021157233 
909 261 20 25 0.020943053 
934 259 12 15 0.02062145 
913 307 26 36 0.020135108 
