36_Football_americanfootball_ball_36_132
59
794 75 37 45 0.99190557 
788 192 44 52 0.5434421 
697 131 12 16 0.41181245 
282 234 38 35 0.17826553 
374 249 57 37 0.16326146 
595 97 36 41 0.15578276 
82 138 45 60 0.15091741 
147 81 29 35 0.10319221 
564 11 22 30 0.090213135 
113 208 48 46 0.086939506 
5 92 16 22 0.07718453 
232 244 54 67 0.069521375 
392 236 45 41 0.06555087 
571 91 56 62 0.06097202 
957 143 18 23 0.058918767 
803 178 33 42 0.047213566 
372 217 53 53 0.046846576 
870 106 48 65 0.044202358 
585 74 34 46 0.041789707 
887 165 12 16 0.040936753 
36 62 35 41 0.04026478 
2 102 17 23 0.03932699 
302 231 31 34 0.03780799 
621 4 32 33 0.03775179 
606 80 36 39 0.03658367 
963 187 38 52 0.035846714 
162 83 17 24 0.035552345 
399 215 42 47 0.035421576 
529 1 46 50 0.03389685 
553 6 26 33 0.033609737 
706 54 40 50 0.031815372 
970 115 14 16 0.030952968 
565 33 14 18 0.030296521 
260 83 15 19 0.02985505 
547 34 15 19 0.028511385 
60 145 61 80 0.027275376 
521 55 44 54 0.026962312 
853 87 76 104 0.026393324 
61 211 36 38 0.026302798 
558 33 13 19 0.026080105 
255 232 56 57 0.026022915 
543 83 13 18 0.025496455 
982 185 29 44 0.024723656 
947 132 14 16 0.02321159 
523 53 14 16 0.023164045 
6 84 29 34 0.023162637 
996 74 15 17 0.022642978 
666 161 55 56 0.022398874 
538 24 25 31 0.02208248 
-1 109 17 29 0.022053218 
112 161 30 44 0.02203133 
537 9 27 32 0.021820419 
624 205 73 69 0.021323819 
137 75 28 37 0.0213221 
518 58 28 33 0.021089828 
86 132 28 34 0.021062678 
985 62 26 30 0.020462457 
7 84 14 20 0.020174133 
689 131 13 17 0.020077256 
