36_Football_americanfootball_ball_36_510
33
573 142 68 77 0.99499905 
161 33 65 81 0.3635542 
968 74 42 58 0.31579858 
390 86 42 55 0.29837307 
564 28 48 65 0.26221076 
495 29 43 53 0.1389539 
104 39 105 100 0.09893893 
240 345 51 63 0.08446445 
203 13 35 45 0.08202448 
879 9 54 77 0.081647106 
391 110 44 55 0.07801645 
857 113 50 58 0.07392744 
954 86 40 52 0.064976566 
284 76 40 55 0.06411228 
1 0 37 47 0.054556344 
178 12 61 72 0.054259248 
908 44 53 74 0.050616544 
925 86 40 55 0.041454464 
710 0 27 21 0.036892273 
571 17 36 45 0.036084216 
862 572 15 19 0.03578181 
467 230 86 100 0.034831032 
351 86 47 59 0.032357216 
81 -4 159 186 0.030963663 
900 0 82 102 0.02972906 
970 32 49 81 0.02788106 
870 32 38 56 0.026045792 
187 56 59 75 0.02411346 
-97 325 393 433 0.023487488 
639 170 13 17 0.023024933 
245 56 16 22 0.02078235 
781 1 31 35 0.020756336 
634 497 31 32 0.02009057 
