36_Football_Football_36_108
107
531 67 16 20 0.9749029 
134 123 13 17 0.97360265 
274 121 12 16 0.834415 
11 46 25 27 0.7535168 
222 103 11 13 0.579706 
205 133 10 12 0.26894453 
175 117 11 14 0.24810785 
200 109 12 16 0.23223978 
168 86 9 11 0.16657257 
227 141 11 15 0.14335504 
254 106 11 15 0.13375717 
305 142 14 18 0.12160495 
237 93 10 12 0.11645739 
184 86 11 14 0.10417865 
351 129 14 19 0.08902144 
245 115 10 15 0.07390355 
240 124 10 14 0.07037762 
259 108 11 15 0.068769805 
233 176 10 12 0.067812845 
184 72 9 11 0.06502702 
182 134 9 12 0.06453767 
963 43 48 63 0.06445742 
250 108 10 15 0.06375543 
328 117 16 21 0.06255425 
292 130 11 13 0.060977746 
226 108 10 13 0.05894573 
261 115 11 14 0.0572036 
190 103 11 14 0.055699117 
2 216 15 23 0.055066776 
237 88 9 12 0.054662038 
181 76 11 12 0.054510824 
230 180 10 13 0.053878404 
222 113 12 15 0.053556003 
321 166 11 13 0.048894707 
255 113 11 15 0.0479435 
245 95 8 11 0.04653151 
247 102 9 11 0.04546084 
203 103 13 15 0.045319375 
168 91 10 14 0.04469524 
176 79 9 12 0.04453123 
237 155 10 13 0.043445587 
234 89 8 11 0.041210696 
143 31 8 10 0.04043023 
53 86 11 14 0.03992426 
256 84 10 12 0.039868154 
227 102 10 13 0.0396017 
174 54 8 10 0.03903194 
329 95 9 12 0.038883433 
47 3 11 12 0.03850007 
7 47 17 22 0.03729488 
239 99 11 12 0.03659687 
127 75 12 15 0.035792504 
1006 3 15 19 0.035515986 
194 117 10 13 0.035003975 
213 95 10 12 0.034958165 
148 84 10 11 0.033276893 
208 93 11 13 0.033078335 
333 100 14 17 0.032982692 
161 48 7 9 0.03280413 
256 79 9 11 0.03194593 
263 81 10 11 0.031735312 
55 91 11 15 0.03070064 
97 77 11 13 0.03041688 
200 68 9 12 0.030328779 
233 76 9 11 0.030185733 
198 86 9 12 0.029897964 
224 64 8 11 0.029897422 
225 137 9 11 0.029874226 
239 75 9 12 0.028578578 
216 69 9 10 0.027922634 
23 44 18 21 0.027898006 
265 61 10 13 0.027561206 
332 94 14 15 0.027291333 
181 111 10 12 0.027157497 
206 86 10 12 0.026895963 
189 70 9 12 0.02678127 
214 78 9 11 0.026711805 
303 122 11 16 0.026696183 
200 124 10 13 0.026695836 
308 123 12 15 0.02612515 
246 72 9 11 0.025914785 
275 111 14 17 0.025701292 
265 48 8 9 0.025137516 
199 64 9 11 0.02487824 
328 105 21 28 0.024873907 
277 100 12 14 0.024530686 
223 69 8 11 0.02436879 
980 18 29 35 0.024040751 
173 99 10 11 0.02309105 
132 71 11 14 0.023018984 
220 167 10 11 0.02273367 
140 100 11 13 0.021986632 
342 91 13 17 0.021890752 
192 39 7 10 0.021784008 
232 71 9 12 0.021597639 
270 103 10 12 0.02157792 
191 63 9 10 0.021242306 
185 64 8 10 0.021186652 
86 114 11 14 0.021174219 
175 48 8 11 0.021069363 
181 139 10 13 0.020990133 
339 110 17 22 0.020967314 
117 39 9 12 0.020682069 
223 86 9 11 0.020655813 
166 29 9 10 0.020539459 
12 65 24 28 0.02042116 
287 126 9 12 0.020382872 
