36_Football_americanfootball_ball_36_6
191
938 153 14 17 0.9915215 
406 156 16 20 0.98648435 
610 251 16 21 0.9809373 
613 161 13 17 0.97035754 
652 160 14 19 0.9679741 
355 169 13 17 0.96235687 
300 173 14 17 0.9603534 
353 270 14 19 0.9581686 
596 216 13 17 0.95761436 
565 124 14 17 0.9405989 
251 171 14 16 0.92548335 
398 194 14 17 0.9184156 
377 217 14 18 0.9124089 
443 196 22 27 0.8909122 
492 168 15 20 0.8387102 
573 271 15 17 0.82650226 
24 152 15 18 0.7818378 
646 230 13 16 0.78089803 
969 259 13 16 0.75146234 
479 242 37 40 0.7216928 
548 221 12 15 0.5357079 
801 119 40 57 0.52939457 
994 154 13 17 0.52606595 
166 155 30 32 0.39115512 
988 222 12 16 0.38596678 
121 101 41 54 0.37384152 
451 174 11 15 0.35077143 
318 202 11 15 0.2652758 
576 198 12 16 0.25657 
764 135 45 55 0.22858703 
250 271 15 18 0.21829927 
1014 211 9 14 0.21613035 
643 279 28 33 0.21555062 
19 188 23 28 0.17425641 
949 245 11 15 0.15172562 
287 205 10 12 0.14544961 
295 224 10 12 0.14428388 
418 312 50 62 0.1363307 
544 226 16 18 0.12757157 
990 264 9 12 0.123081185 
493 194 15 18 0.122276016 
3 317 27 29 0.12214691 
157 161 30 41 0.10980142 
1001 251 9 13 0.10627076 
957 211 12 17 0.10440001 
637 321 22 31 0.1024371 
962 203 14 18 0.09460812 
267 231 10 14 0.09183823 
647 289 16 19 0.0863559 
974 221 11 14 0.07945115 
300 244 15 18 0.07617246 
824 126 35 43 0.072696574 
602 300 17 18 0.07206723 
344 212 11 14 0.06709675 
544 215 13 16 0.066542454 
558 294 15 18 0.062984765 
546 250 13 18 0.062307294 
957 219 10 14 0.05995212 
637 257 41 48 0.05826162 
0 206 9 16 0.05473867 
777 191 56 60 0.054305274 
721 184 29 38 0.053765718 
366 201 15 20 0.053556792 
926 212 10 14 0.053404223 
324 137 12 15 0.05115807 
507 268 13 17 0.04956249 
759 169 59 66 0.048777927 
790 126 31 49 0.04822536 
574 236 11 16 0.04759408 
73 192 30 34 0.046948243 
591 164 12 17 0.04655176 
983 261 10 13 0.045337986 
746 150 51 54 0.045263868 
14 192 16 19 0.045029104 
985 244 10 14 0.044957135 
959 326 11 15 0.0447241 
714 173 28 37 0.04465292 
996 143 12 15 0.043129824 
507 202 13 17 0.043081578 
534 192 13 17 0.042780254 
229 167 11 13 0.04195007 
911 231 24 27 0.040765952 
50 284 36 42 0.04065081 
499 200 16 18 0.04044209 
840 132 26 34 0.04033215 
562 249 15 16 0.039701346 
44 189 13 17 0.03944686 
448 169 10 12 0.03882664 
989 251 10 13 0.03868875 
709 173 52 61 0.038038164 
142 170 44 60 0.03749474 
498 173 16 21 0.037426267 
677 180 10 13 0.03648381 
956 244 12 16 0.03644314 
23 198 28 31 0.036007132 
260 309 12 15 0.035916016 
321 139 10 13 0.035846733 
868 154 25 29 0.035243563 
679 175 10 13 0.034949463 
317 150 10 12 0.034849744 
0 237 10 16 0.03482486 
4 191 23 31 0.034192346 
995 191 14 18 0.034017365 
19 320 14 17 0.033252228 
723 137 13 15 0.033214558 
554 219 12 15 0.033038795 
70 165 45 53 0.032777578 
1006 258 12 15 0.032530025 
1 367 10 16 0.032458007 
415 188 12 15 0.031799924 
959 199 13 16 0.030940097 
599 276 12 14 0.030878317 
613 343 14 17 0.030764583 
938 293 10 13 0.030503033 
0 238 21 31 0.02984963 
27 318 12 14 0.029689549 
304 178 13 16 0.02961745 
1013 259 12 16 0.029176388 
76 200 17 22 0.02911186 
409 285 46 55 0.028854067 
713 171 18 21 0.028813615 
6 195 12 16 0.028327463 
490 254 32 39 0.027848504 
566 219 11 14 0.027809175 
628 323 15 20 0.027759552 
995 167 13 17 0.027639277 
144 200 35 51 0.027281646 
982 215 13 18 0.027182588 
675 189 87 102 0.02694924 
353 463 11 13 0.026891358 
272 213 10 13 0.026637787 
919 211 13 16 0.026070178 
966 217 13 16 0.025709566 
658 289 16 19 0.025381548 
548 257 13 19 0.025272725 
565 152 16 19 0.024835572 
545 215 21 25 0.02476002 
558 119 12 14 0.024664711 
420 193 13 16 0.02437247 
771 137 20 25 0.02421267 
410 218 14 18 0.02417055 
597 269 12 16 0.024101207 
2 203 14 18 0.023883859 
983 253 10 13 0.023737649 
723 157 46 57 0.0235363 
247 230 10 14 0.02329078 
673 183 11 12 0.02325336 
143 126 43 58 0.02320421 
973 212 11 16 0.023099424 
883 153 15 20 0.023074716 
899 229 26 31 0.023071477 
279 175 11 13 0.023014318 
549 267 13 20 0.022892218 
624 143 10 13 0.022678196 
505 169 14 20 0.02267591 
877 219 14 18 0.02255926 
893 153 14 20 0.022470143 
325 158 12 15 0.022342412 
710 204 27 39 0.022253303 
542 163 14 17 0.022171963 
35 186 16 20 0.022106344 
997 261 11 14 0.022084467 
268 153 13 16 0.021906499 
984 237 11 14 0.02183322 
548 228 23 27 0.0216729 
284 180 11 14 0.02165706 
296 168 11 14 0.021511901 
542 238 21 26 0.021277653 
626 309 13 14 0.021257747 
443 187 18 21 0.021254353 
110 103 32 38 0.021241412 
136 123 31 39 0.021224963 
529 196 22 30 0.02114651 
855 127 41 56 0.021104721 
355 315 24 32 0.021034097 
79 188 12 16 0.020870736 
350 325 11 13 0.020691691 
611 318 38 46 0.020672673 
873 210 27 32 0.02064064 
925 275 10 14 0.020386392 
893 243 26 34 0.020368805 
345 317 8 12 0.020308357 
955 324 22 28 0.020236198 
318 162 12 15 0.020206716 
596 260 13 17 0.02016349 
297 251 20 27 0.020162784 
591 265 13 16 0.02011682 
391 189 14 19 0.020110918 
754 114 80 97 0.020092279 
313 150 9 12 0.020077389 
299 227 11 12 0.020017589 
