36_Football_americanfootball_ball_36_487
2144
167 237 14 17 0.9766267 
801 331 27 29 0.9764666 
276 198 12 16 0.96308225 
46 253 13 16 0.9589276 
55 303 14 21 0.952376 
204 231 12 16 0.9388105 
222 251 13 17 0.89567536 
380 67 11 14 0.8847176 
513 196 12 16 0.8793349 
284 79 10 13 0.87729335 
63 221 12 16 0.8682962 
291 258 13 16 0.8633941 
608 242 12 15 0.86006254 
89 220 12 17 0.8587515 
168 117 11 13 0.8583667 
374 251 12 16 0.85713065 
114 52 10 12 0.84247935 
296 183 12 14 0.83912545 
860 148 10 14 0.8358792 
916 164 11 15 0.83077085 
144 166 12 15 0.8282985 
112 88 11 13 0.8237007 
6 216 11 14 0.81436455 
101 155 11 14 0.8105007 
657 182 9 12 0.8090425 
13 143 11 14 0.8048494 
129 140 10 12 0.8047917 
27 234 12 17 0.7954277 
871 230 12 15 0.7954203 
905 189 10 13 0.7949917 
380 44 10 14 0.79246396 
960 174 10 14 0.7915335 
823 207 12 14 0.7913611 
231 232 14 16 0.78006977 
887 199 10 13 0.7680521 
292 159 11 13 0.7672706 
585 221 11 14 0.7635089 
884 19 12 15 0.7544668 
371 96 12 16 0.75181216 
950 119 10 12 0.7480961 
526 245 11 16 0.7453602 
396 250 12 15 0.74110496 
908 121 11 15 0.7370584 
195 174 11 14 0.72812915 
103 175 12 16 0.7211727 
885 163 11 15 0.716876 
896 225 12 16 0.7163654 
628 228 11 14 0.7158563 
900 271 14 17 0.71435004 
921 180 10 14 0.7051196 
359 273 13 17 0.7047637 
885 43 11 13 0.70129836 
339 85 12 15 0.6934872 
59 157 10 13 0.6920731 
413 232 11 14 0.6867612 
839 42 10 14 0.68335336 
919 210 12 15 0.6745816 
774 244 11 14 0.6744649 
70 196 12 14 0.67122245 
625 6 11 13 0.66261345 
767 111 9 11 0.6598319 
799 222 9 11 0.65544933 
197 6 8 10 0.6496548 
719 231 10 12 0.63051355 
16 93 9 11 0.6292166 
880 126 10 13 0.6288695 
83 257 12 15 0.625259 
606 44 9 11 0.61948013 
319 186 11 14 0.6112431 
184 16 9 13 0.6098494 
318 52 9 13 0.59776354 
86 108 11 14 0.59636045 
437 29 8 11 0.596296 
670 78 8 10 0.5957503 
622 185 9 11 0.5924831 
973 7 11 13 0.5897785 
417 253 13 15 0.5856402 
942 143 10 13 0.58519804 
844 211 10 13 0.5833365 
99 244 12 16 0.57944775 
674 238 9 12 0.578248 
95 92 9 12 0.577484 
392 54 8 12 0.5740521 
977 102 9 12 0.57173175 
85 34 11 14 0.56837094 
164 15 10 14 0.56670684 
312 275 16 20 0.56510514 
13 66 10 13 0.56323063 
174 99 11 13 0.5629133 
927 119 8 11 0.5620331 
797 50 11 14 0.561051 
826 168 9 11 0.55972296 
716 126 8 12 0.5587696 
321 255 10 13 0.55868715 
77 135 10 14 0.5553422 
872 180 11 13 0.554578 
544 197 11 13 0.55302376 
843 174 9 13 0.55244285 
328 36 10 13 0.5512547 
392 86 10 13 0.54533905 
625 73 10 13 0.54407024 
1001 171 10 13 0.5413816 
451 37 8 11 0.5409432 
264 35 9 12 0.5407204 
235 23 10 12 0.53982025 
32 103 10 13 0.5385939 
844 2 11 14 0.5375534 
913 55 11 13 0.53600395 
365 238 11 13 0.5351312 
697 118 10 12 0.5345781 
562 11 9 12 0.52705 
701 246 12 15 0.5230571 
304 92 10 12 0.5175231 
659 207 11 13 0.5146794 
459 284 21 26 0.5136895 
59 53 10 12 0.5119431 
41 59 9 12 0.50983626 
60 142 9 11 0.5082354 
768 195 9 11 0.5079485 
8 108 9 11 0.5072841 
727 199 11 13 0.5072636 
790 172 10 13 0.49825066 
941 103 10 12 0.49635842 
357 181 10 14 0.49450174 
770 31 10 12 0.49332097 
986 226 13 15 0.48818672 
228 77 9 11 0.4873408 
940 173 11 13 0.48455533 
253 158 10 12 0.4760018 
630 204 11 14 0.47549686 
130 47 10 13 0.46997884 
10 36 10 12 0.46892732 
398 133 11 14 0.46863535 
285 5 9 12 0.46484476 
336 278 11 14 0.46279055 
398 93 10 14 0.4610537 
65 180 10 12 0.45458305 
432 189 8 11 0.45306015 
40 135 10 12 0.45217457 
749 247 11 14 0.45020232 
703 78 10 12 0.4485358 
913 232 11 14 0.44804573 
943 87 11 12 0.4475607 
81 68 10 12 0.44623417 
64 92 9 12 0.44622898 
454 57 9 12 0.44484147 
181 68 10 12 0.4446206 
971 253 16 19 0.4432592 
704 208 9 12 0.44272175 
865 39 11 13 0.4422449 
506 71 9 12 0.44200492 
25 173 9 12 0.43962538 
257 76 9 12 0.43472153 
533 83 9 13 0.4302078 
480 36 8 11 0.42486247 
325 107 9 12 0.4239037 
30 20 9 12 0.42345405 
143 102 10 13 0.41983187 
941 226 11 13 0.4183859 
1010 147 10 14 0.41759396 
46 69 10 14 0.41645744 
533 197 11 14 0.4156818 
864 314 24 30 0.41566643 
201 69 10 13 0.41338032 
309 13 8 11 0.41178933 
554 222 9 13 0.40799582 
709 14 8 11 0.4077475 
793 326 24 28 0.40590116 
900 88 9 13 0.40584698 
462 182 10 13 0.40468135 
486 202 13 15 0.40343413 
598 134 10 13 0.39816374 
278 163 9 12 0.3931933 
661 30 9 11 0.39286146 
977 176 8 10 0.3842462 
736 71 9 12 0.38229415 
272 104 10 13 0.3809503 
537 110 10 12 0.38002798 
975 124 9 11 0.3784273 
924 272 15 17 0.37725884 
419 106 11 14 0.37352416 
796 93 8 10 0.36991942 
976 144 10 12 0.36965406 
136 29 10 12 0.3693458 
285 231 9 12 0.36502838 
349 129 14 17 0.3646426 
320 72 9 10 0.36392522 
328 12 10 13 0.35845953 
946 38 9 11 0.35008085 
764 143 11 13 0.3493095 
790 200 10 12 0.3488623 
20 308 13 20 0.34784058 
528 24 8 10 0.34620723 
789 32 10 14 0.34551984 
823 132 12 15 0.34351557 
126 32 8 11 0.34332722 
191 85 9 12 0.34148186 
575 39 9 12 0.34092587 
940 256 16 20 0.34043097 
494 127 10 12 0.33792087 
58 102 8 11 0.33721185 
483 308 24 30 0.33569446 
6 304 17 21 0.33225042 
504 99 10 12 0.3307705 
383 283 13 16 0.3305594 
930 14 9 12 0.32992613 
205 77 8 10 0.32925537 
40 93 10 12 0.32751134 
388 231 12 15 0.32660115 
1004 101 9 11 0.3264994 
81 16 11 12 0.32119918 
103 35 10 12 0.31914335 
817 236 10 12 0.31697682 
457 330 24 31 0.31677076 
777 302 17 19 0.31649613 
219 219 12 15 0.31558335 
190 31 10 12 0.31480932 
641 46 8 11 0.3140337 
706 94 9 12 0.31257346 
462 84 10 12 0.31189632 
601 87 9 13 0.3094458 
230 151 9 11 0.30731395 
950 21 9 11 0.30727145 
449 133 11 13 0.3056982 
589 31 9 12 0.304567 
350 48 8 11 0.3038714 
863 104 10 13 0.3010107 
231 156 9 12 0.30042434 
725 31 9 12 0.29824945 
688 184 8 11 0.29609922 
248 104 10 13 0.29230827 
257 117 11 14 0.29187408 
1 123 9 13 0.29147756 
42 126 8 10 0.2894275 
62 38 10 11 0.2891358 
298 55 9 11 0.28898102 
98 141 9 12 0.28816423 
426 141 11 14 0.2879624 
228 134 10 12 0.287362 
917 171 12 16 0.28636742 
393 13 8 11 0.28580564 
141 250 12 15 0.28459865 
678 96 8 10 0.28377256 
885 79 10 13 0.2822946 
909 14 10 13 0.2815174 
117 255 11 14 0.28031406 
424 65 10 14 0.2797613 
758 175 9 13 0.2782567 
300 103 10 12 0.27738267 
6 258 10 13 0.2764921 
913 76 9 12 0.27645263 
861 77 10 13 0.2705618 
813 54 8 11 0.27046633 
805 277 13 15 0.2697916 
458 184 9 11 0.2687429 
808 38 9 12 0.26768723 
223 2 10 11 0.2676649 
733 247 9 12 0.26554093 
86 181 9 12 0.2655162 
1012 244 10 16 0.2646944 
175 46 9 12 0.2637217 
24 77 10 12 0.26265246 
159 62 9 11 0.26138255 
551 38 10 12 0.2613723 
466 133 8 12 0.26114288 
767 166 9 11 0.2594465 
847 256 11 13 0.25899217 
199 64 11 12 0.25850433 
752 259 12 15 0.2574648 
444 190 11 13 0.25581467 
85 14 9 11 0.2555198 
1013 21 8 11 0.255173 
105 8 9 12 0.25426543 
454 112 11 13 0.2515361 
495 39 10 12 0.25119343 
488 104 9 12 0.25116205 
773 0 9 11 0.25035745 
285 286 15 19 0.2489463 
422 284 13 17 0.24874103 
924 96 9 13 0.2481136 
605 87 9 11 0.24783482 
875 314 21 26 0.24749768 
231 92 9 11 0.24745831 
652 78 8 10 0.2459107 
662 112 7 10 0.2445831 
334 62 10 12 0.24432322 
871 204 8 11 0.24431789 
100 202 10 13 0.23946755 
695 28 9 12 0.23728482 
678 11 10 12 0.23707968 
646 87 9 12 0.23590447 
634 134 8 11 0.23525797 
310 167 11 13 0.23470813 
90 340 15 18 0.23269977 
919 23 8 10 0.23226538 
567 222 8 11 0.23198964 
119 107 9 12 0.23098771 
828 181 11 14 0.22879463 
684 277 13 16 0.22798826 
620 283 12 14 0.22444087 
575 192 9 13 0.22407916 
185 33 9 11 0.22349235 
341 180 11 13 0.22213405 
264 294 10 14 0.22206923 
18 124 9 11 0.21907748 
334 249 11 15 0.21835798 
582 104 9 11 0.21696782 
151 124 9 12 0.21675609 
523 278 15 20 0.2163798 
389 178 10 12 0.21623413 
63 116 9 11 0.21558453 
538 341 18 25 0.21385705 
806 46 11 13 0.21371703 
991 104 9 11 0.21353984 
1002 30 8 10 0.21298099 
1 218 9 14 0.21293862 
40 164 10 12 0.21174084 
862 70 11 13 0.21067299 
728 6 9 11 0.20846881 
60 150 10 14 0.2076644 
360 19 10 13 0.20738085 
488 238 18 23 0.20645703 
673 59 9 11 0.20639138 
508 95 9 12 0.2063103 
535 260 13 16 0.20587957 
362 4 9 10 0.2056088 
104 267 13 18 0.20540598 
288 213 10 12 0.2053465 
629 97 8 11 0.20408152 
327 135 11 15 0.20325714 
335 181 10 13 0.20111476 
299 288 14 21 0.20003067 
223 93 8 11 0.19752678 
598 4 8 10 0.19587494 
783 13 10 13 0.19478045 
543 290 17 22 0.1945781 
616 143 10 11 0.19448774 
436 94 11 12 0.1940604 
262 248 12 16 0.1940522 
745 231 8 11 0.1937689 
957 54 8 10 0.19121511 
496 14 9 11 0.19088395 
326 183 10 14 0.19062898 
238 220 10 12 0.19034575 
368 250 12 16 0.18733348 
946 22 8 11 0.1871971 
966 39 8 11 0.18593135 
844 87 9 12 0.18513335 
688 74 10 12 0.18457876 
479 213 14 17 0.1836422 
347 297 13 17 0.18351084 
317 27 9 12 0.18326649 
46 119 8 11 0.18184915 
932 237 15 16 0.18131374 
438 46 8 10 0.18083833 
76 321 14 17 0.18052664 
681 109 9 12 0.17843677 
29 150 9 12 0.17543295 
109 11 9 12 0.17492157 
828 91 10 13 0.17490764 
171 343 12 15 0.17333658 
177 70 10 12 0.17270344 
521 62 10 11 0.17216524 
563 309 16 21 0.17200904 
424 29 7 11 0.1714628 
740 275 14 19 0.1713059 
85 152 9 11 0.17123608 
645 198 8 10 0.1711673 
82 30 10 13 0.16998677 
146 64 8 10 0.16977727 
820 115 11 12 0.16958721 
814 160 9 12 0.16886124 
922 38 8 11 0.16831097 
0 72 7 11 0.16821869 
574 0 8 9 0.16787605 
365 243 12 16 0.16730568 
505 2 8 9 0.16715421 
385 216 9 12 0.16705953 
592 5 9 11 0.16686887 
721 86 9 11 0.16670759 
56 11 11 13 0.1660735 
157 71 10 13 0.16587366 
566 126 8 10 0.16214143 
246 84 9 11 0.16210245 
968 223 10 12 0.16181701 
140 24 11 12 0.16151379 
230 4 10 13 0.16143547 
573 275 12 14 0.16099301 
25 314 13 17 0.16075762 
23 169 9 12 0.16042484 
567 145 8 11 0.16009605 
718 192 9 11 0.15982416 
482 134 9 11 0.15844174 
366 313 17 20 0.15810804 
56 111 9 11 0.15763308 
262 123 10 15 0.15733518 
298 107 11 13 0.15686466 
582 36 10 12 0.15635933 
510 3 7 10 0.15635256 
277 317 15 18 0.15627313 
503 280 13 17 0.15584229 
577 111 9 11 0.15541731 
982 240 13 17 0.15475273 
85 64 8 11 0.15471491 
1004 96 10 11 0.15378474 
342 224 10 12 0.15363143 
344 52 9 11 0.1529934 
553 31 8 11 0.15245984 
245 275 10 13 0.15208659 
13 242 14 16 0.15177193 
221 358 10 13 0.15094984 
645 16 9 11 0.14998312 
519 40 8 11 0.14962737 
49 150 7 10 0.14961964 
624 99 9 12 0.14900768 
617 317 17 21 0.1484663 
704 85 9 11 0.1479584 
353 77 9 12 0.1462634 
296 60 10 13 0.14566705 
234 47 9 12 0.14537913 
475 316 24 32 0.1450557 
994 1 9 11 0.14431839 
445 78 8 11 0.14426573 
700 184 9 12 0.14417148 
672 10 11 14 0.14399444 
999 14 8 10 0.14323723 
46 282 14 19 0.14305674 
36 100 11 13 0.14298835 
886 276 10 13 0.14264953 
907 289 11 13 0.14216135 
367 187 8 11 0.14200127 
154 78 9 12 0.14183316 
161 36 10 12 0.14113012 
695 184 11 13 0.14110157 
287 1 9 11 0.14004819 
951 134 11 14 0.14003004 
0 54 8 12 0.13978578 
891 197 11 13 0.13936727 
708 289 13 16 0.13915162 
95 316 12 17 0.13832997 
230 118 7 10 0.13809657 
766 171 10 13 0.13787657 
232 51 9 12 0.13781011 
23 70 9 12 0.13753822 
934 7 10 11 0.1373739 
154 320 14 18 0.13707957 
463 0 11 11 0.1363042 
254 109 9 12 0.13624452 
812 47 9 12 0.13572426 
6 244 10 14 0.13530818 
896 106 11 15 0.13495968 
241 292 13 16 0.13484235 
882 307 15 20 0.1339452 
693 25 8 10 0.13318913 
700 289 15 18 0.13305752 
711 21 8 11 0.13274759 
263 353 13 16 0.13264908 
781 76 9 13 0.132498 
167 46 8 11 0.13245407 
587 268 15 20 0.13216157 
780 276 11 13 0.13179849 
344 292 13 16 0.13111176 
237 6 9 11 0.13078131 
784 158 9 12 0.13045967 
679 101 9 11 0.13007978 
707 245 11 15 0.12985083 
943 65 9 11 0.12960055 
709 77 9 11 0.12880108 
592 75 9 12 0.12862518 
685 7 9 11 0.1283425 
926 124 9 12 0.12754476 
646 46 9 12 0.1274764 
710 98 10 12 0.12652715 
542 13 8 11 0.12643182 
413 315 16 20 0.12619062 
198 2 9 10 0.12589517 
70 313 15 20 0.12575226 
48 74 9 12 0.12572563 
910 316 21 26 0.12480915 
733 275 15 18 0.12471667 
485 218 14 16 0.1243631 
279 142 10 12 0.12422901 
726 115 10 12 0.122863874 
213 63 8 11 0.122660585 
427 282 13 16 0.122369416 
865 62 10 13 0.12231119 
695 76 9 11 0.12188323 
125 110 8 11 0.12141163 
721 196 9 13 0.12041563 
797 244 11 12 0.12030358 
948 227 10 12 0.12018233 
647 111 8 11 0.11985522 
153 84 9 11 0.11849729 
612 120 9 11 0.117835976 
169 285 11 15 0.11770718 
344 8 9 11 0.11730218 
502 16 8 10 0.117037125 
737 123 10 13 0.11690267 
210 118 8 11 0.11594517 
252 307 13 17 0.115836464 
761 292 11 14 0.11569682 
837 269 13 15 0.115656585 
253 231 10 13 0.115250476 
1008 239 12 13 0.115122885 
705 47 8 12 0.11472168 
618 137 8 9 0.11467252 
654 72 7 10 0.11429064 
817 205 9 12 0.11399333 
951 31 8 11 0.1135207 
869 290 12 16 0.11262024 
64 30 9 11 0.11253435 
883 14 10 13 0.11251903 
598 78 8 10 0.11233677 
1003 39 10 12 0.11192735 
39 289 13 17 0.11137857 
246 182 8 11 0.111048244 
30 8 8 10 0.1109788 
98 150 10 12 0.110549495 
777 227 9 13 0.11053306 
407 336 13 18 0.10998931 
416 182 10 12 0.10976473 
1014 180 9 13 0.10967711 
502 40 9 11 0.1095461 
529 81 10 11 0.10854273 
327 344 15 18 0.10827327 
775 61 9 12 0.107717134 
948 140 12 14 0.10709214 
581 272 14 18 0.10703958 
273 163 9 12 0.10702705 
198 46 9 11 0.10682041 
64 24 10 11 0.10681636 
22 86 10 13 0.106670454 
557 28 10 12 0.10635563 
57 48 10 13 0.106148414 
782 183 9 12 0.105249956 
172 122 10 13 0.104799256 
231 173 9 11 0.10454467 
157 87 11 12 0.10448611 
786 141 8 11 0.104465716 
21 120 9 12 0.10429991 
296 70 10 12 0.10425378 
268 36 10 11 0.1039416 
879 214 10 12 0.10383122 
884 132 9 13 0.10313204 
913 159 11 15 0.10310655 
582 262 13 15 0.10281631 
809 59 11 13 0.102656014 
508 321 24 28 0.10254072 
197 38 8 10 0.10246179 
260 71 9 12 0.10234247 
29 37 8 11 0.10233756 
38 182 9 10 0.102092564 
518 15 8 11 0.10173924 
94 6 9 11 0.10172422 
199 21 10 11 0.101621635 
436 110 10 11 0.10110755 
836 30 10 13 0.10078567 
734 13 10 12 0.10001629 
671 220 9 11 0.1000017 
127 246 11 14 0.09960667 
32 190 10 13 0.09889479 
335 164 12 15 0.09873556 
703 226 9 12 0.09868584 
864 83 9 12 0.09827793 
942 167 11 14 0.09813696 
94 24 8 10 0.098124936 
877 174 10 14 0.09809023 
832 79 8 10 0.09794224 
278 193 11 14 0.097935095 
477 287 15 19 0.09769655 
333 119 11 13 0.09762291 
640 110 8 12 0.0974166 
357 95 10 13 0.09736338 
852 130 10 14 0.097285464 
743 208 9 11 0.09723073 
584 72 8 11 0.09700475 
334 270 13 17 0.096741125 
390 204 9 12 0.09667149 
549 94 10 13 0.096394464 
271 147 8 12 0.096164785 
616 102 9 11 0.09597653 
150 235 11 13 0.09584869 
777 16 9 11 0.09504639 
665 307 14 17 0.094557524 
449 59 10 13 0.09431469 
270 128 10 12 0.09418077 
879 137 11 14 0.0941387 
662 252 14 19 0.09403923 
229 141 9 13 0.093729 
937 179 12 13 0.09356078 
708 207 8 11 0.09334066 
957 22 9 12 0.09333873 
648 116 8 11 0.09329279 
336 172 11 14 0.09313063 
876 222 10 13 0.09287361 
531 252 13 15 0.09251604 
373 165 9 12 0.092504926 
840 235 11 13 0.091334805 
773 190 10 13 0.09130598 
936 109 9 12 0.09106744 
311 22 11 13 0.09101136 
507 274 19 24 0.09095621 
68 176 10 12 0.09076612 
786 204 9 12 0.09072974 
599 110 8 10 0.090671085 
825 87 10 12 0.09062583 
88 9 9 11 0.09058419 
567 252 11 13 0.09047186 
672 29 9 11 0.089985475 
834 37 10 14 0.089689784 
711 9 8 11 0.08925323 
720 36 9 11 0.08914842 
340 246 11 15 0.08903856 
809 275 15 16 0.08858413 
223 228 13 17 0.08854424 
950 112 9 12 0.08826967 
383 49 10 13 0.08816486 
24 266 10 14 0.08783217 
253 13 9 12 0.087706625 
818 110 10 13 0.08755314 
353 100 11 13 0.08754228 
217 86 8 10 0.08730609 
905 17 10 14 0.08711105 
950 47 9 12 0.087109484 
516 192 11 14 0.086975016 
301 78 8 10 0.0866558 
649 52 9 11 0.08661466 
23 148 9 12 0.08639867 
196 29 10 13 0.086373076 
380 73 12 15 0.086323135 
133 246 13 15 0.0862755 
333 6 9 11 0.086148 
15 55 9 12 0.08593679 
193 168 9 12 0.08577863 
741 174 10 13 0.08573305 
1013 70 9 12 0.08562732 
249 443 9 12 0.085498944 
565 101 8 11 0.08547625 
458 78 9 11 0.08536987 
608 126 8 10 0.08528521 
422 47 8 12 0.08521744 
720 4 9 12 0.084840894 
491 220 12 15 0.08461997 
278 59 10 13 0.08450728 
486 132 10 12 0.084306814 
857 72 9 13 0.083683714 
948 84 9 12 0.08308503 
57 96 9 11 0.08303428 
352 317 12 16 0.08298323 
520 22 9 12 0.08287237 
774 20 10 12 0.08272477 
550 1 8 9 0.08258817 
917 71 8 11 0.082370214 
845 299 16 20 0.08227865 
622 134 8 10 0.08221456 
968 103 8 10 0.08195577 
602 182 7 11 0.08164682 
727 324 11 15 0.081567936 
482 284 14 18 0.08152168 
452 31 9 12 0.08094942 
583 129 7 9 0.08065587 
674 0 7 7 0.080592714 
218 1 9 10 0.08042519 
582 133 8 10 0.07997116 
110 29 9 13 0.07984614 
852 5 10 13 0.0796596 
55 115 9 11 0.07949525 
588 309 13 18 0.07884457 
755 246 11 13 0.07884027 
288 150 9 11 0.07859844 
132 195 12 15 0.07840073 
901 215 10 12 0.078255825 
613 126 8 10 0.078137204 
360 250 13 15 0.07785563 
182 46 8 11 0.07758932 
981 182 10 13 0.07742372 
457 84 11 13 0.07717033 
1000 23 9 11 0.07651694 
791 178 10 13 0.07645646 
132 316 14 16 0.07637552 
653 144 10 12 0.07632509 
294 0 8 9 0.07628505 
736 357 9 12 0.07580387 
927 110 10 13 0.075649515 
814 335 18 23 0.07557273 
3 254 10 14 0.07545553 
432 226 11 15 0.075447075 
32 155 9 12 0.075416744 
774 271 12 14 0.07508551 
728 276 12 15 0.074816205 
45 298 15 20 0.0747933 
296 77 9 12 0.07472052 
876 298 18 21 0.07457879 
680 315 15 19 0.07441599 
100 282 13 18 0.07434765 
703 72 9 12 0.07431302 
511 313 15 19 0.07421896 
303 124 9 10 0.07417676 
206 63 9 11 0.07407371 
542 55 8 12 0.07343296 
226 125 9 10 0.07330402 
1009 22 8 10 0.07329635 
223 85 9 12 0.07320127 
641 198 8 10 0.073137276 
695 37 9 12 0.07309583 
420 204 11 13 0.07303748 
225 73 10 12 0.07296717 
96 1 8 9 0.07295616 
732 205 10 12 0.07257355 
855 312 22 30 0.07248983 
631 283 12 15 0.072483756 
494 55 9 12 0.07240075 
656 128 9 10 0.07215522 
838 25 9 10 0.072028965 
701 112 10 12 0.071714684 
327 364 10 14 0.071537755 
193 2 10 10 0.07141664 
944 46 10 13 0.071329504 
249 13 9 11 0.07123247 
820 232 11 13 0.071220174 
188 14 10 13 0.07121779 
190 79 9 11 0.07102442 
715 318 13 18 0.07074475 
586 5 9 11 0.07060533 
388 218 12 14 0.07054978 
450 110 10 13 0.070207044 
61 7 11 13 0.07015831 
453 128 9 11 0.07006367 
168 141 10 12 0.07004422 
1006 107 8 11 0.06975578 
463 71 9 10 0.06975064 
798 101 10 13 0.06971128 
53 77 8 11 0.069522776 
678 0 8 9 0.069497265 
97 249 11 15 0.06924496 
753 179 10 13 0.06910114 
550 5 9 10 0.06883471 
822 302 12 15 0.06874405 
385 84 10 13 0.0686733 
839 168 12 15 0.06862395 
107 156 10 12 0.0685684 
522 28 8 11 0.06847301 
213 159 7 10 0.06844465 
791 213 8 10 0.06813478 
126 116 9 11 0.06804513 
946 32 9 11 0.06791391 
101 161 12 16 0.06778845 
793 47 11 14 0.06775801 
970 11 9 12 0.06750976 
112 103 11 13 0.06733834 
402 93 12 16 0.067128696 
4 117 10 14 0.06712499 
599 129 9 11 0.06706296 
151 63 8 11 0.06705247 
942 51 9 12 0.06675668 
928 240 13 16 0.06675562 
824 187 11 13 0.066727735 
227 243 14 19 0.06664699 
927 18 10 13 0.066605516 
622 266 12 14 0.06654755 
233 38 10 12 0.06627067 
767 86 10 13 0.06623125 
313 48 10 13 0.065988205 
939 233 14 17 0.065942414 
404 289 12 15 0.06585737 
330 408 9 12 0.06579296 
981 166 9 12 0.06572072 
340 62 10 12 0.065599866 
351 117 14 15 0.06543533 
162 44 9 12 0.06539512 
843 266 15 19 0.06538192 
392 30 10 11 0.06533766 
568 276 11 14 0.06477289 
420 246 13 16 0.064676456 
750 325 11 16 0.06444475 
537 54 8 12 0.06437403 
691 268 13 15 0.06433348 
132 204 12 15 0.06426512 
186 331 10 13 0.06417451 
333 1 9 9 0.063964605 
481 93 8 11 0.063801676 
789 21 11 12 0.06375641 
932 116 9 12 0.06372597 
681 282 10 14 0.063358225 
805 125 10 14 0.06312827 
192 91 9 12 0.06302728 
365 15 9 12 0.062797144 
215 4 10 12 0.06269271 
140 259 13 16 0.06268792 
766 78 9 11 0.062644675 
848 127 11 15 0.06225359 
298 15 8 10 0.062153485 
131 135 10 13 0.062117007 
247 7 9 10 0.062096376 
714 229 10 12 0.062064283 
734 213 9 11 0.06206264 
240 276 11 14 0.0620569 
925 188 9 12 0.062005416 
776 55 8 11 0.061940987 
340 237 10 13 0.06163189 
261 61 9 11 0.06148688 
150 274 13 16 0.061180573 
853 267 12 16 0.06110949 
418 234 13 17 0.061108947 
789 143 9 12 0.06084532 
62 135 9 12 0.060697127 
172 109 11 14 0.060673263 
945 158 9 11 0.060614303 
647 40 8 10 0.060525082 
156 310 12 13 0.060426857 
545 1 8 9 0.0603912 
313 253 10 13 0.06037066 
977 167 10 13 0.06036939 
829 136 12 14 0.060330722 
554 23 8 10 0.060325727 
503 119 8 10 0.060322393 
727 92 9 12 0.0602372 
911 8 10 12 0.06007035 
873 186 9 13 0.060045823 
679 70 8 10 0.05979082 
52 276 11 15 0.05968268 
794 221 8 12 0.059641317 
246 62 8 11 0.059538715 
844 275 15 17 0.059532095 
879 96 10 12 0.059490804 
968 119 9 12 0.05947765 
784 134 9 13 0.05921435 
636 281 14 19 0.059153263 
741 76 11 13 0.059151154 
57 38 10 12 0.059151124 
172 289 15 18 0.059123613 
262 56 8 11 0.05902515 
37 189 9 11 0.058982883 
354 293 15 17 0.058977522 
1015 119 9 12 0.058925327 
109 261 11 14 0.058873333 
961 38 8 11 0.058797095 
479 8 10 11 0.05870816 
278 134 8 10 0.058641665 
45 56 8 11 0.05860872 
900 427 12 13 0.058592483 
465 38 9 11 0.058391415 
374 160 8 12 0.05832405 
997 5 9 11 0.058111575 
182 142 9 12 0.058056686 
732 312 11 15 0.057892323 
951 80 9 11 0.05765768 
530 274 14 19 0.057592854 
725 330 12 16 0.057574023 
264 163 9 12 0.057391454 
543 7 9 10 0.057351973 
969 122 10 14 0.05721914 
242 298 15 18 0.057191648 
543 29 8 11 0.057166163 
608 111 8 10 0.05715147 
233 375 9 10 0.057091154 
958 275 12 16 0.05684884 
759 85 10 13 0.056740865 
14 100 10 13 0.05673814 
254 267 12 15 0.05670803 
308 88 9 12 0.056695927 
122 36 9 11 0.056518532 
93 37 10 12 0.056510143 
514 111 7 11 0.05649941 
526 68 8 11 0.05631042 
110 134 10 13 0.056174893 
661 230 10 13 0.056156628 
656 283 9 14 0.056115374 
159 56 9 11 0.05606299 
985 71 8 10 0.056047443 
136 102 8 11 0.05597687 
326 70 8 10 0.05587554 
318 469 9 11 0.05586583 
165 32 9 11 0.055851676 
519 183 8 10 0.05568218 
239 371 9 12 0.055506602 
892 39 10 13 0.055396028 
919 117 9 12 0.055361107 
8 294 11 15 0.055279706 
373 182 10 13 0.05517394 
198 13 9 12 0.05513059 
485 297 17 20 0.05510864 
232 214 11 13 0.055006653 
446 85 9 11 0.05500026 
920 29 9 11 0.054866284 
351 95 11 13 0.054859813 
1000 42 10 13 0.054834332 
149 217 13 16 0.054740187 
657 111 8 11 0.05468067 
960 0 9 9 0.05454891 
437 117 9 12 0.05418336 
231 165 9 12 0.05413736 
787 108 12 16 0.05408945 
533 289 14 19 0.054067034 
9 135 9 11 0.053980965 
1006 86 10 12 0.053956885 
432 100 10 13 0.05393452 
994 13 9 10 0.05392518 
453 92 11 14 0.053854965 
862 283 13 18 0.053829644 
398 221 9 12 0.053726118 
464 129 8 11 0.053643852 
985 233 14 18 0.05362906 
503 20 8 11 0.053604662 
104 103 9 11 0.05347171 
728 316 12 16 0.053134907 
371 237 11 14 0.053102892 
983 107 8 11 0.052935258 
852 259 11 15 0.052906536 
88 55 8 10 0.052874137 
863 174 12 14 0.052867137 
0 286 8 14 0.052753035 
688 40 10 12 0.052719023 
29 27 10 13 0.052714463 
62 330 14 18 0.05256949 
328 117 11 14 0.05241782 
957 30 9 11 0.052317325 
109 141 10 11 0.052202385 
487 0 8 8 0.05216702 
447 450 14 16 0.052151367 
574 56 9 11 0.052125424 
880 276 12 14 0.052121155 
207 7 9 10 0.052047282 
811 204 9 11 0.051992636 
479 13 9 11 0.051956166 
74 308 18 22 0.05190173 
640 191 8 10 0.051793367 
551 89 9 11 0.051773716 
1000 199 12 15 0.051726498 
974 61 8 10 0.051607367 
882 204 11 14 0.05157881 
396 230 9 13 0.051557884 
790 100 11 14 0.051519033 
397 6 9 12 0.051416807 
976 97 9 11 0.051379964 
920 43 9 12 0.051366776 
9 88 9 12 0.051330857 
813 31 10 12 0.051150862 
983 39 8 10 0.051128577 
656 178 8 11 0.051084448 
641 20 11 13 0.05093008 
142 268 11 13 0.05089464 
285 144 8 11 0.050783187 
440 14 10 11 0.050720602 
231 61 10 12 0.050629195 
68 28 9 12 0.050562344 
616 279 12 15 0.050456442 
879 60 8 12 0.05024874 
727 24 9 10 0.050183423 
438 39 8 11 0.050149426 
789 261 12 14 0.050044358 
217 134 9 12 0.05000548 
206 309 11 13 0.04999348 
297 47 9 12 0.049977787 
84 21 10 11 0.049950954 
7 172 8 11 0.049931016 
563 299 15 18 0.049902134 
388 288 13 15 0.049877267 
814 262 13 15 0.04976504 
336 81 9 11 0.049522273 
153 70 10 13 0.049495418 
86 186 10 14 0.049478117 
301 61 9 12 0.049436964 
891 165 10 13 0.04943547 
901 103 10 13 0.0493992 
147 244 13 16 0.04937187 
456 6 9 11 0.049367573 
877 188 9 12 0.049340185 
519 84 10 11 0.04920141 
800 281 13 16 0.049198862 
934 20 9 12 0.049111202 
171 278 11 15 0.049067654 
390 37 10 13 0.049044006 
881 82 11 12 0.049006835 
946 123 11 13 0.048894327 
421 183 9 11 0.048875526 
16 166 9 12 0.048873294 
886 9 8 11 0.048848253 
20 240 14 18 0.04882353 
729 10 10 12 0.048786126 
686 102 9 11 0.048779443 
305 9 9 12 0.048679262 
772 88 10 12 0.048463386 
422 221 11 13 0.04843072 
917 7 9 11 0.04841616 
791 148 8 11 0.0482598 
840 178 10 13 0.048257146 
527 54 8 11 0.048224326 
70 24 9 11 0.048177168 
1009 15 8 10 0.04803098 
534 24 9 11 0.047907427 
85 335 14 18 0.04786664 
490 228 15 17 0.047866397 
1008 76 9 12 0.047834333 
289 287 20 24 0.047798935 
8 166 7 11 0.04776082 
135 0 9 9 0.04760244 
103 137 9 12 0.047568943 
446 93 11 14 0.047540586 
512 22 7 11 0.04752744 
64 126 9 11 0.0475125 
663 116 8 10 0.047507077 
663 221 8 12 0.047488254 
133 292 13 17 0.047484092 
844 232 10 12 0.047287747 
763 340 11 14 0.047261223 
538 13 8 11 0.047212962 
511 39 8 11 0.04709601 
718 93 10 13 0.047003426 
207 83 8 12 0.04691544 
748 229 10 13 0.046803772 
1006 179 11 14 0.046788782 
423 76 10 14 0.04669169 
178 40 8 10 0.046673264 
536 7 8 10 0.04666735 
799 217 8 11 0.046510994 
259 305 13 18 0.04648288 
722 110 9 11 0.046427477 
238 40 9 11 0.04635571 
785 115 11 13 0.046322007 
624 375 8 11 0.046220038 
15 46 9 11 0.046211403 
334 300 11 16 0.046169072 
864 55 11 12 0.04600364 
93 309 12 18 0.045997262 
585 24 8 10 0.045912597 
236 14 10 12 0.04585607 
249 229 10 14 0.04571512 
335 55 10 12 0.045685694 
1017 37 8 11 0.045659088 
206 301 11 13 0.04564601 
887 72 9 11 0.04562712 
81 339 12 16 0.045624696 
317 174 9 12 0.045586336 
725 237 9 11 0.045571838 
263 15 11 14 0.0454439 
567 226 10 13 0.04542835 
979 173 10 12 0.045417078 
335 46 9 12 0.045391392 
535 1 8 8 0.045350723 
704 8 10 12 0.045333203 
852 275 12 18 0.04521726 
577 70 9 12 0.045214724 
54 1 9 9 0.045205485 
448 282 12 17 0.04515273 
13 137 10 11 0.045123994 
976 256 16 20 0.045055132 
688 237 10 12 0.045042288 
0 148 7 12 0.04488869 
918 259 11 15 0.04476146 
3 246 8 12 0.04466682 
78 329 14 17 0.044666197 
881 159 12 14 0.044620216 
639 69 8 11 0.044553142 
644 283 13 18 0.044493355 
937 92 10 12 0.044394013 
526 192 10 12 0.044291504 
281 1 10 10 0.044086013 
958 169 11 14 0.044040293 
2 313 22 30 0.04401161 
701 32 8 11 0.043963104 
929 8 10 12 0.043897532 
765 136 11 13 0.043887213 
870 54 10 13 0.043854885 
385 175 10 13 0.043793093 
198 93 8 11 0.043711048 
365 78 9 12 0.043654773 
285 220 9 12 0.043643672 
417 381 12 15 0.04363924 
699 435 15 20 0.043590277 
46 87 8 11 0.043553755 
21 143 9 13 0.043516695 
135 266 13 16 0.043514326 
817 150 9 11 0.043428145 
742 258 12 16 0.04342237 
925 130 11 14 0.04340742 
82 155 9 12 0.043309923 
1 59 9 14 0.04326778 
760 7 10 11 0.04326218 
417 52 9 12 0.043218058 
170 373 12 13 0.043112453 
73 139 10 12 0.043030657 
471 53 8 10 0.04302668 
264 102 9 11 0.043000262 
379 245 13 17 0.042980257 
834 131 13 16 0.042923544 
736 19 9 13 0.04289483 
72 63 8 11 0.04283359 
831 24 9 11 0.042798292 
432 435 12 16 0.0426956 
141 36 8 11 0.042636845 
827 340 13 19 0.042508215 
49 6 9 11 0.04239266 
941 6 9 10 0.042309478 
182 118 9 12 0.042196155 
938 53 8 10 0.042187057 
501 214 10 13 0.0421719 
761 70 8 10 0.042034604 
593 88 8 10 0.04193926 
313 182 10 14 0.04192677 
440 193 12 15 0.04191953 
1007 248 15 18 0.041872922 
694 101 8 10 0.04185929 
396 284 15 18 0.041856986 
451 139 11 14 0.04181585 
542 103 9 12 0.041702934 
671 233 10 13 0.041636553 
325 146 11 15 0.04163094 
632 45 10 12 0.041614752 
967 237 13 15 0.04158331 
27 14 10 13 0.04156967 
264 219 10 12 0.041541077 
326 301 11 14 0.041489124 
241 385 9 12 0.04142397 
255 82 9 13 0.041351147 
438 88 11 11 0.041323103 
767 212 9 12 0.041295804 
506 195 10 14 0.04123419 
740 119 11 14 0.041231666 
912 112 9 12 0.04120883 
270 0 9 9 0.041112356 
552 216 9 12 0.041109882 
320 158 9 12 0.040983524 
776 184 9 11 0.040973425 
872 119 10 12 0.040961783 
453 283 18 21 0.040936194 
896 191 10 12 0.04086371 
301 48 9 12 0.040830616 
458 268 14 16 0.04079788 
607 6 9 10 0.04078402 
511 116 9 11 0.0406584 
479 276 13 16 0.040605668 
592 92 8 11 0.04060029 
940 188 10 13 0.040568896 
880 38 12 15 0.040434223 
745 223 9 12 0.040415857 
431 195 11 15 0.040295545 
425 188 9 12 0.0402831 
88 42 10 13 0.040274337 
3 195 11 15 0.04027214 
661 279 10 13 0.04025684 
282 74 17 22 0.040234897 
707 320 22 28 0.04021947 
277 326 17 22 0.040183216 
437 98 12 15 0.040158875 
99 320 14 17 0.04009176 
845 217 11 13 0.04008272 
622 1 18 22 0.04008134 
741 291 13 14 0.040034052 
810 162 9 12 0.040004484 
735 258 11 14 0.03998144 
775 68 11 14 0.03993082 
70 8 9 11 0.039929662 
697 113 9 11 0.039871667 
587 281 13 16 0.039857466 
431 203 10 12 0.039847367 
489 14 7 11 0.03984213 
295 176 10 12 0.039807726 
912 444 11 12 0.03978101 
741 15 11 13 0.03975111 
655 229 13 16 0.03974358 
244 333 11 14 0.03968812 
480 128 10 12 0.039659448 
388 185 12 18 0.039659183 
701 38 8 10 0.039653398 
463 31 10 12 0.039636083 
439 54 9 11 0.039601654 
192 62 8 11 0.039565787 
214 191 9 11 0.039526254 
239 2 8 10 0.039497107 
128 102 9 12 0.039431155 
49 112 8 10 0.039427586 
173 142 11 13 0.03941189 
1000 177 12 15 0.039335914 
260 467 10 13 0.039281 
795 198 9 12 0.039268654 
238 158 9 12 0.0392078 
239 428 9 11 0.03918463 
779 61 10 13 0.039136928 
191 292 11 14 0.039086778 
858 100 11 14 0.039072793 
198 291 11 15 0.03906368 
602 244 11 15 0.03900551 
656 202 17 22 0.038929366 
919 109 10 13 0.038909085 
821 160 11 12 0.03889696 
164 63 9 10 0.03887687 
184 265 12 16 0.0388691 
702 277 12 15 0.03885145 
865 205 9 11 0.03883007 
458 277 18 20 0.03877795 
827 118 12 14 0.038766604 
785 212 9 11 0.038654722 
636 229 10 13 0.03864176 
445 100 12 13 0.038620226 
900 233 12 16 0.038617358 
55 151 17 22 0.0385958 
198 53 10 12 0.03856552 
247 29 9 12 0.03848142 
65 187 11 14 0.038463045 
597 72 8 11 0.03841483 
377 20 10 13 0.038395014 
696 229 8 11 0.038392168 
148 268 12 16 0.03838484 
869 85 9 11 0.03831842 
57 86 8 11 0.038317718 
182 75 10 12 0.03829136 
560 69 9 11 0.03824454 
822 162 18 22 0.038243894 
417 283 11 17 0.03814876 
787 7 12 14 0.038116496 
701 257 14 16 0.03805888 
454 152 11 13 0.038020365 
462 16 9 10 0.037896775 
4 190 10 12 0.037887447 
205 22 10 11 0.037885055 
912 85 9 12 0.037827525 
79 86 9 11 0.037783973 
826 126 14 18 0.037776653 
62 59 8 11 0.037774894 
87 198 9 11 0.03775994 
767 2 11 13 0.037755594 
461 110 10 13 0.037753325 
957 169 18 23 0.037716895 
737 47 9 13 0.037557635 
912 305 22 26 0.03749863 
348 307 13 15 0.03748615 
247 162 10 13 0.03748215 
528 5 10 11 0.037416775 
350 284 13 16 0.037329897 
480 23 9 11 0.037245397 
192 47 9 12 0.037236992 
382 15 10 12 0.03723453 
352 109 13 15 0.037204176 
268 384 10 13 0.037167564 
101 304 14 20 0.037165448 
470 275 13 19 0.037141684 
867 107 10 14 0.03713739 
342 68 9 11 0.037114196 
19 249 13 17 0.03706042 
635 205 11 14 0.037036948 
110 151 9 12 0.037031595 
111 24 9 11 0.037026078 
374 171 10 13 0.03701269 
646 30 9 11 0.036991753 
974 273 15 20 0.03697189 
256 214 9 12 0.03694302 
5 183 9 11 0.036925945 
640 184 8 11 0.03689922 
323 156 13 16 0.036881227 
891 203 11 13 0.036871053 
799 108 11 14 0.036836572 
126 195 12 16 0.036832005 
707 269 13 15 0.03678396 
326 56 9 11 0.03676656 
768 270 11 14 0.036761258 
821 243 11 12 0.03668771 
30 166 9 13 0.03667489 
350 203 12 14 0.03662982 
179 64 9 11 0.03662387 
798 270 12 15 0.03659858 
144 117 9 13 0.036479555 
139 290 16 18 0.036456797 
269 220 10 12 0.03645224 
683 183 9 11 0.036450457 
494 102 9 12 0.036431212 
70 111 8 11 0.036418807 
643 269 11 14 0.03638564 
297 20 8 10 0.036381338 
377 39 11 15 0.03625585 
83 313 14 19 0.03615659 
789 275 13 16 0.0361484 
560 269 12 14 0.036140066 
388 47 10 13 0.036093045 
698 427 16 18 0.036083728 
302 118 9 12 0.03596134 
350 39 9 11 0.03590895 
326 356 13 17 0.035882395 
389 195 11 16 0.035877794 
304 174 10 12 0.035866305 
492 214 11 14 0.035839926 
868 102 11 14 0.03583923 
98 151 19 22 0.035696585 
285 205 11 14 0.03565956 
588 217 10 12 0.035658523 
191 149 8 11 0.035650652 
709 47 10 12 0.035644922 
538 60 10 12 0.035641033 
86 77 9 11 0.035639543 
31 179 9 12 0.035627827 
287 55 9 12 0.035621867 
804 221 9 13 0.035586562 
142 229 13 15 0.03556052 
568 271 21 25 0.03555602 
870 295 15 21 0.035552785 
568 121 8 10 0.035498545 
702 267 12 15 0.03541013 
447 71 9 12 0.03540641 
570 191 10 13 0.035351433 
656 103 8 11 0.035324264 
629 2 9 10 0.0353228 
279 171 9 12 0.035318296 
918 16 8 11 0.03527318 
90 93 9 11 0.035191014 
785 148 9 12 0.03518687 
874 123 10 13 0.03516388 
287 72 10 13 0.035132382 
712 28 9 11 0.03511902 
358 52 9 13 0.03508276 
937 167 10 13 0.03498545 
480 118 9 11 0.03493869 
215 46 9 11 0.03490133 
227 156 9 12 0.034876052 
215 68 9 12 0.034842655 
6 209 12 15 0.034786105 
229 219 14 17 0.034770753 
144 97 8 10 0.034708194 
134 180 10 13 0.034702282 
881 8 9 12 0.03469599 
1006 7 8 11 0.034658957 
216 197 9 12 0.03456541 
575 228 9 13 0.034508687 
975 22 8 10 0.03447892 
688 230 10 12 0.03446107 
837 79 9 11 0.034447316 
823 80 9 11 0.034437135 
245 221 10 13 0.034419466 
969 61 9 10 0.03438028 
167 114 17 21 0.03437145 
407 270 11 15 0.034371413 
486 270 13 15 0.03435498 
627 279 20 25 0.034283496 
31 144 8 10 0.034240924 
615 6 8 11 0.03423744 
490 54 8 11 0.03417993 
29 261 10 13 0.034176443 
246 38 9 11 0.034095705 
548 192 9 12 0.034006614 
445 22 10 14 0.0339484 
594 273 12 16 0.03394592 
456 72 8 11 0.03390605 
415 277 11 15 0.033878934 
883 211 11 15 0.033830054 
930 267 13 17 0.033825733 
798 30 10 12 0.033792842 
325 307 11 14 0.033753734 
938 241 16 20 0.03371885 
565 258 12 16 0.033709407 
976 29 8 10 0.033706054 
584 1 9 10 0.033696786 
327 432 9 11 0.033678472 
68 116 9 12 0.033677 
830 262 14 17 0.033676278 
327 18 11 13 0.03366617 
873 213 10 12 0.033654094 
392 19 9 12 0.033587165 
480 43 9 11 0.03358001 
463 22 8 10 0.033576954 
654 177 17 23 0.033552237 
815 111 20 24 0.033536635 
634 109 8 11 0.03351776 
808 200 10 12 0.033477273 
907 194 11 13 0.033440515 
606 49 10 13 0.03333343 
704 133 9 10 0.03321749 
512 434 11 14 0.033203457 
339 284 13 16 0.033047147 
333 31 9 12 0.033045758 
181 96 9 11 0.033003278 
225 438 10 11 0.03296369 
652 85 9 12 0.0329517 
385 207 9 11 0.03289942 
832 273 13 16 0.032891136 
647 104 8 11 0.03287713 
895 170 11 15 0.032779943 
614 37 9 11 0.032676008 
26 30 9 12 0.032638825 
529 1 8 8 0.032636464 
944 16 9 11 0.032525465 
375 292 13 16 0.03249881 
545 44 9 12 0.032479413 
319 59 10 12 0.032474168 
1007 137 18 25 0.032431547 
1013 154 9 13 0.032391734 
703 63 9 11 0.032386705 
289 60 8 12 0.032381494 
102 212 10 14 0.032328982 
79 191 10 13 0.0322975 
654 116 10 11 0.03228766 
755 252 11 14 0.03227133 
855 205 9 12 0.032254566 
1015 27 9 13 0.032244474 
785 311 24 31 0.032227285 
688 149 9 11 0.032163292 
559 4 17 22 0.032095138 
269 21 10 11 0.032080967 
240 164 9 13 0.032076154 
496 33 8 10 0.032055106 
742 198 9 11 0.032045152 
350 175 13 16 0.0320419 
343 305 12 14 0.03201137 
176 208 10 12 0.032011047 
869 77 11 14 0.03200135 
497 1 9 9 0.031974528 
246 176 9 11 0.03195605 
436 223 11 14 0.031881493 
822 200 12 14 0.031861093 
629 188 9 12 0.031836044 
262 109 9 12 0.031813517 
197 86 9 12 0.031811733 
896 216 12 14 0.031788547 
499 124 10 13 0.031755973 
304 166 9 12 0.031752296 
905 8 9 12 0.031746317 
373 298 14 16 0.031723298 
133 221 12 15 0.03170768 
795 116 14 17 0.031692654 
948 147 11 13 0.03162097 
319 195 10 13 0.031604003 
281 222 10 12 0.03159852 
718 24 9 11 0.03159333 
961 102 9 12 0.031589653 
156 220 11 15 0.031580992 
498 312 17 21 0.031551514 
569 39 9 12 0.031541634 
697 14 9 10 0.031535696 
102 0 8 9 0.03153125 
887 49 10 13 0.031523906 
404 251 11 14 0.031519078 
63 70 9 10 0.03148428 
7 158 8 11 0.031478368 
263 215 9 12 0.03147836 
887 93 10 12 0.03146016 
2 327 17 22 0.031456467 
675 98 9 12 0.03144505 
560 274 13 16 0.031440172 
642 91 9 12 0.0314298 
762 114 9 12 0.031425957 
208 191 10 11 0.03141753 
830 333 13 18 0.031334344 
867 68 11 13 0.031149363 
487 96 8 10 0.031116636 
350 14 10 11 0.031111818 
782 83 9 13 0.031078422 
107 299 15 21 0.031065248 
536 266 14 16 0.030989084 
207 1 9 9 0.03090242 
541 23 9 11 0.030864025 
289 452 10 12 0.030806316 
57 180 9 12 0.030761931 
220 338 12 15 0.030730296 
784 330 14 20 0.030709269 
165 88 9 11 0.03070007 
470 48 8 10 0.030686026 
215 375 8 11 0.030608708 
471 5 8 10 0.030579675 
883 460 11 15 0.030524015 
427 470 9 12 0.030521546 
818 84 9 12 0.030505585 
572 397 12 16 0.030501291 
640 252 8 11 0.030487701 
566 270 12 15 0.030481288 
316 164 11 14 0.030474355 
550 50 10 13 0.030457243 
283 276 15 18 0.030454142 
860 261 12 16 0.030443575 
222 38 10 11 0.03041894 
551 218 18 21 0.030413907 
173 485 11 12 0.03040235 
386 277 14 17 0.03038116 
153 328 13 16 0.03035138 
166 53 9 11 0.030349677 
623 68 17 22 0.030326677 
1 111 8 11 0.030322386 
868 306 18 23 0.030320011 
337 227 11 15 0.030299464 
719 80 8 10 0.030292502 
874 292 16 18 0.0301964 
126 136 18 22 0.030136287 
232 17 17 22 0.030115794 
762 165 8 12 0.030108726 
582 234 12 14 0.030104918 
643 276 13 17 0.030054113 
909 183 10 13 0.030053105 
694 7 10 11 0.0299507 
18 351 14 21 0.02990452 
855 118 10 13 0.029894905 
118 62 9 10 0.02989221 
971 231 21 25 0.029888699 
638 6 9 11 0.029885894 
844 39 11 14 0.02988036 
638 64 8 11 0.02985378 
695 296 13 16 0.029832326 
980 124 10 13 0.02981596 
768 24 10 13 0.02978209 
223 111 10 12 0.029610436 
66 214 13 16 0.029594919 
517 117 8 11 0.029549783 
29 85 8 12 0.029521275 
890 21 10 13 0.02950554 
971 227 13 16 0.02947679 
597 447 10 13 0.029422708 
796 216 18 23 0.029416315 
748 21 12 15 0.029399235 
746 282 12 14 0.0293985 
498 8 8 11 0.029358339 
955 140 10 14 0.02933916 
119 245 12 16 0.029334178 
863 31 9 12 0.029315393 
624 198 10 13 0.02930408 
731 321 12 16 0.0292869 
919 124 10 13 0.02926565 
561 120 7 10 0.029224403 
183 319 10 13 0.029209364 
893 70 10 12 0.029183077 
670 233 17 23 0.029171387 
798 260 10 13 0.029139822 
37 108 9 12 0.029120484 
641 28 10 13 0.029054012 
148 282 14 17 0.029020136 
242 181 9 12 0.029018702 
160 9 9 11 0.02901748 
246 214 11 13 0.02899833 
431 306 15 17 0.028904777 
682 187 9 12 0.028861737 
199 64 17 23 0.028820667 
966 107 9 12 0.028814474 
694 240 9 11 0.028809205 
38 174 10 12 0.028737169 
253 7 9 11 0.028710222 
241 85 8 12 0.028687248 
862 93 9 12 0.028676607 
496 121 10 11 0.02866826 
645 454 11 14 0.028653566 
717 284 11 16 0.028652344 
775 271 20 24 0.028615344 
917 86 10 12 0.028611258 
465 46 9 11 0.028604185 
648 72 10 11 0.028580118 
738 181 9 11 0.028575934 
88 87 9 10 0.028558543 
711 120 10 12 0.028531156 
789 114 13 17 0.028522773 
673 414 10 12 0.028485792 
374 230 11 14 0.02847991 
697 224 8 11 0.028462762 
214 54 8 11 0.028453188 
341 158 10 14 0.028403342 
693 283 13 17 0.02839598 
992 31 8 10 0.028392462 
65 203 11 14 0.028385015 
921 132 10 13 0.028380571 
983 44 7 10 0.028371666 
761 78 9 12 0.028367767 
943 136 11 13 0.028364284 
768 239 12 15 0.028346155 
168 93 10 14 0.028342938 
871 325 25 32 0.028318636 
941 138 17 22 0.028287023 
680 133 8 10 0.02827547 
364 52 11 14 0.02824585 
94 30 9 11 0.028191103 
855 167 10 12 0.028178709 
135 78 8 11 0.028159725 
670 126 9 11 0.028145779 
756 264 11 14 0.028132994 
94 239 14 16 0.028105808 
646 204 10 13 0.028088221 
817 139 12 14 0.028040394 
910 150 10 12 0.028025288 
415 176 10 14 0.028009268 
519 0 9 9 0.02800883 
355 341 12 17 0.027959537 
926 291 13 16 0.02795361 
829 236 11 13 0.027938403 
918 1 9 9 0.02792805 
239 348 14 17 0.027920343 
153 13 9 12 0.0279117 
791 122 12 15 0.027881207 
237 67 10 13 0.027881207 
542 128 9 11 0.027845528 
434 37 8 10 0.027829181 
747 317 13 17 0.027809512 
781 1 11 11 0.027777368 
791 190 10 12 0.027772844 
926 31 8 11 0.027741248 
1000 107 9 10 0.027698284 
28 70 9 12 0.027693378 
151 8 9 11 0.027678078 
715 381 12 17 0.027641758 
518 287 16 20 0.0276358 
397 78 10 13 0.027630752 
804 103 10 13 0.027608974 
892 30 10 12 0.02758284 
502 56 8 11 0.02755768 
461 176 17 23 0.027552111 
88 1 9 9 0.027522244 
257 55 9 12 0.02751761 
711 224 9 12 0.027497202 
93 45 9 11 0.027423505 
663 24 9 12 0.027389767 
591 12 9 12 0.027385518 
707 275 14 17 0.027339907 
824 22 10 12 0.027334318 
661 104 8 10 0.027300185 
335 399 8 10 0.027272042 
351 61 10 12 0.027238278 
559 331 11 15 0.02723664 
167 134 10 12 0.027223548 
521 67 10 12 0.02720413 
767 25 16 21 0.027183529 
838 59 11 13 0.02717848 
433 25 10 12 0.027139135 
81 8 9 11 0.027110796 
107 283 12 17 0.027089195 
94 272 14 19 0.027056197 
796 205 9 11 0.027049066 
46 142 7 11 0.027019436 
695 112 18 24 0.027013525 
346 115 22 25 0.026983194 
715 291 11 15 0.026978405 
66 196 10 14 0.02697582 
288 265 14 16 0.026925562 
703 0 9 10 0.026918238 
471 36 10 12 0.026902191 
185 86 9 11 0.026884882 
717 100 8 11 0.026879169 
879 0 9 10 0.026852403 
191 101 10 11 0.026847992 
168 366 11 14 0.026847022 
582 117 8 10 0.026842792 
472 415 12 15 0.026824981 
671 83 9 10 0.026823437 
422 213 11 13 0.026818505 
178 59 18 23 0.02676707 
457 -1 12 11 0.026744697 
469 129 9 11 0.026742324 
820 53 9 12 0.026708638 
325 162 13 17 0.0267043 
1004 259 13 17 0.026702045 
593 126 8 10 0.02666392 
589 292 10 13 0.026637236 
160 118 9 11 0.026618958 
108 37 10 11 0.0266189 
861 167 10 12 0.026615161 
1015 101 8 11 0.02655783 
239 174 9 12 0.026543198 
895 264 12 13 0.026474193 
734 191 10 11 0.026469504 
145 124 9 12 0.026467072 
665 72 9 11 0.026464276 
177 292 15 19 0.026452946 
440 71 8 12 0.026430514 
341 97 13 15 0.026423471 
462 53 9 12 0.02638906 
990 86 10 12 0.026381563 
846 9 11 14 0.02637765 
555 43 10 13 0.026367959 
733 92 10 13 0.026365597 
241 103 9 12 0.026361857 
819 268 12 16 0.026352076 
167 439 7 9 0.026349727 
154 56 8 11 0.026349517 
699 212 10 13 0.026315296 
268 14 11 13 0.02629265 
128 285 12 15 0.026279557 
143 84 9 11 0.026273442 
492 108 10 12 0.026262311 
239 62 10 13 0.026261616 
839 49 12 14 0.02624471 
489 280 19 25 0.026243977 
585 14 9 11 0.026200006 
529 76 18 22 0.02618347 
560 77 10 11 0.026180783 
733 29 9 12 0.026137566 
397 59 9 12 0.02613385 
260 236 13 17 0.026128238 
967 190 11 13 0.026116792 
717 225 10 13 0.026105236 
49 1 8 9 0.026092777 
388 330 14 19 0.026085097 
354 275 11 15 0.026065115 
766 187 17 22 0.026048169 
246 45 9 12 0.026047822 
204 291 13 17 0.026032392 
263 287 11 15 0.02601375 
133 285 14 16 0.026008125 
193 0 18 22 0.026004575 
88 205 9 11 0.026000988 
78 277 12 14 0.025989747 
257 463 9 12 0.025958177 
759 159 9 11 0.02595672 
80 75 9 13 0.025894126 
286 11 8 11 0.025891839 
312 161 9 11 0.025889002 
510 212 11 14 0.025887277 
304 19 9 12 0.025863592 
254 220 10 13 0.025859414 
884 195 17 22 0.025855828 
244 312 13 15 0.025847295 
662 35 8 11 0.025839118 
556 292 14 18 0.025837723 
221 204 11 13 0.025795246 
244 125 9 12 0.02578829 
479 55 8 10 0.025751289 
949 166 10 13 0.02572265 
457 12 8 11 0.025713034 
860 276 12 17 0.02567407 
110 80 10 13 0.025668519 
184 175 9 12 0.025661524 
193 373 9 10 0.025585406 
49 12 10 12 0.02558383 
292 207 11 13 0.025560457 
133 16 10 11 0.025540624 
134 71 8 9 0.025535522 
1 174 8 11 0.025509112 
503 66 16 23 0.025486547 
749 223 9 12 0.025483273 
379 99 11 15 0.025482228 
92 214 12 16 0.025472231 
21 63 9 12 0.02546814 
142 193 13 17 0.025452621 
1007 153 11 14 0.025415188 
205 28 10 12 0.025409803 
591 45 9 12 0.025408925 
661 429 13 17 0.025402363 
364 279 12 16 0.025331018 
762 285 12 15 0.025288658 
301 88 18 22 0.025255663 
761 28 9 13 0.025248528 
92 13 10 11 0.025245508 
311 248 10 13 0.025243506 
619 180 17 21 0.02516892 
945 81 10 12 0.025117422 
689 243 11 14 0.025111353 
39 149 8 12 0.025084097 
432 88 9 10 0.025060209 
653 47 8 11 0.025054835 
989 71 8 9 0.02501631 
976 86 10 12 0.025015239 
376 285 11 14 0.02499546 
207 14 10 12 0.02498244 
511 30 7 10 0.024943953 
176 182 8 10 0.024916122 
171 334 12 14 0.024888868 
802 41 19 23 0.024880886 
590 24 8 10 0.02488043 
313 47 19 23 0.02487414 
406 223 9 11 0.024872117 
348 245 12 14 0.02484493 
845 304 22 31 0.02483365 
676 55 9 12 0.024787119 
396 331 13 18 0.024752099 
599 22 9 12 0.024743259 
959 15 9 11 0.024717292 
788 267 14 16 0.024691453 
252 230 19 25 0.024664333 
119 68 10 12 0.024650961 
131 147 11 13 0.024643011 
924 218 11 14 0.024630869 
857 95 9 12 0.024604533 
317 183 18 22 0.024575084 
719 118 9 12 0.024541419 
513 184 9 11 0.024530686 
955 203 16 18 0.024526967 
970 3 19 22 0.02452562 
786 27 17 22 0.024517888 
183 441 8 10 0.024505721 
637 150 9 11 0.024500292 
16 75 10 12 0.024477301 
321 35 9 13 0.024419878 
464 138 10 13 0.0244117 
781 252 11 14 0.024404032 
1014 134 10 13 0.024384722 
30 46 9 11 0.024383325 
741 352 10 12 0.024361389 
640 104 8 11 0.024356896 
467 184 13 17 0.024350088 
245 371 9 12 0.02434833 
351 331 12 16 0.024337815 
467 85 9 12 0.024332114 
181 206 9 12 0.024309382 
68 38 9 11 0.024283772 
57 135 9 12 0.024269355 
383 6 8 10 0.024265008 
22 132 9 11 0.024260985 
701 143 9 11 0.024251053 
159 230 11 14 0.02422401 
83 264 15 17 0.024196934 
74 131 18 21 0.024195293 
857 82 10 13 0.0241835 
927 1 9 9 0.024142226 
34 234 12 17 0.024111604 
215 39 9 11 0.024095654 
999 87 11 12 0.024090964 
215 124 7 10 0.024059633 
104 78 8 11 0.024038887 
767 205 10 12 0.023999132 
67 337 13 17 0.023987832 
55 126 9 12 0.023979276 
684 12 9 11 0.023975257 
10 218 13 15 0.023970881 
199 100 9 11 0.023965482 
887 221 11 14 0.023949435 
720 319 20 25 0.023935106 
109 291 12 17 0.02393252 
937 98 19 22 0.023927111 
903 130 10 14 0.023922801 
280 0 18 22 0.023893729 
102 4 18 22 0.02387988 
486 8 8 10 0.023878025 
24 189 10 14 0.023873122 
927 197 11 13 0.023865875 
256 456 8 10 0.023862207 
608 13 10 12 0.023822958 
798 57 10 13 0.023798622 
278 48 10 12 0.023776228 
141 46 8 10 0.023762662 
592 109 8 10 0.023762263 
55 136 19 23 0.023760302 
959 47 8 12 0.023756929 
238 51 8 11 0.023748666 
98 173 10 14 0.023742238 
273 190 11 13 0.023709167 
479 88 9 12 0.023695301 
793 46 18 23 0.023692725 
1005 235 19 24 0.023666544 
565 133 8 10 0.023664681 
597 29 10 12 0.023660991 
199 375 8 10 0.023649296 
772 195 10 13 0.023632877 
61 323 13 18 0.023625841 
630 129 9 10 0.023606183 
627 200 19 23 0.02357441 
127 69 9 12 0.023561982 
679 38 9 11 0.023560379 
976 131 10 13 0.023528596 
279 95 9 11 0.023508811 
224 30 10 11 0.023507202 
358 83 11 14 0.023506103 
936 2 8 10 0.023496026 
256 243 14 19 0.023486016 
415 77 11 15 0.023471586 
310 322 12 16 0.023448035 
664 235 10 13 0.02343973 
512 15 8 11 0.023436202 
523 295 15 17 0.02342903 
326 77 9 11 0.023417328 
560 261 13 15 0.023399629 
687 118 9 11 0.02337134 
574 260 13 17 0.023363823 
966 0 9 10 0.023362758 
356 308 13 16 0.023315491 
733 130 12 15 0.023308758 
893 78 9 12 0.023299336 
208 55 7 10 0.02329559 
561 251 11 15 0.023293214 
433 21 18 24 0.023266675 
82 103 9 12 0.023262482 
13 258 11 15 0.023224063 
45 226 11 15 0.02320904 
160 111 9 12 0.023201188 
533 89 10 13 0.023173383 
879 54 9 12 0.023166114 
503 88 10 12 0.023165202 
271 4 9 11 0.023161182 
653 94 8 10 0.023157977 
667 265 14 18 0.023154112 
686 289 12 15 0.023063874 
222 99 10 12 0.023061907 
492 265 13 16 0.02301114 
430 184 19 24 0.023009965 
589 302 13 16 0.022988662 
335 288 13 18 0.022986926 
359 374 11 13 0.022974102 
350 464 9 12 0.02295383 
417 28 10 13 0.022949139 
656 134 9 11 0.022939643 
719 276 11 14 0.0229372 
871 93 10 13 0.02291889 
590 104 8 10 0.022915786 
7 42 11 14 0.02291215 
189 340 10 13 0.022892207 
210 234 12 16 0.022852873 
166 70 10 12 0.02283048 
744 299 12 15 0.022717906 
306 447 9 12 0.022716105 
110 47 16 22 0.022651605 
951 172 9 13 0.022648148 
128 191 20 25 0.022625195 
118 202 11 15 0.022623938 
271 86 9 11 0.022579761 
333 204 11 13 0.022559527 
214 164 8 11 0.022558257 
528 201 11 14 0.022552019 
823 28 10 13 0.022548934 
846 200 9 12 0.02254413 
999 167 16 22 0.022540892 
127 211 12 15 0.022506157 
535 183 8 10 0.022489041 
815 68 9 11 0.02247336 
712 1 9 10 0.022454448 
417 61 9 12 0.022453988 
896 135 9 12 0.022435427 
756 288 19 23 0.02242548 
693 259 15 17 0.022424141 
30 284 14 19 0.022410309 
57 31 9 11 0.022403508 
135 36 9 12 0.022376323 
672 111 9 11 0.022356812 
280 445 9 12 0.022335155 
497 68 8 12 0.02232972 
963 178 11 13 0.022307798 
498 302 39 48 0.022292597 
342 21 10 12 0.022283942 
161 236 12 16 0.022278178 
569 108 9 11 0.022273088 
761 191 8 11 0.022264656 
216 362 9 12 0.022258295 
745 285 21 25 0.022255644 
623 37 8 10 0.022237299 
908 308 15 18 0.02223714 
707 211 10 13 0.022229154 
363 233 18 23 0.022204129 
247 1 9 10 0.022190962 
622 381 9 12 0.02218564 
882 39 18 22 0.022184353 
806 319 24 30 0.022177326 
247 152 9 11 0.022173686 
9 61 18 23 0.022167932 
343 124 14 18 0.022146868 
884 138 11 13 0.02214399 
918 301 14 16 0.022138761 
365 85 11 14 0.02210702 
224 71 17 22 0.022105888 
820 151 11 12 0.022089597 
309 452 9 11 0.022082513 
976 156 10 13 0.022061 
156 282 12 17 0.02205561 
601 39 9 12 0.022036148 
960 6 9 11 0.022027714 
600 117 8 10 0.022026353 
231 179 9 11 0.022018747 
53 7 19 22 0.022014089 
798 190 8 10 0.02201346 
318 255 17 21 0.02200405 
912 211 11 15 0.021984233 
548 202 10 14 0.02197923 
729 242 19 24 0.021959778 
319 300 12 15 0.021955099 
292 153 10 12 0.021947205 
822 101 12 15 0.021936107 
946 234 12 15 0.021911537 
160 441 6 8 0.021905396 
1009 13 17 26 0.021900948 
6 55 9 12 0.021875491 
855 29 10 12 0.02186872 
334 21 9 12 0.0218542 
847 277 19 25 0.021818832 
662 127 8 10 0.02181231 
771 240 18 23 0.021807654 
329 119 20 24 0.021801673 
467 107 11 14 0.021800954 
79 164 10 12 0.021800794 
947 115 18 22 0.021789225 
685 96 9 11 0.021787005 
215 79 9 11 0.021770822 
72 69 9 11 0.02176206 
546 38 9 12 0.021747915 
558 86 9 10 0.021740545 
767 70 10 13 0.02173302 
224 173 9 11 0.021717561 
814 222 10 13 0.021704618 
495 86 10 12 0.021699676 
247 95 9 11 0.021670138 
1000 188 10 12 0.021666398 
778 293 16 18 0.021658575 
317 325 10 14 0.02165528 
609 105 7 10 0.021654604 
22 221 10 13 0.021626849 
321 151 10 12 0.02161506 
216 204 9 13 0.021610573 
396 171 11 14 0.021607999 
22 53 9 11 0.021581953 
327 203 11 13 0.021576704 
216 333 12 15 0.02155483 
1015 111 8 11 0.021527875 
863 213 9 11 0.02150257 
797 251 12 15 0.021494102 
623 210 12 15 0.021470966 
624 129 9 10 0.021426579 
247 21 10 12 0.021409675 
347 252 11 14 0.021405345 
342 2 10 10 0.021394331 
557 216 11 14 0.02138882 
456 261 12 14 0.021373555 
959 109 10 12 0.021365799 
180 284 12 17 0.021364495 
80 0 9 9 0.021362182 
183 136 9 11 0.02135099 
352 185 12 14 0.021345118 
190 109 11 13 0.02133862 
768 -8 21 23 0.021335319 
671 285 10 14 0.021323862 
614 261 13 16 0.021323454 
713 174 9 12 0.02130955 
127 77 9 11 0.021301571 
785 103 10 13 0.021293601 
9 0 8 8 0.021271659 
487 39 8 10 0.021264542 
783 261 12 14 0.021258619 
105 70 8 12 0.021254657 
878 147 11 14 0.021240719 
622 46 10 11 0.021230219 
911 252 12 14 0.021225195 
452 100 12 16 0.021219874 
137 172 11 13 0.021212587 
468 177 10 12 0.02120222 
815 201 9 12 0.021202091 
845 29 10 13 0.021198694 
696 143 9 12 0.021186888 
199 300 11 13 0.021186778 
582 256 11 13 0.021184234 
975 3 9 9 0.021171853 
666 12 10 13 0.021152752 
246 469 9 12 0.02113626 
231 113 8 11 0.021135923 
797 23 10 12 0.02111494 
774 166 9 12 0.021085767 
156 211 12 17 0.021082291 
606 425 12 16 0.021065088 
616 96 8 10 0.021059247 
86 275 12 15 0.021059163 
887 193 11 13 0.021049995 
173 134 10 11 0.021047967 
485 182 12 14 0.021046137 
128 96 8 11 0.02101877 
880 70 8 11 0.021011593 
222 128 19 23 0.021008853 
277 127 9 11 0.02100722 
493 33 19 24 0.02100229 
308 101 10 12 0.020995867 
141 97 18 23 0.020990795 
1 165 8 12 0.020980855 
989 181 10 13 0.020979622 
824 70 7 10 0.020978758 
215 174 9 11 0.020967629 
964 282 12 16 0.020959955 
242 283 14 18 0.020946195 
611 425 14 17 0.020911995 
381 30 11 12 0.020910572 
490 46 7 10 0.020895695 
254 20 9 13 0.020886524 
641 116 9 11 0.020883113 
39 295 15 21 0.020870598 
245 98 18 23 0.02086193 
118 7 9 10 0.020850243 
324 129 18 25 0.020848382 
759 63 8 11 0.020845521 
412 265 14 17 0.020825094 
207 38 9 10 0.020821633 
1016 63 8 12 0.020805752 
166 244 15 20 0.020797692 
696 62 9 11 0.02079148 
1 306 14 19 0.020785885 
869 12 11 13 0.020779587 
921 319 14 18 0.020777484 
238 151 8 11 0.020774532 
327 172 9 13 0.020767435 
166 9 9 11 0.020765107 
951 61 9 12 0.020749688 
364 478 11 12 0.020729218 
263 95 8 11 0.02070981 
799 289 15 18 0.020701878 
52 71 9 12 0.020694716 
877 121 17 22 0.02068872 
795 317 18 22 0.020686707 
957 303 23 32 0.020685744 
1014 186 11 14 0.020675687 
322 363 10 14 0.020674018 
958 60 8 11 0.020671409 
607 31 9 10 0.020670217 
7 77 9 12 0.020659192 
957 148 9 12 0.020630145 
980 6 10 12 0.020622551 
516 212 12 15 0.02057361 
23 46 9 11 0.020571424 
38 56 17 22 0.020555496 
119 213 9 13 0.020548973 
851 291 15 20 0.020546973 
348 82 11 14 0.020544836 
303 0 9 10 0.020527013 
128 42 16 22 0.020500664 
526 183 8 10 0.020490784 
751 158 11 13 0.020475885 
356 312 18 23 0.020433586 
281 225 18 22 0.020417484 
844 257 19 21 0.02040291 
264 129 10 13 0.020392515 
93 53 9 11 0.020385949 
71 54 9 12 0.020371817 
270 99 17 22 0.020366602 
347 226 12 15 0.02035834 
108 244 12 15 0.020350123 
276 310 15 17 0.020347744 
592 119 8 10 0.020343501 
103 23 9 11 0.020340683 
449 42 10 12 0.020306194 
700 203 18 23 0.020299204 
356 71 10 12 0.02028248 
615 0 9 9 0.02027106 
481 0 9 9 0.020248313 
894 1 10 10 0.0202298 
974 138 17 23 0.020214545 
511 124 8 11 0.020209437 
731 110 11 13 0.020205725 
108 125 12 14 0.020203402 
559 96 10 13 0.020187777 
636 140 9 12 0.020177575 
248 117 10 13 0.020168064 
540 114 9 12 0.020151973 
406 310 15 18 0.020138893 
137 108 9 12 0.020114876 
358 260 14 16 0.020107262 
171 232 12 16 0.020104418 
712 148 9 11 0.020098774 
142 1 9 9 0.020096438 
349 7 9 11 0.020092595 
77 202 10 14 0.020087814 
313 71 9 11 0.02008026 
395 36 11 13 0.020078318 
55 47 18 23 0.02007759 
716 226 18 22 0.02005312 
422 354 12 16 0.02004385 
729 132 9 13 0.020041082 
983 119 8 12 0.020035174 
534 70 10 11 0.020032702 
711 122 17 22 0.020029675 
7 328 25 33 0.020022089 
885 60 10 12 0.020021915 
375 1 9 9 0.020016715 
36 20 9 12 0.020012068 
838 126 12 15 0.020011505 
143 219 13 16 0.020009762 
