36_Football_Football_36_80
38
750 295 32 36 0.9965293 
192 231 26 31 0.9950931 
599 176 20 28 0.98164684 
845 193 27 49 0.96371853 
790 323 37 43 0.81406045 
92 221 23 32 0.2957709 
149 231 16 23 0.082845375 
768 261 14 17 0.07895135 
929 239 17 21 0.07294051 
673 383 14 17 0.0602231 
123 226 22 31 0.051961925 
141 222 20 34 0.037351113 
881 189 20 33 0.033789624 
302 351 29 28 0.03200116 
64 253 10 13 0.03193044 
844 190 18 35 0.029742653 
469 215 8 9 0.028984739 
63 196 10 12 0.028599713 
8 152 8 10 0.027133223 
466 215 7 8 0.026519962 
386 279 8 11 0.026414493 
98 235 28 29 0.025785444 
684 114 13 16 0.025332788 
408 263 9 11 0.025023147 
112 238 26 29 0.024152469 
423 281 9 11 0.022634054 
47 182 8 10 0.02258719 
40 184 7 9 0.021544334 
40 189 7 10 0.021242712 
622 262 12 14 0.021118086 
1 173 7 11 0.021085756 
926 226 23 30 0.021065403 
729 160 9 11 0.021025812 
340 270 9 11 0.020757604 
341 261 9 11 0.020619223 
110 221 28 32 0.020532304 
822 314 15 17 0.020444835 
712 157 8 10 0.020124273 
