36_Football_Football_36_194
45
826 238 17 20 0.9952864 
421 219 16 21 0.99209315 
453 255 22 32 0.97822785 
455 189 13 17 0.9680595 
69 191 11 15 0.9226777 
557 296 22 27 0.90074563 
988 137 12 14 0.7323819 
404 147 11 13 0.4121464 
568 298 20 21 0.18663254 
408 562 21 35 0.17665653 
430 269 17 21 0.105955355 
445 260 22 34 0.058877382 
981 223 7 10 0.05265655 
415 175 8 10 0.05187705 
396 175 10 13 0.049887326 
742 137 11 14 0.04936271 
380 184 10 12 0.04825558 
78 216 10 12 0.043857884 
701 134 8 10 0.042901553 
436 279 14 21 0.042747326 
375 549 22 34 0.042529963 
846 372 9 11 0.034984477 
824 348 16 19 0.030441038 
854 294 11 15 0.030429741 
437 238 12 13 0.029349906 
405 558 17 24 0.029235538 
434 257 16 22 0.028577028 
408 174 9 12 0.02839903 
411 285 25 29 0.028384596 
534 483 12 17 0.027938453 
393 547 26 31 0.02727761 
392 182 9 11 0.02707964 
553 296 15 22 0.026674753 
74 299 12 16 0.025468957 
481 259 15 21 0.024942946 
552 168 10 12 0.024623632 
427 279 17 22 0.024356958 
398 573 27 31 0.022919476 
472 264 18 21 0.022734597 
76 226 12 14 0.022644 
443 247 23 31 0.022629358 
81 183 8 10 0.022282852 
976 173 9 13 0.021338485 
438 245 12 16 0.021192782 
570 166 9 11 0.02073241 
