36_Football_americanfootball_ball_36_615
108
378 143 25 34 0.98963064 
196 103 30 46 0.9887743 
83 135 15 18 0.90094346 
450 155 21 27 0.8826229 
743 138 14 21 0.7543402 
861 151 14 19 0.74131083 
531 186 17 23 0.72150767 
925 99 22 31 0.61483175 
673 173 14 18 0.61095536 
720 158 12 16 0.51946765 
688 159 10 12 0.3859108 
935 103 22 27 0.3212289 
619 154 13 19 0.24872398 
436 156 14 19 0.23453066 
517 156 15 17 0.16455083 
644 163 10 14 0.1622567 
637 164 14 16 0.15174676 
433 179 26 31 0.11833317 
443 188 12 16 0.10765985 
719 152 12 15 0.10123912 
629 164 12 16 0.099833645 
603 164 16 19 0.09476205 
516 177 12 16 0.089463204 
945 105 19 22 0.08654629 
755 156 14 17 0.079535834 
611 158 17 21 0.07594792 
956 91 15 23 0.074900925 
320 197 30 35 0.074160635 
919 100 14 22 0.07386836 
670 167 12 16 0.07105862 
725 151 10 15 0.06746031 
949 95 20 27 0.06625223 
438 153 23 28 0.06338987 
693 187 14 18 0.062954605 
214 231 9 12 0.05737304 
676 167 14 17 0.05457789 
712 165 12 14 0.054035634 
620 183 14 16 0.053721737 
691 163 11 14 0.053656824 
373 120 9 12 0.052325007 
702 158 11 14 0.05153328 
166 125 21 28 0.04941452 
627 157 14 17 0.04754777 
703 163 12 15 0.046496768 
716 166 14 18 0.046055447 
519 179 23 31 0.045574557 
791 169 12 17 0.04516426 
780 148 11 14 0.044181872 
682 170 13 19 0.043223616 
753 146 16 19 0.04225003 
741 185 11 15 0.04111163 
713 157 12 16 0.040789653 
158 -24 459 494 0.04059564 
443 162 25 35 0.038950227 
923 92 17 25 0.037050247 
510 169 22 28 0.036981937 
527 171 25 31 0.036273435 
485 233 15 18 0.03493201 
459 149 11 17 0.03441078 
692 171 12 14 0.03427018 
438 181 14 18 0.03254813 
587 199 23 28 0.0316076 
443 177 15 20 0.03145071 
508 160 18 20 0.031183813 
204 100 16 24 0.030947605 
628 181 14 16 0.030900411 
885 217 13 16 0.030316344 
451 172 14 20 0.030050635 
586 210 16 18 0.029541668 
418 185 33 35 0.029504465 
643 168 14 18 0.029232465 
701 202 15 19 0.029137269 
432 220 12 13 0.028870238 
522 160 15 20 0.02863864 
621 169 13 17 0.02849954 
943 205 44 54 0.028347166 
665 165 11 15 0.02798271 
952 205 10 13 0.027861377 
523 150 13 19 0.0273713 
507 212 14 17 0.026293425 
695 202 13 20 0.02624806 
1012 85 11 16 0.026049541 
614 178 14 17 0.025522094 
358 129 15 19 0.024952155 
761 161 14 17 0.024790403 
797 104 12 16 0.024746655 
331 210 14 19 0.02458754 
609 172 23 27 0.02431506 
735 140 18 25 0.02386599 
538 179 14 21 0.023764083 
665 170 13 19 0.02347152 
713 151 13 14 0.02342883 
599 157 12 19 0.022783125 
877 154 11 14 0.022450889 
609 167 17 21 0.022286348 
388 135 15 20 0.022278933 
763 228 15 19 0.022012917 
358 148 25 30 0.021898538 
967 220 32 38 0.021839343 
531 172 15 18 0.021681659 
634 178 15 17 0.021586267 
1008 90 11 15 0.021507394 
695 153 8 11 0.0214821 
985 239 26 32 0.021293994 
813 141 11 13 0.021052819 
106 140 14 16 0.021052662 
628 150 13 16 0.020469798 
363 138 16 21 0.020439932 
