36_Football_americanfootball_ball_36_693
35
265 117 80 80 0.9020636 
498 298 62 79 0.89676887 
558 161 75 93 0.86620975 
661 299 54 70 0.13847059 
431 133 39 44 0.13802059 
190 198 99 152 0.12022248 
468 288 61 80 0.114303336 
60 768 75 59 0.07774536 
293 129 52 47 0.0757933 
379 145 67 71 0.062782906 
543 156 121 146 0.06238679 
646 632 52 70 0.061587505 
610 470 52 54 0.05499557 
46 35 26 32 0.054929048 
169 0 26 23 0.052534226 
207 148 138 178 0.05176707 
368 378 67 91 0.050425783 
929 498 62 75 0.046254434 
670 330 39 41 0.04276706 
595 591 55 64 0.03750437 
186 234 61 100 0.037213232 
-26 73 321 423 0.033327613 
429 119 66 77 0.031651422 
530 298 53 72 0.031164523 
383 568 63 84 0.028841069 
459 303 42 54 0.024873273 
218 -1 38 37 0.022468865 
495 254 371 453 0.021717638 
338 125 93 105 0.02171081 
450 135 62 75 0.021168377 
779 0 25 23 0.02116183 
565 169 47 53 0.020925716 
1000 -4 22 30 0.020499198 
47 16 34 41 0.0203262 
927 -2 29 30 0.020237764 
