36_Football_Football_36_157
633
739 218 31 34 0.997675 
607 240 27 32 0.9954587 
48 128 23 29 0.9947483 
869 85 20 26 0.9925209 
606 141 24 29 0.9923678 
755 118 18 22 0.9908977 
163 201 21 27 0.9881706 
964 138 17 22 0.9874371 
876 171 20 26 0.98647726 
285 133 17 23 0.9849413 
95 238 24 27 0.98402417 
91 107 15 18 0.9810847 
564 104 21 26 0.98081607 
498 246 24 30 0.98041326 
662 252 21 26 0.98006266 
786 56 19 24 0.97491986 
41 256 22 26 0.9719259 
508 175 20 25 0.9712775 
581 185 23 28 0.9711048 
978 198 16 24 0.96851593 
74 195 21 27 0.9684844 
541 26 21 27 0.96670884 
144 96 18 22 0.9657289 
846 50 19 23 0.9637853 
546 192 17 22 0.9635078 
344 133 20 26 0.96336293 
493 6 19 24 0.9628316 
178 93 18 23 0.96174484 
150 150 21 25 0.96161366 
233 77 19 22 0.9607774 
339 103 19 23 0.96043587 
614 75 21 25 0.9582875 
392 82 20 23 0.9571998 
479 120 21 24 0.9547691 
907 217 22 28 0.9542192 
907 168 19 22 0.95362455 
425 261 21 27 0.9500604 
115 200 18 22 0.9478693 
855 0 20 22 0.94521016 
461 33 21 26 0.94417065 
535 74 21 27 0.94172114 
579 6 21 23 0.94004834 
0 181 20 28 0.9398396 
898 24 19 26 0.9395899 
544 107 19 24 0.93865323 
119 110 19 23 0.9366227 
184 183 22 26 0.9352431 
984 247 22 26 0.9347175 
229 173 19 23 0.9320391 
431 345 27 38 0.9305045 
579 84 18 23 0.9296928 
248 117 17 23 0.9291941 
303 159 19 23 0.92661536 
157 176 20 25 0.9259768 
361 114 17 22 0.9256664 
970 24 17 22 0.9206713 
411 140 18 22 0.91918135 
144 270 17 24 0.9160418 
632 188 24 28 0.9158208 
113 134 19 26 0.91324735 
334 179 20 25 0.9119064 
666 31 21 26 0.90535897 
390 196 34 34 0.89811105 
903 103 18 24 0.8951055 
890 131 16 20 0.88892865 
432 217 20 26 0.8882827 
898 83 22 27 0.88007146 
897 192 17 21 0.87892145 
814 109 15 19 0.8721862 
234 247 29 33 0.86951387 
565 133 18 23 0.86548084 
246 196 18 19 0.8441662 
833 108 16 20 0.8441196 
336 43 19 23 0.8414125 
348 5 17 19 0.83799994 
197 0 19 20 0.8276016 
515 51 19 24 0.82607245 
230 235 28 34 0.823215 
516 145 19 22 0.82319975 
415 7 23 27 0.817951 
787 172 24 30 0.8177954 
293 92 19 22 0.8164797 
273 42 18 21 0.8151894 
424 98 19 21 0.80488515 
382 128 17 21 0.79672563 
299 219 20 23 0.795916 
614 41 21 23 0.7882149 
413 53 16 19 0.78646684 
552 103 22 29 0.78344375 
44 186 19 22 0.76452255 
524 110 20 23 0.7576815 
15 117 20 25 0.7499225 
407 120 17 20 0.7420716 
642 -1 19 18 0.7377093 
942 95 14 19 0.7283677 
356 175 19 22 0.71885145 
489 88 16 20 0.7114741 
229 128 16 18 0.7004086 
87 132 21 27 0.6987841 
873 215 23 32 0.6974177 
79 153 18 23 0.6859574 
102 169 20 23 0.6587891 
455 104 15 18 0.6510529 
319 78 22 25 0.6465398 
853 187 15 19 0.6227994 
851 165 16 22 0.61728734 
781 110 18 22 0.6165931 
483 358 17 21 0.5904505 
0 144 14 20 0.5884565 
585 159 18 22 0.569729 
441 165 19 22 0.5548301 
819 18 14 17 0.5335117 
932 173 20 26 0.49356037 
149 49 16 18 0.49015492 
249 153 17 19 0.43709794 
216 158 17 20 0.43586582 
966 98 12 16 0.38892663 
142 198 20 26 0.38820475 
81 141 20 27 0.37554312 
300 120 20 24 0.3679026 
667 172 15 20 0.36248085 
265 26 16 19 0.3579039 
412 64 17 21 0.354945 
954 193 15 19 0.34097424 
841 188 17 21 0.3347616 
485 203 16 19 0.3309354 
271 163 15 19 0.32987738 
474 64 16 19 0.31918332 
750 186 23 28 0.31398785 
25 47 25 30 0.27683997 
23 167 20 26 0.27454075 
957 233 21 26 0.26991934 
418 0 20 21 0.26514888 
353 70 18 20 0.24720943 
363 97 16 18 0.23833667 
271 203 15 20 0.23073807 
153 19 14 17 0.22762866 
786 234 29 35 0.22645207 
926 6 11 13 0.22428882 
203 99 15 19 0.22112407 
186 146 17 20 0.22070721 
763 206 27 37 0.21823208 
276 184 17 20 0.21307863 
494 356 26 32 0.21044034 
583 245 20 25 0.20785715 
98 4 16 19 0.2078232 
186 171 22 26 0.20017849 
1 232 16 22 0.19889516 
329 152 19 21 0.19699071 
733 123 17 21 0.19261914 
385 112 17 21 0.18927692 
293 63 14 18 0.1890777 
635 168 22 27 0.1862398 
242 149 18 20 0.18590666 
45 193 22 28 0.18548577 
477 99 15 19 0.18190305 
33 175 23 27 0.17973393 
186 155 22 25 0.17883186 
32 153 17 19 0.1756044 
15 106 16 19 0.1753385 
935 165 15 18 0.17369439 
947 101 16 20 0.17222913 
766 149 16 19 0.1688588 
860 132 21 25 0.16828954 
1006 94 12 16 0.16663878 
306 258 20 22 0.15910268 
695 20 21 28 0.15866737 
952 21 11 14 0.15733139 
267 35 19 22 0.15335138 
749 0 15 18 0.1532807 
154 305 16 20 0.1474517 
980 159 13 18 0.14338933 
41 18 17 20 0.14256856 
814 13 15 18 0.14224128 
779 119 18 23 0.14054559 
957 199 16 20 0.13725562 
679 29 21 27 0.13721415 
321 69 18 22 0.13681611 
638 163 16 20 0.1365181 
284 181 16 20 0.13518946 
484 94 19 23 0.13300452 
204 92 14 16 0.13125238 
804 229 31 38 0.1300927 
956 99 14 19 0.12890829 
165 131 15 18 0.1286526 
728 47 22 25 0.12621202 
28 125 16 21 0.1259515 
900 198 22 27 0.12565038 
427 108 17 22 0.1255305 
631 318 29 36 0.12552027 
754 -1 15 14 0.12481327 
1008 75 14 17 0.12469641 
166 65 15 18 0.124167375 
590 138 17 20 0.123611294 
850 177 18 23 0.12327126 
215 265 17 22 0.119923696 
398 118 21 26 0.11986308 
587 144 20 25 0.11973337 
685 126 23 27 0.11940918 
972 242 22 28 0.11834503 
483 215 16 21 0.11691557 
632 125 21 25 0.1155849 
925 14 16 20 0.11473603 
632 438 30 38 0.11472416 
65 0 18 19 0.11420919 
325 134 17 20 0.11347431 
964 237 21 27 0.108307846 
1004 198 14 18 0.10734985 
786 241 19 21 0.10615013 
273 214 20 25 0.10581971 
798 0 11 12 0.10503162 
223 167 20 24 0.1050282 
348 16 17 19 0.1047547 
389 124 22 26 0.10383645 
416 108 20 26 0.10203061 
113 298 24 31 0.10129849 
742 195 30 39 0.099933036 
31 122 23 30 0.09796695 
941 6 13 15 0.09695582 
999 137 12 15 0.09557116 
483 223 18 26 0.095496796 
578 339 15 19 0.09533651 
282 1 18 19 0.092478186 
957 209 17 21 0.09201341 
409 128 17 22 0.09183342 
223 256 24 29 0.09161845 
190 130 14 17 0.09140819 
501 125 13 17 0.091220714 
1012 109 11 17 0.08581703 
270 187 15 18 0.08473027 
826 188 23 25 0.08293491 
133 239 21 27 0.08283761 
0 63 11 21 0.082436934 
332 159 22 27 0.08107193 
208 1 15 18 0.07772951 
452 59 15 20 0.07762343 
327 122 14 19 0.07731349 
731 34 22 24 0.07567681 
988 217 17 21 0.07477357 
112 171 16 19 0.07463376 
131 196 20 27 0.07458108 
962 195 15 19 0.07413056 
931 5 14 16 0.07411008 
674 10 17 20 0.07376423 
258 171 14 19 0.07328672 
564 -2 13 12 0.072639406 
964 198 19 25 0.07229596 
773 206 14 19 0.07207879 
299 39 16 20 0.07171358 
949 216 16 21 0.07120066 
590 237 25 33 0.070955195 
303 211 18 22 0.07026985 
0 51 10 17 0.06875342 
321 91 17 21 0.06873157 
335 37 16 20 0.06732907 
163 91 13 16 0.065924406 
869 49 13 18 0.065580234 
233 229 19 22 0.06389458 
877 27 14 18 0.063771226 
1010 97 13 17 0.06350953 
276 196 23 28 0.06313439 
480 61 18 21 0.06270269 
657 0 17 19 0.06254364 
505 364 18 23 0.06241939 
952 0 11 13 0.061865333 
371 94 14 18 0.061709415 
28 159 22 25 0.061205298 
163 180 22 28 0.060712323 
708 142 16 20 0.060337204 
710 162 21 27 0.06026521 
252 177 17 20 0.059862148 
965 179 14 18 0.059767775 
467 69 18 21 0.058154237 
924 61 16 21 0.05813729 
152 33 17 19 0.057930496 
271 224 16 22 0.056575872 
903 178 20 26 0.05553002 
502 347 32 42 0.055440817 
884 65 16 19 0.054791685 
603 110 21 24 0.054775283 
784 101 21 25 0.05472467 
700 0 17 18 0.054620445 
290 122 23 26 0.05425833 
362 72 15 18 0.053798135 
183 50 15 17 0.053650584 
570 329 25 31 0.05317833 
669 18 22 27 0.052860815 
971 96 11 15 0.05265572 
925 119 14 18 0.05256832 
765 1 14 18 0.05249135 
725 392 52 65 0.052203927 
53 195 23 29 0.05182824 
767 7 23 27 0.050952252 
317 429 42 50 0.050664715 
230 163 21 23 0.05061571 
819 191 18 20 0.05045083 
917 15 14 20 0.050323088 
973 14 13 16 0.05028721 
434 204 23 28 0.05025513 
179 107 16 21 0.05000753 
553 170 21 24 0.049934205 
332 129 21 26 0.049810637 
346 172 21 26 0.049774487 
336 325 32 38 0.049451306 
451 -1 16 14 0.04940379 
470 175 14 19 0.048852284 
19 215 22 28 0.048168406 
438 145 16 19 0.048054513 
699 12 16 19 0.047449704 
595 295 32 40 0.047401022 
391 211 29 32 0.046774875 
646 1 23 25 0.046748944 
881 21 22 28 0.046213735 
287 185 22 28 0.046188235 
400 73 20 24 0.045838173 
308 197 12 15 0.045325626 
424 327 38 48 0.04510435 
514 154 24 26 0.044565763 
68 179 17 20 0.044433925 
723 458 51 67 0.044367988 
132 185 17 21 0.044209328 
261 80 17 22 0.04418292 
295 101 21 23 0.044165857 
746 68 24 28 0.0434618 
752 213 30 37 0.04285861 
76 284 16 22 0.04271323 
705 -1 16 14 0.04224895 
974 168 15 20 0.0421139 
891 64 16 18 0.04177586 
75 212 16 22 0.04132239 
478 132 17 21 0.041228827 
148 -1 13 12 0.041192062 
215 271 23 29 0.041108444 
1006 132 11 16 0.040972672 
270 123 14 18 0.04045547 
509 9 13 17 0.04037717 
708 29 15 22 0.040274512 
184 102 15 20 0.040259052 
268 194 15 21 0.03989194 
9 213 21 28 0.039812535 
906 78 21 27 0.039413273 
921 5 12 15 0.03936132 
828 12 13 17 0.039180662 
237 114 19 25 0.039094247 
307 202 15 21 0.039039142 
594 10 15 19 0.038790636 
921 166 20 26 0.038629763 
456 110 19 22 0.03830342 
793 247 16 21 0.038174815 
938 215 20 26 0.038132906 
692 505 15 20 0.03806157 
5 285 14 18 0.038056374 
483 363 29 35 0.037945904 
623 35 18 23 0.037942402 
654 242 35 45 0.037913904 
565 312 28 35 0.037868563 
2 216 16 21 0.037833225 
400 240 24 31 0.037751053 
156 107 12 17 0.037303943 
53 182 21 27 0.037171993 
1005 171 16 18 0.037006497 
486 230 21 27 0.036844965 
243 352 47 63 0.036609244 
0 133 12 19 0.036593683 
965 275 24 29 0.036489993 
279 1 13 13 0.036266092 
955 0 14 17 0.036201715 
575 130 21 25 0.036151562 
227 117 16 20 0.036109835 
57 250 20 28 0.036089864 
920 147 13 16 0.036063332 
1001 99 11 15 0.036047887 
527 0 11 11 0.035914153 
237 259 31 36 0.035596497 
595 142 19 23 0.03557025 
641 255 21 27 0.035518464 
949 112 15 18 0.03532775 
453 87 21 25 0.03516531 
533 0 11 10 0.035110835 
473 449 23 22 0.035001945 
485 311 28 35 0.034996103 
185 139 14 19 0.034936104 
174 194 21 27 0.03486901 
934 9 20 24 0.034819234 
317 4 12 14 0.034777563 
850 33 20 25 0.03469674 
609 216 26 30 0.03458526 
11 44 22 30 0.034221157 
156 84 15 18 0.03414015 
343 22 21 26 0.034060493 
951 233 17 22 0.033943716 
626 131 22 26 0.03389826 
837 27 15 18 0.033887226 
519 125 22 27 0.033832204 
54 119 14 16 0.03380694 
858 32 17 21 0.03365782 
514 10 14 17 0.033414636 
380 396 38 39 0.03336391 
803 4 15 18 0.03332309 
337 29 21 25 0.033231635 
34 23 26 33 0.033197634 
198 103 14 19 0.033152387 
295 254 25 29 0.03304803 
352 1 17 17 0.03297316 
319 21 13 16 0.032834716 
36 247 35 44 0.032801945 
529 145 15 20 0.03276639 
807 9 15 21 0.032743316 
798 236 45 52 0.032658592 
628 296 35 43 0.032648712 
587 126 23 27 0.032599468 
953 121 14 17 0.03257563 
843 112 15 20 0.032472506 
342 72 15 19 0.032408804 
815 23 16 20 0.032385837 
989 168 15 21 0.03232137 
643 251 15 20 0.032306537 
162 51 13 15 0.032277294 
223 124 16 20 0.032274097 
254 49 13 17 0.031989098 
793 99 15 18 0.031906478 
615 52 21 25 0.031847075 
941 41 13 16 0.031780146 
690 28 18 24 0.031740393 
10 288 14 19 0.03170065 
484 345 28 35 0.031677585 
970 186 15 20 0.03155668 
456 78 23 25 0.03140609 
459 64 20 24 0.03133278 
642 172 24 30 0.0311018 
235 137 16 18 0.031085137 
478 160 15 19 0.030987484 
612 321 29 36 0.030967606 
611 348 15 18 0.03069946 
989 0 14 12 0.030613463 
517 224 17 21 0.030493835 
223 115 14 18 0.030438453 
699 133 20 27 0.030436404 
843 178 18 24 0.030378869 
931 21 15 19 0.030378439 
327 197 24 32 0.030054692 
448 64 15 19 0.030025331 
446 155 20 26 0.029829705 
293 191 23 29 0.029680315 
894 109 21 26 0.029636502 
307 268 18 21 0.029596265 
248 260 19 22 0.029576736 
308 0 12 12 0.029567469 
912 13 12 17 0.029475193 
812 6 15 18 0.029445505 
994 212 16 19 0.029262695 
458 148 15 19 0.029089043 
281 209 15 20 0.029046286 
164 96 14 18 0.029044112 
407 50 16 20 0.028730007 
539 61 15 18 0.028689088 
989 44 12 15 0.028636273 
948 13 14 18 0.028599108 
0 46 17 30 0.028501086 
9 128 23 29 0.028435111 
959 183 20 25 0.028359279 
195 285 13 16 0.028209815 
489 103 18 22 0.028164603 
264 44 22 27 0.028031105 
307 110 15 19 0.027937464 
194 138 14 19 0.027894266 
417 347 31 42 0.027805941 
259 164 14 18 0.02769045 
853 107 13 18 0.027677694 
987 116 13 17 0.027616484 
409 249 25 32 0.027595317 
408 206 18 22 0.027461736 
5 96 19 28 0.027417796 
277 6 17 19 0.027333252 
951 14 19 25 0.02732798 
479 70 21 23 0.027313769 
313 126 20 25 0.027308302 
667 -1 14 14 0.02715428 
744 3 15 18 0.027064607 
965 4 11 14 0.02706165 
313 255 22 28 0.027037386 
303 26 15 19 0.026980584 
506 129 15 18 0.026900457 
456 162 15 21 0.026887085 
271 27 17 20 0.02687485 
255 196 19 24 0.026794834 
986 237 17 21 0.026789576 
996 245 20 28 0.026732164 
667 174 22 31 0.02669374 
66 255 17 22 0.026679948 
976 31 14 18 0.026678707 
574 147 21 25 0.026594365 
325 0 12 11 0.026539244 
437 154 19 24 0.026420811 
571 320 17 20 0.026414711 
140 138 16 19 0.026397737 
360 256 32 37 0.026390543 
84 296 16 19 0.026319334 
214 27 14 17 0.026245134 
517 330 32 46 0.026237095 
868 32 15 19 0.0262198 
192 299 18 19 0.026189223 
194 125 15 18 0.026171058 
937 183 22 28 0.02611164 
995 168 23 26 0.025827756 
603 332 26 33 0.025703264 
617 141 25 28 0.025663374 
806 215 32 37 0.025263395 
497 90 14 18 0.025169292 
454 153 14 20 0.025114942 
246 29 12 16 0.025044555 
918 35 13 16 0.025002902 
973 116 12 16 0.024834191 
502 508 14 19 0.02482146 
374 372 45 52 0.024742592 
817 235 18 23 0.024710746 
917 67 20 26 0.02469633 
907 250 16 19 0.024653455 
372 210 14 18 0.02463636 
228 246 19 25 0.024602052 
128 133 21 26 0.024466015 
129 315 17 22 0.024351168 
741 9 16 20 0.024348335 
83 2 15 17 0.024305409 
256 386 36 52 0.024293216 
158 129 14 18 0.024292627 
907 21 20 27 0.024283428 
220 151 16 19 0.024223652 
738 388 33 42 0.02414763 
428 317 29 31 0.024115106 
650 242 17 22 0.024000797 
969 13 10 14 0.023983749 
147 140 16 20 0.02394586 
860 216 39 47 0.023840077 
291 275 25 31 0.023835296 
920 216 17 23 0.023834478 
156 75 16 18 0.02367275 
506 441 14 19 0.023563566 
240 199 16 19 0.023514811 
1 129 21 30 0.023507155 
334 29 14 19 0.02350085 
728 419 56 75 0.02349051 
900 253 23 28 0.023335533 
665 2 21 22 0.023328407 
363 137 15 19 0.023323324 
145 107 17 22 0.023289395 
0 100 11 18 0.02325937 
1003 208 16 18 0.023254815 
322 24 14 19 0.02323219 
464 102 20 25 0.02320443 
352 183 24 30 0.023192126 
489 115 18 22 0.023120264 
810 194 30 33 0.023057578 
610 295 36 43 0.023040473 
307 20 15 19 0.022996614 
876 154 15 18 0.022950966 
530 129 16 21 0.02293642 
450 172 15 20 0.022916868 
252 0 12 12 0.022884157 
933 1 12 12 0.022883072 
217 2 15 16 0.022852914 
104 10 13 17 0.022795698 
572 303 29 34 0.022790473 
428 84 14 18 0.022769408 
535 326 26 41 0.022715582 
495 539 35 30 0.022707893 
391 226 28 36 0.022676919 
549 178 17 20 0.022630688 
312 199 22 29 0.02261942 
139 179 14 20 0.02260907 
380 4 16 19 0.022572435 
602 11 14 19 0.02252907 
291 2 27 29 0.02247384 
573 158 16 20 0.022461262 
85 158 20 25 0.022431081 
733 13 21 26 0.02240739 
167 117 21 26 0.022359313 
155 55 15 18 0.022349808 
49 0 24 25 0.022307497 
981 214 17 23 0.022303887 
607 40 16 19 0.022260757 
603 306 33 43 0.022239298 
545 279 16 19 0.022209002 
957 86 13 16 0.022134677 
983 5 11 13 0.022086019 
326 158 17 22 0.022054391 
10 170 20 28 0.021917962 
477 229 18 24 0.021844614 
333 -1 13 11 0.02184412 
197 85 15 18 0.021841805 
452 71 17 20 0.02174688 
934 211 14 22 0.02168742 
204 223 22 26 0.0216636 
817 103 15 19 0.021606792 
295 112 21 25 0.021597803 
513 246 22 28 0.021505136 
517 0 13 11 0.021377696 
532 208 14 20 0.02127178 
236 92 15 20 0.021196933 
132 168 16 20 0.02116552 
1008 112 11 16 0.021137364 
517 435 16 20 0.021135231 
1004 188 14 16 0.021119285 
443 140 16 19 0.021118734 
888 221 17 24 0.021082647 
844 100 13 18 0.02106047 
195 74 15 19 0.02102167 
791 254 14 19 0.020965023 
237 176 19 23 0.020914873 
957 178 16 21 0.020846175 
222 154 21 23 0.020771129 
178 129 21 25 0.02074063 
835 194 20 24 0.020689253 
621 29 16 18 0.020654345 
926 184 15 22 0.020632632 
81 282 25 30 0.020545691 
776 214 17 23 0.020501679 
244 340 33 50 0.02049948 
255 255 17 22 0.020372437 
142 0 16 17 0.020371787 
612 339 14 18 0.02035979 
559 -10 25 24 0.020331886 
220 363 49 63 0.02032041 
292 133 20 25 0.020252703 
340 236 16 20 0.020240622 
0 208 13 20 0.020226255 
730 27 19 21 0.020225594 
572 342 27 35 0.020174468 
584 253 26 30 0.020148275 
631 170 16 19 0.020137353 
810 253 48 54 0.02006559 
915 154 17 21 0.020057697 
830 5 14 17 0.020032687 
