36_Football_Football_36_23
48
382 94 56 67 0.9995566 
736 54 56 73 0.9994124 
227 54 55 75 0.99916124 
600 46 61 82 0.9908326 
547 117 28 35 0.7866477 
71 0 23 25 0.42713112 
140 5 20 24 0.40671802 
565 25 18 22 0.33047286 
180 25 19 22 0.29863104 
369 12 19 23 0.29439816 
228 -1 52 56 0.26357183 
83 33 18 23 0.24032581 
361 13 29 38 0.17932115 
303 -1 27 25 0.1768052 
27 55 25 32 0.15758826 
801 13 19 23 0.121908836 
224 27 54 70 0.10231171 
494 34 17 22 0.0788524 
73 8 27 32 0.0680587 
640 5 30 36 0.0599134 
963 120 25 28 0.05260238 
14 114 34 40 0.051308487 
424 522 33 41 0.05029548 
349 20 36 48 0.04339937 
850 74 26 31 0.04137008 
10 0 29 29 0.04010417 
58 -2 29 31 0.03887973 
428 443 29 37 0.03374433 
954 101 41 48 0.030842539 
615 16 61 85 0.030271476 
554 74 17 21 0.029019812 
148 7 25 33 0.02838593 
195 42 43 62 0.027558 
446 35 23 31 0.026478555 
207 1 49 55 0.025235869 
169 8 28 36 0.024532873 
485 3 17 20 0.024268005 
541 82 42 58 0.024157157 
934 114 27 33 0.024057606 
660 0 29 35 0.022387411 
413 2 27 33 0.021638004 
172 13 42 54 0.021271592 
996 209 18 23 0.021037158 
819 77 23 29 0.021031544 
556 54 11 14 0.020740882 
63 13 42 49 0.020651825 
552 36 72 102 0.020322125 
135 2 17 22 0.020261465 
