22_Picnic_Picnic_22_933
36
713 40 165 183 0.9932914 
641 188 60 54 0.9635332 
224 9 179 223 0.80779874 
1 482 20 25 0.7944662 
631 406 48 47 0.659196 
341 595 32 35 0.45976594 
708 300 34 39 0.21530262 
147 544 55 73 0.20862477 
12 6 350 443 0.18860382 
725 294 28 38 0.111550115 
5 548 44 52 0.10325377 
694 308 33 34 0.098447315 
514 574 13 19 0.08597589 
157 59 208 238 0.08244924 
181 538 19 21 0.08227587 
321 625 26 29 0.07961417 
743 278 52 63 0.0442482 
716 264 26 33 0.039738834 
666 191 55 57 0.037887648 
903 390 101 121 0.035683837 
543 593 16 20 0.033912685 
125 557 11 15 0.031478588 
500 565 13 17 0.031233259 
113 163 138 183 0.030129636 
480 580 12 17 0.028325282 
694 274 52 57 0.027566371 
171 526 29 29 0.026425399 
507 565 15 18 0.02569738 
499 75 403 446 0.02356184 
228 628 25 29 0.022736885 
50 581 24 31 0.021610409 
167 537 32 36 0.021097902 
722 272 15 19 0.02097123 
1 534 33 42 0.020729577 
343 580 14 16 0.020420844 
707 286 13 15 0.020212231 
