22_Picnic_Picnic_22_732
1266
282 601 13 18 0.9424692 
585 540 9 12 0.8957139 
847 618 15 18 0.8316109 
427 573 9 12 0.79206985 
148 590 11 14 0.7586494 
607 610 11 15 0.7449109 
668 626 16 17 0.6884297 
576 557 10 13 0.687115 
223 588 10 12 0.6598675 
240 573 12 14 0.6496004 
527 602 11 14 0.6269875 
295 544 8 11 0.607939 
59 655 16 22 0.53905505 
790 547 9 12 0.53048927 
109 560 11 13 0.5159435 
517 560 10 12 0.49199167 
407 572 8 11 0.49011913 
724 581 11 15 0.47984722 
722 612 10 14 0.45762873 
215 608 10 12 0.44455865 
366 563 9 12 0.43602157 
182 558 10 13 0.42637095 
768 534 10 12 0.40521035 
656 589 10 14 0.4037692 
158 536 9 12 0.39918315 
255 583 10 13 0.3856313 
183 543 10 11 0.37269557 
150 522 7 9 0.3473589 
365 580 10 13 0.34473366 
591 588 9 12 0.34208488 
903 591 10 15 0.3380487 
990 569 9 11 0.33380648 
561 541 9 11 0.32463822 
194 528 8 10 0.30299717 
210 551 9 10 0.30246443 
640 544 8 10 0.30200467 
737 589 9 12 0.29949376 
552 589 13 16 0.29834226 
502 544 10 13 0.28121185 
592 583 10 13 0.27878827 
366 576 10 12 0.26628155 
184 548 11 12 0.26589274 
321 582 10 13 0.26417717 
241 555 9 12 0.25661355 
632 525 8 10 0.25480887 
406 568 8 11 0.25340056 
261 534 8 11 0.24999495 
169 524 7 10 0.2497806 
336 613 13 16 0.24490365 
136 577 14 16 0.24068719 
744 634 12 14 0.2353498 
487 563 10 11 0.23471591 
144 594 11 14 0.23327616 
197 528 10 11 0.23281537 
628 604 9 11 0.22801735 
257 495 7 9 0.22685543 
88 526 7 8 0.22318202 
231 551 9 12 0.21464409 
507 582 10 13 0.21417682 
381 590 9 12 0.21130516 
215 630 13 16 0.21027574 
449 541 9 11 0.20132513 
327 521 7 9 0.19959743 
706 567 9 11 0.19857086 
759 624 10 14 0.19577983 
720 607 11 13 0.19367464 
510 575 10 11 0.19256015 
701 582 10 13 0.18792598 
171 521 6 9 0.18462363 
58 536 7 9 0.18407488 
1014 566 8 12 0.18211435 
472 559 7 10 0.18202281 
332 553 9 10 0.17898904 
238 535 8 10 0.17787635 
528 548 8 11 0.17646134 
944 583 11 13 0.17324227 
680 573 9 12 0.17277773 
366 587 10 12 0.17141552 
233 525 9 12 0.17139836 
831 495 7 9 0.17071678 
561 536 8 11 0.16865075 
257 535 8 11 0.16831571 
5 550 10 13 0.16574493 
154 534 8 11 0.16118076 
514 30 202 201 0.15966554 
889 512 6 9 0.15919307 
425 527 8 10 0.15911311 
8 514 7 8 0.15852852 
348 581 10 13 0.15691675 
513 526 8 9 0.15660958 
665 551 8 11 0.1551049 
537 573 10 12 0.15507747 
664 572 9 11 0.15233862 
6 542 9 11 0.15166987 
710 571 9 12 0.15091439 
896 519 9 11 0.15088207 
174 520 8 10 0.15062504 
536 566 8 10 0.149761 
257 520 7 9 0.14944395 
307 147 67 66 0.14839195 
925 535 9 12 0.14750151 
240 511 7 9 0.1473726 
785 544 10 13 0.14704321 
968 534 11 14 0.14701448 
63 567 9 11 0.14693308 
194 606 11 14 0.14634222 
342 518 8 10 0.1459511 
253 602 11 14 0.14506099 
617 549 9 12 0.14411853 
392 599 9 12 0.14365919 
42 582 12 15 0.14322922 
57 541 9 12 0.14281663 
716 550 10 12 0.14243807 
738 520 7 9 0.141919 
513 564 11 12 0.14185818 
718 535 8 10 0.14055586 
629 567 10 13 0.13761625 
343 528 7 9 0.13688762 
872 509 7 9 0.13348934 
73 551 9 12 0.13304627 
78 555 8 10 0.13179243 
400 557 9 11 0.13102959 
48 659 15 17 0.13015288 
581 571 13 15 0.12930699 
61 548 9 12 0.12865362 
345 559 8 9 0.1283872 
360 524 7 10 0.12772797 
7 517 7 10 0.12721859 
653 629 9 14 0.1265178 
470 525 9 11 0.1247953 
122 582 8 11 0.12311466 
694 627 11 15 0.12279952 
889 534 8 9 0.12268596 
863 580 9 11 0.12247168 
654 511 7 9 0.12168885 
815 502 7 8 0.12098637 
800 527 8 11 0.120974846 
402 534 8 10 0.119766645 
624 600 9 13 0.11955145 
22 566 11 13 0.11834949 
447 625 9 13 0.1168811 
580 563 11 15 0.116260566 
224 496 7 9 0.11584757 
526 535 8 10 0.1158056 
509 588 9 12 0.1140779 
305 495 7 9 0.113482825 
234 532 10 12 0.11332166 
921 540 8 10 0.1130004 
733 624 12 14 0.112955794 
504 586 10 13 0.112494126 
351 558 8 10 0.112010226 
24 519 7 9 0.111532316 
217 535 8 10 0.11128977 
337 518 7 10 0.111144505 
1006 565 10 13 0.110868804 
646 632 13 16 0.110085316 
711 526 8 9 0.10941216 
382 595 10 13 0.1091328 
621 548 9 12 0.10838031 
225 504 7 8 0.108341515 
294 525 7 10 0.10803737 
1 536 8 11 0.108019575 
238 519 8 10 0.10778659 
361 560 8 11 0.10762256 
808 525 9 11 0.10759969 
345 540 9 11 0.107286476 
583 511 7 9 0.107105084 
345 535 8 11 0.10679978 
232 520 9 11 0.1067543 
465 526 9 10 0.10648533 
262 526 8 10 0.10580492 
402 565 9 12 0.104453236 
340 617 11 16 0.104403436 
561 613 10 15 0.10439258 
72 496 7 9 0.10419459 
61 542 10 12 0.10411466 
262 595 12 15 0.10395782 
263 503 6 8 0.103219 
783 533 8 10 0.103161775 
429 521 8 9 0.10292726 
217 519 6 9 0.10251973 
74 516 9 11 0.102204554 
330 535 9 11 0.101573266 
178 511 7 8 0.10140346 
599 527 9 10 0.100586325 
512 521 8 8 0.10019238 
261 496 8 9 0.09952862 
826 495 7 9 0.099303335 
412 626 11 15 0.09916553 
263 590 9 12 0.099120595 
191 505 7 9 0.09905653 
488 517 8 10 0.09870707 
855 557 9 12 0.09783762 
632 521 7 9 0.09757003 
83 590 10 13 0.09739788 
406 541 9 11 0.096364915 
182 584 10 11 0.09624999 
742 520 9 10 0.096237816 
245 578 11 15 0.09614248 
312 560 8 9 0.09605265 
432 543 7 10 0.095573775 
262 520 7 9 0.09523411 
526 543 9 12 0.095153786 
288 495 8 8 0.094044454 
551 527 9 11 0.09358828 
507 550 10 12 0.09330016 
110 591 9 12 0.09283773 
46 548 8 11 0.092659794 
104 520 6 8 0.09265125 
240 540 8 10 0.09240069 
205 574 9 11 0.09185466 
701 548 10 12 0.09104486 
208 503 7 9 0.09099043 
935 510 7 10 0.09063465 
245 568 9 12 0.090573065 
858 494 7 9 0.09053772 
16 501 8 10 0.090405256 
465 496 6 8 0.090369694 
608 504 6 9 0.09028332 
141 495 8 9 0.0898856 
430 504 7 9 0.08951128 
61 536 8 11 0.08936519 
196 597 11 13 0.08882316 
999 566 10 12 0.08818713 
409 579 9 12 0.08803739 
556 583 11 14 0.087908186 
401 527 8 10 0.08783256 
977 520 8 10 0.087718636 
823 512 7 10 0.08742371 
977 464 8 9 0.08715481 
156 607 9 13 0.08701551 
759 497 7 9 0.0867552 
807 542 9 11 0.08670778 
151 552 8 10 0.08636722 
934 469 8 10 0.08636131 
246 588 10 12 0.08622932 
120 497 6 8 0.08600937 
269 596 11 15 0.08581318 
208 635 10 12 0.08562778 
367 597 10 14 0.08533876 
406 550 8 10 0.084815554 
210 605 10 13 0.08458752 
313 579 10 12 0.08443377 
370 496 7 8 0.08439521 
902 524 7 10 0.08437546 
392 495 7 8 0.084313154 
189 545 9 10 0.08430851 
358 543 7 11 0.08423578 
329 555 9 11 0.08384067 
696 533 7 10 0.08362832 
591 521 7 10 0.08357599 
209 544 8 9 0.083220445 
753 534 8 11 0.08304272 
549 547 8 11 0.08300932 
973 537 10 13 0.082607105 
71 536 9 10 0.08254537 
831 533 9 12 0.082456015 
224 509 7 9 0.082105614 
992 519 8 10 0.08206039 
307 119 99 119 0.08148949 
271 494 7 8 0.08147296 
323 520 7 9 0.08138008 
578 512 6 8 0.08134074 
105 495 6 9 0.08110631 
89 497 7 9 0.08089675 
946 548 13 15 0.080840364 
245 553 9 12 0.08037406 
638 614 12 15 0.0797971 
597 586 9 12 0.079545505 
769 529 8 11 0.07936369 
590 573 10 12 0.07923333 
88 560 8 10 0.07901019 
895 572 10 14 0.07894804 
290 604 11 14 0.07863732 
377 588 9 12 0.07853872 
650 519 8 9 0.07850481 
864 519 7 10 0.07829083 
761 541 8 11 0.07812701 
830 527 9 10 0.07799211 
39 527 7 9 0.07798719 
397 599 8 11 0.07798706 
73 512 8 10 0.07776592 
458 582 8 10 0.07762971 
592 524 9 10 0.0767504 
262 564 8 11 0.076538645 
54 595 10 12 0.07573605 
901 566 9 12 0.07562448 
992 447 8 9 0.07535651 
521 535 8 10 0.07519294 
665 526 8 9 0.07511966 
934 465 8 9 0.07489513 
902 535 8 11 0.07471065 
654 518 7 10 0.07454158 
512 597 9 13 0.07401448 
351 589 9 11 0.073963605 
586 589 10 13 0.073422626 
487 512 9 10 0.073286496 
630 580 8 12 0.07325631 
472 522 8 9 0.072995566 
392 520 7 9 0.072888575 
375 583 8 11 0.072813034 
991 541 9 12 0.07257861 
346 503 8 9 0.07250211 
1006 601 11 15 0.07219035 
184 520 6 9 0.072150946 
78 513 8 10 0.071772285 
998 521 8 9 0.07173445 
713 542 8 11 0.071156 
489 528 7 9 0.07101568 
208 598 10 13 0.070911445 
425 519 8 10 0.07085325 
545 518 6 9 0.070757456 
198 591 10 12 0.070757054 
416 519 7 9 0.0706752 
625 510 6 8 0.07042108 
584 518 8 10 0.06980304 
543 512 7 9 0.06959916 
456 557 7 10 0.069540605 
681 552 8 10 0.0692495 
571 557 10 12 0.069155514 
441 497 7 9 0.068945095 
783 511 7 9 0.06889 
743 525 9 10 0.0688335 
305 559 7 10 0.068622075 
-1 630 8 13 0.06861884 
413 588 10 12 0.06854567 
716 631 13 18 0.06830265 
558 528 7 9 0.06814665 
798 532 12 16 0.0681416 
127 519 8 10 0.06813804 
248 596 11 15 0.06802119 
88 502 7 9 0.06789298 
160 512 7 9 0.06775223 
265 510 6 8 0.06760222 
664 520 7 9 0.067432836 
351 542 9 11 0.06722006 
189 573 10 12 0.066939 
121 535 9 10 0.06683326 
135 543 8 10 0.0668169 
719 600 11 13 0.06664523 
514 510 7 8 0.06656788 
880 549 8 11 0.066530086 
413 581 10 12 0.06636753 
225 551 8 11 0.066225484 
251 612 11 14 0.06619559 
676 634 11 13 0.06581582 
831 648 9 13 0.06579184 
271 489 7 8 0.065460645 
800 511 7 9 0.06541046 
646 613 12 15 0.06536746 
65 503 8 10 0.06528074 
155 613 12 16 0.06514646 
198 496 7 8 0.065046884 
2 554 9 14 0.06487209 
271 544 9 12 0.06482075 
950 526 8 10 0.06481744 
519 598 12 16 0.06473488 
268 592 10 12 0.06464366 
648 526 8 9 0.06450443 
319 504 9 11 0.06449416 
846 511 8 10 0.064491615 
408 505 7 8 0.06444382 
329 487 7 9 0.06426825 
360 589 10 12 0.06420931 
344 512 8 10 0.064036496 
624 534 7 9 0.06400462 
536 528 7 10 0.06342155 
188 566 10 12 0.06317227 
318 559 7 9 0.06302032 
273 511 7 9 0.06294348 
70 542 9 10 0.06271618 
240 496 6 8 0.0626588 
728 637 10 14 0.06262564 
869 580 9 12 0.062251683 
144 533 8 10 0.062224463 
685 575 9 12 0.062221155 
290 521 7 8 0.06161916 
1001 596 12 15 0.061415434 
480 565 9 11 0.06130528 
450 519 7 9 0.061187312 
895 535 8 10 0.061123572 
1 497 7 10 0.061020896 
856 533 8 10 0.06093223 
600 532 9 11 0.06034745 
998 534 10 12 0.059995927 
678 568 8 11 0.059890173 
958 532 12 14 0.059855524 
522 540 9 12 0.059814297 
857 488 7 10 0.059739307 
673 567 8 11 0.059685897 
488 532 9 11 0.059644282 
546 542 9 12 0.05963889 
359 639 9 11 0.059439447 
625 571 10 13 0.059352227 
598 548 8 11 0.059230313 
190 581 9 11 0.05922805 
63 519 9 9 0.059088476 
102 542 8 11 0.059066903 
294 480 7 9 0.05893715 
183 537 7 10 0.058697388 
650 504 7 9 0.058599167 
936 504 7 10 0.05841761 
997 540 10 12 0.058249217 
242 503 7 9 0.057862636 
805 616 9 12 0.057842787 
751 511 7 8 0.057812635 
999 604 11 15 0.05751377 
584 580 10 14 0.057477273 
984 541 9 12 0.057473347 
783 557 10 12 0.057447214 
717 541 9 11 0.057383172 
878 462 8 10 0.057350527 
383 489 6 9 0.057282202 
983 503 7 9 0.05724172 
535 560 9 11 0.057128258 
265 488 7 9 0.05707804 
921 480 8 10 0.0569603 
847 559 9 11 0.056942157 
568 551 9 12 0.056805126 
518 527 7 9 0.056797367 
751 527 7 10 0.056681022 
704 572 10 12 0.056568347 
498 542 8 12 0.05655457 
257 500 8 10 0.056072757 
232 497 7 9 0.055791467 
262 540 10 13 0.055150665 
697 543 8 10 0.055117898 
646 542 7 11 0.05509385 
127 535 7 9 0.055055212 
756 645 13 15 0.055012744 
701 614 10 12 0.054813985 
151 556 8 11 0.05478411 
543 495 6 8 0.05464402 
277 511 8 9 0.05443693 
178 541 9 11 0.054243963 
928 455 7 9 0.054192126 
672 503 7 8 0.05411534 
701 605 9 12 0.05393193 
120 502 7 9 0.053899303 
695 512 7 9 0.053827785 
424 604 10 15 0.053676892 
553 519 7 9 0.053599257 
429 525 8 11 0.0535978 
223 520 8 10 0.053400367 
617 527 7 10 0.053337514 
258 563 8 11 0.05332421 
146 526 8 9 0.053305883 
160 519 7 9 0.053150315 
821 557 12 13 0.053089783 
997 470 8 10 0.053054325 
504 535 8 10 0.05294829 
624 527 7 10 0.052854463 
352 550 8 10 0.05267747 
368 602 10 14 0.052628823 
440 501 8 9 0.052494783 
565 535 9 11 0.052482456 
39 520 6 8 0.05246426 
727 621 10 13 0.05246026 
799 504 7 8 0.05243553 
976 510 8 10 0.052420005 
640 535 7 10 0.05241316 
256 559 8 11 0.052223828 
310 494 7 9 0.05219749 
336 494 7 8 0.051914055 
320 526 8 9 0.051831722 
249 527 6 9 0.051824644 
575 527 8 10 0.05151309 
662 596 10 13 0.051474422 
41 597 10 14 0.051432192 
416 560 7 10 0.05137652 
841 606 9 13 0.051290605 
401 552 8 11 0.051286753 
541 578 10 13 0.051188886 
317 576 9 12 0.051135045 
385 494 7 9 0.051111333 
817 512 8 9 0.050986797 
793 520 7 8 0.050885934 
714 535 8 11 0.050845854 
729 528 6 8 0.050805226 
249 605 11 15 0.050782543 
104 526 8 9 0.050754637 
887 541 9 11 0.050732158 
42 543 8 10 0.05068608 
126 526 8 9 0.05065914 
823 517 8 10 0.050529588 
377 526 6 8 0.050462943 
440 609 12 15 0.050331667 
314 551 8 10 0.050250355 
206 526 7 10 0.050176393 
981 465 9 9 0.05005618 
423 533 8 10 0.04999663 
686 552 7 9 0.04996763 
398 589 8 10 0.049878333 
728 628 10 14 0.049832456 
720 513 6 7 0.049828745 
294 521 7 9 0.049787365 
655 534 8 9 0.049472988 
464 559 9 10 0.049002077 
464 502 7 9 0.048966527 
976 524 9 11 0.048962917 
334 540 9 11 0.048802525 
830 519 8 9 0.048608564 
257 525 8 10 0.04860847 
629 610 13 16 0.04853526 
260 582 9 12 0.048462592 
378 511 7 9 0.04845704 
135 559 8 11 0.048429947 
7 565 9 13 0.048415422 
815 517 8 10 0.048377283 
622 543 9 12 0.04831832 
424 510 8 9 0.04830695 
623 505 6 8 0.048287183 
399 521 8 8 0.048224155 
609 520 8 9 0.048157137 
690 513 6 8 0.04803651 
625 519 7 8 0.04793055 
165 535 8 11 0.047885146 
960 511 8 9 0.047642305 
136 511 7 9 0.047623068 
291 548 8 10 0.04760436 
122 519 7 9 0.047566593 
950 520 8 10 0.04734193 
993 470 9 10 0.047256432 
318 534 8 11 0.047119487 
847 518 7 9 0.04696429 
841 512 8 9 0.046963852 
663 603 12 15 0.04695985 
854 573 11 13 0.046904717 
848 505 8 9 0.04684994 
138 489 7 9 0.046847917 
441 622 11 15 0.046781167 
86 564 10 13 0.04668946 
912 534 8 10 0.046676397 
216 572 10 12 0.046536326 
639 527 7 10 0.046533268 
755 604 11 13 0.046481416 
733 637 12 15 0.04635856 
214 541 8 11 0.046313774 
159 558 8 11 0.04609867 
591 546 9 12 0.0460939 
918 463 7 9 0.04601822 
880 622 10 14 0.04585519 
602 603 11 17 0.045804903 
930 512 8 9 0.04574048 
3 517 7 11 0.045647997 
144 586 18 22 0.04550676 
162 495 7 9 0.04550566 
982 519 8 10 0.04550149 
815 497 7 9 0.04542074 
151 572 10 13 0.04540393 
255 575 10 14 0.045361508 
944 510 7 9 0.04534559 
545 534 9 10 0.045284104 
810 495 7 9 0.045222096 
710 579 11 15 0.04513955 
41 533 7 10 0.045022547 
454 552 8 10 0.044916585 
825 533 9 12 0.04490211 
401 502 6 9 0.04487499 
999 524 10 11 0.044819646 
80 568 9 12 0.044735804 
345 576 9 12 0.0447241 
759 535 8 11 0.044702455 
176 566 9 13 0.0445552 
768 608 9 11 0.04443878 
599 543 9 12 0.044436403 
213 555 9 12 0.044346448 
712 520 7 9 0.044308543 
862 489 7 9 0.044011865 
690 502 6 8 0.043933272 
505 506 7 8 0.043864496 
256 490 7 8 0.043837953 
634 549 8 10 0.04378029 
318 552 7 9 0.04372689 
912 557 10 12 0.043694746 
695 518 7 8 0.04367359 
213 598 10 12 0.04344319 
352 564 9 11 0.043442458 
405 536 8 10 0.04342273 
15 565 11 13 0.043211743 
214 620 13 17 0.043198362 
306 489 8 9 0.043163195 
296 536 7 10 0.042973384 
986 571 10 12 0.042861294 
218 590 10 12 0.04286103 
805 645 10 13 0.042811036 
290 502 7 10 0.04276126 
310 487 7 9 0.04271576 
431 548 10 11 0.042617306 
146 627 14 18 0.042600792 
470 532 8 10 0.042546663 
601 597 10 14 0.042430326 
24 526 8 9 0.04242552 
193 488 7 9 0.042364966 
293 587 12 16 0.04229047 
262 574 8 11 0.04216015 
841 518 7 9 0.042053398 
417 535 8 10 0.0420264 
389 574 8 11 0.041977543 
465 533 8 10 0.041976415 
652 610 11 15 0.041858807 
5 537 9 10 0.0417921 
455 520 7 9 0.041623875 
768 551 8 10 0.041595396 
129 565 10 11 0.04153213 
106 563 10 12 0.041480906 
737 525 7 9 0.041424453 
615 496 6 7 0.041390035 
703 510 7 8 0.041371897 
71 568 8 11 0.041351847 
8 643 10 14 0.041346196 
166 598 9 11 0.041310463 
446 559 9 10 0.04130576 
62 557 8 10 0.041241903 
485 621 12 14 0.04124044 
392 591 7 10 0.04117596 
278 519 7 8 0.041127533 
592 505 6 7 0.041120235 
519 511 7 8 0.041091226 
503 556 10 13 0.04108141 
696 528 7 9 0.04106368 
650 511 8 9 0.04102138 
295 583 10 12 0.040993247 
690 518 7 8 0.040977888 
914 464 7 9 0.04089385 
568 513 6 7 0.040826127 
271 560 8 10 0.04073628 
696 496 6 8 0.04053145 
517 573 9 10 0.040453047 
511 531 9 11 0.040411144 
176 505 8 8 0.040343218 
770 518 7 9 0.040297523 
399 583 9 12 0.040096916 
769 588 9 13 0.040083632 
414 596 10 12 0.040076796 
775 529 9 10 0.03997183 
249 535 6 10 0.03985722 
878 496 8 9 0.039740834 
897 524 10 11 0.03973472 
191 620 10 12 0.039711654 
930 517 7 9 0.039635718 
952 531 11 14 0.039624576 
332 607 14 18 0.039469965 
44 594 12 15 0.039450202 
626 487 7 9 0.03939036 
937 478 7 8 0.03930949 
704 558 10 12 0.039218932 
783 409 221 255 0.039169315 
944 554 11 15 0.039004855 
133 566 10 12 0.038964283 
783 504 7 9 0.038943097 
408 495 6 8 0.038924277 
15 543 8 11 0.038775716 
479 560 8 10 0.038666584 
41 488 6 7 0.038650803 
888 516 9 12 0.038626492 
778 504 7 8 0.03862244 
205 580 10 13 0.0386103 
470 550 9 12 0.038576227 
822 644 9 12 0.038530063 
935 535 9 12 0.038499665 
647 560 7 10 0.038488794 
975 456 7 9 0.038465485 
177 537 8 10 0.038403794 
820 640 9 12 0.03840164 
662 623 13 17 0.03833892 
655 505 7 9 0.038242728 
86 584 8 11 0.03823228 
746 503 7 9 0.038125675 
727 503 6 8 0.038088482 
122 527 8 9 0.038074926 
105 489 6 8 0.0380297 
704 505 6 8 0.038016293 
487 541 9 12 0.037946247 
982 536 8 11 0.037875842 
407 634 13 18 0.03781431 
878 456 7 10 0.037811656 
345 496 7 10 0.03778809 
874 495 7 9 0.03772598 
760 501 7 9 0.037704367 
654 526 8 9 0.03767785 
993 524 8 11 0.03766209 
878 503 8 9 0.037575137 
910 512 6 8 0.037396394 
812 526 9 11 0.0373349 
634 543 8 11 0.037325375 
166 496 7 9 0.037275366 
299 542 9 12 0.037177455 
981 595 9 15 0.03712661 
544 594 11 16 0.037090268 
273 518 7 9 0.037088543 
314 527 8 9 0.03706688 
328 512 7 8 0.037047476 
424 541 8 10 0.037043594 
814 534 9 12 0.03698789 
731 643 14 17 0.036978982 
337 513 7 10 0.036883887 
873 526 7 10 0.036850702 
550 532 9 11 0.036838144 
785 518 7 9 0.03682957 
407 489 6 8 0.036772847 
374 495 7 8 0.036748447 
88 543 9 12 0.036741257 
453 536 9 11 0.03672807 
249 496 7 9 0.036707453 
930 464 8 9 0.03662142 
722 503 6 8 0.03656952 
776 550 8 11 0.036567453 
328 606 11 15 0.03647571 
229 581 10 14 0.03641855 
423 612 9 13 0.036338255 
774 541 9 11 0.03612893 
126 31 47 82 0.036114436 
393 502 7 8 0.03602039 
65 510 8 10 0.036003526 
458 503 6 8 0.03598667 
206 567 9 11 0.035947114 
881 543 7 10 0.035939567 
614 519 8 8 0.035905108 
390 542 9 11 0.03590439 
346 552 8 10 0.035895567 
408 509 7 8 0.035823945 
464 603 9 12 0.035811767 
737 496 6 8 0.035807017 
664 543 8 10 0.035763532 
506 520 7 9 0.03575464 
378 489 6 8 0.03567616 
200 520 8 10 0.03554976 
217 567 8 10 0.0355065 
95 548 8 11 0.035439942 
768 512 6 9 0.035419144 
824 453 9 10 0.035382465 
136 550 8 10 0.03535627 
141 490 8 9 0.0353556 
711 555 10 13 0.03534831 
978 469 8 11 0.035224292 
119 512 7 9 0.035177022 
995 600 20 29 0.03516478 
321 496 7 8 0.035154354 
728 512 7 8 0.03512258 
192 591 9 11 0.03507006 
440 560 10 11 0.03503014 
519 520 8 9 0.035026066 
665 534 7 9 0.03497828 
219 610 10 15 0.034966066 
390 535 8 10 0.03491053 
463 564 9 11 0.034837026 
216 526 7 10 0.034833837 
640 520 6 8 0.034825422 
791 503 8 9 0.034815222 
287 564 10 12 0.034789715 
541 565 8 11 0.03476804 
303 502 7 9 0.034733776 
449 548 9 12 0.034671437 
983 547 10 13 0.034606736 
157 589 10 14 0.03452778 
29 563 11 14 0.034500517 
470 543 10 12 0.034463257 
318 565 8 10 0.034342494 
421 620 10 13 0.034337077 
167 489 6 7 0.034332797 
887 548 9 12 0.034331378 
409 521 7 9 0.034138393 
857 580 9 11 0.034135982 
385 520 7 9 0.034134306 
457 587 10 13 0.034118444 
337 526 6 10 0.03399418 
798 518 8 11 0.033984683 
879 510 7 9 0.033879496 
673 510 7 9 0.03385375 
606 526 9 11 0.03380891 
750 519 9 10 0.033710264 
724 598 10 13 0.033588383 
493 565 9 11 0.033547666 
42 547 8 12 0.033536237 
221 535 8 11 0.03351671 
482 621 8 12 0.033498354 
782 644 10 13 0.033489626 
685 598 10 13 0.033413578 
406 620 13 17 0.03340152 
430 535 8 10 0.033394653 
209 497 6 8 0.03333867 
221 574 9 11 0.033321753 
444 604 11 15 0.033299033 
829 554 10 14 0.0332799 
511 603 11 15 0.033269174 
671 520 8 9 0.0332336 
271 601 12 16 0.033185355 
669 551 8 11 0.033146013 
142 502 8 9 0.033100504 
538 511 7 9 0.03309476 
560 628 13 17 0.033059098 
801 618 10 13 0.033021245 
624 580 10 12 0.03299798 
930 469 8 10 0.032851715 
716 564 11 13 0.03282823 
748 642 14 16 0.032822106 
350 496 8 9 0.032816246 
195 495 7 8 0.03277751 
46 494 7 9 0.03276962 
826 526 9 11 0.032766625 
400 496 6 8 0.03272671 
185 569 11 14 0.032721505 
150 583 11 16 0.032694813 
127 496 7 9 0.032679807 
949 541 12 15 0.03265169 
991 512 8 10 0.032609414 
527 520 8 9 0.032546148 
679 512 7 8 0.03253613 
460 575 10 12 0.032518122 
32 526 8 10 0.032504357 
736 512 7 9 0.03249028 
983 509 8 11 0.03239882 
887 529 9 10 0.03239154 
326 573 9 12 0.032354966 
152 566 10 12 0.0323175 
558 519 7 9 0.032307304 
205 591 10 12 0.032290578 
414 540 9 11 0.03216179 
569 564 10 12 0.032151014 
222 567 8 10 0.032116693 
295 502 6 9 0.032061204 
748 630 12 16 0.032032184 
713 512 7 8 0.032009948 
160 489 7 9 0.031939656 
167 502 7 9 0.03184818 
350 535 7 10 0.03182884 
32 589 9 12 0.03182576 
719 259 370 459 0.031795263 
545 527 8 10 0.031769477 
831 501 8 9 0.031767238 
630 488 7 9 0.031723913 
680 534 8 10 0.031710774 
-10 54 123 194 0.031695627 
56 529 8 9 0.031525973 
797 598 9 12 0.031498898 
97 544 9 11 0.031492576 
740 641 15 18 0.03148074 
705 527 8 9 0.03145031 
424 600 8 12 0.031425916 
272 526 8 10 0.031386722 
552 505 7 8 0.031372894 
643 618 14 17 0.03130562 
672 487 8 8 0.031303313 
165 589 9 13 0.03129661 
716 653 10 13 0.031287976 
287 591 12 14 0.03128344 
1016 516 8 12 0.031254884 
825 489 7 9 0.031202443 
791 571 12 16 0.031151656 
199 567 8 10 0.031091187 
424 568 16 23 0.031046052 
991 607 11 16 0.030987112 
605 542 9 11 0.030939013 
644 641 14 19 0.030754732 
327 505 7 9 0.030680325 
449 525 9 10 0.030668586 
906 511 7 9 0.030591318 
368 502 7 8 0.030555468 
88 531 8 11 0.030523863 
246 502 8 10 0.03048225 
513 506 6 8 0.03044203 
538 496 7 8 0.030327365 
414 566 8 10 0.03027856 
313 521 7 8 0.030258555 
808 548 11 13 0.030231915 
999 463 8 10 0.03017707 
896 496 8 10 0.030163405 
167 573 9 11 0.030104429 
186 525 7 10 0.030082399 
751 504 7 9 0.03005948 
507 542 11 14 0.030051785 
362 504 6 8 0.029961232 
699 628 11 15 0.029952945 
65 496 7 9 0.02994374 
32 495 6 8 0.029942734 
736 607 11 12 0.029941719 
7 496 8 10 0.02980093 
902 540 8 10 0.02978694 
417 512 7 9 0.029764513 
816 557 11 13 0.029678091 
943 543 11 14 0.029660765 
177 488 6 8 0.029654808 
279 543 7 10 0.029600203 
342 626 9 12 0.029590948 
1013 559 10 15 0.029543016 
488 503 7 9 0.029527925 
895 557 9 11 0.029518329 
169 567 9 12 0.029485732 
958 527 10 12 0.029483337 
696 502 7 9 0.029479174 
1012 603 10 17 0.029477626 
535 532 8 11 0.029404901 
577 570 10 15 0.029378673 
385 535 7 9 0.029377358 
503 564 9 11 0.029362403 
375 595 11 15 0.029278211 
655 543 8 10 0.029165005 
744 557 10 12 0.029096385 
582 536 17 22 0.029079305 
382 512 7 8 0.029048376 
62 526 8 9 0.029043104 
761 511 7 9 0.029034985 
0 608 9 13 0.029032566 
200 543 8 10 0.029030737 
382 584 9 12 0.029020643 
840 556 11 13 0.029001407 
104 502 7 9 0.028916324 
406 527 7 9 0.028913839 
86 522 8 9 0.028883383 
231 502 6 9 0.02884016 
578 518 7 8 0.028821895 
94 564 7 11 0.028815247 
405 559 8 10 0.028773818 
879 671 13 14 0.028756106 
2 512 6 10 0.028747603 
485 549 10 12 0.028687753 
114 512 6 8 0.028498137 
407 596 11 13 0.02846242 
15 510 7 9 0.028418431 
216 511 7 9 0.028406832 
840 613 12 15 0.028391428 
881 519 7 10 0.02835962 
732 584 11 14 0.02832708 
864 524 7 10 0.028307423 
138 502 8 9 0.028283523 
402 488 6 9 0.028186511 
838 497 7 8 0.028180046 
641 635 12 15 0.02815261 
711 598 10 12 0.028149212 
590 567 10 13 0.028113062 
296 510 7 9 0.028096749 
855 501 8 9 0.028019166 
670 571 9 12 0.027979508 
217 495 7 9 0.027955022 
573 553 17 23 0.02793797 
177 584 9 12 0.02784882 
710 587 10 14 0.027823742 
247 599 19 24 0.027758297 
417 489 6 8 0.027674736 
655 623 10 14 0.027666885 
272 504 7 9 0.027481055 
632 532 8 11 0.027478673 
112 489 6 9 0.027465204 
184 623 9 12 0.027464766 
69 502 8 10 0.02742874 
159 572 9 12 0.027425276 
669 557 8 11 0.027418299 
458 497 6 8 0.027410042 
687 527 9 10 0.027396418 
726 533 8 10 0.02739222 
360 596 10 14 0.027366582 
768 494 7 9 0.027341422 
464 521 8 10 0.027339198 
537 520 7 8 0.027322846 
464 487 7 9 0.027319416 
614 573 10 13 0.027314952 
895 447 6 8 0.027312595 
703 598 10 12 0.027281981 
112 495 8 9 0.027270688 
25 512 6 9 0.027228277 
577 563 21 25 0.027186466 
589 536 8 12 0.027185785 
383 615 10 13 0.027091868 
239 488 7 9 0.027083348 
353 636 10 12 0.027040636 
225 556 8 11 0.027020395 
946 519 8 10 0.02694969 
664 503 6 8 0.02694686 
808 511 7 9 0.026915582 
663 630 13 17 0.026905447 
89 549 9 11 0.026897777 
22 502 8 9 0.02682905 
4 611 11 14 0.026826773 
488 598 10 12 0.026785642 
912 458 7 9 0.026735313 
471 620 8 12 0.02670828 
390 89 85 107 0.026656503 
32 520 7 9 0.026643973 
480 549 9 12 0.0266359 
857 519 8 10 0.02662331 
262 630 12 16 0.026622966 
301 604 10 14 0.026588282 
855 527 8 10 0.026462108 
232 543 9 11 0.026438134 
382 61 217 218 0.026383461 
328 480 7 9 0.026363553 
542 560 9 10 0.026342694 
567 497 8 8 0.026324177 
5 666 15 18 0.026313275 
367 488 7 8 0.0263072 
106 555 18 22 0.02629262 
208 509 8 10 0.026284667 
120 541 9 10 0.026254863 
729 519 7 9 0.026251817 
496 588 11 13 0.026239533 
686 556 9 12 0.026156642 
176 496 7 8 0.026141152 
609 487 6 7 0.02610967 
982 524 8 11 0.026076993 
744 534 9 11 0.026068397 
448 512 6 9 0.026035875 
391 583 9 11 0.026011264 
479 519 8 10 0.02598162 
605 533 9 11 0.025946908 
719 529 8 9 0.025907032 
440 480 8 10 0.025880672 
788 366 9 12 0.025844725 
551 599 11 15 0.025798187 
451 626 11 14 0.025795659 
810 521 8 10 0.025795624 
135 535 8 10 0.02570751 
361 487 7 8 0.025673848 
792 526 7 10 0.025665617 
239 595 11 15 0.025577765 
329 492 7 9 0.025576131 
774 607 8 10 0.025556615 
620 588 11 15 0.02555327 
629 586 10 14 0.025519028 
120 576 9 12 0.025505755 
655 605 11 16 0.02549986 
761 627 12 14 0.025475971 
276 582 9 12 0.025418093 
992 536 9 12 0.0254071 
671 534 7 10 0.025380475 
929 527 7 10 0.02537959 
358 548 7 10 0.0253378 
495 574 9 11 0.02532884 
40 511 7 9 0.02526629 
13 548 9 11 0.025255617 
345 587 10 12 0.025249144 
584 489 6 8 0.025225805 
880 535 8 9 0.02522454 
288 489 7 9 0.025209708 
234 573 9 13 0.025172396 
912 563 9 13 0.025164077 
217 583 9 12 0.025117397 
871 518 8 10 0.025105076 
455 525 8 10 0.02509092 
94 559 7 10 0.025084343 
845 564 11 14 0.02506189 
817 643 10 13 0.025006143 
597 572 9 13 0.02499225 
575 589 11 14 0.0249884 
865 503 7 9 0.02495397 
810 502 7 9 0.024927814 
360 512 7 8 0.024922537 
894 512 8 9 0.024901172 
359 643 11 14 0.024888804 
503 595 10 14 0.024808232 
916 564 11 14 0.024754276 
669 526 8 10 0.024743332 
376 519 8 9 0.024731964 
778 511 7 9 0.024727475 
642 495 6 8 0.02471381 
223 489 8 9 0.024692293 
527 557 9 12 0.024652258 
472 510 8 9 0.024651304 
1006 462 8 10 0.024637794 
345 480 7 9 0.024611266 
1000 606 21 37 0.024607562 
656 567 10 12 0.024593726 
296 653 10 13 0.024536364 
721 496 6 8 0.024524663 
743 572 9 12 0.02445696 
929 449 6 8 0.024383754 
21 665 14 16 0.024369998 
695 575 9 12 0.024333676 
862 535 8 9 0.024321286 
584 525 8 10 0.024297277 
775 518 8 9 0.02427343 
616 32 198 206 0.024258247 
401 618 11 15 0.024252618 
30 557 12 14 0.024234066 
737 503 7 9 0.024226902 
527 592 12 14 0.024198119 
1015 525 9 12 0.024194233 
682 604 10 13 0.024150807 
504 604 10 14 0.024145335 
717 574 10 13 0.024110112 
482 511 7 10 0.024087029 
47 535 7 9 0.024085768 
631 559 9 10 0.024085319 
373 604 10 13 0.024065567 
224 525 8 11 0.024031367 
587 583 18 23 0.024013132 
31 595 10 14 0.023985114 
279 505 7 8 0.023963485 
505 510 7 8 0.023928663 
903 558 8 11 0.023904176 
376 534 7 10 0.023881532 
784 496 8 9 0.023801414 
960 504 8 10 0.02372638 
201 511 7 9 0.023683803 
959 516 11 12 0.023663206 
616 504 7 8 0.023636054 
504 526 9 10 0.023619168 
110 553 9 10 0.023585806 
584 506 7 8 0.023524662 
265 548 9 11 0.02345545 
532 590 13 15 0.023451315 
776 494 7 10 0.023380063 
392 525 7 10 0.023353467 
785 542 19 23 0.023328673 
56 512 7 8 0.023327745 
925 627 13 22 0.023310412 
566 573 10 13 0.023272514 
975 573 9 12 0.023268932 
805 456 9 9 0.02324515 
710 487 7 8 0.0231963 
377 479 7 8 0.023189552 
557 605 12 16 0.02318844 
753 496 8 9 0.023187215 
327 567 9 11 0.023162376 
18 527 7 9 0.023137039 
222 542 8 11 0.023132294 
350 511 7 9 0.023113338 
879 526 8 10 0.02308152 
40 575 10 14 0.023042466 
528 565 8 10 0.022975348 
830 511 8 10 0.022955062 
279 535 8 11 0.022930508 
884 597 13 15 0.02286788 
366 519 8 10 0.022851372 
527 503 8 10 0.022845078 
863 611 12 15 0.022831721 
719 518 7 9 0.02282515 
814 550 9 12 0.022813668 
704 482 8 9 0.022808194 
764 651 14 15 0.022793867 
22 543 8 10 0.0227741 
416 496 7 9 0.022716815 
65 489 6 8 0.022689313 
606 572 11 14 0.022667682 
631 494 7 8 0.022614483 
318 578 17 22 0.022583364 
912 517 7 9 0.022566125 
841 617 14 20 0.02254981 
295 485 6 9 0.022541674 
758 614 11 13 0.022467472 
824 502 7 9 0.0224563 
208 520 7 10 0.022451947 
433 487 6 8 0.022448257 
991 614 13 19 0.022443097 
281 490 6 7 0.022416698 
479 543 8 12 0.022405785 
793 604 9 11 0.022405766 
766 611 10 13 0.022384949 
528 573 8 10 0.0223814 
976 597 12 18 0.022345021 
496 495 6 8 0.022339355 
670 542 7 10 0.022299908 
873 488 6 9 0.022285873 
256 528 18 24 0.022233455 
95 496 7 9 0.022202255 
494 528 8 9 0.022193538 
838 527 9 10 0.022191036 
657 549 9 11 0.022150248 
942 465 8 9 0.022089731 
143 510 8 10 0.022031352 
79 496 6 9 0.022025885 
681 556 8 12 0.022024035 
353 527 7 9 0.021991646 
236 504 20 24 0.021978494 
157 565 10 14 0.021935463 
46 487 7 9 0.021927055 
554 489 7 8 0.02189448 
967 511 6 9 0.021868259 
456 576 9 12 0.021857306 
468 605 9 13 0.02184363 
744 495 7 9 0.021843396 
1015 540 9 13 0.021837488 
602 505 7 8 0.02183267 
162 502 7 10 0.02180795 
367 610 10 13 0.02177524 
479 662 12 14 0.021771988 
282 495 6 7 0.021705762 
219 584 19 22 0.02166848 
739 631 20 22 0.021644764 
384 525 7 9 0.021639124 
614 596 14 17 0.02163651 
541 601 10 14 0.021595363 
495 533 8 11 0.021576978 
975 596 20 29 0.021573192 
178 557 19 24 0.021571536 
287 558 10 12 0.021532556 
71 525 9 10 0.021484407 
895 539 8 12 0.021449849 
693 659 10 13 0.02143675 
520 635 10 13 0.021414448 
951 510 8 9 0.021396058 
543 487 7 9 0.02137738 
111 583 9 12 0.021358142 
303 511 7 9 0.021355858 
271 534 8 10 0.021300668 
882 627 12 16 0.021298967 
641 512 7 9 0.021282187 
746 511 7 8 0.021267628 
743 541 9 11 0.021228366 
321 479 7 9 0.021185314 
532 550 9 10 0.021137092 
41 494 7 9 0.021083165 
804 533 11 15 0.02108072 
895 479 8 10 0.021072745 
500 538 18 24 0.02106719 
925 486 8 10 0.021058235 
505 576 9 12 0.021041777 
943 504 8 11 0.021039534 
969 464 7 8 0.021031544 
849 462 7 10 0.02098808 
414 574 8 11 0.020978255 
57 556 8 10 0.02097266 
728 498 6 8 0.020955723 
608 510 7 8 0.02095248 
229 597 10 13 0.020948764 
888 553 10 15 0.020936534 
608 549 9 11 0.020929264 
0 640 9 16 0.020926625 
477 668 13 16 0.020860823 
312 541 10 12 0.020860624 
497 581 10 14 0.020851938 
743 565 10 13 0.020831434 
257 511 8 9 0.02081864 
464 509 8 9 0.020770738 
705 520 7 9 0.020764971 
846 571 12 15 0.020730337 
217 488 7 9 0.020677477 
528 527 8 9 0.02067448 
639 557 9 11 0.020667607 
334 488 7 9 0.020642616 
232 567 9 11 0.020608574 
241 588 11 14 0.020601196 
646 497 20 26 0.020597983 
116 565 8 11 0.020596355 
766 529 18 23 0.020588124 
592 577 17 24 0.020578766 
247 674 12 14 0.020576322 
792 488 7 9 0.020547587 
860 618 12 17 0.02053244 
863 542 9 12 0.020528872 
773 588 12 15 0.020522669 
250 489 7 8 0.020505173 
98 519 7 8 0.020492852 
183 489 7 8 0.020485858 
809 488 7 8 0.020483436 
378 669 16 16 0.02047177 
689 498 7 8 0.020454314 
656 495 7 8 0.020431941 
469 614 10 14 0.020402739 
0 622 9 16 0.020341046 
400 631 22 30 0.02032679 
120 490 6 7 0.020326104 
17 519 7 9 0.020322343 
54 536 19 24 0.020290341 
544 504 6 9 0.020237144 
901 586 18 24 0.020209955 
688 625 10 15 0.020197932 
705 487 7 8 0.020137973 
504 612 10 14 0.020137414 
772 653 12 14 0.020131648 
351 631 11 13 0.020126259 
202 636 10 12 0.020034848 
85 571 10 12 0.020021928 
791 495 7 9 0.020021494 
632 617 12 16 0.02001197 
605 671 10 13 0.020003727 
