22_Picnic_Picnic_22_310
104
451 211 22 33 0.99317235 
647 225 42 57 0.9896696 
854 221 27 30 0.9859907 
268 207 47 61 0.98244345 
599 185 22 29 0.98074496 
515 276 22 30 0.9211412 
761 190 21 32 0.9095185 
667 184 35 44 0.6807747 
909 237 16 23 0.48959994 
146 274 14 17 0.47822317 
980 236 26 30 0.45525438 
19 510 18 26 0.2807503 
246 248 22 33 0.27102652 
652 184 33 37 0.21651599 
969 241 29 33 0.2161459 
178 280 14 18 0.20676713 
91 301 13 18 0.17635351 
916 214 10 13 0.11957185 
902 236 15 18 0.11416865 
993 234 16 25 0.10217149 
37 278 17 23 0.10086742 
111 279 10 12 0.08176422 
158 266 13 17 0.07723378 
498 238 9 11 0.07098867 
908 229 15 21 0.068862595 
912 219 11 15 0.067766294 
728 245 31 40 0.060476765 
898 300 37 48 0.060423333 
130 269 12 15 0.05929108 
217 247 21 30 0.058511633 
523 270 15 21 0.056984827 
925 196 14 19 0.05679111 
989 204 17 21 0.05368686 
238 377 16 19 0.051117774 
758 187 15 25 0.04955209 
711 263 32 39 0.04912659 
103 305 13 16 0.047368325 
161 268 20 25 0.044592813 
491 300 11 14 0.04397452 
687 195 20 25 0.043685175 
941 245 21 28 0.04266356 
503 246 10 12 0.04208918 
983 212 26 33 0.041979108 
504 253 9 11 0.041526385 
836 221 13 20 0.04083947 
159 285 12 15 0.04036445 
740 239 26 32 0.040012747 
509 251 10 12 0.038215257 
215 244 12 17 0.037007812 
551 303 10 12 0.036939353 
219 273 18 23 0.036733244 
888 186 12 15 0.03661129 
536 307 11 13 0.03627624 
94 642 26 33 0.035692383 
503 189 11 14 0.034937233 
933 204 10 15 0.034605663 
221 258 25 30 0.034558352 
657 186 18 21 0.034423217 
162 263 13 15 0.034364305 
458 205 15 25 0.033768483 
131 269 20 26 0.03323946 
509 275 18 24 0.032888923 
836 233 10 15 0.032215595 
191 207 8 11 0.03178025 
104 278 20 25 0.030681293 
131 263 10 13 0.030487252 
143 280 12 16 0.029570337 
490 268 14 17 0.029279374 
29 280 19 22 0.028657354 
234 245 27 34 0.02837612 
479 242 13 16 0.026861664 
830 225 15 20 0.026801886 
214 254 14 22 0.026546441 
511 237 12 14 0.026290458 
511 286 30 36 0.02588858 
135 292 11 13 0.025725365 
115 275 12 17 0.025651323 
154 271 15 19 0.025347363 
527 277 16 23 0.02516317 
228 267 28 31 0.024187176 
219 264 16 21 0.02412413 
88 276 12 16 0.024022454 
918 205 12 16 0.023823937 
509 245 11 14 0.023126207 
826 214 8 10 0.023099516 
969 224 28 33 0.022956986 
420 704 25 38 0.022916893 
151 265 12 14 0.022839274 
965 209 15 21 0.022750476 
105 278 11 14 0.02260766 
484 240 11 13 0.022386197 
225 279 18 22 0.022164315 
182 236 8 11 0.021998366 
450 280 39 47 0.021968981 
963 212 23 30 0.021836689 
201 188 9 11 0.021768415 
99 295 21 26 0.021234745 
529 247 9 11 0.021220505 
533 259 11 14 0.021096036 
497 244 10 12 0.020892417 
677 178 18 22 0.02067658 
528 253 10 13 0.020598961 
908 216 20 28 0.020497518 
753 245 17 23 0.020019485 
