22_Picnic_Picnic_22_541
241
84 629 55 64 0.98990995 
86 348 13 19 0.6872027 
360 1110 12 16 0.4423176 
552 107 13 16 0.29818943 
993 143 15 20 0.2216947 
906 846 15 16 0.19699442 
309 192 22 25 0.1957796 
534 115 9 12 0.18551204 
642 81 14 16 0.1570579 
685 154 10 12 0.14832649 
774 1304 10 12 0.12825967 
970 112 15 18 0.12617868 
431 1071 8 10 0.11204212 
294 232 18 18 0.09223206 
253 323 36 35 0.091712676 
568 12 9 11 0.088916704 
653 1097 13 14 0.08445673 
484 82 13 15 0.07961312 
583 50 10 13 0.07747054 
788 95 10 13 0.07742118 
590 12 9 10 0.07643492 
922 76 12 15 0.07388167 
600 99 10 12 0.072069705 
432 1076 9 11 0.06873184 
757 1304 8 11 0.06845961 
942 84 10 13 0.06756162 
449 1072 9 11 0.066467896 
102 335 10 13 0.065504804 
281 231 11 13 0.065367356 
770 405 19 21 0.0641072 
580 103 9 11 0.0639185 
908 878 23 29 0.06342204 
606 15 8 11 0.06223721 
693 151 11 13 0.0611172 
899 891 12 14 0.0595698 
644 72 11 15 0.058653012 
845 45 12 15 0.0568539 
650 150 15 18 0.055686276 
718 56 10 13 0.055431377 
750 92 8 11 0.05526453 
838 46 13 16 0.054698516 
917 890 13 16 0.054100357 
653 85 10 13 0.05370964 
464 1070 11 13 0.052757684 
469 1084 12 15 0.05238135 
709 282 9 10 0.05203498 
252 237 14 16 0.051510423 
477 886 14 16 0.051031888 
607 108 9 11 0.050095808 
519 192 8 11 0.04918913 
897 880 25 27 0.049152717 
462 158 9 11 0.048972245 
464 1086 11 14 0.048842117 
62 319 12 15 0.04862956 
686 285 9 9 0.048574734 
436 1078 10 12 0.048395865 
761 69 10 14 0.048038192 
750 54 8 10 0.047128346 
325 287 17 19 0.047010355 
50 357 10 14 0.04586636 
427 1072 8 10 0.04577813 
263 966 59 72 0.04449455 
166 335 10 12 0.04353255 
351 257 32 36 0.043495804 
617 108 8 11 0.04316292 
886 872 13 17 0.043091096 
426 1077 8 10 0.042337526 
493 81 13 15 0.04163648 
900 866 15 17 0.041633278 
453 1071 10 13 0.041617673 
317 179 10 12 0.04160789 
784 87 11 12 0.041335013 
574 15 8 10 0.041172463 
102 346 13 17 0.04030772 
53 903 7 9 0.040127404 
680 131 11 13 0.03994673 
889 866 17 20 0.039619297 
705 284 9 11 0.039372712 
606 102 9 11 0.039201133 
933 149 10 12 0.03913841 
907 866 14 16 0.03879195 
64 345 12 16 0.038530283 
846 111 9 11 0.038150325 
434 1132 9 12 0.037871156 
797 78 9 10 0.03772492 
9 362 12 15 0.037627902 
305 290 12 14 0.037539214 
694 1070 8 10 0.037171032 
889 142 8 10 0.036742378 
436 1084 12 16 0.03663347 
721 1144 8 9 0.03644496 
437 1071 9 11 0.036289096 
576 44 12 16 0.036157638 
685 128 9 11 0.036016718 
545 96 7 9 0.03579517 
48 352 10 12 0.03549537 
785 99 11 13 0.034835376 
1006 70 9 11 0.034785494 
553 165 9 11 0.0347369 
588 51 9 14 0.034565117 
469 1077 11 14 0.034532983 
724 55 10 12 0.03415152 
864 110 8 10 0.034121808 
893 136 8 10 0.033987172 
185 344 8 10 0.03382421 
103 338 13 16 0.03371458 
174 349 9 12 0.033387434 
610 1072 8 10 0.033308007 
633 77 10 14 0.033125434 
767 86 8 11 0.03278557 
584 5 9 11 0.03274834 
508 182 9 12 0.03246558 
801 117 10 12 0.032023076 
92 342 11 15 0.03197265 
942 71 8 10 0.03141561 
428 1102 11 14 0.031011153 
293 215 11 14 0.030908689 
700 156 10 12 0.03086782 
496 192 9 11 0.03045792 
757 1173 11 13 0.030262997 
638 90 10 13 0.030170396 
52 364 10 12 0.030034477 
633 84 10 13 0.029642299 
906 857 16 19 0.029606083 
662 1071 8 10 0.029567879 
536 103 8 10 0.02946765 
248 243 11 13 0.0293901 
782 1305 9 11 0.029239273 
422 1107 13 18 0.029126767 
737 71 9 10 0.029085342 
109 373 56 61 0.029032042 
170 154 51 69 0.028914388 
500 83 10 13 0.02882068 
198 334 8 9 0.028559143 
667 381 16 20 0.028184095 
796 1218 13 16 0.028118487 
802 1161 34 41 0.027974205 
678 1079 8 10 0.027901592 
643 1117 46 53 0.02777246 
724 12 11 14 0.027718965 
431 1126 10 13 0.027660271 
880 159 9 11 0.027636545 
78 316 12 14 0.02755887 
450 103 8 10 0.027526664 
574 39 10 14 0.027520135 
274 1119 30 39 0.027429624 
478 119 7 10 0.027283885 
710 44 10 13 0.02713667 
656 1089 10 12 0.027110752 
1013 91 9 12 0.026761707 
750 48 8 10 0.026552308 
354 252 17 20 0.026411904 
477 1136 15 21 0.025878435 
31 356 10 12 0.02585503 
850 44 14 17 0.02575185 
575 1150 10 11 0.025644494 
713 1069 9 9 0.025367863 
638 103 9 11 0.025270587 
159 337 12 15 0.025263974 
614 94 9 11 0.02521555 
159 1039 10 12 0.02517791 
462 1091 13 18 0.025059154 
476 442 13 15 0.024969423 
460 1098 13 17 0.024942774 
7 350 8 10 0.024823958 
245 253 12 13 0.024789054 
554 160 10 12 0.024783313 
633 92 10 13 0.024743678 
574 7 10 12 0.024724524 
236 329 41 39 0.024711274 
606 95 10 13 0.024603566 
571 799 58 84 0.024565328 
882 165 9 13 0.024510898 
243 285 33 33 0.02450652 
258 298 25 28 0.024393342 
760 84 8 11 0.024109676 
249 1079 10 12 0.024103269 
658 1070 7 10 0.024072522 
745 38 7 10 0.023996789 
184 350 8 10 0.023854991 
378 1044 11 15 0.023853632 
759 1165 11 12 0.023601942 
230 306 57 55 0.023502545 
632 1104 8 9 0.023494199 
694 281 7 9 0.023261009 
167 357 11 13 0.023211375 
480 52 12 15 0.023202015 
88 1179 11 15 0.023113638 
686 146 21 24 0.023105942 
551 97 8 10 0.023050157 
412 1071 10 12 0.023025934 
711 1165 11 15 0.022885084 
399 1039 96 125 0.022771956 
607 1120 8 10 0.022702498 
969 141 9 12 0.02258554 
958 129 9 11 0.022483254 
561 7 11 13 0.022455266 
208 335 9 9 0.022408191 
503 191 8 11 0.022342565 
984 134 9 12 0.022293512 
268 251 13 14 0.022270024 
149 93 8 11 0.02224437 
577 1128 8 10 0.022167018 
512 190 8 11 0.022041928 
396 1069 11 13 0.022033447 
365 237 11 13 0.022031669 
157 366 12 16 0.021992397 
376 1115 10 14 0.021883685 
263 1131 10 13 0.021822471 
833 46 10 15 0.02176014 
540 116 10 13 0.021733243 
85 323 10 13 0.021708786 
577 107 9 12 0.021678722 
686 164 13 17 0.021629052 
872 103 8 10 0.021493029 
269 1100 11 16 0.021441799 
65 366 10 12 0.021433542 
184 181 33 40 0.021381704 
893 885 16 19 0.021227999 
608 1109 8 10 0.02118547 
891 859 15 18 0.021123251 
683 286 7 9 0.021118676 
644 88 12 14 0.020905035 
958 134 9 11 0.020892534 
265 331 21 22 0.020633573 
222 349 10 11 0.020621149 
920 84 9 11 0.020493785 
144 127 9 12 0.020474875 
101 329 9 11 0.02046505 
769 1308 11 11 0.020405047 
728 282 8 9 0.020398803 
721 87 8 11 0.020385368 
449 96 9 11 0.020353485 
728 87 8 10 0.02022774 
1008 77 8 10 0.020180892 
549 98 103 138 0.020161826 
252 309 30 33 0.02011714 
75 903 11 14 0.020113427 
150 348 10 14 0.020096911 
920 923 12 16 0.020095704 
55 253 13 15 0.02002285 
