22_Picnic_Picnic_22_561
60
202 472 124 148 0.9999484 
386 495 102 130 0.9999198 
583 757 65 76 0.13354442 
56 -21 425 528 0.09581667 
650 1147 16 18 0.08542899 
723 771 47 63 0.07969849 
477 1156 20 31 0.076993786 
388 1140 16 17 0.076941065 
465 1149 17 22 0.0699884 
779 180 15 20 0.056859452 
703 1151 28 29 0.056448523 
871 69 20 22 0.04934236 
418 1178 14 19 0.048279777 
978 1019 13 18 0.047556102 
510 1160 23 29 0.045901846 
365 1177 12 16 0.044678338 
892 101 16 20 0.042158302 
772 1142 12 14 0.041466635 
718 215 10 14 0.037492555 
585 1039 15 20 0.03717785 
381 1137 27 27 0.036995217 
364 1160 31 34 0.03270715 
462 423 12 15 0.032367293 
655 1114 138 131 0.032013167 
747 1139 27 27 0.030552017 
516 1151 24 31 0.030081633 
332 1141 12 14 0.030075347 
733 94 11 14 0.029962413 
333 319 23 32 0.029219216 
739 86 10 12 0.028922891 
736 70 13 16 0.028693747 
713 84 12 15 0.02860176 
717 188 12 14 0.027963458 
993 22 10 14 0.02792147 
748 212 44 55 0.02684333 
483 1160 25 29 0.026533954 
523 1162 14 19 0.02647852 
623 1103 12 16 0.025700582 
769 1161 16 18 0.02559199 
756 1133 14 16 0.025169693 
420 1100 12 14 0.024161652 
676 1150 13 17 0.023770556 
466 1140 18 21 0.02345831 
801 84 12 17 0.02306626 
85 427 35 39 0.022798924 
367 1141 34 34 0.022444172 
550 1060 12 16 0.022417357 
677 1109 11 14 0.022406768 
766 1142 11 13 0.022124235 
356 1146 13 16 0.022106495 
816 58 15 19 0.022050621 
763 122 11 13 0.021443725 
748 1134 16 18 0.02143535 
709 1123 11 12 0.02121785 
701 747 84 99 0.020898344 
699 145 13 17 0.020752233 
759 1102 10 13 0.0206358 
548 1160 13 17 0.020453965 
505 1110 47 49 0.020247558 
463 1135 29 36 0.020060776 
