22_Picnic_Picnic_22_36
85
637 227 31 41 0.99905795 
286 506 25 33 0.9960989 
458 442 36 40 0.99468297 
637 646 41 56 0.96517974 
775 435 45 72 0.90735495 
218 658 66 84 0.72455096 
174 485 40 54 0.65242934 
130 506 38 63 0.53499943 
615 545 28 47 0.43431857 
146 495 43 58 0.37008074 
690 570 28 50 0.33945644 
504 568 25 44 0.31258437 
119 700 64 64 0.2772687 
810 282 13 15 0.27588964 
45 367 16 22 0.2579666 
200 679 68 82 0.2544195 
707 292 14 18 0.1555021 
38 363 14 17 0.1477832 
712 583 59 98 0.13161832 
165 702 74 58 0.1099052 
70 507 38 68 0.09882116 
892 643 11 13 0.08037653 
563 334 9 10 0.07545741 
104 678 59 74 0.0706555 
792 275 9 13 0.06969975 
700 612 45 75 0.06233045 
810 291 15 18 0.059520446 
804 342 12 14 0.058894858 
797 271 9 12 0.05852477 
553 565 21 39 0.055918925 
624 657 38 47 0.054770917 
382 282 9 12 0.046392467 
691 630 34 47 0.045002006 
212 659 41 50 0.044150863 
480 353 8 10 0.04255787 
803 347 14 17 0.042375688 
52 363 18 27 0.04095379 
609 658 35 44 0.039874632 
813 349 11 14 0.03920338 
812 342 12 14 0.036606267 
803 441 56 64 0.036387242 
544 333 9 12 0.03604801 
35 379 21 28 0.03489916 
379 333 12 16 0.03474382 
32 363 13 17 0.033220038 
884 709 66 61 0.033173677 
145 486 26 48 0.033162694 
905 606 27 34 0.032809194 
797 276 10 14 0.032738995 
472 436 19 23 0.03066725 
15 213 10 11 0.030047622 
559 326 11 12 0.029780528 
549 327 9 10 0.028832005 
807 298 14 17 0.028278932 
554 286 8 11 0.02798293 
379 284 8 11 0.027956573 
118 519 37 63 0.027535414 
181 647 67 71 0.02723383 
420 371 13 16 0.026939116 
588 605 28 45 0.026125373 
833 434 50 69 0.025557648 
44 359 13 18 0.025266811 
659 642 51 67 0.025207281 
545 328 9 11 0.025066141 
460 326 8 11 0.02471169 
590 636 50 65 0.024621366 
258 207 7 10 0.024395613 
549 334 8 10 0.023729825 
457 317 8 11 0.023195961 
794 252 8 11 0.023053238 
796 375 28 33 0.022923578 
457 313 8 10 0.022870837 
589 549 26 38 0.022825522 
317 552 16 18 0.022705745 
810 330 13 16 0.022701604 
969 664 9 12 0.022657553 
564 555 25 41 0.021848086 
369 302 9 11 0.021677645 
43 393 15 19 0.021249754 
797 383 16 21 0.021197269 
793 247 9 11 0.020910446 
581 554 22 36 0.020743122 
309 542 27 29 0.02068681 
797 254 9 11 0.020396003 
797 262 10 12 0.020084286 
