22_Picnic_Picnic_22_152
69
128 233 39 64 0.9791212 
407 218 39 44 0.9307947 
594 146 40 45 0.88986975 
862 386 41 76 0.84468335 
108 365 45 72 0.31080005 
180 420 40 35 0.2962734 
618 462 24 26 0.29144865 
316 389 33 36 0.18936402 
707 420 20 21 0.18751912 
603 418 37 44 0.12914068 
23 619 156 117 0.087132685 
641 422 25 28 0.079247855 
324 393 18 19 0.07910131 
-35 573 274 176 0.0741024 
690 427 17 18 0.06464075 
297 397 33 37 0.059485845 
718 357 11 14 0.05731159 
91 394 35 54 0.05687925 
453 579 72 55 0.05605659 
606 546 36 39 0.055936348 
418 201 32 48 0.05333999 
447 557 38 48 0.045552574 
437 567 59 60 0.043228228 
933 360 64 68 0.042755753 
615 466 15 17 0.041865747 
688 417 30 31 0.04123933 
389 217 24 37 0.040877074 
719 362 13 16 0.04061823 
364 509 14 16 0.039508276 
679 462 105 116 0.038865253 
425 485 28 29 0.037889283 
720 368 29 31 0.037329428 
697 378 18 18 0.03586872 
657 387 27 36 0.035075303 
242 715 60 55 0.034277946 
854 359 78 112 0.033844728 
606 425 50 62 0.03325074 
455 562 107 90 0.032633364 
42 368 49 65 0.031187296 
375 348 51 50 0.030965101 
690 376 30 30 0.029780675 
699 386 14 14 0.029762134 
669 390 49 50 0.029237058 
596 44 26 27 0.029104432 
582 539 56 66 0.029030776 
917 344 76 57 0.028494531 
624 413 49 57 0.027629415 
678 443 12 16 0.026246155 
929 389 61 65 0.02568247 
611 555 17 21 0.025671547 
306 402 19 22 0.024915485 
694 375 14 15 0.024553409 
876 339 106 90 0.02414771 
713 358 24 28 0.023924131 
713 424 31 34 0.023647148 
38 387 31 50 0.023123918 
397 232 30 36 0.022849975 
660 412 45 49 0.022150183 
705 377 18 18 0.022145554 
853 398 32 56 0.021515243 
654 535 15 19 0.020893754 
506 288 57 59 0.020682698 
304 395 46 60 0.020575667 
663 402 12 16 0.020379435 
697 368 29 30 0.02033549 
631 465 103 111 0.020301826 
161 484 57 61 0.02010516 
353 502 33 30 0.020086141 
540 282 38 44 0.020025758 
