51_Dresses_wearingdress_51_77
36
410 239 22 28 0.95246655 
801 53 191 246 0.36730945 
148 297 16 19 0.16266319 
523 314 171 246 0.13162977 
797 103 109 129 0.080778606 
743 147 26 42 0.07832359 
777 145 51 51 0.056695454 
876 98 143 157 0.05155855 
164 334 12 16 0.051157955 
565 298 120 138 0.0441306 
557 112 9 11 0.04051329 
141 302 18 19 0.03466022 
201 294 10 12 0.034640692 
271 133 389 463 0.033875562 
-18 -15 410 496 0.032957397 
44 49 214 299 0.030184213 
501 85 8 11 0.028571008 
813 156 12 16 0.02783623 
411 134 14 16 0.027643457 
804 143 28 38 0.0268363 
802 135 56 65 0.025144583 
427 203 343 454 0.02510799 
50 199 35 42 0.025049724 
372 107 16 19 0.024715 
542 93 8 11 0.024138207 
557 393 116 136 0.023905948 
136 325 27 32 0.023508586 
779 163 32 44 0.023261582 
731 598 57 66 0.022299968 
781 126 30 33 0.021909568 
140 292 19 22 0.021645516 
413 271 17 18 0.021579552 
482 175 16 20 0.021520603 
120 279 102 129 0.021403046 
406 235 17 26 0.020925002 
139 306 26 30 0.020091457 
