51_Dresses_wearingdress_51_789
37
361 85 132 171 0.99951375 
502 853 12 14 0.142811 
531 449 391 468 0.092812866 
48 65 40 73 0.090788335 
504 847 11 14 0.07331658 
21 79 51 91 0.05489606 
508 873 12 14 0.05126538 
617 224 10 12 0.04849875 
480 825 13 16 0.047097217 
500 869 15 17 0.041206893 
431 787 33 33 0.036625728 
389 618 140 144 0.036183752 
62 49 48 86 0.035731375 
594 229 12 15 0.035312857 
576 806 10 13 0.03264644 
496 859 11 14 0.030626284 
649 329 24 32 0.02938124 
517 838 12 15 0.028124977 
541 340 10 13 0.027669137 
2 91 58 113 0.026941564 
398 503 207 249 0.025952378 
468 808 13 17 0.02544097 
582 806 13 16 0.024831472 
35 52 70 124 0.024354415 
600 200 10 12 0.02410816 
4 -3 152 209 0.024100566 
620 313 15 19 0.023997659 
699 252 21 27 0.023842983 
488 861 10 14 0.02333153 
469 800 24 29 0.02321943 
499 847 20 24 0.022844872 
654 318 10 14 0.0225386 
652 215 9 11 0.021630883 
618 205 13 16 0.021252895 
629 313 48 59 0.020806171 
508 844 13 16 0.020323198 
460 877 12 14 0.020260895 
