51_Dresses_wearingdress_51_445
49
350 306 79 100 0.9874691 
184 323 74 104 0.9855585 
861 308 80 99 0.98170495 
354 667 27 31 0.18119897 
128 1052 36 34 0.08078215 
984 710 13 17 0.07511387 
418 707 31 35 0.066066146 
475 657 463 475 0.056160826 
294 760 26 28 0.0560592 
134 854 26 29 0.054518573 
806 809 29 35 0.054331966 
955 927 31 41 0.049616825 
157 19 41 47 0.045417976 
200 827 15 20 0.044787824 
252 802 26 28 0.04261399 
441 758 31 36 0.04078335 
492 783 28 32 0.04011921 
498 754 13 15 0.039882828 
133 253 496 517 0.039837405 
396 47 85 104 0.038324084 
221 754 14 20 0.03721176 
991 562 29 61 0.03626198 
262 842 12 14 0.035808127 
197 772 14 18 0.03569457 
253 704 30 35 0.035519525 
168 880 15 19 0.0338949 
236 1007 27 37 0.03333854 
429 747 35 40 0.031955257 
176 44 51 56 0.028448036 
477 756 49 66 0.02719982 
441 754 48 62 0.02641853 
452 770 15 18 0.02617046 
143 743 21 29 0.025837963 
302 724 11 13 0.024479069 
216 758 30 38 0.024298618 
701 527 83 112 0.023847334 
873 759 54 70 0.023119096 
175 756 26 31 0.022814503 
227 757 17 21 0.022506505 
397 807 15 18 0.022129158 
164 867 22 25 0.022106208 
212 793 32 37 0.021146081 
367 672 17 21 0.020879926 
190 820 27 30 0.020739611 
770 819 14 19 0.020729959 
701 639 36 40 0.020566566 
202 774 27 31 0.020235287 
186 766 24 29 0.020180339 
501 502 29 40 0.020039804 
