51_Dresses_wearingdress_51_388
35
601 323 173 223 0.99879694 
361 137 81 71 0.59347814 
123 224 27 39 0.12020548 
8 599 47 61 0.09535715 
22 84 417 551 0.09180847 
27 135 17 20 0.07613764 
168 503 109 164 0.06884772 
89 217 31 41 0.063441314 
-1 442 23 34 0.057402365 
600 98 325 439 0.056687962 
102 214 38 48 0.04276436 
0 117 11 17 0.038334284 
22 424 29 38 0.037626375 
195 317 109 132 0.035720736 
347 107 57 65 0.032948505 
752 143 226 312 0.029186396 
494 365 16 17 0.029139431 
143 280 14 21 0.029036297 
127 192 16 19 0.027641464 
1 169 17 23 0.026746508 
124 464 183 247 0.026409259 
244 37 124 114 0.026074843 
368 76 88 122 0.02516655 
102 150 13 15 0.025140937 
359 168 44 45 0.025017628 
319 141 131 108 0.02441012 
29 177 23 28 0.024176983 
0 450 13 21 0.023104154 
346 47 154 214 0.022296777 
184 450 17 21 0.021886101 
21 142 16 19 0.021607742 
330 87 61 67 0.020727191 
380 151 41 51 0.020572932 
379 182 205 224 0.020564232 
220 225 28 40 0.020101428 
