51_Dresses_wearingdress_51_610
19
392 33 58 84 0.999546 
124 33 62 84 0.9994654 
628 31 55 75 0.9990251 
867 49 55 80 0.99808747 
293 172 32 36 0.5143008 
321 151 30 34 0.3805463 
313 162 30 32 0.22626342 
404 175 39 40 0.20865566 
958 386 32 41 0.083808675 
1012 79 12 20 0.036544453 
446 162 12 16 0.02845789 
429 140 31 37 0.027862113 
421 171 32 38 0.02767217 
427 157 32 40 0.026664702 
460 372 34 48 0.023869758 
324 147 18 25 0.023217909 
999 396 15 20 0.023191798 
477 202 16 23 0.022250723 
437 169 15 19 0.020444768 
