51_Dresses_wearingdress_51_327
244
460 146 135 184 0.9997769 
827 350 14 18 0.2798367 
809 1679 33 48 0.19244617 
15 96 29 42 0.18799452 
979 1647 17 21 0.15636614 
362 292 31 42 0.15124634 
1005 666 17 21 0.13951968 
837 1610 24 31 0.10335282 
92 1575 12 14 0.10020724 
189 1659 18 22 0.09473563 
876 1397 11 12 0.0912929 
300 1648 33 34 0.08676418 
619 135 15 18 0.085376404 
1011 732 12 20 0.08461273 
119 1580 10 13 0.083013445 
682 1550 71 79 0.08226881 
772 218 15 19 0.078511566 
854 1395 13 17 0.075924926 
1011 147 12 20 0.06821304 
600 -2 33 32 0.06779559 
278 8 46 51 0.06748856 
237 1638 13 17 0.066054024 
205 1649 14 16 0.065908685 
61 1644 12 16 0.06589264 
89 1579 11 14 0.06317153 
813 1437 16 18 0.06167807 
71 1584 7 10 0.06071866 
876 175 13 15 0.058902152 
398 1659 11 12 0.058569975 
1012 558 12 20 0.056674834 
797 360 17 21 0.05504593 
837 1409 17 21 0.054532953 
903 1390 10 13 0.053746767 
148 1596 10 14 0.053082634 
969 649 23 28 0.053024236 
160 33 27 36 0.051885378 
0 247 46 93 0.051538024 
870 1391 13 15 0.05030124 
130 1567 25 31 0.04955281 
846 1588 51 56 0.049527507 
85 1646 10 12 0.048627462 
130 1552 25 28 0.04838446 
156 1533 11 13 0.046251986 
17 889 32 34 0.045509454 
234 607 16 21 0.04527029 
825 238 9 12 0.04462368 
347 1629 26 30 0.043355234 
117 1569 14 18 0.04334162 
353 1644 15 18 0.043161385 
629 68 13 17 0.042782303 
112 1552 10 12 0.041677993 
1011 129 12 20 0.041581217 
115 1606 13 17 0.040815126 
211 1580 16 19 0.040774506 
765 1028 17 22 0.040741477 
142 119 15 20 0.04046015 
496 36 46 55 0.040197045 
245 425 16 21 0.039792836 
167 1589 25 27 0.039491218 
689 119 10 13 0.039171185 
741 287 11 14 0.038714863 
89 84 48 59 0.038474567 
112 1554 23 28 0.037579823 
78 1583 8 10 0.037285224 
951 203 13 16 0.036715798 
839 292 12 15 0.036659796 
815 313 11 15 0.03643138 
930 165 13 17 0.03626362 
711 212 14 17 0.036087856 
946 723 26 32 0.035754163 
848 321 12 15 0.03575122 
100 102 49 57 0.035404943 
893 169 25 37 0.035370473 
120 1587 10 12 0.035362266 
577 489 16 20 0.03514434 
482 1692 26 31 0.035013024 
75 1571 10 12 0.03490512 
868 164 41 57 0.034550205 
971 761 41 57 0.03444887 
722 1414 16 20 0.034448575 
654 106 12 15 0.03417304 
998 1649 15 17 0.034121037 
335 1622 13 15 0.033979118 
1011 701 13 20 0.0337428 
1007 1611 14 18 0.033192392 
75 101 47 59 0.033176344 
203 1625 12 15 0.03224895 
635 77 12 14 0.032102264 
257 1517 14 15 0.031350877 
1 1542 10 14 0.031315885 
1006 219 14 18 0.031100493 
120 1561 26 29 0.031091006 
4 100 29 44 0.030960334 
205 1518 27 31 0.030763702 
761 335 18 21 0.030709045 
276 1568 12 16 0.030702412 
195 1618 16 20 0.030574236 
828 1390 14 19 0.030481143 
72 1589 8 11 0.03033759 
663 133 8 10 0.03023331 
28 105 379 440 0.030219177 
305 9 32 43 0.030107286 
607 105 11 15 0.029908806 
283 258 14 15 0.029801205 
141 1594 13 17 0.029630523 
0 1590 6 12 0.029629903 
704 103 10 12 0.029612496 
872 1342 9 10 0.029488439 
270 1549 23 31 0.029445989 
211 1557 15 17 0.029363843 
289 1382 27 38 0.029140713 
123 1578 27 36 0.02867467 
854 1380 14 15 0.02862195 
95 1567 9 11 0.02844903 
880 332 13 16 0.028306821 
899 316 16 19 0.027873881 
839 124 12 15 0.027546309 
612 102 11 15 0.02751562 
84 111 29 37 0.027426075 
887 759 44 57 0.027201416 
1013 458 9 14 0.027035352 
275 1560 14 18 0.027015325 
64 1582 8 10 0.02693887 
844 1410 24 28 0.026934603 
79 1590 9 12 0.02688421 
176 1601 16 20 0.026860198 
828 132 11 14 0.0266325 
235 1645 16 19 0.02657518 
788 144 26 31 0.025996821 
127 109 32 39 0.025959179 
885 1396 10 12 0.025887158 
137 1570 16 19 0.025837326 
699 219 14 17 0.025794055 
827 284 12 14 0.02576573 
48 59 40 55 0.025680518 
619 65 25 29 0.025675485 
397 1712 10 11 0.025594838 
10 34 13 17 0.025541315 
761 220 23 28 0.025536114 
103 1567 11 12 0.025500778 
271 243 10 12 0.025200153 
126 1588 11 14 0.025173623 
812 285 9 13 0.025119355 
141 1541 26 30 0.02502124 
726 36 12 14 0.024991512 
941 662 13 15 0.024965098 
185 1651 17 20 0.02484658 
135 1615 12 13 0.024830664 
85 1588 12 14 0.024704978 
13 100 43 64 0.024634754 
998 141 13 18 0.024484687 
97 1527 9 11 0.024388418 
879 171 24 33 0.024241002 
882 133 15 20 0.024206739 
813 236 10 14 0.024164423 
271 1508 13 15 0.02411359 
1011 1077 11 16 0.024034387 
56 1581 9 10 0.02401296 
192 1603 22 27 0.02394927 
797 334 10 12 0.023817046 
908 1391 9 10 0.023814036 
177 1450 18 20 0.023767065 
197 1436 29 31 0.023759328 
55 1605 11 14 0.023758765 
47 106 45 62 0.023681842 
806 222 9 12 0.023673827 
213 1277 32 40 0.023647925 
896 1408 10 11 0.023646692 
166 1566 11 13 0.02360774 
750 232 26 30 0.02359852 
697 1591 61 63 0.02359552 
77 1566 11 13 0.02357666 
266 1535 40 51 0.023388911 
262 1543 10 12 0.023387456 
593 30 26 30 0.023359688 
1014 1701 8 14 0.023337094 
833 347 15 18 0.02326816 
997 1701 14 19 0.023157002 
347 2 49 51 0.023094568 
696 103 9 11 0.023087138 
206 1584 14 16 0.023071494 
253 1542 9 10 0.02306165 
267 1569 14 17 0.022982584 
295 1556 11 15 0.022930667 
894 705 11 14 0.022870397 
791 341 13 16 0.022851584 
116 1550 12 13 0.022816444 
984 1655 15 18 0.022806536 
235 1590 15 18 0.022779113 
999 1670 11 13 0.022772107 
28 93 41 54 0.02271961 
293 1544 28 37 0.022677712 
936 672 19 21 0.022673843 
105 9 46 52 0.022671413 
248 1541 10 12 0.022534532 
818 1369 16 18 0.02250466 
859 1389 14 16 0.022469994 
844 1404 15 19 0.022455595 
703 109 11 12 0.022374349 
191 1513 45 49 0.02228036 
64 71 29 34 0.022276198 
809 351 21 27 0.022032006 
846 1389 22 27 0.021951867 
638 475 49 66 0.021881677 
896 1390 12 14 0.021786498 
611 122 23 30 0.02171842 
204 1428 13 15 0.021597039 
1 1615 9 13 0.021561146 
731 195 12 15 0.021507744 
290 283 28 34 0.021484561 
806 323 11 14 0.021293988 
902 247 11 14 0.021250881 
391 1658 13 15 0.021145418 
188 1427 30 35 0.021115078 
111 1543 10 11 0.021103224 
204 1447 17 20 0.02109679 
135 1593 13 16 0.021089485 
860 1420 11 14 0.021061268 
674 -32 217 223 0.021057526 
145 44 42 50 0.021052048 
64 118 52 66 0.021032486 
111 1561 13 17 0.020974401 
102 1588 9 11 0.020922208 
185 174 99 140 0.020829571 
148 1545 16 19 0.02080516 
85 1636 11 13 0.020800652 
100 1572 12 15 0.020780768 
644 143 9 11 0.020682713 
621 158 457 497 0.020664776 
294 239 96 109 0.020584857 
798 253 11 14 0.020546084 
54 1590 10 10 0.020530531 
113 1582 9 12 0.020461284 
89 1608 8 10 0.020454036 
348 1616 26 29 0.02043407 
291 1688 26 31 0.020406753 
647 103 12 14 0.020298421 
159 1563 11 13 0.0202073 
637 99 12 15 0.020190975 
860 1414 11 13 0.020155696 
257 22 29 32 0.020075843 
950 1626 11 13 0.020072063 
204 1566 24 28 0.020005256 
44 427 14 17 0.020004204 
