51_Dresses_wearingdress_51_727
95
281 80 97 170 0.9994765 
608 43 58 78 0.9994727 
792 28 63 89 0.9984126 
497 51 18 25 0.9167833 
693 61 28 34 0.75756866 
139 66 105 132 0.5008497 
635 1 34 36 0.46199256 
545 69 16 23 0.40982082 
963 0 14 14 0.38492468 
908 69 15 20 0.37961447 
464 253 35 55 0.32955807 
882 51 16 23 0.32010335 
745 36 22 28 0.30095983 
500 20 14 17 0.29252604 
893 4 14 18 0.26917177 
922 17 15 19 0.26660177 
426 227 42 61 0.26640084 
697 47 26 34 0.23914947 
-94 131 451 596 0.21658103 
528 80 13 18 0.2127099 
378 204 41 66 0.20961201 
935 71 21 27 0.2041553 
526 32 16 21 0.19534636 
978 11 17 21 0.1758004 
517 64 13 16 0.1741592 
530 74 19 25 0.119135424 
691 0 18 19 0.11339995 
687 53 24 33 0.11097004 
657 5 18 22 0.11038338 
694 3 23 26 0.1044841 
747 42 29 36 0.09583914 
920 7 14 16 0.082695134 
544 63 11 15 0.076649405 
763 31 14 19 0.07637031 
567 56 13 18 0.075794 
442 234 45 65 0.068520114 
618 9 51 64 0.066177666 
987 56 14 19 0.06350938 
899 7 16 21 0.05886433 
937 68 14 18 0.058104366 
706 43 15 19 0.055791736 
686 59 15 20 0.053990897 
880 84 23 32 0.053322904 
442 148 39 56 0.052508913 
584 67 14 19 0.051966023 
743 112 11 16 0.050549764 
923 90 15 20 0.04664456 
927 80 22 28 0.045937568 
399 209 45 68 0.04347256 
177 129 96 116 0.04107293 
893 34 11 14 0.040222567 
524 67 11 15 0.03917167 
740 14 11 14 0.037700526 
954 58 12 16 0.036208555 
739 54 32 42 0.034953453 
533 65 22 27 0.033571523 
488 60 11 16 0.033393003 
222 153 59 90 0.032337736 
704 75 18 24 0.03183655 
1003 46 18 24 0.031729992 
971 1 14 18 0.031367235 
995 50 16 21 0.03135612 
939 83 16 21 0.03131777 
732 32 25 33 0.030681077 
956 110 18 23 0.030008916 
741 30 15 19 0.029945083 
861 30 38 59 0.029456241 
908 26 13 16 0.028607344 
897 56 23 30 0.028437678 
990 0 10 10 0.028108742 
220 96 108 148 0.027932612 
594 5 54 68 0.027722925 
753 29 20 26 0.027599651 
980 21 16 21 0.02630472 
703 2 23 32 0.02587281 
989 5 12 15 0.025623402 
709 38 23 32 0.025056371 
0 231 25 44 0.024514437 
586 59 24 34 0.024502086 
903 11 21 26 0.024210012 
747 29 16 22 0.023848334 
913 75 22 29 0.02376305 
951 35 14 19 0.023746956 
463 242 29 41 0.023645593 
922 21 21 26 0.02343478 
945 65 15 18 0.023424821 
600 26 12 15 0.023274075 
334 150 88 130 0.023270287 
947 -3 22 23 0.022214007 
414 129 47 66 0.022167725 
1011 43 13 21 0.022089245 
891 13 16 22 0.021889089 
925 33 15 20 0.0214389 
719 33 24 32 0.020594113 
509 61 15 20 0.02049648 
