51_Dresses_wearingdress_51_398
48
400 232 375 459 0.9995455 
196 920 382 483 0.56657887 
178 1019 13 17 0.063451014 
38 861 13 15 0.06320844 
178 1012 13 16 0.05125025 
174 1036 10 14 0.043437667 
38 762 12 14 0.043392472 
37 461 14 18 0.04100841 
46 979 20 27 0.04079361 
29 861 14 17 0.03721585 
312 1376 39 44 0.03553763 
175 1026 13 16 0.03459422 
207 1026 12 15 0.033914458 
12 764 10 13 0.033261087 
181 1034 13 16 0.032864638 
85 996 13 17 0.032342397 
175 1002 15 18 0.030959792 
-22 1160 436 500 0.030471273 
188 994 15 18 0.030334221 
45 852 13 17 0.030154614 
75 965 15 18 0.028698718 
188 1029 11 13 0.028340396 
150 1022 11 14 0.02793093 
200 1028 10 13 0.027224444 
54 836 12 15 0.026880035 
95 762 15 20 0.02594675 
36 1075 64 75 0.02571544 
111 1005 12 15 0.025152955 
166 990 11 14 0.025097953 
12 841 14 17 0.024880586 
158 995 11 14 0.024443265 
67 852 14 19 0.024134252 
45 819 13 17 0.023930138 
32 788 11 15 0.02370527 
23 865 14 17 0.023473801 
46 883 12 15 0.023061406 
363 898 385 503 0.02220273 
222 998 11 14 0.021947524 
168 1036 11 15 0.021870466 
156 1071 21 25 0.021806102 
315 1393 43 53 0.021788213 
154 1028 13 16 0.021386445 
156 1022 10 13 0.021243772 
118 980 12 15 0.021158272 
126 958 10 13 0.02115505 
144 1027 11 15 0.020807303 
61 781 13 17 0.020724026 
174 1044 10 13 0.020321999 
