51_Dresses_wearingdress_51_451
27
384 213 183 237 0.99973017 
217 683 393 488 0.28491873 
-44 185 455 504 0.15232319 
353 716 224 239 0.13884412 
409 746 107 111 0.13224204 
5 710 105 165 0.08907864 
639 349 373 463 0.06467644 
518 769 59 70 0.052616794 
303 856 242 359 0.05026749 
966 1171 22 29 0.047031295 
485 733 108 119 0.03927332 
536 812 465 448 0.037319213 
396 633 212 224 0.03671094 
534 47 379 466 0.035056993 
609 996 280 278 0.034979578 
520 702 12 14 0.03366236 
244 31 379 494 0.033129923 
430 689 122 148 0.033087093 
524 563 376 489 0.030944966 
989 26 10 13 0.027733948 
494 666 189 289 0.025249531 
543 136 41 45 0.02473285 
-38 293 201 298 0.024072008 
45 202 208 291 0.023925262 
2 532 51 83 0.022218917 
79 12 355 466 0.022033293 
-7 122 104 155 0.021243965 
