51_Dresses_wearingdress_51_830
39
933 36 29 39 0.998958 
563 25 63 86 0.997465 
257 10 105 67 0.8779383 
998 19 21 34 0.877885 
819 16 59 66 0.36326867 
838 28 58 73 0.23705551 
856 54 48 68 0.07239415 
855 18 33 36 0.0700352 
523 248 48 59 0.06897555 
377 609 30 37 0.050138347 
796 24 33 43 0.047070976 
482 120 41 53 0.042568997 
278 605 22 30 0.04224322 
196 668 14 17 0.03945336 
899 58 28 36 0.03590641 
79 207 133 142 0.035881232 
198 631 25 32 0.03577057 
96 429 368 477 0.03458296 
872 76 46 57 0.033672016 
875 44 43 63 0.03213859 
511 168 12 17 0.02904464 
538 169 44 49 0.028792387 
764 307 14 18 0.028611893 
917 26 25 31 0.02856579 
198 641 15 19 0.027582567 
103 121 206 272 0.027423812 
268 591 39 49 0.026988572 
790 345 18 21 0.025827922 
900 102 13 16 0.024739027 
872 24 19 23 0.023677818 
822 14 35 39 0.023310548 
565 237 47 58 0.023225421 
777 13 190 214 0.022680301 
892 99 27 32 0.022346718 
900 528 26 33 0.021598373 
516 169 12 15 0.021035995 
253 194 143 189 0.020698143 
546 155 37 41 0.020280734 
371 613 18 21 0.020177687 
