51_Dresses_wearingdress_51_106
20
515 125 102 131 0.99973613 
518 1144 15 19 0.08116518 
757 53 35 42 0.052343637 
767 299 46 56 0.05164757 
459 848 15 17 0.04281226 
492 274 366 477 0.035817686 
963 427 15 21 0.035382252 
152 16 25 28 0.03265157 
319 157 27 34 0.031143263 
308 162 29 35 0.025194671 
971 427 14 19 0.023635559 
312 1187 22 29 0.023584597 
956 424 17 22 0.022916427 
109 61 33 38 0.022526307 
633 1376 19 25 0.022134384 
605 1128 14 18 0.022082161 
82 38 26 31 0.021892268 
105 153 54 64 0.02154847 
682 86 416 534 0.021309273 
296 1257 27 30 0.02020872 
