51_Dresses_wearingdress_51_739
61
440 104 128 188 0.9995447 
256 170 27 36 0.9988067 
906 277 35 44 0.9987676 
865 240 33 43 0.9986247 
268 294 35 43 0.998052 
638 259 32 40 0.99725074 
223 239 30 37 0.9961527 
573 290 53 63 0.9938471 
726 214 75 99 0.99365366 
999 253 26 38 0.98945135 
683 180 31 41 0.98933077 
354 226 30 39 0.47210303 
39 253 54 96 0.42868483 
196 185 25 29 0.19465134 
196 196 27 32 0.18817726 
325 248 41 49 0.14764199 
885 279 23 30 0.12577033 
993 338 27 51 0.12558366 
265 224 31 36 0.12023718 
665 158 12 15 0.098079585 
848 297 32 36 0.09709361 
337 235 41 50 0.09550382 
220 301 29 38 0.07560693 
273 216 26 29 0.073709875 
956 282 16 20 0.069148 
35 634 18 20 0.06879275 
51 700 12 17 0.06183284 
58 263 64 96 0.061268438 
315 253 31 46 0.057140928 
186 107 12 16 0.05532538 
204 316 42 56 0.053522073 
548 259 47 61 0.05068157 
56 1036 220 349 0.048170716 
366 224 11 14 0.047539983 
1003 605 15 24 0.041968085 
200 211 18 22 0.04144691 
966 268 12 17 0.038210995 
651 189 23 29 0.038203835 
959 271 20 26 0.03576026 
395 243 15 20 0.0354083 
677 268 14 19 0.034261007 
973 296 23 29 0.03057562 
180 176 14 18 0.029564219 
72 262 95 115 0.029508812 
41 358 56 71 0.02900125 
335 230 30 36 0.028853638 
989 304 14 18 0.02880416 
225 167 16 19 0.026885672 
655 178 14 18 0.02595449 
694 245 30 45 0.02515575 
859 287 30 36 0.025111318 
958 288 27 33 0.024273667 
7 628 103 152 0.02385327 
324 270 38 50 0.023573332 
204 216 23 30 0.022274438 
365 232 20 24 0.022162704 
673 262 24 31 0.021840068 
198 292 43 57 0.021592181 
217 286 29 37 0.020967873 
321 288 32 43 0.020927493 
997 594 25 40 0.020599492 
