51_Dresses_wearingdress_51_1035
53
173 233 115 130 0.999874 
410 46 82 112 0.99879944 
853 179 89 101 0.99683183 
581 278 86 99 0.99609023 
736 28 18 23 0.9436239 
666 30 19 22 0.83344746 
288 52 16 21 0.64003897 
332 48 18 20 0.50059813 
514 0 27 24 0.3438127 
604 38 13 21 0.28917223 
266 99 15 21 0.19859627 
610 35 16 21 0.16592334 
677 0 18 19 0.1643983 
706 15 18 23 0.120534465 
646 34 14 20 0.08124756 
1007 59 13 17 0.07396103 
687 51 15 19 0.05895389 
325 46 16 20 0.046695974 
256 103 12 16 0.043829724 
253 191 59 79 0.043062616 
953 92 11 14 0.039920278 
653 56 16 19 0.039896473 
998 59 12 16 0.039830342 
607 41 21 29 0.038732722 
653 30 20 26 0.037971728 
690 0 17 13 0.03593509 
337 22 14 15 0.03266352 
984 237 36 57 0.03224019 
638 34 14 19 0.02832715 
964 87 22 30 0.028231123 
629 65 17 22 0.028118553 
981 7 12 14 0.027779154 
492 105 15 24 0.027609192 
597 44 16 22 0.027175019 
660 36 18 22 0.027144603 
129 436 185 232 0.026724745 
971 99 13 16 0.026496926 
655 44 23 29 0.026236558 
998 53 20 28 0.026102364 
288 114 12 15 0.025471611 
591 43 15 19 0.024790227 
469 26 61 86 0.02461025 
991 56 11 14 0.02354592 
330 118 13 16 0.023029538 
605 30 15 19 0.022931922 
564 596 43 52 0.02283469 
433 22 81 110 0.02270242 
527 0 19 16 0.02153575 
702 21 24 32 0.021080384 
261 108 16 20 0.0210764 
619 39 15 22 0.02103425 
319 49 15 20 0.020741075 
690 45 15 18 0.02011336 
