51_Dresses_wearingdress_51_7
22
294 16 64 87 0.9993118 
490 86 29 35 0.9974733 
777 10 70 98 0.9955499 
953 120 37 51 0.97773665 
377 91 30 41 0.91697705 
168 84 17 22 0.89267653 
8 57 20 30 0.87838304 
55 62 22 30 0.87835056 
529 58 31 48 0.8122775 
118 71 16 22 0.424296 
111 107 16 19 0.20010291 
198 80 16 21 0.16108319 
241 40 39 57 0.13170935 
536 56 19 26 0.048421707 
175 87 16 20 0.04536241 
387 103 31 38 0.036239114 
16 65 19 25 0.03328879 
901 132 16 19 0.030129636 
163 56 14 18 0.027501695 
222 128 48 60 0.02472887 
982 134 24 34 0.022594886 
203 136 53 64 0.021818316 
