51_Dresses_wearingdress_51_869
18
408 90 152 226 0.997079 
-20 6 154 211 0.96411383 
624 234 113 136 0.21373776 
580 1117 392 455 0.115516 
413 1008 233 290 0.08622008 
916 418 57 67 0.06744752 
16 790 106 245 0.054698378 
39 1286 206 307 0.046271477 
849 363 17 20 0.037453964 
594 162 180 215 0.026957335 
472 1236 374 452 0.026805466 
547 446 382 433 0.026214557 
465 1314 129 152 0.023773344 
992 248 35 70 0.023771122 
739 1219 159 143 0.023677308 
778 1279 81 64 0.023238814 
47 12 164 262 0.022722306 
588 1325 205 276 0.021725098 
