51_Dresses_wearingdress_51_606
91
622 82 111 148 0.9999621 
256 227 97 120 0.9997509 
406 228 14 18 0.96167606 
204 178 16 21 0.21205337 
485 237 15 20 0.19121356 
400 284 11 13 0.13972206 
172 24 21 29 0.13734931 
858 92 9 12 0.11253993 
202 217 44 56 0.09478488 
233 6 18 19 0.08533181 
440 247 10 12 0.07544621 
392 256 9 11 0.072237015 
476 235 15 18 0.06838148 
397 254 8 11 0.06734824 
469 234 13 18 0.06665142 
173 253 11 15 0.06663157 
936 148 9 12 0.059108216 
146 76 15 20 0.058116633 
463 262 11 14 0.052655667 
377 238 9 10 0.050288178 
360 244 13 16 0.048589908 
154 791 209 292 0.046768706 
1007 28 10 13 0.04452398 
692 1190 27 32 0.044399396 
195 -2 26 25 0.043603238 
959 144 10 11 0.04254745 
527 234 11 14 0.042114057 
423 279 11 13 0.04154513 
167 258 10 14 0.03985004 
404 280 11 12 0.03942984 
386 218 14 19 0.038948048 
99 117 13 17 0.0389105 
824 333 43 57 0.03890988 
968 120 9 11 0.038193807 
451 206 17 20 0.037503697 
886 133 9 11 0.03705188 
985 261 11 14 0.03650567 
547 236 17 23 0.035957757 
860 88 10 13 0.035306793 
389 569 358 473 0.03486397 
391 248 9 11 0.03483206 
795 269 12 17 0.03461401 
482 190 22 30 0.033452462 
146 56 14 20 0.033149853 
415 261 10 12 0.032974303 
416 270 9 10 0.032901075 
422 246 11 13 0.032694373 
415 277 10 12 0.032374945 
918 134 8 10 0.031108497 
452 243 15 17 0.030214295 
847 102 8 10 0.029591868 
421 271 9 11 0.029567769 
847 96 8 10 0.028550042 
461 241 14 18 0.027696753 
872 102 8 11 0.027555194 
958 104 9 11 0.027502442 
998 4 10 12 0.027404206 
478 193 15 21 0.026749251 
188 183 10 13 0.02656252 
421 251 12 14 0.025047801 
113 246 8 11 0.025038248 
382 201 15 19 0.025030473 
429 252 9 12 0.024994548 
354 613 121 164 0.024866894 
444 250 11 13 0.023967646 
205 233 15 19 0.023783814 
937 109 9 10 0.023769284 
863 101 9 11 0.023741782 
439 308 11 14 0.02351902 
895 120 9 10 0.02350856 
945 166 10 13 0.023400659 
430 190 12 17 0.02336938 
896 137 7 9 0.023065645 
843 241 27 28 0.02287986 
952 119 8 10 0.022744494 
976 104 8 10 0.02246631 
838 121 13 16 0.022182811 
969 125 9 11 0.022167169 
142 255 10 12 0.021844864 
420 239 12 13 0.021737467 
950 160 9 12 0.021235535 
415 246 9 11 0.021140827 
174 96 10 14 0.021124097 
205 193 14 18 0.021036832 
141 59 21 34 0.021001492 
996 182 10 12 0.020925958 
428 278 9 13 0.020668957 
944 135 8 10 0.02042466 
175 101 12 16 0.020185824 
8 84 28 43 0.020088475 
823 1165 33 34 0.02000017 
