55_Sports_Coach_Trainer_sportcoaching_55_181
19
264 91 27 33 0.99650973 
771 152 25 31 0.99486816 
410 142 20 23 0.44911763 
466 133 14 19 0.20262414 
406 157 24 24 0.16763896 
85 430 16 16 0.10012845 
706 269 39 36 0.039546587 
778 206 42 54 0.037762854 
595 33 343 426 0.03432949 
254 96 17 23 0.03318247 
274 86 16 25 0.030020699 
885 7 50 53 0.028415944 
320 194 11 16 0.026503894 
664 282 51 58 0.024979236 
371 164 16 20 0.023849243 
257 403 14 16 0.023692582 
416 157 26 27 0.021915702 
1001 476 10 14 0.021888822 
426 146 14 20 0.021656206 
