55_Sports_Coach_Trainer_sportcoaching_55_516
42
663 197 33 38 0.99955827 
688 370 48 59 0.99953365 
771 206 30 38 0.9995215 
318 209 31 38 0.9994035 
379 211 31 38 0.9993857 
502 188 31 38 0.99937963 
252 209 33 40 0.99937767 
443 191 33 40 0.99914336 
775 362 53 61 0.9988961 
472 324 47 55 0.9987257 
113 300 48 56 0.9985763 
826 190 33 42 0.9985611 
250 318 49 60 0.9980574 
741 205 26 39 0.9979722 
572 131 37 48 0.9979243 
374 323 44 52 0.997701 
586 340 46 52 0.99744046 
687 329 35 39 0.1595807 
238 245 15 18 0.10634706 
727 304 37 44 0.09897127 
725 209 29 33 0.084299274 
457 363 13 17 0.05370251 
779 305 30 33 0.048361085 
710 317 38 42 0.032132562 
213 464 36 35 0.027807873 
695 282 17 20 0.027607154 
442 506 55 57 0.026695961 
570 355 15 22 0.026623897 
762 212 27 36 0.025887083 
736 653 39 30 0.0253937 
689 306 44 50 0.024547236 
679 287 44 49 0.024105906 
660 124 24 26 0.023075711 
787 301 39 44 0.022015909 
669 320 41 47 0.02144688 
490 187 27 35 0.020933801 
689 270 42 48 0.020834286 
683 304 17 19 0.020566102 
237 225 25 33 0.020514248 
842 279 36 39 0.020333586 
685 337 49 55 0.020263322 
555 108 27 34 0.020240601 
