55_Sports_Coach_Trainer_sportcoaching_55_721
26
285 339 468 581 0.9999982 
213 149 23 29 0.061992723 
989 487 15 19 0.038534522 
989 1 14 13 0.0357202 
68 256 18 23 0.034295764 
267 165 15 21 0.03126554 
31 236 12 15 0.026339125 
934 51 16 19 0.025814883 
925 1 11 11 0.025607727 
254 771 57 72 0.02554061 
45 438 14 19 0.024116194 
931 58 15 18 0.024031982 
982 0 13 11 0.023982422 
304 132 14 17 0.023928946 
227 166 30 39 0.023713415 
224 152 29 32 0.023347823 
316 13 12 14 0.023126325 
296 23 9 11 0.022853382 
369 109 12 16 0.02261833 
989 81 14 16 0.021976434 
935 28 12 14 0.02118574 
310 61 12 15 0.021082116 
108 -21 470 492 0.020675117 
935 47 13 14 0.020619359 
11 246 12 15 0.020092724 
244 7 13 16 0.020092228 
