55_Sports_Coach_Trainer_sportcoaching_55_263
23
317 33 73 98 0.9965953 
156 150 12 16 0.21565089 
515 187 45 54 0.09270301 
265 104 28 31 0.072359994 
154 161 23 27 0.04650389 
126 99 14 19 0.0418673 
147 115 12 15 0.035713095 
142 262 12 16 0.03471201 
244 133 9 13 0.033246465 
150 150 20 26 0.029670231 
117 218 15 21 0.027484514 
158 300 12 13 0.026805481 
104 187 10 13 0.025094934 
262 106 42 52 0.024913263 
116 205 22 27 0.023340276 
106 183 9 12 0.023315128 
280 112 15 18 0.02319533 
116 104 25 31 0.023193518 
94 199 9 11 0.022725197 
235 108 13 16 0.022029337 
204 181 12 13 0.021492718 
74 245 12 15 0.020764085 
131 104 15 19 0.02019255 
