55_Sports_Coach_Trainer_sportcoaching_55_789
28
270 227 46 63 0.9994715 
144 216 49 68 0.99910873 
451 243 46 64 0.998672 
227 183 47 63 0.9986576 
631 277 45 62 0.99765414 
760 167 43 60 0.997456 
363 284 44 62 0.99610883 
65 241 43 60 0.9960819 
540 257 43 57 0.9960532 
729 333 43 59 0.9959532 
464 158 42 56 0.995099 
198 145 38 50 0.99481815 
929 330 43 55 0.99450904 
918 159 46 59 0.9944765 
389 223 42 54 0.9943369 
821 322 41 52 0.9941122 
671 200 41 55 0.99284357 
88 171 40 52 0.99172264 
421 127 39 49 0.9901557 
588 219 40 54 0.99010426 
325 131 37 53 0.983269 
614 118 37 51 0.9804559 
51 125 42 53 0.97611 
160 516 36 27 0.046343677 
124 561 17 16 0.03931791 
371 255 50 65 0.02822593 
985 362 29 45 0.027003292 
10 231 41 59 0.020390438 
