55_Sports_Coach_Trainer_sportcoaching_55_588
51
685 244 24 32 0.92614895 
447 248 31 34 0.57906264 
595 253 16 22 0.5438997 
600 252 23 31 0.30020994 
670 250 15 20 0.14396714 
740 381 24 27 0.13800861 
735 271 11 14 0.120748706 
609 257 23 29 0.10381849 
502 272 26 32 0.10052555 
615 388 33 35 0.0984737 
738 272 16 19 0.08507095 
706 281 12 18 0.0839036 
749 271 14 17 0.0837437 
654 272 12 16 0.05416803 
622 291 15 21 0.052906122 
788 277 10 12 0.050338134 
697 256 17 21 0.049404796 
661 267 15 21 0.046409305 
727 269 12 14 0.043263473 
596 363 17 21 0.04316124 
774 403 25 32 0.04306914 
791 272 8 10 0.041789077 
687 258 28 34 0.0417523 
783 283 10 12 0.04085034 
706 260 13 18 0.03840794 
813 342 11 12 0.036985487 
382 360 17 20 0.03364177 
739 283 15 18 0.029703282 
660 253 21 28 0.029011335 
676 245 17 23 0.028462777 
697 273 20 27 0.028340532 
846 59 27 39 0.028241893 
621 283 14 18 0.02794344 
740 290 16 23 0.027504 
1012 334 10 15 0.026561482 
480 398 106 144 0.02610861 
490 281 28 31 0.025966454 
814 348 14 17 0.025534907 
784 272 9 11 0.025205337 
831 311 7 10 0.024830906 
737 294 26 35 0.024704842 
453 266 38 46 0.023893578 
684 237 18 21 0.022644939 
653 262 11 16 0.022568556 
789 283 11 13 0.022073667 
620 297 22 30 0.021900823 
463 249 17 22 0.021664366 
776 271 9 11 0.021311386 
649 267 12 16 0.02120896 
602 247 16 19 0.021155702 
649 419 27 33 0.020741045 
