55_Sports_Coach_Trainer_sportcoaching_55_773
29
324 93 56 70 0.99942374 
386 80 47 72 0.9987249 
631 84 54 68 0.9949999 
640 153 44 69 0.99044365 
-1 135 39 77 0.98907834 
810 118 53 80 0.9890321 
470 115 44 67 0.98795563 
990 95 34 70 0.98714113 
328 204 37 67 0.9819936 
719 82 43 60 0.7046133 
712 75 31 50 0.3948659 
169 155 42 73 0.34156194 
540 296 97 148 0.28312963 
731 88 55 61 0.25453392 
157 164 35 58 0.12937866 
197 165 44 68 0.11703786 
791 93 55 82 0.08214586 
268 156 38 58 0.059101105 
910 480 41 49 0.046648473 
218 160 47 69 0.039561827 
422 85 45 67 0.039210197 
706 153 42 62 0.0336677 
639 114 57 77 0.025663642 
240 159 47 68 0.025453614 
864 139 39 51 0.024430966 
200 147 35 53 0.02387125 
353 199 49 74 0.021304991 
759 95 54 70 0.021273874 
614 176 46 64 0.020660408 
