55_Sports_Coach_Trainer_sportcoaching_55_218
59
731 72 51 49 0.9767908 
892 200 75 93 0.55765927 
742 164 18 27 0.37255508 
653 218 42 34 0.26536626 
189 307 17 21 0.22689678 
640 197 22 34 0.21604486 
607 333 49 59 0.18759882 
149 306 26 36 0.15069821 
787 122 47 68 0.10720589 
838 261 103 117 0.061078206 
638 208 45 53 0.053318653 
859 300 68 66 0.05160284 
609 232 32 51 0.049912795 
316 123 13 15 0.048260465 
386 79 8 10 0.04670928 
225 251 10 13 0.046104357 
687 263 29 29 0.044816397 
858 222 99 114 0.044260506 
752 168 18 23 0.043553498 
88 9 9 11 0.043356214 
524 219 96 100 0.043219294 
337 127 10 11 0.04035438 
304 168 9 11 0.03808921 
764 70 36 44 0.037723903 
96 23 10 12 0.03689146 
781 115 75 116 0.036733493 
657 218 23 24 0.03491889 
746 77 56 63 0.034822956 
621 316 33 57 0.034239136 
159 148 8 11 0.0319839 
274 7 9 11 0.0309887 
185 236 12 14 0.030219333 
653 225 56 48 0.029429208 
287 128 8 10 0.029109737 
336 133 11 14 0.028789092 
249 206 9 11 0.028649997 
120 198 11 14 0.025210485 
137 206 11 13 0.025095845 
753 176 23 31 0.024916643 
488 87 7 10 0.024811933 
294 104 8 10 0.024280785 
769 106 56 67 0.023811541 
846 170 100 114 0.023601674 
489 243 97 103 0.022482479 
282 127 8 10 0.022248087 
279 222 8 10 0.022160245 
297 145 7 10 0.02191371 
761 170 15 19 0.021443335 
312 142 11 13 0.021365736 
317 86 8 11 0.021185305 
190 303 27 33 0.02116746 
182 214 7 9 0.021108432 
318 160 10 13 0.02106109 
385 84 9 13 0.020993534 
636 272 17 19 0.020706234 
128 189 11 13 0.020555379 
327 192 10 12 0.020497283 
417 49 7 10 0.020437123 
845 79 24 27 0.020295 
