55_Sports_Coach_Trainer_sportcoaching_55_380
37
858 1 43 53 0.89794695 
574 289 22 27 0.886786 
27 194 30 32 0.76674026 
464 175 55 50 0.7636404 
459 172 36 39 0.28414446 
455 472 14 18 0.25571385 
613 43 89 132 0.14125383 
603 328 17 20 0.1243003 
596 420 13 17 0.11037721 
452 183 32 45 0.105097406 
211 219 17 23 0.07761721 
433 169 24 31 0.05770672 
430 161 61 55 0.046713717 
827 -4 42 57 0.04633259 
572 477 17 22 0.04226134 
624 455 9 12 0.041359782 
464 171 21 26 0.03916173 
683 119 96 124 0.035743807 
599 324 15 19 0.034710247 
461 404 12 16 0.032824133 
398 156 65 55 0.032055352 
462 499 11 12 0.031655323 
583 360 11 13 0.029886527 
218 213 15 21 0.02925021 
648 97 101 120 0.029142587 
512 496 11 13 0.028178057 
519 483 11 13 0.02603673 
503 470 8 11 0.024678024 
19 180 30 39 0.023591928 
527 483 9 12 0.023260085 
31 234 28 31 0.022431303 
502 465 7 10 0.022001792 
646 94 14 16 0.021891668 
533 485 10 13 0.020867892 
521 465 7 10 0.020425292 
489 279 25 33 0.020372322 
11 130 18 23 0.020125007 
