55_Sports_Coach_Trainer_sportcoaching_55_867
40
507 265 35 41 0.9990079 
390 258 33 40 0.99597186 
233 285 23 26 0.9792732 
806 254 18 27 0.94671035 
560 287 24 30 0.92518824 
712 286 27 32 0.8271183 
54 306 26 29 0.79340893 
1011 314 12 22 0.28337538 
691 288 22 30 0.18969488 
978 378 15 19 0.1660456 
683 291 17 24 0.13812006 
46 309 16 23 0.11106762 
700 291 19 23 0.08625153 
221 336 16 19 0.076900594 
640 298 11 15 0.06556077 
742 403 13 15 0.059146006 
592 391 16 18 0.048586063 
138 424 13 17 0.045839384 
228 250 11 13 0.041168623 
585 424 9 11 0.036075503 
72 306 16 22 0.034083784 
65 300 20 24 0.031696845 
461 435 52 61 0.031500384 
997 296 11 14 0.03131987 
635 248 20 28 0.029991988 
122 424 15 18 0.027977822 
608 416 9 11 0.026580757 
719 414 13 16 0.025651013 
41 294 28 36 0.024825279 
746 410 13 16 0.024364533 
91 418 18 22 0.024340764 
552 289 16 21 0.02290056 
739 396 24 27 0.022231951 
239 381 10 13 0.021062069 
142 413 11 15 0.020828681 
158 398 32 46 0.020811383 
207 390 44 55 0.020768065 
39 304 16 22 0.020602774 
224 287 16 20 0.020297458 
221 316 12 16 0.02013861 
