55_Sports_Coach_Trainer_sportcoaching_55_770
24
620 18 52 61 0.9965146 
707 93 39 41 0.110446855 
81 356 8 10 0.070297666 
5 351 8 10 0.062460672 
213 350 9 11 0.058890276 
53 355 8 10 0.051452756 
121 358 9 11 0.047407396 
49 356 9 10 0.045845833 
7 357 8 9 0.04384188 
679 190 61 58 0.042319413 
503 151 64 50 0.04017889 
413 278 41 37 0.037826043 
348 271 12 13 0.03513397 
693 105 59 57 0.034764804 
25 350 7 8 0.03444281 
482 166 68 62 0.032132816 
961 333 9 11 0.031485025 
175 349 8 10 0.030744903 
182 359 8 10 0.03068831 
2 344 8 10 0.029697634 
104 302 10 14 0.027640324 
22 345 7 10 0.02649862 
19 343 7 10 0.025365628 
695 70 42 52 0.024731504 
