55_Sports_Coach_Trainer_sportcoaching_55_894
101
428 32 181 229 0.999572 
26 333 12 16 0.36594945 
92 141 11 13 0.30522364 
693 241 61 76 0.22158577 
997 414 8 10 0.11573215 
958 406 7 9 0.11122091 
953 390 6 9 0.106811985 
960 425 7 10 0.10189801 
918 384 7 10 0.086789355 
661 254 71 80 0.079048075 
277 336 10 12 0.07679084 
1005 382 7 9 0.06722428 
944 401 7 9 0.06674148 
1014 357 8 11 0.06518113 
953 400 7 8 0.061255496 
1014 430 8 11 0.061058503 
1001 384 7 9 0.05975703 
902 421 8 10 0.059456825 
945 385 7 8 0.054637894 
643 252 26 47 0.052903887 
1002 441 8 10 0.052377943 
848 382 8 10 0.05025522 
976 384 7 9 0.049710494 
913 413 7 9 0.048529766 
47 364 11 15 0.0483255 
958 400 7 9 0.046813086 
952 385 7 9 0.046517152 
918 408 8 10 0.046326026 
329 389 10 12 0.04536651 
902 418 7 8 0.045250643 
274 340 10 11 0.044930805 
966 423 8 10 0.04442955 
985 399 6 8 0.043001782 
984 391 6 8 0.04203728 
2 348 12 14 0.041898046 
975 376 7 8 0.041215166 
998 408 8 10 0.04107615 
915 383 7 10 0.039566245 
645 249 53 72 0.039438896 
946 390 6 8 0.03877276 
905 368 7 9 0.038614664 
895 413 7 10 0.038404953 
272 364 10 12 0.0381006 
999 388 8 10 0.036234707 
953 405 9 10 0.035342906 
984 367 7 9 0.034699462 
857 437 9 12 0.034165993 
9 326 7 9 0.033366222 
967 368 6 8 0.03277247 
935 392 7 8 0.03259027 
1000 369 7 9 0.031622898 
993 408 8 11 0.031590663 
970 376 6 8 0.031254094 
994 385 7 8 0.030694406 
977 389 7 9 0.03062483 
87 136 19 22 0.030604549 
1015 423 7 11 0.030258575 
969 384 7 9 0.029854566 
880 372 7 8 0.029096913 
244 410 11 13 0.02881431 
1010 358 6 10 0.028782193 
937 399 7 9 0.027831385 
24 329 10 14 0.027666897 
969 416 7 10 0.027377974 
213 423 10 12 0.027230417 
982 385 7 9 0.02707949 
936 368 6 9 0.026988845 
257 334 8 10 0.026894053 
1007 400 8 9 0.026855377 
953 429 8 10 0.026108166 
893 408 8 10 0.026071489 
87 145 16 18 0.026057756 
952 424 9 10 0.02591845 
977 358 7 9 0.025858212 
914 389 7 10 0.025524763 
1013 305 10 16 0.025149714 
27 341 16 21 0.025135327 
259 374 13 16 0.025062101 
863 383 8 10 0.025025139 
968 390 7 9 0.024996346 
1005 439 8 10 0.024908159 
993 375 6 8 0.024744846 
856 383 8 10 0.02450871 
717 231 39 59 0.024414815 
16 341 10 14 0.024341637 
297 367 10 12 0.024216376 
944 440 7 9 0.023681797 
999 351 7 10 0.023171041 
991 399 7 8 0.02305572 
98 139 12 16 0.022673996 
903 383 7 9 0.022607246 
960 384 7 9 0.022560544 
984 360 7 8 0.022518469 
930 391 6 8 0.021968348 
918 414 7 9 0.021072818 
894 446 9 11 0.020590749 
960 375 7 9 0.020402968 
890 414 8 10 0.020329144 
992 420 8 11 0.020128055 
766 240 9 11 0.02011588 
1006 375 7 11 0.020082848 
