55_Sports_Coach_Trainer_sportcoaching_55_183
17
378 132 236 336 0.9997658 
183 425 30 37 0.24396323 
349 466 420 543 0.1490693 
150 524 59 98 0.13540623 
718 311 58 67 0.08100111 
950 805 27 34 0.07857576 
758 11 213 319 0.038822606 
192 640 173 309 0.036982186 
53 456 30 40 0.02819383 
160 497 54 80 0.027656605 
174 418 50 60 0.025946809 
718 289 92 115 0.024144515 
990 256 28 38 0.02360814 
8 624 126 183 0.022957934 
821 192 93 104 0.021890221 
660 107 353 464 0.020466048 
99 545 96 139 0.020317782 
