16_Award_Ceremony_Awards_Ceremony_16_569
29
562 138 141 175 0.9996086 
443 5 70 84 0.9985097 
87 15 68 91 0.9980526 
820 83 132 217 0.99702317 
260 7 70 99 0.99569005 
189 37 44 56 0.99317694 
503 5 51 71 0.73290217 
792 47 115 203 0.71404123 
3 41 33 46 0.5073586 
347 78 45 55 0.099116504 
230 36 31 53 0.06271926 
163 89 32 55 0.055102963 
390 1 31 30 0.044532537 
233 54 39 62 0.041267987 
541 606 133 148 0.035844672 
2 67 17 25 0.035815127 
0 242 12 20 0.034602128 
0 13 46 67 0.033315152 
362 2 29 36 0.03055858 
377 10 14 18 0.029882748 
766 65 96 153 0.028344447 
368 -1 44 46 0.027249029 
0 136 25 36 0.027138943 
425 34 16 23 0.0264788 
388 675 11 15 0.025835436 
513 -1 30 34 0.025768578 
79 461 193 297 0.020582007 
228 78 31 42 0.020391397 
22 48 29 36 0.020228185 
