16_Award_Ceremony_Awards_Ceremony_16_25
52
502 94 33 44 0.99878925 
440 122 33 43 0.99795085 
843 133 38 47 0.9972132 
650 137 38 47 0.99606425 
563 103 40 54 0.99569595 
225 118 39 49 0.9928762 
740 146 42 55 0.99027985 
929 153 42 54 0.986206 
149 96 39 54 0.9859089 
332 148 43 52 0.9832009 
60 102 44 52 0.96575314 
660 313 18 23 0.5208702 
429 429 10 13 0.12755816 
681 303 19 24 0.123367906 
929 356 27 30 0.122560464 
254 122 29 39 0.064900644 
430 425 8 11 0.063978165 
861 353 18 23 0.050599795 
733 386 14 18 0.04608126 
457 415 7 10 0.042945027 
670 306 24 28 0.040732667 
194 -2 17 19 0.030680712 
806 380 14 17 0.03035523 
426 425 9 11 0.030354027 
749 371 14 18 0.030086732 
466 432 7 9 0.029099 
792 422 9 12 0.02826115 
488 381 7 10 0.028135074 
759 348 11 13 0.027113851 
439 350 8 10 0.027049467 
470 382 7 9 0.026269164 
486 400 7 10 0.026112378 
726 393 14 16 0.025984304 
792 467 16 18 0.025649931 
470 391 7 9 0.025410559 
814 404 10 13 0.025346698 
456 383 6 8 0.025067067 
168 50 37 48 0.025028672 
481 408 7 9 0.024743354 
470 375 8 10 0.024177106 
489 376 6 8 0.023820339 
513 376 8 10 0.023390051 
466 383 8 9 0.023360016 
214 81 22 29 0.023077652 
758 407 13 15 0.022538502 
651 281 43 53 0.02249459 
473 408 7 10 0.022425504 
535 136 24 30 0.021993069 
471 438 7 10 0.02179352 
184 249 29 42 0.021689152 
471 414 8 10 0.020552319 
471 424 7 10 0.020282501 
