16_Award_Ceremony_Awards_Ceremony_16_495
94
398 161 197 277 0.99991155 
-1 188 11 19 0.39511958 
328 651 366 448 0.2791571 
63 632 13 16 0.17640847 
815 1212 12 17 0.15514857 
6 541 11 17 0.13141657 
6 303 10 13 0.13052535 
916 225 18 23 0.13026917 
20 2 13 16 0.122572936 
169 368 472 570 0.093286306 
21 650 13 16 0.088040866 
29 880 10 14 0.07965324 
817 1304 8 11 0.07531399 
780 1282 11 14 0.0639762 
0 75 10 16 0.06313052 
77 141 12 16 0.06088223 
822 1304 9 11 0.060508978 
85 308 8 12 0.057501156 
21 766 9 13 0.05489111 
169 1315 10 14 0.05197215 
923 29 13 16 0.049366675 
935 686 12 14 0.047931764 
82 191 9 11 0.047853146 
46 546 13 17 0.047618918 
53 693 13 16 0.04703509 
766 1327 10 13 0.046178903 
16 646 12 16 0.04450931 
816 1119 10 15 0.043752126 
999 2 11 11 0.04214559 
823 1416 8 10 0.041675594 
13 -1 17 16 0.04007164 
90 438 9 11 0.038376044 
926 2 12 12 0.038331125 
897 685 12 16 0.038120463 
20 678 11 15 0.03793075 
921 12 12 15 0.03774875 
171 1331 13 16 0.036041465 
816 1014 8 10 0.03551941 
0 532 20 32 0.03475267 
903 611 12 15 0.034304943 
64 536 24 30 0.03412583 
995 291 13 15 0.033558756 
39 716 12 16 0.033269018 
970 2 16 16 0.033187244 
878 1396 10 13 0.03234884 
77 469 8 12 0.030664774 
781 1213 10 13 0.03057703 
915 516 17 22 0.029887667 
837 1053 10 15 0.029762378 
121 633 14 17 0.029028598 
872 1004 8 10 0.028822418 
14 629 9 12 0.028118188 
27 653 10 12 0.028064877 
168 1325 13 16 0.027976654 
779 1219 12 15 0.02760404 
1 587 10 17 0.02716081 
660 866 190 267 0.027041236 
976 508 9 13 0.026544938 
106 78 8 12 0.026374146 
979 2 13 15 0.026204124 
758 1284 9 11 0.026144193 
88 454 9 11 0.025725313 
164 1129 24 36 0.02563575 
64 625 11 14 0.025503991 
763 1156 11 14 0.025314758 
806 1308 9 11 0.025003033 
927 103 9 11 0.024828736 
77 463 9 11 0.02412225 
103 190 9 11 0.024033492 
761 1326 10 14 0.02396316 
73 462 8 11 0.023799773 
942 101 8 10 0.023668934 
156 1214 12 14 0.023485541 
773 1043 10 14 0.022744922 
995 272 13 16 0.022379221 
1 801 11 18 0.022236617 
7 646 12 14 0.02223582 
782 1208 9 12 0.021768395 
95 66 10 12 0.021649374 
46 710 11 15 0.021354593 
791 1046 9 12 0.021287132 
55 272 11 13 0.021256357 
7 63 10 13 0.021057626 
809 1304 8 10 0.02091076 
62 182 12 16 0.020896591 
805 1047 10 13 0.020887293 
959 36 10 14 0.020683983 
78 439 8 12 0.020658484 
23 623 8 11 0.020557513 
2 305 9 14 0.02055282 
5 67 10 14 0.020450627 
111 447 8 10 0.02036586 
101 776 8 10 0.020303302 
126 768 9 12 0.02016528 
