16_Award_Ceremony_Awards_Ceremony_16_141
60
542 297 27 37 0.9993468 
188 277 33 46 0.99933904 
392 237 45 56 0.9980568 
92 260 43 56 0.99690753 
566 312 25 34 0.9948762 
141 263 36 52 0.99068505 
636 322 21 28 0.9903082 
603 312 24 33 0.98426926 
345 246 42 58 0.96557397 
12 247 41 55 0.9061765 
458 259 35 42 0.8504762 
277 63 45 88 0.8033882 
500 287 24 34 0.7666812 
433 263 36 49 0.70056087 
34 303 27 42 0.5936608 
613 430 13 16 0.550479 
-3 233 35 52 0.5327454 
160 270 40 50 0.473496 
362 244 44 57 0.45176613 
554 302 25 33 0.40318796 
499 277 11 16 0.2372956 
212 423 31 30 0.22419745 
396 461 41 47 0.16846219 
508 390 17 21 0.15191557 
503 378 27 35 0.13981032 
540 438 17 21 0.124221146 
293 55 34 65 0.10756067 
493 282 23 31 0.09755214 
610 309 17 22 0.0890103 
512 289 19 27 0.07092155 
408 247 43 56 0.07087754 
664 436 11 12 0.07085191 
28 257 36 55 0.06703732 
644 424 9 12 0.0654332 
515 285 14 19 0.06335559 
442 325 28 40 0.059159793 
427 279 32 40 0.052303888 
476 447 25 30 0.042173333 
464 441 31 29 0.040668074 
476 268 29 36 0.04034474 
666 430 13 15 0.037255537 
491 453 16 21 0.036168363 
616 325 16 23 0.03613396 
145 456 32 43 0.03474326 
32 444 61 49 0.034629032 
42 270 31 47 0.03391062 
431 248 29 44 0.032869507 
533 311 16 21 0.030458415 
260 93 56 78 0.029483119 
594 444 14 15 0.028990583 
43 436 32 31 0.028340532 
447 274 35 44 0.027770778 
610 434 12 14 0.027476232 
519 595 14 17 0.025757363 
111 262 35 46 0.024887506 
508 277 12 17 0.022425188 
487 304 23 33 0.022217218 
516 278 13 17 0.02107488 
588 449 15 14 0.020941801 
0 221 10 15 0.020571353 
