16_Award_Ceremony_Awards_Ceremony_16_4
424
85 258 14 21 0.70779413 
40 262 10 13 0.63402617 
371 303 13 21 0.6107662 
15 252 12 16 0.562076 
907 268 12 17 0.5581597 
381 281 11 14 0.5428075 
1007 273 17 33 0.4174638 
462 355 14 20 0.41130084 
766 338 21 37 0.3962056 
291 354 33 56 0.38617054 
823 282 13 19 0.3707045 
0 252 12 17 0.36199993 
322 305 23 27 0.33844703 
724 263 9 11 0.2918292 
556 275 14 19 0.286671 
902 270 13 18 0.25864282 
67 340 27 42 0.25790238 
590 299 20 23 0.25785866 
639 299 13 19 0.23158205 
680 264 8 11 0.22553113 
274 279 9 11 0.224599 
854 279 14 21 0.22330295 
639 307 21 28 0.22325593 
463 254 8 12 0.22106096 
302 301 11 15 0.22092274 
217 276 10 11 0.21070178 
536 279 9 12 0.210657 
950 261 25 31 0.20733315 
401 277 9 11 0.20045024 
807 277 12 16 0.19344491 
630 264 7 10 0.18805687 
727 309 12 16 0.17965427 
632 269 8 11 0.1789758 
0 298 24 42 0.1757266 
364 270 10 12 0.1748192 
696 301 10 13 0.17052473 
718 295 12 17 0.16836125 
241 280 10 11 0.16779159 
457 297 11 15 0.16682133 
682 285 12 15 0.15419568 
947 268 16 19 0.15261036 
5 247 10 13 0.14833605 
701 293 12 15 0.1453915 
256 278 11 13 0.14499924 
-1 288 22 31 0.14338885 
575 284 10 14 0.13412744 
224 332 29 34 0.13280743 
914 267 14 17 0.1317431 
177 278 9 10 0.12986088 
680 291 12 15 0.12949517 
657 271 7 10 0.12830813 
382 331 14 16 0.12507083 
712 264 8 10 0.12303585 
401 271 8 10 0.121403806 
753 264 9 11 0.11781405 
847 276 14 21 0.1124684 
438 284 9 12 0.11038163 
259 309 13 16 0.11033595 
736 264 9 11 0.10567988 
597 271 9 10 0.1041002 
361 275 10 12 0.10208666 
465 279 8 11 0.1010631 
859 285 15 20 0.09944829 
471 306 11 14 0.09898478 
649 305 17 24 0.097286746 
151 276 8 10 0.09471251 
213 299 13 17 0.09450729 
293 301 15 18 0.094018206 
181 280 7 10 0.0919354 
783 271 9 12 0.090286955 
67 260 19 20 0.08853698 
446 284 10 13 0.086999364 
198 285 10 12 0.0844565 
220 300 11 16 0.08424662 
197 279 9 11 0.08219623 
732 286 11 13 0.08172627 
327 269 8 10 0.081124656 
456 280 8 11 0.08032181 
294 277 10 13 0.079779945 
257 273 8 10 0.079754636 
484 284 12 15 0.07918393 
394 255 8 10 0.0790492 
1 283 12 18 0.07841401 
15 295 24 33 0.078209445 
857 263 9 12 0.077000774 
434 283 9 12 0.075667515 
407 300 12 17 0.075508356 
306 299 13 18 0.07449873 
77 261 16 20 0.074398994 
383 264 8 9 0.07335337 
591 271 9 12 0.07298927 
662 271 8 10 0.07232361 
182 284 8 12 0.07096274 
828 279 11 17 0.070465125 
892 301 12 20 0.069755465 
191 285 9 12 0.06864933 
803 352 30 52 0.0657274 
771 288 14 19 0.065425515 
463 249 8 10 0.06509783 
470 270 9 11 0.063853815 
383 270 9 11 0.06371736 
198 270 9 10 0.063095294 
399 263 8 10 0.06306202 
741 268 9 10 0.06298982 
627 315 16 20 0.06274922 
709 291 13 18 0.062601075 
832 263 8 11 0.062572695 
393 263 7 9 0.062278833 
158 280 9 11 0.062081125 
361 262 8 11 0.061192326 
422 278 8 11 0.061055582 
454 382 13 16 0.060686644 
420 380 16 19 0.05964412 
359 255 8 10 0.05963545 
854 268 14 19 0.05948445 
112 308 27 31 0.059382927 
788 276 13 15 0.05839896 
285 275 12 15 0.058327567 
565 255 8 11 0.05794228 
563 275 11 16 0.056906417 
60 259 18 20 0.05656294 
335 279 10 12 0.055858787 
3 313 28 50 0.055053256 
815 269 9 14 0.05465204 
744 246 9 11 0.05463021 
680 280 10 12 0.054559767 
757 266 11 12 0.054204024 
636 271 9 11 0.05339099 
456 268 9 11 0.05331476 
22 301 23 36 0.053018373 
312 280 9 12 0.052985217 
457 247 8 9 0.05260486 
924 344 28 31 0.052202187 
313 272 7 9 0.0513525 
127 278 8 10 0.050650373 
797 276 14 17 0.05063254 
596 275 11 13 0.05023083 
193 272 8 10 0.05007879 
158 284 10 13 0.049944654 
54 259 12 18 0.049880933 
200 265 7 9 0.04958934 
625 267 9 11 0.049270507 
286 300 15 17 0.04918116 
961 266 15 20 0.04910373 
275 280 13 16 0.048978068 
471 263 7 10 0.048065804 
87 314 36 52 0.048016246 
457 261 9 11 0.04791871 
558 330 23 33 0.04784712 
464 271 8 11 0.047757532 
813 280 13 19 0.04775235 
595 293 15 19 0.047541626 
374 271 9 10 0.047135025 
796 242 13 16 0.04703922 
674 263 8 10 0.046278335 
331 301 14 18 0.04589483 
37 256 19 24 0.04555471 
32 267 11 16 0.045467835 
360 284 10 13 0.045401677 
220 273 9 11 0.044050686 
741 294 10 13 0.043381058 
458 255 9 12 0.04317825 
404 344 17 21 0.043141127 
735 246 8 10 0.04275039 
705 264 8 12 0.04271023 
8 296 17 23 0.042692233 
342 269 7 9 0.042448424 
316 312 23 29 0.042349994 
393 247 9 10 0.042308785 
1 245 19 24 0.042287074 
442 238 8 11 0.042128753 
566 260 9 11 0.041950848 
310 330 14 18 0.04180229 
469 277 9 13 0.04178566 
415 283 10 13 0.041716672 
921 268 13 16 0.04125343 
616 287 10 13 0.04102658 
165 309 12 16 0.040696383 
992 430 28 40 0.040601797 
18 257 12 16 0.040588584 
214 284 12 14 0.04024168 
278 272 20 24 0.039945707 
154 300 13 16 0.0398915 
773 304 14 18 0.03988723 
367 293 9 12 0.039670125 
412 306 12 15 0.03961223 
190 291 9 13 0.03925248 
832 277 19 27 0.037873637 
631 275 9 12 0.037850432 
146 273 9 11 0.037729573 
672 256 7 9 0.037707493 
411 380 28 28 0.037629977 
603 296 14 20 0.03756012 
822 267 9 13 0.03686559 
205 287 9 12 0.03684336 
10 302 39 54 0.03681303 
156 294 12 14 0.036793973 
287 272 9 10 0.036722995 
484 372 11 14 0.036719803 
468 254 8 11 0.036095668 
567 270 10 13 0.03573152 
208 347 41 50 0.035728574 
635 319 16 22 0.03568777 
375 256 8 10 0.035543807 
865 289 15 19 0.03552383 
582 263 9 11 0.03512585 
328 265 8 9 0.035043724 
725 292 12 15 0.034818895 
644 294 14 19 0.034542132 
505 279 8 10 0.03446649 
725 301 13 16 0.034404427 
614 271 8 10 0.0341105 
386 337 14 18 0.03407725 
125 273 9 10 0.033965223 
630 306 15 20 0.033497453 
520 287 9 11 0.033497237 
34 262 10 13 0.03306741 
718 257 19 24 0.03294571 
206 292 13 16 0.03291598 
629 330 12 18 0.03288151 
424 297 12 17 0.03282546 
442 230 8 10 0.03281386 
897 272 13 18 0.03277831 
376 295 8 12 0.032750517 
199 289 12 15 0.032472625 
525 285 10 12 0.032450236 
127 292 13 15 0.032386623 
56 354 34 38 0.032309733 
278 302 11 15 0.032046985 
413 229 8 10 0.032038923 
566 301 12 16 0.0318782 
462 305 13 15 0.031835288 
198 307 12 16 0.031763896 
534 231 8 11 0.031758025 
858 273 22 27 0.031462356 
733 277 11 14 0.031307433 
766 296 12 18 0.031268854 
537 238 8 10 0.03126135 
261 273 8 9 0.031214524 
360 299 23 29 0.030958643 
302 278 10 12 0.0309184 
333 294 12 14 0.030874612 
35 268 17 21 0.030822344 
781 298 15 18 0.030547803 
363 337 14 18 0.030496469 
847 307 13 17 0.030494835 
204 290 21 27 0.030410968 
719 275 11 13 0.030297367 
254 300 22 27 0.030294161 
407 295 11 14 0.030278603 
700 306 13 18 0.030249873 
696 262 9 12 0.03013895 
727 278 10 13 0.030070491 
904 264 10 16 0.02992125 
638 247 7 8 0.029893123 
268 306 13 17 0.029888842 
76 326 36 55 0.029531116 
703 287 11 14 0.029319782 
361 379 39 51 0.029281946 
203 305 17 19 0.029042095 
119 377 37 41 0.029039944 
678 296 13 17 0.028919257 
381 322 15 19 0.02873864 
854 407 39 38 0.028704485 
542 290 12 15 0.02864058 
244 281 12 15 0.02860806 
441 244 8 10 0.02860309 
720 257 8 10 0.028554011 
121 272 9 12 0.028445657 
272 274 9 10 0.028442562 
541 238 8 10 0.028411351 
157 307 14 17 0.028333275 
480 279 10 13 0.028045008 
129 39 422 472 0.027895413 
337 265 7 10 0.027873881 
519 293 12 15 0.027723728 
358 247 7 9 0.027666364 
478 316 10 15 0.027562613 
743 240 8 10 0.027538864 
430 354 14 19 0.0275177 
613 297 14 19 0.027514048 
684 262 9 12 0.027484244 
377 263 8 9 0.027472474 
672 268 9 11 0.027339738 
855 289 22 27 0.027282804 
405 264 8 10 0.027130025 
776 286 21 25 0.027078459 
294 272 8 11 0.0270241 
378 278 17 22 0.026875142 
169 278 8 10 0.026871987 
278 351 32 50 0.026799846 
595 285 15 18 0.026788892 
619 307 15 18 0.026689643 
466 296 19 24 0.026687475 
573 269 10 13 0.026683794 
254 289 13 16 0.026614744 
326 293 12 15 0.026603725 
366 287 10 12 0.026504986 
608 271 8 10 0.026467694 
438 261 9 13 0.026415436 
422 284 10 13 0.026370851 
540 322 29 33 0.02630616 
727 256 8 10 0.026252083 
7 242 9 12 0.026206072 
22 267 12 15 0.026201824 
471 315 12 15 0.026087185 
427 375 12 16 0.026040198 
420 306 12 16 0.025885267 
461 357 23 29 0.025880987 
884 239 13 16 0.025832389 
733 301 11 16 0.025729118 
261 284 9 13 0.025723295 
750 300 10 14 0.025657065 
316 295 23 31 0.02561088 
389 362 24 30 0.025446333 
541 333 33 40 0.025310762 
541 283 11 16 0.025302744 
112 276 11 12 0.025284216 
294 339 29 37 0.025163846 
167 293 10 13 0.025140483 
19 246 11 15 0.025087608 
575 247 8 9 0.02498559 
349 284 10 12 0.024957439 
619 291 13 15 0.02495416 
365 263 8 11 0.02495207 
337 270 8 9 0.024774335 
748 245 10 12 0.02467482 
741 284 12 14 0.024588179 
489 264 9 9 0.024573345 
648 273 9 11 0.02454414 
317 285 10 12 0.02451863 
750 291 12 16 0.024503134 
455 240 8 10 0.024457302 
663 275 9 11 0.024395918 
487 385 12 15 0.024357727 
880 269 10 12 0.024303513 
626 256 8 10 0.024250258 
303 327 27 30 0.024234463 
629 285 10 15 0.02414368 
391 269 8 9 0.024110932 
232 326 19 20 0.024013296 
376 367 26 34 0.023939423 
151 306 12 16 0.023897639 
319 271 8 9 0.023889907 
298 363 42 58 0.023771202 
774 261 11 14 0.023723822 
241 273 8 9 0.023602128 
477 269 8 10 0.023569912 
338 306 13 19 0.023454964 
893 294 20 31 0.02343282 
400 307 11 14 0.023403658 
466 350 14 17 0.02323461 
476 308 10 15 0.023160692 
754 324 28 39 0.023090588 
270 290 12 16 0.023026576 
470 282 10 14 0.02302649 
256 302 13 16 0.023012852 
885 269 10 13 0.022945791 
575 262 9 12 0.022901768 
485 367 9 13 0.022883922 
766 262 9 12 0.022713797 
470 247 8 11 0.022708807 
773 300 25 28 0.02269627 
475 300 10 14 0.022561876 
614 309 24 31 0.022495985 
631 298 14 19 0.022476245 
168 273 9 10 0.022446755 
200 313 13 16 0.022436481 
741 300 12 15 0.02241777 
611 287 20 25 0.022382852 
174 273 9 11 0.022362554 
428 293 12 17 0.022361659 
159 272 8 10 0.022229984 
176 282 12 15 0.022226261 
742 276 11 14 0.022223867 
718 305 15 20 0.022162693 
782 281 13 19 0.022138866 
409 335 22 29 0.022122452 
569 247 8 10 0.022066887 
329 277 9 12 0.021939093 
360 291 12 15 0.021935083 
764 277 12 15 0.02192736 
900 320 14 18 0.021897098 
423 356 14 18 0.02187336 
543 267 10 14 0.021872973 
632 247 8 9 0.021850443 
288 272 20 24 0.02180452 
689 237 9 11 0.021779882 
341 293 11 14 0.021771096 
439 267 8 12 0.021749496 
568 290 12 16 0.021746626 
935 348 30 35 0.021674607 
184 291 10 13 0.021465398 
765 284 15 21 0.021464098 
585 269 10 15 0.021373324 
165 301 12 16 0.02129667 
630 291 12 15 0.021288782 
510 253 26 31 0.021288157 
366 256 8 10 0.021156808 
182 300 11 12 0.021114603 
276 296 21 27 0.021057785 
758 289 14 19 0.020997718 
526 347 38 41 0.020953521 
0 314 12 22 0.020939484 
371 307 21 27 0.020907111 
460 317 12 14 0.020866757 
764 268 10 13 0.020767815 
961 261 26 36 0.020744063 
582 275 11 16 0.020702057 
310 292 12 17 0.020698782 
775 345 37 50 0.020652916 
655 275 8 10 0.020564927 
412 292 13 17 0.020548591 
685 305 13 16 0.020441731 
205 270 8 10 0.020397251 
45 255 12 18 0.020389356 
413 224 8 10 0.020335013 
379 388 32 37 0.020292656 
148 293 21 27 0.02026178 
354 255 9 11 0.020230459 
135 358 46 60 0.02019567 
892 414 97 114 0.02016475 
762 291 22 30 0.020022908 
511 267 11 13 0.020003477 
