16_Award_Ceremony_Awards_Ceremony_16_84
33
437 160 255 361 0.99972564 
528 1065 330 410 0.23160833 
520 942 194 273 0.19368464 
259 1035 530 463 0.07182719 
507 1132 253 237 0.06623708 
87 8 48 55 0.053938292 
-16 743 587 445 0.046384323 
7 0 213 207 0.04477728 
727 68 70 58 0.043460295 
166 313 471 481 0.043368492 
45 24 27 36 0.042679008 
661 1102 10 13 0.03967554 
78 287 88 65 0.039163236 
74 92 16 20 0.037488457 
188 566 477 546 0.03713768 
282 818 368 488 0.037043136 
26 317 395 510 0.034363244 
103 96 13 17 0.030403305 
512 38 341 481 0.02969646 
47 121 13 18 0.029280202 
344 33 72 71 0.028979147 
83 892 518 546 0.026674516 
1013 955 11 18 0.025202636 
96 591 34 32 0.024717057 
74 16 117 125 0.023618856 
986 1140 15 16 0.023539037 
100 1574 13 14 0.023371441 
40 594 49 52 0.023016304 
671 69 68 58 0.022982063 
997 9 25 36 0.022611445 
39 305 32 36 0.02256334 
36 1 17 15 0.022043785 
75 379 15 19 0.020690056 
