16_Award_Ceremony_Awards_Ceremony_16_317
25
216 104 37 50 0.9974624 
843 114 31 45 0.9920364 
600 136 30 43 0.8760272 
260 412 157 237 0.42520812 
601 143 42 61 0.37219116 
362 382 16 20 0.16880815 
152 118 28 33 0.07444801 
471 442 123 184 0.06768063 
129 447 56 95 0.0667735 
858 113 32 42 0.056124207 
752 617 31 40 0.040721767 
375 424 179 245 0.04031717 
589 310 11 14 0.032374844 
611 131 29 36 0.031222912 
170 111 16 18 0.025103414 
758 569 30 40 0.02480099 
810 283 33 31 0.024574615 
612 170 32 40 0.024494689 
163 113 17 19 0.023463126 
150 127 15 20 0.023389822 
263 113 15 18 0.023205299 
833 172 11 16 0.022973906 
625 130 18 22 0.02285 
164 122 34 34 0.021674115 
597 168 30 44 0.02000848 
