10_People_Marching_People_Marching_10_People_Marching_People_Marching_10_368
25
600 135 59 80 0.99968064 
448 186 57 70 0.999642 
729 113 60 80 0.9996382 
334 151 60 78 0.9994487 
43 100 62 80 0.9994072 
185 92 67 91 0.9993376 
859 173 69 86 0.99872667 
519 218 48 59 0.99463695 
400 152 42 61 0.97950774 
270 189 49 57 0.8959848 
661 186 43 54 0.62423766 
933 226 30 43 0.6069585 
-1 181 35 53 0.4855841 
992 549 31 60 0.10603033 
933 197 10 14 0.055197444 
574 407 28 32 0.052321654 
906 204 49 62 0.032164525 
351 357 11 13 0.026275797 
432 462 29 34 0.025919827 
472 452 13 14 0.024509756 
585 382 34 32 0.02422565 
508 445 10 13 0.02386508 
462 424 49 58 0.023370318 
438 447 32 34 0.021467598 
924 205 28 37 0.020505562 
