10_People_Marching_People_Marching_2_239
62
351 223 66 83 0.9976611 
518 355 45 53 0.9746108 
978 405 41 50 0.9693484 
839 237 70 84 0.9429053 
63 408 43 47 0.8255349 
962 172 31 41 0.61105543 
934 361 40 49 0.39076006 
467 250 12 18 0.17095037 
91 482 45 57 0.12612337 
964 160 28 31 0.10464032 
246 436 22 28 0.10265507 
212 352 57 67 0.0948606 
464 245 12 17 0.066377036 
9 442 28 32 0.06035052 
432 236 12 17 0.060247358 
486 345 16 20 0.056136135 
799 245 29 33 0.055534672 
207 303 79 106 0.05162399 
347 657 25 27 0.050205473 
301 642 28 34 0.040176425 
566 265 24 29 0.038747687 
505 126 379 467 0.037385445 
15 463 34 37 0.034686927 
606 216 215 318 0.03302362 
256 516 11 15 0.03204925 
179 578 32 35 0.03127447 
261 501 11 15 0.030512648 
425 198 10 12 0.030084386 
228 515 13 16 0.0297725 
170 338 14 19 0.029733865 
0 505 13 23 0.029483104 
244 453 16 19 0.029255817 
562 363 45 57 0.029045055 
513 292 16 19 0.028056832 
165 331 25 33 0.027235474 
38 519 23 29 0.02720891 
589 359 89 140 0.02686931 
336 643 22 26 0.026602076 
969 566 57 76 0.025767213 
465 191 10 12 0.025320735 
4 450 14 19 0.025122894 
315 640 25 32 0.024201045 
969 181 19 25 0.024178147 
950 581 34 30 0.02407742 
337 246 33 56 0.024046525 
692 62 93 105 0.023793155 
575 382 44 62 0.023591064 
34 501 23 30 0.02311815 
475 340 23 30 0.022796867 
179 440 25 30 0.022698391 
167 8 8 9 0.022682974 
210 594 19 22 0.022657776 
615 450 11 14 0.022413898 
299 655 18 22 0.022208435 
182 483 26 36 0.021408504 
86 71 11 14 0.021221412 
526 244 12 15 0.02118813 
460 236 15 20 0.021059014 
434 111 21 26 0.021040464 
508 53 28 32 0.020477688 
22 446 28 30 0.02027955 
191 1 9 9 0.020004833 
