10_People_Marching_People_Marching_10_People_Marching_People_Marching_10_69
2647
733 416 14 18 0.9968252 
236 354 14 20 0.994659 
652 457 18 22 0.9939176 
491 546 17 21 0.9918726 
210 607 18 23 0.9909819 
841 476 16 22 0.98964185 
395 502 17 22 0.9893995 
875 648 22 28 0.98934937 
745 574 21 26 0.9886457 
476 561 15 21 0.98689806 
883 443 16 22 0.986315 
251 406 14 18 0.98573273 
358 534 17 22 0.9854116 
869 543 18 21 0.9851142 
181 163 11 14 0.98385227 
161 513 17 22 0.98213 
537 377 15 18 0.9819478 
5 611 22 27 0.98168683 
881 578 19 24 0.98050654 
960 630 21 28 0.98038715 
535 467 18 21 0.97951573 
426 451 14 17 0.9792397 
628 371 13 17 0.9783142 
49 593 21 26 0.9776714 
502 433 16 21 0.9774189 
181 446 19 23 0.97653884 
682 419 14 17 0.97634345 
563 535 17 23 0.97625774 
774 357 12 15 0.9761618 
794 543 18 22 0.9755356 
99 565 18 25 0.9755284 
484 269 10 13 0.97552353 
932 446 16 21 0.97517765 
358 456 18 21 0.9723034 
169 489 17 22 0.9695774 
513 565 17 21 0.9693508 
716 539 21 27 0.96934223 
876 394 14 17 0.9686118 
709 304 13 16 0.9685347 
223 519 15 19 0.9658602 
931 577 20 24 0.96560407 
164 558 19 24 0.9649831 
821 370 13 16 0.9643628 
381 411 14 16 0.96373117 
119 619 19 23 0.9636893 
424 491 17 21 0.96339124 
359 627 22 29 0.9633521 
677 252 12 15 0.9625406 
563 372 13 17 0.9624249 
995 526 18 22 0.9620138 
608 554 18 24 0.9594802 
302 604 18 23 0.95851356 
691 274 13 16 0.9568164 
440 475 16 19 0.9565748 
436 294 11 14 0.9549521 
504 495 16 21 0.953595 
366 498 18 22 0.9528086 
381 351 14 17 0.95210105 
197 188 12 15 0.9516706 
470 502 16 20 0.9505121 
885 481 19 23 0.9488855 
998 597 15 20 0.9487222 
767 444 15 20 0.9482942 
622 280 13 16 0.94820166 
644 578 19 24 0.94668776 
179 654 19 24 0.9464587 
391 595 21 24 0.94636655 
143 227 13 16 0.9450196 
950 475 18 21 0.94436294 
107 251 13 18 0.9424622 
428 658 21 26 0.9412564 
232 549 18 21 0.9410391 
600 659 21 25 0.9386021 
661 263 11 14 0.9385982 
259 637 16 21 0.9361035 
754 618 21 26 0.9352935 
631 494 17 22 0.9331332 
467 299 13 16 0.9323618 
978 602 20 24 0.928244 
652 346 13 17 0.92785305 
688 659 22 27 0.9236738 
595 332 12 16 0.9236083 
695 482 20 25 0.9214544 
764 651 17 21 0.92127556 
461 215 11 13 0.9211305 
840 613 20 26 0.92111754 
173 135 10 13 0.9201392 
779 502 16 19 0.9173385 
220 109 12 15 0.91569835 
806 399 13 17 0.9155881 
726 501 18 22 0.9152276 
449 271 9 13 0.9152016 
295 458 17 20 0.914829 
484 312 11 14 0.9147237 
628 328 13 16 0.91300744 
87 510 19 24 0.9112613 
686 389 13 16 0.90660614 
448 370 17 20 0.9054141 
108 218 14 16 0.90529174 
559 318 12 16 0.90512353 
218 659 17 24 0.90317744 
791 380 13 16 0.9029398 
91 243 12 16 0.8994829 
300 422 14 18 0.8988142 
734 312 12 15 0.8974582 
718 357 13 17 0.89545804 
600 310 11 15 0.8945669 
156 414 15 19 0.89456254 
227 487 14 19 0.8932419 
533 611 19 25 0.89275396 
567 267 11 14 0.88874084 
403 576 18 23 0.8850328 
541 542 16 18 0.88176197 
272 566 18 21 0.8806276 
318 548 17 21 0.87866855 
759 506 16 20 0.87696564 
452 326 11 15 0.87551504 
744 393 12 17 0.87415934 
305 500 21 26 0.871607 
584 627 18 22 0.86905456 
550 580 16 18 0.8688249 
456 466 15 18 0.8674775 
577 493 15 19 0.86218303 
588 446 14 19 0.8596542 
97 194 12 16 0.8565003 
129 478 16 20 0.850543 
817 528 15 19 0.84542483 
716 215 9 11 0.84135026 
720 386 13 16 0.84094954 
566 460 14 19 0.83980155 
404 163 12 15 0.8391567 
687 327 13 17 0.8363319 
0 658 20 29 0.8356241 
163 179 13 16 0.83221805 
439 618 21 23 0.8305265 
714 181 8 11 0.8249874 
725 474 15 19 0.82420504 
292 109 9 12 0.8236683 
401 527 16 19 0.8224854 
615 265 12 14 0.82216454 
505 672 22 25 0.8183027 
785 408 14 17 0.8166397 
567 301 10 12 0.8147472 
639 311 12 15 0.81434566 
846 418 13 17 0.80728287 
320 192 11 15 0.80647296 
739 329 12 15 0.80457234 
428 314 12 15 0.8001768 
890 632 19 23 0.7959849 
298 198 12 16 0.79435873 
597 508 17 20 0.79383636 
918 545 22 26 0.7935444 
628 419 14 20 0.79315907 
53 561 14 17 0.7872863 
979 335 13 17 0.7813663 
285 663 16 22 0.7766551 
188 129 12 15 0.77660316 
520 166 8 11 0.77040505 
380 384 14 17 0.7587843 
462 277 11 14 0.75763685 
645 102 12 15 0.74665976 
579 349 12 15 0.7424554 
428 168 10 13 0.7346639 
132 178 14 16 0.73314387 
195 214 13 16 0.73243415 
332 611 19 24 0.72682816 
909 470 12 17 0.7262618 
660 230 8 11 0.7256478 
580 255 10 13 0.7217648 
397 111 9 12 0.71935534 
706 341 12 14 0.7163259 
75 226 13 15 0.7140579 
303 480 14 18 0.7130015 
886 327 12 15 0.712677 
164 208 13 15 0.7114424 
659 290 11 14 0.69167364 
613 210 11 14 0.6902898 
422 120 8 11 0.689079 
456 245 9 12 0.6884537 
314 672 23 26 0.68818927 
117 197 12 15 0.68126416 
296 175 10 12 0.6757221 
115 333 15 18 0.673356 
718 447 14 17 0.6720255 
465 410 15 17 0.66920966 
311 149 10 13 0.66639006 
200 134 12 15 0.6660095 
111 106 10 13 0.6653674 
294 159 10 12 0.65740335 
485 348 12 15 0.6559037 
660 307 11 14 0.6543919 
332 128 9 11 0.65345496 
512 239 9 13 0.64406055 
686 228 9 12 0.6397894 
272 197 10 13 0.63266736 
437 129 9 11 0.63155603 
93 485 15 18 0.6262676 
638 192 10 14 0.6246695 
469 190 9 12 0.62457955 
492 188 10 13 0.62171245 
133 130 11 13 0.6193993 
271 86 10 12 0.61506426 
409 191 10 13 0.613362 
786 142 8 11 0.6087695 
584 140 8 10 0.60283095 
605 191 9 11 0.59273887 
239 53 8 10 0.5909712 
494 144 7 10 0.5899731 
374 179 11 15 0.5894128 
580 286 11 12 0.58928585 
212 163 10 14 0.58524376 
527 207 9 10 0.5835311 
825 572 16 20 0.5831908 
458 180 8 11 0.58010495 
131 154 11 15 0.5758287 
680 216 9 11 0.57579654 
94 640 22 27 0.5755933 
696 244 10 11 0.5702917 
804 572 12 17 0.5689339 
951 306 13 16 0.56610644 
497 159 9 12 0.56608987 
440 251 9 12 0.55471283 
433 533 13 17 0.55201286 
703 164 9 11 0.54958194 
737 142 10 13 0.5451699 
328 358 10 14 0.5419153 
385 197 11 13 0.53859264 
549 630 16 20 0.53851545 
235 140 8 11 0.53461164 
148 145 11 14 0.53286964 
115 508 16 21 0.5310535 
244 611 16 19 0.5310272 
136 193 13 16 0.5289328 
204 88 11 13 0.5247924 
578 112 8 11 0.5227898 
463 117 8 10 0.5219157 
158 112 9 12 0.52077544 
720 70 8 10 0.5187886 
632 246 11 13 0.5129732 
689 151 10 13 0.51273036 
446 190 8 10 0.51195353 
588 230 11 13 0.5116714 
312 94 9 11 0.5108111 
469 266 11 13 0.50991684 
606 243 10 12 0.5080003 
618 127 8 10 0.5018163 
267 468 13 16 0.4931458 
502 635 16 18 0.49254122 
780 104 8 11 0.49234122 
759 116 9 11 0.48439306 
647 37 8 11 0.4843559 
417 143 9 13 0.48073158 
99 149 11 14 0.47990724 
382 72 9 11 0.47925386 
135 663 23 26 0.47797886 
325 164 9 13 0.47727883 
270 112 9 12 0.47519943 
472 159 9 12 0.4729642 
727 52 9 11 0.46972093 
103 315 14 18 0.4685624 
604 80 9 12 0.4656452 
700 125 11 14 0.46496826 
592 171 10 12 0.46166664 
533 194 11 12 0.4591811 
497 221 10 12 0.4545505 
74 191 12 15 0.44649935 
300 533 13 18 0.44529295 
307 169 11 15 0.4445508 
615 133 9 11 0.44351876 
1002 202 13 16 0.44216993 
269 416 13 17 0.43917078 
327 469 13 16 0.43496287 
711 451 14 17 0.42944625 
160 225 13 15 0.42587867 
164 150 11 13 0.42586315 
472 102 7 10 0.42521182 
681 191 9 12 0.42311347 
402 72 6 8 0.4230191 
819 437 14 18 0.41344735 
405 675 21 24 0.41230553 
346 119 9 11 0.4121248 
502 388 11 14 0.4108986 
546 111 8 10 0.4106692 
424 345 12 16 0.41057593 
760 109 11 14 0.40952665 
860 361 12 16 0.4030362 
692 302 10 14 0.40059188 
345 162 11 14 0.3965217 
245 116 10 12 0.39433977 
639 143 9 11 0.3941955 
496 284 9 12 0.39367068 
701 596 17 19 0.39365092 
586 95 8 10 0.3905175 
157 84 9 12 0.39010885 
689 177 9 11 0.38673216 
939 410 15 19 0.3842589 
198 72 9 11 0.3826141 
119 235 14 17 0.3824904 
554 658 14 18 0.379821 
680 220 9 12 0.37071827 
324 188 11 14 0.36937496 
265 128 10 12 0.3687433 
228 185 11 15 0.36851412 
230 46 8 12 0.36743665 
264 87 9 11 0.36697105 
437 224 8 11 0.36409092 
145 96 8 10 0.3582379 
59 198 12 14 0.35761443 
368 126 7 10 0.35394067 
265 183 10 12 0.3516905 
530 158 8 11 0.35093105 
820 672 21 24 0.34826612 
455 101 7 10 0.34692752 
749 93 9 11 0.34662366 
392 93 6 9 0.34622592 
612 357 13 16 0.34499252 
233 87 11 13 0.34320995 
551 428 15 18 0.33965686 
349 124 9 11 0.33952293 
646 133 8 10 0.3395129 
474 142 8 11 0.33879006 
597 154 10 12 0.33687454 
333 101 8 11 0.33652848 
327 183 10 13 0.3356579 
624 225 10 13 0.3338746 
716 242 11 14 0.3336399 
431 79 8 10 0.33333793 
623 175 9 11 0.33071926 
442 116 9 11 0.32938918 
287 405 11 15 0.32875037 
241 119 10 11 0.32716167 
583 9 10 11 0.32696828 
672 157 8 11 0.3250927 
703 108 8 10 0.32392493 
245 70 8 12 0.32232544 
376 102 8 11 0.32154837 
340 374 11 15 0.32082573 
386 385 14 17 0.31938872 
557 80 9 11 0.31730682 
566 581 13 17 0.3149418 
479 364 12 15 0.31235823 
121 144 9 12 0.30945045 
501 78 8 11 0.30803284 
700 640 12 14 0.30689707 
287 80 7 9 0.3062281 
817 344 10 12 0.30289012 
290 135 9 12 0.30160192 
280 183 12 14 0.30156028 
215 32 6 8 0.30151343 
181 72 9 12 0.29860994 
407 97 8 10 0.29801947 
185 100 9 12 0.2979937 
348 158 10 14 0.29751092 
289 350 8 10 0.2959941 
217 7 7 9 0.29466623 
194 60 8 11 0.2945166 
108 282 13 17 0.29215205 
608 152 8 11 0.2914879 
573 597 16 19 0.28993708 
761 78 10 11 0.28557333 
458 593 15 20 0.284637 
647 183 9 12 0.28462103 
244 181 10 13 0.28350487 
461 159 9 12 0.28164083 
137 112 8 10 0.28152883 
536 447 11 14 0.279272 
452 198 10 12 0.27598855 
863 316 11 14 0.27562213 
263 147 10 12 0.2694415 
552 263 9 11 0.26786414 
328 96 8 10 0.26765516 
142 67 8 11 0.265514 
713 237 10 14 0.26447707 
743 359 12 15 0.26375797 
398 34 8 9 0.26106846 
504 120 7 9 0.26080692 
615 165 8 10 0.26047078 
194 32 7 9 0.2593161 
741 75 9 11 0.2582924 
645 331 13 16 0.25630924 
578 326 12 15 0.2558154 
673 395 11 14 0.25325727 
655 183 10 12 0.25176868 
592 207 10 12 0.25173697 
845 367 9 12 0.25069442 
988 596 18 25 0.24959992 
912 573 13 18 0.2473298 
520 113 9 10 0.24700978 
957 511 15 18 0.24688697 
389 211 12 14 0.24538808 
455 95 7 10 0.24528888 
596 294 10 13 0.24494167 
525 113 8 9 0.24472523 
653 276 10 13 0.24325852 
365 56 8 10 0.24068719 
418 123 9 12 0.2390673 
393 49 7 8 0.23818167 
197 115 10 12 0.23804033 
567 142 8 10 0.23794809 
593 152 10 12 0.23748952 
217 196 10 13 0.237217 
151 58 8 9 0.23709013 
280 155 9 12 0.2367896 
107 466 14 17 0.23550211 
777 311 11 13 0.23512644 
377 147 9 12 0.23448884 
75 269 13 17 0.23403077 
342 585 16 19 0.23400429 
645 549 16 20 0.23336823 
501 215 8 11 0.23301998 
215 71 9 11 0.23301119 
395 584 20 25 0.2329646 
166 109 9 11 0.23184453 
607 117 8 11 0.2298555 
566 135 7 10 0.22971852 
360 435 14 18 0.22903888 
480 79 8 10 0.22873273 
641 31 8 11 0.22817434 
544 135 8 11 0.2275494 
505 269 10 12 0.22741629 
318 127 8 11 0.22489373 
174 627 14 18 0.22475405 
412 417 14 17 0.22271158 
327 16 8 10 0.22254714 
642 135 8 11 0.22234353 
531 333 14 16 0.2223418 
406 412 13 18 0.21971528 
821 584 18 21 0.21935265 
833 332 10 13 0.21844871 
598 287 9 11 0.21419325 
128 150 10 15 0.21381265 
336 36 8 11 0.21339417 
334 548 13 17 0.21194635 
593 297 10 13 0.21190584 
486 673 18 22 0.21168719 
665 148 9 11 0.21004088 
337 380 10 13 0.2091383 
239 9 7 8 0.20571049 
369 95 7 9 0.20552847 
318 389 14 17 0.2053341 
508 254 9 11 0.20518067 
620 356 12 16 0.20394588 
753 375 10 13 0.20298812 
821 162 10 13 0.20273484 
398 128 7 9 0.20182818 
246 112 10 11 0.20125908 
749 0 12 12 0.20053124 
894 133 9 10 0.20043573 
126 81 8 11 0.20010415 
346 53 8 10 0.19845548 
613 140 9 12 0.19297473 
240 172 10 13 0.19189669 
940 330 15 18 0.19187021 
209 16 8 10 0.19179335 
224 175 9 11 0.19145645 
117 191 10 13 0.19049942 
304 123 9 12 0.19046184 
520 285 10 13 0.1894331 
473 135 7 9 0.1887393 
713 233 8 10 0.18864062 
509 283 9 12 0.1885365 
222 103 12 15 0.18745774 
143 128 9 11 0.18378825 
217 352 10 12 0.1837825 
419 146 11 14 0.18364799 
505 263 8 11 0.18165874 
958 552 15 21 0.17999445 
598 131 9 12 0.1796759 
132 321 13 19 0.17584027 
525 145 8 9 0.17510757 
236 413 10 14 0.17471318 
625 309 10 12 0.17470671 
866 134 9 12 0.17429283 
208 234 12 15 0.17351642 
231 25 7 9 0.17349097 
88 79 9 12 0.17299673 
713 48 7 11 0.17256406 
661 224 9 12 0.17227623 
351 207 10 14 0.17224321 
447 79 8 9 0.17201549 
263 46 7 10 0.17151341 
222 69 9 12 0.17067237 
550 135 8 11 0.17065454 
368 41 8 9 0.16925201 
511 118 7 9 0.1670358 
596 212 9 12 0.16655567 
615 28 8 11 0.16604097 
624 454 12 15 0.16550821 
461 182 9 11 0.16534743 
312 125 9 12 0.16507094 
318 94 8 10 0.1642438 
863 409 12 16 0.16404009 
271 216 10 12 0.16395713 
545 151 7 9 0.1627806 
316 227 14 16 0.16233274 
293 104 10 11 0.16209865 
287 47 8 9 0.16200528 
449 195 9 12 0.16171846 
264 116 10 13 0.16127719 
687 52 9 11 0.15903206 
763 389 11 14 0.15860038 
543 216 9 12 0.15822425 
649 68 10 12 0.15797813 
294 64 6 8 0.15760541 
409 56 7 9 0.15749593 
379 335 11 12 0.1574641 
272 173 8 11 0.15700705 
542 335 13 16 0.15666677 
586 235 10 12 0.15607992 
764 334 10 12 0.15440844 
241 155 9 12 0.15410598 
561 127 8 10 0.15375666 
553 174 8 10 0.15339191 
384 203 12 18 0.1532072 
636 250 10 13 0.15293853 
530 192 9 12 0.1523787 
223 458 12 14 0.15064928 
384 47 7 9 0.14998299 
208 170 11 13 0.1491611 
628 227 10 12 0.14890562 
581 292 10 13 0.14855307 
279 56 7 10 0.14791787 
672 1 12 12 0.1472975 
568 15 7 9 0.14721349 
725 293 11 14 0.1471321 
463 272 11 13 0.14666858 
513 87 7 9 0.14640641 
438 97 9 11 0.14613877 
240 150 9 12 0.14490125 
358 110 9 11 0.14481065 
511 143 8 10 0.14466414 
349 103 8 10 0.14451933 
638 55 8 10 0.14348608 
504 208 7 10 0.14325221 
96 119 9 12 0.14317873 
167 81 8 10 0.14199653 
582 185 8 10 0.14195187 
646 188 10 13 0.14141405 
614 101 9 11 0.14131774 
962 395 14 18 0.14090428 
509 382 11 15 0.14023553 
433 102 8 10 0.14018315 
647 441 15 18 0.14014383 
775 151 8 11 0.14014235 
394 128 7 9 0.13999656 
521 145 7 10 0.13997087 
96 594 13 18 0.13897522 
702 396 11 14 0.1385071 
551 419 15 18 0.13848677 
510 348 10 13 0.13829795 
486 127 8 9 0.13808002 
182 7 7 9 0.13778868 
601 111 8 10 0.13768695 
368 173 9 12 0.13740082 
952 668 22 27 0.13718452 
385 417 14 16 0.13672891 
471 111 8 10 0.13670985 
896 524 12 15 0.13615711 
119 595 15 19 0.13613316 
584 100 9 11 0.13549119 
289 62 8 10 0.13544573 
513 113 7 9 0.1345867 
274 608 15 18 0.134289 
686 124 9 11 0.13418481 
185 230 12 15 0.1335332 
196 421 14 17 0.13351965 
194 70 8 11 0.13259737 
148 223 13 16 0.13250206 
892 332 11 15 0.13224001 
308 396 11 13 0.13167922 
405 477 13 17 0.13164727 
701 264 9 11 0.13045272 
589 554 16 19 0.13035125 
553 83 9 11 0.13022798 
527 151 8 10 0.13009158 
224 95 8 11 0.13000546 
262 40 8 11 0.1298556 
247 37 7 9 0.12964338 
724 269 10 13 0.12893455 
367 167 9 11 0.12847285 
153 39 8 11 0.1283179 
543 141 8 10 0.12808445 
800 317 10 12 0.12759094 
596 588 14 17 0.12751555 
910 164 15 19 0.12739226 
923 642 12 15 0.12703215 
277 533 14 18 0.1265721 
717 174 9 12 0.12654637 
544 105 8 9 0.12645376 
854 148 11 13 0.1254925 
336 450 16 19 0.12451859 
271 81 7 9 0.12432077 
360 93 7 10 0.12420001 
182 369 15 17 0.124185614 
196 55 9 11 0.123718895 
534 89 8 10 0.12340388 
320 55 7 8 0.12321418 
712 53 8 11 0.12318898 
285 204 10 12 0.12279731 
255 142 10 12 0.121334285 
626 460 15 18 0.1212771 
495 413 13 16 0.12125096 
607 399 13 15 0.12035143 
602 195 9 12 0.120310195 
669 151 8 11 0.12004538 
304 56 7 9 0.1198879 
656 269 10 13 0.11951343 
607 283 11 14 0.1192066 
678 390 11 15 0.118924454 
273 60 8 10 0.11863842 
383 118 8 10 0.11844879 
169 31 7 9 0.11763028 
305 424 15 18 0.11750097 
407 72 7 8 0.11704161 
397 212 12 14 0.1166701 
210 587 14 17 0.11664241 
692 155 10 13 0.11655462 
762 576 15 20 0.11653223 
368 45 8 10 0.11648818 
218 64 8 10 0.11486747 
255 63 8 10 0.114781015 
230 228 12 14 0.11467117 
258 39 8 10 0.11420707 
551 153 8 10 0.11399143 
707 346 13 15 0.113923594 
530 94 7 9 0.11392183 
656 161 9 11 0.113872595 
464 592 20 25 0.11358622 
249 22 7 9 0.11341475 
440 436 12 17 0.11321616 
424 31 7 9 0.1132068 
182 48 8 10 0.1129676 
698 29 9 10 0.11256244 
738 72 9 11 0.112415835 
904 356 13 18 0.11239643 
154 80 8 10 0.11191049 
1008 185 12 15 0.11179704 
881 531 15 18 0.11174312 
264 462 12 16 0.111119725 
526 285 10 14 0.11089118 
1002 563 18 21 0.11076031 
349 49 8 11 0.11062761 
690 308 10 12 0.11040351 
645 33 9 11 0.11029067 
208 38 8 9 0.11022712 
440 42 7 9 0.10985284 
263 54 7 9 0.109826036 
443 252 11 13 0.109359145 
380 143 9 12 0.10929173 
502 136 8 10 0.10916149 
100 126 9 12 0.10907799 
296 93 9 11 0.10900239 
546 115 8 11 0.10861465 
486 72 8 9 0.10848808 
480 95 7 9 0.1084803 
18 576 16 20 0.10834626 
376 118 9 11 0.1076444 
623 315 12 15 0.107373334 
160 156 11 13 0.107365206 
596 302 12 15 0.10736444 
649 85 9 11 0.10731198 
497 110 7 9 0.10727713 
320 33 6 9 0.107112974 
601 30 8 10 0.10678611 
456 163 10 11 0.10659574 
439 63 7 9 0.10647113 
480 86 7 9 0.106050804 
444 185 9 10 0.10593345 
589 134 9 12 0.10588232 
413 195 9 12 0.10556214 
478 475 12 16 0.10556041 
893 338 11 15 0.105317645 
404 371 11 15 0.104900956 
344 112 9 10 0.104795136 
561 134 8 10 0.10471501 
287 139 10 12 0.104503386 
182 23 8 10 0.10422025 
705 84 8 11 0.10377428 
576 502 14 19 0.10305677 
634 424 14 17 0.10295364 
159 41 8 9 0.102857955 
566 127 8 9 0.10134901 
311 120 9 11 0.10133591 
370 512 14 18 0.101252876 
279 61 8 10 0.100987755 
130 127 10 13 0.10089073 
759 520 14 20 0.100745946 
481 244 9 11 0.10061843 
183 186 12 15 0.10042738 
413 666 23 28 0.10001047 
757 380 12 15 0.0995194 
583 361 12 16 0.09939808 
211 436 14 18 0.09933807 
797 377 8 11 0.098796785 
465 426 14 17 0.09821027 
402 159 11 13 0.09811679 
142 79 8 10 0.097995974 
632 45 9 11 0.09768143 
272 39 8 10 0.09682374 
505 277 11 15 0.09679423 
180 384 15 18 0.096790805 
177 78 8 10 0.096661 
730 314 11 14 0.09656064 
614 381 12 14 0.09630738 
795 385 13 16 0.09604905 
351 95 7 10 0.096013665 
466 47 7 9 0.09598081 
696 118 9 11 0.09597016 
399 366 13 16 0.09590101 
389 469 13 17 0.09589465 
575 292 10 14 0.09580002 
311 61 7 9 0.0954146 
516 317 10 13 0.09530462 
974 521 13 16 0.09510218 
393 16 7 9 0.09491991 
661 93 9 11 0.094639204 
716 233 10 11 0.09453741 
178 48 8 9 0.09431478 
589 142 8 10 0.09425713 
639 158 8 11 0.09416352 
416 425 12 16 0.09414167 
135 203 12 16 0.0941128 
270 191 11 14 0.09407665 
234 52 8 11 0.094020076 
286 23 9 10 0.09401436 
407 330 14 16 0.09377124 
725 261 10 13 0.09336916 
223 150 10 13 0.0932956 
504 94 7 9 0.09320602 
252 205 10 13 0.093126155 
404 213 9 12 0.09244893 
182 39 7 9 0.092190415 
981 328 20 24 0.092167035 
769 413 11 15 0.0918661 
606 112 9 11 0.091449626 
473 97 7 10 0.091366656 
724 275 11 13 0.09079011 
569 21 9 10 0.090562336 
151 133 8 10 0.09020281 
234 8 7 9 0.0901301 
890 133 9 11 0.09009988 
750 88 8 11 0.09002865 
177 38 8 9 0.0899587 
470 47 7 9 0.089917034 
543 437 13 16 0.089689545 
555 573 14 18 0.08957583 
679 139 10 12 0.08938374 
494 149 9 10 0.08889885 
494 246 9 11 0.08887327 
213 75 10 12 0.08879591 
465 71 6 8 0.08860966 
559 111 7 9 0.08841945 
86 646 24 28 0.08827758 
277 175 9 11 0.08807609 
338 7 6 8 0.08800701 
660 183 9 12 0.087938316 
175 119 9 11 0.08792872 
213 15 9 11 0.08788867 
478 355 12 16 0.087720916 
276 88 9 11 0.08763484 
192 426 12 15 0.087269016 
752 208 9 12 0.08708165 
122 84 9 10 0.086801365 
367 120 8 11 0.08675398 
590 24 7 10 0.08668797 
765 71 9 11 0.086166814 
263 520 14 18 0.085947886 
548 334 12 14 0.08589083 
473 592 17 21 0.08579238 
464 31 7 9 0.08571182 
313 80 8 10 0.08559657 
168 105 10 12 0.085496284 
311 350 9 11 0.08547604 
198 47 8 10 0.085295565 
228 103 11 14 0.085162826 
122 398 13 15 0.08515447 
695 641 18 22 0.0850803 
158 134 8 10 0.08493063 
249 17 7 9 0.08490486 
645 286 10 13 0.08489989 
720 48 8 10 0.08484127 
551 300 10 13 0.084642 
397 149 9 11 0.08453193 
281 47 7 9 0.08443284 
505 191 7 11 0.08414991 
613 240 10 12 0.08404102 
205 359 9 13 0.08385792 
281 141 9 12 0.083711796 
473 64 8 9 0.0831044 
406 17 7 9 0.08305121 
526 248 8 10 0.082701616 
869 108 12 15 0.082699515 
432 84 8 10 0.08210825 
488 53 7 9 0.08207752 
529 339 11 13 0.08207577 
606 184 8 11 0.08201244 
371 167 12 14 0.0819003 
245 75 9 12 0.081731975 
553 256 9 11 0.08146868 
658 300 12 16 0.08134021 
241 31 7 9 0.080778696 
742 458 13 16 0.080720834 
725 103 9 12 0.080615826 
208 75 9 12 0.08044584 
263 72 7 9 0.0800915 
613 401 12 15 0.07994221 
160 61 8 11 0.07992658 
536 255 9 11 0.07985584 
431 208 8 10 0.07980831 
497 85 9 10 0.07943149 
694 192 8 10 0.07920238 
101 247 14 18 0.07907866 
360 7 7 8 0.07889205 
366 133 8 11 0.07885205 
577 127 7 9 0.078710265 
312 33 7 8 0.07854407 
397 388 11 15 0.0784918 
192 49 9 10 0.07847574 
279 203 11 13 0.078311026 
168 62 8 11 0.07821678 
610 166 8 10 0.07817932 
341 365 11 15 0.078154296 
276 166 10 12 0.07814124 
831 315 9 11 0.07802072 
208 47 8 9 0.077992916 
360 167 8 11 0.077894114 
543 277 9 12 0.0778283 
70 213 11 14 0.07748739 
643 562 22 28 0.07746337 
415 70 7 9 0.07728713 
688 119 9 12 0.07704471 
567 160 7 10 0.07682771 
852 425 14 18 0.07679291 
654 86 9 12 0.0767589 
670 457 12 17 0.07656668 
214 38 7 9 0.0764476 
733 47 9 12 0.076405026 
577 184 8 10 0.076335035 
312 16 7 9 0.07632728 
376 46 7 9 0.07626802 
222 7 7 9 0.076233186 
375 87 8 9 0.076078 
705 302 12 15 0.076025866 
292 349 10 12 0.076003455 
434 229 10 13 0.07588352 
305 351 8 11 0.07582393 
385 166 9 12 0.07576762 
131 470 16 20 0.075688414 
584 88 8 11 0.07567218 
608 63 8 10 0.07540793 
486 48 8 10 0.075342685 
293 345 8 10 0.075185485 
625 62 8 11 0.07501198 
140 176 12 14 0.074986726 
288 113 11 13 0.07492979 
423 24 7 9 0.07467616 
406 567 15 17 0.074646 
280 39 7 10 0.074583516 
351 110 9 11 0.07454317 
661 235 10 12 0.07450942 
974 352 14 16 0.07446344 
342 360 9 12 0.07441105 
175 54 8 11 0.07405199 
282 24 7 9 0.073771335 
351 131 9 12 0.07372791 
244 167 11 14 0.07353735 
242 38 7 9 0.073431775 
322 15 8 10 0.07327659 
575 248 10 13 0.07327172 
415 80 7 9 0.073262885 
573 421 12 15 0.07288715 
591 284 10 13 0.07286833 
236 135 9 13 0.072851256 
503 124 7 9 0.07284653 
691 418 12 17 0.07277966 
497 137 8 9 0.07261939 
858 665 13 18 0.07253122 
679 53 9 11 0.072475776 
168 141 11 14 0.07247146 
286 40 7 9 0.07207718 
690 394 13 15 0.072052255 
96 143 9 12 0.07198074 
583 206 8 11 0.07196349 
464 24 7 9 0.07173127 
134 210 12 15 0.071695924 
729 126 8 10 0.071604095 
764 380 12 15 0.07157531 
701 120 9 12 0.07150279 
702 208 8 10 0.07144384 
258 47 7 9 0.07143144 
649 272 9 12 0.0711205 
353 7 7 8 0.07077351 
473 148 9 12 0.07072777 
697 131 10 13 0.07034452 
153 116 9 10 0.07030703 
432 62 7 9 0.070288226 
537 135 8 10 0.07022158 
238 122 11 13 0.070209116 
908 349 10 14 0.070160426 
641 16 8 10 0.07015676 
141 116 9 11 0.070090875 
265 8 7 9 0.06993092 
110 378 17 21 0.0699035 
438 236 9 12 0.06989366 
671 63 8 9 0.06984739 
179 393 15 19 0.06978784 
657 55 9 10 0.06964113 
188 94 10 12 0.06958006 
350 171 9 11 0.069531046 
488 149 9 11 0.06946453 
908 154 16 20 0.06946428 
295 88 9 11 0.06944239 
143 48 7 10 0.069415785 
712 286 9 13 0.06938253 
1011 599 13 19 0.069267035 
532 346 13 15 0.06900981 
359 118 8 10 0.068940975 
374 96 7 9 0.068927124 
635 412 15 18 0.06889922 
519 48 7 9 0.06882256 
191 150 11 14 0.0687588 
570 585 15 17 0.06872496 
537 261 9 11 0.06867084 
529 89 7 10 0.06862476 
381 104 8 10 0.06855578 
342 33 7 9 0.06853449 
361 351 10 13 0.06835934 
669 268 11 15 0.06822957 
661 87 9 10 0.06820406 
1015 329 10 16 0.06819919 
257 54 7 9 0.06818126 
188 367 12 15 0.06803302 
707 102 9 11 0.0680325 
660 313 12 16 0.067945085 
562 525 16 20 0.06742622 
602 116 8 11 0.06740186 
583 223 10 11 0.06714293 
216 398 10 14 0.06705265 
172 108 9 11 0.06693043 
614 63 9 11 0.066905044 
422 136 9 11 0.066793986 
436 370 13 17 0.0667583 
678 37 9 11 0.06671466 
573 261 10 12 0.06670989 
169 56 8 10 0.066516526 
408 86 8 9 0.06648944 
411 326 13 16 0.06632721 
288 85 8 11 0.06630804 
510 355 11 14 0.06627598 
246 52 8 11 0.06620128 
318 79 7 10 0.06616742 
813 446 16 20 0.06616673 
448 468 18 23 0.06595882 
583 129 7 9 0.065846756 
165 8 7 9 0.06553202 
656 79 9 10 0.0654659 
562 141 8 10 0.06543378 
624 79 8 11 0.06540874 
167 14 7 9 0.065390415 
694 223 8 11 0.06538768 
669 531 14 18 0.06537758 
303 40 7 8 0.06530737 
508 373 12 14 0.06529324 
249 133 10 13 0.065111235 
701 238 8 12 0.065002136 
646 230 9 12 0.06495143 
210 639 16 20 0.064899184 
629 80 9 10 0.06478882 
724 286 10 13 0.06470963 
305 60 8 10 0.06466265 
236 388 10 13 0.06452668 
376 339 12 14 0.06424934 
684 215 8 10 0.064240836 
146 54 7 10 0.064171016 
254 103 9 11 0.064162366 
262 1 7 7 0.064094804 
599 103 8 10 0.06408323 
631 308 11 14 0.06404139 
611 150 10 12 0.06395305 
979 455 14 18 0.063875146 
481 72 8 10 0.06369122 
447 73 7 9 0.06361942 
196 412 14 16 0.06342328 
653 63 9 11 0.063349865 
328 143 10 12 0.06330053 
674 442 15 18 0.06329861 
935 403 16 21 0.06323132 
545 617 16 21 0.063224055 
525 253 9 12 0.06321863 
116 298 12 15 0.06302516 
573 173 9 11 0.06289148 
569 119 7 10 0.06281865 
686 246 9 12 0.06281724 
449 55 6 8 0.06272087 
83 443 13 16 0.06272028 
312 88 9 11 0.06267258 
645 22 8 9 0.06264495 
446 403 15 17 0.062544435 
607 30 8 10 0.06251629 
227 238 16 19 0.062508434 
244 233 15 18 0.062468518 
193 2 6 7 0.062434874 
102 132 9 11 0.062358156 
894 426 13 17 0.06235434 
495 175 8 10 0.06218343 
679 468 13 16 0.062144984 
376 17 6 9 0.062084757 
527 435 12 15 0.062033474 
819 431 12 16 0.06202837 
288 157 9 12 0.061913934 
264 79 8 10 0.06186194 
622 167 8 10 0.061733685 
433 366 12 16 0.061690602 
416 48 8 9 0.06163608 
221 64 9 11 0.061570533 
213 23 7 9 0.061393652 
200 8 6 8 0.06121339 
519 245 9 11 0.061171662 
303 16 7 9 0.061150424 
503 317 11 14 0.060989406 
433 96 9 11 0.06096382 
263 220 11 14 0.060913242 
642 36 9 12 0.06086704 
693 47 8 11 0.060726266 
679 72 9 11 0.060644858 
503 72 8 10 0.060635637 
885 334 14 19 0.06055204 
448 47 7 9 0.060528405 
661 79 8 10 0.060386296 
325 172 11 13 0.06035662 
724 69 9 11 0.06034473 
982 564 15 20 0.06030421 
216 191 9 13 0.06027276 
384 88 7 9 0.060253456 
623 303 11 13 0.06021952 
482 549 18 26 0.060211785 
718 210 9 11 0.06020781 
164 166 12 15 0.060185913 
341 507 13 18 0.060165357 
552 346 11 16 0.06004713 
737 136 9 12 0.06003933 
746 364 12 14 0.05995955 
265 14 7 9 0.059932612 
336 87 8 9 0.059813417 
448 86 8 10 0.059754826 
336 79 9 10 0.05963923 
410 62 7 9 0.059631836 
805 494 13 16 0.059565376 
659 347 11 16 0.05956261 
557 565 14 17 0.059263032 
502 643 21 25 0.059256062 
784 137 9 12 0.059076924 
535 165 9 11 0.05894837 
613 120 9 11 0.058923535 
477 331 11 14 0.058881704 
558 255 9 11 0.05884771 
593 128 8 11 0.058775265 
243 625 15 20 0.058771204 
697 23 9 11 0.058745164 
582 280 10 13 0.058744166 
458 31 6 8 0.05873597 
376 78 8 9 0.058619887 
375 22 6 9 0.05861986 
319 157 10 13 0.058612328 
608 135 10 12 0.058588292 
161 126 9 12 0.058587834 
188 378 12 16 0.058557615 
727 298 12 14 0.05853951 
989 379 11 15 0.058451615 
908 148 15 17 0.058419943 
518 222 9 11 0.058363788 
425 70 7 9 0.058338296 
597 372 13 18 0.058289256 
401 76 7 10 0.058190286 
721 65 8 10 0.058152456 
719 288 10 12 0.058151443 
424 64 7 9 0.058092937 
559 104 8 10 0.05804143 
726 255 11 13 0.058022026 
518 401 14 17 0.05793157 
253 436 14 17 0.057916995 
302 367 9 11 0.0577094 
275 220 14 17 0.057674758 
511 232 9 11 0.057591625 
800 397 14 17 0.057589218 
519 129 7 8 0.057568707 
296 22 8 9 0.05752378 
493 194 10 12 0.057391685 
596 168 10 12 0.05738934 
909 409 16 18 0.057384815 
456 55 6 9 0.057330914 
578 214 9 10 0.05731954 
624 7 9 10 0.057300862 
512 64 7 9 0.057279136 
447 265 11 13 0.05715233 
486 102 7 9 0.057146817 
345 211 13 16 0.056970853 
818 129 15 17 0.05689767 
615 220 11 13 0.05687013 
335 16 7 9 0.056795392 
203 440 16 20 0.05669671 
217 140 9 11 0.05663507 
510 310 12 14 0.056532137 
227 460 13 15 0.056505207 
686 134 9 12 0.056286123 
343 77 9 11 0.056260392 
645 213 9 11 0.056257278 
94 133 10 13 0.05620113 
883 539 15 18 0.056187145 
553 182 9 11 0.056044143 
560 459 14 18 0.056015234 
70 172 11 16 0.055964835 
537 450 15 18 0.055877503 
737 191 8 10 0.0556227 
598 94 9 11 0.055524115 
563 574 14 18 0.055504013 
106 317 17 22 0.055474166 
225 41 7 8 0.05544442 
728 1 10 9 0.055444404 
601 244 11 13 0.05539384 
1011 301 11 17 0.055187996 
850 413 15 18 0.055172265 
182 31 8 10 0.05515438 
656 233 11 13 0.055104416 
712 388 10 13 0.05494135 
542 168 8 10 0.054884262 
421 405 12 16 0.05483895 
812 570 20 23 0.054753013 
393 131 9 12 0.054635037 
293 140 9 11 0.054626554 
703 213 8 11 0.05459563 
109 173 9 12 0.05456687 
527 347 12 14 0.054502208 
398 48 6 8 0.05449931 
88 134 11 15 0.054444678 
55 525 12 16 0.05430589 
688 164 10 12 0.054297738 
919 531 24 26 0.054061744 
806 317 9 12 0.05379178 
432 57 7 8 0.05376856 
220 204 12 15 0.05375405 
805 391 12 15 0.05375009 
354 658 17 21 0.0535265 
621 411 15 20 0.05352234 
433 235 10 13 0.05339287 
758 427 11 15 0.053386416 
116 103 9 12 0.05298256 
284 151 10 13 0.052941784 
536 221 9 12 0.052935842 
313 132 10 12 0.05292525 
122 197 13 16 0.05291929 
535 236 9 11 0.05283449 
656 254 10 12 0.05282106 
472 129 8 9 0.052815977 
235 229 14 16 0.05280105 
648 78 8 11 0.052750625 
465 262 11 14 0.052721515 
260 437 13 16 0.052689 
287 56 8 9 0.05258642 
349 71 9 11 0.052569795 
512 147 8 11 0.052460354 
319 62 8 9 0.052425865 
644 410 13 16 0.052410565 
159 165 12 14 0.05240039 
149 95 10 11 0.05240002 
517 87 8 9 0.052330825 
761 102 12 14 0.052323226 
581 248 10 13 0.052305218 
687 72 8 10 0.052267656 
590 244 10 12 0.052260686 
231 417 14 17 0.052250784 
706 62 7 10 0.052217767 
854 545 11 16 0.05210509 
498 126 8 9 0.052090507 
696 37 10 12 0.052056998 
663 20 7 10 0.05193517 
173 61 9 11 0.051930927 
239 186 11 13 0.05188738 
513 80 7 9 0.05188182 
778 674 17 20 0.05185924 
398 144 9 11 0.051791724 
176 33 7 9 0.051764097 
590 225 10 12 0.051748898 
544 285 9 13 0.05172175 
652 325 11 14 0.051679295 
458 63 7 8 0.05162197 
662 157 9 12 0.051613968 
642 129 8 10 0.051594105 
1000 395 12 16 0.05155774 
84 657 16 21 0.051541474 
481 265 17 21 0.05150679 
620 403 13 17 0.05145253 
470 117 8 10 0.051449034 
220 366 11 15 0.051442556 
77 173 10 14 0.051398374 
622 364 14 18 0.05133458 
498 420 15 17 0.051290747 
990 455 15 20 0.05124173 
638 46 8 10 0.051228415 
376 108 9 11 0.05122226 
838 386 11 15 0.05121459 
262 491 11 15 0.05110026 
955 659 17 21 0.051064193 
846 179 12 15 0.05093678 
446 266 17 22 0.050880548 
317 119 10 12 0.050809324 
696 110 8 11 0.050806195 
695 79 9 11 0.05078256 
318 112 8 10 0.050736103 
211 221 14 16 0.05070851 
623 252 10 12 0.050636575 
561 120 7 9 0.05063018 
998 339 14 17 0.050629705 
558 388 12 15 0.050618276 
701 413 11 16 0.050461914 
346 96 8 10 0.05036417 
463 209 9 11 0.050327078 
674 451 13 18 0.050255995 
219 402 13 16 0.050171465 
642 106 10 14 0.050142545 
566 246 9 11 0.05006808 
148 101 9 11 0.05004151 
311 57 7 8 0.050003946 
191 184 13 16 0.04995047 
406 183 10 13 0.04989201 
367 382 10 14 0.049853116 
713 151 8 10 0.049842842 
711 269 10 13 0.049804036 
367 109 8 11 0.04975294 
553 169 7 10 0.049677294 
744 214 7 10 0.049657803 
211 33 7 9 0.049648073 
292 221 11 14 0.04962888 
113 212 14 18 0.04957123 
168 278 12 17 0.04948465 
150 129 8 10 0.049390983 
167 361 10 15 0.04927563 
427 78 8 10 0.04926245 
656 16 8 10 0.04922382 
361 172 9 11 0.04916057 
248 65 8 10 0.049113523 
255 32 7 9 0.04908068 
545 292 8 11 0.049060464 
623 199 9 11 0.048885047 
465 394 12 15 0.04871365 
157 142 11 13 0.04862102 
629 175 8 10 0.04861203 
176 86 8 11 0.048571344 
662 245 10 13 0.04855545 
400 104 9 11 0.048552908 
540 197 9 12 0.048494857 
56 452 12 16 0.04849413 
198 166 9 11 0.048416797 
740 336 12 15 0.048323195 
775 325 12 14 0.048316598 
173 103 9 12 0.048286337 
702 600 22 28 0.048274036 
395 32 7 10 0.048259843 
479 134 8 10 0.048240792 
381 135 9 11 0.048218135 
552 238 8 11 0.048117343 
702 252 8 11 0.048038196 
335 344 9 10 0.04800441 
239 13 7 9 0.04797581 
369 102 8 11 0.047933638 
341 37 7 10 0.047918964 
498 120 8 10 0.047904924 
361 40 7 8 0.04787691 
391 343 11 12 0.04786026 
309 336 8 10 0.047779523 
377 7 7 8 0.047771763 
449 320 11 14 0.047668356 
457 25 6 8 0.047645155 
639 238 9 11 0.04762346 
527 174 8 11 0.047578283 
504 141 8 11 0.04754377 
342 17 7 8 0.047476526 
509 191 8 11 0.047442377 
494 62 8 10 0.04741211 
536 173 8 11 0.047393657 
747 357 12 14 0.047229584 
669 143 9 12 0.047204483 
621 131 8 11 0.04713695 
231 78 8 10 0.047113787 
568 165 9 12 0.047058724 
778 360 12 16 0.046938412 
637 303 13 17 0.046938278 
281 30 7 9 0.046831578 
694 3 11 11 0.046792258 
736 126 8 10 0.04678625 
661 256 9 12 0.046770368 
375 288 11 15 0.046656214 
482 587 13 17 0.04665127 
277 111 9 12 0.04664832 
415 55 7 9 0.04659487 
639 290 12 14 0.04652216 
259 87 7 10 0.046510782 
238 24 7 9 0.046481274 
729 477 16 20 0.046296302 
656 47 7 10 0.04626876 
371 22 7 9 0.046246786 
215 458 12 16 0.046225622 
317 349 9 11 0.046067763 
420 387 15 18 0.04601931 
465 78 7 9 0.046001103 
721 262 9 12 0.045938082 
432 16 7 8 0.045885872 
143 87 8 9 0.045878116 
455 89 8 10 0.045798775 
417 6 8 9 0.04579216 
576 7 10 11 0.04578567 
187 384 14 18 0.045783658 
227 26 7 8 0.04577069 
166 69 8 11 0.04575039 
236 235 16 18 0.04570729 
255 17 7 8 0.04558408 
559 166 8 11 0.045581277 
525 30 8 10 0.04557292 
245 151 9 11 0.045540944 
690 382 12 16 0.04549847 
686 207 8 10 0.04547826 
233 13 7 9 0.04542296 
733 302 11 14 0.04541302 
432 31 6 8 0.045410942 
374 41 7 9 0.045393042 
392 143 9 12 0.045368746 
327 49 6 9 0.04536367 
835 548 13 18 0.045181 
333 386 12 14 0.045112547 
270 9 7 9 0.04509107 
575 69 8 10 0.045037717 
642 184 9 11 0.044980165 
598 551 20 25 0.0449391 
377 326 9 12 0.04488859 
868 163 10 13 0.04486523 
418 23 7 9 0.044778258 
504 310 10 13 0.04474769 
558 151 8 10 0.044732984 
13 570 16 19 0.04467269 
152 551 24 27 0.04466006 
714 301 12 16 0.044617783 
214 47 7 9 0.044615153 
697 214 8 11 0.044611994 
894 308 14 16 0.044560045 
158 57 8 10 0.044557247 
327 119 9 11 0.0445272 
323 220 11 13 0.044480573 
385 24 7 9 0.044479784 
322 7 7 8 0.04447737 
207 659 16 20 0.044464093 
455 670 19 26 0.04443052 
687 195 9 11 0.04437738 
128 175 12 15 0.04434145 
365 585 12 14 0.044245165 
698 418 12 17 0.04421374 
584 200 9 12 0.044174477 
646 223 9 11 0.043942165 
571 454 13 18 0.043888666 
295 16 8 10 0.043879725 
64 313 15 19 0.043784056 
775 332 10 13 0.043757286 
445 113 9 11 0.04373937 
192 111 10 13 0.04372199 
460 211 17 21 0.043676864 
577 342 11 14 0.04364556 
174 128 11 13 0.043632086 
490 64 7 9 0.043630343 
504 111 7 9 0.04360734 
207 53 8 10 0.043551046 
516 323 11 15 0.043545242 
432 213 8 11 0.043543745 
528 79 6 8 0.043532398 
468 461 12 15 0.0434739 
629 214 10 11 0.043293674 
615 256 9 12 0.043279644 
755 118 8 11 0.043202005 
934 334 16 20 0.04319253 
365 428 14 18 0.04305172 
117 477 12 15 0.043015283 
145 23 8 10 0.042977944 
373 126 9 10 0.042955905 
463 65 7 8 0.042814817 
972 609 22 28 0.04279606 
273 32 7 9 0.042768206 
363 60 8 10 0.04273835 
76 199 13 17 0.042717792 
622 206 9 11 0.042669386 
631 63 8 10 0.04262055 
537 103 7 9 0.04259479 
398 474 14 18 0.042560376 
763 83 10 12 0.042547572 
532 286 11 13 0.04251736 
520 161 8 11 0.04249283 
434 47 7 8 0.042430133 
344 62 8 9 0.04241136 
673 71 8 11 0.042405672 
513 224 8 9 0.04236037 
717 471 16 20 0.04231425 
327 342 8 11 0.042307895 
646 95 10 13 0.04217569 
656 92 9 12 0.04216627 
515 166 9 10 0.042162806 
568 223 8 10 0.042145018 
510 332 11 14 0.04210981 
353 23 6 8 0.042030577 
744 208 9 11 0.04201376 
454 229 9 11 0.04196876 
113 252 12 16 0.04195001 
535 127 7 10 0.04191091 
133 390 12 16 0.041902393 
512 39 8 10 0.04188776 
479 342 13 18 0.041876342 
735 357 10 13 0.041837636 
447 41 8 9 0.041756246 
565 264 18 22 0.041720662 
151 23 8 9 0.041643992 
502 54 6 9 0.041608002 
584 298 11 13 0.04157434 
166 127 9 12 0.041565187 
458 117 9 11 0.041540418 
382 172 11 13 0.041525707 
520 53 8 9 0.04151831 
358 442 18 22 0.041459884 
758 175 7 8 0.041452475 
766 0 11 11 0.04143802 
737 196 9 12 0.041352738 
542 262 8 11 0.041318014 
248 104 9 11 0.041316863 
663 62 8 10 0.041314073 
709 85 8 11 0.041303318 
672 163 9 12 0.04129288 
195 379 14 17 0.041249022 
635 378 12 16 0.04121902 
980 484 12 14 0.041137535 
245 8 8 8 0.041047152 
394 116 8 10 0.041028753 
368 422 12 15 0.040965594 
755 349 12 15 0.04085899 
171 131 17 21 0.04085078 
408 79 7 9 0.040817086 
384 41 6 8 0.04071848 
687 236 10 13 0.040715177 
982 299 10 13 0.040706992 
652 101 11 14 0.04067574 
634 142 9 12 0.040598292 
758 211 9 11 0.040453322 
260 229 12 14 0.0404019 
648 177 8 10 0.04033846 
434 253 8 12 0.040276594 
577 206 10 12 0.040256828 
615 79 9 10 0.040223733 
447 247 10 12 0.040196292 
192 192 12 17 0.040179756 
382 111 8 10 0.04017387 
624 246 10 13 0.040147737 
637 404 14 18 0.040104702 
863 123 12 14 0.040047593 
401 15 7 10 0.04001238 
407 32 6 9 0.03999584 
973 454 14 17 0.039985027 
492 356 11 15 0.03996991 
848 316 9 12 0.039962567 
607 70 9 11 0.039931208 
84 458 14 19 0.039918013 
269 150 9 12 0.0399051 
671 206 9 11 0.03989056 
392 53 8 9 0.039880723 
647 207 9 12 0.039805155 
774 485 12 16 0.03979153 
406 207 10 13 0.039764676 
255 22 6 9 0.03972808 
480 118 7 9 0.03970737 
70 180 12 17 0.039705 
608 101 9 12 0.039557435 
687 146 17 22 0.039543815 
582 386 12 15 0.03949218 
398 132 8 11 0.039449666 
560 159 8 10 0.039437942 
449 95 8 10 0.039391205 
510 293 11 13 0.039366513 
479 56 7 9 0.03933725 
226 77 8 10 0.039300535 
345 171 10 12 0.03926592 
357 413 10 13 0.039237894 
511 70 7 10 0.03923126 
313 111 8 10 0.039115846 
880 388 16 20 0.039099213 
894 345 11 15 0.039061394 
481 128 7 10 0.03905019 
765 301 10 12 0.039041508 
431 179 10 13 0.039011665 
246 125 10 12 0.03893142 
638 61 9 12 0.038918633 
295 152 10 13 0.038862374 
286 221 12 15 0.03881726 
455 204 8 11 0.038796052 
457 110 8 11 0.038774833 
689 60 9 11 0.038764957 
607 252 10 12 0.038739268 
532 430 11 14 0.038700238 
572 436 12 16 0.038661517 
846 359 10 14 0.038604073 
352 414 10 13 0.038595837 
702 525 15 19 0.038590163 
382 301 11 14 0.038583364 
503 24 6 9 0.03853066 
808 312 9 11 0.038528 
382 125 9 11 0.038521733 
367 159 10 13 0.03849374 
497 55 8 9 0.038490433 
606 172 9 12 0.03846593 
671 21 8 10 0.038456373 
1015 417 10 15 0.03843301 
551 246 9 11 0.03842309 
589 99 9 12 0.038418762 
95 654 20 23 0.03840802 
485 303 11 14 0.038406555 
217 112 11 14 0.0383786 
559 295 11 14 0.038326103 
398 436 11 16 0.038289353 
677 159 9 11 0.038221695 
566 0 9 10 0.038212847 
69 532 13 16 0.03817602 
993 323 22 28 0.03816635 
577 142 9 11 0.03813284 
764 294 11 14 0.038129065 
557 175 8 10 0.038097225 
428 356 12 15 0.038028132 
545 530 21 26 0.038026586 
371 428 14 16 0.03799054 
225 31 7 8 0.037981745 
409 50 6 8 0.037912887 
714 71 8 10 0.037900444 
280 405 10 15 0.03789113 
561 246 9 11 0.037805844 
566 239 9 11 0.0377944 
511 93 8 10 0.037789166 
657 20 8 10 0.037784696 
265 23 6 8 0.037783884 
558 182 8 10 0.037719943 
512 127 7 8 0.037665546 
972 623 21 27 0.037640456 
542 270 9 12 0.037534196 
68 496 14 18 0.037523035 
495 254 8 12 0.03750592 
196 156 11 14 0.037497405 
631 240 9 11 0.03747246 
539 604 15 21 0.037398413 
824 316 9 11 0.03738615 
333 665 15 20 0.03737822 
638 387 11 14 0.037322417 
776 303 10 12 0.037279077 
884 148 12 16 0.037263114 
672 31 9 11 0.03725752 
737 395 12 15 0.037212223 
158 90 10 12 0.037199438 
307 493 15 19 0.037147716 
409 142 9 12 0.037131272 
565 616 14 17 0.037127804 
805 409 13 17 0.03711199 
201 15 8 9 0.037102196 
687 294 11 14 0.03703703 
751 435 12 15 0.03696124 
682 183 8 10 0.03693909 
316 143 10 12 0.036842994 
459 317 12 15 0.036774345 
335 109 9 11 0.036753204 
397 380 13 16 0.0367231 
474 55 7 9 0.036714368 
450 101 7 10 0.036700044 
541 347 12 15 0.036638975 
149 181 10 14 0.036636416 
167 39 7 9 0.036623485 
262 472 14 18 0.036604133 
29 227 14 17 0.036591943 
319 343 10 12 0.03652958 
967 340 11 15 0.03650601 
589 371 13 17 0.03637213 
813 317 10 12 0.036355905 
567 8 8 11 0.036351684 
334 350 9 11 0.036329575 
486 96 7 10 0.036326587 
503 29 7 10 0.036274344 
860 107 22 26 0.036269594 
440 23 7 9 0.03625792 
490 165 8 11 0.036230825 
447 5 7 9 0.036162555 
816 92 9 11 0.036160015 
768 175 8 9 0.036135677 
205 239 17 21 0.03599432 
355 642 22 27 0.035907287 
578 105 8 9 0.035906434 
642 21 7 10 0.035883464 
337 56 6 8 0.03587605 
504 323 9 13 0.035813473 
361 135 9 11 0.0357941 
278 213 11 14 0.035780292 
257 146 10 13 0.035771515 
507 661 15 18 0.03567562 
674 54 8 11 0.035664365 
198 128 10 12 0.035618603 
478 191 8 11 0.035616416 
893 356 13 17 0.035598803 
408 135 8 10 0.03558886 
486 134 8 10 0.035541706 
441 15 6 9 0.035526756 
255 109 8 12 0.03551841 
449 204 9 12 0.035483815 
350 152 9 11 0.035451125 
862 138 10 14 0.035442892 
178 159 11 14 0.035403077 
359 3 7 7 0.03540195 
723 350 11 14 0.035386905 
242 554 14 18 0.035363443 
453 275 12 14 0.035349853 
343 86 8 10 0.035294034 
230 406 13 17 0.035293378 
183 53 8 10 0.035281863 
337 2 8 7 0.03527667 
379 374 13 14 0.03527317 
404 437 11 14 0.035227288 
537 62 7 9 0.03521228 
400 96 9 10 0.035191704 
401 189 11 14 0.035182703 
433 288 10 13 0.035145834 
564 79 8 11 0.03514509 
645 196 10 11 0.03508454 
575 317 11 14 0.035037033 
237 460 14 16 0.03501382 
158 24 7 9 0.034989003 
774 62 8 9 0.034947935 
456 409 14 19 0.03492467 
84 182 11 14 0.034921575 
574 168 9 11 0.034898467 
497 105 8 10 0.034848765 
229 175 10 13 0.034801837 
565 426 14 19 0.034790527 
560 196 11 13 0.034775242 
248 200 9 12 0.03473738 
329 108 9 11 0.034692336 
105 93 8 10 0.034667905 
448 239 8 11 0.034638748 
297 55 7 10 0.034633584 
767 340 10 12 0.03462509 
711 158 8 11 0.034597266 
580 318 11 14 0.03458894 
550 95 9 10 0.034563717 
576 221 9 12 0.034475364 
348 374 12 15 0.03445144 
631 109 9 12 0.034451365 
404 389 10 14 0.03441667 
710 60 9 11 0.03437411 
289 16 7 9 0.034361474 
549 103 9 11 0.034342494 
766 64 9 10 0.034313075 
686 317 13 16 0.03431094 
406 336 13 16 0.0343087 
431 110 8 10 0.03430485 
211 653 20 24 0.034281705 
300 234 14 16 0.034224965 
441 70 8 10 0.034214932 
370 79 9 10 0.03418173 
199 24 8 9 0.03413908 
517 310 10 13 0.034121513 
615 96 10 12 0.034118287 
138 64 9 11 0.034111373 
397 544 14 17 0.03409871 
415 64 8 9 0.034080457 
732 1 11 10 0.034033176 
899 341 12 15 0.033968054 
486 6 7 8 0.033954397 
839 413 14 20 0.033943105 
560 231 8 10 0.033856776 
701 293 12 14 0.03382581 
271 408 12 15 0.03372188 
55 227 11 15 0.03368 
136 79 7 10 0.033679675 
412 158 10 12 0.033650547 
696 164 9 11 0.033608384 
236 406 13 16 0.03358538 
723 244 12 14 0.033580836 
343 114 18 23 0.033570465 
381 423 15 17 0.03355796 
580 134 19 25 0.03353081 
796 533 15 18 0.033524808 
353 3 7 8 0.033493206 
546 96 8 9 0.03345353 
788 147 8 12 0.03343785 
689 4 9 11 0.033395458 
634 195 9 12 0.033372346 
396 443 11 14 0.033339575 
498 94 8 9 0.03331512 
465 194 10 13 0.033293348 
261 341 11 13 0.033291128 
145 16 7 8 0.033279516 
717 251 12 14 0.03327111 
192 7 7 9 0.03321158 
287 104 18 22 0.03318133 
255 407 16 23 0.033180017 
665 201 8 10 0.03311815 
623 238 9 12 0.03311175 
322 50 7 8 0.0331098 
658 550 14 21 0.03310465 
585 80 8 10 0.03309069 
656 143 8 11 0.033085477 
199 37 8 10 0.033079397 
332 158 10 13 0.033073287 
194 75 9 12 0.033063 
112 202 14 16 0.033025123 
287 633 13 17 0.03292577 
473 408 13 18 0.032906298 
493 605 11 15 0.032878272 
272 157 9 12 0.032807924 
888 127 9 12 0.032728482 
191 156 11 14 0.032644544 
206 110 9 11 0.032640837 
286 30 8 10 0.032631643 
237 211 12 14 0.032629184 
368 89 8 10 0.032592494 
482 6 8 10 0.032541137 
595 308 11 15 0.03253106 
954 311 14 18 0.032492377 
477 62 8 10 0.032443754 
359 31 6 9 0.03240269 
614 70 10 11 0.032330096 
413 406 13 17 0.032326568 
367 140 9 12 0.032292627 
727 199 8 10 0.032273028 
644 140 11 13 0.032250196 
438 215 8 11 0.03223771 
61 227 10 14 0.032235447 
559 239 9 11 0.032214873 
519 280 9 13 0.03219238 
258 1 7 7 0.032174647 
306 31 6 9 0.032173786 
769 350 11 14 0.032165796 
525 361 14 17 0.032146133 
215 55 8 9 0.032134596 
167 47 7 9 0.032121234 
522 207 8 10 0.032104313 
640 231 10 12 0.032102797 
403 218 12 14 0.03209172 
256 69 8 11 0.032087058 
739 474 13 18 0.03208258 
608 207 19 22 0.032078344 
197 149 11 14 0.03204173 
487 120 7 10 0.032005787 
567 148 9 11 0.031969875 
279 103 8 10 0.031963978 
328 69 8 10 0.031928807 
361 126 9 11 0.03187474 
312 38 7 9 0.031863477 
138 653 17 21 0.031800423 
717 640 17 22 0.031735785 
337 553 15 19 0.031723384 
418 32 7 9 0.03171021 
292 653 15 20 0.03167948 
671 199 8 10 0.03165406 
99 235 13 15 0.03165365 
383 193 18 23 0.03164287 
460 176 10 11 0.031624172 
406 379 9 13 0.031623263 
101 475 15 18 0.03162217 
478 213 9 12 0.031622157 
178 23 7 9 0.031619914 
310 343 10 12 0.0316021 
754 174 8 11 0.03152089 
229 155 11 15 0.03152035 
370 16 6 9 0.03148262 
712 262 9 12 0.031479053 
204 182 12 15 0.031451788 
718 168 9 11 0.03135472 
329 427 11 16 0.031338092 
742 466 13 18 0.031279027 
231 41 7 9 0.03125985 
319 2 8 7 0.03125042 
997 554 17 21 0.031232735 
752 99 11 13 0.03122779 
481 39 7 9 0.031213455 
613 108 10 12 0.031177532 
899 133 11 12 0.031149544 
207 151 10 12 0.03114478 
648 43 9 11 0.031136567 
453 264 10 12 0.031124543 
766 324 12 15 0.031113796 
441 80 8 9 0.031042384 
82 269 13 16 0.031031542 
333 143 9 12 0.030996298 
162 70 8 10 0.03098563 
216 362 11 14 0.030982768 
662 117 10 13 0.030982256 
830 538 13 17 0.030981183 
511 182 8 11 0.030964324 
741 192 9 12 0.030918932 
123 322 17 24 0.030918028 
172 610 15 20 0.030908057 
418 113 18 24 0.030902445 
214 212 12 16 0.030839616 
641 214 8 11 0.030813292 
692 229 10 11 0.030810453 
720 0 9 9 0.030792471 
322 543 17 21 0.030790007 
286 429 12 15 0.030783838 
583 149 8 12 0.030766353 
318 88 8 10 0.030715916 
510 206 8 11 0.030696787 
238 467 14 16 0.030693997 
425 208 8 11 0.030679585 
221 441 12 17 0.030676171 
118 183 10 13 0.03065906 
488 284 10 13 0.03064342 
44 537 14 15 0.030616088 
231 147 11 14 0.030592425 
722 108 9 11 0.030524535 
206 103 10 12 0.030523121 
881 331 14 16 0.030459521 
334 437 14 16 0.030449811 
697 207 8 10 0.030442405 
692 653 17 19 0.030429883 
257 79 8 10 0.0304139 
551 72 8 10 0.030351633 
321 169 9 13 0.030334756 
288 128 9 12 0.030263864 
477 163 9 11 0.030260324 
615 277 13 15 0.030246949 
325 445 11 15 0.030217985 
230 72 8 10 0.030208696 
469 185 10 12 0.030194895 
618 173 8 11 0.030169979 
459 219 9 13 0.030143196 
681 381 11 15 0.030140372 
712 238 20 23 0.030134449 
655 176 9 11 0.030115927 
706 589 18 23 0.030079924 
932 341 25 31 0.030057756 
680 209 8 11 0.029977152 
567 103 8 10 0.029953625 
440 663 16 21 0.029933643 
325 8 7 8 0.029929264 
671 275 11 14 0.029918108 
304 391 11 15 0.029893734 
405 112 8 11 0.0298642 
869 356 12 15 0.029844496 
857 427 14 19 0.029826896 
423 321 13 17 0.02982163 
204 429 13 16 0.029814148 
224 51 9 11 0.02981134 
570 609 16 19 0.029808968 
567 254 10 12 0.029801454 
266 195 11 14 0.029787619 
343 1 6 7 0.029777424 
385 94 7 9 0.029775076 
626 357 11 14 0.029761583 
700 1 11 10 0.02975694 
712 186 9 12 0.029750483 
111 234 12 16 0.029689752 
328 353 10 13 0.02967741 
298 39 6 9 0.029653318 
552 129 7 8 0.029652078 
121 70 7 9 0.029651226 
622 388 12 14 0.02964596 
494 240 10 11 0.029643655 
505 340 11 16 0.02960736 
609 24 8 11 0.029603712 
268 81 18 23 0.029586669 
527 442 14 18 0.029584056 
613 300 11 13 0.02957396 
693 292 12 15 0.029564144 
478 113 8 9 0.029540738 
344 21 6 8 0.02953154 
255 483 13 17 0.029531322 
487 245 9 11 0.029529968 
532 437 13 17 0.029524533 
528 221 8 11 0.029522412 
301 192 11 13 0.029480075 
164 216 18 24 0.029402038 
24 515 11 13 0.029398875 
454 189 9 12 0.029396469 
528 127 7 9 0.029374043 
806 323 11 16 0.029355662 
559 312 12 15 0.029353274 
556 346 13 17 0.02935146 
188 165 10 14 0.029350443 
196 205 14 18 0.029344602 
292 412 13 16 0.029322414 
825 530 15 18 0.029306065 
541 184 9 10 0.02928858 
505 8 8 9 0.02928748 
636 324 12 16 0.029281136 
515 634 14 18 0.029275838 
819 515 16 21 0.029268129 
380 315 12 14 0.029251795 
680 324 12 15 0.029250354 
589 87 8 10 0.02924727 
552 188 9 12 0.029241385 
469 206 9 11 0.02923394 
407 350 10 14 0.02922052 
797 499 14 18 0.029209329 
475 301 11 14 0.029187297 
510 234 17 22 0.02918144 
509 302 12 14 0.029181208 
704 95 10 11 0.029164813 
424 162 17 22 0.02915468 
513 47 7 9 0.029115334 
869 402 12 17 0.029115142 
383 157 10 13 0.029107545 
592 118 8 10 0.029106814 
682 222 18 24 0.029072553 
551 63 9 10 0.02906382 
236 395 12 16 0.02904313 
854 332 10 13 0.028988602 
544 128 7 9 0.028927853 
305 341 9 12 0.028881496 
793 206 9 11 0.0288778 
420 332 13 16 0.028856877 
469 586 15 19 0.028849626 
446 213 9 11 0.028847031 
835 327 11 14 0.028842285 
710 277 10 12 0.02881541 
539 190 9 12 0.028812312 
353 31 7 9 0.028798854 
182 88 8 11 0.028796492 
891 315 14 18 0.02876348 
663 135 9 12 0.028741641 
340 389 12 13 0.028741341 
120 94 9 12 0.02873178 
496 23 7 9 0.028719557 
547 594 14 18 0.028716253 
535 56 8 9 0.028712263 
242 112 8 11 0.028707705 
455 152 9 10 0.028701441 
221 141 9 11 0.028690448 
758 338 11 14 0.028594533 
396 348 12 15 0.02857356 
459 272 19 23 0.028530682 
1014 507 9 14 0.028523177 
374 373 12 14 0.028511273 
471 332 11 14 0.028508158 
354 210 12 15 0.02848582 
302 2 7 8 0.028470075 
708 166 9 11 0.028441302 
394 38 7 8 0.028435599 
693 16 10 10 0.028429538 
250 232 15 18 0.028427048 
480 100 8 10 0.02842335 
503 175 8 9 0.028417097 
70 202 13 16 0.02839409 
710 176 18 23 0.028377663 
602 330 11 14 0.028347135 
530 187 18 23 0.028330702 
674 215 8 11 0.028327314 
741 126 9 10 0.028314108 
689 16 8 11 0.028255515 
411 482 15 19 0.028233074 
836 339 11 13 0.028229434 
516 648 15 20 0.028222436 
111 182 10 13 0.028196601 
621 212 10 12 0.028171565 
805 195 10 14 0.028170552 
877 336 15 19 0.028169064 
374 157 10 13 0.028153874 
267 441 14 18 0.0281206 
329 458 19 22 0.02809814 
494 481 14 17 0.028080437 
440 87 7 8 0.028079908 
592 328 12 14 0.02804337 
325 595 14 19 0.028043136 
124 388 21 29 0.028029101 
140 406 11 15 0.028024422 
309 144 18 24 0.028012741 
496 261 8 11 0.027982814 
673 221 8 10 0.02797829 
684 375 12 14 0.027969237 
728 133 9 12 0.027969059 
687 460 12 16 0.027954195 
438 602 15 18 0.027948407 
433 315 13 16 0.02793088 
70 272 14 18 0.027856467 
574 14 9 11 0.027837353 
795 514 14 19 0.027801527 
524 199 20 24 0.027794644 
249 139 10 14 0.027772713 
417 39 8 8 0.027764123 
1005 347 11 13 0.0277522 
648 0 9 10 0.02775124 
838 606 13 18 0.027750429 
935 324 16 18 0.027697809 
515 435 13 17 0.02769262 
590 80 8 10 0.027673561 
166 117 9 12 0.027672984 
599 262 11 13 0.027636211 
272 226 12 15 0.02762525 
190 206 12 16 0.027622664 
262 449 22 24 0.027616989 
700 285 11 14 0.027603239 
883 410 12 15 0.027593626 
440 196 10 12 0.027591716 
481 368 14 17 0.027584963 
528 135 8 9 0.027571065 
628 470 16 20 0.027568342 
721 417 12 17 0.02755884 
574 279 10 12 0.027523575 
289 174 10 13 0.02751647 
62 193 11 14 0.027516449 
225 651 15 20 0.02751236 
681 84 9 11 0.027509531 
198 324 11 13 0.02747638 
63 222 10 14 0.027442722 
542 172 9 11 0.027439661 
726 374 10 13 0.027433466 
357 380 11 13 0.027430763 
653 360 11 15 0.027427157 
996 538 24 30 0.02742002 
205 220 14 17 0.027379608 
129 111 9 10 0.027375007 
760 63 9 11 0.02736929 
757 93 13 15 0.027359338 
977 345 16 19 0.02735027 
427 402 13 19 0.02733737 
799 312 10 12 0.027305009 
503 458 12 17 0.027298093 
505 197 8 10 0.027296051 
838 423 13 18 0.027280277 
735 84 9 13 0.027246855 
489 23 7 9 0.027245613 
110 240 19 22 0.027234456 
63 500 12 16 0.02723249 
406 443 11 15 0.02722982 
727 94 8 12 0.027220247 
222 230 13 15 0.02716501 
371 175 18 23 0.02715948 
420 475 14 18 0.027156558 
946 323 13 19 0.027154326 
590 29 8 10 0.02715333 
520 215 9 11 0.027146688 
94 258 13 17 0.027138786 
303 6 7 9 0.027135866 
415 348 11 14 0.02711255 
542 255 8 10 0.027106067 
646 15 8 11 0.027091127 
1011 590 13 18 0.027065873 
543 105 17 24 0.02705782 
598 24 9 11 0.027041301 
448 24 7 8 0.027024794 
376 406 14 17 0.027024532 
543 309 10 13 0.027005944 
799 321 12 16 0.026973555 
390 322 11 14 0.026962688 
756 1 10 10 0.026902758 
638 332 11 14 0.026901497 
333 362 13 16 0.026899295 
232 675 16 20 0.026899157 
599 253 9 11 0.026874043 
187 436 14 17 0.026867138 
321 358 9 13 0.026826514 
302 22 7 9 0.026817374 
677 294 10 14 0.026809314 
357 231 13 16 0.026771974 
879 438 16 20 0.026747888 
319 70 8 10 0.026669858 
400 3 7 7 0.026669104 
440 31 7 8 0.02666291 
470 40 7 8 0.026620958 
349 77 8 10 0.02661807 
280 70 8 10 0.0265849 
408 22 7 9 0.026568754 
392 103 8 11 0.02655079 
544 156 8 10 0.026544964 
309 231 15 18 0.026543077 
711 79 8 11 0.026541172 
592 511 15 18 0.026538322 
608 262 11 14 0.02653699 
676 269 12 14 0.026511148 
687 142 9 12 0.026495172 
557 554 16 19 0.026492283 
517 160 19 25 0.026475407 
577 134 9 11 0.026466813 
890 436 14 19 0.02643417 
446 284 12 14 0.026431948 
803 631 15 19 0.02637069 
295 170 17 22 0.026358364 
638 269 10 12 0.026304672 
353 17 6 7 0.026297633 
519 105 8 8 0.026296606 
108 483 13 17 0.02629517 
629 386 13 16 0.02625773 
61 247 11 14 0.0262514 
385 54 7 9 0.02624996 
476 625 16 18 0.026236681 
127 94 8 11 0.026223479 
759 422 11 14 0.026218925 
621 160 9 11 0.02621338 
153 451 11 15 0.026192322 
508 421 14 17 0.026191495 
422 38 7 9 0.026184008 
608 95 8 10 0.026176652 
713 210 17 22 0.02614848 
887 345 11 15 0.026144087 
634 466 15 20 0.02614338 
576 281 17 22 0.026099795 
958 541 14 19 0.026095135 
902 324 12 15 0.026092554 
617 228 10 12 0.026089523 
55 267 14 17 0.026084792 
87 150 9 11 0.026051305 
494 299 10 14 0.026041899 
760 199 8 10 0.026000349 
679 99 9 12 0.025980504 
671 100 10 13 0.02597839 
486 79 7 9 0.025967963 
110 339 23 31 0.025959203 
800 196 10 14 0.025955115 
303 372 10 12 0.025951609 
679 319 11 14 0.025950478 
585 53 8 10 0.025921525 
425 103 9 10 0.025921188 
813 312 9 11 0.025871536 
268 142 10 13 0.025816422 
723 392 13 17 0.025767252 
677 355 13 16 0.025756909 
478 286 10 12 0.025750857 
448 143 8 9 0.02573984 
269 342 9 11 0.025707077 
413 334 18 22 0.025703887 
471 136 18 25 0.025701808 
494 292 10 14 0.025694143 
230 568 15 18 0.025693491 
245 434 14 19 0.025684943 
692 470 14 17 0.025667813 
575 105 17 23 0.025661262 
592 148 17 22 0.025652133 
753 91 21 26 0.02563858 
687 31 8 10 0.025636965 
441 8 7 8 0.02562875 
646 148 9 10 0.0255846 
263 31 7 9 0.025578583 
880 154 11 14 0.025562232 
392 1 8 8 0.025557002 
473 79 7 10 0.025551261 
393 7 8 9 0.025542203 
543 64 7 9 0.025512734 
488 183 18 22 0.025503151 
198 1 7 8 0.02548547 
515 382 12 15 0.025476415 
563 652 15 18 0.02547412 
535 214 9 12 0.02545586 
213 135 10 13 0.02545443 
600 74 18 23 0.02544841 
536 183 9 11 0.025443263 
633 31 8 10 0.025428047 
161 14 8 9 0.025376312 
567 230 8 10 0.025373394 
415 433 14 17 0.02535605 
452 291 12 14 0.025351604 
710 120 9 11 0.02533033 
532 356 14 16 0.025295665 
215 468 12 15 0.025276247 
1014 336 11 15 0.02527508 
580 495 19 24 0.02526677 
579 587 13 17 0.025260407 
295 69 8 10 0.025245406 
876 354 12 15 0.025181312 
531 205 10 12 0.025177158 
461 333 10 14 0.025176957 
181 439 15 18 0.025164217 
614 121 17 23 0.025159387 
464 135 7 10 0.025116928 
376 135 9 11 0.025093764 
456 126 9 10 0.025093077 
366 325 10 12 0.025076415 
327 421 12 15 0.025072217 
559 93 7 10 0.025060393 
357 527 16 20 0.025039487 
294 227 12 14 0.025038334 
935 317 13 16 0.025026748 
368 291 11 14 0.024983322 
860 418 13 17 0.024966305 
768 361 13 15 0.02494981 
840 370 12 14 0.024948025 
768 182 9 11 0.02493066 
252 627 19 23 0.024922715 
695 251 11 12 0.024913771 
193 15 7 9 0.02491055 
640 222 8 11 0.024901241 
265 175 10 12 0.024892092 
76 279 14 17 0.0248845 
470 619 12 17 0.024856066 
867 599 14 20 0.024853727 
77 416 17 21 0.024824409 
366 387 10 14 0.024810364 
639 164 9 11 0.024793008 
613 291 11 15 0.02473257 
661 100 10 13 0.024729332 
434 41 7 8 0.024725111 
682 177 9 10 0.024720645 
218 3 7 8 0.024719682 
728 190 8 11 0.024698354 
416 135 9 11 0.024663094 
262 62 8 10 0.024639135 
89 495 22 25 0.024629526 
945 308 12 16 0.0246206 
303 47 7 9 0.024595182 
305 729 27 28 0.02455596 
519 260 9 11 0.024546642 
248 49 8 10 0.02454169 
66 320 17 22 0.024536027 
360 327 8 11 0.02453194 
615 6 9 10 0.024499329 
847 340 11 14 0.02449359 
295 48 8 10 0.0244773 
145 29 8 9 0.02447583 
948 337 12 15 0.024470232 
814 389 11 14 0.024463747 
753 167 8 11 0.024460811 
486 240 8 11 0.02445213 
492 579 12 14 0.024445154 
103 167 11 14 0.024427252 
204 129 11 13 0.024394779 
724 439 13 16 0.024382392 
543 71 8 10 0.024368037 
759 122 9 11 0.024367323 
460 240 10 11 0.024366012 
503 15 8 9 0.024360824 
338 603 16 20 0.024336495 
422 7 7 8 0.024336305 
115 346 14 17 0.024324194 
329 38 6 9 0.024321351 
453 241 17 22 0.024315089 
108 102 18 23 0.024313338 
552 74 17 23 0.024309639 
763 116 10 13 0.024304232 
568 601 13 17 0.024257818 
155 106 18 22 0.024220623 
479 263 11 14 0.024205526 
571 676 19 22 0.024175093 
128 212 11 14 0.024131585 
44 511 10 13 0.024128031 
394 105 18 23 0.024124332 
350 182 9 13 0.024120526 
538 141 8 10 0.024063304 
528 103 8 9 0.024062399 
401 412 12 17 0.024056934 
129 56 7 9 0.024055166 
448 150 9 11 0.024047343 
458 324 11 13 0.02404609 
359 105 9 10 0.024027463 
447 63 7 9 0.02401955 
463 88 8 9 0.02401053 
976 367 23 29 0.023998197 
578 351 18 21 0.023995712 
728 120 8 11 0.023992786 
519 190 8 11 0.023990529 
798 168 9 11 0.023978708 
534 231 9 12 0.023959842 
941 314 15 20 0.023954242 
519 182 9 11 0.023953421 
177 632 16 20 0.023942417 
105 214 13 16 0.023936722 
522 395 15 18 0.023922691 
544 584 14 19 0.023908451 
877 117 10 13 0.023906099 
388 171 10 14 0.023899952 
214 151 11 12 0.023892805 
598 279 10 13 0.023882426 
736 121 8 10 0.023863073 
192 87 9 11 0.023841718 
757 640 23 27 0.023829995 
674 36 9 11 0.02381886 
545 302 9 13 0.023779409 
727 204 8 11 0.023745604 
295 126 10 13 0.023740184 
246 221 11 13 0.023714961 
158 104 11 13 0.023705378 
87 125 10 14 0.023643445 
310 180 9 12 0.023627084 
559 190 9 11 0.023608614 
584 225 18 22 0.023574619 
567 642 13 17 0.023561317 
662 165 9 11 0.023560463 
915 149 13 16 0.023559075 
491 513 16 21 0.023553599 
87 479 12 17 0.023553552 
135 86 7 10 0.023532704 
760 299 11 13 0.023523783 
328 131 10 12 0.023506323 
435 496 13 18 0.023505924 
326 89 17 23 0.023496458 
151 16 7 9 0.023492161 
500 163 9 12 0.023488402 
957 200 13 14 0.023483733 
123 253 11 14 0.023470487 
517 230 9 11 0.023465892 
578 87 8 10 0.023453116 
482 48 7 9 0.023451123 
478 150 8 11 0.023450043 
562 268 9 13 0.02343489 
614 452 11 16 0.023414798 
330 121 17 23 0.02341351 
376 3 7 7 0.023398917 
789 637 13 17 0.023397543 
1002 591 16 19 0.02338051 
584 168 8 11 0.023374073 
303 71 9 11 0.023364695 
417 17 7 9 0.02336089 
741 135 9 12 0.023360098 
719 264 20 24 0.023358896 
175 371 14 16 0.02335169 
521 199 7 9 0.023342816 
377 30 7 8 0.023314737 
586 355 13 16 0.02331237 
225 87 9 12 0.023305772 
598 363 13 18 0.023295956 
708 125 11 14 0.023291163 
424 56 7 8 0.023285678 
234 222 13 15 0.023284592 
216 105 11 13 0.023280295 
172 181 11 15 0.023266826 
265 215 10 14 0.023261607 
194 372 13 17 0.023214387 
335 21 7 9 0.02320199 
816 593 23 26 0.0231919 
624 56 8 11 0.023178693 
848 334 9 12 0.023176739 
343 42 17 24 0.023170954 
152 43 8 11 0.023155212 
600 55 8 10 0.02314762 
171 148 11 14 0.023143765 
545 79 7 10 0.023136573 
415 102 7 10 0.023128005 
735 137 17 23 0.023119904 
94 306 19 25 0.023100937 
537 268 9 12 0.023099689 
652 39 9 10 0.023088185 
788 397 14 18 0.023087123 
621 93 10 12 0.023079554 
406 150 10 12 0.023066372 
698 103 9 11 0.023061305 
550 500 13 16 0.023060761 
527 280 10 12 0.02305296 
721 198 9 10 0.02304794 
311 223 13 15 0.023041021 
776 445 15 17 0.023040392 
502 104 7 9 0.02303968 
744 86 10 12 0.023020772 
391 157 10 12 0.022999914 
182 140 10 13 0.022985691 
195 633 14 18 0.022982404 
252 355 12 15 0.022970388 
303 356 9 11 0.022967786 
640 79 8 10 0.022956152 
240 177 18 22 0.022954522 
543 207 8 10 0.022948928 
78 181 12 16 0.02294054 
93 267 12 14 0.022937091 
303 94 8 11 0.022933498 
208 8 7 9 0.022925993 
446 223 8 12 0.022915546 
383 31 7 8 0.02289704 
277 435 14 19 0.022888262 
472 69 7 10 0.022887306 
396 342 11 13 0.022876801 
717 150 9 12 0.022874825 
190 172 11 13 0.022845313 
281 78 8 10 0.02284221 
778 457 14 17 0.022834847 
490 136 18 24 0.022816805 
557 61 9 10 0.022816706 
437 207 10 11 0.022814566 
640 547 14 20 0.022810278 
574 199 10 12 0.022760926 
573 29 9 11 0.02275464 
668 347 14 17 0.022748562 
970 370 15 17 0.022731237 
456 141 9 10 0.022730699 
515 340 11 14 0.022709344 
237 474 13 16 0.022696752 
708 394 12 15 0.02268067 
212 482 15 19 0.02267483 
456 72 7 8 0.022668403 
535 46 8 9 0.02266792 
300 158 10 12 0.022663888 
112 87 7 10 0.02266367 
541 364 14 18 0.022660049 
985 206 9 12 0.02265275 
337 657 15 20 0.022652311 
217 190 18 23 0.022634769 
358 581 13 16 0.022633389 
598 220 10 13 0.022631405 
982 372 13 18 0.022621635 
139 47 8 10 0.022607744 
510 197 8 10 0.022571554 
983 380 22 29 0.022566736 
614 370 13 19 0.022545828 
900 460 16 20 0.022529734 
486 41 8 9 0.022527363 
229 478 12 17 0.02251419 
511 31 8 9 0.022511369 
205 380 11 15 0.022511248 
352 88 8 9 0.022501146 
136 40 8 9 0.022494234 
153 74 18 23 0.022492414 
662 30 9 11 0.0224203 
458 110 20 25 0.022414118 
415 137 17 23 0.022410091 
465 38 7 9 0.022398088 
757 169 8 10 0.022389524 
350 464 13 19 0.022382934 
289 7 8 9 0.022364827 
814 323 12 16 0.022350103 
496 208 8 10 0.02233251 
644 301 13 16 0.02233174 
151 2 9 9 0.022328107 
19 102 95 133 0.022318512 
653 133 10 13 0.02231304 
854 176 10 13 0.022307634 
1011 489 13 17 0.022304066 
247 198 19 25 0.022292592 
73 647 23 28 0.022281656 
737 215 8 10 0.022279281 
939 332 23 29 0.02227099 
716 64 20 24 0.022251027 
270 13 7 10 0.022248028 
138 469 14 18 0.02224514 
502 48 8 11 0.022239238 
478 387 13 16 0.022233011 
264 155 9 11 0.02222335 
550 277 9 12 0.022219539 
291 152 20 24 0.022194004 
881 401 14 18 0.022193776 
535 153 8 10 0.022192257 
544 247 8 10 0.022182057 
674 246 10 14 0.022181941 
513 105 7 8 0.022164635 
693 142 11 12 0.022138286 
371 522 14 18 0.022137946 
509 363 13 17 0.022128172 
685 403 14 17 0.022084542 
782 507 19 26 0.02207079 
472 24 6 9 0.022055198 
908 416 17 21 0.022043236 
381 240 24 29 0.02203542 
732 275 12 16 0.022035357 
606 290 12 14 0.022026943 
771 453 16 20 0.022026932 
518 80 7 9 0.021997686 
843 174 22 25 0.021984601 
487 86 7 9 0.021968296 
495 154 16 23 0.02196387 
439 152 9 11 0.021956224 
720 142 8 10 0.021935064 
816 376 12 16 0.021929879 
535 278 9 12 0.02192695 
475 494 15 20 0.021911608 
469 154 18 23 0.021905228 
904 383 11 14 0.02189517 
569 112 8 10 0.021892415 
678 164 10 11 0.021826604 
550 460 13 17 0.021792203 
335 120 8 10 0.021772543 
529 229 9 12 0.021756006 
685 472 14 18 0.021754265 
303 88 8 10 0.021753812 
414 206 10 13 0.02175295 
335 578 15 19 0.02174766 
632 103 10 12 0.021716032 
659 276 13 15 0.02171425 
429 586 14 20 0.021682696 
913 472 14 18 0.021678554 
712 251 11 13 0.021654362 
260 346 13 15 0.021650994 
945 449 14 19 0.021650502 
542 596 14 18 0.021644576 
639 25 18 23 0.021617642 
705 56 9 10 0.021616815 
511 136 8 10 0.021608891 
564 340 12 16 0.02159786 
240 64 18 23 0.021597417 
963 520 15 17 0.02158848 
681 693 16 19 0.02158197 
425 112 7 9 0.021564981 
399 418 12 17 0.021553181 
151 548 15 20 0.021550681 
360 390 11 14 0.021544082 
898 421 14 17 0.021540262 
902 346 20 26 0.021536967 
534 438 19 24 0.021535605 
630 260 11 12 0.021516468 
400 55 7 9 0.02150279 
133 163 11 14 0.021497283 
824 441 15 19 0.021488588 
572 309 11 14 0.021485554 
503 356 11 15 0.021483855 
261 102 9 11 0.02147227 
971 354 26 29 0.021466302 
748 452 12 17 0.021463444 
359 179 10 13 0.02143744 
311 356 9 11 0.021425456 
639 176 9 10 0.021421958 
101 351 27 33 0.021415576 
326 353 18 22 0.02139234 
198 173 12 14 0.021387363 
376 318 10 12 0.021376386 
242 359 13 19 0.021370344 
845 347 13 17 0.021365054 
320 160 18 21 0.021364551 
479 175 9 11 0.021363134 
534 247 9 11 0.021353303 
399 429 10 15 0.021346692 
206 482 14 19 0.021343581 
706 614 16 20 0.02134169 
951 552 15 19 0.0213162 
463 55 8 9 0.021311903 
120 154 11 14 0.021302637 
176 93 9 11 0.02129516 
398 63 19 26 0.021283805 
775 56 8 10 0.021274664 
124 260 13 15 0.021252371 
378 66 19 23 0.021237925 
501 227 11 13 0.021237278 
281 399 9 14 0.021188956 
828 435 14 19 0.021176755 
679 236 10 13 0.021176713 
661 529 15 19 0.02115676 
558 261 9 13 0.0211488 
109 167 10 12 0.02114371 
432 24 6 8 0.021139385 
493 362 11 15 0.021130236 
328 65 7 9 0.021120084 
97 112 8 12 0.021112032 
537 71 8 9 0.02110953 
305 530 14 19 0.021107756 
605 379 13 16 0.02110151 
350 633 16 20 0.02109437 
292 444 16 20 0.02109243 
190 50 18 23 0.021090757 
407 127 8 10 0.021090185 
590 200 8 10 0.021084458 
343 181 11 13 0.021066349 
417 391 20 25 0.021048607 
485 332 12 15 0.021044552 
728 142 8 12 0.02104154 
269 192 19 23 0.021032605 
208 159 17 22 0.021023652 
811 455 15 19 0.021009026 
577 249 17 22 0.021004548 
382 8 8 8 0.021001855 
458 647 15 20 0.020978907 
837 356 13 17 0.02096745 
628 403 14 18 0.0209561 
513 160 8 9 0.020952627 
479 326 11 13 0.020950777 
442 291 12 16 0.020939896 
182 15 9 10 0.020939812 
448 230 8 11 0.020939669 
508 545 14 19 0.020902779 
214 181 11 14 0.020901188 
368 373 10 13 0.020892847 
694 71 8 11 0.020879889 
888 143 21 25 0.020872071 
363 524 15 20 0.020871678 
472 316 9 13 0.020870991 
746 88 20 25 0.020863198 
625 44 9 12 0.020853903 
114 469 13 17 0.020831153 
685 94 10 13 0.020819338 
656 119 10 11 0.020804293 
424 16 7 9 0.020797389 
553 323 12 15 0.020797366 
759 325 11 15 0.02079465 
759 393 12 16 0.020778503 
372 96 19 24 0.020766513 
340 635 14 18 0.020747254 
383 15 7 9 0.020712156 
519 133 7 9 0.020709531 
437 324 11 14 0.020702725 
547 439 15 18 0.02069287 
590 590 15 20 0.020682668 
161 31 7 8 0.02066101 
644 178 18 23 0.020660505 
391 72 7 9 0.020643475 
315 633 17 22 0.020629335 
536 79 8 9 0.02062241 
424 287 9 13 0.020617219 
671 14 10 12 0.020602863 
845 388 11 15 0.020587267 
305 143 9 11 0.02057192 
92 460 11 15 0.020558331 
118 385 20 25 0.020542147 
502 264 19 23 0.020539723 
820 325 12 15 0.020532181 
633 148 8 11 0.020530626 
519 303 9 12 0.02052893 
682 669 26 32 0.020525075 
335 27 17 23 0.020521937 
813 420 11 14 0.020509943 
669 261 10 13 0.020497723 
222 166 9 13 0.0204874 
754 674 17 20 0.020484589 
209 720 15 19 0.020466307 
740 349 13 15 0.020458478 
239 112 19 22 0.020455647 
266 107 18 22 0.020443292 
550 285 10 14 0.02041274 
423 230 11 13 0.020397248 
734 459 14 17 0.02038885 
327 637 23 28 0.020383453 
741 120 8 10 0.020364188 
642 418 14 18 0.020363227 
973 567 15 20 0.020355407 
136 104 7 9 0.020354925 
519 38 8 10 0.02035438 
601 182 9 12 0.020341914 
110 550 13 16 0.020334082 
89 118 9 12 0.020316618 
500 476 13 16 0.020289764 
788 415 13 16 0.020285636 
524 387 14 17 0.020281158 
671 294 10 13 0.020275224 
429 331 11 14 0.020234914 
592 626 15 19 0.020222303 
63 210 12 16 0.020214334 
734 185 8 9 0.02021273 
548 365 11 15 0.020199744 
454 176 18 23 0.020186057 
840 166 11 14 0.020167602 
400 65 7 8 0.020162508 
51 211 12 15 0.020155149 
890 610 16 19 0.020148916 
899 331 12 16 0.020125514 
820 92 9 12 0.020118518 
713 209 9 11 0.020105008 
588 12 9 10 0.020096106 
383 65 8 9 0.02009277 
807 451 13 17 0.0200908 
692 52 9 11 0.020086875 
751 341 11 13 0.020080635 
831 348 11 14 0.02008043 
173 171 12 15 0.020079393 
351 234 15 18 0.020061905 
585 28 10 12 0.020047316 
795 505 15 20 0.0200397 
573 361 13 18 0.020024471 
438 429 13 17 0.020015331 
437 247 18 23 0.020015232 
1004 402 11 15 0.020014863 
463 17 7 8 0.020014169 
222 2 8 8 0.020007368 
