10_People_Marching_People_Marching_10_People_Marching_People_Marching_10_524
59
64 132 73 88 0.9977836 
589 172 61 71 0.9946749 
836 139 59 66 0.9773381 
272 217 31 37 0.8478156 
285 215 39 40 0.55258816 
501 246 17 25 0.27024025 
363 230 22 28 0.20695649 
215 248 25 29 0.15476981 
520 138 46 64 0.1238322 
873 139 59 68 0.09664483 
396 232 23 30 0.075591184 
151 194 45 53 0.068820894 
215 120 31 32 0.06759149 
192 170 28 37 0.06559921 
1004 160 19 34 0.06356873 
202 234 45 50 0.06338418 
214 166 49 56 0.05828654 
394 85 102 143 0.05597408 
892 247 31 38 0.051904805 
357 227 17 21 0.045117624 
492 107 82 102 0.04397777 
364 289 22 29 0.04378809 
291 134 31 36 0.043483812 
498 76 29 36 0.04246746 
182 163 49 54 0.03973727 
202 180 29 30 0.037575513 
167 178 46 54 0.034631312 
239 167 30 39 0.03308363 
147 206 29 38 0.032960027 
314 286 38 48 0.032854203 
154 223 17 21 0.030288553 
253 178 14 19 0.029799731 
1 157 40 60 0.029453907 
294 200 34 42 0.029313955 
551 489 27 31 0.029196102 
676 189 51 68 0.02774742 
225 242 28 35 0.027064545 
890 224 35 46 0.026277855 
169 201 48 53 0.025335155 
295 230 31 36 0.025171798 
102 -22 370 420 0.025131786 
194 211 49 57 0.024624059 
313 217 16 21 0.024397302 
902 167 38 41 0.024363589 
724 136 33 39 0.02411199 
14 213 55 68 0.023913525 
256 252 28 32 0.023753656 
574 194 37 48 0.023709496 
347 258 18 21 0.02310962 
185 153 30 42 0.02265727 
767 71 33 42 0.022274598 
864 34 121 154 0.022038328 
214 244 17 21 0.021748187 
338 201 27 33 0.02165601 
451 116 85 103 0.021607319 
960 66 55 79 0.020765979 
50 76 105 135 0.020590186 
12 139 48 62 0.020115385 
221 119 15 17 0.020031173 
