10_People_Marching_People_Marching_10_People_Marching_People_Marching_10_552
61
440 100 70 89 0.9987041 
839 87 12 16 0.32259366 
714 4 17 20 0.30787146 
692 97 14 16 0.21683392 
795 91 11 13 0.1850478 
902 172 13 18 0.12578578 
883 82 15 20 0.12386875 
683 -1 19 19 0.09919825 
744 93 14 17 0.08365961 
427 38 17 21 0.07685872 
835 0 16 14 0.07323164 
930 0 17 14 0.059932906 
570 -2 63 61 0.058592062 
853 -1 17 14 0.05451941 
912 27 16 20 0.045841794 
828 18 15 18 0.038114443 
755 117 14 18 0.037706327 
893 1 17 20 0.03755568 
656 89 12 15 0.03655928 
749 116 14 16 0.03615138 
832 27 24 31 0.035241302 
843 0 15 14 0.03468143 
632 22 28 37 0.031967174 
828 25 16 22 0.031502705 
681 113 16 19 0.030895637 
589 0 34 37 0.030631643 
478 9 16 19 0.030346831 
1 9 14 19 0.029345464 
256 314 65 60 0.028705496 
325 114 15 17 0.028570557 
250 269 36 32 0.02824909 
126 36 13 16 0.02726891 
790 87 19 24 0.027079076 
829 4 24 30 0.025584036 
481 3 18 19 0.025554417 
0 74 8 14 0.025108973 
567 0 38 41 0.025004065 
993 -1 29 33 0.024678284 
531 128 15 18 0.024317686 
663 172 14 18 0.02363826 
917 116 25 27 0.023617744 
632 -1 21 17 0.023316324 
209 60 16 19 0.022463711 
182 152 12 14 0.022344947 
862 177 17 22 0.022343908 
522 -2 18 14 0.022223745 
629 93 14 17 0.022140825 
689 -1 24 24 0.022016367 
177 -1 21 18 0.021816026 
382 -1 13 10 0.021603094 
880 37 25 31 0.021556402 
748 105 14 17 0.021472804 
416 98 11 12 0.021460172 
838 121 21 27 0.021325758 
951 0 13 12 0.021109195 
340 84 11 13 0.020903636 
0 41 219 209 0.020653907 
771 191 24 31 0.020457586 
142 123 11 13 0.020413088 
773 88 14 19 0.020292157 
514 107 49 65 0.020176824 
