10_People_Marching_People_Marching_2_430
53
914 249 34 44 0.9974111 
288 129 32 36 0.9973584 
632 201 42 52 0.99258995 
416 172 30 36 0.9914398 
213 157 23 27 0.98552346 
163 161 35 41 0.97720146 
767 200 43 48 0.9693365 
306 183 25 32 0.56592935 
91 144 18 21 0.37166482 
262 181 27 31 0.3435792 
836 266 46 66 0.2538499 
510 328 454 444 0.12752788 
368 170 15 18 0.10541411 
282 216 29 35 0.08633942 
346 193 17 20 0.06938523 
314 178 18 25 0.06253901 
2 222 494 377 0.06091555 
359 171 23 28 0.04816954 
235 181 23 29 0.047925226 
342 202 25 29 0.046478253 
113 189 16 21 0.041488092 
350 178 23 28 0.04119732 
257 189 40 47 0.039314 
89 186 26 32 0.038990077 
271 206 31 37 0.037444368 
281 200 27 32 0.03643405 
63 124 23 26 0.035853244 
873 67 125 174 0.03428972 
863 278 31 47 0.034246504 
219 254 42 59 0.0326379 
689 165 28 37 0.032529823 
331 184 15 21 0.032374125 
271 178 38 47 0.032257397 
295 197 28 35 0.03200099 
841 266 28 38 0.030899748 
263 215 42 48 0.030656956 
73 154 15 18 0.029710392 
729 213 29 34 0.026793243 
284 134 23 24 0.025542738 
62 114 12 13 0.025540197 
90 181 17 19 0.024739897 
265 172 22 25 0.024456004 
80 151 27 31 0.024173388 
339 187 15 21 0.024071774 
249 186 28 32 0.024006031 
302 191 19 25 0.023756186 
239 190 41 50 0.02352876 
743 352 253 290 0.023144262 
107 190 26 33 0.022945128 
263 106 22 27 0.02240536 
673 227 33 35 0.021288624 
82 89 203 255 0.021114012 
845 247 51 67 0.020300958 
