10_People_Marching_People_Marching_2_316
25
24 -11 200 241 0.9971523 
365 112 234 196 0.22368218 
386 74 126 132 0.18065804 
851 15 69 75 0.17308794 
94 -1 247 274 0.16899616 
718 263 131 175 0.15799667 
414 119 132 130 0.07365375 
-7 263 425 467 0.06102967 
648 -8 221 211 0.05948315 
895 258 71 79 0.05312172 
362 325 237 311 0.049521867 
415 84 79 84 0.048492163 
892 212 104 136 0.039528638 
335 18 377 382 0.031113988 
255 217 447 438 0.029282656 
791 63 197 213 0.02903496 
935 606 39 32 0.028128609 
382 386 131 188 0.025097236 
382 257 130 135 0.02490315 
7 183 28 42 0.024201151 
918 595 115 113 0.024048215 
88 172 209 228 0.023812607 
0 259 44 70 0.023760853 
166 136 212 223 0.022893125 
254 36 196 228 0.02135549 
