10_People_Marching_People_Marching_2_171
457
418 492 22 30 0.9896798 
455 77 23 28 0.9863473 
723 341 22 29 0.9679307 
323 299 17 23 0.9675084 
306 438 21 27 0.96499723 
266 492 20 28 0.9638545 
11 632 23 28 0.96333 
976 265 23 28 0.958795 
837 100 22 27 0.9586125 
65 362 21 26 0.95610195 
671 91 22 27 0.9543539 
215 433 22 26 0.9340608 
307 358 21 25 0.93360054 
32 433 23 27 0.9285188 
113 127 21 27 0.91466314 
245 104 19 24 0.9116592 
572 72 19 25 0.9103444 
747 274 21 27 0.89917195 
199 364 20 25 0.89869386 
561 580 20 28 0.8863119 
441 427 20 24 0.881538 
345 112 19 24 0.88044906 
194 306 16 21 0.86834365 
5 142 20 27 0.83786744 
103 545 20 26 0.8343295 
20 161 32 43 0.81311977 
391 360 18 21 0.79703766 
453 533 20 27 0.78455997 
767 68 25 33 0.78286755 
468 355 19 23 0.74356365 
550 354 21 27 0.66244686 
358 280 23 32 0.6348215 
192 458 17 21 0.59999055 
220 584 19 28 0.570531 
902 319 37 45 0.54271257 
607 382 21 30 0.52296805 
251 435 15 19 0.45089892 
126 442 20 25 0.4324154 
281 450 21 25 0.43154395 
220 323 13 16 0.4289451 
338 340 22 28 0.39790115 
662 369 22 28 0.39745653 
581 370 14 17 0.39164287 
259 421 14 17 0.38442034 
165 427 15 18 0.37694293 
685 162 27 30 0.3724376 
564 426 23 26 0.37152982 
440 296 15 19 0.3599833 
341 619 16 25 0.35898283 
183 433 16 20 0.31408074 
426 367 17 20 0.2663732 
483 438 25 27 0.2612457 
0 615 17 20 0.25652078 
957 339 23 29 0.24666482 
549 331 11 14 0.24528717 
97 658 27 27 0.242501 
13 470 15 18 0.22634596 
12 448 15 20 0.21090849 
286 434 17 19 0.20921756 
685 369 16 23 0.20140578 
446 364 17 22 0.18659672 
182 306 13 19 0.17438751 
364 481 14 18 0.16417332 
176 309 11 15 0.16320805 
339 443 17 21 0.16140419 
418 306 14 18 0.16125193 
254 428 15 18 0.15533397 
418 322 18 22 0.15027699 
788 114 21 25 0.1469769 
324 401 22 27 0.14587705 
94 441 17 21 0.1420164 
7 570 14 16 0.14162244 
540 599 13 17 0.1375065 
165 365 12 18 0.13705462 
-1 465 9 18 0.12525629 
469 159 28 29 0.12241627 
287 440 22 26 0.122281015 
573 368 15 19 0.118085034 
454 240 45 65 0.11627913 
674 164 28 34 0.11504561 
419 156 12 18 0.113950215 
683 125 31 33 0.11215139 
51 453 15 18 0.1109022 
455 297 14 18 0.107931696 
340 375 20 25 0.10555419 
662 352 24 33 0.10554152 
138 479 17 20 0.10261925 
360 181 29 29 0.10144309 
243 551 13 18 0.097099595 
387 509 15 18 0.09314506 
370 410 15 19 0.09243495 
818 304 20 24 0.092300415 
228 161 13 17 0.09159509 
161 323 20 25 0.0901784 
158 172 15 18 0.08941105 
523 364 14 20 0.088819094 
3 523 15 18 0.08615757 
718 321 16 21 0.085655935 
389 402 16 22 0.08457152 
581 396 22 27 0.083807126 
413 158 20 28 0.083345056 
636 389 14 21 0.08325385 
497 508 12 15 0.08291833 
213 546 14 20 0.08189855 
379 334 17 18 0.07934515 
559 359 18 21 0.07891313 
276 407 16 21 0.07802446 
302 118 10 14 0.077392876 
435 361 19 26 0.07688821 
93 484 16 20 0.07599908 
4 624 22 29 0.075777695 
168 429 20 24 0.07081063 
101 510 12 14 0.07058477 
485 493 11 16 0.069921814 
668 362 24 30 0.069870144 
603 361 16 20 0.06844924 
571 283 16 19 0.06760591 
178 382 11 13 0.06738436 
587 251 21 29 0.067324 
833 395 28 31 0.066756986 
209 596 24 33 0.066747 
44 580 17 19 0.06487274 
268 441 15 19 0.06301212 
84 437 13 16 0.06268976 
476 329 12 17 0.062589794 
396 438 23 25 0.062519655 
344 100 20 24 0.06242935 
245 431 15 19 0.062407177 
84 409 14 18 0.062334135 
27 596 14 18 0.062236294 
147 457 15 18 0.062039133 
544 164 19 23 0.06155795 
376 403 22 27 0.061364718 
171 326 16 22 0.060922123 
159 532 24 31 0.06077294 
107 469 13 17 0.0607347 
674 347 16 22 0.060722474 
268 121 15 17 0.059993785 
745 96 10 14 0.059927315 
1012 280 13 18 0.059860405 
276 122 14 16 0.05946693 
7 577 15 17 0.058524847 
134 445 18 24 0.058287654 
584 364 21 25 0.058078434 
535 346 12 15 0.05779875 
623 382 22 29 0.055713236 
93 584 22 31 0.055705912 
476 490 16 19 0.05564273 
244 439 15 20 0.055601634 
301 125 17 24 0.05456751 
30 403 14 17 0.054259162 
258 438 17 20 0.054124884 
157 321 16 20 0.052177828 
75 568 15 20 0.052151226 
184 517 25 29 0.05196183 
692 385 14 22 0.051753473 
187 484 17 21 0.05163169 
266 180 24 27 0.051007096 
383 512 13 16 0.05051622 
526 360 19 27 0.05027314 
895 296 49 56 0.050264876 
7 148 28 37 0.050259404 
44 520 18 21 0.049909424 
576 289 15 18 0.049572438 
497 295 16 19 0.049024817 
242 454 23 25 0.04808351 
501 377 13 17 0.048046403 
9 453 20 26 0.048042886 
591 391 21 30 0.047030207 
332 480 17 21 0.046959594 
120 446 14 22 0.046671763 
546 594 13 18 0.046466775 
164 399 15 17 0.046230935 
509 409 15 18 0.04596992 
93 162 12 16 0.045741104 
85 569 13 18 0.045417987 
540 419 23 28 0.045397576 
0 659 22 29 0.045275234 
718 325 23 31 0.044914074 
290 378 14 16 0.044712815 
40 445 21 25 0.044138618 
141 364 9 12 0.04392616 
554 249 25 31 0.043798257 
268 456 17 21 0.04358356 
484 428 16 18 0.043361504 
468 489 15 19 0.043337435 
97 469 22 25 0.04291123 
225 404 15 18 0.0423322 
590 147 28 36 0.04215441 
554 329 13 15 0.042148504 
541 359 18 24 0.04205765 
80 128 10 12 0.04201141 
218 498 16 21 0.041697867 
253 506 13 17 0.041489113 
417 449 23 27 0.04143156 
568 275 13 18 0.04093387 
188 332 12 15 0.04063845 
639 359 14 18 0.04036435 
685 380 16 22 0.040360097 
325 475 15 18 0.040087216 
154 315 15 18 0.039787263 
592 372 22 26 0.039744433 
540 348 11 16 0.039665025 
149 344 12 15 0.03940015 
469 325 15 21 0.039361537 
201 603 35 60 0.03933409 
497 441 18 22 0.03893376 
165 307 11 14 0.0388443 
461 477 25 33 0.038832616 
736 337 18 24 0.038361207 
132 488 14 19 0.038358413 
425 357 16 19 0.03808649 
653 337 13 17 0.038039923 
421 374 17 20 0.037993748 
476 445 24 31 0.03799322 
652 344 23 30 0.0377792 
979 303 28 35 0.037716493 
316 324 11 14 0.037662778 
222 380 12 15 0.037572462 
238 190 14 16 0.037438557 
698 392 14 19 0.037415273 
407 494 25 31 0.03731656 
256 495 21 27 0.037094623 
239 442 13 19 0.03628805 
596 382 22 29 0.03610699 
752 265 26 31 0.035966076 
49 642 22 29 0.035785493 
373 443 16 18 0.035749003 
241 301 12 16 0.035615403 
189 465 24 30 0.035534937 
759 77 24 30 0.035377294 
345 181 29 33 0.03521454 
310 323 11 15 0.034968015 
70 560 16 21 0.034871083 
69 436 13 16 0.03480605 
133 375 10 13 0.034756813 
692 389 23 32 0.03438452 
128 375 9 13 0.034333386 
114 384 16 18 0.03392449 
171 364 12 18 0.03380598 
222 153 21 30 0.03346096 
157 308 13 15 0.03332408 
197 340 13 16 0.033301823 
136 365 10 13 0.0332575 
190 339 12 15 0.03323331 
407 442 24 27 0.033012014 
155 459 13 19 0.03284153 
235 431 22 26 0.032802735 
576 586 15 19 0.03277225 
655 375 21 30 0.032621253 
110 523 13 16 0.032491766 
575 152 28 34 0.032386217 
72 159 8 10 0.032363277 
370 127 15 17 0.03219717 
457 526 17 22 0.0321644 
420 312 22 28 0.03216216 
115 582 25 33 0.03181444 
728 346 28 32 0.031810306 
413 547 14 16 0.031642895 
255 554 13 18 0.031551763 
326 398 16 18 0.03148045 
594 367 16 20 0.031337243 
568 290 13 17 0.031319305 
790 264 24 33 0.031286187 
367 274 18 25 0.031254 
466 449 15 18 0.031248065 
990 318 34 39 0.031014636 
78 441 15 18 0.030597342 
90 408 16 19 0.030436669 
0 621 36 47 0.030399341 
463 537 16 20 0.02999777 
276 444 16 19 0.029789828 
205 501 12 15 0.02970198 
117 475 12 16 0.02936583 
842 109 24 30 0.02929117 
403 330 15 20 0.029110726 
181 330 12 17 0.029084282 
564 365 16 21 0.028913299 
357 441 22 27 0.02880839 
645 166 10 14 0.02873396 
319 474 14 17 0.02868663 
543 326 20 24 0.028674297 
317 160 13 18 0.02864764 
270 268 15 20 0.028196217 
844 129 13 16 0.028089488 
206 441 15 18 0.027948722 
21 535 17 21 0.027930977 
396 505 12 17 0.02787082 
437 323 13 17 0.027819509 
173 356 11 14 0.027742483 
889 169 15 19 0.027491884 
450 357 17 23 0.027432729 
156 483 14 20 0.027391385 
84 570 23 30 0.027388604 
431 652 22 27 0.027333213 
147 555 15 20 0.027189367 
5 466 14 19 0.02705277 
100 409 14 19 0.027037136 
458 338 15 18 0.026824102 
877 304 52 61 0.0267725 
148 421 13 16 0.026737314 
0 636 9 16 0.026723295 
414 327 15 21 0.026695676 
501 515 12 17 0.026664265 
906 339 19 26 0.026634935 
266 418 14 19 0.026544938 
202 347 18 20 0.026534922 
492 399 21 25 0.026501833 
160 432 13 19 0.026409552 
476 295 16 21 0.026392944 
198 355 16 23 0.026341189 
3 647 27 33 0.026263522 
611 354 15 20 0.026215846 
429 583 15 19 0.02614974 
180 323 11 16 0.02599323 
575 259 25 29 0.025954217 
958 93 58 64 0.025935614 
171 396 13 17 0.02589563 
570 271 23 28 0.025763618 
109 462 12 17 0.025710247 
279 413 22 26 0.025680184 
425 308 14 17 0.025609067 
421 470 23 30 0.025590211 
103 532 23 30 0.025576565 
402 489 16 21 0.025319189 
43 179 12 17 0.025225524 
973 297 46 59 0.02520745 
965 317 44 54 0.025177162 
874 135 22 28 0.025023077 
784 115 16 20 0.024950184 
584 252 13 18 0.02489594 
333 110 21 28 0.024734853 
636 380 14 21 0.02471849 
119 194 11 15 0.024711069 
976 435 33 43 0.024599057 
752 114 24 35 0.024586758 
975 301 11 15 0.02454089 
969 253 38 48 0.024463424 
460 438 21 26 0.024386022 
376 184 17 21 0.024381008 
418 553 16 23 0.024366554 
80 433 10 13 0.024354674 
569 401 27 30 0.02434427 
474 383 16 19 0.024332454 
396 334 16 19 0.024280513 
337 270 28 32 0.024278406 
0 597 9 13 0.024213582 
35 483 13 16 0.02414852 
311 300 12 16 0.024142727 
6 168 26 37 0.024100987 
302 570 12 17 0.024054483 
359 157 29 36 0.023823105 
540 431 18 22 0.023774186 
164 439 15 21 0.023725605 
337 354 24 30 0.023672223 
305 324 10 14 0.023627186 
214 316 15 19 0.023626242 
56 363 14 19 0.02362227 
569 573 17 21 0.023603614 
385 407 23 28 0.023599358 
341 512 23 27 0.023576364 
577 162 17 21 0.023567067 
455 163 33 33 0.023566073 
228 528 16 21 0.023523852 
549 349 16 22 0.023500636 
958 281 13 19 0.023365378 
495 376 13 18 0.023358693 
84 132 11 16 0.023342136 
276 460 17 21 0.023209628 
430 297 19 25 0.023110773 
99 457 17 22 0.023041785 
626 371 17 21 0.023037972 
221 171 14 19 0.023033028 
575 332 15 18 0.023021728 
175 388 12 13 0.023014808 
672 255 35 47 0.023004843 
283 123 12 16 0.022943236 
744 269 14 20 0.022910101 
165 464 16 23 0.022900509 
376 645 10 14 0.022892762 
145 474 16 22 0.022876922 
1005 329 15 20 0.022833947 
398 497 13 19 0.022796942 
400 426 24 28 0.022716895 
427 531 15 19 0.022706099 
522 443 24 34 0.022665361 
100 157 11 14 0.022591611 
793 118 26 31 0.022570087 
130 137 14 19 0.022483341 
125 411 12 15 0.022448491 
770 290 15 18 0.022401692 
92 169 14 19 0.022400461 
187 377 12 18 0.022396289 
270 552 13 16 0.022282977 
40 457 24 27 0.022279598 
483 331 14 17 0.022277948 
658 133 26 36 0.022186918 
234 519 17 21 0.022161495 
333 386 15 18 0.022058439 
246 507 14 18 0.021960368 
262 137 13 16 0.021924498 
976 275 26 35 0.021797016 
174 317 20 26 0.021793755 
860 144 13 17 0.021673575 
35 407 13 17 0.021656718 
23 410 15 18 0.021626944 
197 347 14 18 0.021603659 
668 130 30 39 0.021543026 
308 119 12 15 0.02151195 
419 459 24 29 0.021486597 
68 518 25 27 0.02141572 
464 331 23 27 0.021385772 
787 276 22 31 0.021372154 
309 331 11 15 0.021349754 
404 538 27 33 0.021324623 
232 592 15 19 0.02132255 
125 194 11 15 0.021270258 
883 273 29 42 0.021266721 
230 532 25 30 0.021229798 
576 430 24 31 0.021098966 
38 517 16 19 0.021076625 
406 524 14 17 0.020994425 
519 509 13 15 0.020937486 
23 601 15 19 0.020898355 
44 590 17 19 0.020883864 
58 458 13 17 0.020866001 
81 443 23 28 0.020849383 
766 65 17 22 0.020842552 
558 428 18 25 0.020787096 
813 312 16 20 0.020768575 
331 387 25 30 0.020745352 
415 397 23 28 0.020706838 
899 271 51 60 0.02068634 
676 278 27 30 0.020678172 
694 402 26 36 0.02067143 
326 488 15 18 0.020657673 
536 610 13 18 0.020647427 
889 328 32 45 0.020587713 
413 593 15 19 0.02057361 
143 345 13 16 0.020548087 
325 178 24 28 0.020468533 
685 125 17 19 0.020453092 
415 384 25 29 0.0204354 
1001 59 12 15 0.02038149 
508 516 13 18 0.020342814 
267 129 15 18 0.020279171 
190 347 12 16 0.020247329 
659 333 13 16 0.020230575 
37 453 15 20 0.020212494 
144 461 21 25 0.020155173 
567 291 23 28 0.020144567 
616 379 21 25 0.020134723 
27 609 16 19 0.020102207 
678 84 20 23 0.020095157 
197 433 13 18 0.020094149 
445 246 30 41 0.020049201 
204 339 16 19 0.020010201 
