10_People_Marching_People_Marching_2_638
34
364 185 337 467 0.9960193 
79 35 439 523 0.35677037 
189 459 100 114 0.16046913 
485 62 38 39 0.11155286 
356 2 33 29 0.09323674 
391 2 13 12 0.057100255 
395 128 21 28 0.044170227 
48 309 211 241 0.040816173 
534 45 11 13 0.03459375 
636 35 18 19 0.0331322 
107 333 122 112 0.031975042 
409 105 19 22 0.031599186 
276 206 14 18 0.031333935 
560 51 11 13 0.030944789 
411 104 34 36 0.030894464 
428 13 13 14 0.03054577 
144 372 70 71 0.028840775 
333 16 16 20 0.028261842 
634 26 27 33 0.026212897 
475 71 33 36 0.025411809 
241 221 50 62 0.024926048 
273 129 17 18 0.02492392 
622 3 13 14 0.024378829 
461 78 25 31 0.024282828 
500 145 243 385 0.02358875 
235 163 27 31 0.022745406 
550 47 13 14 0.022032933 
245 220 27 37 0.021834107 
340 5 32 28 0.021753587 
616 48 9 11 0.021698503 
348 102 14 17 0.021538664 
638 20 13 15 0.020937726 
407 59 14 19 0.020481741 
405 1 28 32 0.020295806 
