10_People_Marching_People_Marching_2_36
300
813 329 35 39 0.9952982 
649 304 28 34 0.99378306 
948 330 39 45 0.9925333 
697 302 30 39 0.9922579 
751 315 31 36 0.99050975 
557 324 32 38 0.99007213 
303 334 34 40 0.98536646 
501 318 29 37 0.9844833 
428 302 28 36 0.9738936 
254 320 33 40 0.953806 
385 294 26 34 0.95262975 
10 311 19 20 0.94422346 
31 287 17 21 0.9416928 
50 408 15 18 0.92156386 
673 269 17 20 0.89697605 
593 273 21 27 0.8962689 
119 288 27 33 0.88884604 
852 289 19 22 0.8845786 
899 302 15 20 0.85930204 
223 316 28 34 0.8428511 
828 290 18 21 0.8102165 
471 306 28 36 0.7773853 
151 304 29 35 0.7221547 
130 292 25 33 0.62765926 
926 292 16 20 0.61609477 
140 299 29 33 0.60009176 
93 309 14 19 0.5866454 
973 295 15 18 0.4963207 
356 287 24 28 0.48211932 
107 414 13 16 0.46508938 
959 280 15 18 0.4601695 
315 289 26 30 0.4454369 
267 318 35 35 0.42807236 
1005 291 15 19 0.36424235 
629 297 15 19 0.36202767 
572 319 30 33 0.3432006 
568 290 16 17 0.33604482 
356 313 26 32 0.33425158 
10 344 14 18 0.32493648 
114 288 19 26 0.31193605 
611 323 23 30 0.30292857 
637 293 14 18 0.30197194 
486 316 30 36 0.30083123 
942 287 15 20 0.2972617 
28 338 20 26 0.26886985 
60 378 11 15 0.23852617 
77 374 13 17 0.23737885 
60 238 13 17 0.2269779 
524 283 25 27 0.20167913 
665 332 26 30 0.19651328 
141 429 10 12 0.19249925 
970 334 34 36 0.16211347 
188 313 26 31 0.15936537 
318 334 34 37 0.15690158 
432 451 14 17 0.15578824 
513 313 30 35 0.15344234 
365 289 26 32 0.14371626 
888 326 29 39 0.13956101 
404 318 23 30 0.1372463 
232 319 33 37 0.13551012 
615 307 22 28 0.13047409 
826 326 37 37 0.12649956 
533 276 24 29 0.11664388 
947 284 16 19 0.11228473 
347 287 22 29 0.11050634 
258 230 16 18 0.11011778 
719 282 13 15 0.109101884 
751 226 24 30 0.107453115 
136 439 10 11 0.10579856 
810 287 26 32 0.104674384 
356 296 29 35 0.10431625 
398 451 13 18 0.102189094 
48 223 9 11 0.1014078 
102 295 26 33 0.09991765 
620 300 16 18 0.09413323 
334 287 21 27 0.090642095 
304 280 24 33 0.09020652 
329 289 17 22 0.08911371 
31 335 14 17 0.08804804 
394 303 28 33 0.08580214 
964 284 19 23 0.08135543 
692 285 13 16 0.08039791 
42 246 8 11 0.080380484 
0 393 9 15 0.08015387 
56 372 14 16 0.077688046 
19 337 19 25 0.07754583 
28 403 15 18 0.07635477 
174 339 16 20 0.073946185 
684 308 27 32 0.073930085 
62 233 10 13 0.07184947 
623 301 22 26 0.07056707 
206 315 30 32 0.069876425 
622 231 15 19 0.06859838 
437 444 13 19 0.06693602 
638 290 24 30 0.066271245 
870 315 12 16 0.06581116 
12 451 13 16 0.0646093 
486 227 17 21 0.06349961 
742 465 11 16 0.06284718 
416 310 27 35 0.06194465 
887 298 26 29 0.06068573 
122 403 12 16 0.058825538 
544 271 26 29 0.058373142 
592 286 23 29 0.058273 
0 350 9 16 0.05733206 
111 286 15 20 0.057329133 
99 437 15 18 0.05630297 
772 348 26 32 0.05578784 
998 284 14 18 0.055441044 
763 335 32 39 0.05427136 
958 407 13 17 0.054019652 
20 430 12 16 0.053829703 
670 446 9 12 0.05378284 
558 297 16 19 0.05377263 
710 301 32 35 0.052669916 
104 407 12 15 0.052541703 
28 373 16 20 0.05176251 
517 290 25 28 0.051722825 
750 321 18 23 0.05119506 
-2 326 7 12 0.050563306 
109 238 13 14 0.050371446 
941 327 13 19 0.049693514 
29 238 8 10 0.049666386 
4 405 10 13 0.04965446 
684 218 11 13 0.049599443 
723 339 18 22 0.048662744 
17 247 10 12 0.048401214 
333 328 27 36 0.048286308 
205 461 9 12 0.048052255 
631 275 10 13 0.04703592 
30 254 8 10 0.046884757 
403 443 13 17 0.045633078 
135 443 10 12 0.04550035 
53 221 8 11 0.045447767 
580 293 14 17 0.045003623 
59 366 12 15 0.04476172 
6 246 9 12 0.044250626 
299 273 45 51 0.04381411 
299 280 16 21 0.04331501 
546 287 15 18 0.042986996 
794 325 24 32 0.042865917 
112 207 10 11 0.042747345 
931 284 19 26 0.041875552 
122 321 16 21 0.041764937 
636 305 26 31 0.041319314 
466 211 14 18 0.041130297 
168 309 32 31 0.041115284 
781 342 26 34 0.041071832 
603 296 23 30 0.040477853 
23 449 14 18 0.040435966 
902 262 8 10 0.039828185 
273 302 33 39 0.03971824 
737 222 24 29 0.039507806 
124 409 13 15 0.039381813 
62 384 12 15 0.03934898 
687 201 11 13 0.03899141 
73 371 13 16 0.038374588 
497 201 473 520 0.038249407 
1000 277 13 16 0.037797816 
761 233 16 20 0.03726728 
314 285 17 23 0.03723353 
9 334 12 15 0.036883213 
586 294 17 20 0.036634017 
348 193 13 16 0.03624091 
81 225 10 11 0.035983488 
206 332 26 30 0.03594527 
100 426 15 18 0.03579292 
765 281 12 14 0.0350403 
686 237 12 16 0.03461367 
139 434 12 14 0.034497038 
675 320 27 32 0.03397771 
5 251 10 13 0.033957478 
152 421 11 13 0.033541843 
553 282 15 18 0.033523504 
787 294 12 14 0.03342372 
105 316 22 28 0.03294746 
636 277 13 16 0.032923944 
159 289 54 58 0.032634966 
305 275 15 18 0.032619137 
580 265 13 17 0.03235341 
766 311 31 35 0.032337364 
558 298 26 30 0.032062504 
666 307 28 28 0.031512134 
805 294 17 23 0.030856393 
280 347 27 34 0.030340292 
165 322 29 30 0.030116186 
156 431 12 15 0.029646846 
527 315 26 34 0.029133867 
620 367 11 14 0.029095942 
978 285 15 18 0.029089775 
350 318 16 22 0.028897237 
684 305 17 21 0.028795006 
68 387 13 16 0.028781386 
424 329 25 35 0.027997345 
89 301 11 15 0.027933948 
22 251 9 11 0.027859107 
711 279 23 24 0.027840085 
452 331 16 20 0.027807243 
743 320 14 21 0.027691009 
946 293 17 21 0.02767616 
24 232 9 10 0.027570888 
114 418 15 19 0.027494779 
690 290 26 34 0.027483886 
98 309 22 28 0.027372248 
820 284 19 25 0.02723847 
85 229 9 11 0.027221953 
60 420 12 15 0.027185699 
783 239 9 12 0.027071666 
990 291 12 16 0.027056888 
369 315 15 22 0.026746718 
300 483 33 43 0.026688963 
70 367 12 14 0.026557947 
589 228 12 16 0.026309922 
77 422 11 13 0.026180614 
5 332 22 27 0.026117375 
857 287 22 31 0.02590916 
293 288 14 18 0.025862299 
116 410 13 16 0.025790507 
370 284 16 20 0.025694368 
150 428 11 14 0.025535397 
646 312 40 45 0.025416953 
1004 300 16 22 0.025401125 
29 428 12 15 0.025350368 
819 299 33 42 0.02530912 
782 321 26 33 0.02522302 
893 295 16 20 0.025183618 
157 356 12 16 0.025139932 
397 414 11 13 0.025105655 
49 238 10 12 0.02510117 
71 422 11 14 0.02487539 
380 381 12 16 0.024874786 
739 300 13 19 0.024866102 
872 302 23 31 0.024822652 
290 334 31 37 0.024720741 
347 336 14 22 0.024662625 
716 343 16 19 0.024569053 
544 261 12 12 0.024364976 
955 296 15 18 0.024332521 
411 292 17 21 0.024292808 
540 348 12 17 0.024177639 
775 290 28 32 0.02417003 
643 287 14 19 0.023983039 
67 245 10 12 0.023945669 
62 427 10 12 0.023919513 
337 414 28 34 0.023899194 
35 403 14 19 0.023873745 
1 254 8 12 0.023818055 
593 326 17 22 0.023797061 
445 320 29 35 0.023783429 
791 285 28 34 0.02370424 
812 301 16 20 0.023661127 
724 298 25 32 0.023642637 
142 282 47 55 0.023630703 
574 218 13 15 0.023615127 
801 323 16 22 0.023543987 
605 328 15 23 0.023287997 
349 322 25 39 0.023175647 
347 274 15 17 0.023115586 
506 273 14 17 0.023062084 
287 321 19 22 0.022776917 
387 165 22 32 0.022734981 
738 213 40 48 0.02263658 
22 409 13 16 0.022604402 
988 419 29 31 0.022511944 
0 409 10 15 0.022436379 
203 308 51 50 0.02238975 
481 300 20 26 0.022349037 
428 342 16 21 0.022229709 
256 392 11 14 0.022118531 
985 287 22 27 0.022112887 
577 298 25 32 0.022096662 
773 237 11 14 0.022075359 
85 359 24 30 0.02205202 
293 270 26 33 0.021906601 
88 294 10 14 0.021880072 
124 398 12 16 0.021785455 
609 281 15 19 0.021732489 
272 378 11 14 0.021347597 
28 436 12 15 0.021276906 
718 290 25 30 0.02126084 
153 435 11 14 0.02115991 
6 240 9 11 0.021040017 
863 320 13 19 0.020965822 
998 294 17 20 0.020857332 
11 420 16 19 0.020831766 
331 365 25 31 0.020741606 
47 369 12 17 0.020688817 
348 274 25 31 0.020662623 
10 439 20 25 0.020659378 
680 216 11 12 0.02063055 
40 241 8 10 0.020558942 
297 303 43 51 0.020475704 
524 347 24 33 0.020452721 
39 251 10 12 0.020365832 
126 462 10 12 0.020272799 
973 295 24 28 0.020261884 
890 322 18 25 0.020230046 
99 299 17 22 0.020100694 
920 296 15 20 0.0200916 
336 499 11 14 0.020072497 
