10_People_Marching_People_Marching_10_People_Marching_People_Marching_10_People_Marching_People_Marching_10_619
228
431 461 13 15 0.93382615 
438 433 9 11 0.6237565 
51 484 17 20 0.5758338 
519 448 11 15 0.55156 
192 467 13 17 0.49554774 
669 441 14 19 0.4673395 
501 441 9 12 0.43717363 
353 458 8 10 0.33924624 
582 442 11 15 0.3321762 
497 456 8 10 0.29243547 
93 476 14 18 0.28164262 
555 445 14 18 0.2765969 
160 478 11 15 0.2630953 
238 528 9 12 0.23675151 
588 437 12 16 0.22782944 
407 430 8 10 0.20623711 
447 448 9 10 0.17681117 
166 484 10 13 0.17324401 
400 468 9 12 0.16074805 
415 446 8 9 0.15434335 
101 484 10 14 0.14985275 
462 449 7 10 0.1469765 
233 470 10 12 0.14463522 
260 459 10 13 0.14105174 
357 456 9 11 0.12859282 
457 432 7 10 0.12856546 
576 442 13 17 0.1219872 
540 451 9 13 0.11626923 
223 453 10 13 0.10953617 
257 456 10 12 0.10918313 
304 459 10 13 0.10280398 
444 438 9 10 0.101717025 
0 443 16 21 0.09543832 
868 659 25 29 0.08937598 
535 447 10 14 0.08598977 
308 455 9 12 0.083266236 
321 524 15 19 0.081147105 
498 444 9 11 0.079207644 
414 429 7 10 0.077491544 
402 431 9 10 0.07744005 
597 437 10 14 0.07528334 
171 485 8 12 0.075092904 
456 449 8 10 0.07377732 
181 433 9 11 0.07249653 
606 440 10 13 0.06941806 
88 481 12 16 0.06929453 
408 424 8 12 0.06733259 
402 380 424 452 0.06496909 
361 430 9 12 0.06072992 
282 271 6 9 0.059287388 
185 467 13 17 0.058408774 
445 432 9 10 0.05824697 
239 501 9 11 0.057492603 
328 446 8 10 0.055863343 
162 469 14 18 0.0538494 
415 440 8 10 0.05321602 
408 437 8 10 0.052731168 
593 461 10 13 0.052279867 
1003 753 21 28 0.052148134 
231 464 11 13 0.051228415 
176 520 9 11 0.050301556 
67 480 13 20 0.050047383 
39 475 13 19 0.04955114 
501 455 8 11 0.048009414 
294 453 10 12 0.046093818 
157 423 12 13 0.045788523 
334 380 11 14 0.045411423 
222 460 11 14 0.04523558 
269 263 8 10 0.045202192 
270 472 7 11 0.04499555 
107 483 10 14 0.044221256 
328 455 7 10 0.043883104 
60 477 13 20 0.043742992 
44 478 15 19 0.04317944 
557 441 12 14 0.041636985 
215 468 10 12 0.041547917 
970 664 25 31 0.041377157 
153 379 9 11 0.040924776 
215 461 10 14 0.040565804 
522 488 8 10 0.039794713 
529 96 9 13 0.039785605 
207 461 10 14 0.03904718 
256 519 10 13 0.038522035 
582 159 10 14 0.03786436 
961 665 40 49 0.03781499 
234 531 9 12 0.037578553 
324 517 13 16 0.03741755 
329 460 8 11 0.03731278 
642 519 8 11 0.036612675 
110 542 9 11 0.03584606 
265 472 8 10 0.035152704 
150 483 10 13 0.035151817 
189 486 9 13 0.03500605 
521 493 8 11 0.03495091 
336 92 9 12 0.03491845 
925 706 15 17 0.034913998 
266 262 7 10 0.0346381 
153 478 11 15 0.034608833 
536 94 11 14 0.03410374 
163 461 12 15 0.034080673 
333 462 7 9 0.034014363 
553 511 7 10 0.03372103 
293 494 9 12 0.033527546 
436 456 11 15 0.033470903 
462 470 8 11 0.03334421 
270 460 9 12 0.033029806 
346 456 7 9 0.032706358 
266 476 9 12 0.032574426 
295 461 9 13 0.032476414 
564 443 13 17 0.032337688 
614 440 11 13 0.032250546 
254 537 10 12 0.032211497 
633 428 9 11 0.03203438 
961 690 18 23 0.031802695 
247 454 10 13 0.03149407 
997 676 14 22 0.031284016 
257 256 8 10 0.031266503 
998 730 13 17 0.030743958 
146 485 10 12 0.03052173 
119 436 10 12 0.030421883 
382 454 9 11 0.030306228 
455 424 8 11 0.029971853 
270 455 10 12 0.029927572 
207 549 7 9 0.029254122 
104 567 10 14 0.029233215 
289 453 10 12 0.028936582 
360 436 9 11 0.028812766 
185 492 10 13 0.027723221 
513 445 11 15 0.027618509 
224 529 8 11 0.027405173 
337 471 7 9 0.027397662 
333 438 9 13 0.027259802 
984 669 22 30 0.027236626 
471 455 7 10 0.027146688 
567 439 11 14 0.02706178 
552 440 11 13 0.026911754 
78 534 9 12 0.026901387 
390 422 9 12 0.026856204 
236 462 12 15 0.026806982 
342 471 8 11 0.026799737 
967 662 11 14 0.026693178 
473 485 9 11 0.026672052 
302 93 8 11 0.026628122 
410 445 9 11 0.02633117 
247 460 11 14 0.026256215 
223 468 9 12 0.026190631 
173 476 9 14 0.026140083 
432 407 7 9 0.026001073 
461 431 7 10 0.025986837 
176 435 12 15 0.025926668 
228 451 11 14 0.0255674 
504 399 8 9 0.025483698 
534 440 8 11 0.0252576 
473 479 8 11 0.025249358 
325 512 10 13 0.024865625 
584 470 8 10 0.024837414 
216 454 10 13 0.024797525 
312 495 7 10 0.024701469 
321 454 9 11 0.024666972 
432 447 9 11 0.02458038 
290 447 9 11 0.02457901 
358 446 9 11 0.024490274 
510 518 8 11 0.024464969 
461 436 8 10 0.024343675 
401 424 9 12 0.024327982 
505 524 8 10 0.024247149 
0 419 8 14 0.02422723 
248 534 8 11 0.024154887 
65 367 8 10 0.024079403 
87 506 12 16 0.02404713 
224 558 7 10 0.023856824 
684 405 11 15 0.02378801 
394 385 7 9 0.023750005 
331 444 10 13 0.023616277 
240 496 8 11 0.023566565 
425 421 9 12 0.023461992 
408 416 7 10 0.02342603 
561 468 9 11 0.023366747 
681 410 11 16 0.023292685 
952 726 11 12 0.023261607 
263 257 7 9 0.023124665 
157 436 16 18 0.022956239 
973 662 15 18 0.022906283 
392 446 9 10 0.022845788 
463 462 8 10 0.022842918 
621 439 10 12 0.022841452 
405 468 8 12 0.022744546 
833 721 26 33 0.022470579 
415 451 9 12 0.022412231 
895 683 23 33 0.022411814 
498 435 17 23 0.02232825 
931 699 16 19 0.022276435 
114 413 208 234 0.022223921 
160 478 19 24 0.022215048 
255 454 18 23 0.022199055 
435 436 8 11 0.022050297 
366 453 9 13 0.021939158 
278 455 9 12 0.021876503 
414 462 9 12 0.021821339 
265 270 9 10 0.02177234 
391 463 9 11 0.021769825 
585 433 10 13 0.021761196 
592 323 397 518 0.02175514 
98 469 13 19 0.021741487 
527 439 10 13 0.021648575 
446 424 8 10 0.02164335 
576 460 9 12 0.021437949 
565 462 9 11 0.021296026 
926 715 15 17 0.02129588 
254 467 10 12 0.021267869 
239 507 10 12 0.021260224 
239 454 9 11 0.021170784 
93 436 14 19 0.0211648 
280 277 8 10 0.021128299 
271 246 7 9 0.020886097 
165 541 10 12 0.02087291 
990 675 13 19 0.020810552 
400 436 9 11 0.02076906 
574 448 12 16 0.020744402 
375 447 8 10 0.020736145 
225 552 8 9 0.020733329 
151 421 11 13 0.020633817 
559 460 11 12 0.02053754 
217 485 10 12 0.020413302 
398 447 8 11 0.020348798 
893 690 15 21 0.020253414 
436 426 17 23 0.020175304 
320 511 9 11 0.020139247 
