10_People_Marching_People_Marching_2_668
329
656 308 34 38 0.9987851 
538 294 32 36 0.9985605 
296 350 36 43 0.9965037 
97 261 34 44 0.9917568 
769 317 24 28 0.9900232 
189 297 38 48 0.98875076 
408 306 45 52 0.9850582 
603 305 23 29 0.97972107 
922 335 17 21 0.9699555 
369 330 22 27 0.9644421 
461 316 27 36 0.93621707 
512 313 23 29 0.9354703 
857 316 21 23 0.93451273 
957 330 13 15 0.51054627 
834 326 17 20 0.49873474 
985 332 13 15 0.47910088 
851 359 13 16 0.46712798 
903 346 13 16 0.286908 
839 292 12 14 0.2813377 
584 260 12 15 0.21279149 
748 315 14 17 0.20378582 
953 376 9 11 0.18082622 
941 297 14 16 0.17177989 
812 341 14 18 0.16166916 
951 332 12 15 0.15384348 
1006 342 10 12 0.14267018 
305 239 8 11 0.14015009 
642 328 17 22 0.13760814 
922 325 11 13 0.13604465 
896 279 8 11 0.1297327 
981 380 8 11 0.123290695 
830 309 13 17 0.12180557 
881 325 11 15 0.117917985 
1013 348 8 12 0.11753682 
967 343 9 13 0.113806814 
941 307 10 13 0.110000834 
773 302 14 16 0.10246286 
500 308 24 31 0.1006444 
726 286 10 12 0.0980797 
894 364 13 15 0.092715986 
999 333 10 12 0.09256563 
886 286 8 9 0.091267854 
828 315 20 25 0.09049803 
974 300 10 12 0.08931428 
764 380 12 15 0.08917406 
968 296 10 12 0.08548585 
935 374 8 10 0.084185496 
513 293 30 36 0.08226906 
959 321 11 13 0.081817746 
722 254 8 10 0.08142482 
524 294 36 46 0.07848974 
951 340 10 14 0.0777996 
921 358 9 12 0.07610984 
855 254 10 13 0.07336717 
582 313 13 17 0.07244281 
984 279 10 11 0.0704462 
821 298 11 14 0.0700359 
828 231 8 10 0.06943546 
905 398 9 12 0.068165526 
679 295 25 31 0.06582382 
1005 348 11 13 0.063659295 
533 273 14 17 0.06325025 
845 286 11 15 0.06316292 
744 280 9 11 0.06306668 
600 251 10 12 0.062266473 
23 313 7 9 0.06136326 
919 390 9 12 0.061172776 
831 303 10 12 0.060109787 
670 211 10 13 0.05958098 
660 286 15 18 0.059435125 
863 303 12 14 0.05925293 
854 276 10 11 0.05774287 
587 307 13 19 0.05556727 
841 313 21 27 0.054455753 
894 347 14 18 0.05427952 
837 298 15 17 0.053858418 
988 321 11 13 0.05323397 
9 327 8 10 0.053201485 
588 -52 455 482 0.05292798 
992 351 10 12 0.05258348 
472 316 20 25 0.052107897 
999 354 11 14 0.052011274 
901 279 9 11 0.050413623 
879 255 8 10 0.04976824 
856 249 8 10 0.049323794 
960 347 9 12 0.048901852 
957 339 12 15 0.048266523 
956 373 9 11 0.047912557 
346 238 9 11 0.04714563 
1014 106 9 13 0.04712192 
828 337 13 18 0.046466738 
824 331 14 17 0.046430577 
874 357 10 14 0.0462851 
744 284 10 12 0.046191074 
823 314 14 17 0.04443151 
1013 356 9 13 0.04384194 
286 254 9 11 0.04377573 
1006 335 9 11 0.043152854 
1013 334 9 12 0.04312152 
909 399 10 12 0.043016225 
741 396 13 18 0.042521197 
920 319 11 15 0.04238766 
0 284 8 13 0.042311233 
907 342 12 16 0.041820962 
145 324 38 50 0.041632816 
7 311 7 10 0.040844016 
943 342 9 12 0.040766522 
846 390 10 14 0.040745925 
947 295 11 14 0.040585387 
690 303 16 21 0.040364996 
868 301 13 15 0.040095616 
308 261 11 14 0.039754245 
520 238 9 11 0.039461873 
700 124 14 18 0.039298967 
991 256 9 10 0.039014142 
837 287 19 24 0.038686477 
617 255 10 12 0.03867289 
687 433 12 13 0.038508512 
605 248 9 11 0.03843044 
816 299 11 13 0.03829852 
808 294 8 11 0.037944272 
782 207 8 9 0.03778996 
1 309 8 12 0.03755953 
236 252 14 17 0.036859553 
726 328 15 19 0.036807958 
895 341 12 14 0.03588571 
791 189 8 9 0.03582337 
447 308 32 46 0.035477713 
1004 353 12 15 0.03541624 
982 367 9 11 0.035329025 
833 294 9 12 0.03520527 
942 348 10 12 0.03520238 
800 223 9 10 0.03519588 
990 309 10 12 0.034894325 
543 271 12 14 0.034786377 
905 286 8 10 0.034600515 
890 380 15 19 0.034309395 
847 276 11 14 0.03429245 
373 268 8 11 0.034147263 
829 238 7 9 0.033886474 
721 249 8 11 0.03387332 
725 304 15 19 0.033849396 
932 345 12 16 0.033800703 
593 240 9 11 0.033658996 
509 306 18 24 0.03364749 
799 238 8 9 0.03364379 
776 306 19 22 0.03360215 
999 254 8 10 0.03359095 
815 371 14 19 0.033477347 
916 302 13 14 0.033397987 
172 284 12 17 0.033393648 
849 255 11 12 0.03338691 
17 312 7 10 0.03336631 
835 336 15 18 0.033262808 
894 333 10 14 0.03313167 
821 344 13 17 0.033106167 
184 267 13 15 0.032909874 
909 286 11 12 0.032720517 
14 326 8 10 0.0323836 
710 329 16 19 0.032326613 
657 286 26 30 0.031971518 
505 273 8 10 0.031969465 
793 372 11 14 0.031955317 
744 291 10 14 0.031884342 
356 275 11 15 0.031858936 
801 284 9 12 0.031768527 
940 285 11 12 0.031695895 
978 375 9 12 0.031669002 
288 303 10 12 0.03164534 
855 215 7 10 0.031404704 
359 336 26 35 0.031394187 
15 319 7 10 0.031302013 
195 240 13 17 0.030843955 
281 253 9 11 0.03067655 
41 302 7 9 0.030575797 
170 280 22 31 0.030519143 
848 232 8 10 0.030390842 
925 363 9 12 0.03023821 
293 255 8 11 0.030165115 
612 435 12 13 0.029999226 
917 395 9 12 0.029881274 
38 318 8 10 0.029821534 
406 258 10 14 0.029814985 
738 307 19 24 0.029767502 
911 278 10 12 0.029612405 
968 389 8 10 0.02933554 
740 390 12 15 0.029324431 
357 344 14 21 0.029094975 
602 230 8 10 0.029049823 
725 279 12 14 0.02893164 
980 301 11 14 0.02873377 
273 240 8 10 0.0287278 
807 191 8 9 0.028693542 
848 373 12 14 0.02837459 
768 306 14 16 0.028241761 
533 254 10 13 0.028229516 
389 231 11 13 0.028197471 
401 270 8 11 0.02819095 
806 315 14 16 0.028121015 
958 367 9 12 0.028011557 
188 234 22 27 0.027770882 
849 342 22 28 0.027710529 
750 310 21 26 0.02758364 
600 390 27 31 0.027393585 
800 331 21 26 0.027337106 
994 355 10 12 0.027164876 
950 308 10 13 0.027097939 
407 214 11 13 0.027067719 
936 367 11 12 0.027040685 
305 255 9 10 0.027035406 
858 301 23 27 0.026931375 
9 318 8 10 0.026827384 
801 231 8 10 0.026764778 
994 381 10 12 0.026749438 
933 382 9 11 0.026737845 
0 291 8 13 0.026509501 
886 311 10 13 0.026424956 
917 294 11 13 0.026323438 
1010 109 9 12 0.026263949 
748 279 9 11 0.026252106 
536 271 23 27 0.026233438 
877 316 13 17 0.026198307 
971 348 12 14 0.026173916 
928 254 9 10 0.026046729 
847 238 8 10 0.026031826 
455 410 10 13 0.025962433 
801 280 8 11 0.025879096 
238 331 15 18 0.025868515 
983 124 8 11 0.02585617 
580 219 11 13 0.025701769 
604 429 11 13 0.025390975 
946 333 9 13 0.025108853 
518 231 9 11 0.025015134 
869 294 12 15 0.024929833 
891 323 13 17 0.02490717 
791 184 8 10 0.024789779 
280 247 9 10 0.024734907 
873 255 9 10 0.024652338 
716 291 24 30 0.024635306 
865 215 7 9 0.024588063 
1015 311 8 12 0.02458794 
196 268 11 15 0.024538185 
879 259 9 11 0.024402149 
907 353 12 15 0.024398655 
721 306 25 30 0.024231581 
885 317 11 15 0.024189744 
741 416 17 21 0.02409024 
34 319 7 10 0.024057651 
518 277 26 36 0.023914255 
775 296 12 14 0.023885174 
1 327 7 11 0.023826404 
973 342 10 13 0.023823528 
176 270 24 33 0.02375774 
418 275 29 35 0.023656672 
847 270 12 14 0.02355534 
1015 423 8 11 0.023553913 
936 301 13 15 0.023535935 
888 280 9 12 0.023490401 
365 324 18 23 0.023471037 
853 283 10 14 0.023469321 
309 257 9 11 0.023413233 
494 312 16 23 0.023364248 
881 279 10 14 0.02334752 
514 301 18 21 0.023263423 
304 231 8 10 0.02324921 
936 248 9 10 0.023211084 
725 199 9 11 0.023199879 
373 276 9 13 0.023141474 
616 246 9 11 0.02311604 
857 354 13 18 0.022942407 
982 306 11 14 0.022819785 
140 421 13 15 0.022773543 
885 290 10 14 0.022744723 
852 291 11 15 0.02265318 
372 263 9 11 0.0226056 
726 248 8 10 0.022594197 
976 278 8 11 0.022571554 
193 227 37 49 0.022511007 
1014 430 9 12 0.022332333 
797 331 15 18 0.022199132 
812 321 14 18 0.02210928 
87 290 11 15 0.022095675 
598 238 9 11 0.021977643 
513 231 9 11 0.021806145 
525 238 10 13 0.02173171 
532 261 12 15 0.02163463 
982 399 8 10 0.021629965 
926 279 10 12 0.021620616 
725 291 13 17 0.021614324 
846 379 12 14 0.021613358 
900 306 14 16 0.021601219 
854 221 8 10 0.021484036 
952 317 10 13 0.0214431 
927 383 10 12 0.021210821 
919 323 20 27 0.02120072 
521 244 10 13 0.021196766 
1008 336 18 25 0.021115739 
79 376 11 12 0.021082096 
392 252 11 13 0.021047248 
871 260 9 11 0.021021962 
237 388 39 51 0.020963354 
82 271 7 10 0.020922028 
794 237 8 10 0.02091595 
959 397 8 11 0.02088687 
740 317 20 26 0.020874638 
893 308 12 14 0.020841613 
734 255 9 12 0.020823421 
989 272 9 11 0.020785576 
939 362 13 15 0.02076785 
738 395 23 30 0.020736994 
358 318 10 12 0.020724636 
743 262 8 10 0.020665001 
147 220 14 19 0.020644013 
15 294 9 11 0.02061179 
601 223 8 10 0.020601537 
805 230 8 10 0.020600243 
920 383 10 13 0.020573754 
737 241 7 8 0.020551378 
24 263 8 10 0.020513192 
973 457 11 12 0.020482766 
527 252 11 12 0.020478088 
734 286 9 11 0.02041746 
870 215 8 9 0.020319998 
989 110 9 12 0.02027923 
940 279 10 12 0.020273183 
785 191 7 9 0.020212192 
387 519 25 27 0.020163339 
887 431 8 12 0.020161098 
81 320 9 11 0.02013547 
