10_People_Marching_People_Marching_2_2
520
663 478 29 53 0.98042595 
948 467 41 60 0.96568674 
488 483 24 40 0.95621073 
759 425 28 36 0.94361544 
658 395 16 27 0.90689605 
791 385 12 19 0.8960087 
630 381 12 16 0.7739053 
904 404 19 25 0.68094546 
961 392 17 28 0.6662741 
255 456 27 40 0.65758705 
559 380 14 17 0.5446849 
828 350 9 11 0.54134804 
722 394 14 20 0.5339215 
761 392 15 18 0.48523113 
436 404 9 12 0.45389223 
1001 420 22 31 0.42989033 
661 434 15 26 0.41362962 
294 397 9 12 0.39664856 
573 426 12 18 0.37956077 
643 412 13 17 0.3685383 
478 374 9 12 0.3373569 
538 374 9 11 0.3296888 
253 384 8 11 0.32696134 
39 389 10 15 0.3231945 
618 359 8 10 0.32168126 
404 392 10 12 0.29791757 
364 381 9 11 0.29235867 
476 398 10 13 0.28941882 
337 390 10 14 0.26865205 
301 408 10 12 0.26638255 
590 353 8 10 0.26086742 
452 463 15 26 0.24661031 
312 442 12 18 0.24260986 
424 383 9 11 0.23889515 
522 419 12 16 0.23453052 
942 359 10 12 0.22057223 
863 418 12 19 0.20680717 
269 398 10 12 0.2004538 
313 391 8 11 0.19310252 
343 457 13 22 0.19162 
266 448 28 44 0.19131744 
271 384 8 11 0.1888642 
994 354 12 13 0.1862717 
265 399 8 10 0.18215962 
378 374 8 11 0.1780047 
662 392 12 16 0.17578554 
392 366 8 10 0.17420632 
111 403 8 12 0.16172166 
577 359 8 10 0.15893231 
164 428 13 18 0.15742956 
637 359 8 11 0.15014756 
272 388 9 12 0.14425962 
400 394 12 16 0.14082773 
702 368 9 12 0.14069897 
361 376 9 12 0.13816231 
188 420 12 15 0.1366307 
521 355 9 12 0.13586247 
375 409 13 17 0.13539611 
200 384 9 11 0.13502876 
422 448 29 36 0.12939818 
592 398 10 14 0.12762769 
536 402 13 15 0.12642694 
295 392 10 12 0.12498863 
474 376 9 12 0.122802004 
517 398 9 13 0.12165928 
232 407 9 13 0.11849596 
647 427 15 20 0.11620043 
583 358 9 11 0.114007 
515 527 27 46 0.113750555 
878 347 9 11 0.11366435 
318 383 9 10 0.11359378 
221 492 44 60 0.11307788 
199 388 11 13 0.11193928 
621 352 8 11 0.10966284 
577 404 11 14 0.10886518 
748 404 13 19 0.107217215 
182 438 13 16 0.10554541 
541 399 9 13 0.10548815 
289 398 11 13 0.10427303 
296 402 11 15 0.103057325 
536 271 10 12 0.10279855 
496 380 9 12 0.10214817 
375 394 12 14 0.10096936 
44 389 12 16 0.10064933 
700 -7 242 267 0.0989234 
639 405 10 13 0.09871426 
216 393 8 11 0.09855285 
511 445 11 15 0.0979866 
342 446 21 35 0.09459754 
729 245 41 56 0.09413453 
614 365 9 12 0.093860686 
86 403 10 15 0.093287125 
278 388 9 11 0.09281819 
912 355 11 14 0.09061504 
976 348 7 11 0.086477876 
620 259 11 12 0.08614594 
93 395 9 12 0.08553139 
104 397 9 11 0.08545184 
598 433 13 18 0.08544174 
247 463 23 37 0.08520885 
89 391 10 13 0.0850349 
265 423 10 12 0.08135797 
814 402 12 16 0.08126492 
221 397 8 10 0.08082884 
365 388 10 12 0.07935725 
376 368 8 10 0.07917496 
267 426 13 16 0.0789087 
859 367 24 34 0.0786283 
785 515 24 32 0.076836176 
669 438 22 27 0.07561705 
398 367 9 10 0.07404928 
753 395 20 25 0.07302448 
327 376 8 9 0.072960496 
517 382 9 11 0.072900966 
6 390 10 14 0.07240728 
241 421 9 14 0.07179594 
589 326 9 11 0.071091175 
682 439 23 27 0.070823856 
360 390 8 10 0.07071685 
492 405 12 15 0.07021467 
815 379 11 14 0.06998748 
695 352 7 10 0.06994283 
360 406 11 14 0.069610626 
351 392 10 12 0.069439046 
376 378 9 13 0.06907924 
609 367 9 11 0.069033206 
552 395 9 13 0.06854271 
581 398 11 14 0.06807135 
112 381 8 10 0.067582965 
407 372 9 11 0.067205094 
158 426 13 19 0.06716756 
486 413 11 15 0.06703216 
33 390 11 14 0.0655315 
224 411 10 14 0.065423265 
652 433 15 22 0.06475745 
591 390 11 13 0.06474388 
478 435 15 18 0.06462192 
613 382 9 12 0.06460234 
119 380 9 11 0.063553244 
441 382 9 11 0.06343559 
825 344 9 13 0.06326663 
671 366 10 12 0.06255655 
703 405 12 16 0.062479015 
749 403 22 28 0.062045097 
230 421 11 14 0.061616182 
637 376 10 12 0.06148017 
944 491 32 51 0.061426677 
942 353 10 12 0.06072239 
568 303 10 11 0.060304314 
412 397 10 13 0.060301207 
337 385 8 10 0.05929826 
341 393 10 15 0.059137113 
427 450 17 23 0.059028506 
389 443 20 33 0.058168326 
862 370 13 20 0.058131974 
927 376 14 20 0.058019668 
891 407 22 31 0.057852995 
119 400 9 11 0.05726485 
680 361 9 11 0.056458503 
634 384 14 16 0.055652488 
455 425 13 19 0.055217706 
316 389 9 12 0.055155173 
509 492 27 37 0.055082038 
710 402 11 16 0.054462798 
613 374 9 11 0.05444621 
103 393 8 10 0.054367147 
191 404 11 14 0.05412792 
440 367 8 9 0.054097824 
440 374 8 10 0.054011326 
381 378 10 14 0.05376707 
442 481 16 21 0.05354562 
285 452 28 34 0.053410746 
105 404 9 12 0.053156674 
198 395 12 13 0.052893057 
365 396 12 15 0.05264223 
856 371 12 17 0.052489337 
310 419 10 13 0.05248287 
388 379 12 14 0.05237257 
326 380 9 11 0.05230129 
484 439 13 18 0.052253384 
294 375 8 10 0.051158488 
527 366 10 12 0.050538532 
873 348 9 12 0.05028118 
555 532 41 64 0.049624946 
423 360 6 9 0.049527146 
536 369 10 12 0.049459822 
314 384 8 11 0.048526585 
707 433 16 22 0.048384976 
344 414 9 12 0.048113156 
297 410 11 15 0.04802732 
853 41 159 147 0.047936186 
462 365 8 10 0.047709152 
51 395 11 14 0.04761246 
351 375 8 10 0.047278345 
127 377 7 9 0.047099084 
432 374 8 10 0.046768866 
793 391 16 19 0.04669052 
633 402 10 13 0.046413187 
183 414 11 17 0.04578139 
237 411 11 15 0.045768607 
381 393 11 15 0.045512848 
962 402 27 34 0.04532796 
540 367 10 12 0.045314156 
1006 150 10 12 0.044847675 
971 373 27 30 0.04468539 
730 395 13 17 0.04448268 
265 384 8 11 0.044402797 
502 388 11 13 0.044315927 
308 413 11 14 0.044305697 
834 417 15 23 0.04423867 
184 375 9 11 0.04409712 
151 374 8 9 0.043948736 
334 374 8 10 0.043470025 
575 410 12 18 0.043028753 
416 381 10 12 0.04295029 
423 365 7 10 0.042859405 
299 397 10 13 0.04284571 
518 451 13 17 0.0424402 
484 374 9 12 0.0423186 
406 401 12 17 0.04218153 
569 420 12 19 0.0420569 
364 409 13 16 0.042056672 
595 402 13 15 0.042013414 
918 493 39 51 0.041896556 
253 457 18 25 0.04173572 
982 361 12 16 0.041638304 
917 352 11 13 0.041498322 
632 364 10 11 0.041133266 
379 481 15 18 0.04108668 
512 402 10 14 0.041041005 
603 427 15 22 0.040465616 
576 420 17 21 0.040287435 
836 468 15 21 0.04012905 
342 383 8 11 0.040061094 
637 364 10 11 0.03994982 
498 491 26 35 0.039920256 
231 381 8 10 0.039793648 
524 351 8 11 0.03977073 
205 382 8 11 0.03949228 
686 364 9 12 0.03930266 
119 513 14 21 0.039285827 
440 389 10 13 0.03927487 
477 417 13 19 0.03921252 
195 410 14 18 0.039007217 
981 367 26 30 0.038999774 
502 456 15 22 0.03879263 
183 422 20 25 0.03859426 
149 422 13 15 0.038290758 
345 375 7 9 0.038068034 
268 403 11 13 0.037922025 
437 453 26 34 0.037787374 
686 358 10 11 0.037677974 
183 392 9 11 0.037611395 
582 365 9 12 0.037567202 
487 466 21 35 0.03729899 
252 411 12 15 0.037274525 
742 398 10 14 0.037133083 
173 434 14 17 0.037088614 
501 403 12 16 0.036608048 
526 391 10 13 0.036526997 
289 375 8 9 0.035971414 
479 369 8 10 0.03594201 
78 403 14 18 0.035835378 
133 411 13 16 0.035831567 
377 360 7 9 0.03550918 
193 418 14 18 0.03537878 
263 389 10 12 0.035365283 
849 350 7 10 0.035350055 
595 504 31 36 0.03517113 
447 376 7 10 0.03516775 
486 389 10 12 0.03510934 
460 419 14 20 0.035100903 
518 389 10 13 0.03506844 
351 381 9 10 0.035065558 
936 362 12 15 0.034945942 
259 434 17 20 0.034865417 
390 373 10 12 0.03486436 
93 405 10 12 0.034804415 
621 364 10 11 0.03479395 
177 391 9 12 0.034615543 
257 441 23 31 0.034493007 
828 412 12 19 0.034311164 
556 390 14 18 0.034107845 
512 373 9 12 0.034066077 
553 389 11 15 0.03402783 
981 370 14 19 0.033896174 
920 409 16 22 0.03380133 
380 405 12 18 0.033715077 
143 407 9 13 0.033627108 
549 404 13 18 0.03347808 
797 400 15 19 0.03343826 
372 472 25 29 0.033280108 
444 394 10 14 0.033141855 
568 359 8 10 0.033136506 
413 472 14 19 0.032830186 
46 384 10 12 0.032338616 
207 395 9 12 0.03213913 
826 336 8 9 0.032126583 
857 366 10 14 0.031843055 
815 387 13 19 0.031841792 
383 360 7 10 0.03174768 
407 382 10 12 0.031735178 
634 253 10 13 0.03170031 
609 359 8 10 0.03169501 
644 400 20 26 0.031319685 
476 425 15 20 0.031213455 
909 508 27 42 0.031024653 
576 362 10 14 0.031021407 
245 426 12 16 0.030755898 
272 376 7 9 0.030744812 
747 416 15 22 0.030740017 
495 386 10 13 0.03060561 
517 375 10 11 0.030495638 
574 514 38 61 0.030495103 
204 390 10 13 0.030467212 
479 390 9 13 0.03042971 
240 382 8 11 0.030416984 
445 469 17 26 0.030398007 
564 376 12 15 0.030292314 
764 420 19 24 0.030199012 
699 439 17 22 0.030157099 
287 382 9 12 0.029901711 
412 419 14 17 0.029877527 
328 390 10 13 0.029608034 
279 396 9 13 0.02952345 
539 378 11 14 0.029466199 
212 419 14 18 0.029262533 
624 375 8 10 0.029246574 
793 435 16 19 0.029221509 
136 381 8 10 0.029195629 
215 375 8 10 0.029185817 
865 412 15 21 0.02917574 
359 397 10 13 0.0291066 
414 459 27 36 0.028978122 
972 374 14 19 0.02894016 
457 459 16 25 0.028923232 
142 369 8 9 0.02888314 
390 396 11 15 0.028863214 
142 486 41 56 0.028848214 
696 367 11 12 0.028809592 
432 359 7 8 0.02873955 
147 412 13 15 0.02870716 
238 478 38 58 0.028595287 
437 487 16 19 0.028412 
136 375 8 9 0.028348964 
380 451 26 34 0.028336044 
415 390 9 13 0.028188346 
334 420 11 13 0.028127324 
276 414 13 16 0.028099844 
334 414 11 13 0.028091148 
676 382 13 17 0.02802438 
624 385 12 15 0.028011356 
290 392 18 23 0.028008249 
334 368 8 10 0.027922532 
446 381 8 11 0.027878067 
971 349 41 52 0.027855948 
502 508 31 43 0.027781118 
0 386 20 29 0.027770234 
830 335 8 10 0.027740527 
867 364 14 21 0.02765826 
333 386 18 24 0.02757747 
583 371 9 12 0.027557245 
672 403 15 19 0.027514704 
645 380 9 13 0.027497163 
159 410 12 16 0.027494473 
383 366 8 10 0.027434153 
743 373 11 12 0.027331337 
400 372 9 12 0.027321402 
420 419 11 15 0.027288144 
707 410 12 16 0.027281752 
308 404 11 15 0.027179254 
288 304 207 207 0.027068224 
168 418 21 26 0.026997244 
416 365 9 11 0.026939228 
428 387 10 12 0.026786206 
751 422 23 30 0.026751736 
485 463 15 22 0.026743777 
502 411 11 14 0.026738418 
181 518 30 34 0.026720915 
422 394 11 14 0.026669942 
929 477 42 55 0.026653621 
954 378 22 35 0.026601927 
333 466 22 32 0.026526049 
294 383 9 11 0.026522072 
214 413 13 16 0.026393313 
173 411 14 18 0.026308535 
605 403 12 14 0.026103104 
148 424 20 25 0.025913317 
553 279 9 11 0.025788471 
126 405 11 13 0.025771093 
713 397 11 17 0.025759434 
511 388 10 14 0.025710298 
786 441 24 25 0.025698194 
754 409 25 33 0.025636362 
485 396 11 15 0.025549373 
824 409 20 29 0.025526086 
461 433 12 17 0.025515076 
744 407 13 21 0.025497204 
568 431 14 20 0.025495578 
221 426 13 17 0.02549319 
804 397 15 18 0.02540057 
527 371 11 13 0.025324732 
222 419 11 16 0.025227837 
541 483 17 18 0.025187774 
911 359 13 19 0.02517978 
94 383 8 10 0.025140159 
331 401 14 16 0.025106732 
343 420 10 12 0.025072869 
208 376 8 9 0.024979036 
316 396 9 13 0.024964815 
105 382 8 10 0.024935547 
702 427 14 19 0.024910156 
807 379 12 15 0.024861628 
398 382 10 12 0.024833327 
267 432 15 20 0.024707524 
608 428 20 28 0.024694663 
817 393 16 20 0.024602972 
559 364 10 11 0.024580559 
191 398 10 13 0.024446838 
151 476 29 39 0.024407256 
398 401 13 18 0.024267418 
925 350 9 12 0.024225052 
966 379 14 20 0.024210202 
549 450 15 17 0.02409495 
561 360 8 10 0.024040706 
815 408 14 19 0.024024535 
168 376 7 10 0.023992565 
589 243 11 12 0.023954464 
208 367 8 10 0.023846338 
254 376 8 10 0.02376648 
502 395 12 16 0.023531027 
981 350 10 12 0.023441374 
321 377 8 9 0.023429472 
432 398 18 23 0.023404293 
246 412 13 16 0.023306072 
231 377 8 9 0.023199037 
252 419 13 16 0.022881256 
257 395 9 12 0.022838313 
195 517 34 37 0.022816114 
782 375 11 13 0.022812206 
589 433 15 20 0.022789974 
623 342 9 12 0.022775078 
89 384 9 11 0.022745574 
298 448 19 22 0.022719579 
584 341 9 13 0.022672573 
206 425 14 18 0.022592306 
837 421 22 27 0.022560488 
143 373 7 10 0.02255726 
407 409 11 17 0.022546422 
262 413 11 15 0.02251851 
567 365 9 11 0.022509402 
589 332 10 12 0.022508226 
150 482 14 19 0.02250813 
287 351 8 9 0.022501828 
647 412 20 31 0.022419013 
526 229 8 11 0.022412566 
248 378 17 22 0.022383234 
688 351 10 11 0.022236243 
664 366 12 14 0.022230366 
11 389 9 14 0.022228979 
142 382 8 11 0.022222133 
122 441 15 20 0.022174204 
438 409 11 14 0.022174 
286 390 11 12 0.022044823 
359 375 18 23 0.021968218 
329 396 11 15 0.021962278 
883 348 11 13 0.021944048 
917 376 16 20 0.02185745 
989 352 20 24 0.021818485 
653 405 14 22 0.021780433 
455 374 9 11 0.02174571 
825 353 11 14 0.02173841 
426 473 26 32 0.02167411 
625 332 11 13 0.021656817 
938 350 9 13 0.02161119 
542 407 14 20 0.021564297 
63 402 13 17 0.021519126 
177 383 7 10 0.021468373 
301 418 13 16 0.021436766 
853 349 8 11 0.021433963 
45 385 19 25 0.021343265 
252 428 14 17 0.021307742 
412 403 13 16 0.021267649 
576 430 17 22 0.02113386 
398 410 11 16 0.021045744 
719 373 10 12 0.021002145 
794 407 18 21 0.020963032 
185 368 8 10 0.020956198 
472 390 9 13 0.020951537 
412 411 15 17 0.020935426 
142 435 25 32 0.020927783 
468 418 15 20 0.02091461 
631 318 9 11 0.020834535 
198 436 12 15 0.020811727 
369 357 8 10 0.020771528 
818 380 13 17 0.020760627 
316 422 9 12 0.020751625 
119 391 9 11 0.020709515 
569 297 8 10 0.020707466 
667 388 12 18 0.020704681 
510 411 12 17 0.020694237 
23 390 12 15 0.02065764 
263 367 8 9 0.020643897 
584 391 10 13 0.020619519 
969 347 10 13 0.020587267 
567 351 9 12 0.020432455 
912 397 18 21 0.02039143 
432 367 9 11 0.020364601 
644 -101 383 474 0.020359145 
440 360 7 8 0.020346131 
532 434 15 18 0.020333324 
473 393 17 23 0.020314192 
334 458 16 23 0.020256586 
215 403 11 15 0.020244591 
110 460 12 17 0.020214565 
964 384 31 36 0.020213401 
477 457 15 22 0.020193232 
157 489 46 58 0.02006666 
244 504 42 52 0.020022608 
396 434 14 21 0.020016706 
