10_People_Marching_People_Marching_2_395
171
580 179 29 43 0.99631566 
955 178 31 39 0.9913111 
216 158 37 46 0.96031106 
742 215 26 31 0.9527703 
829 214 25 30 0.9448114 
154 184 24 30 0.83687913 
62 223 26 31 0.8333768 
104 192 31 35 0.7578008 
327 227 30 34 0.6551281 
11 229 15 21 0.5742808 
925 142 22 33 0.571698 
517 197 25 32 0.55430645 
417 212 27 36 0.53174627 
663 215 24 29 0.4276179 
468 200 26 30 0.36356056 
36 196 24 32 0.29908216 
360 246 25 30 0.2511759 
18 262 18 22 0.24984191 
822 203 41 48 0.21917595 
284 263 14 19 0.21450946 
167 189 25 31 0.20682102 
236 171 31 34 0.19163519 
149 192 16 22 0.1507561 
0 232 11 16 0.14049007 
859 213 15 20 0.14030835 
466 184 29 31 0.13555011 
434 219 14 18 0.12169635 
845 209 27 31 0.116348244 
99 171 14 16 0.11151418 
740 211 45 50 0.11023086 
162 173 15 19 0.10935422 
343 231 17 23 0.10716169 
381 232 13 16 0.10538302 
517 214 14 18 0.10255073 
710 310 15 22 0.09945413 
672 216 29 34 0.08797856 
986 185 15 20 0.08458304 
817 204 29 34 0.081996135 
674 224 16 19 0.08049165 
50 229 27 31 0.080322444 
1012 318 12 21 0.079728276 
319 230 22 28 0.07861516 
45 243 16 18 0.0757853 
319 244 12 14 0.073807016 
804 195 29 39 0.072941795 
932 146 29 33 0.07214225 
310 252 11 14 0.07019143 
108 174 12 13 0.070105575 
444 218 12 17 0.068548955 
120 200 18 21 0.06655873 
102 199 19 22 0.06573212 
526 291 9 14 0.06479778 
662 231 16 20 0.06406758 
395 220 30 36 0.06269822 
973 181 28 30 0.06177693 
913 239 19 22 0.059019152 
248 184 18 21 0.05748496 
284 271 14 20 0.053420804 
331 252 14 17 0.052172367 
468 182 18 21 0.050765995 
320 230 12 16 0.050704528 
232 321 31 33 0.050583377 
29 190 39 51 0.050313555 
301 336 27 35 0.049758926 
0 226 20 27 0.04975275 
71 202 13 14 0.04940088 
31 204 14 17 0.048200455 
4 238 26 37 0.04409824 
665 161 28 37 0.04067252 
674 213 19 23 0.040242787 
52 209 30 38 0.03987138 
374 223 27 31 0.039710294 
805 262 26 42 0.039707422 
482 201 28 30 0.03946281 
506 209 25 29 0.03933126 
144 196 14 19 0.039299294 
435 213 22 29 0.038685057 
866 217 14 18 0.038653452 
281 409 18 23 0.038262323 
647 301 14 21 0.037894603 
78 203 12 13 0.037624605 
316 251 11 14 0.036371738 
49 202 15 21 0.03420525 
353 239 24 31 0.033084515 
415 208 12 15 0.032655172 
757 214 33 34 0.032530416 
61 237 26 32 0.031982303 
156 168 30 38 0.031753454 
7 255 25 35 0.030937308 
366 230 27 30 0.030736849 
721 239 26 36 0.03068085 
133 209 13 18 0.030375227 
463 191 48 53 0.030225141 
38 191 14 16 0.029985396 
368 244 18 20 0.029734578 
87 182 10 13 0.029613495 
358 271 26 32 0.02960894 
16 221 18 21 0.029360522 
323 333 30 32 0.029319964 
939 159 30 41 0.02929061 
973 196 31 36 0.029275173 
689 211 17 22 0.029262947 
676 232 16 19 0.028627902 
727 223 30 38 0.02862235 
590 195 31 36 0.028570516 
317 276 9 12 0.028474117 
635 260 14 19 0.028445084 
155 219 23 30 0.028298998 
327 244 26 30 0.028267534 
96 171 25 28 0.028042896 
300 343 16 22 0.027152041 
372 234 16 18 0.027086062 
703 298 26 39 0.02697562 
527 454 40 47 0.02690249 
305 248 9 11 0.026765767 
642 319 15 21 0.026547557 
333 238 17 21 0.026134571 
430 172 14 18 0.025996301 
731 251 13 17 0.025968833 
311 241 23 29 0.025931517 
7 213 11 13 0.025896976 
402 224 19 21 0.025660109 
323 437 14 20 0.025656965 
412 222 19 24 0.025529787 
185 196 15 19 0.025385933 
690 216 29 39 0.02537689 
936 220 29 40 0.024980385 
873 359 31 43 0.024794543 
67 254 17 20 0.024586234 
390 217 14 18 0.024573945 
388 233 15 18 0.024382774 
177 189 16 21 0.024303017 
669 89 12 16 0.023689104 
271 351 8 11 0.023592716 
85 202 11 15 0.0235366 
947 228 15 19 0.023505919 
1007 217 15 20 0.023297982 
906 282 29 39 0.022948923 
303 260 11 14 0.02288663 
756 99 25 34 0.022870187 
364 238 13 16 0.022726998 
14 215 12 14 0.022575624 
460 228 30 36 0.022294484 
682 232 18 20 0.022275196 
253 435 15 18 0.022194514 
923 95 16 19 0.022123901 
151 179 15 20 0.02204706 
759 227 33 36 0.02200579 
391 211 13 15 0.021992004 
592 84 27 35 0.02180379 
279 282 11 16 0.021797331 
281 252 23 33 0.021789245 
730 225 49 62 0.021776935 
621 419 14 20 0.021677975 
373 218 44 50 0.021518668 
312 270 10 12 0.02143289 
511 217 14 18 0.02131612 
488 210 28 31 0.021160798 
169 178 16 22 0.020774214 
623 425 17 22 0.020769317 
1013 180 12 20 0.02066755 
51 196 26 31 0.020642694 
55 249 24 28 0.02061769 
1004 177 21 34 0.02059223 
892 355 25 38 0.020542579 
984 174 24 34 0.020439029 
980 211 25 31 0.020372478 
987 202 25 32 0.020288121 
681 230 29 32 0.020206725 
2 208 25 31 0.020084115 
941 177 33 44 0.020006 
