10_People_Marching_People_Marching_2_823
88
372 189 184 271 0.9994055 
229 414 25 33 0.7784822 
945 492 23 29 0.71492743 
799 444 26 32 0.6761659 
989 462 13 16 0.32384235 
681 961 194 259 0.21418421 
995 461 11 15 0.14976129 
844 451 14 18 0.13710564 
741 473 16 20 0.13476484 
1012 452 12 19 0.12480992 
971 461 10 14 0.099153265 
207 409 27 30 0.08027044 
945 454 23 29 0.07573631 
821 485 13 18 0.074446626 
255 436 43 52 0.073371455 
186 443 46 51 0.06871488 
210 405 40 47 0.066673726 
791 503 33 41 0.065143906 
877 464 13 16 0.05976225 
780 435 14 18 0.05141458 
847 484 12 15 0.048216514 
790 454 30 32 0.046808403 
735 475 15 18 0.04609034 
998 455 11 15 0.04549681 
666 463 22 27 0.044222113 
919 477 19 26 0.044142686 
284 1077 115 192 0.043998573 
85 336 12 18 0.043058146 
378 850 13 16 0.041289486 
204 460 16 18 0.04100273 
902 480 10 13 0.04056688 
788 438 28 34 0.040356737 
949 471 16 21 0.038917467 
585 881 340 389 0.03706273 
700 483 11 14 0.03637046 
908 483 13 17 0.03627913 
953 483 16 21 0.03598731 
227 409 19 24 0.03357451 
654 459 25 29 0.033342235 
840 459 12 16 0.03331182 
896 484 12 15 0.03299319 
203 410 19 22 0.032694586 
404 1182 15 20 0.031069862 
791 939 9 11 0.02971718 
1007 455 13 18 0.029462954 
711 483 12 15 0.02875968 
852 488 13 17 0.028731434 
778 437 23 30 0.028094964 
756 466 13 18 0.027631145 
784 468 50 64 0.027626023 
206 452 32 36 0.026720332 
821 513 12 16 0.025718099 
836 491 11 15 0.02548038 
144 449 9 11 0.024941936 
966 456 19 24 0.024828874 
964 503 13 20 0.024729766 
201 395 23 29 0.024484934 
712 579 87 121 0.024370862 
842 514 14 17 0.024328265 
957 454 13 16 0.024079222 
798 468 31 36 0.02406532 
82 448 14 18 0.023925338 
716 479 13 16 0.02389507 
811 479 25 29 0.023852782 
884 467 13 15 0.02365761 
839 485 11 15 0.02365131 
829 490 12 15 0.023289971 
228 441 51 60 0.023154117 
690 461 12 13 0.022567745 
846 465 12 16 0.022433639 
708 389 197 246 0.022261502 
848 481 23 27 0.022226386 
674 461 15 17 0.02215246 
694 479 14 17 0.021951633 
943 491 38 47 0.021783246 
966 456 11 14 0.02143763 
911 490 12 18 0.021098604 
875 453 15 17 0.021090478 
807 460 19 23 0.02106558 
838 465 11 15 0.0210073 
806 487 30 39 0.020829396 
240 410 18 23 0.020801391 
990 456 13 15 0.02067619 
382 746 14 16 0.020628171 
782 449 26 31 0.020619066 
973 455 10 13 0.020524213 
217 394 16 20 0.02035064 
834 458 23 27 0.020314911 
