10_People_Marching_People_Marching_2_269
534
770 238 24 33 0.9967873 
245 207 10 13 0.4964706 
657 193 7 8 0.4131001 
68 221 10 13 0.35671946 
45 282 14 16 0.35211793 
724 199 9 11 0.31435713 
790 224 13 17 0.26874304 
227 222 11 14 0.2289921 
724 183 9 10 0.22166821 
749 195 9 12 0.22160372 
91 266 11 15 0.17921335 
313 240 8 10 0.15764529 
87 219 10 13 0.15123157 
726 217 11 13 0.14688803 
809 219 11 15 0.14671114 
623 234 10 13 0.14464279 
693 183 8 9 0.14002454 
716 230 10 15 0.13671194 
222 197 9 12 0.13450453 
841 214 9 12 0.13402562 
721 189 8 10 0.12981197 
670 286 11 14 0.12875332 
415 208 7 8 0.12811631 
213 234 11 13 0.12731121 
769 166 8 10 0.12611273 
274 213 8 11 0.1248053 
201 221 9 11 0.123051494 
687 191 8 11 0.12265287 
260 268 11 15 0.121003896 
173 236 9 11 0.11490357 
124 231 8 11 0.11324683 
861 178 10 13 0.11195381 
674 199 8 10 0.11181536 
773 191 9 11 0.111115955 
759 181 10 11 0.11058638 
746 192 9 12 0.11020404 
201 215 10 12 0.108509995 
647 215 8 10 0.10677599 
278 214 8 11 0.10324629 
654 216 10 11 0.102075554 
712 185 6 8 0.10092993 
712 264 10 14 0.100209706 
69 302 13 16 0.09988775 
262 220 10 12 0.099241585 
240 209 12 14 0.09787927 
228 212 9 13 0.097747505 
473 215 6 9 0.096177086 
230 206 8 12 0.09590019 
205 208 9 10 0.0948272 
237 284 12 16 0.093905404 
103 213 9 10 0.0933209 
96 198 9 10 0.09153357 
744 213 10 13 0.091281846 
617 192 8 9 0.09127411 
726 286 15 17 0.08935276 
266 197 8 11 0.088142924 
846 176 8 10 0.086816974 
237 199 9 10 0.085445315 
434 209 6 7 0.085402496 
189 216 9 11 0.084176265 
669 269 9 13 0.08396244 
664 238 10 13 0.08366249 
82 206 9 12 0.08268398 
319 245 7 9 0.08225844 
743 206 9 12 0.08129474 
670 191 8 10 0.08013377 
438 214 7 9 0.07917496 
342 197 7 10 0.07913989 
398 201 8 9 0.0783576 
343 193 6 9 0.07784827 
54 232 8 12 0.07672726 
713 190 7 9 0.076618746 
191 222 8 10 0.07634454 
886 197 10 13 0.07622532 
337 200 7 9 0.0760757 
78 231 10 13 0.07546124 
266 192 8 10 0.075384565 
358 207 8 10 0.07525481 
72 236 9 11 0.07418069 
272 208 8 10 0.07369201 
699 245 13 15 0.07292645 
397 379 11 15 0.07252082 
4 236 11 15 0.07233777 
251 206 9 12 0.07167374 
662 191 8 10 0.071442485 
711 223 9 12 0.07093399 
253 252 11 12 0.07083212 
168 193 9 10 0.070601575 
458 207 7 9 0.07043633 
697 214 9 10 0.070064455 
475 208 6 8 0.06929962 
465 230 8 10 0.06907562 
712 228 10 13 0.06859256 
88 237 8 10 0.0677394 
703 228 10 12 0.067354284 
696 196 9 12 0.06566023 
418 233 8 9 0.065374516 
56 254 10 13 0.06532181 
391 184 7 9 0.06462305 
96 203 11 13 0.06460478 
847 190 8 11 0.06459264 
772 196 9 12 0.06318879 
149 230 8 11 0.06310324 
439 209 6 8 0.06266545 
225 206 9 12 0.06193045 
722 289 24 27 0.061561525 
172 214 8 10 0.06153276 
414 215 8 10 0.061239827 
280 199 9 10 0.060902838 
5 222 10 11 0.060848214 
741 312 17 19 0.060396377 
992 350 24 29 0.060193654 
701 214 8 9 0.060182653 
695 191 8 11 0.05987476 
232 197 9 12 0.05966414 
638 192 7 9 0.059601516 
37 236 10 12 0.05916932 
738 174 8 11 0.058883693 
234 193 7 10 0.058438074 
384 201 6 7 0.058432866 
417 249 8 10 0.05830611 
742 175 8 11 0.058104202 
725 177 8 10 0.057245176 
687 196 9 11 0.056913506 
313 214 9 11 0.056903202 
152 207 9 11 0.056509934 
189 197 9 11 0.05624351 
695 221 9 12 0.05588598 
82 212 9 12 0.05578259 
616 197 8 10 0.055643868 
432 250 8 10 0.05506032 
609 222 8 10 0.054690387 
832 182 9 11 0.054383226 
80 221 9 11 0.05436288 
136 255 8 10 0.054307196 
89 246 8 11 0.054251954 
144 230 9 10 0.05418386 
701 198 7 10 0.053534117 
743 219 9 12 0.05345354 
143 215 8 10 0.05325011 
270 191 8 10 0.052624945 
720 215 9 12 0.052569866 
75 300 11 15 0.051342748 
808 202 12 16 0.050640445 
633 192 7 9 0.050526038 
719 221 9 13 0.050307333 
464 224 9 11 0.05015631 
622 192 8 10 0.049989518 
57 213 9 11 0.049986206 
601 240 8 11 0.04970678 
251 190 8 10 0.04931903 
690 175 7 10 0.04924752 
185 223 8 10 0.04902532 
640 222 10 12 0.048822794 
185 248 9 11 0.04882092 
64 215 9 11 0.04880372 
741 242 11 15 0.04873985 
440 198 6 8 0.0486238 
281 230 9 11 0.048570696 
728 298 21 25 0.048162427 
254 184 7 11 0.048133783 
821 222 10 13 0.047700305 
128 254 7 10 0.047106337 
809 197 10 12 0.047029972 
113 198 8 10 0.04694758 
874 201 8 11 0.04684417 
601 193 7 9 0.04681154 
826 465 30 28 0.04670566 
683 265 22 27 0.046434853 
812 225 12 16 0.04641844 
143 224 8 11 0.046308577 
698 167 7 10 0.0461718 
838 219 11 14 0.04612659 
424 193 8 9 0.04605559 
410 190 7 10 0.04600863 
549 245 9 12 0.045600113 
709 301 12 17 0.045199078 
457 200 8 9 0.04493739 
0 242 11 19 0.0444466 
704 223 8 12 0.04431784 
808 192 9 10 0.04393878 
599 223 7 9 0.043917574 
633 207 7 10 0.043677535 
237 192 7 10 0.04316526 
703 167 8 11 0.042904772 
670 184 7 10 0.0428858 
304 248 8 10 0.042869654 
334 207 8 10 0.04242359 
593 223 8 10 0.041897766 
1010 395 14 23 0.0418356 
565 245 9 11 0.04182512 
201 312 21 28 0.04180229 
253 212 9 11 0.04175704 
331 208 7 9 0.04145577 
606 199 8 10 0.041442085 
70 227 10 14 0.041422673 
478 206 8 10 0.040954825 
95 214 9 11 0.040821586 
967 182 10 12 0.04081271 
433 215 7 8 0.04078508 
453 229 9 12 0.040710695 
287 222 8 10 0.040635873 
199 317 13 20 0.040451057 
479 215 7 9 0.04043397 
101 230 10 12 0.039811116 
424 222 7 9 0.039294977 
471 263 11 14 0.03923439 
740 300 16 19 0.03912713 
879 199 9 12 0.039020333 
472 247 9 11 0.0387922 
584 183 8 10 0.038773295 
438 239 8 10 0.038720097 
752 182 9 10 0.038647864 
736 206 10 11 0.038592014 
785 183 8 10 0.038565163 
842 209 8 11 0.038371563 
248 201 10 11 0.03824721 
191 230 8 10 0.038205475 
314 199 6 8 0.03814221 
616 230 11 14 0.037879843 
782 189 9 12 0.037763737 
230 283 15 19 0.03760575 
280 220 9 11 0.03738949 
266 204 8 10 0.03719766 
816 177 9 11 0.036952246 
725 158 9 12 0.03692531 
102 207 10 11 0.03672117 
96 191 9 10 0.036666527 
253 199 9 10 0.036521595 
138 224 8 11 0.036504954 
175 208 8 11 0.03649117 
452 221 11 13 0.036450434 
847 182 8 11 0.036405157 
152 253 9 11 0.03624668 
416 254 10 11 0.036152408 
184 199 9 11 0.035907444 
62 299 15 20 0.035819978 
423 199 8 9 0.03581448 
158 224 8 10 0.035553113 
671 214 9 11 0.035368234 
647 200 7 9 0.035189237 
424 217 8 9 0.0350267 
454 215 10 11 0.03501469 
239 218 12 15 0.034912456 
458 262 10 12 0.034792997 
495 205 7 9 0.03476421 
943 182 8 10 0.03475614 
93 221 10 13 0.034654874 
643 215 7 10 0.034339007 
63 282 11 15 0.034287456 
48 235 9 13 0.03425075 
947 196 9 12 0.034064908 
617 262 10 14 0.03404142 
762 326 16 18 0.03398443 
966 176 9 11 0.033958353 
124 236 8 12 0.033928398 
688 205 8 11 0.033915214 
792 183 8 10 0.0338378 
216 214 9 11 0.033710837 
238 152 9 12 0.033598546 
1 215 9 13 0.03351986 
224 226 10 13 0.03331495 
634 197 7 10 0.03330514 
56 248 9 11 0.03322229 
416 200 8 9 0.03318843 
662 198 8 10 0.03303418 
398 253 7 9 0.03297533 
487 256 10 13 0.03296817 
712 207 9 11 0.032967526 
175 222 8 10 0.032900885 
397 223 7 11 0.032733984 
655 205 9 11 0.03269224 
413 191 9 10 0.032684695 
90 274 14 18 0.03268385 
607 193 7 9 0.032465916 
49 277 14 17 0.03243782 
654 219 13 16 0.0324325 
734 237 13 17 0.032400552 
721 203 9 12 0.032365263 
157 238 9 11 0.031986084 
378 200 6 7 0.03188421 
244 260 11 15 0.031838194 
392 228 8 10 0.031798568 
230 305 12 15 0.03167656 
646 228 11 14 0.031524066 
701 207 9 12 0.03150592 
151 225 9 11 0.031458355 
822 215 8 11 0.03144229 
582 254 9 12 0.0312498 
639 198 8 10 0.0312181 
520 250 14 17 0.031203436 
928 250 11 13 0.031093793 
418 236 9 11 0.030994998 
432 193 6 8 0.030983357 
728 261 9 13 0.030899549 
313 208 8 8 0.030861031 
181 276 13 17 0.030758189 
70 283 11 15 0.030711709 
545 246 9 12 0.030711679 
452 53 214 250 0.030531015 
584 235 9 11 0.030500742 
613 218 11 15 0.030477703 
839 191 8 10 0.030471753 
610 216 8 12 0.030468402 
354 208 7 8 0.030424261 
956 242 10 12 0.030395325 
804 208 19 24 0.030268863 
287 216 8 10 0.030222986 
190 191 8 10 0.030107575 
12 269 15 19 0.0300279 
440 193 7 8 0.030005598 
757 205 10 11 0.029903756 
359 213 7 9 0.02975562 
368 215 8 9 0.029750386 
560 246 9 11 0.029657315 
698 241 9 12 0.029358007 
81 200 8 10 0.029283915 
303 207 7 9 0.029219707 
359 200 8 9 0.029112905 
286 199 8 11 0.029047012 
168 209 9 12 0.02901124 
1013 319 12 19 0.029005585 
838 196 8 11 0.029003713 
273 185 7 9 0.02891838 
13 215 9 11 0.028523467 
279 208 8 11 0.028516583 
600 229 8 10 0.028357815 
522 242 14 17 0.028322432 
738 167 8 10 0.028302597 
486 221 7 9 0.02825879 
290 245 8 10 0.02824799 
335 185 7 8 0.02818232 
355 231 6 9 0.028180294 
449 253 8 9 0.028132942 
566 240 8 10 0.028121222 
12 235 11 14 0.02811546 
41 216 9 11 0.028021581 
609 214 20 27 0.028007198 
453 237 9 9 0.02798982 
474 200 6 8 0.027940404 
615 205 9 11 0.027891235 
254 259 14 18 0.027826335 
158 255 8 11 0.027815768 
9 272 24 30 0.027811928 
353 215 7 8 0.027798267 
431 223 7 8 0.027567765 
0 230 18 27 0.02750273 
385 208 6 8 0.027493058 
649 192 6 8 0.027473124 
784 196 8 13 0.027467653 
762 469 15 20 0.02746091 
646 221 10 13 0.027360158 
734 221 9 12 0.02733733 
238 255 12 14 0.027328854 
391 190 7 9 0.027303077 
715 298 22 27 0.027170556 
376 247 8 10 0.027156746 
742 229 10 14 0.027113393 
799 184 7 9 0.027039336 
763 461 13 15 0.026937002 
837 149 14 16 0.026936278 
568 216 8 10 0.02692832 
338 192 8 9 0.02692473 
796 222 12 14 0.026904 
156 207 11 12 0.0268626 
694 175 7 10 0.02683778 
207 229 12 15 0.026794873 
289 238 8 10 0.026769621 
22 238 10 12 0.026738837 
385 183 8 9 0.026656685 
632 221 9 12 0.02665558 
967 189 10 13 0.02658511 
712 197 8 11 0.02656995 
103 247 8 10 0.02652099 
487 216 7 8 0.026512092 
503 198 8 11 0.026353562 
833 227 10 14 0.026330208 
949 294 8 11 0.026238825 
798 190 9 11 0.02622735 
688 213 8 11 0.026222901 
620 219 12 15 0.02618176 
278 184 7 9 0.02607098 
410 207 7 9 0.025829474 
809 177 9 10 0.025763538 
394 200 7 10 0.025692267 
268 268 12 17 0.025611278 
744 182 8 10 0.02551401 
713 213 8 10 0.025410326 
448 248 8 11 0.025280172 
286 204 10 12 0.025185807 
319 199 7 9 0.025173215 
709 246 9 13 0.025164157 
765 181 9 11 0.025060808 
669 276 11 15 0.025044076 
422 233 7 9 0.025041021 
888 176 9 9 0.02499831 
96 238 8 10 0.024995523 
82 175 8 11 0.024974009 
286 231 9 11 0.02494372 
703 261 11 14 0.02490703 
86 296 16 18 0.024860874 
734 327 15 19 0.024859663 
735 230 10 13 0.024832109 
455 255 9 9 0.024817478 
680 231 8 11 0.024781005 
602 198 7 11 0.024771433 
432 232 7 8 0.024755012 
791 196 9 13 0.02475285 
347 215 6 9 0.024719378 
368 192 7 8 0.024710456 
808 184 7 8 0.024684617 
615 226 21 28 0.02466983 
667 262 10 13 0.02441173 
97 231 9 12 0.024393 
748 214 10 13 0.024299901 
295 230 9 11 0.024255805 
369 222 8 10 0.024234863 
141 228 19 25 0.024214122 
463 256 9 11 0.024187852 
410 184 8 10 0.024176532 
447 191 7 8 0.024066461 
726 279 14 17 0.02401181 
441 185 7 9 0.023982007 
879 181 8 9 0.023949994 
621 256 11 15 0.023888418 
736 181 8 10 0.023870023 
605 239 8 12 0.023754232 
83 214 20 24 0.023743887 
750 202 11 13 0.023714906 
89 284 12 15 0.023707803 
211 318 18 21 0.02356263 
381 247 8 10 0.023537569 
117 197 8 10 0.023450833 
144 233 10 14 0.023368655 
739 323 15 17 0.023302069 
825 474 14 16 0.023277555 
112 193 8 9 0.023259094 
146 246 8 12 0.023153974 
879 176 7 9 0.023105305 
30 214 8 11 0.02309178 
241 203 18 22 0.02306206 
664 150 8 9 0.022986343 
149 234 11 15 0.0229566 
667 243 11 13 0.022926768 
86 229 10 14 0.02291309 
830 165 8 10 0.022878883 
46 205 8 10 0.022856565 
129 248 6 9 0.022831097 
422 247 8 10 0.022802169 
295 247 8 10 0.022783428 
581 215 8 10 0.022763304 
263 282 13 17 0.022763053 
714 260 13 16 0.022712342 
91 305 16 18 0.022699773 
157 229 9 11 0.02263286 
100 188 10 11 0.022611279 
294 223 9 11 0.02256883 
575 232 8 10 0.022490732 
718 192 19 23 0.022486357 
716 215 18 25 0.02248435 
375 207 7 9 0.0224478 
664 253 10 13 0.022406213 
527 214 8 10 0.022291426 
932 247 10 13 0.022220096 
599 206 8 11 0.022211626 
455 192 6 8 0.02220337 
94 247 8 10 0.02220244 
812 192 10 12 0.022182764 
330 200 6 8 0.0221409 
665 185 8 10 0.022119178 
469 231 9 10 0.022035183 
293 238 9 11 0.021974081 
775 406 12 15 0.021942707 
686 238 9 12 0.021878343 
779 447 17 19 0.02185268 
170 237 8 11 0.021770122 
660 229 12 14 0.021768436 
678 215 8 11 0.021757182 
51 315 25 36 0.021733206 
23 231 9 11 0.021703007 
598 214 7 11 0.02164409 
560 207 7 10 0.02161922 
368 208 8 9 0.021595467 
470 222 8 10 0.021581212 
480 221 8 9 0.021555232 
489 207 7 8 0.02154919 
320 192 8 10 0.021540675 
199 200 20 25 0.021515755 
279 191 7 10 0.0214909 
559 199 7 8 0.021428905 
670 172 9 11 0.021316728 
521 198 8 10 0.021254603 
108 213 9 11 0.021219147 
302 230 7 10 0.021216122 
101 235 9 12 0.02120403 
192 183 8 10 0.021183616 
942 239 10 13 0.021179687 
784 205 9 12 0.02116063 
561 232 8 10 0.02115509 
108 222 10 11 0.021139525 
44 220 10 11 0.021102367 
789 205 9 11 0.021007668 
838 183 8 11 0.021003915 
495 275 12 16 0.02099074 
681 191 8 10 0.020939024 
946 191 9 12 0.020936025 
100 199 10 11 0.020915167 
312 218 9 13 0.020789575 
70 196 10 13 0.020750811 
118 193 7 9 0.020735456 
75 285 14 15 0.02071348 
661 214 11 14 0.020653483 
677 204 8 10 0.020637747 
385 214 7 8 0.02062702 
735 191 8 9 0.020622034 
144 208 9 11 0.020596558 
550 100 61 65 0.020516431 
438 247 8 10 0.020515032 
45 282 22 28 0.020470444 
256 267 21 26 0.020423356 
726 164 8 10 0.020421794 
110 206 10 11 0.020409841 
280 245 9 11 0.020363463 
704 184 7 9 0.02036238 
433 199 6 8 0.020337863 
45 297 15 19 0.020335784 
328 192 7 9 0.020294432 
735 198 9 11 0.020262688 
250 247 9 12 0.020217143 
102 222 10 12 0.020077838 
85 200 10 11 0.020075362 
558 107 36 41 0.020062214 
734 92 202 234 0.02003456 
-1 278 10 17 0.02001821 
