10_People_Marching_People_Marching_2_944
86
247 512 37 42 0.9937198 
483 452 33 40 0.9932051 
607 455 44 51 0.9851806 
55 450 38 55 0.84444016 
130 483 31 34 0.6892371 
110 415 43 58 0.60628337 
235 468 26 32 0.545289 
290 485 31 40 0.5216989 
209 538 31 44 0.3791439 
577 439 28 38 0.14906037 
171 503 18 25 0.13671437 
680 273 44 59 0.11795136 
651 445 29 38 0.07611724 
11 456 41 65 0.068499774 
72 562 27 36 0.06392114 
132 28 15 19 0.061997656 
38 459 30 43 0.06139209 
27 145 31 37 0.060859956 
65 531 18 22 0.05857547 
259 449 23 28 0.056185853 
261 421 24 31 0.050915096 
56 -47 397 503 0.05052069 
3 837 23 33 0.050016154 
650 395 17 18 0.048584245 
153 494 25 33 0.04496339 
493 394 17 23 0.040326286 
259 434 27 34 0.03980957 
544 460 38 54 0.03979969 
399 599 377 480 0.039468333 
666 642 34 32 0.03789632 
459 388 28 38 0.037182678 
714 402 18 23 0.036801223 
0 413 27 44 0.035530504 
36 6 24 27 0.035065196 
46 805 16 19 0.034932807 
611 640 76 71 0.03466759 
310 539 33 43 0.034549203 
178 507 18 24 0.034369294 
790 7 237 230 0.034191232 
151 301 31 45 0.03414314 
24 35 23 31 0.033944342 
225 542 28 39 0.033096105 
14 543 29 37 0.03254102 
495 750 212 328 0.03221164 
974 18 50 72 0.031567067 
250 455 24 31 0.03102327 
0 470 30 54 0.030665848 
168 83 14 17 0.030620452 
38 3 16 18 0.030449236 
147 202 27 33 0.029940529 
566 445 28 38 0.029455014 
236 460 18 22 0.029017622 
636 451 33 40 0.02775274 
292 480 19 26 0.027485192 
220 530 26 39 0.0274107 
185 580 32 42 0.02718891 
128 498 32 39 0.026793469 
248 583 25 31 0.026597738 
299 535 31 37 0.026461886 
475 443 29 41 0.02642228 
132 535 29 38 0.0259229 
595 365 27 31 0.025762068 
310 420 33 42 0.024818072 
185 137 27 35 0.024368195 
936 6 94 108 0.024042876 
282 529 28 34 0.023270253 
22 536 379 526 0.02325817 
103 15 25 30 0.02268012 
0 665 11 23 0.02244683 
676 801 56 65 0.022202708 
49 18 14 19 0.022014337 
23 123 47 56 0.021925595 
27 466 28 38 0.021818746 
583 392 18 23 0.02126617 
304 479 29 36 0.021248551 
23 30 12 17 0.020908313 
125 23 25 31 0.02088257 
689 546 51 67 0.020822255 
129 521 29 38 0.020767963 
112 478 28 38 0.020588296 
665 440 29 36 0.020571651 
654 460 29 36 0.020447934 
33 89 35 41 0.020352073 
699 292 32 43 0.020237476 
234 523 28 37 0.020123636 
722 839 51 67 0.02002086 
