10_People_Marching_People_Marching_10_People_Marching_People_Marching_10_People_Marching_People_Marching_10_1024
452
366 1897 73 80 0.9982438 
397 1788 58 65 0.997253 
2 1690 56 63 0.99722844 
954 1931 57 58 0.9971295 
595 1765 32 36 0.99686146 
490 1721 33 39 0.9963426 
912 1788 51 56 0.9941426 
612 1990 78 84 0.9941147 
663 1805 35 42 0.99297017 
799 1788 40 43 0.9918977 
208 1963 80 93 0.9912367 
578 1897 47 55 0.9868155 
731 1856 46 53 0.9859526 
884 1687 35 42 0.98544955 
459 1042 31 39 0.9852668 
176 1751 48 54 0.9826214 
514 1844 41 50 0.9779236 
907 1080 37 45 0.9765806 
859 1782 42 46 0.9729935 
280 1048 22 28 0.9716508 
611 1830 42 46 0.9683833 
548 1776 30 34 0.9674232 
451 1831 36 39 0.96705186 
859 1727 35 38 0.96581626 
344 1752 34 45 0.9650039 
75 1704 52 56 0.9627436 
269 1748 42 51 0.9376712 
997 1091 23 37 0.9290199 
207 1054 27 33 0.9054526 
794 203 31 39 0.8972727 
986 1757 40 54 0.8903425 
634 1756 29 32 0.88286036 
469 1771 27 32 0.8509492 
574 1042 22 28 0.84031296 
65 297 19 25 0.83167183 
708 1068 29 41 0.77464086 
508 968 29 38 0.6883471 
764 1744 27 32 0.6594071 
326 1049 17 21 0.64276993 
774 1032 26 30 0.6355962 
220 1751 31 41 0.6152915 
397 345 18 22 0.54926586 
229 1724 23 28 0.5472323 
177 358 14 17 0.54574937 
676 1751 18 21 0.5183128 
700 1760 21 25 0.5148808 
124 1707 41 48 0.5094214 
161 1660 33 40 0.49901778 
905 399 28 37 0.4862002 
482 1042 26 33 0.40854725 
845 1040 24 31 0.39521414 
652 1047 15 22 0.3875293 
508 1795 28 32 0.3802589 
214 361 16 19 0.37117565 
99 362 14 18 0.35648215 
667 339 19 22 0.3499321 
173 1059 17 22 0.34922495 
667 1017 15 21 0.33004215 
686 1004 20 25 0.3281757 
458 1902 48 59 0.3277865 
446 365 14 18 0.31857672 
736 319 27 31 0.27676865 
362 1733 24 27 0.27525815 
560 358 10 14 0.2603293 
700 341 22 25 0.25994623 
919 62 103 130 0.25931293 
4 969 27 38 0.2401771 
124 1025 12 16 0.2284679 
783 1005 22 26 0.19214411 
387 1052 22 27 0.19177273 
668 372 14 20 0.17953055 
974 1193 22 28 0.1770537 
413 1063 27 33 0.17558552 
158 1624 27 36 0.15920518 
236 994 28 31 0.15308258 
137 1687 29 38 0.14843632 
777 303 34 37 0.14187758 
452 1940 52 67 0.13780889 
591 358 11 14 0.13745794 
645 1007 21 27 0.13687067 
676 1009 20 25 0.13404544 
159 365 13 18 0.124587186 
349 1009 17 22 0.12313454 
849 1073 17 21 0.12069121 
155 1634 42 56 0.11819482 
687 1038 23 29 0.117679134 
660 1869 38 50 0.117133155 
649 1882 37 50 0.116940506 
517 362 13 17 0.114381395 
52 352 24 29 0.11338276 
708 1743 17 20 0.11131374 
738 1817 29 34 0.11010232 
713 989 21 29 0.10865534 
567 371 11 15 0.10689367 
478 373 12 15 0.10336508 
303 328 35 36 0.10315258 
657 1010 22 29 0.10053444 
859 344 18 21 0.09904687 
381 1058 18 21 0.09881404 
128 1000 13 18 0.09771397 
928 1082 30 37 0.09484737 
495 1041 17 23 0.09412581 
677 377 14 19 0.09073426 
689 1753 22 27 0.08885236 
434 1850 42 53 0.08616004 
180 376 15 19 0.085943215 
225 1734 30 44 0.085201904 
243 354 14 18 0.08297 
946 1087 18 22 0.08214876 
287 1735 27 32 0.08177998 
198 380 13 17 0.0816507 
242 1719 26 30 0.08042547 
562 1781 26 34 0.08007345 
593 363 13 16 0.07845459 
550 1926 30 45 0.077132866 
42 1060 16 21 0.07534558 
926 1733 28 33 0.07214828 
254 800 30 40 0.06939594 
551 1042 25 30 0.068621054 
43 1022 16 20 0.06854705 
166 1060 15 20 0.06784519 
317 1042 21 28 0.0675616 
370 921 22 30 0.06723807 
684 1062 24 30 0.066752695 
148 1671 32 40 0.06652792 
609 1803 27 35 0.06460399 
564 366 11 14 0.06446064 
26 344 18 23 0.06439259 
708 1068 19 24 0.06418576 
972 1101 16 23 0.06386678 
246 1048 22 27 0.063618675 
711 1087 24 32 0.0633245 
622 1007 15 19 0.0630593 
402 1051 25 30 0.061547652 
806 974 17 22 0.060666252 
896 104 102 142 0.059498478 
687 1051 22 28 0.057674494 
982 291 41 69 0.057563964 
312 1173 110 176 0.0566706 
708 1790 16 23 0.0563669 
93 366 16 19 0.056242153 
412 369 17 22 0.05602224 
784 1019 27 35 0.055874985 
848 1077 27 34 0.05580186 
411 354 13 18 0.055419624 
291 1044 25 31 0.054523885 
249 996 17 19 0.054501545 
366 297 27 38 0.053793877 
380 375 22 28 0.053653266 
245 1011 28 34 0.05357727 
541 1004 25 32 0.053439293 
628 362 17 20 0.05313226 
472 374 12 15 0.052347977 
1002 90 22 43 0.051925283 
560 1032 26 32 0.051275223 
195 363 14 16 0.051250506 
697 1064 26 34 0.051030535 
925 1750 28 34 0.050284103 
719 1079 28 35 0.050210636 
251 352 14 18 0.05001331 
446 1869 45 57 0.049784984 
732 1830 49 58 0.049096227 
660 1088 23 32 0.048529908 
413 361 15 19 0.04819438 
672 1822 34 41 0.0479381 
629 376 13 17 0.047466014 
942 546 82 188 0.046597686 
384 267 29 36 0.045459453 
293 989 15 20 0.04490071 
666 1241 18 22 0.044551175 
169 1026 16 19 0.044519458 
243 972 13 17 0.04417472 
420 1051 28 31 0.043994457 
564 1021 13 18 0.043639924 
201 1753 36 42 0.043388814 
433 942 39 46 0.043336708 
649 1812 31 36 0.04319071 
194 1723 27 33 0.043177977 
777 1050 26 30 0.04202869 
477 2143 42 49 0.041933425 
197 357 12 15 0.041809913 
330 930 18 22 0.041738335 
745 241 27 31 0.04170359 
675 1739 17 20 0.04168948 
174 1013 11 14 0.041614696 
552 1786 39 47 0.041244835 
13 335 29 31 0.041200254 
171 404 13 20 0.04080779 
247 372 14 18 0.04044052 
510 2138 45 53 0.04037634 
115 1023 20 23 0.04033915 
191 1049 37 46 0.039624125 
396 331 26 31 0.03959184 
110 1002 14 17 0.039273623 
702 1747 21 27 0.038987882 
470 1082 28 40 0.03898152 
438 1899 78 97 0.03853918 
69 941 16 20 0.03836982 
85 1027 14 18 0.03833335 
246 1875 94 122 0.038116354 
249 1025 27 32 0.03772442 
202 366 21 25 0.037722345 
445 357 14 18 0.037686992 
760 1725 44 52 0.03768131 
636 1000 23 29 0.037674386 
954 1094 15 21 0.037190497 
194 370 21 26 0.037188686 
665 361 22 28 0.03716039 
963 1087 22 33 0.036691926 
84 1032 24 28 0.036519527 
844 990 28 34 0.036307592 
725 999 23 27 0.03624928 
513 1804 31 35 0.03621544 
837 1024 40 50 0.036111053 
229 993 18 23 0.03584919 
237 349 16 21 0.03564604 
347 1053 23 28 0.035574764 
265 1909 338 447 0.035311792 
33 344 25 32 0.035285104 
588 363 21 26 0.03522208 
635 356 14 17 0.035099935 
787 1061 16 21 0.034919016 
205 1906 97 126 0.0348291 
733 1005 23 29 0.034688573 
776 1738 20 23 0.034671754 
108 1025 16 19 0.03431618 
82 1059 25 35 0.03429754 
427 2099 52 66 0.034062088 
408 345 15 19 0.034020104 
147 362 16 20 0.03376277 
182 1054 23 29 0.03363712 
888 978 30 40 0.033626445 
147 1040 13 16 0.033543788 
681 1019 26 31 0.033474766 
674 1729 15 18 0.03343736 
669 1784 25 31 0.033402156 
931 2070 68 101 0.033196725 
646 1755 20 23 0.03319367 
308 1035 23 30 0.03316243 
376 1060 14 20 0.03312516 
891 1083 35 37 0.03295507 
793 1053 21 29 0.03295039 
2 953 24 41 0.032741234 
439 370 14 18 0.032695618 
711 1762 17 20 0.032656007 
706 1767 22 30 0.032525208 
167 1020 14 16 0.03236774 
590 352 10 13 0.03231995 
535 366 10 13 0.032187447 
650 1021 17 23 0.03209368 
131 1020 13 17 0.03208259 
43 353 19 24 0.032034207 
688 1836 28 33 0.0320253 
661 284 14 19 0.031986255 
342 363 25 28 0.03185979 
691 303 17 22 0.031451743 
290 304 48 53 0.031085039 
187 377 14 18 0.031028232 
664 324 26 32 0.031019963 
671 1760 26 31 0.030949406 
974 1093 23 34 0.030868039 
666 1002 24 32 0.03070302 
464 348 11 13 0.030583845 
100 1712 40 45 0.030389981 
713 1007 17 20 0.030322121 
629 1760 19 23 0.030292952 
292 1724 25 31 0.029870702 
621 1147 14 20 0.029854883 
370 369 23 29 0.029819984 
845 1059 24 33 0.029652515 
60 366 17 21 0.029617153 
478 357 10 12 0.029579183 
164 1011 14 17 0.02931487 
557 352 19 24 0.02926519 
565 1045 19 23 0.029242337 
707 1011 24 30 0.029230192 
613 1150 15 19 0.02900857 
552 1023 25 31 0.028898146 
908 2074 44 57 0.02879433 
227 1816 100 108 0.028701209 
126 1009 14 18 0.028576499 
507 1810 43 52 0.02855038 
66 287 17 20 0.028454786 
716 979 14 20 0.02843143 
827 1720 25 33 0.02826766 
478 1897 32 46 0.028187962 
14 976 28 35 0.02812877 
674 1772 25 32 0.027948607 
791 1794 30 36 0.027921302 
544 1028 26 35 0.027674941 
864 1049 17 21 0.027613757 
625 1117 15 19 0.027589723 
769 823 28 36 0.027584702 
965 1852 28 31 0.027503546 
922 357 18 20 0.027487913 
692 1958 46 63 0.02747527 
0 1822 136 135 0.027465723 
464 1755 26 33 0.027434774 
437 390 12 14 0.027362412 
548 1047 16 21 0.02733992 
0 185 23 37 0.027221821 
379 1039 26 34 0.02722093 
55 1693 52 60 0.027092181 
475 363 19 24 0.026940059 
561 366 21 26 0.026881836 
855 1039 29 35 0.026826493 
142 368 15 17 0.026814634 
637 1014 26 34 0.026659591 
719 1091 326 463 0.026602332 
218 365 22 27 0.026590992 
803 964 18 22 0.026555166 
516 332 10 12 0.026463453 
443 373 16 19 0.026328508 
206 354 14 17 0.026311751 
566 1251 15 19 0.026283845 
671 352 17 19 0.026206266 
771 1863 28 36 0.02613871 
696 1007 15 21 0.026050901 
735 1774 25 30 0.026035186 
492 389 11 13 0.025962107 
68 355 28 30 0.02588138 
797 1035 23 32 0.025862737 
673 1840 41 52 0.025831806 
856 351 25 29 0.025770662 
229 376 14 19 0.02569438 
486 380 10 14 0.025680698 
213 1765 48 59 0.025570188 
768 1720 28 33 0.025546992 
831 1040 23 32 0.025470035 
704 198 23 30 0.025436752 
164 1052 40 48 0.025421293 
907 370 42 55 0.025304006 
683 371 16 22 0.025280545 
516 341 11 13 0.025269002 
400 350 23 27 0.025260866 
251 971 14 18 0.025211878 
507 1035 14 19 0.025196966 
33 1007 25 32 0.024895499 
725 1862 31 40 0.024594937 
622 367 24 29 0.02459073 
995 990 31 46 0.024520893 
512 326 11 14 0.024501676 
524 364 12 15 0.024490282 
483 364 13 16 0.024418693 
655 1751 25 29 0.024409357 
166 1935 59 72 0.024319893 
878 1731 20 23 0.024299433 
336 1051 21 26 0.024298718 
325 1036 23 28 0.02427695 
995 1940 28 37 0.024276212 
258 356 24 28 0.024252433 
248 1006 20 23 0.024230622 
323 1899 57 80 0.024117172 
948 1091 28 35 0.024098497 
652 997 13 18 0.024076322 
86 363 16 17 0.024067404 
744 316 48 52 0.024056474 
969 981 44 55 0.0240446 
485 356 11 13 0.023865437 
11 986 18 24 0.023738632 
495 2147 38 40 0.023706805 
515 984 19 27 0.023647957 
113 997 20 25 0.023538932 
553 1123 23 32 0.023403037 
394 933 26 32 0.023365878 
424 397 12 16 0.023346515 
317 1178 16 20 0.023345474 
467 1883 37 47 0.023287842 
275 1841 92 116 0.023114411 
317 319 30 35 0.023110796 
606 1057 15 19 0.023006022 
333 987 40 50 0.022895375 
183 409 13 18 0.02288789 
240 977 21 28 0.022821512 
389 1872 63 77 0.022773543 
152 1098 13 19 0.02272586 
854 352 15 18 0.022725318 
212 88 395 457 0.022716837 
653 1291 33 45 0.022697635 
198 1062 17 22 0.022676984 
118 360 14 19 0.02262159 
493 1741 25 33 0.022612184 
648 1027 24 33 0.022471461 
774 994 26 30 0.02246075 
699 991 23 30 0.022454143 
618 1079 15 19 0.022448178 
563 377 15 18 0.022430364 
603 1746 16 19 0.02238771 
342 1008 17 22 0.022385053 
987 1080 24 37 0.022377985 
174 362 20 25 0.02225818 
241 356 21 27 0.022242941 
701 1777 21 30 0.022225445 
845 1054 41 51 0.022190953 
394 2142 49 65 0.022132529 
929 1727 21 25 0.022112042 
627 347 23 29 0.02208925 
321 330 17 20 0.022066731 
812 1756 26 30 0.022046836 
899 337 24 30 0.021980613 
836 920 16 19 0.021894373 
169 1635 20 25 0.02184686 
766 1038 18 22 0.02182888 
553 1763 28 35 0.02165459 
308 968 15 21 0.021640213 
0 773 20 30 0.021604808 
636 1823 30 40 0.021534054 
94 1027 25 30 0.021488262 
446 352 11 13 0.021467771 
362 878 29 34 0.021464635 
162 1031 24 31 0.02141621 
248 1727 27 32 0.021323767 
356 1759 34 44 0.021312103 
625 1762 30 36 0.021236738 
633 367 16 21 0.021191655 
160 1003 12 17 0.02118067 
377 1737 15 18 0.021138627 
135 1717 41 57 0.021074412 
373 276 44 57 0.020967187 
669 1756 18 22 0.020957401 
418 1824 52 63 0.020885825 
313 1743 26 33 0.020875512 
244 345 24 29 0.020852007 
240 967 12 15 0.020802844 
125 1042 12 15 0.020769259 
213 375 14 17 0.020736843 
866 1713 16 19 0.020699667 
793 1012 18 24 0.020692691 
487 349 10 14 0.02067487 
0 705 28 53 0.020643448 
36 1051 14 19 0.020643022 
202 1040 28 36 0.020595588 
143 1036 22 26 0.020592777 
953 1084 16 20 0.020575687 
310 327 46 50 0.020504907 
596 375 13 17 0.020453785 
846 1736 41 50 0.02044292 
965 310 47 74 0.020428842 
323 1173 14 16 0.020413961 
728 296 45 52 0.020412235 
907 976 27 38 0.020407258 
721 1054 24 33 0.020381123 
438 356 14 18 0.020299422 
855 1089 28 36 0.020281183 
566 2042 45 59 0.020270636 
896 966 31 41 0.020139476 
211 1028 23 30 0.020120041 
593 1049 14 19 0.020090774 
864 786 28 35 0.020085298 
81 352 25 29 0.020043746 
157 1057 26 32 0.020018708 
901 364 24 33 0.020015568 
