10_People_Marching_People_Marching_10_People_Marching_People_Marching_10_240
256
917 431 108 122 0.9999232 
412 320 107 136 0.9998348 
129 210 28 35 0.9993919 
379 254 24 32 0.998334 
240 307 65 79 0.9976705 
2 238 32 38 0.99745995 
715 243 24 31 0.9957761 
217 226 24 29 0.9940508 
222 270 33 44 0.9930224 
612 231 50 61 0.9911972 
420 236 40 51 0.9893003 
290 267 35 53 0.9884769 
194 197 19 25 0.98456556 
837 263 28 36 0.98104846 
691 260 23 33 0.9785299 
167 199 23 29 0.9756513 
553 227 21 26 0.9699719 
329 230 27 38 0.9675693 
795 306 35 46 0.9619888 
493 214 16 22 0.946318 
261 212 19 24 0.89649147 
766 203 11 15 0.85037917 
515 246 27 33 0.824095 
742 219 15 19 0.7911473 
873 178 14 17 0.6997231 
224 204 17 21 0.61683273 
139 191 11 14 0.61385417 
263 534 34 51 0.6131766 
835 210 13 17 0.5986103 
278 192 13 17 0.57747775 
537 211 15 20 0.5584285 
390 188 10 13 0.5523598 
741 243 15 19 0.5417355 
310 198 10 14 0.529596 
106 194 15 20 0.5242847 
623 206 14 17 0.48404345 
682 226 15 19 0.45999923 
826 271 30 38 0.45173827 
890 226 16 20 0.42459705 
791 206 11 14 0.38277546 
794 216 13 17 0.3787745 
852 215 12 15 0.36340412 
605 222 10 13 0.31241646 
303 202 10 13 0.31074232 
777 234 16 21 0.3022276 
162 189 14 19 0.2663376 
590 196 9 13 0.26355532 
261 182 8 11 0.260887 
375 220 11 15 0.2605065 
662 192 8 10 0.24606454 
847 213 12 16 0.23592693 
229 194 15 19 0.22988029 
478 192 13 17 0.22694144 
746 213 14 17 0.21401022 
341 217 13 15 0.20888485 
373 299 44 61 0.19713552 
795 204 13 16 0.188639 
460 77 42 59 0.18261522 
452 211 23 30 0.18026677 
368 192 8 10 0.16157047 
332 229 17 22 0.16103007 
277 201 13 19 0.15563338 
314 197 11 14 0.1525902 
20 236 28 36 0.1522546 
602 223 16 21 0.14829938 
636 222 13 17 0.14821671 
295 183 10 13 0.14601514 
345 191 8 11 0.14327882 
934 265 42 52 0.14317286 
711 225 13 17 0.14079103 
325 168 9 11 0.1395532 
722 203 12 15 0.13949588 
823 244 21 26 0.13158815 
346 196 9 11 0.12356133 
719 198 10 13 0.12350912 
300 212 11 16 0.12247481 
500 198 12 14 0.11712324 
238 180 10 13 0.11333589 
892 217 13 17 0.11305659 
455 236 24 33 0.11185968 
10 185 26 34 0.107621595 
454 223 23 31 0.105017014 
373 192 8 10 0.10381604 
258 188 10 13 0.10377073 
397 189 9 12 0.098369494 
544 217 21 27 0.09317753 
223 183 10 13 0.09252489 
726 241 20 27 0.087715834 
681 213 10 12 0.081989646 
927 167 66 92 0.08117082 
51 206 24 31 0.079359785 
244 181 9 12 0.078774154 
349 199 8 11 0.07684536 
598 231 15 21 0.07655361 
496 206 13 16 0.075070746 
158 193 23 32 0.0731399 
714 196 8 12 0.07303424 
30 165 46 50 0.07016218 
300 167 9 11 0.06958295 
321 172 9 11 0.06831952 
24 185 28 32 0.06766305 
598 228 26 36 0.06758999 
268 206 14 19 0.06607881 
976 337 48 74 0.065360226 
297 203 12 14 0.065195374 
233 190 13 15 0.06306649 
743 193 8 10 0.0629454 
300 181 10 13 0.060471013 
761 200 10 13 0.059942 
318 204 9 13 0.059374046 
282 189 11 14 0.058433235 
713 179 10 12 0.056619175 
677 230 24 29 0.05590498 
468 210 13 18 0.053825844 
786 205 9 13 0.05311571 
169 509 44 51 0.051361375 
904 251 13 17 0.049641084 
349 202 11 14 0.048805784 
862 206 9 12 0.047722306 
680 155 11 15 0.047023796 
685 211 11 13 0.047018897 
135 191 18 22 0.04629042 
640 174 11 13 0.04575837 
693 207 9 11 0.045597147 
460 206 12 18 0.045435745 
279 184 11 14 0.04534185 
312 174 8 10 0.044976927 
199 182 11 14 0.044799805 
888 235 17 21 0.042233046 
688 208 10 13 0.042022727 
902 175 9 12 0.04186751 
441 239 35 44 0.040819984 
451 204 18 23 0.040098026 
53 156 33 32 0.040094905 
282 173 8 11 0.038941953 
359 181 8 10 0.038863044 
815 96 195 216 0.038597923 
34 196 32 37 0.038457587 
33 233 25 32 0.03844722 
365 338 51 72 0.038259674 
334 266 16 19 0.0379615 
844 182 13 17 0.037781257 
859 212 10 14 0.03772069 
358 176 7 10 0.037047073 
64 201 26 37 0.036706664 
362 190 9 12 0.03645896 
234 199 15 19 0.03607268 
739 230 19 25 0.036066953 
508 198 11 15 0.03587502 
533 233 12 18 0.035143018 
693 211 11 13 0.03487261 
344 15 27 46 0.034776647 
998 214 15 19 0.034677308 
717 191 9 12 0.0346587 
617 182 8 11 0.034579147 
286 183 10 13 0.034513514 
528 248 17 24 0.034196652 
23 168 29 33 0.033232834 
750 208 9 12 0.033094257 
359 159 8 10 0.033062883 
260 195 12 16 0.03286426 
470 204 12 17 0.032690834 
766 291 15 21 0.032102637 
646 166 9 10 0.031767122 
632 180 8 11 0.03155147 
896 189 12 15 0.03141616 
357 165 9 11 0.03128546 
762 256 14 19 0.031022381 
60 310 14 17 0.030901177 
534 222 15 21 0.030832082 
630 226 14 15 0.030646173 
17 176 25 33 0.030361138 
249 234 16 22 0.030297566 
957 171 58 85 0.02990149 
374 196 8 10 0.029778171 
312 192 10 14 0.02956673 
784 214 20 26 0.02941741 
533 241 22 33 0.029056756 
336 221 13 16 0.028977068 
479 184 10 14 0.028962547 
717 176 8 11 0.028796593 
680 208 9 12 0.028021622 
379 214 12 17 0.027816957 
801 157 10 13 0.027770057 
302 173 9 10 0.027756138 
734 203 10 15 0.02767955 
299 188 13 15 0.02762958 
829 216 14 17 0.02745407 
977 323 29 44 0.027434329 
461 204 22 30 0.027372655 
286 168 9 11 0.027159428 
736 192 9 12 0.02705813 
321 212 10 14 0.026708242 
379 223 13 16 0.026684057 
630 220 22 27 0.026601035 
466 242 15 22 0.026450692 
367 184 8 9 0.026410017 
712 202 9 14 0.026397318 
823 121 12 16 0.02634736 
311 181 9 12 0.026138388 
211 199 20 25 0.026037302 
623 200 12 14 0.025591183 
527 227 23 33 0.025519473 
669 199 8 10 0.025322389 
337 219 21 26 0.025162088 
923 227 58 82 0.025039911 
385 184 10 12 0.024610857 
824 221 11 15 0.024572521 
803 204 13 17 0.024248442 
348 211 12 15 0.024207238 
34 313 18 20 0.02383919 
319 262 26 35 0.02382688 
864 326 49 69 0.023786042 
879 213 10 14 0.023762824 
658 194 10 13 0.023697272 
360 153 7 8 0.023690809 
828 240 13 14 0.023475457 
803 219 11 15 0.023444628 
602 217 10 14 0.02340333 
617 189 8 11 0.023349999 
230 183 13 15 0.023188855 
399 194 10 14 0.02312068 
771 199 12 15 0.02298764 
473 189 13 17 0.022886518 
617 197 9 12 0.02281898 
586 191 10 14 0.022767732 
100 197 23 34 0.022725964 
634 214 14 16 0.02261747 
54 304 12 14 0.022586612 
222 197 16 19 0.022474332 
508 138 15 20 0.0223594 
805 213 10 14 0.02234459 
306 194 17 22 0.021817213 
314 241 25 30 0.021719387 
277 253 22 29 0.021690408 
223 186 19 24 0.021485277 
984 330 37 46 0.021484507 
27 310 18 18 0.02138453 
660 240 43 53 0.021361064 
670 205 9 12 0.02132721 
294 176 19 23 0.021312196 
355 159 7 9 0.021134686 
718 259 15 23 0.021132596 
282 167 8 11 0.021062423 
758 210 13 15 0.020937018 
703 205 9 12 0.020867344 
276 541 30 38 0.020827094 
387 182 18 23 0.020776978 
347 219 12 15 0.020767549 
368 224 13 17 0.020614253 
518 144 13 17 0.020603437 
897 180 10 13 0.020503532 
7 191 15 23 0.0204848 
109 230 25 30 0.020325977 
36 218 28 35 0.02028017 
255 177 19 24 0.020186735 
