10_People_Marching_People_Marching_2_1046
160
510 201 50 61 0.9982747 
48 203 21 26 0.9638702 
217 217 20 22 0.92068666 
282 260 14 19 0.90028596 
365 238 15 19 0.8940214 
741 238 24 27 0.8739849 
421 193 23 30 0.85942066 
200 189 17 19 0.75634813 
98 209 13 16 0.6312921 
169 245 26 29 0.58222324 
483 473 143 237 0.4090186 
1006 227 17 23 0.39177245 
876 232 18 21 0.36479414 
139 295 32 47 0.34243503 
708 260 21 29 0.33516207 
83 269 21 27 0.3324842 
574 225 39 55 0.32662448 
685 197 10 12 0.29560444 
130 241 19 21 0.18624741 
347 216 12 17 0.15948543 
791 216 14 17 0.15596412 
873 242 24 28 0.15020657 
0 278 7 13 0.14410827 
870 235 13 18 0.14166738 
221 228 15 20 0.1329185 
164 243 19 24 0.113168426 
588 194 12 14 0.10264793 
326 191 9 11 0.08637051 
913 64 30 35 0.083508715 
2 245 19 32 0.0827025 
962 231 34 38 0.08030599 
580 239 19 26 0.0772168 
596 211 17 20 0.0757218 
630 214 12 15 0.07158372 
321 190 10 13 0.0695978 
411 187 36 49 0.0695754 
750 234 27 32 0.06947866 
157 243 16 22 0.06389057 
622 229 24 35 0.062768 
590 232 38 51 0.061767157 
723 238 14 21 0.05818725 
128 247 25 29 0.05771491 
145 199 10 12 0.053569146 
957 203 12 15 0.05287375 
824 280 30 36 0.0512533 
625 214 10 14 0.049908623 
388 228 16 21 0.049143646 
348 253 9 13 0.048599146 
302 181 8 10 0.04725461 
796 279 51 50 0.046075232 
844 278 33 38 0.045891743 
351 190 9 12 0.045493245 
624 233 12 19 0.045114666 
285 320 10 11 0.04425525 
139 309 19 26 0.044074293 
942 307 12 17 0.043523427 
111 182 10 13 0.04312676 
191 174 10 14 0.04306185 
327 252 11 14 0.042315084 
132 183 10 12 0.04209019 
269 222 13 16 0.041662265 
198 169 13 19 0.041536577 
175 450 16 17 0.04125258 
178 254 26 31 0.040768478 
865 235 37 47 0.04062587 
653 200 9 11 0.039558124 
129 186 10 13 0.039504137 
634 217 15 17 0.03912536 
625 219 23 30 0.038554702 
341 182 9 12 0.038459353 
183 249 17 23 0.038366273 
811 269 34 34 0.03765882 
383 213 24 36 0.036669128 
729 238 43 52 0.036664836 
890 57 46 54 0.0364612 
126 259 26 30 0.036377326 
344 189 8 11 0.036302757 
149 242 15 21 0.036173556 
551 219 43 58 0.034956377 
87 205 10 14 0.03424821 
922 294 26 29 0.033088036 
169 208 10 12 0.032706767 
91 261 24 33 0.032153193 
940 302 11 15 0.032018714 
390 193 12 17 0.03150725 
118 278 25 34 0.031362783 
266 253 14 17 0.031155143 
404 191 28 34 0.030978808 
581 216 26 34 0.030732779 
79 205 11 15 0.030459361 
112 176 9 11 0.030337308 
611 235 29 40 0.030320212 
342 206 12 15 0.030209264 
125 235 17 22 0.030025505 
433 195 22 30 0.029679269 
690 197 10 13 0.02872703 
975 222 38 51 0.028634375 
863 238 15 22 0.02855548 
203 166 13 15 0.027823005 
170 237 18 22 0.027407024 
334 191 9 10 0.027197642 
733 175 15 18 0.027096894 
0 245 13 21 0.0268491 
881 254 18 22 0.026831279 
589 213 18 22 0.026687954 
118 202 12 15 0.02631514 
115 289 18 24 0.026272837 
630 225 30 36 0.026143871 
349 194 11 15 0.0258724 
397 190 13 19 0.025814347 
804 213 11 14 0.025334684 
786 269 36 35 0.025304206 
11 250 13 20 0.025012113 
595 195 12 15 0.024951458 
122 294 28 37 0.024879472 
252 322 13 14 0.024833228 
170 260 20 23 0.02466777 
293 286 12 14 0.024616407 
97 198 16 19 0.024428802 
298 182 8 10 0.024382154 
138 236 16 21 0.024265632 
151 308 31 40 0.024195695 
784 218 12 15 0.023894902 
652 204 10 13 0.023892544 
121 267 24 31 0.023881543 
199 181 14 18 0.023716606 
200 197 18 21 0.02358853 
745 253 18 22 0.023546908 
80 273 15 20 0.02325634 
335 219 13 15 0.023128476 
342 198 11 13 0.022851724 
303 177 8 10 0.022827787 
393 187 24 31 0.022827506 
618 232 41 48 0.022817219 
869 245 17 22 0.022588719 
961 303 9 12 0.022458622 
584 192 21 25 0.022317134 
320 184 10 12 0.022192914 
221 183 11 14 0.022182811 
0 214 8 13 0.022176811 
840 265 29 37 0.02216029 
296 177 9 10 0.022041954 
336 176 9 10 0.02202945 
272 256 19 24 0.021925101 
454 245 24 30 0.021922845 
263 221 13 16 0.021887565 
798 348 52 61 0.02172049 
825 265 31 36 0.021580767 
830 219 10 12 0.021374281 
127 247 16 19 0.021220272 
863 228 13 18 0.021187704 
850 248 40 49 0.021147313 
643 233 26 32 0.021090098 
833 289 18 22 0.020739183 
336 204 10 12 0.02073608 
931 294 15 18 0.020662738 
754 244 29 36 0.020367973 
108 282 210 191 0.020114582 
211 187 12 16 0.020106122 
0 267 9 17 0.020016022 
