10_People_Marching_People_Marching_10_People_Marching_People_Marching_10_447
1964
462 479 27 32 0.99769396 
964 394 24 29 0.99673647 
176 830 23 28 0.99218583 
850 654 22 27 0.9906527 
968 475 25 32 0.99029726 
567 756 27 30 0.988493 
214 881 24 32 0.9883869 
247 484 21 27 0.9873346 
809 309 22 27 0.98702556 
253 811 22 28 0.98663586 
806 639 21 26 0.9857928 
411 453 21 30 0.98446923 
883 406 23 26 0.9833513 
767 744 25 30 0.98275244 
928 618 21 28 0.98142505 
614 364 24 30 0.98104894 
68 445 21 27 0.9806929 
736 333 19 23 0.9796866 
873 626 21 28 0.97966045 
488 326 22 28 0.97879833 
669 510 22 29 0.9773203 
35 686 24 29 0.9769519 
327 426 22 26 0.976823 
231 638 22 27 0.97553855 
109 536 21 26 0.97527766 
256 571 21 25 0.9731293 
611 693 21 25 0.97068024 
382 645 24 27 0.97026205 
639 673 23 27 0.96947 
300 396 23 29 0.9679815 
272 280 18 24 0.9659194 
124 593 17 24 0.9658342 
256 72 23 28 0.96408516 
519 352 22 26 0.9640151 
14 291 21 26 0.9636646 
170 471 23 26 0.96326447 
275 547 21 28 0.9623134 
413 349 23 27 0.96183664 
296 333 20 25 0.9615547 
859 470 23 28 0.9600086 
333 158 19 25 0.9574029 
685 267 21 25 0.95237786 
831 526 22 28 0.9502142 
604 265 22 28 0.9489764 
477 111 24 27 0.9455442 
282 369 19 26 0.9402403 
339 251 18 23 0.9401588 
832 245 19 22 0.93811107 
621 4 18 23 0.93633056 
557 634 22 27 0.93324727 
848 14 17 21 0.9292719 
717 47 21 26 0.92560303 
185 575 22 28 0.9256013 
759 104 23 30 0.9232398 
769 362 17 21 0.9207527 
980 271 19 23 0.9207204 
261 440 21 25 0.91804546 
853 292 20 25 0.916426 
599 158 22 27 0.91542035 
133 794 21 26 0.9120031 
703 19 19 27 0.9108875 
566 275 22 26 0.9090494 
84 193 22 25 0.8981588 
792 703 23 29 0.8968041 
993 368 20 25 0.8941245 
502 35 22 29 0.891759 
681 366 18 23 0.88822204 
663 149 22 27 0.8867023 
973 171 14 17 0.8865158 
15 455 20 27 0.88522553 
835 49 19 21 0.88242745 
72 649 18 25 0.8795214 
900 202 17 21 0.87771726 
123 450 22 26 0.8756194 
404 85 23 28 0.8752471 
311 642 20 25 0.8720945 
36 781 27 35 0.8716798 
544 133 20 24 0.86971027 
993 108 19 25 0.86445177 
149 177 19 23 0.8535851 
894 238 20 26 0.8491178 
612 130 24 27 0.8486189 
493 154 21 26 0.84622425 
646 271 18 23 0.84313345 
934 329 18 22 0.8384322 
630 98 19 22 0.83590114 
460 187 17 22 0.8248568 
904 437 23 27 0.81741303 
357 512 19 27 0.8130021 
774 498 23 27 0.8054427 
531 184 18 21 0.79364365 
206 62 17 21 0.79312074 
342 855 37 47 0.7874153 
962 201 16 18 0.78653514 
461 306 22 25 0.78071415 
214 101 18 23 0.7783599 
60 587 15 19 0.7742358 
951 23 21 27 0.77286947 
906 163 17 21 0.7671034 
221 337 20 24 0.7479298 
252 122 13 19 0.7460738 
516 80 20 28 0.7428906 
171 540 17 19 0.73434055 
725 362 15 19 0.73022646 
679 314 18 22 0.72054315 
546 37 17 21 0.71989 
492 789 41 41 0.7179812 
143 347 18 23 0.7154927 
466 456 16 17 0.7115822 
783 426 13 18 0.7109859 
322 499 15 18 0.70881015 
909 71 14 20 0.7061022 
698 91 17 19 0.70562816 
408 801 25 31 0.6951757 
194 430 22 26 0.69421977 
811 125 17 21 0.6925487 
342 386 20 25 0.69116825 
464 110 21 28 0.6889253 
513 264 15 19 0.68722415 
871 326 18 23 0.6847428 
566 334 17 22 0.6844308 
829 369 15 21 0.6794325 
548 151 15 20 0.6759222 
708 236 16 21 0.66998094 
422 281 20 25 0.66504925 
728 171 19 21 0.65624744 
748 81 17 20 0.6548422 
719 296 16 21 0.6536086 
935 250 14 17 0.65156144 
603 523 23 28 0.6510422 
915 353 17 21 0.6455346 
47 77 19 22 0.6451249 
503 293 19 23 0.64353424 
151 885 23 35 0.6362537 
971 353 20 23 0.6359881 
190 125 19 23 0.63273805 
901 731 22 28 0.6312301 
85 622 17 20 0.6245718 
853 47 15 22 0.62437063 
61 499 16 21 0.6225323 
662 440 21 25 0.62201583 
562 107 21 25 0.6213184 
38 592 14 18 0.6179838 
797 281 16 21 0.61611694 
147 670 21 28 0.615791 
181 603 21 25 0.6129239 
872 382 21 25 0.6105366 
531 -1 20 19 0.60012937 
60 104 19 21 0.58910394 
353 418 15 19 0.5854083 
619 448 16 22 0.5834995 
110 128 16 20 0.58203644 
409 167 24 29 0.5811605 
995 344 17 21 0.58043635 
666 49 19 25 0.57989323 
297 234 19 22 0.5773066 
113 59 16 21 0.5770141 
994 525 19 23 0.5671878 
522 433 16 18 0.56017953 
657 54 17 21 0.5593384 
698 652 21 27 0.5579735 
954 106 16 21 0.55435556 
417 396 15 18 0.5511114 
330 474 21 25 0.54933697 
1013 242 11 17 0.54848975 
462 39 16 20 0.54676867 
319 585 14 20 0.54612124 
289 587 17 20 0.5386463 
459 253 14 16 0.5366011 
568 159 17 23 0.5311119 
862 369 16 20 0.5295859 
109 683 16 20 0.5291607 
763 410 17 21 0.5288265 
429 83 14 19 0.5194421 
522 400 14 17 0.51689476 
657 81 21 28 0.51407397 
669 393 16 19 0.51322645 
158 738 14 19 0.5116054 
741 135 19 22 0.5109743 
840 200 20 21 0.5099923 
341 593 16 20 0.5048109 
775 702 23 30 0.4903229 
339 467 18 20 0.48945004 
598 461 16 22 0.48825037 
1007 186 13 19 0.48593476 
836 348 17 19 0.48114672 
874 111 17 23 0.47548506 
594 410 17 21 0.46135244 
674 51 16 20 0.45513543 
534 270 17 21 0.45408544 
134 567 22 27 0.44587085 
469 229 18 22 0.44509053 
546 472 17 23 0.44459727 
890 353 15 19 0.44415823 
714 379 13 18 0.44382352 
996 225 13 17 0.44270647 
621 57 14 17 0.44213417 
659 114 16 20 0.44075122 
553 442 16 19 0.44063753 
144 49 22 26 0.4366312 
948 587 14 18 0.43000093 
885 295 14 18 0.4266875 
289 498 16 20 0.42376047 
506 465 16 19 0.40733576 
990 253 15 18 0.404263 
594 600 24 27 0.403445 
662 2 16 18 0.4013862 
19 156 17 19 0.39443946 
744 429 15 18 0.3928468 
532 258 15 17 0.38979167 
971 218 14 18 0.38202137 
313 203 20 26 0.38117856 
974 105 16 20 0.37947673 
30 504 21 25 0.37828255 
919 229 15 18 0.37789655 
571 228 19 21 0.37428078 
977 227 13 17 0.3675933 
460 287 17 20 0.36654714 
382 244 12 17 0.36600274 
21 230 15 19 0.36389014 
661 362 16 19 0.3632896 
594 63 17 20 0.3612693 
628 75 19 22 0.35896155 
230 83 16 19 0.35886744 
636 240 16 21 0.3556151 
49 668 16 20 0.35426015 
965 209 14 20 0.3500786 
389 365 13 19 0.34799504 
52 4 18 20 0.34777135 
81 888 27 36 0.34557596 
386 260 15 18 0.34472921 
158 387 14 18 0.34211877 
782 126 16 20 0.341186 
750 174 20 25 0.34048972 
783 308 13 19 0.3386537 
29 730 26 29 0.33729103 
797 23 13 19 0.33683035 
759 541 13 16 0.33584604 
37 834 33 39 0.33571276 
926 388 20 25 0.33486465 
441 416 17 19 0.33379337 
76 526 15 18 0.33347788 
782 24 17 21 0.3303693 
238 297 15 18 0.32676855 
881 8 16 19 0.3252058 
858 588 17 23 0.32286963 
971 591 16 22 0.32159472 
790 526 27 31 0.3199396 
203 392 19 23 0.31941542 
395 138 14 19 0.3126679 
363 541 16 22 0.31217062 
161 440 17 21 0.30994952 
698 106 18 22 0.30984035 
161 731 20 25 0.3098135 
573 59 14 19 0.3069669 
831 171 14 19 0.30624348 
740 465 15 21 0.3061101 
659 481 17 21 0.30369535 
563 2 15 17 0.3025489 
747 625 14 17 0.3018673 
124 131 15 19 0.29482812 
602 61 15 20 0.292588 
651 203 18 26 0.29052547 
316 309 18 25 0.2897236 
551 387 14 18 0.2852874 
302 855 39 49 0.28440228 
191 172 11 14 0.284235 
542 760 22 26 0.28306976 
225 473 19 21 0.28127342 
461 108 16 21 0.28004155 
405 218 26 30 0.27773982 
224 301 13 16 0.27738428 
650 323 17 20 0.2772305 
405 286 21 26 0.2772005 
910 386 16 20 0.27666098 
629 338 17 20 0.27627423 
954 234 16 20 0.2761869 
139 400 16 19 0.2748941 
427 142 21 26 0.27142286 
160 392 18 23 0.2713986 
25 638 17 23 0.2698612 
193 8 16 21 0.26985496 
115 843 22 27 0.2694518 
419 713 14 19 0.26632664 
323 475 18 22 0.26617357 
676 140 22 29 0.26554102 
438 170 14 19 0.26431844 
771 656 16 19 0.26424074 
59 487 22 28 0.26291496 
1005 453 20 31 0.26146713 
794 447 14 19 0.25994372 
773 217 13 17 0.2589399 
36 189 16 23 0.25231978 
733 464 14 20 0.25174978 
464 97 16 17 0.25127703 
921 260 15 18 0.24929897 
256 760 16 22 0.2470779 
443 338 15 19 0.2448241 
384 283 13 16 0.24083056 
638 398 21 23 0.24082518 
885 454 18 24 0.23957591 
193 99 17 21 0.23908052 
173 43 13 17 0.23703165 
868 208 14 19 0.23453006 
357 337 12 17 0.23372284 
502 420 14 18 0.2332174 
687 766 40 45 0.23215403 
723 459 16 19 0.2312399 
837 138 15 20 0.2300489 
335 209 15 20 0.22912982 
66 834 26 33 0.22797514 
358 685 15 18 0.2279518 
197 656 17 21 0.22786415 
960 104 18 24 0.22769585 
436 512 22 27 0.22673704 
822 139 14 18 0.22381622 
189 606 21 26 0.22347917 
478 1206 11 14 0.22317435 
949 228 15 19 0.222223 
620 608 14 18 0.2217575 
223 391 19 24 0.22167128 
266 596 17 21 0.21965577 
169 722 17 20 0.21962564 
447 231 14 20 0.21783055 
678 703 15 25 0.21764494 
172 607 16 21 0.21571943 
45 659 13 18 0.2125533 
957 287 16 18 0.21065813 
969 149 14 18 0.21009918 
7 82 13 17 0.20908539 
702 344 15 19 0.2066596 
766 710 24 28 0.20638634 
501 244 16 19 0.20484322 
871 271 15 19 0.20463414 
810 423 22 29 0.20374268 
831 359 20 25 0.20358013 
690 -2 17 18 0.20350783 
782 270 14 18 0.20261931 
777 207 16 20 0.20030636 
395 916 46 63 0.19834271 
965 590 13 19 0.19756502 
251 321 15 18 0.19705167 
781 654 15 19 0.19683973 
348 555 20 28 0.19641617 
198 398 21 26 0.1954078 
723 233 17 22 0.19467384 
186 302 12 16 0.19459373 
316 260 14 20 0.19420972 
398 381 13 17 0.19249628 
236 580 16 21 0.19085069 
628 268 14 19 0.19066717 
478 393 13 16 0.18809257 
317 762 13 16 0.18768367 
493 388 14 19 0.18668866 
599 139 27 32 0.18654193 
646 329 15 17 0.18625934 
687 485 12 16 0.18490899 
724 0 14 17 0.18474115 
671 600 14 19 0.18471137 
570 457 14 17 0.184162 
467 388 13 16 0.1836619 
314 666 17 20 0.18185514 
815 178 13 16 0.18161924 
696 540 13 16 0.18035859 
786 422 15 18 0.18020786 
91 879 22 33 0.17928416 
813 820 23 31 0.17893761 
235 395 18 22 0.17878547 
768 282 13 17 0.17788461 
334 546 13 17 0.17759727 
355 433 15 20 0.17644201 
74 543 15 18 0.17636989 
446 795 12 15 0.175722 
176 907 21 26 0.17498119 
614 403 14 20 0.1716181 
314 319 14 21 0.17152578 
450 361 15 20 0.17125443 
405 267 13 18 0.17093144 
820 718 18 23 0.1704109 
562 384 15 17 0.16787462 
12 182 23 30 0.16759157 
710 386 14 18 0.16749327 
287 266 12 16 0.16682847 
145 59 24 30 0.16554533 
251 287 18 20 0.16438365 
941 59 23 30 0.16431801 
523 445 16 20 0.1641054 
954 163 13 18 0.16380638 
823 403 13 17 0.16318758 
878 512 20 26 0.16241965 
466 378 13 16 0.16176882 
510 79 18 23 0.15796198 
897 43 18 22 0.15789942 
198 38 14 17 0.15739106 
126 483 15 19 0.15666349 
587 490 15 18 0.15619455 
435 0 17 17 0.15546988 
392 92 12 16 0.15497479 
3 250 15 19 0.15493955 
764 -1 14 13 0.15483832 
819 153 14 18 0.15433073 
409 232 18 21 0.15412976 
956 316 15 19 0.15333246 
851 256 14 19 0.15081003 
389 250 14 18 0.14966063 
806 425 16 21 0.14960574 
824 579 27 28 0.14878479 
531 448 14 17 0.14816326 
182 378 14 19 0.14765605 
1007 270 13 17 0.14646591 
321 565 22 24 0.14566135 
764 61 17 21 0.14565937 
325 528 15 19 0.14536008 
789 272 19 24 0.14513835 
594 928 31 36 0.1447928 
7 188 14 19 0.14434603 
949 707 14 18 0.14434351 
624 699 21 27 0.1440333 
572 427 14 18 0.1435248 
279 496 21 26 0.14165702 
803 55 15 18 0.1411626 
606 600 23 26 0.14105345 
638 483 11 14 0.14100412 
590 70 15 20 0.14060815 
322 787 13 17 0.14018942 
813 722 16 23 0.13994806 
719 540 14 17 0.13887875 
810 419 15 21 0.13855575 
922 659 15 19 0.13780192 
570 88 18 20 0.13770199 
786 656 15 21 0.13700588 
914 675 26 31 0.13663949 
668 361 22 27 0.13617851 
767 395 14 18 0.13615568 
947 189 15 19 0.13596135 
195 476 16 25 0.13565917 
117 387 16 20 0.13531955 
187 653 21 26 0.13418111 
402 638 22 28 0.13367796 
208 428 20 27 0.13352703 
581 106 15 19 0.13293038 
676 598 12 16 0.13222823 
387 145 19 26 0.13221517 
570 2 15 18 0.13219795 
968 708 16 19 0.1319801 
228 315 12 15 0.13057993 
549 416 13 19 0.12956834 
282 480 17 21 0.12847136 
654 354 15 19 0.12846261 
194 415 22 28 0.12840788 
243 292 19 21 0.12748142 
408 261 15 17 0.1265841 
420 426 15 19 0.12612773 
829 139 13 18 0.12602802 
419 80 20 25 0.12540539 
259 114 17 21 0.12539174 
767 110 21 29 0.12520093 
693 594 15 18 0.12497992 
916 579 17 18 0.12478912 
199 289 13 17 0.12459246 
397 726 11 16 0.12431826 
710 277 16 19 0.124288745 
667 897 16 20 0.12421704 
381 862 17 22 0.123432 
412 65 15 18 0.12278756 
412 431 16 20 0.122500084 
525 219 15 20 0.12230336 
467 332 13 17 0.12172759 
445 379 11 16 0.12166531 
474 158 17 22 0.12136422 
614 60 14 19 0.12077371 
696 586 22 26 0.119926386 
391 887 17 22 0.1195809 
423 51 15 18 0.11950926 
181 589 24 30 0.11936463 
540 64 17 22 0.11905965 
550 451 15 18 0.11881746 
991 141 12 18 0.118287496 
695 674 15 19 0.11816352 
425 604 15 19 0.11757331 
403 433 19 25 0.11687226 
43 130 15 19 0.116653346 
18 465 20 25 0.116350144 
1003 226 16 18 0.11625079 
778 247 15 18 0.1160066 
341 368 17 20 0.11585277 
191 113 20 26 0.115661554 
427 33 17 18 0.115651935 
925 418 15 18 0.11520021 
830 456 14 19 0.11437292 
907 266 13 18 0.11338204 
245 635 23 30 0.113366514 
763 13 13 17 0.11296827 
153 42 17 23 0.112307854 
753 623 15 19 0.11227384 
325 482 22 27 0.11169918 
429 794 11 14 0.11157094 
880 112 22 26 0.11108418 
599 403 19 25 0.111045666 
812 691 14 18 0.11102158 
28 93 13 17 0.11092164 
129 2 15 17 0.11058544 
774 170 15 19 0.10989585 
923 280 16 21 0.10947968 
538 709 16 20 0.108853154 
274 75 15 20 0.10881002 
356 353 13 18 0.1087073 
90 179 22 25 0.10827936 
342 833 25 31 0.108263165 
604 129 17 23 0.10820377 
662 550 12 16 0.10793378 
461 353 13 16 0.10761228 
716 370 16 20 0.107404605 
581 412 11 16 0.10708799 
218 418 16 20 0.10595886 
954 613 13 16 0.105289966 
243 317 17 20 0.10445149 
620 425 14 19 0.10361937 
506 245 19 24 0.10322677 
14 604 15 18 0.10306212 
12 231 17 20 0.10296608 
263 281 19 24 0.10190768 
971 17 16 21 0.101663046 
574 406 11 15 0.10143212 
496 401 12 17 0.10140054 
623 511 13 17 0.10094456 
136 153 19 23 0.10052323 
629 423 14 19 0.100401714 
953 588 20 24 0.09981524 
468 353 13 17 0.09969032 
484 394 13 15 0.09927468 
259 369 14 19 0.09925314 
789 143 17 20 0.099075645 
628 390 21 25 0.09906426 
434 175 15 20 0.098888434 
179 656 16 20 0.09884373 
1008 235 14 19 0.09759773 
626 375 16 21 0.09744696 
347 398 22 28 0.097185805 
351 549 15 19 0.097145855 
0 123 9 18 0.096992806 
315 54 15 23 0.09671769 
234 788 13 17 0.0966149 
234 158 13 16 0.096500404 
231 555 14 20 0.09618612 
716 393 15 18 0.09600579 
181 474 22 27 0.09578477 
911 2 13 16 0.09548207 
596 453 15 20 0.09537369 
332 584 20 24 0.09493686 
779 800 19 24 0.09478704 
566 491 13 18 0.093962796 
45 146 16 20 0.09386266 
917 193 13 16 0.093564585 
860 429 16 20 0.09336707 
789 412 13 16 0.093269095 
255 694 12 14 0.0931648 
604 391 16 22 0.09291629 
703 393 14 18 0.09287943 
321 510 21 26 0.09261837 
775 450 14 19 0.092165716 
743 630 21 26 0.09211133 
683 74 15 19 0.09203817 
814 584 25 28 0.091943644 
758 2 13 15 0.089649335 
323 8 19 22 0.08918574 
518 441 16 19 0.08914642 
893 198 16 22 0.08868803 
949 664 15 19 0.0885319 
129 756 12 17 0.08852702 
826 289 18 20 0.08832642 
682 134 17 20 0.08821819 
486 273 16 20 0.088182986 
18 539 17 21 0.08777838 
778 115 15 22 0.087685235 
646 116 23 27 0.08767873 
237 315 15 19 0.08765636 
935 132 11 14 0.08745393 
316 298 16 23 0.08728706 
216 36 12 17 0.087253645 
962 784 48 56 0.0871963 
963 457 26 29 0.086785756 
962 1144 32 39 0.08677476 
217 425 20 26 0.08647539 
418 152 23 29 0.08618135 
225 348 17 22 0.08614785 
242 574 21 27 0.085971035 
677 373 16 21 0.085867554 
305 37 18 23 0.0858505 
815 149 13 17 0.085841656 
129 137 14 18 0.08583871 
964 298 16 19 0.08575966 
827 155 13 17 0.08557295 
535 313 14 18 0.08486403 
238 479 21 27 0.084766716 
794 138 16 19 0.08402714 
137 559 21 24 0.0839818 
394 369 15 20 0.08347024 
829 164 15 18 0.083159424 
878 393 22 27 0.08305859 
603 97 17 21 0.08255502 
291 482 15 19 0.08249854 
910 63 12 15 0.08219559 
315 196 17 21 0.08206529 
763 679 17 19 0.08170235 
372 33 12 19 0.08157837 
276 403 16 18 0.08134006 
813 434 24 30 0.081245445 
209 538 17 21 0.08113585 
149 393 20 25 0.08113382 
4 47 15 20 0.081080124 
574 513 16 22 0.0810097 
491 440 14 18 0.080955125 
288 804 12 17 0.08095402 
687 594 12 17 0.08060629 
620 408 14 19 0.08040193 
397 438 15 21 0.080086306 
266 109 17 22 0.07998971 
878 49 16 20 0.07936206 
737 179 23 28 0.07918681 
643 786 16 19 0.07910862 
780 14 16 19 0.078806065 
597 500 14 17 0.07820098 
423 168 21 26 0.0781444 
95 173 14 18 0.078137085 
455 117 21 26 0.077573255 
159 894 23 30 0.077552825 
931 142 12 16 0.07754976 
236 545 20 26 0.07740899 
636 298 15 19 0.07734624 
231 683 14 18 0.07726503 
356 343 14 20 0.07705151 
699 543 15 18 0.076540284 
521 89 19 25 0.07645941 
222 169 15 21 0.07636589 
853 168 15 19 0.07620177 
350 838 36 42 0.07606681 
582 482 17 20 0.07602696 
114 512 17 20 0.07593728 
766 372 21 28 0.0758409 
683 97 15 18 0.075694084 
147 642 15 19 0.075641476 
191 93 15 19 0.0749292 
150 595 16 22 0.07464912 
642 710 30 32 0.07460216 
101 591 22 27 0.07448386 
951 656 24 29 0.074412785 
687 33 14 18 0.074348435 
973 315 16 20 0.07400188 
500 95 17 22 0.07393273 
352 379 16 21 0.07372869 
800 712 23 29 0.07371619 
820 88 17 23 0.07367184 
166 717 15 18 0.07365996 
148 417 17 22 0.07360408 
155 426 16 21 0.073490776 
310 305 15 21 0.073462926 
534 498 15 19 0.07330782 
722 266 14 20 0.073132135 
636 267 18 24 0.072497904 
695 347 13 17 0.07233615 
78 569 14 17 0.07226799 
420 746 10 13 0.07208972 
53 636 14 17 0.07198205 
128 323 13 17 0.071975 
447 370 13 17 0.071882464 
427 417 15 19 0.07170636 
77 719 25 29 0.071563855 
756 678 16 19 0.0715592 
907 200 13 16 0.07150549 
790 407 11 13 0.071460225 
459 145 15 19 0.07092437 
775 628 13 18 0.07060347 
956 306 15 18 0.070494264 
124 575 23 29 0.07033603 
736 525 11 15 0.06988501 
907 149 13 16 0.06953918 
99 699 12 16 0.069512926 
273 591 21 26 0.069471516 
589 369 15 18 0.06918647 
1000 115 19 24 0.06905233 
205 98 20 25 0.06900304 
709 147 14 19 0.06888359 
927 735 30 34 0.0687331 
173 631 14 18 0.06830953 
149 82 14 20 0.06794949 
36 123 14 18 0.06790797 
333 359 14 19 0.06773255 
381 150 17 23 0.06770983 
69 747 22 30 0.067629874 
92 770 16 20 0.067360006 
130 357 14 17 0.06713359 
632 704 24 32 0.066891246 
549 298 16 18 0.06687532 
733 453 13 19 0.06686238 
761 719 20 23 0.066776544 
3 234 23 32 0.06648332 
462 373 13 17 0.066360116 
854 525 22 27 0.06627314 
590 406 15 19 0.06589614 
914 312 14 20 0.06571666 
555 115 21 27 0.06544357 
265 553 24 30 0.06507857 
440 381 13 17 0.06496001 
506 89 21 28 0.064848125 
44 105 12 17 0.06471366 
869 709 16 24 0.06448563 
526 251 14 19 0.06401167 
271 366 21 26 0.06400619 
776 519 14 19 0.06379958 
814 187 16 20 0.06352441 
781 338 17 19 0.06332091 
868 370 21 27 0.06330725 
322 402 17 22 0.06325389 
341 834 15 21 0.063075565 
346 707 24 29 0.06298279 
163 41 19 25 0.062955946 
396 89 16 20 0.062807 
561 445 16 18 0.062758155 
1010 304 13 19 0.062750675 
532 430 13 17 0.06270798 
996 704 15 23 0.06264491 
963 233 14 19 0.06263501 
868 461 24 32 0.06257134 
494 425 13 18 0.062530644 
89 775 22 31 0.062504224 
973 138 14 18 0.0623308 
751 585 23 26 0.06222965 
820 430 16 21 0.062228426 
928 93 14 18 0.06188728 
577 82 13 19 0.061853625 
919 652 16 19 0.061849546 
768 386 17 21 0.061613888 
747 165 18 23 0.061434843 
453 440 12 16 0.061391525 
231 216 18 22 0.06131813 
11 68 14 18 0.061316017 
931 490 15 19 0.061206378 
1002 416 21 24 0.061189365 
211 138 12 14 0.061181314 
844 704 16 21 0.061128806 
874 211 14 18 0.06099397 
925 518 23 26 0.06083165 
139 403 22 28 0.060690235 
142 668 16 21 0.060619436 
741 210 15 20 0.060543317 
723 404 14 18 0.060311418 
110 723 14 19 0.06027059 
1 587 11 16 0.060262825 
550 784 16 24 0.060050577 
559 516 23 30 0.059959643 
931 -1 16 17 0.059877228 
648 673 24 29 0.059723474 
872 9 12 17 0.059442353 
581 0 13 12 0.05928842 
594 101 21 25 0.05913059 
102 689 14 20 0.059009295 
369 859 27 32 0.058734957 
751 540 14 16 0.058694016 
811 633 13 15 0.058636297 
843 53 17 21 0.058382794 
642 86 21 27 0.058272753 
774 194 20 25 0.058076363 
707 244 16 22 0.05800286 
891 578 18 21 0.0578055 
579 65 14 18 0.05773823 
382 224 13 19 0.057713535 
745 981 48 51 0.0575517 
384 274 15 19 0.057249468 
570 211 24 28 0.057082485 
131 299 11 14 0.056989238 
39 657 14 18 0.056958318 
925 204 13 17 0.056957085 
860 517 23 28 0.056765627 
917 664 17 23 0.056552153 
546 181 19 25 0.05646516 
404 212 17 19 0.056240447 
8 38 12 16 0.056154467 
837 353 22 26 0.055998094 
756 651 15 20 0.05599498 
595 482 14 19 0.055947427 
154 70 16 22 0.05586823 
764 727 28 33 0.055722382 
612 429 22 29 0.05570456 
115 705 15 16 0.05564348 
746 641 23 29 0.055579208 
914 202 15 18 0.055459246 
968 162 17 22 0.055336323 
673 442 16 21 0.05516377 
411 773 12 16 0.05512194 
301 303 14 21 0.054979444 
931 778 13 22 0.05493171 
307 43 21 28 0.054923676 
939 209 13 16 0.054708418 
514 473 14 19 0.054408576 
846 426 12 16 0.054359473 
805 824 18 21 0.054260142 
354 472 20 27 0.054246396 
274 311 15 20 0.054159537 
301 765 10 13 0.05413001 
561 167 21 28 0.054090157 
794 663 14 20 0.054059885 
893 367 15 20 0.05405818 
964 189 14 16 0.05404842 
533 510 16 21 0.05397008 
804 368 15 17 0.05392779 
675 75 21 27 0.053848933 
10 634 16 22 0.05378803 
408 76 23 27 0.05378149 
6 170 12 17 0.05377802 
775 510 18 21 0.053656377 
21 158 23 29 0.053628292 
389 383 13 17 0.053178065 
143 344 13 16 0.053011164 
716 589 14 16 0.052986536 
978 588 16 24 0.05298462 
931 660 13 18 0.052956726 
487 373 12 14 0.05293165 
515 194 16 20 0.052877367 
323 52 15 23 0.052837037 
773 590 11 15 0.052684408 
539 678 20 26 0.052653167 
795 421 19 27 0.05263595 
266 57 16 19 0.05262644 
81 36 15 19 0.052605774 
56 3 23 27 0.052530453 
110 520 23 28 0.052513182 
436 317 10 13 0.052434336 
463 462 25 29 0.05229438 
574 418 14 20 0.05224398 
514 243 15 19 0.052107908 
773 2 13 17 0.052104954 
619 345 17 21 0.05190992 
466 213 13 17 0.05189383 
333 553 14 18 0.051893186 
386 865 26 34 0.05180487 
141 316 13 18 0.051799543 
312 401 18 23 0.05173115 
188 945 12 16 0.05164627 
321 750 18 22 0.05152803 
247 875 23 37 0.051515535 
708 413 12 16 0.051487245 
78 741 24 32 0.051316854 
201 616 14 18 0.05121917 
45 47 17 20 0.051128697 
71 529 15 19 0.051094044 
588 114 16 21 0.05109247 
972 183 13 16 0.050799157 
611 768 23 31 0.050557867 
610 395 16 21 0.050293222 
616 512 21 30 0.05027253 
838 484 14 19 0.050245214 
508 29 16 20 0.05015908 
996 418 15 17 0.050119385 
616 526 17 24 0.049912885 
653 702 27 34 0.049804907 
954 35 17 22 0.049711827 
352 394 16 20 0.04948381 
230 671 21 27 0.049373902 
682 708 22 27 0.049303204 
564 149 19 25 0.049295373 
930 98 15 20 0.049268253 
135 443 22 28 0.049173564 
246 359 15 20 0.049139097 
654 778 13 17 0.04911652 
69 715 14 19 0.048974 
438 442 13 16 0.048931774 
445 435 13 18 0.048632108 
838 417 13 18 0.04860583 
316 291 15 19 0.04844456 
5 647 20 28 0.04834657 
409 249 17 21 0.048341133 
293 664 14 18 0.048320785 
707 349 15 20 0.048300155 
980 262 15 19 0.048152264 
626 399 17 20 0.048150398 
918 270 18 24 0.048024468 
819 446 16 23 0.04799851 
324 409 22 27 0.04785462 
11 625 16 20 0.04785168 
524 244 14 18 0.047772843 
403 809 19 25 0.047736306 
611 102 17 22 0.04753961 
425 43 19 20 0.04749513 
799 51 14 18 0.047466822 
165 612 17 23 0.047273695 
705 660 16 22 0.047146313 
55 590 15 19 0.04712096 
534 487 21 27 0.047040243 
475 145 16 21 0.047019042 
318 745 15 19 0.04701617 
735 424 15 20 0.04700298 
297 371 14 18 0.04695126 
227 294 16 19 0.046911728 
850 135 16 20 0.046844084 
814 35 14 18 0.04682514 
316 513 17 20 0.046513602 
719 677 13 18 0.04650048 
877 14 17 20 0.046436857 
362 559 15 21 0.046393152 
957 218 14 17 0.046222728 
328 314 16 19 0.046074133 
270 503 15 20 0.045994416 
184 311 13 18 0.04579863 
47 627 14 19 0.045652296 
495 102 22 28 0.045628116 
971 341 13 16 0.045618325 
764 662 18 20 0.045614228 
364 481 13 19 0.045520775 
193 672 17 23 0.045509532 
1 258 12 18 0.045454077 
613 219 13 17 0.045296542 
198 711 15 21 0.045282513 
877 194 13 18 0.045141254 
718 347 13 19 0.045079194 
20 580 12 14 0.045067433 
864 203 12 18 0.045063853 
251 252 14 18 0.04503828 
588 258 17 21 0.0450222 
431 316 11 15 0.04499054 
418 232 14 21 0.044803012 
666 357 17 20 0.044744723 
964 582 13 16 0.044739947 
417 408 19 21 0.044685557 
70 71 15 20 0.04468274 
467 220 15 18 0.044568185 
694 27 14 19 0.044555556 
460 298 18 23 0.044511925 
851 162 14 18 0.044375822 
138 619 15 19 0.044269033 
536 251 18 21 0.04420026 
395 262 19 24 0.04413043 
627 412 15 19 0.044089768 
774 11 14 19 0.044089373 
488 110 23 28 0.04407238 
56 580 14 20 0.044071436 
589 596 17 19 0.04407059 
725 417 16 22 0.044031877 
342 473 20 26 0.044003516 
252 363 14 18 0.04399452 
145 700 16 20 0.043854684 
2 595 13 16 0.0437552 
634 341 17 22 0.04359068 
751 372 13 18 0.043557175 
546 456 21 26 0.043539133 
38 617 13 16 0.043515455 
499 412 15 18 0.04347016 
966 11 15 18 0.043360665 
701 536 13 16 0.04335318 
192 37 11 15 0.04328536 
789 467 15 20 0.04327892 
54 106 16 19 0.043227814 
795 330 14 17 0.04322517 
826 410 15 18 0.043215845 
115 132 17 22 0.04311383 
353 331 13 19 0.043082584 
623 31 15 19 0.043078296 
791 525 16 20 0.043050427 
529 70 20 28 0.04291427 
108 89 16 21 0.04287204 
922 222 14 18 0.042757355 
285 18 24 27 0.042630665 
434 75 15 21 0.04254909 
923 772 26 36 0.042538833 
610 466 14 18 0.042509258 
851 359 19 24 0.04247258 
238 399 22 27 0.042308033 
852 37 13 18 0.04230801 
849 354 16 20 0.04223754 
556 65 15 20 0.042131253 
530 194 19 23 0.0420831 
327 354 15 21 0.04193412 
99 163 17 20 0.04182212 
39 891 27 35 0.041818596 
440 120 18 21 0.041803055 
462 392 13 17 0.041792322 
1004 261 13 16 0.041766193 
931 577 15 21 0.04172703 
-1 741 12 23 0.04171999 
957 704 20 24 0.041703332 
555 410 15 20 0.04168424 
965 141 14 17 0.041636303 
950 507 14 18 0.041502774 
620 394 16 21 0.04146117 
519 419 13 16 0.04143878 
390 635 24 32 0.041431267 
568 116 19 24 0.041388046 
787 298 19 23 0.041310947 
571 446 15 19 0.041215178 
646 24 15 17 0.04111418 
707 545 13 16 0.041056905 
415 63 21 25 0.041012984 
289 240 13 18 0.040983938 
564 409 14 19 0.040835667 
165 530 18 22 0.040828086 
995 143 14 21 0.040826984 
980 139 13 19 0.040818337 
1004 145 18 24 0.040816173 
434 29 13 17 0.040787 
226 159 18 24 0.040746186 
655 274 17 21 0.040686104 
961 320 15 19 0.040661562 
11 104 15 19 0.04058221 
287 771 14 18 0.04053652 
970 306 15 19 0.040534955 
875 103 15 19 0.0405193 
844 89 16 20 0.040500615 
398 0 14 13 0.040395964 
217 572 16 20 0.040372346 
769 687 22 29 0.040361114 
10 89 13 16 0.040340714 
735 165 21 26 0.040318955 
282 2 27 31 0.040292393 
204 132 13 17 0.040280063 
540 393 14 19 0.040231638 
485 158 17 24 0.040189944 
894 82 15 18 0.040172562 
989 352 16 21 0.040088475 
410 157 18 20 0.04007898 
909 357 18 21 0.040035207 
253 698 15 19 0.03992682 
4 193 19 28 0.039909244 
129 587 16 23 0.03987138 
596 522 18 24 0.039867084 
855 17 16 19 0.03986381 
957 654 31 38 0.039793454 
787 38 16 19 0.039755702 
336 204 23 29 0.039708894 
700 117 16 21 0.03968491 
666 110 15 19 0.039682772 
339 684 15 19 0.03966713 
772 277 13 18 0.03965004 
929 680 17 21 0.039629165 
685 408 17 20 0.039585054 
1010 280 14 19 0.039544106 
403 625 24 28 0.03948081 
157 875 24 33 0.03941016 
591 120 23 27 0.039379228 
213 329 22 26 0.03932463 
257 317 14 19 0.039276995 
800 308 21 27 0.039216418 
387 691 11 14 0.039198995 
603 518 17 19 0.039182354 
602 449 20 26 0.03913354 
101 147 16 20 0.039075777 
796 128 20 25 0.03905272 
17 596 15 18 0.039044946 
294 623 16 22 0.03898032 
953 11 24 30 0.03894837 
59 610 17 21 0.03883105 
784 414 11 15 0.038811862 
681 443 16 22 0.038699456 
668 38 13 17 0.03868097 
141 658 16 18 0.038602594 
950 203 11 16 0.038494546 
354 370 14 19 0.03847683 
582 442 13 17 0.038457703 
927 483 14 19 0.038392927 
380 40 16 25 0.038372353 
683 299 13 16 0.038348768 
942 580 17 21 0.03820077 
335 235 24 30 0.03808895 
635 333 16 20 0.038085144 
423 28 16 18 0.03805203 
668 381 15 19 0.03804942 
739 451 14 19 0.03801969 
611 454 17 22 0.037989043 
768 403 15 18 0.03798852 
590 487 21 25 0.037932135 
973 12 26 31 0.037832983 
909 430 15 21 0.037782766 
33 159 15 21 0.037777077 
571 480 19 25 0.037740584 
384 873 40 54 0.03772953 
322 858 35 45 0.037643615 
579 508 15 19 0.03758236 
979 132 12 17 0.03757442 
406 621 14 17 0.037544813 
821 22 11 14 0.037477314 
716 453 16 20 0.03740251 
894 357 20 25 0.03739848 
557 373 14 18 0.03736146 
138 2 17 17 0.037311144 
642 390 16 18 0.037301898 
553 156 19 24 0.03729985 
239 302 21 23 0.03729677 
817 670 23 28 0.037295356 
915 388 20 25 0.037291832 
10 162 23 29 0.037244745 
953 66 16 21 0.0372092 
412 763 12 14 0.03715563 
93 744 18 24 0.03713987 
423 64 22 28 0.037083507 
303 536 15 19 0.037018057 
18 60 12 17 0.037011296 
520 263 18 24 0.036995158 
430 181 16 21 0.036986265 
491 500 15 18 0.036942724 
814 89 16 20 0.03691283 
933 318 14 17 0.03685997 
339 358 16 18 0.03684723 
955 581 15 18 0.036749914 
601 938 34 33 0.036692802 
401 272 13 18 0.036692545 
622 98 15 20 0.036666065 
651 20 15 19 0.036662005 
903 156 16 20 0.03664606 
339 512 16 23 0.036629666 
899 446 22 28 0.036620956 
196 50 15 20 0.03661106 
877 586 13 17 0.03657346 
489 122 17 24 0.0365444 
154 683 17 22 0.036509544 
744 540 11 15 0.036327824 
411 272 15 20 0.03631657 
694 632 16 21 0.036256045 
119 542 17 21 0.036251895 
946 321 19 25 0.036199972 
3 122 14 20 0.036162738 
895 27 13 16 0.036122177 
949 289 16 19 0.036118384 
292 244 17 20 0.0360399 
474 289 15 18 0.03603596 
780 692 15 20 0.035998397 
793 301 22 29 0.035844572 
873 157 11 15 0.035730083 
956 189 14 16 0.03572061 
712 229 20 25 0.035700835 
772 52 15 20 0.03568807 
663 44 15 21 0.035686247 
307 63 16 23 0.03564372 
834 85 21 28 0.03563527 
350 355 13 19 0.035626598 
942 180 12 15 0.035586078 
804 178 13 17 0.035536274 
385 12 15 21 0.035480745 
268 765 12 17 0.035182312 
598 134 16 22 0.035157826 
901 212 16 19 0.03515537 
101 669 12 16 0.035152514 
530 243 21 24 0.03511782 
159 465 23 31 0.03506859 
942 232 16 20 0.035063185 
658 898 28 33 0.035050154 
602 -1 14 13 0.035002626 
317 468 17 20 0.034991205 
322 208 16 21 0.03498756 
13 586 15 17 0.03495665 
165 381 22 28 0.034951728 
906 576 22 25 0.034943786 
526 0 17 14 0.03491201 
400 848 37 45 0.034868784 
694 78 24 29 0.034868687 
925 529 16 20 0.03484349 
378 236 20 28 0.0348036 
92 515 16 19 0.03479094 
595 722 23 26 0.03478985 
77 2 16 18 0.03478532 
19 546 21 25 0.034784302 
98 728 22 29 0.034769792 
797 103 15 18 0.03476897 
685 86 21 25 0.034732353 
430 128 24 29 0.03472072 
672 155 18 23 0.03470134 
67 144 14 18 0.034697186 
597 517 14 18 0.03467361 
533 710 24 32 0.034673095 
847 206 16 20 0.0346443 
852 388 15 20 0.03462983 
597 394 16 19 0.034606475 
339 554 20 26 0.034512274 
550 914 13 18 0.034488354 
579 405 12 17 0.034473546 
930 508 24 29 0.034455217 
866 588 16 20 0.034453724 
41 773 19 24 0.034428213 
978 165 16 20 0.03434451 
85 588 14 19 0.034337778 
573 73 17 19 0.034319732 
977 479 27 33 0.034272335 
609 109 23 30 0.0342558 
797 815 39 51 0.034218177 
211 39 19 25 0.03420889 
933 206 12 16 0.034194045 
793 651 19 28 0.034187857 
913 379 16 21 0.03417727 
658 556 17 21 0.034169268 
322 317 17 20 0.03416302 
81 728 26 32 0.034153853 
903 234 18 25 0.034121964 
340 137 16 21 0.034058154 
395 142 21 27 0.03395153 
948 136 21 26 0.03394953 
235 264 13 17 0.033892386 
931 266 14 19 0.033852115 
194 0 16 16 0.033840254 
600 415 15 20 0.03383054 
427 54 23 27 0.033805 
579 450 13 17 0.03375322 
797 43 11 15 0.033591084 
317 81 16 20 0.033567827 
542 156 17 21 0.03355038 
37 117 12 16 0.033524893 
406 692 11 14 0.03350831 
806 414 13 17 0.03348904 
142 649 17 19 0.033485353 
242 537 18 22 0.033447407 
0 106 9 16 0.03342243 
749 308 15 18 0.03342068 
899 623 22 27 0.03341317 
493 513 29 31 0.03341074 
710 449 14 20 0.03337079 
459 240 19 24 0.033337623 
741 586 24 28 0.033332884 
864 197 10 15 0.033310343 
396 116 23 29 0.033297587 
853 640 23 29 0.03329341 
994 212 14 17 0.033197165 
750 183 23 30 0.03312957 
11 121 15 18 0.033116303 
908 318 16 22 0.033115905 
852 60 16 20 0.033090223 
599 694 13 17 0.033085894 
742 395 15 20 0.033049688 
443 289 13 19 0.033047237 
0 195 13 20 0.03301084 
312 747 13 17 0.033001505 
280 405 21 27 0.032890856 
669 703 18 26 0.032841455 
558 7 16 19 0.03283988 
642 342 17 22 0.032823697 
760 178 16 21 0.03281963 
577 736 26 29 0.032809597 
180 903 16 18 0.03276883 
314 654 17 21 0.032713566 
40 731 25 30 0.032658502 
447 341 21 25 0.032651413 
596 16 15 20 0.032638993 
405 840 15 20 0.032624543 
124 559 25 29 0.032615703 
699 550 17 20 0.03259089 
565 432 15 18 0.03258736 
437 403 13 18 0.032556657 
96 692 13 18 0.03244693 
665 387 13 18 0.032380532 
76 29 15 19 0.032354813 
200 107 19 26 0.032338414 
134 145 15 18 0.032323953 
797 390 11 14 0.032299336 
379 142 15 18 0.032288175 
292 795 12 16 0.03223786 
537 279 15 20 0.032188606 
846 261 16 19 0.03217114 
682 43 15 20 0.032103777 
304 244 21 26 0.032081794 
772 245 15 21 0.032060508 
892 19 13 16 0.03205768 
77 738 14 19 0.03204335 
637 148 14 19 0.032018643 
831 711 20 27 0.032003112 
499 82 18 22 0.03195759 
886 196 12 18 0.031933315 
823 811 32 42 0.031926535 
354 444 17 21 0.031887725 
334 418 22 27 0.03187078 
924 254 14 18 0.031850148 
1 553 14 18 0.03181983 
291 785 15 19 0.03176829 
709 709 21 29 0.031740535 
310 768 13 16 0.03165099 
556 504 21 29 0.031643137 
551 524 24 31 0.03163907 
486 315 14 19 0.031637836 
424 394 15 20 0.031619046 
481 143 21 27 0.031584337 
76 713 19 23 0.031528212 
33 644 20 28 0.031375285 
640 104 16 21 0.031352866 
676 58 21 27 0.03133768 
330 330 16 20 0.031328898 
91 587 16 21 0.031315368 
738 126 18 20 0.031291198 
252 42 15 17 0.031281784 
533 60 16 21 0.03127867 
635 408 17 20 0.03126223 
1006 212 13 16 0.031255286 
300 780 12 16 0.031254344 
149 36 17 20 0.031234872 
667 346 16 19 0.031209037 
435 84 22 27 0.03119764 
618 597 14 19 0.031171883 
863 47 21 26 0.031161405 
485 418 13 20 0.031157792 
322 88 16 19 0.03112972 
394 97 24 28 0.031106006 
384 322 13 18 0.031064263 
761 420 17 20 0.030991636 
886 218 11 15 0.030982437 
349 498 14 19 0.030962536 
139 582 15 21 0.030897176 
517 185 15 20 0.030889068 
602 10 15 20 0.030850478 
899 21 14 18 0.030847017 
3 254 21 31 0.03083872 
171 587 14 20 0.030809646 
766 -5 22 22 0.030781627 
435 67 15 19 0.030772932 
323 291 15 18 0.030748883 
779 717 16 22 0.030730061 
853 426 16 20 0.03072897 
451 66 17 22 0.030726546 
922 190 13 16 0.030715205 
703 494 23 28 0.030714078 
940 162 13 19 0.030712731 
398 210 16 19 0.030707764 
699 4 25 25 0.030700663 
531 395 14 17 0.030692885 
903 68 15 19 0.030671662 
761 534 15 18 0.030652897 
467 448 16 18 0.030635072 
878 312 20 28 0.030569289 
0 0 10 16 0.03051018 
568 95 19 24 0.030504115 
338 225 17 20 0.030501518 
15 628 20 30 0.030496921 
519 409 14 18 0.030471342 
478 257 14 17 0.030444266 
467 146 16 20 0.030411106 
821 169 19 25 0.03041074 
488 529 15 17 0.030406313 
745 470 16 21 0.030370625 
677 346 14 17 0.030342402 
450 376 15 18 0.030337756 
970 197 14 18 0.030271318 
462 231 17 21 0.030223133 
360 426 14 20 0.030185254 
325 577 23 25 0.030147813 
537 667 14 17 0.030093001 
968 340 21 28 0.030078275 
885 583 16 20 0.030077029 
637 790 16 19 0.029960316 
541 45 17 21 0.029930854 
585 437 16 18 0.029908981 
359 547 20 28 0.02988926 
987 169 12 18 0.029844156 
759 798 34 36 0.029792741 
899 319 16 21 0.029713247 
103 62 16 21 0.029712245 
579 8 14 18 0.029707715 
818 117 16 19 0.029686792 
765 444 12 15 0.029636262 
893 731 17 20 0.029623719 
274 414 21 26 0.029557666 
465 252 14 17 0.029540867 
611 876 21 22 0.029536815 
879 33 23 31 0.029529558 
474 1203 19 23 0.029527536 
697 643 19 23 0.02952095 
582 325 21 27 0.02949814 
699 598 16 21 0.02943637 
980 360 22 27 0.02942528 
100 507 15 18 0.029398276 
826 427 14 19 0.02935196 
622 350 23 29 0.029342398 
167 624 14 20 0.029329006 
611 721 17 22 0.029275913 
825 393 15 19 0.029272398 
147 439 21 27 0.02925335 
243 618 24 29 0.029252214 
806 504 13 18 0.02924944 
455 284 15 20 0.029232169 
671 690 23 35 0.029216895 
59 642 12 17 0.02913152 
674 428 16 21 0.029096322 
104 538 17 21 0.029084481 
925 764 43 56 0.029071406 
765 247 16 20 0.029054318 
754 313 16 21 0.029046014 
140 166 21 28 0.028983226 
522 452 21 26 0.02897945 
781 592 15 19 0.028976135 
731 216 15 20 0.028963018 
764 625 14 19 0.028907225 
614 142 22 29 0.028886836 
979 71 17 22 0.028882883 
335 599 20 26 0.028875945 
893 64 15 19 0.028872803 
773 539 12 16 0.028860679 
180 364 11 15 0.028853867 
539 426 13 18 0.028844487 
276 261 13 16 0.028836967 
1 44 11 17 0.028828343 
828 182 15 19 0.02882669 
125 571 15 18 0.028764741 
816 298 23 26 0.02875178 
331 291 14 17 0.02872824 
882 517 23 31 0.028713401 
729 226 18 24 0.028699927 
512 296 15 20 0.028622407 
598 92 16 21 0.02860068 
78 6 24 29 0.028593864 
514 110 16 23 0.028589644 
320 793 12 16 0.02858337 
389 356 13 19 0.028558528 
588 502 14 19 0.028545184 
533 471 21 26 0.028523792 
478 124 23 31 0.028477374 
290 -3 27 27 0.028472858 
770 677 16 18 0.028446807 
169 589 22 29 0.028432343 
24 176 25 33 0.028424164 
80 620 14 17 0.028403075 
336 839 14 20 0.028397452 
170 738 22 26 0.028395176 
742 444 13 16 0.028384285 
1004 476 20 31 0.02835102 
657 193 18 21 0.02832129 
887 627 22 27 0.028288597 
485 378 16 19 0.02827515 
652 109 17 22 0.028151767 
664 335 21 25 0.028128054 
565 63 15 20 0.028111687 
611 417 19 25 0.028109604 
0 77 10 16 0.02807794 
257 623 17 21 0.028043691 
1000 350 18 22 0.028001204 
392 546 15 20 0.027984943 
309 813 14 19 0.027976189 
302 308 20 27 0.027950402 
931 495 22 26 0.027947932 
776 188 16 19 0.027944284 
407 163 17 21 0.027925499 
978 -4 44 56 0.027906485 
333 150 17 21 0.027878622 
842 799 33 36 0.02787423 
7 270 26 31 0.027865581 
977 211 15 18 0.027864967 
335 480 22 28 0.027847515 
292 408 22 28 0.027837839 
300 0 16 15 0.027836924 
955 260 12 16 0.027794398 
426 402 15 20 0.02779257 
858 680 17 20 0.027792213 
126 392 22 29 0.027764732 
104 650 12 16 0.027724499 
540 288 14 19 0.02770766 
252 60 24 30 0.027597426 
45 828 48 57 0.02758501 
867 789 44 57 0.027571032 
619 383 16 20 0.02755574 
785 330 20 24 0.027549876 
672 893 19 23 0.027516315 
747 90 22 29 0.02751141 
644 316 17 21 0.027499687 
40 135 15 20 0.027476098 
990 115 16 23 0.027458323 
901 78 15 20 0.027413404 
287 766 11 15 0.027374497 
658 347 16 18 0.027357874 
569 407 19 24 0.02734847 
762 21 21 27 0.027307939 
805 725 17 21 0.027280847 
590 396 13 16 0.027242688 
774 43 13 17 0.027242366 
64 649 18 24 0.027224557 
12 80 22 26 0.027189638 
12 660 19 27 0.027181745 
399 838 12 16 0.027175743 
545 0 16 18 0.02715813 
414 419 15 19 0.027140789 
778 32 21 26 0.027127177 
154 49 23 29 0.027120424 
182 26 12 16 0.02708899 
730 411 13 16 0.02708562 
706 395 19 25 0.027080439 
618 728 16 22 0.027078724 
130 316 14 19 0.027072353 
781 509 23 29 0.027012652 
594 613 18 21 0.027007723 
857 258 14 20 0.026995884 
620 266 16 21 0.026984222 
125 95 17 21 0.02698002 
1002 121 24 30 0.026976284 
537 434 15 19 0.026973316 
375 246 16 21 0.02697125 
467 161 21 30 0.02696138 
169 313 15 21 0.026922336 
566 52 15 20 0.026918812 
843 191 16 20 0.026892612 
942 221 13 17 0.026867867 
307 25 25 31 0.026840832 
125 142 15 19 0.026800605 
433 684 10 13 0.026791124 
23 699 12 16 0.026768202 
58 674 14 17 0.02675389 
635 411 25 30 0.026701704 
183 942 24 31 0.026697682 
588 940 28 34 0.026684782 
481 227 15 20 0.026683971 
229 567 20 29 0.02667102 
445 73 14 19 0.026654402 
211 381 16 18 0.026637236 
654 6 21 25 0.026607845 
588 732 25 30 0.026588328 
159 713 14 19 0.026587296 
427 708 12 17 0.026581349 
765 451 13 18 0.02656988 
901 230 14 17 0.02656947 
949 616 15 19 0.026539668 
717 409 15 19 0.026527755 
899 190 14 16 0.026513191 
1011 129 13 18 0.026507445 
294 767 11 13 0.02649785 
890 25 22 28 0.026490998 
54 66 25 28 0.026478963 
226 430 16 23 0.026475834 
647 395 17 21 0.026446678 
540 263 21 27 0.026431113 
415 743 12 15 0.026405435 
427 800 13 17 0.026371632 
420 250 13 18 0.026363965 
723 534 13 15 0.026320351 
870 28 13 17 0.026309531 
89 756 22 30 0.02630699 
880 329 15 20 0.02624115 
938 100 20 27 0.026203893 
642 742 26 32 0.026198924 
461 336 16 20 0.026148856 
663 652 15 19 0.02609405 
44 119 23 26 0.026092364 
868 197 13 16 0.02608746 
911 735 16 22 0.026078688 
762 587 17 19 0.026032789 
404 837 26 31 0.026029587 
356 693 17 22 0.026026372 
231 656 23 29 0.025992401 
211 877 18 26 0.025959468 
314 692 14 19 0.025937516 
879 262 13 16 0.02591583 
634 661 24 32 0.025890745 
141 44 17 21 0.025864724 
906 42 14 20 0.025862897 
421 144 18 22 0.025856769 
502 471 16 21 0.025842758 
316 813 15 21 0.025837818 
884 259 13 15 0.02581158 
771 288 14 18 0.02580936 
341 765 12 16 0.025780708 
585 99 20 26 0.025778983 
534 389 11 14 0.025778301 
299 665 13 17 0.025777737 
422 428 21 25 0.025765557 
285 784 13 19 0.025722962 
882 267 15 19 0.025710069 
943 1126 51 63 0.025708528 
750 10 20 26 0.025707431 
769 416 15 18 0.02569721 
26 801 48 56 0.0256884 
339 88 16 23 0.025688007 
271 -1 25 28 0.025668856 
587 472 21 27 0.02564417 
814 395 14 19 0.025617378 
846 433 14 18 0.025584942 
958 5 11 15 0.025548471 
21 574 13 15 0.025539847 
36 180 16 22 0.025539652 
938 129 14 17 0.025523707 
178 532 16 22 0.025449103 
445 222 15 19 0.02544178 
708 533 12 15 0.025440427 
623 142 17 21 0.025401259 
717 512 15 19 0.025398066 
971 151 21 27 0.025383873 
348 113 12 17 0.025373254 
741 307 14 17 0.025349095 
958 477 22 29 0.025314106 
130 125 15 18 0.025267439 
874 672 17 21 0.025234895 
845 226 14 18 0.025206197 
981 339 15 17 0.025159411 
75 480 16 20 0.025135878 
941 53 15 20 0.02513041 
849 797 44 51 0.025127837 
683 673 15 19 0.02512729 
99 175 22 29 0.02509218 
683 662 23 29 0.025063444 
509 509 16 18 0.02503781 
557 87 24 29 0.02503094 
995 334 16 19 0.02502344 
134 53 22 28 0.025019228 
659 330 15 17 0.025018156 
940 687 15 22 0.025005432 
46 70 16 19 0.025001634 
275 37 24 26 0.025000269 
110 118 25 27 0.024996905 
347 310 15 20 0.024977816 
507 101 20 29 0.024905577 
296 496 15 20 0.024904983 
750 420 13 18 0.024890915 
941 693 20 29 0.024873767 
771 159 21 26 0.024861857 
333 630 21 29 0.024832252 
189 428 17 22 0.024803212 
512 454 20 26 0.02480035 
44 52 22 29 0.024795525 
792 810 26 35 0.024782285 
1 580 15 18 0.024774002 
891 272 15 19 0.024760768 
349 686 19 26 0.024751548 
888 107 16 22 0.024706248 
741 600 16 20 0.024683107 
608 919 32 41 0.024640847 
159 723 15 20 0.024631444 
401 291 14 18 0.024597296 
130 295 10 12 0.024578026 
352 833 19 22 0.024549538 
101 673 21 24 0.024521366 
411 612 24 27 0.02451437 
758 65 16 20 0.024491228 
112 727 17 22 0.024486493 
299 281 14 20 0.024444625 
112 715 16 20 0.024440072 
419 665 14 19 0.024433663 
536 303 21 25 0.02442254 
579 477 15 19 0.024404464 
419 892 48 63 0.024394568 
602 615 16 21 0.02438911 
7 51 22 28 0.024388848 
364 738 11 14 0.024381455 
509 240 15 18 0.02437442 
55 572 11 15 0.024363883 
881 235 13 17 0.024358878 
956 653 16 20 0.0243565 
448 411 16 20 0.02433853 
588 -1 14 14 0.024321545 
524 233 16 20 0.024283905 
814 21 12 15 0.024270289 
651 278 25 28 0.024233723 
806 651 17 24 0.024223343 
407 428 14 20 0.024208523 
227 320 14 18 0.02420034 
928 252 19 23 0.02418002 
714 246 16 21 0.024166605 
876 160 14 17 0.024164453 
775 149 22 26 0.02416208 
6 641 17 21 0.024161883 
428 132 16 21 0.024117546 
716 417 14 20 0.02411303 
949 483 15 20 0.024102855 
853 619 15 18 0.024099063 
272 48 22 25 0.0240988 
109 507 14 19 0.024088524 
384 99 22 28 0.024058651 
188 954 15 23 0.024044432 
452 149 16 21 0.024006216 
420 795 15 18 0.02397501 
754 613 15 19 0.023974828 
114 80 16 20 0.02394908 
550 508 15 22 0.023935474 
889 316 20 28 0.023927532 
900 725 15 20 0.023914004 
634 478 19 24 0.023910847 
635 369 14 20 0.023864865 
682 433 17 22 0.023843473 
536 684 13 17 0.02383676 
47 688 17 22 0.023780892 
178 210 16 21 0.023778839 
633 379 16 22 0.023762845 
723 388 14 19 0.02375662 
349 512 17 23 0.023743019 
219 382 16 19 0.023738582 
298 467 14 18 0.023737285 
5 599 20 27 0.023708928 
552 476 16 21 0.023705766 
37 583 13 16 0.023689713 
713 698 22 32 0.023661077 
456 134 21 27 0.023620697 
153 733 14 18 0.02361565 
886 51 23 27 0.0236053 
43 545 22 27 0.023601163 
992 118 24 30 0.023580229 
544 458 12 17 0.023578309 
135 674 15 21 0.023574047 
645 112 16 21 0.023569664 
116 484 22 27 0.023542756 
37 236 15 18 0.023539795 
329 519 16 23 0.023508424 
570 465 14 19 0.023507865 
8 147 12 16 0.023507701 
58 744 23 29 0.023476223 
67 616 14 18 0.023473259 
530 284 20 26 0.02345069 
436 498 24 29 0.023420999 
322 40 15 22 0.023399537 
63 385 12 16 0.023343734 
632 423 24 31 0.023336275 
453 395 13 17 0.023335395 
714 254 21 27 0.0233299 
525 294 16 23 0.023326296 
829 416 15 20 0.02327686 
795 412 13 17 0.023253007 
976 -1 27 29 0.023249075 
434 286 16 21 0.023240173 
774 307 14 19 0.023212908 
548 256 16 20 0.023211982 
758 366 20 28 0.023190994 
102 723 14 20 0.023184389 
309 781 13 16 0.023174489 
758 457 13 17 0.02316246 
148 434 15 20 0.023136765 
3 544 20 26 0.023134673 
589 11 14 19 0.02313299 
182 339 10 15 0.023094296 
503 155 18 23 0.02309104 
660 395 20 27 0.023089023 
691 354 15 19 0.023085114 
807 694 21 28 0.023048533 
312 755 13 17 0.023045154 
791 396 13 15 0.023031164 
117 653 13 16 0.023026438 
751 533 11 15 0.0230254 
576 201 22 27 0.023001377 
28 163 24 32 0.022972772 
490 278 20 25 0.022957513 
253 564 18 23 0.022957413 
191 49 13 18 0.022931436 
80 514 20 24 0.022924945 
155 635 14 19 0.022912525 
1005 467 17 25 0.022904241 
1002 99 16 19 0.022896186 
876 1005 24 29 0.022886332 
19 93 20 24 0.022880152 
396 348 14 19 0.02286644 
192 286 11 15 0.02285298 
122 470 22 27 0.022829194 
553 176 20 26 0.022815367 
561 463 19 27 0.02280243 
218 31 15 17 0.02280091 
589 516 13 18 0.022796446 
497 291 14 18 0.022793233 
880 366 21 26 0.02279314 
62 478 13 18 0.022788085 
72 105 14 18 0.022781365 
267 363 15 20 0.022779126 
858 36 15 19 0.022773525 
322 248 21 27 0.022768173 
38 578 21 25 0.022758376 
102 125 15 20 0.022756245 
147 340 25 31 0.022750303 
841 815 32 38 0.022742515 
541 933 12 16 0.022741947 
108 691 20 25 0.02273393 
66 17 15 19 0.022714645 
871 117 14 19 0.022713004 
814 158 15 19 0.022707067 
949 275 13 17 0.02268843 
756 543 24 28 0.02268365 
43 613 13 16 0.022677451 
859 702 20 28 0.022666208 
51 651 17 19 0.022665212 
942 298 14 19 0.022650197 
728 45 17 22 0.022643568 
422 791 22 28 0.022639306 
529 461 21 27 0.022638572 
156 661 14 19 0.022605462 
85 786 28 37 0.022603063 
141 635 17 21 0.022585033 
658 211 17 23 0.022533434 
95 192 16 21 0.022524482 
410 444 18 24 0.02251963 
607 370 15 20 0.02248491 
188 289 19 24 0.022468496 
171 773 12 16 0.022453945 
683 493 17 23 0.022452941 
54 83 24 27 0.022434365 
779 52 15 20 0.022393383 
963 628 12 16 0.022367675 
771 641 17 21 0.02236522 
587 920 15 20 0.02234447 
986 781 37 46 0.022255331 
492 13 15 17 0.02223923 
992 273 15 20 0.022213247 
662 244 13 18 0.022184951 
744 17 13 18 0.02218283 
312 69 23 29 0.022175267 
999 398 23 31 0.022155382 
896 659 14 19 0.022126842 
173 484 18 22 0.022118883 
23 783 26 37 0.02211865 
313 761 21 25 0.022105604 
553 465 16 23 0.022102734 
29 580 12 15 0.022040064 
26 562 15 17 0.02203936 
731 193 23 30 0.022006806 
406 1098 26 35 0.022003008 
362 838 21 23 0.022000672 
36 143 19 25 0.02199941 
439 899 30 35 0.021991646 
231 429 22 28 0.021972029 
931 235 15 20 0.021963676 
477 166 16 22 0.02194786 
276 768 13 18 0.021942446 
257 556 17 20 0.021941127 
772 349 20 24 0.021939158 
258 125 16 20 0.02193792 
604 423 14 20 0.02192989 
283 273 15 22 0.02191502 
201 473 18 25 0.021891048 
755 642 15 19 0.021875817 
147 685 16 22 0.021873677 
842 340 16 20 0.02187163 
872 23 22 28 0.021864487 
284 33 16 19 0.021809837 
579 270 23 28 0.021795634 
632 478 12 16 0.021779507 
103 136 16 21 0.021775555 
574 519 22 30 0.021768348 
308 372 12 17 0.021744454 
973 602 24 32 0.02172987 
13 101 22 27 0.021723162 
261 52 15 18 0.021715514 
879 292 15 19 0.02171477 
725 471 15 19 0.021704769 
173 642 16 20 0.021703504 
330 321 16 20 0.02168299 
500 50 18 23 0.021677686 
339 579 18 22 0.021661729 
950 306 14 18 0.02164737 
540 412 16 20 0.021639725 
100 625 13 18 0.02162546 
208 407 22 27 0.021625087 
749 320 15 21 0.021619814 
444 75 24 29 0.02161256 
300 815 18 21 0.021607969 
741 531 12 15 0.021603094 
132 309 12 17 0.021597503 
451 332 13 19 0.021596761 
562 33 14 21 0.021580167 
1005 92 15 17 0.02157828 
400 403 13 17 0.021570133 
908 726 14 19 0.02156829 
622 501 11 14 0.021546124 
662 671 21 29 0.021492623 
154 104 16 22 0.021444865 
205 337 16 21 0.021417622 
148 333 12 15 0.021417135 
795 31 14 19 0.021412129 
351 861 45 59 0.021397477 
904 3 12 15 0.021387292 
476 399 15 17 0.021377107 
190 23 23 28 0.021375636 
757 274 14 19 0.021365557 
938 655 22 26 0.021363484 
600 -3 22 24 0.021332107 
28 628 15 20 0.021327464 
4 0 15 16 0.021316975 
885 102 14 19 0.021306826 
678 324 17 21 0.021300739 
499 809 34 37 0.021237468 
541 29 16 22 0.02123376 
283 417 16 20 0.021207612 
126 165 24 29 0.021197401 
243 434 15 21 0.021152366 
951 267 14 16 0.021111729 
426 901 30 33 0.021087008 
556 920 12 16 0.02106649 
180 36 13 16 0.021056963 
859 384 16 23 0.020995885 
415 614 13 15 0.02099361 
480 326 20 26 0.020992044 
0 562 12 20 0.020981517 
77 22 23 29 0.02098133 
892 99 13 17 0.020963173 
649 344 20 25 0.020960102 
895 294 20 25 0.020947345 
881 55 17 21 0.020907162 
766 211 16 20 0.020898389 
706 0 15 13 0.020862775 
925 240 15 18 0.020840725 
414 376 14 19 0.020831391 
641 153 16 20 0.02083095 
558 646 24 32 0.02083095 
267 115 23 26 0.020823617 
602 506 13 16 0.020818863 
6 227 16 19 0.020803383 
1003 504 19 31 0.020802109 
351 438 16 20 0.020801159 
31 626 20 29 0.020798482 
605 346 14 19 0.02079537 
436 861 31 38 0.02079299 
752 4 12 15 0.020786187 
895 1039 47 70 0.020785304 
228 147 15 20 0.020780569 
303 72 15 20 0.020776922 
472 307 16 20 0.020769974 
433 48 17 21 0.020764148 
144 452 22 31 0.020761756 
832 294 17 22 0.020760946 
206 329 13 18 0.020752238 
777 5 16 18 0.020697251 
78 587 15 20 0.020694891 
757 355 13 18 0.020693531 
418 857 28 36 0.020675879 
551 400 21 26 0.020669775 
890 284 16 20 0.020664208 
664 95 16 19 0.0206562 
450 237 20 25 0.020633632 
257 639 24 31 0.020620013 
797 90 15 19 0.020618321 
329 13 19 22 0.020595971 
43 598 14 18 0.02059332 
703 97 16 19 0.020576002 
558 800 28 31 0.020570371 
927 738 17 21 0.020562775 
264 66 21 25 0.020545822 
851 627 13 17 0.020545678 
956 603 15 18 0.020522764 
685 347 13 16 0.020522114 
624 453 17 21 0.020511476 
111 888 22 30 0.020502148 
955 516 21 29 0.020500746 
946 509 24 29 0.020498527 
66 2 16 18 0.020491138 
717 588 21 27 0.020464195 
634 308 21 26 0.0204463 
6 100 15 19 0.020445755 
175 730 16 20 0.020444542 
32 588 14 18 0.020428507 
297 589 15 20 0.020404072 
440 180 22 27 0.02039819 
85 581 13 16 0.02037499 
116 433 16 20 0.020373827 
164 347 20 28 0.02037165 
211 469 22 29 0.020360123 
760 33 13 17 0.02035442 
68 119 14 18 0.020352518 
953 241 20 26 0.020350445 
539 443 13 18 0.020335013 
592 75 22 26 0.02032852 
165 633 15 20 0.0202947 
760 314 21 26 0.020281069 
784 203 15 19 0.020275723 
156 340 15 18 0.020270385 
789 323 15 19 0.020270273 
335 819 12 16 0.020244833 
131 456 24 30 0.020240331 
853 377 14 21 0.020239301 
473 351 15 19 0.02020642 
917 63 21 29 0.020172525 
111 91 21 26 0.020144906 
972 583 12 16 0.020142382 
422 456 20 25 0.02013241 
805 12 14 17 0.020118209 
827 384 15 21 0.020109659 
840 584 17 21 0.020105807 
617 943 18 23 0.02009443 
750 717 26 32 0.020085994 
894 408 18 21 0.020083865 
1013 174 10 15 0.020038212 
706 111 22 26 0.02003717 
138 610 15 19 0.02002769 
513 437 12 17 0.02001924 
222 723 14 16 0.020018812 
546 712 14 19 0.020018792 
