10_People_Marching_People_Marching_2_173
342
795 511 24 32 0.9984456 
317 485 11 15 0.9528518 
365 494 12 14 0.95154494 
858 513 17 21 0.94567233 
349 486 10 14 0.65214825 
759 499 9 11 0.62201965 
495 505 8 11 0.5766459 
383 493 9 12 0.44643408 
521 502 9 11 0.4454294 
281 494 9 11 0.40991 
423 495 8 10 0.39847493 
674 504 8 11 0.39553908 
732 505 13 16 0.37431923 
455 496 9 11 0.3485348 
188 486 9 11 0.3146988 
575 518 10 12 0.29490513 
509 503 8 11 0.27959582 
250 491 10 12 0.2675752 
641 495 9 12 0.2623885 
672 534 12 15 0.25957915 
568 541 11 13 0.25409675 
253 487 10 12 0.2521703 
979 518 13 16 0.23459916 
823 472 16 19 0.23435053 
341 492 11 14 0.23347321 
167 488 9 11 0.22945745 
700 516 10 14 0.2156508 
520 496 9 11 0.21378824 
272 494 8 11 0.20151463 
939 498 15 19 0.20007196 
449 497 8 11 0.18843444 
947 504 17 21 0.16787966 
574 501 10 13 0.16680376 
975 485 9 11 0.15680662 
464 502 7 10 0.15274249 
440 501 8 11 0.14764518 
990 493 13 16 0.14736986 
301 458 11 15 0.14434187 
372 493 10 13 0.14259847 
614 503 9 12 0.14210948 
-3 731 40 39 0.13868506 
649 558 8 12 0.13423468 
614 509 10 12 0.12951382 
209 483 10 12 0.12790646 
388 494 8 11 0.12701242 
196 347 12 14 0.12477211 
597 477 9 11 0.11682973 
542 496 8 10 0.11225607 
416 464 9 12 0.10715362 
490 503 8 11 0.10226247 
112 486 8 11 0.10187691 
341 499 10 12 0.098991156 
144 488 10 12 0.09782262 
924 484 10 14 0.0973852 
750 544 13 21 0.09726088 
424 487 8 11 0.09699475 
709 501 16 20 0.095024 
703 487 9 11 0.09391215 
936 495 12 16 0.09293163 
302 493 9 11 0.09283648 
590 508 10 12 0.088514246 
337 522 11 15 0.08662076 
237 487 8 11 0.08445047 
697 483 8 11 0.08072011 
224 499 9 12 0.079920195 
934 502 12 20 0.07962141 
756 532 16 23 0.07936272 
262 488 8 11 0.07816498 
693 495 9 13 0.07796546 
857 499 17 21 0.076938346 
656 504 8 10 0.075934194 
415 501 9 10 0.07403936 
779 515 14 18 0.07361581 
581 465 8 10 0.07313917 
645 499 9 11 0.07029222 
211 493 11 14 0.06918106 
442 496 7 11 0.06897192 
418 480 7 9 0.067461595 
1011 513 11 19 0.067104355 
486 519 10 13 0.0668224 
866 510 17 20 0.06606464 
926 479 10 14 0.06575256 
633 494 8 10 0.06534419 
264 493 9 11 0.064741395 
294 504 9 11 0.06421906 
575 509 11 12 0.06417895 
990 518 10 14 0.06397369 
481 503 8 10 0.06397129 
406 495 9 11 0.062617294 
974 492 11 14 0.062580004 
984 491 11 15 0.06194544 
1006 507 13 18 0.06156242 
128 400 8 10 0.061132856 
418 486 8 10 0.061130825 
697 511 10 14 0.060572904 
700 503 19 26 0.060025744 
148 487 10 11 0.059576504 
172 488 8 9 0.059258346 
874 513 13 17 0.058688115 
424 480 8 9 0.057320915 
812 492 12 17 0.057056762 
344 481 10 13 0.05608708 
703 531 13 17 0.05579735 
664 508 8 11 0.055696357 
965 500 11 17 0.054879934 
401 495 8 10 0.054189023 
362 493 10 14 0.054011606 
854 493 15 19 0.05313992 
976 526 20 24 0.05209751 
620 482 11 13 0.05199019 
303 487 8 11 0.051732793 
996 499 13 15 0.05166246 
581 502 12 14 0.051654495 
989 522 12 18 0.051133577 
956 500 14 18 0.05072676 
328 460 10 12 0.050536945 
968 546 11 14 0.0503385 
418 494 9 12 0.04849453 
194 344 10 12 0.048428133 
539 500 8 11 0.048166353 
760 525 20 26 0.04812823 
368 477 9 11 0.04724963 
286 500 10 12 0.047149245 
689 495 9 12 0.047115415 
969 536 20 25 0.047085367 
678 478 9 12 0.04645105 
474 524 9 12 0.046251964 
325 503 9 12 0.046081774 
185 482 8 10 0.04606666 
570 518 9 12 0.045935772 
469 503 8 10 0.04582956 
313 489 11 13 0.045779377 
166 396 10 12 0.04570712 
511 508 8 10 0.045648575 
561 471 8 9 0.045574885 
630 523 11 14 0.045351222 
213 481 9 11 0.045329213 
707 523 12 16 0.045052163 
478 524 10 12 0.044944026 
471 510 8 10 0.04486159 
904 527 11 14 0.044234682 
919 540 13 16 0.043403164 
350 509 13 15 0.043374125 
654 507 11 13 0.043222304 
429 479 8 10 0.042712234 
539 495 7 10 0.042652804 
665 504 7 10 0.04256797 
997 516 14 18 0.042370576 
525 496 6 10 0.041248217 
764 496 9 12 0.041228455 
616 478 12 14 0.041176964 
428 486 9 12 0.041029435 
376 487 9 12 0.0404916 
709 486 11 13 0.040417537 
551 488 8 11 0.040161327 
623 516 10 13 0.040106 
104 445 8 10 0.04006841 
429 517 10 13 0.039743766 
343 482 18 23 0.039685734 
560 520 8 10 0.03889312 
200 480 8 10 0.038849965 
407 499 10 12 0.03874772 
462 496 7 10 0.03868419 
842 602 10 14 0.03816588 
944 493 18 20 0.038010348 
294 492 9 12 0.03747298 
237 455 12 15 0.037436303 
511 496 9 11 0.037311025 
376 462 9 10 0.03728714 
287 488 9 12 0.037171666 
665 496 8 10 0.037056573 
383 498 10 12 0.03699352 
117 487 8 10 0.03616804 
981 511 12 15 0.03585251 
998 506 15 17 0.035329923 
757 503 14 20 0.03526975 
104 438 10 13 0.034707885 
771 519 20 26 0.034608085 
186 490 9 12 0.034400154 
517 487 9 11 0.03435834 
215 497 10 12 0.034230594 
742 544 14 21 0.033677142 
262 341 13 17 0.03339341 
137 487 9 10 0.033393256 
377 452 9 11 0.033392604 
293 487 9 12 0.033307567 
707 492 15 16 0.033297952 
162 492 10 10 0.03313931 
945 415 10 13 0.032677446 
581 485 11 13 0.03264061 
524 508 9 12 0.032608334 
231 493 8 11 0.03257451 
645 489 8 10 0.032455154 
320 507 11 13 0.032243278 
308 460 10 12 0.03214479 
351 502 10 13 0.03189021 
934 486 12 16 0.03172167 
971 498 13 15 0.031681594 
595 508 10 13 0.031679064 
731 544 17 20 0.031641632 
919 470 9 10 0.03151032 
514 486 8 11 0.031403076 
632 487 8 11 0.031278912 
421 464 8 10 0.031204266 
366 523 11 14 0.030976366 
132 467 11 13 0.030758742 
1006 521 12 17 0.030678993 
910 461 8 11 0.030648107 
592 515 10 13 0.030633168 
567 479 9 12 0.03047509 
754 501 11 13 0.030461662 
988 535 15 19 0.029952688 
199 485 9 10 0.029851984 
640 489 9 12 0.029798161 
340 517 13 16 0.029333878 
104 487 9 12 0.029314442 
295 455 11 16 0.029170882 
145 408 9 10 0.029131243 
688 479 8 12 0.028961584 
505 497 8 11 0.028891148 
750 487 8 11 0.028787266 
567 544 16 18 0.028615188 
289 445 9 12 0.028567022 
536 487 8 11 0.028437119 
615 495 10 12 0.028215652 
730 509 18 21 0.02814378 
620 510 11 15 0.027972877 
502 508 10 11 0.027867889 
966 494 11 15 0.02777945 
1012 503 11 16 0.02771219 
850 231 8 10 0.027519155 
336 478 9 12 0.027413594 
277 489 18 23 0.027388109 
622 493 10 12 0.026744552 
596 502 10 13 0.02671763 
473 519 9 12 0.02661709 
559 502 10 13 0.026472582 
679 471 8 11 0.026297266 
663 471 7 9 0.026246483 
248 499 10 12 0.026137484 
670 463 8 10 0.026135616 
240 503 9 11 0.025919028 
528 470 8 10 0.025900729 
74 479 8 11 0.025894886 
726 464 9 10 0.025790146 
542 527 8 11 0.025763322 
983 487 9 13 0.025692303 
230 473 9 10 0.025679128 
663 456 8 10 0.02567805 
575 468 9 11 0.025663363 
249 482 18 23 0.025624458 
337 487 10 13 0.025557768 
738 505 13 17 0.025456823 
488 496 8 10 0.025448173 
146 413 9 11 0.025268432 
570 535 13 14 0.025162358 
464 518 9 12 0.025161223 
420 533 13 15 0.025070447 
906 531 13 15 0.025014983 
478 509 9 10 0.024895636 
655 478 9 11 0.024823206 
166 436 10 12 0.024803463 
804 498 16 19 0.024564115 
744 493 9 11 0.024547031 
553 509 9 12 0.024515549 
133 398 8 11 0.024445418 
942 433 8 11 0.024406731 
390 500 8 10 0.024381598 
481 496 8 9 0.024339894 
429 494 7 10 0.0242512 
544 534 9 12 0.024117786 
272 235 8 11 0.023952492 
120 416 9 11 0.023942247 
991 494 22 26 0.023803864 
958 494 12 16 0.02373747 
939 487 14 17 0.023701452 
671 527 11 15 0.023628628 
569 496 9 11 0.023625366 
343 454 8 10 0.023611652 
743 462 7 9 0.023562154 
558 494 9 10 0.023516852 
699 518 18 24 0.023386508 
543 540 12 15 0.02332941 
569 506 10 15 0.023287501 
481 487 7 9 0.023228213 
624 523 11 14 0.023186939 
938 438 9 11 0.023177989 
512 519 7 10 0.023167245 
414 518 11 13 0.023130871 
751 506 13 17 0.023077032 
610 501 9 13 0.023068644 
191 482 8 10 0.022867236 
271 458 11 13 0.02283862 
470 487 7 10 0.02271083 
926 492 10 14 0.022698857 
543 488 9 12 0.022647707 
373 478 10 11 0.022573248 
325 491 10 13 0.022544181 
668 545 14 17 0.022544092 
778 515 23 28 0.022511926 
992 507 10 14 0.022477956 
955 510 14 20 0.02234868 
920 478 12 15 0.022315592 
990 523 22 27 0.022273486 
561 542 10 12 0.022191674 
837 339 42 51 0.022153292 
248 481 9 11 0.02205598 
567 468 9 12 0.021988591 
264 306 13 18 0.0219189 
928 505 14 20 0.021821085 
649 464 8 10 0.021808805 
745 488 9 11 0.021787921 
592 605 8 10 0.02176612 
431 471 8 10 0.021718353 
341 471 11 12 0.0215986 
238 491 9 11 0.021579046 
970 485 9 12 0.021576563 
933 479 10 13 0.021529242 
920 490 11 15 0.021408293 
589 483 11 13 0.021254037 
366 516 13 16 0.021205466 
288 506 12 14 0.020940179 
466 508 8 11 0.020939505 
671 513 11 15 0.020907693 
632 499 10 12 0.020845266 
685 524 11 14 0.020829236 
417 456 7 9 0.020748125 
966 514 12 17 0.02071411 
706 513 15 19 0.020674018 
257 461 9 12 0.020664787 
640 470 7 9 0.02061614 
172 492 9 11 0.020586206 
238 534 15 19 0.020545332 
1006 514 19 29 0.020501042 
598 369 10 12 0.020441497 
800 462 10 12 0.020306582 
713 470 8 10 0.020279592 
231 478 8 11 0.020257693 
567 523 10 12 0.02015076 
724 515 23 27 0.020113863 
594 455 8 10 0.020077309 
673 484 9 13 0.020019466 
