10_People_Marching_People_Marching_2_60
61
399 224 37 37 0.99857724 
356 212 33 34 0.9984419 
843 193 31 34 0.9984357 
102 201 41 40 0.99696845 
660 194 42 41 0.9798947 
768 153 41 42 0.96832657 
588 182 29 38 0.90729594 
920 212 37 40 0.83482283 
509 181 40 45 0.8335572 
222 165 41 42 0.8240548 
143 0 27 22 0.81647944 
806 65 27 44 0.2896528 
311 -1 25 22 0.19184937 
251 203 27 33 0.1843641 
174 337 15 19 0.08661431 
226 0 32 25 0.08372811 
552 105 27 36 0.05966636 
444 171 28 36 0.057780672 
209 -1 21 18 0.056832828 
908 183 47 56 0.052691873 
434 -7 90 110 0.051382937 
661 175 36 45 0.050645407 
164 349 15 17 0.043847006 
825 80 17 25 0.039099745 
493 62 13 16 0.036759354 
385 89 43 47 0.03651763 
854 116 30 45 0.03541973 
241 0 35 30 0.034391783 
686 357 25 37 0.03394621 
351 188 50 60 0.03294855 
1 97 18 32 0.03283302 
321 -1 28 25 0.03241168 
149 322 27 32 0.031065783 
371 214 45 47 0.029732728 
238 190 29 37 0.029550105 
425 2 19 19 0.028678361 
239 46 13 16 0.028481586 
488 94 10 14 0.02647165 
918 217 54 62 0.026038885 
866 186 27 36 0.02589356 
160 331 25 27 0.025183214 
600 472 12 13 0.024933094 
341 32 17 18 0.024764076 
494 95 10 15 0.024561426 
847 169 27 35 0.023845566 
92 199 33 38 0.022990951 
651 162 193 211 0.02253281 
625 122 39 63 0.02249341 
434 9 16 20 0.02229844 
324 18 14 17 0.021995217 
355 110 49 58 0.02197918 
230 146 38 48 0.021722065 
159 349 25 27 0.02152081 
323 12 27 30 0.021486659 
810 122 32 43 0.021294758 
427 2 28 32 0.021246817 
281 29 30 33 0.021234414 
101 349 31 31 0.021189464 
212 176 30 36 0.020824865 
504 144 51 65 0.02023117 
502 190 29 36 0.020081175 
