10_People_Marching_People_Marching_2_591
1696
851 182 29 38 0.99935716 
755 193 27 34 0.9967417 
894 159 46 52 0.9893489 
596 185 21 27 0.98775136 
507 1122 15 18 0.98734194 
529 1275 18 24 0.98525435 
671 192 23 28 0.9850863 
155 185 19 22 0.978958 
459 185 18 24 0.9693821 
40 176 20 26 0.96833426 
538 1224 20 24 0.9613327 
611 1280 19 24 0.9611907 
277 188 16 24 0.96086884 
513 1181 20 26 0.95754397 
426 1220 18 23 0.95447904 
212 186 20 26 0.9494483 
47 1107 13 17 0.9486848 
106 1170 15 19 0.9322213 
86 177 17 24 0.92703325 
414 1132 14 19 0.9020483 
844 1243 20 28 0.9008141 
621 1226 18 21 0.89492977 
875 1340 17 26 0.88255346 
694 1269 15 21 0.8421766 
338 1178 13 16 0.8323042 
292 1174 15 19 0.81724507 
668 1240 15 19 0.8163859 
910 1258 27 35 0.81136155 
163 1062 15 19 0.8042294 
363 1216 17 23 0.7874913 
458 1199 18 24 0.77028936 
805 1299 20 27 0.7664549 
322 1137 15 18 0.7626912 
568 1303 19 24 0.7481731 
555 1354 20 23 0.7434309 
773 1267 17 23 0.7151346 
360 1140 14 19 0.7133682 
163 1162 15 22 0.71281934 
285 1090 14 19 0.7008727 
149 1128 16 19 0.69896555 
370 201 16 22 0.67786324 
74 1155 15 20 0.67106587 
815 1161 15 19 0.66502297 
414 1281 25 39 0.661942 
207 1152 16 21 0.6530533 
586 1191 15 20 0.65293545 
416 183 19 24 0.6484872 
78 1126 13 16 0.6464993 
131 1156 14 18 0.64069116 
420 1265 20 31 0.6270922 
640 1345 22 24 0.6030236 
219 1245 16 23 0.59989303 
668 953 45 58 0.5940837 
450 1273 16 22 0.55189353 
914 1133 15 21 0.53973806 
117 1132 16 20 0.5290495 
155 1373 23 36 0.5087806 
499 1227 16 21 0.50308955 
650 1285 14 19 0.5030797 
39 1186 18 22 0.50043434 
335 194 16 22 0.49560985 
244 1165 14 17 0.49329224 
550 504 15 18 0.46738797 
484 1267 20 27 0.44590113 
218 1187 15 19 0.445454 
574 1252 19 25 0.44486415 
355 1258 17 21 0.4439716 
279 1167 14 18 0.4433821 
507 1271 15 21 0.4341386 
249 1222 23 27 0.43099585 
837 1101 12 16 0.42187756 
303 1151 15 21 0.4155013 
939 1088 13 18 0.4137511 
737 1268 13 19 0.39720374 
695 1327 20 28 0.39705378 
609 1367 15 19 0.3962045 
283 1170 15 19 0.38608506 
762 1242 16 25 0.37635124 
740 1162 15 19 0.37423608 
524 1328 21 26 0.36429062 
745 1192 16 20 0.36251813 
464 1315 23 31 0.35871544 
655 1212 13 18 0.34362897 
611 1139 15 19 0.3370544 
183 1073 14 17 0.3310657 
503 1232 21 26 0.32972437 
394 191 14 18 0.32775635 
879 1084 13 16 0.32300168 
964 1104 14 17 0.3157889 
935 1164 14 19 0.30183557 
154 1095 15 19 0.30140814 
321 1288 18 24 0.29958344 
319 1231 21 25 0.29861355 
7 1114 12 15 0.29847476 
893 1305 16 24 0.29547948 
398 1281 24 33 0.29531494 
449 1145 14 18 0.29299515 
860 1065 11 15 0.28595155 
736 1357 21 28 0.28490397 
564 1235 17 20 0.28265333 
238 622 10 13 0.27189773 
149 1197 15 21 0.26835573 
718 1116 13 16 0.26131967 
81 1208 17 21 0.2584444 
477 1158 13 16 0.25480747 
814 1137 15 19 0.25130218 
630 1318 17 22 0.25098133 
820 1076 15 18 0.24992073 
245 630 10 13 0.24811426 
905 1343 23 29 0.24494688 
893 1138 17 19 0.24459973 
90 1154 14 18 0.24385278 
820 1293 21 28 0.2423406 
590 1208 16 19 0.2405559 
739 1118 13 17 0.23825847 
986 1202 15 19 0.2380027 
535 1113 14 18 0.23657191 
1006 190 18 24 0.23575588 
1005 1320 15 20 0.22884834 
383 1169 14 18 0.22753853 
906 715 15 20 0.22631197 
221 1236 18 21 0.2258068 
253 1130 13 18 0.22320521 
356 1212 18 23 0.22220163 
350 631 15 17 0.22119407 
931 1052 12 16 0.21682371 
784 686 11 13 0.21643311 
251 1195 15 18 0.21469574 
20 1132 12 17 0.2078189 
765 1069 10 12 0.20587233 
986 1087 15 18 0.20485777 
765 1125 12 17 0.20440489 
309 660 12 15 0.20202884 
240 627 11 13 0.20173563 
619 1208 16 19 0.19779642 
644 1204 14 18 0.19120306 
430 1281 24 33 0.19093712 
880 708 10 12 0.18911277 
910 1082 14 19 0.1886446 
318 1100 15 19 0.18708405 
181 1139 16 19 0.18674149 
990 1177 16 20 0.18577035 
928 699 9 11 0.18409199 
691 1296 14 19 0.18002492 
768 1084 14 17 0.17892532 
201 1217 17 21 0.17779705 
134 180 24 29 0.17567796 
627 1210 15 20 0.17381617 
249 1209 16 20 0.17372002 
972 1106 12 15 0.172458 
572 1192 14 18 0.17136773 
258 1195 15 19 0.17072012 
261 1130 13 17 0.17036436 
598 1326 21 26 0.1690557 
1005 1165 15 19 0.16873458 
853 1109 13 15 0.16764976 
933 1048 9 11 0.1625563 
103 1177 21 26 0.16105187 
51 1159 15 20 0.1538744 
958 1101 15 17 0.15062682 
861 1129 16 20 0.1500821 
230 1210 13 17 0.14932704 
758 1130 14 17 0.14890377 
241 1169 19 24 0.14844058 
515 218 20 22 0.14764269 
180 1087 17 20 0.14575973 
445 1278 17 22 0.14451353 
384 1275 24 30 0.14425892 
1012 1120 12 18 0.14205569 
153 599 10 11 0.14031176 
734 1102 13 15 0.14024456 
212 1136 16 20 0.1385854 
405 1179 13 19 0.13810846 
631 1110 12 15 0.13556372 
768 1077 11 13 0.13501163 
924 1074 13 16 0.13480766 
43 1191 19 26 0.13460425 
817 1131 16 20 0.13427475 
433 1269 21 30 0.13371849 
934 1128 15 20 0.13314593 
820 1338 23 30 0.13265015 
174 1088 14 17 0.1322712 
163 1105 15 19 0.13183169 
939 1203 14 19 0.13177192 
397 1224 16 22 0.13089734 
568 1241 20 25 0.1299903 
245 1114 15 17 0.1286384 
573 1124 13 16 0.12863366 
889 1184 20 27 0.12835103 
521 300 13 16 0.12808158 
276 1193 15 19 0.12747331 
709 1134 14 18 0.1273338 
466 1242 15 21 0.12718867 
286 276 14 17 0.12632997 
49 1213 16 22 0.12624852 
614 1354 20 28 0.12571454 
660 1319 17 20 0.123115376 
772 1113 13 16 0.122598514 
910 1244 23 30 0.12241436 
661 1128 16 19 0.12216841 
107 1115 13 17 0.122107364 
732 1319 17 22 0.12142902 
987 1127 16 19 0.12119379 
801 1345 16 22 0.12092314 
696 551 6 8 0.120651536 
701 1227 15 17 0.1203256 
795 1107 12 16 0.12030384 
767 688 12 13 0.119145654 
520 1336 22 30 0.11911764 
472 1125 11 15 0.11896461 
883 1079 12 15 0.11664202 
679 1108 11 13 0.116505526 
600 1358 21 27 0.11607697 
540 1194 15 19 0.11427344 
908 1098 13 17 0.11254188 
631 1101 8 11 0.11234833 
792 1236 12 16 0.11129711 
282 1251 17 22 0.1111789 
196 1239 21 26 0.11014919 
659 1123 14 17 0.10981658 
735 565 9 11 0.1095198 
836 1225 17 22 0.108847834 
1007 27 17 23 0.10793099 
11 573 14 19 0.10786516 
279 629 9 11 0.10726192 
579 1165 17 21 0.10684216 
566 1194 13 17 0.10647832 
662 1296 16 21 0.10563203 
515 1239 15 21 0.104824565 
995 1237 19 23 0.10439187 
605 1102 10 14 0.10428727 
586 1198 20 23 0.10378862 
445 1125 11 14 0.10314561 
860 1201 15 23 0.102512114 
214 597 8 9 0.10247339 
93 1116 14 17 0.10234732 
669 681 14 17 0.10211839 
498 1266 19 25 0.10169066 
281 622 9 12 0.101431884 
706 1217 16 19 0.1012369 
447 654 11 13 0.1011395 
783 50 21 28 0.100816354 
717 524 8 11 0.100263424 
165 1207 21 28 0.10010108 
208 631 8 11 0.100047894 
987 1183 22 25 0.098921634 
764 1116 13 16 0.098876655 
286 568 8 10 0.09715829 
557 1144 13 18 0.09698909 
169 1066 14 19 0.0963438 
347 1203 15 18 0.09583129 
551 1145 12 18 0.09463986 
835 1207 14 20 0.09463128 
773 1164 15 20 0.094488434 
684 1106 10 13 0.09444935 
686 1124 10 14 0.09414581 
712 1123 12 16 0.09382071 
964 1140 15 17 0.093444325 
392 132 12 17 0.09343687 
703 1096 13 17 0.093282014 
747 1233 14 19 0.0930221 
852 1191 16 22 0.0929525 
885 1304 16 21 0.09253759 
372 1122 12 15 0.09203284 
843 1173 16 20 0.09167104 
306 1211 14 18 0.09143149 
223 591 9 11 0.091311455 
229 1267 24 31 0.09078438 
119 583 10 13 0.089356616 
478 1193 13 19 0.08873416 
270 615 9 10 0.087631375 
637 1208 15 19 0.08727697 
672 988 13 15 0.08710331 
292 659 13 17 0.08658597 
378 1273 18 22 0.08595671 
5 1183 16 23 0.085894614 
588 1099 11 14 0.08583009 
662 1162 15 18 0.085639015 
12 1098 12 16 0.08552539 
944 696 9 12 0.08494669 
797 1340 16 20 0.084486686 
122 1104 14 17 0.08387936 
510 1348 22 29 0.08378339 
786 1142 15 18 0.08303484 
972 1169 15 21 0.08293898 
850 244 18 23 0.08207936 
322 1241 22 28 0.08166567 
384 93 10 13 0.08131398 
366 694 12 14 0.08048975 
714 1332 14 19 0.080155194 
788 677 10 12 0.07988804 
321 622 9 11 0.079708144 
894 1179 24 28 0.07965094 
962 1304 16 22 0.07949132 
624 1096 10 12 0.07929038 
286 1123 12 15 0.07921716 
481 1186 19 24 0.07909305 
403 1276 15 21 0.079079136 
365 1116 14 19 0.07877384 
596 1250 16 19 0.0787467 
388 1208 18 23 0.07831932 
860 1187 16 21 0.0780079 
454 1308 24 31 0.07785922 
782 1085 10 15 0.077661246 
302 660 13 16 0.077540316 
749 1314 12 17 0.077314064 
303 621 9 10 0.07709493 
156 633 15 20 0.077016905 
815 1069 11 12 0.07682473 
109 1124 15 18 0.07671643 
867 1184 14 19 0.07657573 
307 1105 14 20 0.076556645 
703 624 9 10 0.076104596 
241 284 11 14 0.075448036 
177 1234 17 21 0.07516344 
846 1178 21 27 0.07506542 
245 1106 16 18 0.07471232 
869 1153 16 19 0.07434939 
858 1116 13 15 0.07430005 
705 1271 15 19 0.074171595 
285 573 8 10 0.07379613 
333 1256 24 26 0.073782936 
671 1108 10 12 0.073526956 
246 1200 17 21 0.07337638 
861 1272 15 20 0.07322421 
492 1219 18 24 0.073127 
492 1209 15 19 0.07299559 
487 1084 11 13 0.072847426 
329 469 8 10 0.07248739 
623 1349 21 28 0.07189592 
702 607 8 10 0.07181582 
438 1340 22 29 0.0715922 
965 1169 15 20 0.071526825 
121 486 7 9 0.07127379 
707 1330 15 22 0.07126402 
583 1249 19 25 0.07093561 
904 1050 11 14 0.070665054 
427 1261 15 23 0.07011406 
385 1288 25 30 0.06969573 
190 1179 14 17 0.06942921 
980 1108 14 17 0.06939536 
739 1109 12 14 0.06921039 
122 1125 15 17 0.069205195 
820 1090 12 15 0.069118805 
606 1144 15 18 0.06907396 
725 1109 13 15 0.06870713 
541 1103 11 14 0.06839073 
596 1311 20 25 0.06806753 
281 574 8 9 0.06798387 
909 701 9 11 0.067927755 
670 975 26 32 0.06775466 
981 1171 19 26 0.06771885 
596 1264 16 20 0.067605734 
772 687 11 13 0.067516245 
261 1165 12 16 0.06748494 
281 1097 13 19 0.06711037 
213 606 10 12 0.06692605 
836 1233 22 28 0.06681037 
726 1319 15 23 0.06678647 
246 647 10 13 0.06672055 
876 1295 22 27 0.06671963 
650 504 7 9 0.06667009 
205 1140 14 17 0.06663583 
684 1330 22 28 0.06653706 
881 1372 16 21 0.0664913 
188 1144 15 20 0.06645228 
143 1126 13 17 0.06634373 
931 1135 15 20 0.06630956 
478 1070 9 12 0.06621068 
816 1082 14 17 0.066201046 
996 1171 15 19 0.0661341 
88 551 9 10 0.066072285 
43 262 27 32 0.06589651 
38 534 10 12 0.0658841 
467 1307 16 22 0.065665886 
654 1118 14 17 0.06542946 
352 566 7 9 0.06535917 
684 1118 11 15 0.0652018 
720 1230 12 16 0.064432815 
691 1194 14 17 0.06420804 
766 703 13 14 0.064144075 
335 567 9 10 0.06412644 
738 1084 13 15 0.06396922 
655 533 8 9 0.06379536 
148 1169 15 19 0.06374082 
611 1153 17 20 0.06373285 
229 1090 11 16 0.063656434 
4 1130 12 16 0.063615665 
60 1152 19 25 0.06356594 
169 1156 17 22 0.06351516 
540 201 16 21 0.06330125 
174 1200 15 22 0.063275985 
249 527 7 9 0.06291045 
540 1122 11 15 0.06284314 
819 708 10 14 0.06279223 
598 1126 13 15 0.0624767 
1007 1130 13 20 0.06245019 
469 1185 14 19 0.062119216 
81 1152 17 23 0.061840236 
915 1275 18 24 0.061737243 
245 1122 16 19 0.061680563 
629 1130 12 16 0.061593074 
190 1210 25 28 0.061581388 
350 1210 17 20 0.061543383 
316 1174 12 16 0.06149412 
977 1165 17 23 0.061383586 
928 1057 12 15 0.061294034 
988 1076 15 18 0.060900986 
556 1110 10 12 0.06057382 
209 591 8 11 0.06027961 
430 1168 16 20 0.060242817 
997 100 23 32 0.060144804 
810 1334 21 31 0.060061853 
485 1225 16 20 0.06002181 
233 526 7 10 0.059958376 
282 567 7 10 0.059903633 
581 296 14 17 0.059555087 
737 1091 14 17 0.059518002 
769 1379 18 22 0.05929006 
893 1151 15 18 0.059113376 
870 1287 21 30 0.058479205 
679 557 9 11 0.05842566 
397 126 11 15 0.058362268 
727 541 8 11 0.058352128 
268 1195 13 19 0.05827932 
991 1069 11 14 0.058079485 
830 1094 11 15 0.057951916 
846 1133 13 15 0.057850566 
981 1067 11 13 0.057662595 
242 1181 21 26 0.057643663 
703 575 8 9 0.05745395 
0 1155 8 15 0.057427526 
646 1198 14 17 0.05740503 
721 567 8 10 0.05717963 
753 1187 13 18 0.057083167 
852 1120 15 18 0.05702691 
759 1114 13 17 0.05686691 
254 584 8 10 0.056833375 
787 1210 13 16 0.056829363 
532 206 16 22 0.05679469 
973 1213 14 19 0.056590367 
420 155 11 14 0.05636464 
467 1195 15 21 0.056323547 
678 1123 13 16 0.056176826 
601 1107 11 13 0.05570075 
476 1180 14 19 0.05561546 
876 1097 13 16 0.05557105 
240 598 9 10 0.055562273 
587 299 15 18 0.055539474 
341 1200 16 20 0.055522345 
270 636 9 12 0.0553458 
998 1069 10 13 0.05531459 
688 552 7 10 0.055190902 
264 558 9 11 0.05518347 
669 1137 14 17 0.055158444 
395 1230 23 29 0.054984525 
769 646 8 10 0.05478558 
699 502 8 10 0.054747835 
552 587 10 13 0.054656565 
423 179 16 20 0.054580845 
589 493 11 13 0.054490328 
388 83 14 16 0.054407343 
740 1315 14 20 0.05439042 
753 1234 20 27 0.054214545 
551 1110 10 13 0.053999506 
516 1343 16 23 0.05397743 
685 608 8 9 0.05393508 
774 1330 14 20 0.053876083 
724 1177 12 17 0.053741597 
272 607 9 11 0.053716227 
413 1272 18 25 0.053633202 
654 503 7 10 0.053535823 
772 1319 16 22 0.053533718 
622 1314 17 21 0.05344849 
283 1103 14 18 0.05336916 
428 493 10 11 0.053099398 
771 1124 13 18 0.05303901 
669 1148 14 16 0.052911464 
189 1184 19 24 0.052765146 
813 1226 16 21 0.052619003 
0 511 9 13 0.05260663 
232 502 7 9 0.0525968 
32 540 8 10 0.052474026 
914 1126 14 17 0.052321073 
713 591 9 11 0.052298475 
508 211 19 21 0.05225252 
798 1113 11 15 0.052155256 
460 1187 15 18 0.05204205 
289 1095 15 19 0.051962912 
741 1079 11 13 0.051738594 
658 549 7 10 0.051691663 
696 568 8 9 0.051604915 
756 1136 14 18 0.051429573 
708 1196 14 17 0.051410582 
244 623 10 14 0.051274337 
239 633 11 14 0.05126834 
314 157 25 32 0.051246636 
597 1343 24 31 0.051208414 
580 1130 12 18 0.051141594 
852 1129 15 19 0.051055495 
867 1224 23 28 0.051047742 
847 1107 11 15 0.050976034 
6 1121 12 17 0.050598495 
293 1163 15 20 0.05038731 
690 526 7 10 0.050323557 
214 628 9 12 0.050124764 
718 599 9 9 0.05003595 
217 551 7 10 0.0499828 
530 1333 23 30 0.049944684 
244 1084 12 14 0.049821507 
208 611 10 12 0.049771015 
515 1270 19 25 0.049667157 
909 1356 15 20 0.049406145 
516 203 16 19 0.049322203 
832 717 11 14 0.049311697 
215 592 8 10 0.0492318 
548 1189 14 17 0.04922448 
470 1129 14 20 0.049100067 
280 560 7 9 0.04883157 
452 165 12 14 0.04878894 
978 1185 40 54 0.048786398 
165 181 22 25 0.048774928 
727 582 8 9 0.04868715 
866 1264 16 22 0.048643857 
645 1278 16 20 0.048632983 
739 1126 14 17 0.04849679 
450 1283 18 23 0.048466813 
256 544 7 8 0.048324537 
428 1125 12 14 0.048323642 
369 1211 16 23 0.048320387 
234 1199 20 26 0.04822686 
284 1244 16 18 0.04821467 
964 1130 15 18 0.048208583 
735 1079 11 13 0.048198182 
156 1087 13 16 0.048163824 
924 1137 14 20 0.0480623 
449 1258 17 20 0.0480348 
996 1375 23 36 0.048022415 
713 597 9 10 0.048006702 
437 193 13 17 0.047524665 
296 615 9 12 0.047487296 
718 584 8 9 0.04747654 
856 742 9 13 0.04746418 
393 1204 15 19 0.047443755 
765 231 17 24 0.047387395 
273 599 8 10 0.047292877 
269 560 8 9 0.047255695 
103 1139 13 17 0.047102265 
240 651 11 13 0.04695863 
851 1172 15 19 0.04693305 
981 1208 14 21 0.046930663 
882 1206 21 29 0.046804838 
373 1141 10 16 0.046785325 
567 1252 15 19 0.04665949 
51 1200 16 24 0.046563044 
757 1268 12 16 0.046534617 
426 191 15 20 0.04653289 
239 1190 19 26 0.04649985 
141 1193 16 21 0.046488255 
606 655 26 35 0.04646698 
687 1145 14 20 0.046301737 
686 1232 13 18 0.04625841 
744 631 9 10 0.046249993 
402 184 18 25 0.046249006 
188 1133 15 20 0.04621583 
783 678 12 14 0.046195336 
271 1170 13 16 0.046138026 
286 1208 14 17 0.046081122 
946 1304 15 22 0.04598859 
561 574 10 11 0.04588283 
906 1180 17 19 0.04587503 
924 733 13 19 0.04580464 
428 508 10 12 0.045758512 
69 1150 16 20 0.045673512 
872 1086 13 16 0.045515396 
712 551 9 11 0.045510862 
435 1202 14 17 0.04550384 
816 1185 14 21 0.04550357 
1013 1215 13 19 0.045479387 
194 1145 18 24 0.045395885 
264 576 8 10 0.045311123 
71 1104 11 15 0.04530075 
576 564 8 10 0.04523841 
163 1091 14 18 0.04503335 
625 521 8 10 0.04502561 
279 592 8 9 0.045011654 
791 1102 14 17 0.045004766 
10 1079 14 18 0.044912934 
639 1330 24 28 0.044893894 
540 599 11 13 0.044694584 
727 566 10 11 0.04469242 
728 1072 9 12 0.044568896 
513 546 11 14 0.044436716 
300 1140 13 15 0.04434277 
92 1091 12 13 0.044251822 
331 1228 14 19 0.044230357 
363 1135 13 16 0.044135157 
278 638 9 10 0.044100653 
963 1239 25 28 0.04409946 
693 1227 13 19 0.04404605 
446 1130 14 17 0.044010945 
820 702 10 13 0.04395251 
225 596 7 10 0.043860827 
291 1242 16 20 0.043831177 
258 550 7 10 0.043643568 
238 567 9 11 0.04358503 
418 195 16 21 0.04348133 
782 1219 14 17 0.04346995 
331 1250 16 21 0.043382645 
666 1156 15 19 0.043351956 
905 1105 13 17 0.043327577 
640 53 12 14 0.043234244 
454 1248 21 26 0.043175504 
539 1210 16 19 0.04313717 
654 1109 12 14 0.04304501 
921 1248 16 22 0.042925708 
108 1135 17 20 0.04286645 
615 1101 9 12 0.042756665 
805 1093 11 13 0.04274192 
287 653 14 17 0.042638976 
810 1142 20 25 0.042619064 
355 1205 15 18 0.042614758 
382 137 14 18 0.042587794 
748 1124 12 16 0.04245197 
101 1119 14 18 0.042440984 
327 1076 11 14 0.042383872 
262 551 8 10 0.042244937 
974 1077 12 15 0.04222077 
55 537 7 9 0.04218548 
809 1069 10 11 0.042179294 
726 653 8 9 0.042171992 
248 613 8 10 0.042131793 
222 606 8 11 0.042100288 
378 1209 19 26 0.042092822 
567 1131 13 16 0.042012088 
674 1236 14 19 0.041981913 
941 1414 11 14 0.04197653 
565 1212 14 17 0.041959852 
446 181 22 27 0.04195939 
360 1118 11 15 0.041951925 
157 694 12 15 0.041934658 
789 1340 15 19 0.041833773 
917 1077 13 16 0.041826632 
993 694 7 10 0.04166758 
564 1219 14 19 0.04165501 
443 192 15 18 0.041617803 
694 1252 14 16 0.04148959 
699 1261 14 19 0.041485354 
447 1151 14 20 0.041456606 
370 559 6 9 0.041358676 
217 568 7 9 0.041318826 
923 1081 15 18 0.041277748 
350 624 13 15 0.041228086 
502 1094 8 10 0.041220404 
610 588 13 16 0.041111186 
996 192 18 24 0.041096997 
334 669 11 13 0.04106477 
552 1224 19 25 0.041047845 
989 1098 13 15 0.041034378 
145 1094 11 15 0.041025218 
666 1303 15 20 0.041022696 
334 1184 14 18 0.040992785 
892 1123 15 18 0.040983938 
959 1122 14 17 0.04092293 
917 1179 15 19 0.04084826 
202 512 9 11 0.040735174 
195 1138 16 19 0.04072203 
603 1266 16 19 0.04070897 
860 1168 15 20 0.040694945 
687 679 9 12 0.040692136 
234 616 9 11 0.040597457 
169 1220 24 30 0.040522963 
853 1206 18 23 0.040512316 
964 1294 21 28 0.04041932 
963 1113 16 19 0.04032091 
739 1206 17 21 0.04028898 
345 542 8 10 0.04028539 
455 1179 15 18 0.04027055 
812 1255 16 20 0.04023649 
368 120 14 18 0.04019824 
1010 103 13 21 0.040168136 
622 1132 13 17 0.040158276 
279 1105 12 17 0.0401292 
899 1238 23 29 0.040092304 
412 663 15 18 0.040074646 
887 1341 22 30 0.04007121 
875 1149 14 20 0.040034305 
295 1153 15 20 0.04002622 
45 1118 15 18 0.03996136 
652 1287 19 27 0.039906234 
782 663 11 13 0.039876666 
738 1349 18 22 0.039864924 
596 1147 14 19 0.03984753 
837 1191 20 28 0.039821684 
591 1132 11 15 0.03978648 
379 196 15 19 0.039762553 
626 699 23 25 0.039752718 
514 1227 15 20 0.03971773 
459 1268 15 22 0.03971711 
679 1116 11 13 0.03966673 
741 566 8 10 0.039653625 
710 1162 13 15 0.039597522 
589 1351 24 29 0.03949755 
744 648 8 10 0.039459866 
994 1122 14 21 0.039445248 
944 1161 20 25 0.039338503 
15 637 8 10 0.03927087 
815 1126 14 18 0.03920219 
999 33 15 20 0.039109517 
380 655 9 12 0.03909059 
214 612 10 12 0.039032638 
255 589 8 10 0.038897704 
157 573 10 13 0.038840946 
708 1314 14 19 0.038782824 
723 1357 24 30 0.03872904 
760 693 11 12 0.038662404 
854 1248 21 28 0.03865239 
314 666 12 14 0.038595784 
557 1188 13 18 0.038462166 
756 1291 15 19 0.038409967 
190 1122 13 16 0.038397778 
1004 1153 21 27 0.03839682 
859 1155 18 20 0.03838644 
196 59 10 13 0.038301628 
899 1299 16 22 0.03827677 
737 1194 22 27 0.038223863 
229 636 11 14 0.038091116 
249 583 7 10 0.037954763 
301 1248 16 22 0.037926845 
625 193 15 19 0.037847918 
624 503 9 12 0.037807476 
88 558 10 11 0.0377639 
698 605 8 11 0.037691567 
381 542 8 11 0.03753352 
965 1218 14 19 0.03751454 
437 163 11 14 0.037455887 
982 1202 24 32 0.037451655 
270 619 9 12 0.037407406 
830 1213 20 29 0.037352704 
467 207 13 16 0.037255336 
840 1204 21 28 0.037208635 
335 655 10 11 0.037187457 
654 1130 15 18 0.03717054 
877 713 11 14 0.037142087 
223 1242 24 32 0.03703632 
245 1133 14 20 0.037020586 
956 1148 20 24 0.0369739 
283 1256 25 32 0.036914214 
186 1236 21 27 0.036864657 
806 1258 13 19 0.03685712 
717 1155 13 17 0.036837578 
852 1147 14 18 0.03680926 
953 1187 15 19 0.0367865 
472 1170 14 18 0.036731083 
281 535 8 10 0.036625486 
976 1063 11 14 0.036615886 
786 669 12 15 0.036572095 
1012 1079 10 13 0.03656525 
485 499 11 14 0.03649147 
682 607 7 9 0.03638793 
334 663 10 13 0.036333226 
413 1193 13 17 0.03631382 
819 1351 18 23 0.036232293 
233 568 8 10 0.0362118 
311 1233 16 20 0.03619887 
877 1214 16 23 0.036195245 
350 535 8 10 0.036178615 
726 605 10 11 0.03617343 
173 641 13 17 0.03614652 
389 1194 14 19 0.03614275 
231 584 7 9 0.036039386 
13 1124 12 16 0.03595394 
393 549 9 11 0.035947014 
209 1224 14 19 0.035918932 
31 559 9 11 0.03588047 
259 1146 14 18 0.03577316 
252 628 9 14 0.035759166 
883 702 11 15 0.035711806 
313 463 8 10 0.035694476 
1000 1204 23 28 0.035685197 
1007 1076 11 13 0.03564439 
174 1145 15 20 0.035616163 
594 1188 14 19 0.03559986 
215 623 10 12 0.035586596 
264 582 9 10 0.0355687 
153 534 9 11 0.035539277 
383 1181 21 26 0.03551387 
619 1144 14 18 0.03549115 
327 663 9 11 0.03548331 
702 1195 13 17 0.035450004 
901 1251 26 33 0.035426058 
123 1118 14 16 0.03536259 
622 1126 12 15 0.03535276 
406 664 13 19 0.035334777 
929 1143 19 27 0.035273097 
953 1318 16 22 0.03522693 
358 658 13 15 0.035192482 
222 569 7 9 0.035156097 
394 1178 19 25 0.035097793 
779 1338 15 19 0.034985 
152 574 10 13 0.03498306 
279 1116 12 16 0.034956485 
727 1102 12 15 0.034921195 
364 1204 14 18 0.034919128 
693 1188 13 16 0.03491484 
695 1099 11 15 0.034906767 
735 590 9 11 0.034892373 
650 508 8 10 0.034892354 
679 552 9 10 0.034848604 
822 183 23 32 0.034819666 
854 1163 15 18 0.03471994 
885 1182 14 20 0.03464422 
36 551 9 10 0.034637775 
714 519 9 11 0.034628674 
397 184 12 16 0.034607545 
796 1292 23 29 0.03456203 
951 1288 22 29 0.03453469 
605 1133 14 18 0.034513257 
114 1164 14 19 0.034510087 
140 1160 14 19 0.03444374 
479 1094 8 11 0.034410864 
607 574 10 11 0.034345023 
186 572 9 11 0.034310605 
94 1110 13 15 0.034251492 
382 605 12 14 0.034245826 
534 506 10 13 0.034221824 
859 1386 23 30 0.03420961 
307 169 27 35 0.03418758 
734 1167 14 19 0.034175508 
278 615 8 10 0.034170967 
727 1131 11 14 0.034132432 
327 551 9 10 0.03410919 
933 1155 15 20 0.034095988 
439 620 8 10 0.03409024 
763 1209 16 17 0.03406263 
845 1079 10 13 0.034057356 
143 1099 11 16 0.034033004 
1 1220 22 35 0.034030937 
907 1331 16 20 0.034004547 
8 557 9 12 0.033969652 
397 1457 27 25 0.033937287 
981 1112 20 24 0.033930928 
189 628 10 14 0.03392491 
670 568 8 10 0.033892326 
755 1307 15 21 0.033867866 
877 1184 14 21 0.033827018 
965 1227 14 17 0.033823647 
317 479 9 11 0.033805933 
735 647 8 9 0.033774998 
2 1214 16 23 0.033740636 
807 1347 22 28 0.033739552 
667 1124 15 18 0.033713013 
215 535 8 9 0.03362164 
300 1109 15 20 0.033618357 
191 568 8 11 0.033592988 
114 1253 28 42 0.033587247 
704 627 9 12 0.033541445 
790 1289 14 20 0.03352564 
740 1240 14 18 0.033490438 
813 1099 14 15 0.033475466 
1013 1085 11 15 0.0334518 
648 543 8 10 0.03341957 
586 1169 15 19 0.033380423 
262 652 10 12 0.033378366 
592 1214 16 20 0.033371624 
598 221 13 18 0.033370484 
765 1313 15 20 0.033360757 
368 1110 11 14 0.033312064 
740 1181 17 19 0.033310648 
604 1124 12 15 0.03330322 
829 700 9 12 0.03329133 
200 636 10 11 0.033283908 
21 577 14 17 0.033279862 
663 572 9 10 0.033228844 
415 175 14 18 0.033214733 
456 1101 9 13 0.03317096 
982 695 9 11 0.03313961 
341 1147 14 19 0.033128094 
581 1158 15 19 0.033115264 
712 568 7 10 0.033101253 
362 694 10 14 0.03302675 
359 1236 23 32 0.032997444 
333 182 14 19 0.032947622 
697 1180 15 16 0.032913927 
914 1233 19 23 0.032904457 
637 1095 8 11 0.032890044 
735 1157 14 20 0.032885082 
589 1179 13 17 0.032849975 
900 1088 15 20 0.032827467 
948 1069 10 13 0.032789785 
231 606 9 10 0.032752592 
537 603 10 14 0.032697767 
559 1240 13 19 0.032663353 
270 581 7 9 0.03265181 
690 520 7 9 0.03258005 
285 98 16 20 0.032574706 
407 152 11 14 0.032533992 
110 588 12 16 0.03247465 
966 1221 22 27 0.032445204 
427 1196 17 19 0.03244103 
839 1082 10 14 0.03243448 
992 1047 11 13 0.032410584 
442 171 22 27 0.032373715 
930 1049 10 12 0.032333214 
414 150 12 15 0.032199033 
337 637 11 13 0.032183126 
380 187 14 19 0.03217331 
0 933 23 39 0.032171346 
413 1140 15 21 0.032131493 
181 54 12 15 0.032127418 
209 1082 16 18 0.032099567 
715 1269 12 16 0.032084327 
740 1216 14 17 0.032071754 
825 1088 19 25 0.032059107 
316 1139 19 24 0.032048374 
695 599 10 11 0.031981252 
892 1196 16 23 0.031920712 
522 209 17 21 0.031879276 
33 518 7 9 0.031862874 
428 502 10 13 0.03184853 
333 1125 13 15 0.031844284 
408 455 10 13 0.031831283 
342 635 13 15 0.03181608 
675 1129 14 19 0.031805642 
869 1114 14 18 0.031712037 
641 1284 20 26 0.03170568 
744 614 9 10 0.031705473 
246 658 11 14 0.031675335 
862 1343 17 21 0.03160147 
205 742 12 15 0.031597763 
898 1309 22 26 0.031588983 
805 686 10 12 0.031538606 
93 550 8 10 0.03152093 
819 1097 13 16 0.03150075 
421 1194 15 18 0.031457644 
664 560 8 9 0.031454053 
264 565 8 9 0.031443074 
811 1291 17 25 0.031441674 
1000 1063 10 12 0.03142516 
179 182 23 28 0.031400222 
252 1155 14 18 0.03139453 
563 1147 13 16 0.031356275 
980 1159 13 16 0.03135086 
749 695 10 12 0.03133094 
662 1108 11 14 0.031316493 
799 685 11 12 0.031291544 
956 1168 16 19 0.031262524 
124 1144 19 23 0.03125035 
923 78 12 15 0.03123764 
93 1101 13 15 0.03117655 
238 606 9 11 0.031133734 
87 1086 14 14 0.031053828 
349 1251 18 24 0.03100242 
731 1106 20 23 0.03099389 
665 1326 21 26 0.030992446 
320 558 8 10 0.030992167 
353 462 8 11 0.030987784 
902 36 23 27 0.030986799 
997 1291 13 17 0.030979883 
939 1120 13 16 0.030969921 
328 576 7 10 0.03094772 
671 1092 11 12 0.030942043 
554 512 14 16 0.030930048 
602 580 22 28 0.030900052 
385 244 18 22 0.030890886 
256 624 7 11 0.030872136 
120 566 10 12 0.030854031 
156 617 12 16 0.030832563 
206 516 8 10 0.030722851 
260 1155 13 18 0.030693542 
188 1094 13 19 0.030660598 
504 1102 9 12 0.030658636 
941 1217 17 20 0.030658364 
761 1073 11 15 0.030651763 
654 1163 15 19 0.030605456 
726 1196 12 18 0.030602109 
9 1106 14 19 0.030581078 
686 615 8 9 0.030566664 
726 1268 13 17 0.03056248 
240 1132 13 17 0.030560795 
0 1344 14 25 0.030473232 
688 592 8 9 0.030458838 
25 535 8 10 0.030457174 
6 1099 13 17 0.03044128 
639 503 8 10 0.030401727 
793 652 9 11 0.03039265 
375 1155 13 18 0.030384006 
949 1077 11 15 0.030376103 
674 1336 16 22 0.030374205 
699 1187 15 16 0.03036316 
585 1097 10 11 0.030360546 
340 670 11 13 0.030315783 
294 568 9 10 0.030231861 
588 1155 14 18 0.030222343 
17 170 18 21 0.030222273 
757 1211 15 17 0.03021762 
914 1347 23 31 0.030214684 
980 1236 16 21 0.030208152 
695 592 8 10 0.03020271 
830 695 9 11 0.030161582 
940 1059 11 14 0.030152638 
705 535 7 10 0.030149998 
728 576 8 9 0.030135157 
848 694 9 11 0.030134289 
612 1197 15 18 0.030098721 
894 1210 23 27 0.030086711 
716 1314 16 19 0.030086678 
192 683 12 16 0.030080827 
1005 1069 11 13 0.03007414 
456 1276 17 24 0.030015381 
373 1108 12 15 0.029963866 
655 607 8 10 0.029933173 
867 1068 12 15 0.029871074 
976 694 10 12 0.029860685 
313 567 7 9 0.02985338 
92 1140 14 17 0.029850615 
316 1257 16 21 0.029833823 
916 1217 16 20 0.029833414 
366 607 8 10 0.029799324 
871 1107 13 17 0.02979483 
920 702 10 12 0.02976564 
702 1203 13 17 0.02975994 
470 559 9 10 0.029748281 
866 1205 17 24 0.029739443 
478 1272 18 23 0.029720124 
171 1050 13 17 0.029710319 
982 1077 14 17 0.029699642 
14 157 23 28 0.02967522 
676 1153 14 18 0.029650746 
728 695 10 12 0.029608468 
125 566 11 13 0.029565189 
452 1308 16 22 0.029564736 
616 1096 10 12 0.029547848 
526 1124 10 15 0.029531088 
777 1384 17 21 0.029520787 
486 1100 11 12 0.029507503 
777 1260 15 20 0.02950241 
871 714 12 15 0.029492741 
377 205 16 21 0.029466452 
414 199 14 17 0.029461494 
826 1282 23 31 0.02944866 
293 584 9 10 0.029434502 
657 574 8 10 0.029424042 
578 1116 13 17 0.029422313 
873 1197 23 31 0.029357657 
310 1177 14 18 0.029350623 
151 1202 21 28 0.029332561 
687 683 14 17 0.02932929 
133 1192 15 19 0.029305434 
868 1271 22 29 0.0292996 
864 1191 16 24 0.029293431 
1001 1267 15 19 0.029291505 
988 1235 17 22 0.02927297 
745 581 9 11 0.029267011 
723 1153 13 18 0.029247386 
387 1267 17 22 0.029239615 
675 1355 16 20 0.029201062 
1005 1145 16 18 0.029189589 
670 572 7 10 0.029180508 
769 1248 16 20 0.029178947 
627 1308 16 20 0.029165482 
752 1130 11 15 0.029158104 
264 536 7 8 0.029127749 
1000 1229 23 33 0.029099425 
441 651 12 15 0.029096156 
720 534 8 10 0.029079905 
114 551 8 10 0.029035216 
306 1237 22 28 0.0289602 
199 590 7 10 0.028888345 
264 509 7 10 0.028820908 
289 552 7 9 0.028801829 
192 589 9 11 0.02878519 
725 599 9 12 0.028782554 
225 1230 17 19 0.02876573 
224 630 9 12 0.028742703 
70 1203 15 20 0.028715562 
39 528 9 11 0.02871333 
528 590 9 11 0.028657135 
988 1166 13 17 0.028650174 
381 534 8 11 0.028617376 
627 1258 14 19 0.028587911 
15 517 9 11 0.028576028 
608 7 10 11 0.028571568 
453 1095 9 11 0.028564405 
886 691 11 14 0.028549647 
154 1211 27 32 0.0285379 
523 1182 21 25 0.028498502 
320 616 9 11 0.028463725 
250 1170 14 18 0.028430251 
802 1191 16 21 0.028428124 
117 591 13 17 0.028413396 
289 583 8 10 0.02840963 
840 1132 11 15 0.028406302 
696 616 8 9 0.028392613 
446 1091 11 14 0.028379785 
101 588 11 13 0.028364772 
762 1065 10 12 0.028335178 
916 714 14 19 0.028320305 
771 1309 15 21 0.028283818 
351 552 9 11 0.028280314 
264 622 9 10 0.028271273 
780 1124 13 16 0.028260505 
320 599 8 9 0.028189331 
918 708 12 17 0.028185036 
865 1159 16 20 0.028174156 
80 544 7 9 0.028151345 
319 543 8 10 0.028133024 
303 1133 12 16 0.028117191 
549 1124 11 16 0.028069928 
231 628 11 13 0.028055318 
85 1118 14 17 0.02803185 
855 1052 10 12 0.02803056 
659 1204 14 20 0.028019298 
989 1245 16 22 0.027988913 
391 1074 10 13 0.027963297 
452 1132 13 17 0.027949879 
305 1214 22 27 0.027937721 
19 184 15 20 0.02793479 
970 1137 15 18 0.027933354 
238 527 7 10 0.027923817 
212 1233 22 28 0.0279154 
152 610 13 17 0.027908716 
712 533 9 10 0.02787795 
787 1152 15 21 0.027876776 
108 1186 22 28 0.027874438 
629 520 8 10 0.027848812 
121 587 12 15 0.027828334 
752 1071 8 11 0.027824907 
569 1353 15 22 0.027818568 
40 1201 22 34 0.027787957 
270 40 154 184 0.027764933 
779 1109 12 16 0.02773758 
654 1101 11 15 0.027735991 
781 1155 14 20 0.027731871 
222 552 9 10 0.02768198 
345 599 9 11 0.027675102 
529 215 17 20 0.02765804 
240 592 9 11 0.027635913 
376 552 8 10 0.027620241 
808 1139 13 19 0.027610479 
348 84 16 20 0.027594637 
874 1265 15 20 0.027593546 
330 275 14 15 0.027588405 
710 1291 14 18 0.027543774 
113 558 10 11 0.02752629 
641 614 9 11 0.027525764 
296 599 8 9 0.02750557 
913 1340 16 21 0.02749784 
869 1064 9 11 0.027497686 
748 1117 12 16 0.027476989 
494 1093 10 12 0.027455676 
2 1115 11 16 0.027444383 
709 644 9 12 0.02742593 
246 1091 12 16 0.027423188 
921 1265 24 30 0.027422283 
886 725 11 15 0.02738281 
77 1109 11 14 0.027379703 
382 1134 11 14 0.027345229 
329 667 11 13 0.027338896 
209 583 8 11 0.027287764 
195 289 10 14 0.027282387 
472 552 8 10 0.027262159 
761 811 11 14 0.027251022 
854 1296 15 21 0.02724633 
714 584 8 10 0.02724546 
670 584 9 9 0.027227255 
816 713 11 14 0.02722671 
1003 1246 16 20 0.02721781 
822 1118 11 14 0.02716174 
256 574 8 10 0.027154654 
948 1283 16 21 0.027143948 
254 651 9 12 0.027142389 
415 163 12 15 0.027140526 
918 1047 9 11 0.027135981 
672 560 8 9 0.027123375 
159 730 13 17 0.027103098 
254 1265 14 19 0.027045755 
995 1092 11 15 0.027035417 
278 607 8 10 0.027028294 
459 1173 13 16 0.027021471 
0 1195 11 17 0.027020281 
267 1084 13 16 0.026973879 
294 1105 12 18 0.026959786 
513 1304 17 20 0.026954593 
110 674 11 14 0.02692528 
483 1197 19 25 0.026923163 
702 568 8 10 0.026890073 
207 723 16 19 0.026876712 
513 1117 14 19 0.02682106 
601 1278 22 27 0.026820768 
680 584 7 9 0.02678153 
709 1087 11 13 0.02677538 
983 1185 15 20 0.02675864 
968 1109 21 25 0.026749864 
835 3 13 13 0.026730431 
472 1162 16 18 0.026715476 
351 608 9 11 0.026714701 
848 689 8 11 0.0266794 
273 592 7 10 0.026674388 
316 656 11 13 0.02664676 
716 1196 13 17 0.026645903 
200 559 7 8 0.026625996 
966 1281 25 29 0.0266071 
710 1342 21 30 0.026606997 
397 653 11 13 0.026584093 
665 520 7 9 0.026582748 
517 1167 14 16 0.026543085 
800 666 11 15 0.026531758 
503 1109 10 14 0.026522005 
763 1290 14 18 0.026515665 
798 640 8 9 0.026458535 
130 1132 13 17 0.026423374 
943 1076 11 14 0.02639336 
673 599 8 10 0.026369562 
177 1150 20 25 0.026369493 
269 1108 14 17 0.026363326 
762 687 10 13 0.026342997 
1014 1257 12 17 0.026265966 
467 1266 16 21 0.026260726 
229 590 9 10 0.026259908 
710 630 9 11 0.02619127 
997 1099 11 15 0.02618528 
757 709 15 18 0.026167657 
421 1126 13 16 0.026158 
588 652 17 21 0.026125211 
752 526 7 8 0.026123367 
759 560 7 10 0.026120612 
720 13 9 11 0.026113523 
614 1124 11 14 0.026061215 
490 1180 15 20 0.0260511 
312 574 8 10 0.026048204 
654 509 8 9 0.02604395 
969 1054 9 10 0.026010917 
495 567 9 11 0.02597902 
179 1187 21 27 0.025977943 
516 1081 11 14 0.025942728 
597 1280 16 21 0.0259324 
751 1267 11 16 0.025930075 
37 540 9 10 0.025926264 
389 710 44 54 0.02592107 
742 1228 15 20 0.025909724 
300 1235 15 19 0.025820125 
476 1115 13 17 0.025797194 
214 584 9 11 0.025791245 
763 1253 22 27 0.025782397 
217 1153 14 19 0.02578104 
725 1354 14 20 0.025780313 
502 1352 16 23 0.025773829 
597 49 16 17 0.025765944 
398 1163 13 16 0.025756802 
114 85 28 33 0.025752675 
368 1278 25 33 0.025744755 
685 656 8 9 0.025713405 
670 1342 22 28 0.025650892 
461 557 11 13 0.02563862 
303 526 8 10 0.02562296 
862 1073 13 16 0.025610369 
78 180 17 23 0.025606466 
894 1090 13 18 0.02555721 
375 615 10 11 0.025528966 
477 1151 12 15 0.025512172 
877 1070 10 13 0.025506517 
13 566 12 15 0.025494877 
933 700 9 12 0.025475316 
544 1130 10 13 0.02547486 
325 556 9 10 0.02545623 
981 1100 13 16 0.025414456 
86 686 9 11 0.025409749 
174 1072 13 17 0.025406698 
1001 1378 15 21 0.025352055 
253 608 9 11 0.025351288 
250 1099 13 18 0.025340274 
72 89 24 29 0.025295747 
393 582 9 10 0.025292281 
357 1103 10 12 0.025275862 
327 1266 26 31 0.025244748 
86 678 11 13 0.025224164 
720 542 9 10 0.025219874 
412 485 9 13 0.025215734 
89 747 8 10 0.025184544 
268 1125 13 17 0.025170317 
794 640 8 10 0.025143089 
841 1218 16 21 0.02513507 
548 1348 18 22 0.025128325 
630 552 8 11 0.025127016 
479 1226 14 19 0.02512433 
671 1367 22 27 0.025112264 
204 663 10 14 0.02505709 
345 536 8 10 0.025054257 
327 1282 18 25 0.025029536 
849 1115 12 15 0.024951344 
323 1257 24 30 0.024931727 
673 520 7 9 0.024925081 
832 1344 17 23 0.024916656 
590 1234 15 19 0.024916008 
725 1123 12 17 0.024878995 
265 631 9 12 0.024878094 
873 1381 21 32 0.024872381 
351 558 8 10 0.024869453 
759 615 8 9 0.024868485 
355 187 13 21 0.024859926 
125 486 8 10 0.024854403 
213 1126 14 17 0.024844801 
551 1103 10 13 0.024843572 
713 545 8 9 0.024835298 
779 1313 14 21 0.024789132 
178 1206 16 23 0.024750605 
412 158 22 28 0.024730511 
679 1258 12 17 0.02472318 
758 1284 12 15 0.024722971 
806 1099 13 15 0.024709633 
397 535 9 10 0.024654603 
799 1354 22 29 0.024625214 
907 1283 22 28 0.024613032 
349 1172 12 17 0.024604779 
714 1296 15 18 0.024594748 
727 590 9 11 0.02457559 
573 1136 15 17 0.02456538 
409 1136 14 19 0.02454485 
351 521 7 9 0.024542645 
7 1085 20 27 0.024540601 
953 1174 20 25 0.024527604 
323 1254 16 21 0.024517216 
883 1333 14 20 0.024516497 
715 1130 12 17 0.024512641 
723 646 8 10 0.024505759 
662 534 8 9 0.024505368 
234 617 17 22 0.024484513 
704 1087 10 13 0.024461644 
597 1138 15 18 0.02444929 
648 1327 24 27 0.024443204 
163 640 14 19 0.02443637 
291 187 15 20 0.024434477 
157 1114 14 17 0.024434011 
450 1125 13 15 0.024429157 
161 1191 21 31 0.02441739 
750 1292 14 20 0.024401551 
479 1086 9 13 0.024386445 
286 608 8 10 0.024363065 
843 1101 12 16 0.02433298 
223 1067 13 16 0.02430566 
462 552 10 12 0.024295101 
106 1200 17 19 0.024257299 
174 690 12 15 0.024231782 
699 1135 18 24 0.02422326 
304 575 7 9 0.024206111 
532 582 11 13 0.024200894 
240 583 8 9 0.024160208 
0 1170 10 18 0.02415901 
102 1092 11 14 0.02412697 
689 575 7 9 0.024125248 
766 1163 14 19 0.02411019 
703 544 7 10 0.024103634 
381 1289 16 20 0.024075905 
671 671 11 13 0.024071325 
422 139 14 14 0.024059411 
781 1132 12 15 0.024057886 
189 622 10 12 0.024043847 
303 600 8 9 0.023995636 
335 560 9 10 0.02397589 
252 526 8 9 0.023966428 
907 1295 17 22 0.02396296 
267 1248 40 51 0.023957385 
507 1220 17 21 0.023939725 
874 164 41 49 0.023929577 
22 528 8 9 0.023920294 
247 552 7 8 0.023873733 
271 576 8 10 0.023863569 
156 1170 19 26 0.023829637 
380 180 14 16 0.023828793 
773 1101 12 15 0.0238246 
447 159 11 12 0.023819678 
95 747 9 11 0.023814501 
154 603 12 15 0.023790142 
669 1231 13 17 0.023787027 
382 575 8 10 0.023781085 
224 584 9 11 0.023748182 
304 1249 23 29 0.02372659 
637 1100 9 13 0.02372637 
372 696 13 15 0.023723904 
425 488 10 11 0.02369842 
312 1273 27 33 0.023698414 
325 627 10 11 0.023691203 
326 1193 13 16 0.023680469 
411 377 16 19 0.023676688 
279 644 9 11 0.023670433 
110 582 10 11 0.023640478 
877 1282 24 30 0.023630764 
656 544 9 11 0.023620652 
0 1100 11 16 0.02361897 
44 1168 17 20 0.023615554 
184 1201 21 29 0.02361292 
688 599 8 10 0.023596294 
558 1132 13 18 0.023586739 
235 1216 15 19 0.023585958 
344 157 10 14 0.0235326 
588 1226 16 17 0.02351435 
565 1163 16 20 0.023501856 
117 1116 14 17 0.023500906 
157 647 14 18 0.023491275 
543 1145 13 18 0.023488598 
319 592 8 9 0.023462944 
728 624 8 8 0.023460664 
994 686 9 11 0.023443498 
968 697 9 11 0.023426292 
99 1236 15 21 0.023424625 
433 174 22 28 0.023410207 
730 1332 24 31 0.023400867 
636 1124 12 17 0.023385732 
48 560 8 10 0.023343615 
996 33 23 32 0.023326522 
754 558 8 10 0.023309542 
702 600 9 11 0.023301536 
518 486 9 10 0.023285076 
385 1304 17 21 0.023251057 
1006 1109 14 20 0.023230992 
651 1341 22 28 0.023226857 
684 1302 18 21 0.02322642 
345 1263 25 31 0.023212168 
452 651 12 16 0.02320383 
372 1267 18 22 0.023173371 
189 614 9 11 0.023172325 
415 88 12 14 0.023159087 
95 179 16 21 0.023154456 
698 1171 15 17 0.023148332 
930 1256 16 24 0.023139266 
271 543 8 10 0.02312881 
246 535 8 9 0.023126137 
391 565 9 10 0.02311353 
676 1093 12 15 0.023096213 
686 557 7 10 0.023095852 
557 1104 9 11 0.023095347 
662 997 11 15 0.023093756 
694 679 8 10 0.023091484 
998 1347 20 29 0.023077711 
157 591 10 12 0.02306396 
902 1387 13 17 0.023025043 
373 129 16 18 0.023015423 
201 495 8 10 0.023014499 
772 647 9 11 0.023006793 
733 1139 13 15 0.02297416 
627 1136 13 19 0.022961566 
787 690 12 14 0.022947725 
376 1103 9 13 0.022915598 
739 1291 14 20 0.022913283 
828 1194 15 22 0.022896795 
516 1175 15 17 0.022895584 
295 574 8 9 0.0228946 
135 651 13 18 0.022883277 
551 606 10 12 0.022865439 
830 711 12 14 0.022854982 
501 1088 9 10 0.022844655 
711 575 7 9 0.022840863 
321 552 8 10 0.02283978 
527 1116 11 16 0.022805633 
241 534 8 9 0.022787448 
279 552 8 9 0.022765001 
248 608 9 11 0.022740556 
646 1122 12 16 0.022731176 
387 207 15 19 0.022730963 
775 662 10 12 0.022725053 
280 339 17 21 0.02271643 
673 1111 21 26 0.022684604 
198 666 14 18 0.022663686 
510 1102 10 12 0.022652635 
632 1303 21 28 0.022641676 
910 696 9 11 0.022641659 
846 1124 13 16 0.02262765 
679 545 8 9 0.022626584 
610 1269 17 21 0.022625294 
740 1139 12 15 0.022618623 
859 1142 21 24 0.02256949 
834 1305 16 23 0.022567302 
678 591 8 10 0.022556184 
406 1191 14 19 0.022551479 
595 1180 14 17 0.022530058 
426 1188 16 18 0.022519821 
112 706 10 13 0.022492483 
95 1171 15 18 0.022483733 
27 1132 12 17 0.022477932 
628 746 16 19 0.02243093 
312 551 7 10 0.022377577 
376 590 9 10 0.022371216 
682 1370 16 23 0.022368394 
198 652 12 14 0.022361713 
900 1289 15 21 0.02235672 
159 1157 15 21 0.02232465 
1 1076 11 16 0.02231741 
806 675 10 14 0.022305842 
356 142 22 29 0.022305815 
412 493 9 11 0.022284806 
265 1255 26 33 0.022254886 
685 1201 14 19 0.022253353 
414 1099 10 13 0.022239294 
328 1143 18 23 0.022223795 
809 1092 22 26 0.022221342 
958 1311 23 31 0.02221933 
551 627 12 15 0.022219134 
664 527 7 9 0.022181433 
262 662 10 12 0.022176823 
158 579 10 12 0.022166464 
499 1243 18 23 0.022165313 
718 695 9 11 0.022152657 
332 1193 14 18 0.02214775 
752 520 8 9 0.022143578 
771 1204 16 18 0.022142086 
581 1177 14 20 0.022122614 
247 1217 17 21 0.02211876 
119 1234 26 37 0.022114063 
816 1175 20 27 0.022092372 
99 1153 14 19 0.022087723 
728 560 9 11 0.022084525 
382 1101 10 12 0.022077497 
695 575 8 9 0.022076901 
901 1351 17 22 0.022076277 
520 1247 17 22 0.022075078 
211 696 14 16 0.022058839 
0 1200 18 23 0.022015944 
764 1187 15 18 0.022009479 
189 606 10 12 0.021984996 
728 726 8 10 0.021958772 
856 1221 24 30 0.021951992 
703 550 8 9 0.021946011 
410 213 13 16 0.021941809 
351 1139 13 18 0.021887321 
827 1164 13 17 0.021865577 
854 1233 23 29 0.02186549 
969 750 28 32 0.021865254 
228 1122 14 18 0.021860233 
397 487 9 12 0.021845527 
904 1219 25 28 0.021828344 
693 630 9 12 0.021827905 
977 1246 16 22 0.02182027 
487 574 9 11 0.021818938 
609 557 8 9 0.021804694 
410 584 8 11 0.021799495 
81 688 9 10 0.02177915 
629 503 10 13 0.021776997 
935 1041 9 10 0.021758795 
702 559 9 11 0.021748196 
937 1166 20 28 0.021747502 
72 551 9 11 0.021726951 
808 653 10 11 0.021723814 
720 606 8 10 0.021713726 
703 591 8 10 0.021702312 
324 685 12 14 0.021698482 
263 505 7 10 0.021678101 
994 1323 24 30 0.02163839 
373 1188 13 17 0.021627847 
312 646 9 11 0.021574114 
307 184 17 23 0.021572607 
312 1221 23 29 0.021570327 
544 505 13 18 0.021560311 
715 1323 16 20 0.02154133 
558 1267 14 19 0.021495245 
552 496 10 12 0.021477582 
107 1210 17 19 0.021474391 
286 560 8 8 0.021466821 
638 1295 20 27 0.021453468 
239 1083 12 16 0.021450829 
414 110 13 15 0.021431964 
906 697 8 10 0.021405833 
486 1093 12 13 0.021405783 
411 1172 13 18 0.021405125 
719 717 8 10 0.021398904 
796 1228 13 20 0.021387812 
815 701 12 15 0.02134162 
314 1209 16 20 0.02132147 
545 206 15 19 0.021309337 
709 1358 23 32 0.021306686 
638 626 9 12 0.02129875 
561 1357 26 31 0.021292776 
302 201 15 20 0.021289606 
535 1200 16 19 0.021288691 
930 1076 12 14 0.021287689 
247 542 8 10 0.021276962 
899 1170 17 20 0.021260494 
322 181 22 30 0.02124535 
239 551 8 9 0.021243196 
803 1330 15 22 0.021241492 
367 552 8 10 0.021233326 
878 693 12 16 0.021229729 
735 1236 13 17 0.021221248 
883 581 33 36 0.021208541 
255 536 8 9 0.021203103 
198 597 8 10 0.021184416 
65 541 7 9 0.02116843 
191 510 8 10 0.02115123 
171 1098 14 19 0.021137197 
656 559 8 10 0.021124303 
81 707 11 13 0.021112619 
721 669 8 11 0.021108171 
702 615 8 9 0.021103255 
343 568 7 9 0.021088839 
638 1147 13 17 0.0210861 
629 731 28 35 0.021083001 
671 1114 11 15 0.021054111 
345 472 7 8 0.021053385 
625 533 9 10 0.021039767 
532 588 11 13 0.021024102 
296 559 8 10 0.02100879 
97 544 8 10 0.020999689 
989 1290 13 19 0.020997338 
1012 1355 12 18 0.020995079 
544 574 8 10 0.020986663 
145 1185 21 27 0.020973688 
431 624 8 10 0.02091579 
574 527 9 12 0.020908186 
71 558 10 11 0.020895222 
249 1255 24 32 0.020873979 
373 687 12 14 0.020873602 
571 1156 23 27 0.0208698 
971 1264 18 22 0.020856563 
198 574 8 10 0.020855784 
239 574 9 10 0.020855019 
255 662 10 13 0.020848073 
678 1266 14 18 0.020836998 
116 1224 16 21 0.020836353 
454 543 8 10 0.02081202 
231 692 11 13 0.020805275 
537 517 11 14 0.02080248 
204 674 12 15 0.020775726 
220 613 10 12 0.02075507 
621 740 26 31 0.02071758 
118 738 11 15 0.020696387 
87 545 8 10 0.020695778 
492 1146 15 18 0.02069004 
820 1331 18 23 0.02069001 
958 1230 22 28 0.020682674 
713 1210 15 18 0.02067983 
687 583 9 10 0.020679448 
199 1189 20 25 0.020672517 
317 632 107 123 0.020656707 
963 1253 18 20 0.020632891 
309 616 8 10 0.020603912 
237 1250 25 32 0.020593952 
493 1102 10 11 0.020590961 
139 1173 23 29 0.020590065 
8 566 11 13 0.020577405 
412 1259 16 21 0.020563949 
413 656 11 13 0.020561518 
562 1139 14 16 0.020554444 
429 1156 13 15 0.020539673 
621 1266 14 20 0.020538231 
392 590 8 10 0.020534778 
215 1181 14 19 0.020533185 
972 1200 21 28 0.020530248 
301 1225 15 20 0.02052728 
241 1275 15 20 0.020507243 
286 1258 43 50 0.020493645 
320 607 8 10 0.020466726 
280 1225 24 28 0.020456826 
600 582 11 13 0.0204426 
390 1100 10 12 0.020440733 
374 148 12 16 0.020433478 
813 654 9 11 0.020427866 
306 658 20 24 0.02037848 
660 1197 13 17 0.0203595 
723 1328 15 20 0.020357866 
318 574 8 11 0.020357475 
96 684 9 12 0.020356845 
56 742 9 11 0.020349799 
154 1038 9 12 0.020348448 
932 1108 13 16 0.020346696 
332 202 18 24 0.020345883 
664 638 8 10 0.02034233 
711 607 8 9 0.020337787 
478 1106 13 16 0.020285798 
459 1131 20 24 0.02028434 
996 1306 22 32 0.020267371 
424 559 8 9 0.020261656 
441 709 29 34 0.020259697 
961 697 8 10 0.020220386 
797 1154 12 19 0.02021882 
627 1179 14 18 0.020218026 
118 708 9 12 0.020185662 
344 463 7 10 0.020183297 
737 497 7 8 0.020169562 
696 669 10 12 0.020165376 
288 1081 10 13 0.020161703 
750 679 9 12 0.020155646 
744 1361 27 30 0.020138716 
821 1064 10 12 0.020134658 
712 696 9 10 0.020127263 
894 1099 13 17 0.02011884 
696 558 9 11 0.020115219 
707 1362 15 22 0.02009083 
385 628 9 12 0.020085715 
893 1241 16 23 0.020084238 
944 1190 20 25 0.020083666 
134 1102 11 15 0.020081619 
579 1234 15 18 0.020074302 
490 1263 17 22 0.020073252 
776 678 10 13 0.020027222 
727 631 9 10 0.020014998 
356 1280 26 32 0.020013321 
