10_People_Marching_People_Marching_10_People_Marching_People_Marching_10_People_Marching_People_Marching_10_933
91
110 203 37 48 0.9748549 
539 157 28 32 0.9739523 
980 138 23 31 0.6976814 
527 163 27 34 0.5039275 
988 132 24 40 0.35001937 
518 169 28 36 0.29799575 
282 55 18 24 0.26224715 
317 72 14 20 0.14504753 
232 11 14 17 0.10063746 
545 280 24 30 0.079933695 
325 246 12 14 0.07351575 
751 38 11 15 0.06799363 
673 -2 28 31 0.06622749 
66 47 14 19 0.06424484 
276 85 11 16 0.06344892 
325 73 13 24 0.057904154 
733 7 14 20 0.0570151 
734 200 13 19 0.05583763 
771 0 19 19 0.05375422 
689 2 27 31 0.051774416 
716 3 17 21 0.049965654 
847 0 11 11 0.047973022 
239 103 27 40 0.045550253 
518 178 17 22 0.044675224 
332 196 10 13 0.043012723 
992 382 29 37 0.04271544 
261 79 22 28 0.041913036 
232 27 13 16 0.041865084 
728 202 22 35 0.041677594 
717 42 15 20 0.040237278 
270 69 12 16 0.04015367 
290 59 16 22 0.039385486 
49 40 14 19 0.036601946 
752 31 10 13 0.03615415 
798 1 13 17 0.03566802 
806 52 11 13 0.03524468 
215 169 44 52 0.035087794 
788 46 15 20 0.033946235 
792 154 13 18 0.03357686 
701 3 28 33 0.033002544 
532 258 42 53 0.03248103 
182 0 10 10 0.032344148 
956 0 12 11 0.0318191 
246 84 23 31 0.030974055 
755 35 12 15 0.030899761 
275 61 17 23 0.030357985 
723 6 16 22 0.029868284 
298 1 18 18 0.029627502 
797 38 11 14 0.029434435 
153 194 46 58 0.0292439 
999 129 23 39 0.029036088 
806 2 12 16 0.02830886 
249 108 39 53 0.027895885 
949 23 9 11 0.027401317 
974 0 9 9 0.027060024 
221 66 25 33 0.027023654 
463 0 18 18 0.02657706 
103 1 30 28 0.026233664 
327 228 11 12 0.025840487 
749 175 24 30 0.025224645 
267 87 24 32 0.0250827 
253 131 11 15 0.024784742 
656 -1 29 33 0.024249468 
795 42 14 19 0.023364952 
738 5 15 18 0.023277117 
325 87 15 21 0.022841722 
828 45 12 15 0.022826677 
245 97 15 20 0.022745928 
270 66 23 32 0.02269956 
557 160 22 32 0.022513766 
37 25 12 14 0.022475505 
298 85 22 27 0.022372395 
249 82 37 47 0.02234161 
327 76 21 33 0.022228668 
274 207 7 9 0.022193648 
967 14 12 16 0.022192452 
933 39 8 12 0.022118239 
229 53 14 18 0.021854667 
765 8 15 19 0.02175928 
23 0 16 18 0.02174138 
326 240 12 14 0.021441052 
139 155 11 16 0.021376008 
748 45 14 19 0.021323942 
840 23 10 12 0.021259686 
508 3 31 34 0.021134857 
333 1 11 11 0.021073285 
668 0 21 21 0.020769853 
271 58 14 20 0.020701539 
749 4 13 15 0.020539343 
766 241 10 15 0.020394964 
254 78 14 17 0.020010225 
