10_People_Marching_People_Marching_10_People_Marching_People_Marching_10_People_Marching_People_Marching_10_716
68
2 439 34 39 0.9997831 
510 294 59 72 0.99892706 
120 421 39 41 0.9983065 
330 351 48 60 0.9981146 
768 266 72 94 0.9974051 
75 439 36 45 0.9951708 
197 414 42 43 0.99237627 
653 526 23 23 0.9579896 
178 548 32 41 0.66208655 
69 520 41 50 0.45552394 
932 454 32 37 0.2425186 
676 531 27 30 0.23672299 
128 563 28 35 0.1908433 
538 264 31 38 0.12895243 
745 460 101 117 0.09922283 
27 529 43 54 0.095656104 
663 528 26 28 0.09554887 
2 612 39 70 0.093082555 
770 147 77 117 0.07095658 
981 618 39 60 0.060729373 
925 412 54 80 0.05537417 
234 528 40 60 0.05495085 
573 550 51 64 0.053292055 
282 537 51 57 0.05310913 
43 386 12 19 0.048894845 
139 557 40 51 0.047728825 
518 257 58 84 0.044634834 
335 313 38 39 0.044200137 
54 527 43 58 0.041527368 
57 385 22 28 0.039301723 
133 5 9 10 0.03889576 
343 243 38 57 0.038208768 
716 531 29 36 0.03578916 
437 533 15 19 0.035625286 
718 441 168 203 0.034752406 
-2 400 39 64 0.033548556 
660 507 12 15 0.033337392 
149 362 11 17 0.032895096 
730 531 16 20 0.03258492 
645 525 20 22 0.03247784 
778 218 59 85 0.03186018 
378 242 9 12 0.03033421 
1006 277 11 14 0.030303884 
79 421 28 34 0.030159738 
97 354 17 23 0.028893985 
89 419 16 18 0.028874863 
990 549 36 44 0.02845293 
15 544 46 58 0.0275097 
191 0 10 11 0.026780106 
97 358 25 32 0.026753595 
231 448 28 32 0.02640423 
530 174 37 46 0.025441816 
417 79 8 10 0.025224704 
180 562 40 45 0.024821054 
206 535 44 58 0.02429007 
64 388 38 47 0.024034308 
701 540 31 39 0.02300598 
715 151 93 132 0.022190766 
80 47 8 10 0.022020895 
156 547 39 51 0.021985041 
890 542 32 32 0.021853454 
54 365 9 11 0.021736607 
898 429 58 75 0.021671519 
97 426 44 48 0.021664018 
834 643 38 34 0.020913301 
1 208 8 11 0.020733662 
708 616 26 36 0.020272052 
70 411 29 33 0.02023561 
