10_People_Marching_People_Marching_10_People_Marching_People_Marching_10_People_Marching_People_Marching_10_674
993
843 285 12 16 0.9376198 
474 474 26 29 0.9170079 
563 387 13 18 0.82925063 
233 271 12 14 0.808769 
596 337 12 16 0.8016797 
918 310 10 13 0.7780056 
461 344 12 15 0.7637897 
275 458 18 25 0.75658894 
981 317 10 14 0.7484874 
830 400 15 17 0.740642 
624 538 24 34 0.72407997 
678 382 13 16 0.7226355 
696 266 10 13 0.66786444 
516 254 8 10 0.6516731 
630 382 13 16 0.6208668 
775 293 9 12 0.61566204 
406 332 11 14 0.6073449 
896 306 11 15 0.5919252 
392 342 11 13 0.576458 
297 262 9 12 0.5722465 
409 380 14 15 0.5717742 
790 294 9 12 0.5468626 
258 301 12 14 0.5175623 
639 342 12 15 0.50554794 
574 362 14 16 0.49902892 
709 380 12 17 0.49194446 
950 293 14 18 0.48973417 
797 328 12 15 0.44688052 
527 342 9 11 0.44462234 
868 288 10 12 0.44051087 
511 364 10 12 0.4167897 
823 276 8 11 0.41501832 
900 303 10 14 0.41206074 
879 334 12 15 0.41032463 
490 307 9 12 0.4068567 
207 311 12 14 0.3998402 
347 293 10 12 0.3916233 
496 380 14 19 0.366995 
44 445 12 18 0.36053777 
15 368 14 21 0.35812747 
654 282 11 13 0.3569333 
939 374 12 14 0.35058513 
191 286 9 11 0.3417918 
654 326 9 12 0.33589754 
735 286 9 11 0.33247513 
416 256 9 11 0.33188656 
249 254 10 12 0.32621068 
1001 328 10 12 0.32269135 
100 295 10 12 0.32248145 
674 272 9 12 0.320418 
588 303 10 12 0.31511456 
408 311 8 10 0.29432258 
777 336 10 12 0.29364347 
369 267 11 14 0.29299906 
130 269 10 12 0.2924882 
845 221 10 12 0.28904405 
774 339 13 16 0.28833747 
962 309 13 16 0.2839759 
534 373 9 12 0.28159973 
761 358 9 11 0.2799725 
196 346 13 16 0.27982536 
441 342 9 12 0.27044448 
725 358 11 14 0.26844382 
865 311 11 14 0.2669415 
153 302 9 12 0.2602347 
141 412 11 15 0.25915825 
948 322 12 14 0.2518589 
791 289 10 11 0.24909768 
558 342 11 14 0.24664114 
401 257 8 9 0.24262263 
793 567 30 35 0.24166493 
872 417 12 15 0.23176499 
190 331 11 14 0.22875606 
476 358 10 14 0.22576115 
193 262 9 11 0.22337632 
382 359 10 13 0.22211677 
163 237 14 17 0.21997416 
73 400 21 25 0.21935013 
448 363 12 17 0.21644205 
116 292 10 13 0.21627845 
556 368 10 12 0.21546514 
841 222 10 13 0.20184705 
197 259 11 13 0.2011281 
526 347 9 11 0.19186139 
317 265 8 11 0.1874679 
655 350 10 13 0.186927 
298 284 10 12 0.18306911 
661 356 9 12 0.18182012 
385 261 8 10 0.17530423 
64 405 21 28 0.17468674 
528 336 8 10 0.17181326 
9 280 10 13 0.1709144 
597 269 8 10 0.17025621 
798 312 9 11 0.1677653 
768 268 10 12 0.16668624 
158 307 10 12 0.1642061 
537 351 9 12 0.16264236 
758 317 8 13 0.162568 
255 293 11 14 0.16061011 
918 294 9 12 0.1584132 
253 286 9 13 0.15785888 
752 288 11 13 0.15750965 
248 277 10 13 0.15670498 
960 316 12 16 0.15647793 
624 261 8 11 0.1536924 
506 289 8 10 0.15202382 
365 516 20 28 0.15168788 
92 310 9 12 0.15150025 
345 459 9 12 0.15108928 
70 285 9 10 0.1490907 
480 301 9 12 0.14893298 
283 501 11 16 0.14495018 
418 467 19 28 0.14455123 
53 287 9 11 0.13963087 
153 285 9 12 0.13940151 
554 341 10 13 0.13919741 
964 294 12 14 0.13860577 
726 295 9 11 0.13849404 
464 383 11 14 0.1376849 
131 302 11 13 0.13744874 
903 221 9 12 0.13734879 
317 276 9 13 0.13537541 
782 294 10 12 0.13342653 
111 255 10 12 0.13157809 
271 317 9 11 0.1305851 
406 256 9 11 0.12999274 
889 208 9 11 0.12817395 
144 293 8 11 0.12805638 
569 271 9 11 0.1275917 
644 346 11 14 0.12716772 
184 288 9 12 0.12654692 
430 333 9 10 0.12600434 
744 358 9 12 0.1236371 
852 365 12 15 0.12340126 
279 251 11 13 0.12280634 
323 357 12 16 0.1225299 
82 397 17 21 0.12147203 
633 270 8 10 0.121131934 
535 378 10 14 0.12082648 
193 276 9 13 0.119456485 
341 484 11 16 0.11900089 
516 366 10 13 0.1181045 
60 420 13 17 0.117562346 
22 244 10 13 0.117343485 
756 544 24 31 0.117298715 
339 522 25 27 0.116604306 
605 247 8 9 0.11520004 
677 275 9 12 0.11515703 
108 334 10 12 0.114246726 
274 308 10 13 0.11402973 
282 357 10 14 0.11341057 
593 270 9 10 0.11250227 
918 303 10 14 0.11135676 
68 307 11 13 0.11125111 
342 343 9 12 0.111214705 
78 286 9 11 0.11118316 
181 395 14 18 0.11022479 
608 229 8 10 0.1094887 
691 397 11 14 0.10906056 
136 238 9 11 0.108942084 
247 312 9 12 0.107232384 
722 350 10 12 0.10714651 
415 277 11 15 0.106800385 
410 460 16 20 0.10620881 
594 381 11 14 0.10521592 
213 352 11 13 0.10413274 
784 268 9 12 0.104066774 
220 246 11 14 0.1004074 
533 287 7 9 0.100396216 
414 317 9 12 0.09945153 
173 278 8 11 0.098961376 
449 326 8 11 0.09891358 
63 302 11 14 0.098794214 
272 303 10 13 0.09808991 
109 396 12 15 0.097389854 
165 232 10 12 0.09681861 
567 309 9 11 0.09680693 
353 518 24 28 0.09622213 
719 294 12 15 0.095790006 
581 401 15 17 0.0951101 
349 483 10 15 0.09483047 
224 312 9 10 0.09471616 
797 317 11 14 0.094299175 
133 307 11 14 0.09424426 
566 295 9 12 0.094117045 
849 358 10 13 0.09386283 
540 354 10 14 0.09344585 
932 300 11 14 0.09340794 
569 319 8 10 0.09326932 
756 292 9 13 0.09312606 
774 236 9 11 0.09169263 
625 302 9 11 0.0912343 
970 374 9 11 0.09117639 
756 374 10 14 0.09102047 
102 300 9 12 0.0886313 
216 274 11 15 0.08637565 
0 420 9 15 0.08608872 
510 368 13 15 0.0854551 
940 369 10 11 0.085004695 
816 355 11 14 0.084260084 
285 294 9 11 0.084085256 
758 379 11 14 0.08325448 
498 342 8 10 0.08320197 
346 326 8 11 0.08307395 
715 380 13 18 0.0824868 
502 344 9 11 0.08227569 
726 372 13 16 0.08187041 
127 422 12 13 0.08054694 
296 491 16 18 0.07995309 
568 279 8 9 0.07961297 
173 397 14 17 0.078216605 
655 401 10 14 0.0781766 
636 271 9 11 0.077500954 
408 314 11 13 0.077234395 
621 256 9 11 0.07667601 
679 256 10 12 0.076649725 
165 310 10 12 0.076561466 
639 277 8 12 0.07645802 
63 246 8 10 0.07636355 
219 328 13 16 0.07628527 
821 351 10 14 0.076139085 
569 325 9 12 0.0759655 
384 336 9 11 0.07561475 
110 353 15 18 0.0753672 
216 326 11 14 0.07535993 
151 296 9 11 0.07523476 
56 248 7 10 0.07512364 
86 316 10 12 0.075022444 
727 263 10 13 0.07493796 
864 269 10 12 0.07474812 
615 358 10 12 0.07424526 
1008 509 12 16 0.07293307 
694 378 14 18 0.07285104 
797 236 10 13 0.07244784 
337 320 8 9 0.07228679 
625 324 10 13 0.07169156 
607 224 9 10 0.07151678 
477 334 8 11 0.07138341 
479 320 9 10 0.07126684 
858 371 13 15 0.07124632 
49 252 8 11 0.07087421 
630 333 10 14 0.07078944 
92 387 14 17 0.07055587 
191 338 13 18 0.06943518 
580 359 13 17 0.06917588 
479 325 9 11 0.069119476 
608 264 7 9 0.06897314 
614 379 13 15 0.068726644 
768 347 11 14 0.068379454 
505 349 8 11 0.06823258 
191 221 11 14 0.06807838 
62 294 9 12 0.06794794 
65 389 10 15 0.06770779 
49 443 12 18 0.06756781 
143 288 9 11 0.06754096 
426 476 16 24 0.06752918 
206 349 11 14 0.067490645 
308 481 12 16 0.06737647 
136 316 11 14 0.067203425 
828 307 11 15 0.06711857 
421 260 9 10 0.06704748 
670 554 27 39 0.06660214 
120 317 9 12 0.06602931 
349 327 9 10 0.065941535 
468 342 10 13 0.065775365 
315 269 10 12 0.06576029 
530 288 7 9 0.065495975 
3 362 15 20 0.06531637 
232 264 11 14 0.06524487 
134 405 14 16 0.06458502 
339 490 12 17 0.06442805 
132 263 10 13 0.06400901 
79 292 9 11 0.06399859 
53 301 9 13 0.06361707 
528 293 8 10 0.063503094 
351 276 10 13 0.06340291 
629 264 8 10 0.06336626 
0 300 10 15 0.06334389 
369 258 9 10 0.062377427 
480 256 9 11 0.062242247 
454 333 9 11 0.062054534 
372 263 8 11 0.0618427 
253 333 9 14 0.061793607 
131 387 11 15 0.061776336 
760 312 8 11 0.061537042 
216 250 11 13 0.06124905 
55 377 12 15 0.060808357 
621 247 8 10 0.060659535 
157 315 12 15 0.060567692 
661 279 10 12 0.060425725 
596 329 10 13 0.060052678 
617 261 8 9 0.05997056 
229 312 9 11 0.059946164 
871 269 9 11 0.059832342 
650 283 9 12 0.059824876 
591 254 8 9 0.059605088 
113 287 10 12 0.059540797 
348 478 10 13 0.058913138 
763 381 11 15 0.058659054 
833 334 8 10 0.058207095 
685 255 8 11 0.058179338 
104 277 9 12 0.05801595 
57 411 21 29 0.05800005 
163 400 15 18 0.057929017 
295 257 9 12 0.057873145 
789 266 10 13 0.057571415 
326 328 8 10 0.05696231 
79 280 9 10 0.05685281 
806 283 11 13 0.056694333 
654 331 10 12 0.05666657 
624 337 11 16 0.056640882 
592 264 9 11 0.056581862 
821 293 9 12 0.05635072 
510 351 8 11 0.055924308 
152 316 12 15 0.055915676 
758 364 10 13 0.05584794 
772 267 11 13 0.05574897 
710 333 10 13 0.055212285 
489 272 9 11 0.05507689 
445 349 10 12 0.055069268 
551 335 8 10 0.055056278 
566 286 8 10 0.05462535 
262 464 16 17 0.05457126 
840 290 10 13 0.05442005 
720 249 8 9 0.054237135 
1000 508 22 32 0.053693317 
345 297 10 14 0.053640448 
373 274 10 13 0.053594586 
730 378 11 16 0.05352651 
750 396 14 18 0.053373653 
713 325 9 12 0.05335928 
584 296 8 11 0.053338982 
64 254 8 11 0.053269625 
655 320 10 13 0.053262513 
281 293 9 12 0.05313273 
862 332 10 12 0.0530829 
197 218 13 16 0.05294749 
168 55 25 33 0.052946735 
542 386 10 15 0.05293429 
527 367 9 12 0.052891895 
191 291 9 12 0.05283942 
614 352 9 11 0.05236753 
313 295 8 11 0.052257016 
540 381 9 13 0.052251704 
617 248 8 9 0.052203503 
322 326 8 11 0.05217763 
962 299 14 17 0.052159015 
81 319 10 12 0.052129995 
632 245 9 11 0.052065894 
287 340 9 12 0.052061155 
799 255 8 11 0.051884416 
863 323 10 15 0.051841497 
64 285 9 11 0.05168848 
135 296 10 11 0.051601883 
191 206 8 10 0.051541533 
93 380 13 16 0.051443122 
566 333 10 12 0.051158976 
608 350 8 11 0.051122632 
813 343 10 12 0.051110435 
285 252 11 14 0.0510629 
310 498 12 16 0.051052336 
563 341 10 13 0.0510236 
272 336 10 13 0.05076687 
520 287 7 9 0.05057488 
237 264 9 11 0.05057213 
760 352 9 12 0.049915086 
628 531 19 26 0.04989293 
165 303 9 12 0.049881734 
386 340 11 13 0.04973208 
823 284 9 12 0.049555033 
830 302 12 15 0.04950882 
792 263 10 11 0.049464915 
89 394 15 20 0.049458873 
622 239 8 10 0.04934721 
593 327 9 12 0.04906693 
586 306 9 12 0.049016137 
732 358 10 13 0.048935708 
326 333 9 11 0.048809964 
0 296 8 12 0.04878618 
83 389 16 18 0.048772935 
659 397 10 14 0.04873774 
516 359 11 13 0.04871906 
387 373 14 16 0.048538044 
503 263 8 9 0.04847264 
338 343 8 10 0.048160683 
621 378 15 18 0.048001293 
300 484 15 17 0.047850557 
521 350 9 10 0.047816563 
868 303 11 13 0.047792327 
176 220 10 13 0.04726064 
609 357 9 13 0.046991725 
251 248 12 14 0.046916507 
513 249 9 11 0.04667857 
692 386 13 17 0.04644518 
157 280 9 12 0.046227675 
375 350 8 10 0.04611023 
187 316 14 16 0.04602025 
419 277 13 15 0.045985304 
993 342 10 13 0.045856994 
543 342 8 10 0.04575044 
434 295 9 11 0.04571316 
442 499 19 23 0.04559024 
551 311 8 11 0.04525799 
131 417 16 18 0.04500443 
100 388 13 17 0.04499213 
254 501 13 19 0.044776894 
366 311 7 10 0.04474835 
560 281 8 9 0.04471121 
392 257 8 9 0.044678133 
892 211 9 12 0.044578083 
758 340 9 11 0.04455852 
200 461 9 12 0.04449853 
728 288 10 12 0.04426892 
96 289 9 12 0.044093393 
282 285 9 12 0.044072058 
216 294 9 12 0.04402832 
673 375 11 14 0.044025876 
133 276 10 12 0.043973766 
759 238 8 10 0.043964386 
986 317 11 13 0.043937996 
629 319 9 13 0.043654475 
520 397 13 15 0.04351143 
449 332 10 12 0.043282777 
649 383 10 12 0.043279912 
403 310 9 10 0.04325295 
277 335 11 13 0.043149468 
133 396 12 15 0.04314524 
797 286 9 11 0.04308981 
751 367 12 14 0.042982947 
166 315 11 14 0.042926002 
79 419 24 31 0.042914603 
96 255 9 14 0.04291106 
388 354 13 15 0.04286828 
817 276 9 13 0.0428075 
508 291 9 11 0.042363066 
506 365 10 11 0.042346008 
206 304 12 14 0.042239614 
781 403 12 15 0.042045668 
324 474 13 16 0.04204111 
273 247 10 12 0.042028576 
79 375 11 14 0.041888956 
677 318 11 14 0.04181205 
95 301 10 12 0.041470077 
70 239 8 10 0.04145192 
944 352 9 12 0.041445542 
529 371 9 12 0.04138834 
205 260 9 12 0.04135874 
574 277 8 10 0.041287974 
698 555 24 37 0.04120914 
590 385 11 15 0.041149765 
175 285 9 13 0.040787946 
806 254 9 10 0.04059637 
118 278 9 12 0.040452674 
313 283 10 13 0.040449806 
721 345 9 11 0.040283673 
348 287 11 14 0.040228322 
287 226 11 14 0.04017613 
193 301 9 11 0.04016742 
798 338 10 12 0.040101435 
389 341 19 22 0.039954834 
169 223 8 11 0.039929472 
249 290 11 15 0.039748117 
708 341 10 13 0.039710324 
334 363 11 14 0.03958538 
844 423 10 13 0.039554317 
109 279 10 12 0.03940498 
793 256 8 11 0.03936005 
93 374 12 15 0.03924266 
776 380 10 14 0.039197065 
65 280 8 11 0.039177682 
466 347 10 13 0.039139718 
126 317 9 12 0.039130315 
601 241 7 9 0.039013274 
398 271 10 11 0.038968746 
717 287 12 13 0.038771812 
617 254 9 12 0.03873446 
897 231 7 10 0.03864587 
606 240 7 9 0.038598135 
223 292 10 13 0.03835471 
832 230 9 10 0.038338557 
103 394 13 17 0.03823815 
120 310 9 12 0.038145926 
616 271 9 9 0.038117472 
56 368 10 14 0.038033474 
592 238 7 9 0.038018208 
765 362 9 12 0.037972298 
495 375 12 16 0.03790994 
317 493 11 18 0.03787351 
646 240 7 10 0.03780694 
776 316 10 12 0.037766125 
207 255 9 11 0.037721176 
570 358 11 14 0.037408583 
68 395 14 20 0.037359796 
687 261 10 12 0.037316475 
424 326 9 12 0.037301846 
631 239 8 9 0.037277356 
970 293 12 14 0.037261367 
223 270 10 15 0.037028 
110 301 10 13 0.03702509 
95 231 8 10 0.036979295 
653 343 10 12 0.036957517 
832 295 10 12 0.036866024 
686 284 9 11 0.03684439 
701 376 17 23 0.03682504 
441 477 17 22 0.036806658 
61 381 11 15 0.03673297 
65 241 8 11 0.0367242 
128 306 11 15 0.036705818 
669 247 9 11 0.03667239 
108 324 13 15 0.03649222 
920 204 9 11 0.036470447 
142 399 10 13 0.03637379 
855 229 9 10 0.036267336 
591 231 8 10 0.03625915 
321 332 10 12 0.036197245 
313 301 8 9 0.03617854 
341 319 8 11 0.036098838 
809 396 9 12 0.036051817 
736 281 10 13 0.036047038 
280 496 19 26 0.0360427 
765 311 9 11 0.036028273 
190 310 11 14 0.035999898 
951 381 9 11 0.035961013 
133 408 19 23 0.035938498 
216 223 8 12 0.03590312 
978 313 18 22 0.035787035 
414 410 16 20 0.035691973 
854 395 10 14 0.035676107 
458 247 8 10 0.03540354 
127 414 12 14 0.035361756 
441 364 11 16 0.035340678 
926 275 10 12 0.0352305 
137 233 8 11 0.035213195 
725 382 13 19 0.035170693 
793 231 9 11 0.035150297 
195 283 10 15 0.03511624 
465 286 8 9 0.03503575 
199 303 9 13 0.035029247 
390 261 8 10 0.034889422 
574 264 7 9 0.034861695 
125 247 10 11 0.034851123 
614 291 10 14 0.034842446 
444 547 17 19 0.034811206 
817 373 10 12 0.034764823 
399 317 10 12 0.034481667 
156 408 18 20 0.03437537 
922 309 11 13 0.034255628 
496 337 9 10 0.034224436 
612 284 12 16 0.034145247 
793 312 9 12 0.034025464 
632 231 7 9 0.033994995 
58 373 11 15 0.03398039 
767 255 9 10 0.03394463 
446 320 8 11 0.033783436 
922 251 8 12 0.03375754 
677 390 14 18 0.033734407 
360 305 8 11 0.03370549 
587 358 11 15 0.03368764 
382 326 8 11 0.033646714 
440 254 9 11 0.033587597 
333 273 9 11 0.033586897 
142 477 44 51 0.03344454 
408 277 10 14 0.033428695 
712 302 9 12 0.03338385 
79 230 7 9 0.033363357 
561 285 8 10 0.033238918 
281 453 17 23 0.033225056 
450 357 14 17 0.033209503 
636 336 12 15 0.033203606 
817 271 10 12 0.033145733 
102 324 11 14 0.033105664 
413 312 8 11 0.033095643 
593 276 9 12 0.033083934 
543 270 8 10 0.03304991 
1000 320 10 12 0.0330427 
202 456 8 11 0.03301337 
500 373 15 17 0.032952484 
494 316 9 12 0.032794323 
195 372 14 19 0.032775696 
183 350 12 15 0.032655537 
592 248 7 9 0.03259846 
318 293 8 11 0.03255829 
379 472 13 19 0.032506622 
613 312 9 10 0.03248405 
431 260 7 9 0.032451022 
88 303 9 12 0.032358553 
996 556 31 41 0.03234626 
663 259 9 12 0.03229676 
369 328 9 10 0.032252405 
853 377 14 18 0.032077346 
666 247 7 9 0.03207692 
853 223 9 11 0.032073475 
648 318 11 14 0.032067493 
56 291 9 13 0.032034095 
617 240 8 9 0.031915706 
104 215 8 10 0.031798843 
764 374 10 13 0.031737544 
634 275 9 12 0.031735588 
749 369 19 24 0.0316977 
56 425 11 15 0.031684466 
502 325 8 11 0.03165219 
426 468 13 20 0.031617142 
925 293 13 17 0.03161655 
86 251 11 13 0.031600025 
740 286 10 12 0.031596508 
473 295 9 11 0.031496968 
477 339 9 12 0.03143005 
999 508 10 14 0.031365443 
400 327 10 12 0.031252597 
101 318 11 14 0.031250983 
836 300 10 13 0.031238949 
462 247 8 9 0.031223636 
327 446 11 15 0.031165728 
434 340 10 13 0.031145552 
341 480 20 27 0.031089736 
103 272 8 11 0.031089371 
441 319 8 10 0.03100883 
924 405 9 12 0.030877866 
320 477 10 13 0.030702239 
704 546 27 38 0.030680997 
590 348 11 13 0.03060271 
752 298 11 14 0.030577665 
252 326 11 14 0.03042579 
885 328 10 12 0.030397238 
615 13 103 132 0.030359317 
814 407 9 12 0.030324548 
328 276 10 14 0.030318579 
511 240 7 8 0.030299598 
485 256 9 10 0.030294288 
140 310 11 14 0.030159362 
841 281 11 14 0.030126916 
797 261 8 11 0.030099766 
253 259 11 13 0.030096043 
94 315 10 12 0.03001452 
286 300 9 11 0.029989807 
257 227 10 13 0.029976154 
49 278 9 12 0.029908767 
545 265 8 9 0.02974304 
486 317 9 11 0.029721485 
252 270 10 12 0.029709792 
347 468 12 15 0.029706072 
320 253 8 10 0.029689852 
590 296 8 11 0.029677507 
127 335 10 12 0.029663097 
612 316 11 13 0.029586691 
591 319 8 11 0.029577794 
0 342 10 14 0.029500054 
187 328 19 23 0.029447543 
749 358 10 11 0.029441247 
856 316 11 14 0.029323805 
726 249 7 9 0.029291406 
855 203 9 11 0.029252077 
160 398 12 15 0.029250527 
208 244 11 15 0.02918256 
652 390 11 14 0.029177705 
620 364 11 13 0.029119492 
806 271 10 12 0.029117273 
156 294 11 14 0.029062955 
168 282 10 12 0.029008823 
0 255 7 13 0.028990384 
811 390 11 13 0.028904563 
376 327 8 10 0.02886864 
807 404 10 13 0.02882139 
228 291 10 13 0.028708052 
753 322 11 14 0.028658468 
800 245 8 10 0.02864159 
768 325 9 12 0.028617442 
632 338 11 15 0.028596468 
385 363 15 16 0.028593922 
595 386 13 16 0.02857 
734 323 10 14 0.028562635 
852 388 13 15 0.028544167 
64 416 24 30 0.028524298 
613 231 8 9 0.028494252 
790 548 48 57 0.028477354 
220 348 11 14 0.02844192 
802 486 25 28 0.028403949 
263 338 11 13 0.028382452 
461 350 14 19 0.028363468 
376 520 14 21 0.02833817 
780 310 10 12 0.028298007 
533 342 8 10 0.028291428 
486 262 8 8 0.028233767 
433 474 20 28 0.028190764 
45 497 25 35 0.028073382 
925 190 10 12 0.028008904 
437 498 16 22 0.027964726 
568 265 11 12 0.027954146 
490 487 15 20 0.027937394 
816 363 10 14 0.027933223 
345 333 9 11 0.027906395 
80 272 8 10 0.027822 
53 396 10 14 0.027777601 
609 309 9 11 0.027772361 
522 343 8 11 0.02774283 
846 397 11 15 0.027740771 
914 315 10 12 0.027735634 
53 279 9 11 0.027691247 
687 401 12 16 0.027665276 
921 232 9 12 0.02765942 
73 230 7 10 0.027654624 
647 355 10 13 0.027567368 
992 508 10 13 0.027515309 
365 500 14 17 0.027502533 
402 328 19 23 0.027469778 
871 264 9 11 0.02746328 
370 506 16 21 0.027458118 
944 299 11 14 0.027403666 
566 349 10 12 0.027396541 
608 302 8 11 0.027364621 
551 328 8 10 0.027358143 
591 285 10 11 0.027334254 
954 288 14 17 0.027313093 
254 492 23 30 0.027298488 
996 533 30 39 0.027262788 
213 302 9 13 0.027260413 
111 308 10 11 0.027250312 
524 357 10 12 0.027245399 
340 438 11 14 0.027208412 
723 362 10 14 0.027188756 
550 386 12 17 0.027104225 
863 350 10 12 0.026903512 
865 445 8 11 0.026894446 
608 254 9 10 0.026885433 
260 260 10 12 0.026858578 
277 315 10 12 0.026835864 
947 327 14 18 0.026813237 
753 183 9 10 0.026803646 
773 289 18 22 0.026763035 
770 237 8 11 0.026735147 
847 202 11 13 0.026723767 
646 332 12 14 0.026722984 
518 260 8 10 0.02671692 
114 401 13 18 0.02671394 
471 353 17 23 0.026628336 
224 286 9 12 0.026616292 
939 389 12 15 0.026608622 
249 280 18 24 0.026599184 
573 352 10 13 0.026535993 
190 200 9 10 0.026456514 
731 364 10 13 0.026427941 
507 358 9 13 0.026424184 
383 348 23 26 0.026353093 
545 336 7 10 0.02625661 
359 270 10 13 0.026246404 
510 345 8 11 0.026197676 
700 248 10 11 0.026181167 
1012 503 11 16 0.026090996 
80 324 11 14 0.026089797 
562 300 9 12 0.026055569 
118 298 12 16 0.026048498 
127 383 12 16 0.025948308 
0 368 11 18 0.025923334 
862 306 18 23 0.025913002 
559 382 13 17 0.025883261 
294 325 9 11 0.025838112 
817 222 8 11 0.025819613 
601 223 8 9 0.025818413 
789 404 11 13 0.025808526 
551 256 8 10 0.025730032 
101 401 14 17 0.025634507 
832 340 10 12 0.02562951 
815 411 11 13 0.025597805 
233 470 8 11 0.025557613 
282 278 10 13 0.025545657 
244 499 13 19 0.025510034 
78 387 14 18 0.025484858 
252 318 10 11 0.025469452 
89 229 8 11 0.025371263 
286 494 11 16 0.025334291 
228 284 11 14 0.02528363 
256 453 12 16 0.0252638 
196 268 11 15 0.025239645 
438 531 46 49 0.025214529 
486 302 18 23 0.025206057 
840 427 13 15 0.025165714 
14 446 13 20 0.025155794 
126 254 11 13 0.025103675 
956 289 20 24 0.025034139 
53 252 8 10 0.025023345 
698 229 9 11 0.024972986 
204 221 11 14 0.02492443 
852 301 11 13 0.024877505 
876 308 11 13 0.02485901 
194 325 11 15 0.024837786 
299 265 11 14 0.024822354 
649 395 12 16 0.024811693 
126 296 10 13 0.024777267 
714 254 8 11 0.02467957 
411 273 20 25 0.024664126 
874 237 8 11 0.024606708 
670 253 10 12 0.024591863 
559 337 10 12 0.024512378 
484 324 9 11 0.024492133 
561 229 8 10 0.024468804 
822 302 12 15 0.024403505 
284 351 11 14 0.024392981 
137 286 9 11 0.02435361 
91 423 16 20 0.024333498 
801 324 12 16 0.024295883 
222 240 9 11 0.024292096 
439 484 23 31 0.024291052 
453 328 8 11 0.024260024 
112 236 9 11 0.024169382 
880 222 8 10 0.02414176 
567 240 7 10 0.024132134 
674 385 12 16 0.024090488 
184 261 9 12 0.024085678 
344 263 9 10 0.024039993 
713 262 9 10 0.024005378 
870 424 15 17 0.024004595 
474 317 10 13 0.024003467 
293 504 14 18 0.023940254 
393 369 23 24 0.023912765 
119 229 10 12 0.023908207 
103 254 11 14 0.023852536 
795 293 10 12 0.023800934 
474 327 9 11 0.023763381 
800 278 10 12 0.023734597 
39 445 22 29 0.023722136 
64 270 9 10 0.023715159 
834 223 8 10 0.023703944 
821 222 8 10 0.023616308 
326 255 8 10 0.023597164 
766 318 8 11 0.023525964 
853 350 9 12 0.023462083 
782 224 8 9 0.023432596 
55 271 8 10 0.023403525 
103 336 13 18 0.023371609 
718 253 9 11 0.02336989 
196 395 13 17 0.02336478 
63 228 8 10 0.023359016 
319 247 9 11 0.023303872 
119 224 8 11 0.023300974 
687 557 24 38 0.023283996 
915 306 18 22 0.023272814 
869 324 12 15 0.02323945 
319 318 8 10 0.023230076 
533 292 8 10 0.0232255 
865 263 9 12 0.023209797 
584 318 9 11 0.023208866 
782 230 8 10 0.023176745 
855 323 10 15 0.023172421 
988 311 11 14 0.023112573 
782 375 9 11 0.023094265 
22 293 7 10 0.023089215 
700 570 26 35 0.023084898 
356 276 9 12 0.023082895 
769 231 10 11 0.023053432 
180 219 12 16 0.023050899 
379 482 14 19 0.02298274 
373 535 15 20 0.02293176 
665 254 9 12 0.022908425 
784 576 51 61 0.022898 
722 360 19 22 0.022860145 
695 363 11 15 0.02284334 
231 246 9 13 0.022841217 
223 222 9 11 0.022830587 
216 284 10 14 0.022828469 
572 298 12 16 0.022818753 
745 373 10 13 0.022791428 
96 270 9 12 0.022741355 
524 390 12 14 0.022707047 
854 268 10 13 0.022700584 
437 299 8 11 0.02265869 
523 333 9 12 0.022630608 
351 424 8 11 0.022612689 
370 349 9 11 0.022584127 
26 478 46 59 0.022569438 
751 526 39 46 0.022540089 
577 230 8 9 0.022528283 
425 332 10 11 0.022527117 
719 260 11 13 0.02252709 
95 288 19 23 0.022518314 
876 269 11 12 0.022500157 
328 473 21 26 0.022486266 
471 396 12 14 0.022463849 
709 555 35 49 0.022416199 
981 518 26 34 0.022374256 
116 253 11 13 0.022367654 
586 271 8 10 0.022320956 
715 580 26 32 0.022315694 
446 262 8 9 0.02228521 
847 196 10 13 0.022229876 
744 292 9 12 0.022214876 
335 490 21 26 0.022196148 
505 379 14 17 0.02214941 
713 320 8 11 0.02214889 
10 371 21 31 0.022144744 
385 285 8 11 0.02214347 
376 332 9 11 0.0221382 
659 319 11 13 0.022129582 
619 548 32 40 0.022104254 
687 364 11 14 0.022090893 
584 248 8 9 0.022081975 
416 349 11 13 0.022077836 
651 345 19 24 0.022074476 
470 278 9 10 0.022025475 
51 436 12 18 0.021973373 
271 541 10 15 0.021863373 
118 321 10 14 0.021853283 
960 335 11 12 0.021807227 
2 448 16 21 0.021794494 
382 269 9 11 0.021762881 
777 213 8 11 0.02174246 
347 499 13 15 0.021718035 
849 369 12 16 0.021715904 
639 293 10 12 0.021658162 
783 255 10 12 0.021591175 
560 239 9 10 0.021559773 
504 248 8 9 0.021547249 
461 337 10 12 0.02151718 
128 341 10 14 0.021494294 
854 199 8 12 0.02142957 
693 260 17 21 0.021412428 
862 214 9 11 0.021409022 
891 309 11 14 0.021394111 
382 278 9 12 0.021384796 
583 232 8 9 0.021372259 
602 340 11 15 0.021370819 
245 541 26 33 0.021355126 
474 299 10 13 0.021350656 
467 387 11 13 0.021320121 
865 283 17 21 0.021311527 
831 246 10 13 0.0213053 
583 351 10 12 0.021301338 
586 263 8 10 0.021269046 
817 229 8 10 0.021256587 
848 350 10 14 0.021245845 
38 438 15 20 0.02123231 
821 216 9 11 0.021208376 
760 255 9 11 0.021192359 
521 293 8 9 0.021180335 
437 337 20 24 0.021166189 
582 387 13 15 0.021085912 
649 278 20 23 0.021028437 
709 347 10 13 0.021021953 
960 341 12 14 0.0210139 
957 355 11 14 0.02099316 
401 304 9 11 0.020928765 
537 381 20 26 0.020912424 
253 289 18 23 0.020911857 
776 563 28 36 0.020876233 
606 280 21 27 0.020834075 
202 308 9 13 0.020812463 
412 339 11 12 0.020806208 
204 372 14 19 0.020794436 
672 323 10 12 0.020776078 
373 256 8 10 0.020745017 
366 264 19 22 0.020702524 
70 270 8 10 0.020696625 
320 340 9 10 0.020693894 
258 461 29 32 0.020676257 
631 223 7 9 0.020672457 
394 573 18 20 0.020644601 
264 317 10 12 0.020615945 
885 348 11 13 0.020590372 
85 403 24 31 0.020584075 
671 372 21 25 0.020558106 
86 270 9 12 0.020541102 
255 223 10 12 0.020527536 
108 390 21 26 0.020488918 
639 284 10 12 0.020479275 
534 385 13 16 0.020477276 
111 288 19 22 0.020441778 
534 309 8 11 0.020389553 
630 254 9 10 0.0203766 
560 310 9 12 0.02036679 
78 301 11 14 0.020310232 
888 201 8 10 0.020275943 
107 372 14 16 0.020268867 
231 461 9 13 0.020258985 
749 385 16 20 0.020256877 
270 295 10 13 0.020246299 
878 216 8 9 0.020184455 
101 285 11 15 0.02017894 
336 325 8 10 0.020155817 
862 355 12 14 0.020128027 
567 245 8 9 0.020121396 
150 298 18 22 0.020121342 
230 253 9 11 0.020115813 
273 541 23 29 0.02011283 
763 547 29 36 0.0200966 
848 270 10 12 0.020082701 
318 311 8 10 0.020074934 
474 309 9 13 0.020058934 
912 303 9 12 0.02003229 
873 331 12 14 0.020028962 
867 421 9 13 0.020015389 
343 364 9 12 0.020009799 
444 532 14 17 0.020005176 
337 347 10 12 0.020003457 
442 540 29 30 0.020001857 
