10_People_Marching_People_Marching_2_822
45
513 146 75 102 0.9964199 
317 79 81 100 0.9945909 
666 222 82 98 0.9934633 
175 131 30 54 0.9921217 
32 150 18 25 0.8956112 
840 256 17 24 0.82643265 
105 144 18 26 0.73479664 
893 242 20 27 0.48940173 
907 247 14 18 0.19000757 
882 263 14 18 0.1122383 
70 165 13 15 0.0946073 
172 59 29 41 0.08344474 
23 146 21 28 0.079143174 
639 251 13 19 0.071640365 
9 160 17 22 0.0683912 
834 289 16 21 0.05911762 
6 143 13 19 0.058871474 
0 187 23 32 0.05516458 
259 351 68 58 0.047489524 
928 309 11 14 0.04512426 
914 249 14 18 0.044258416 
930 188 14 19 0.04329075 
80 111 9 12 0.038626485 
835 269 18 21 0.035740666 
832 284 12 19 0.035621274 
66 162 21 25 0.035320867 
2 164 12 17 0.035188623 
153 145 28 37 0.030111589 
868 326 11 14 0.029279703 
829 294 16 22 0.02904215 
26 122 16 19 0.02736469 
620 243 44 60 0.027042411 
61 243 16 22 0.026354546 
85 189 14 16 0.026346605 
799 238 11 14 0.023763863 
969 315 46 64 0.023587324 
893 275 12 16 0.023342617 
827 231 12 14 0.023085233 
278 5 33 40 0.023034384 
716 12 14 17 0.02221905 
105 28 11 15 0.02104269 
246 85 15 20 0.020995323 
18 154 21 27 0.020751063 
0 141 12 22 0.020126328 
99 128 23 33 0.020013668 
