10_People_Marching_People_Marching_10_People_Marching_People_Marching_10_People_Marching_People_Marching_10_162
578
389 309 25 26 0.9776743 
411 113 15 18 0.7112171 
434 290 28 31 0.6254554 
981 179 24 35 0.58815277 
659 39 18 21 0.5168051 
356 210 15 19 0.4183726 
839 349 10 12 0.39186302 
576 135 17 23 0.37663114 
498 92 14 17 0.30627856 
358 159 11 14 0.28449848 
778 90 16 20 0.2758068 
993 185 27 36 0.23369078 
337 275 17 19 0.23228471 
614 63 22 27 0.2282359 
658 333 15 17 0.22772795 
605 55 11 15 0.2253023 
571 80 14 19 0.22062975 
911 22 11 13 0.21863607 
711 16 16 22 0.20852628 
142 275 17 19 0.20418026 
286 221 12 14 0.19918776 
380 147 12 14 0.19592974 
729 99 28 34 0.17843199 
677 152 16 20 0.17572193 
169 255 23 30 0.17426926 
758 50 15 19 0.17000288 
357 299 10 14 0.16640532 
73 318 16 16 0.16587448 
452 124 14 18 0.16544063 
846 329 16 18 0.16178037 
474 311 22 24 0.16129947 
673 296 17 19 0.15514609 
179 265 14 16 0.1543334 
209 258 11 16 0.15006799 
465 96 15 18 0.13570552 
56 317 10 14 0.13495749 
279 220 11 13 0.13171901 
530 138 13 15 0.13159831 
352 152 9 12 0.123119175 
700 282 15 20 0.12276181 
623 55 21 27 0.12252897 
371 269 12 14 0.12012907 
420 231 12 13 0.116944596 
629 49 17 21 0.11616531 
169 310 22 29 0.11421137 
260 235 11 15 0.112941094 
308 283 14 20 0.112761706 
649 210 15 20 0.11009661 
828 319 14 18 0.10499892 
831 88 27 35 0.102863126 
594 183 16 19 0.102194235 
522 274 19 20 0.10211033 
941 25 15 18 0.09563113 
707 284 17 20 0.09500763 
354 155 10 14 0.09305982 
498 270 20 29 0.09141247 
61 356 13 17 0.09103953 
714 288 16 18 0.09031054 
829 19 14 17 0.09030176 
444 218 11 14 0.08798022 
844 84 12 16 0.086400546 
734 0 14 13 0.08503739 
237 317 12 14 0.08411009 
967 90 13 16 0.08374827 
498 162 14 16 0.08322441 
259 326 13 15 0.081061274 
570 259 13 17 0.07972486 
153 260 26 31 0.07838708 
253 324 13 15 0.077348225 
549 100 13 16 0.07681432 
61 342 9 12 0.07611121 
446 322 13 15 0.07457407 
790 58 14 19 0.073713556 
271 221 11 13 0.073680446 
789 229 12 15 0.07331866 
86 334 10 13 0.07217601 
754 265 27 35 0.07177869 
63 305 26 29 0.070459105 
949 112 9 11 0.07024897 
284 295 14 18 0.069136105 
882 61 16 21 0.06871689 
599 58 14 19 0.06817791 
391 130 11 14 0.06754786 
108 299 14 15 0.06700264 
910 1 13 11 0.066597685 
716 213 22 30 0.06594708 
331 358 13 17 0.06522074 
714 72 16 22 0.06518192 
726 1 15 17 0.06488499 
309 277 14 17 0.062569305 
937 26 12 15 0.062348653 
980 3 19 18 0.06107313 
750 0 13 11 0.060550395 
831 174 12 16 0.05974581 
95 333 12 14 0.05905537 
88 175 23 29 0.058881603 
604 57 21 29 0.057454 
516 280 16 19 0.057275034 
1010 55 13 23 0.05704125 
870 324 11 14 0.056954537 
61 317 12 14 0.056916833 
347 350 17 21 0.05683092 
837 88 16 20 0.056380976 
382 271 11 14 0.056332324 
181 274 25 28 0.05605771 
315 206 11 15 0.055801436 
439 306 24 29 0.055481423 
905 80 21 28 0.05546676 
539 155 18 21 0.054864123 
188 277 14 16 0.054731503 
276 296 14 20 0.054581 
483 179 14 18 0.054447338 
245 245 12 14 0.054156616 
649 180 15 20 0.053766776 
519 151 10 13 0.053623 
515 178 26 31 0.05356647 
54 221 11 16 0.05311524 
244 361 14 19 0.053046525 
100 293 17 19 0.053000636 
0 422 10 15 0.052744485 
755 0 14 14 0.052385207 
37 326 14 16 0.052101728 
908 134 23 30 0.051996674 
145 272 28 30 0.051940586 
187 268 14 14 0.051817335 
274 305 15 19 0.05149725 
831 317 21 26 0.05148919 
634 55 17 22 0.051468495 
774 94 16 23 0.051112887 
983 37 23 30 0.051043954 
452 331 11 13 0.05028999 
560 252 21 29 0.050244685 
367 311 12 15 0.049850114 
972 186 28 37 0.049782198 
468 316 17 18 0.049781546 
800 315 12 15 0.049148105 
62 335 9 12 0.049089383 
231 315 13 15 0.048884716 
721 147 16 19 0.048739653 
499 208 15 18 0.04865775 
492 148 12 14 0.048431043 
908 111 14 16 0.04835978 
730 139 16 18 0.048163157 
524 147 13 16 0.047973957 
805 110 12 14 0.0474763 
278 313 13 16 0.047381733 
751 48 15 19 0.04699604 
207 255 20 30 0.04691171 
853 3 14 16 0.04684354 
1001 1 20 19 0.046519622 
350 294 13 16 0.04633434 
725 255 21 33 0.045785792 
402 310 26 31 0.045669775 
875 82 15 18 0.04555334 
56 293 26 29 0.04542657 
672 155 14 17 0.04524762 
965 97 15 20 0.04522335 
386 169 14 16 0.045049638 
956 151 30 37 0.044597425 
276 236 12 14 0.044504646 
195 267 13 15 0.044339195 
690 23 17 20 0.044339065 
566 283 14 19 0.044103704 
248 324 11 14 0.044010308 
783 -1 13 12 0.0439868 
638 324 26 29 0.043952864 
656 18 22 27 0.04369943 
360 374 11 14 0.04357922 
536 275 16 18 0.043521684 
416 109 15 18 0.04344763 
864 322 12 15 0.043096736 
573 127 15 21 0.042921513 
332 202 21 29 0.04272587 
29 342 11 14 0.04244497 
315 326 13 16 0.042405955 
850 337 14 15 0.04231773 
883 82 13 18 0.041874245 
725 222 29 31 0.04165408 
115 308 15 17 0.041500077 
463 320 14 17 0.04139327 
805 350 10 13 0.041062426 
246 342 9 12 0.040776875 
650 203 25 33 0.040757876 
271 228 11 15 0.04073005 
183 282 14 18 0.04046097 
179 262 25 27 0.040194154 
652 44 21 25 0.04008754 
264 223 11 14 0.039618753 
807 3 13 16 0.03931112 
30 334 11 13 0.039264742 
405 154 16 22 0.039256163 
25 336 10 12 0.03916442 
78 328 13 15 0.03893278 
926 256 26 30 0.03893 
515 171 17 20 0.03880956 
115 302 13 15 0.038594916 
464 257 23 35 0.038561847 
631 241 15 19 0.03843169 
388 278 11 13 0.0383688 
464 206 27 29 0.038336035 
885 54 14 16 0.03826148 
142 334 10 12 0.03819309 
506 91 12 16 0.0379541 
660 81 19 21 0.03738733 
781 40 15 18 0.03737323 
892 49 12 16 0.037343185 
963 165 33 42 0.03732808 
528 184 17 23 0.03725918 
697 312 51 60 0.037239037 
972 87 13 17 0.037234474 
939 176 27 36 0.037221093 
196 337 11 14 0.03704187 
926 30 9 13 0.03699788 
477 92 11 15 0.0369148 
46 323 13 16 0.036889322 
323 292 15 20 0.036838163 
461 101 15 20 0.03670436 
902 125 38 47 0.036631517 
246 333 11 13 0.036403954 
510 156 14 17 0.036311593 
467 205 15 18 0.036173612 
327 384 10 13 0.03584536 
356 166 15 18 0.03580589 
934 92 15 18 0.03578892 
381 153 13 16 0.035749592 
91 291 28 31 0.03541928 
634 247 17 18 0.035353556 
659 186 16 19 0.035295136 
496 155 13 17 0.035200704 
519 187 27 35 0.03493446 
233 310 24 26 0.03493141 
826 12 12 16 0.034898035 
351 196 11 14 0.034645844 
294 307 15 18 0.034456182 
676 142 16 20 0.034418397 
88 339 9 11 0.034389157 
621 51 15 18 0.034349058 
936 51 14 17 0.034324255 
930 278 33 39 0.034311805 
138 287 28 32 0.03430935 
643 56 16 21 0.03427094 
597 176 24 28 0.034263764 
241 348 22 28 0.034242358 
594 115 15 19 0.034182377 
84 180 16 21 0.03412877 
890 329 29 37 0.034098383 
355 351 12 16 0.034023598 
548 256 24 33 0.03395584 
244 349 13 17 0.033721793 
423 307 25 32 0.033704985 
347 203 20 27 0.033585202 
772 40 16 20 0.03357349 
970 145 23 31 0.032993235 
842 101 16 21 0.03295662 
635 60 22 28 0.03295487 
176 267 45 50 0.03294078 
291 300 14 17 0.032904323 
445 343 12 14 0.032858096 
318 186 12 14 0.03284185 
427 131 16 19 0.032835875 
765 262 33 43 0.03281682 
947 165 30 40 0.032809407 
763 44 16 21 0.032780506 
628 319 26 29 0.032628592 
516 161 15 17 0.0325251 
517 325 13 15 0.032506984 
644 332 14 16 0.03247578 
980 189 38 53 0.032472905 
396 131 12 15 0.032383293 
299 298 17 20 0.03237479 
95 340 11 12 0.032303903 
224 316 11 14 0.032284882 
258 162 17 20 0.03224538 
903 3 13 15 0.03214298 
837 337 20 25 0.0320914 
761 322 24 33 0.032065194 
580 89 14 21 0.031925824 
787 37 12 16 0.031886294 
627 307 45 50 0.031756278 
916 27 12 15 0.03150884 
770 50 15 19 0.031459343 
591 281 11 15 0.03145487 
526 134 20 25 0.03143928 
893 79 15 20 0.03129088 
974 106 22 28 0.031214628 
240 331 11 13 0.0311515 
499 287 17 20 0.031085927 
414 314 23 28 0.031080663 
738 17 17 22 0.030888833 
638 78 14 20 0.03086437 
807 37 12 16 0.030858936 
715 151 18 22 0.03076794 
387 146 13 15 0.030761357 
988 85 11 14 0.030755617 
890 138 13 17 0.030674892 
691 48 17 19 0.030671094 
880 3 13 15 0.030646896 
817 342 10 12 0.030624868 
270 331 13 16 0.030618498 
961 194 29 35 0.03058647 
311 285 20 27 0.030524543 
276 229 12 15 0.030338287 
199 266 25 33 0.030314822 
876 133 25 29 0.030297786 
529 144 22 25 0.030245552 
506 157 23 27 0.030206691 
477 176 24 28 0.030197265 
781 50 15 18 0.03008923 
701 16 21 26 0.030033922 
978 0 32 31 0.03002828 
612 51 13 16 0.030005777 
783 60 13 17 0.029910155 
1012 177 11 18 0.029718418 
327 283 24 27 0.029646734 
284 287 23 30 0.029638987 
486 92 12 16 0.029596686 
740 48 14 18 0.029479114 
842 88 25 31 0.029449778 
884 73 14 19 0.02942409 
793 16 15 19 0.02936958 
417 235 12 13 0.029165909 
837 323 13 15 0.029116668 
679 179 13 18 0.028958464 
948 24 10 13 0.028946798 
907 33 12 17 0.02876575 
649 322 26 32 0.028662944 
507 280 15 20 0.028556703 
502 181 27 33 0.028536605 
869 309 12 15 0.028459024 
446 297 19 21 0.028434478 
523 154 13 15 0.028258478 
807 355 10 12 0.028223852 
60 315 23 26 0.02816117 
241 341 10 12 0.028107848 
109 321 12 15 0.028036455 
389 243 13 15 0.027943324 
79 341 10 11 0.02793607 
298 313 15 18 0.027910924 
892 66 15 20 0.027886601 
451 222 26 29 0.027762989 
861 331 12 15 0.027726782 
925 322 32 45 0.027720803 
691 271 25 35 0.027603008 
733 50 15 19 0.027581252 
354 163 11 14 0.027473675 
891 1 12 11 0.027439877 
662 178 14 19 0.027336357 
368 270 19 24 0.027324835 
536 159 25 30 0.027317816 
508 299 12 15 0.02730292 
708 79 18 22 0.02728702 
246 319 23 25 0.027166316 
55 333 10 14 0.02706389 
739 244 15 16 0.026906023 
110 313 14 16 0.02681807 
173 281 13 17 0.026804151 
540 262 23 29 0.02668818 
574 230 12 16 0.026629379 
449 117 12 15 0.026593888 
738 256 21 32 0.026529662 
277 298 22 28 0.026508916 
283 316 13 17 0.026493218 
37 348 9 12 0.02646118 
658 294 26 32 0.026424281 
565 201 16 20 0.026393533 
55 297 14 16 0.026369337 
559 303 10 13 0.026228057 
167 274 26 30 0.026225584 
342 310 11 15 0.026195168 
863 74 11 13 0.026177812 
396 277 13 15 0.026123745 
578 179 13 17 0.026072912 
216 342 11 13 0.026071146 
718 143 13 15 0.026052542 
566 325 14 18 0.02598218 
825 182 11 15 0.025957532 
948 115 12 14 0.025891406 
381 381 9 11 0.025857318 
850 83 12 15 0.02585122 
968 82 21 28 0.025836533 
132 243 23 33 0.02582499 
405 357 12 14 0.02580871 
60 308 15 18 0.02579415 
848 12 11 14 0.02578496 
230 245 11 14 0.025726954 
613 163 28 36 0.025679082 
824 8 20 26 0.025669504 
432 377 14 17 0.025657078 
842 77 22 28 0.025655862 
182 275 13 16 0.025640642 
690 164 13 16 0.025533019 
732 11 17 20 0.025521833 
824 358 10 12 0.025487453 
375 287 12 15 0.025480937 
82 323 12 16 0.025474072 
47 315 21 26 0.025445983 
878 75 22 28 0.025372732 
495 188 23 29 0.025321824 
812 108 12 14 0.025320435 
619 178 18 23 0.025310775 
658 198 17 24 0.025262028 
871 67 23 28 0.025224553 
275 215 19 24 0.025221458 
164 281 14 18 0.025219802 
869 67 15 18 0.025202246 
207 273 12 17 0.025031 
355 154 18 23 0.024992779 
580 235 12 16 0.024975797 
440 396 11 15 0.024905583 
351 171 11 14 0.024904927 
94 347 11 15 0.024896504 
620 252 12 15 0.024845935 
192 255 23 27 0.024829209 
748 266 16 22 0.02482506 
315 199 11 13 0.024787089 
343 142 9 12 0.024694717 
56 362 11 14 0.0246736 
895 73 23 28 0.024560135 
636 221 12 14 0.024513753 
557 310 12 14 0.024406692 
704 285 29 30 0.024406038 
861 339 11 13 0.02440182 
606 169 45 49 0.024396116 
57 347 12 15 0.024330689 
325 209 14 22 0.024267923 
525 165 27 30 0.024256282 
328 189 9 12 0.024243027 
610 213 25 33 0.024218561 
632 177 24 34 0.024154859 
876 324 12 15 0.024146624 
900 0 23 24 0.024120638 
413 117 22 25 0.023966886 
621 243 12 16 0.023960352 
613 260 12 17 0.023960017 
106 297 25 26 0.023949482 
170 301 17 21 0.023918135 
193 275 16 19 0.023889702 
834 25 13 16 0.02388023 
656 17 417 517 0.02384545 
374 374 11 15 0.023842514 
406 131 12 14 0.023804907 
723 61 21 28 0.023758247 
974 143 14 16 0.023749653 
724 292 12 16 0.023703575 
556 270 14 19 0.023675911 
690 155 12 16 0.023659812 
486 61 22 28 0.023576967 
731 58 15 21 0.023486651 
853 11 12 14 0.02340175 
426 319 16 20 0.023357742 
684 171 16 20 0.023350053 
724 145 24 29 0.023344664 
868 76 15 18 0.023279095 
352 295 19 23 0.02327656 
237 242 15 17 0.023268418 
833 341 9 14 0.02325212 
830 330 10 13 0.023246061 
829 7 13 16 0.023216086 
375 152 13 16 0.023166476 
71 320 23 27 0.023155358 
156 279 27 32 0.02304583 
438 239 10 13 0.023014352 
602 106 24 30 0.023000803 
622 322 15 20 0.022991 
473 211 16 18 0.022924487 
76 303 27 30 0.022924257 
675 178 23 29 0.02282037 
675 297 26 32 0.022763766 
389 281 13 17 0.022726653 
823 188 11 14 0.022713576 
484 119 17 22 0.022711894 
858 315 22 27 0.022697402 
651 54 15 20 0.022646938 
972 92 25 30 0.022631988 
678 279 26 33 0.022610424 
822 293 30 35 0.022600891 
691 53 25 30 0.022595894 
386 269 12 15 0.02251109 
256 342 23 29 0.022441363 
868 118 27 34 0.02243689 
669 161 15 18 0.022434266 
256 326 21 24 0.022428738 
970 201 17 22 0.022358673 
582 150 15 19 0.02233368 
492 186 13 17 0.022294393 
262 293 25 29 0.022238603 
515 282 24 28 0.022182506 
341 197 13 15 0.022153206 
506 155 46 54 0.022114867 
54 343 19 25 0.02202813 
276 323 13 16 0.021997616 
876 310 11 13 0.021987474 
982 85 11 14 0.021986362 
136 256 25 35 0.021976903 
74 165 38 46 0.021975525 
771 102 17 24 0.021969812 
922 269 25 29 0.021945328 
397 169 12 17 0.02193309 
853 159 23 28 0.02186138 
357 286 11 13 0.021852668 
396 142 14 16 0.021850279 
575 200 23 33 0.021843916 
95 298 13 15 0.021801634 
683 159 16 18 0.021779653 
841 313 25 31 0.021765176 
960 93 14 15 0.021760022 
697 24 17 21 0.021751272 
649 187 24 33 0.0217241 
212 271 14 20 0.021713356 
561 275 24 29 0.021707876 
392 337 12 16 0.021672204 
363 405 10 14 0.021654414 
721 7 21 26 0.021637905 
262 341 12 15 0.021627951 
788 229 22 26 0.021619825 
211 272 40 48 0.021584889 
908 109 25 28 0.021577131 
385 398 9 11 0.02149039 
64 285 42 46 0.02146184 
755 386 11 15 0.02144699 
786 163 29 36 0.021439333 
965 24 12 15 0.021420855 
609 351 10 13 0.021414522 
538 308 13 16 0.021388095 
49 322 122 152 0.021384066 
494 202 15 20 0.021335872 
883 234 40 46 0.021186512 
440 213 22 27 0.021175629 
54 221 24 28 0.02116419 
605 71 14 20 0.021103626 
870 340 10 12 0.021086358 
170 293 29 34 0.021044565 
693 107 13 19 0.021012265 
514 160 27 29 0.020995371 
122 309 14 17 0.020957898 
838 370 10 14 0.020938048 
481 267 27 30 0.020917764 
666 195 15 20 0.020896101 
494 194 14 19 0.020877369 
693 146 12 16 0.020870356 
255 228 20 27 0.02084291 
729 237 28 30 0.02082577 
586 117 20 28 0.02081528 
634 228 14 16 0.020806285 
659 88 24 28 0.020772312 
636 328 15 17 0.02072842 
506 309 13 16 0.0207221 
306 292 17 23 0.020698495 
614 253 12 15 0.020677598 
634 138 17 20 0.020672884 
340 289 15 18 0.020668408 
860 91 13 16 0.020649046 
739 145 16 18 0.020554958 
379 283 14 17 0.020543844 
571 196 17 21 0.020516796 
326 181 10 13 0.020508315 
324 269 24 29 0.020506842 
888 135 41 48 0.020454783 
487 306 20 25 0.020393483 
477 173 14 18 0.020363925 
906 15 21 27 0.020349335 
211 263 24 34 0.020331897 
135 325 11 14 0.02032041 
495 164 23 30 0.02028574 
388 259 11 14 0.020279055 
629 223 23 28 0.020251399 
803 105 21 24 0.020232206 
621 154 26 33 0.02018614 
349 306 12 14 0.020176271 
676 302 47 52 0.020159408 
541 72 16 21 0.020153124 
269 338 12 16 0.020137545 
584 97 15 19 0.02008634 
822 97 27 31 0.020069622 
477 121 16 20 0.020044988 
716 156 24 31 0.020041902 
666 172 14 18 0.020027718 
961 29 12 14 0.020012947 
