37_Soccer_soccer_ball_37_345
124
714 163 16 21 0.9973578 
490 171 16 20 0.9959551 
622 179 16 20 0.99518436 
555 166 16 21 0.99416935 
363 179 16 21 0.9937402 
426 183 15 19 0.9914179 
818 168 14 19 0.988903 
383 92 11 15 0.9787854 
1001 189 15 19 0.9778276 
969 182 16 20 0.90632087 
141 317 16 22 0.6677139 
414 284 12 16 0.5424106 
432 336 21 24 0.54239464 
837 252 14 18 0.31345275 
446 281 12 16 0.3098339 
351 279 11 15 0.29710174 
949 275 12 15 0.29521856 
621 246 17 18 0.22161803 
439 209 14 17 0.22029208 
576 284 10 13 0.20102428 
476 281 12 15 0.18222432 
541 282 12 15 0.16569844 
705 136 8 10 0.16485223 
489 238 17 19 0.16282304 
552 209 21 24 0.16196705 
385 281 11 15 0.15257223 
370 158 9 13 0.14525656 
736 253 13 17 0.13988888 
428 253 14 15 0.10025352 
511 282 10 13 0.09404489 
412 234 11 14 0.09400031 
697 255 13 18 0.09309194 
367 243 15 16 0.087898456 
485 212 21 25 0.07867836 
391 235 11 13 0.075181805 
602 233 14 17 0.07295328 
609 289 11 14 0.06953859 
565 201 14 18 0.06940808 
982 198 10 13 0.06937005 
328 135 8 11 0.06648087 
400 158 11 15 0.06520039 
647 235 12 14 0.0627442 
368 126 9 11 0.058731012 
141 444 39 57 0.05854808 
414 210 13 16 0.057443533 
374 129 21 27 0.055859216 
983 288 13 15 0.055803217 
440 341 18 21 0.05248526 
265 135 8 11 0.049820878 
375 209 12 15 0.048848473 
796 136 9 11 0.048379105 
423 334 16 22 0.048020758 
347 277 10 15 0.047079757 
134 322 17 21 0.04636157 
654 134 9 12 0.04335383 
437 133 8 12 0.043138996 
80 56 9 11 0.042313594 
504 138 14 16 0.042267445 
548 205 16 21 0.041648235 
368 119 8 11 0.040818077 
503 203 13 16 0.039411515 
599 137 12 15 0.039241113 
691 218 11 16 0.038898148 
617 233 24 27 0.03730493 
423 246 11 14 0.036967877 
532 134 10 13 0.036484513 
387 88 11 14 0.036087178 
433 128 8 11 0.035443768 
354 283 11 14 0.035247996 
605 211 13 18 0.035081115 
345 128 8 10 0.03448866 
487 221 23 26 0.033769406 
449 337 14 20 0.033492673 
726 189 13 16 0.033332676 
467 225 13 15 0.03284165 
613 212 12 16 0.03253524 
350 129 8 10 0.031880464 
805 256 13 16 0.03163773 
367 271 9 13 0.030663012 
422 227 13 15 0.030336777 
328 129 7 8 0.030143196 
512 227 13 16 0.030046135 
965 237 12 15 0.029735465 
146 433 30 43 0.029569697 
346 231 14 17 0.02910009 
134 328 21 28 0.028891154 
581 222 12 16 0.028874578 
966 192 12 15 0.028697329 
371 162 12 15 0.02800686 
86 59 10 11 0.027547682 
108 469 26 25 0.026955562 
630 209 14 17 0.02681346 
687 134 10 12 0.026367629 
406 132 9 12 0.025868496 
0 274 8 17 0.025119059 
802 217 13 18 0.025104148 
828 195 12 14 0.025051158 
959 232 24 28 0.024905536 
736 134 9 13 0.024748314 
431 275 9 12 0.024348931 
944 270 13 17 0.024052545 
621 225 17 19 0.023818942 
989 203 10 13 0.022735052 
610 224 23 26 0.022712465 
373 125 10 13 0.022309344 
579 279 10 14 0.022152245 
453 127 9 12 0.022063827 
836 150 17 20 0.021923304 
361 102 8 10 0.021824814 
360 127 8 10 0.021804094 
387 98 12 13 0.021793514 
413 217 13 17 0.021508949 
136 345 12 16 0.02143665 
972 259 11 15 0.02130208 
180 132 12 15 0.020606656 
552 218 24 26 0.020566607 
406 117 8 11 0.020443674 
349 270 12 17 0.020362616 
484 284 10 14 0.020296933 
368 130 10 15 0.020210555 
959 196 12 15 0.020208035 
527 137 13 16 0.02016036 
427 219 14 17 0.020059135 
483 206 15 18 0.020050632 
