37_Soccer_Soccer_37_52
27
378 437 64 91 0.99898785 
739 391 48 64 0.26121527 
472 982 51 59 0.10083944 
477 1012 61 56 0.0870674 
914 187 25 33 0.08125203 
753 378 32 56 0.07065394 
706 404 70 78 0.06493063 
284 487 56 66 0.06375016 
869 82 12 17 0.062130317 
859 348 17 19 0.04282487 
916 85 10 14 0.036270995 
750 82 56 68 0.035453625 
923 189 29 36 0.035452586 
992 133 10 14 0.03400061 
670 407 104 148 0.031409107 
900 27 16 20 0.029862074 
290 576 214 204 0.027361434 
297 850 204 266 0.026725452 
899 51 104 156 0.026007703 
156 127 101 122 0.025566392 
809 67 9 13 0.025132382 
261 509 60 71 0.02501195 
750 101 13 15 0.024823807 
88 -1 355 460 0.024314856 
710 80 97 115 0.022486413 
697 108 12 14 0.02160394 
1000 149 11 13 0.020038456 
