37_Soccer_soccer_ball_37_281
130
968 327 7 8 0.09759767 
73 523 11 13 0.09618796 
951 313 7 9 0.09513524 
177 566 8 9 0.08848984 
392 173 201 243 0.08520574 
401 656 8 10 0.07722438 
361 640 7 10 0.076824024 
175 559 8 10 0.072765745 
951 317 7 9 0.07151719 
47 496 9 12 0.06836418 
25 472 8 10 0.061168604 
985 221 8 10 0.060453065 
182 567 7 10 0.060020056 
194 570 6 8 0.058895823 
386 655 9 11 0.05652051 
25 477 9 11 0.05642511 
224 584 7 8 0.055389233 
383 303 410 453 0.05420963 
28 563 11 15 0.0538384 
194 573 8 10 0.0526841 
417 663 10 11 0.05254353 
216 569 7 9 0.051824685 
215 574 7 9 0.050795443 
366 640 8 11 0.049122993 
421 654 10 11 0.04873221 
344 623 8 11 0.047097493 
199 568 8 9 0.043712683 
217 557 7 9 0.041601073 
375 663 9 11 0.03991702 
208 567 7 9 0.039289538 
390 647 9 11 0.038955517 
9 478 8 10 0.038200084 
374 646 9 11 0.0378404 
361 631 7 9 0.037687518 
516 257 537 428 0.03730909 
232 584 7 9 0.036859673 
198 574 7 10 0.03682513 
937 328 7 8 0.03616455 
953 305 7 8 0.036110193 
400 647 8 10 0.035827704 
272 648 8 11 0.034887936 
31 504 8 10 0.03472556 
1006 364 8 10 0.03438979 
138 550 9 10 0.034373756 
947 318 7 9 0.03424514 
167 551 7 10 0.033978775 
9 429 7 10 0.033691846 
148 80 436 430 0.032379042 
1000 319 7 9 0.032201234 
934 310 8 10 0.032179378 
969 321 7 9 0.032125056 
217 582 8 10 0.032016676 
928 320 8 9 0.03193521 
241 575 7 8 0.031911463 
928 335 7 9 0.03177039 
217 518 7 10 0.031222643 
983 318 7 9 0.03117655 
946 313 7 9 0.030718634 
994 204 9 12 0.030296572 
350 623 8 10 0.030240139 
492 672 17 17 0.030112866 
384 660 9 11 0.02987073 
960 304 7 9 0.029817397 
43 495 9 11 0.029634167 
372 670 11 11 0.029371388 
779 561 6 8 0.029000496 
989 215 9 11 0.028350042 
969 336 6 8 0.02815271 
989 221 8 10 0.02746243 
29 479 8 11 0.027168628 
176 325 7 10 0.027046144 
205 560 8 9 0.02642097 
975 319 8 9 0.026255142 
416 648 10 11 0.026253631 
984 336 7 9 0.026178613 
333 614 8 10 0.026046384 
233 589 7 10 0.025983738 
928 344 6 8 0.025766758 
927 351 7 10 0.025253411 
42 501 9 12 0.025192726 
94 325 10 15 0.024992649 
169 557 8 11 0.024861919 
965 303 8 9 0.024808599 
352 628 7 10 0.024754161 
375 639 8 11 0.024619272 
163 552 7 10 0.024487227 
1 520 9 12 0.024109742 
193 551 7 9 0.024072312 
247 604 8 10 0.023714773 
40 486 8 10 0.023690002 
905 336 7 9 0.023515513 
264 319 7 9 0.023419853 
414 670 11 11 0.023250528 
930 305 8 9 0.02323661 
239 568 8 9 0.023187699 
153 568 8 10 0.023105694 
896 335 6 9 0.022966431 
976 225 8 10 0.02276324 
134 510 7 9 0.02266007 
430 655 9 10 0.022374256 
177 321 7 10 0.0223363 
703 96 442 463 0.022312364 
606 535 7 9 0.022194449 
201 551 6 8 0.022129204 
31 483 8 12 0.02206531 
371 676 12 13 0.022013722 
984 343 7 8 0.021974105 
22 557 21 26 0.021922978 
177 572 9 10 0.021891972 
953 344 6 9 0.021835504 
208 343 7 9 0.021780038 
223 567 8 10 0.021668196 
89 494 7 10 0.021556169 
158 568 8 10 0.0215457 
29 471 8 10 0.021466248 
975 312 8 10 0.021404216 
271 318 7 10 0.021280047 
587 311 7 9 0.02125152 
5 520 8 11 0.020948559 
14 479 7 10 0.020883856 
200 581 8 9 0.020778619 
927 328 8 9 0.020741336 
952 351 7 8 0.02062789 
602 247 9 12 0.020492477 
1001 326 8 9 0.020479435 
1014 319 7 10 0.020459177 
943 327 7 9 0.020417161 
375 655 8 10 0.020124631 
385 649 9 11 0.020114498 
60 510 9 10 0.020011665 
