37_Soccer_Soccer_37_415
32
188 421 58 85 0.9989109 
519 34 69 60 0.5459319 
907 257 44 56 0.48968408 
129 181 127 173 0.21011485 
90 143 195 290 0.12542637 
5 314 55 78 0.10548927 
630 233 56 73 0.06314677 
767 239 204 225 0.05960815 
741 12 105 103 0.051918957 
554 33 33 38 0.049841333 
547 239 106 137 0.046521645 
486 34 97 100 0.04457804 
37 51 342 460 0.044095933 
817 262 59 69 0.04116077 
508 38 13 14 0.039892334 
77 245 30 39 0.039322026 
156 225 75 94 0.038837902 
470 246 212 310 0.037900113 
270 185 16 24 0.037616894 
572 30 13 16 0.03311975 
753 26 68 61 0.03220688 
761 38 35 33 0.032187525 
801 258 98 105 0.031182751 
744 252 105 132 0.025441743 
910 242 33 43 0.023295766 
235 510 29 42 0.023071894 
826 419 57 56 0.02305789 
842 260 57 63 0.021940786 
861 187 41 54 0.021883339 
509 31 10 13 0.021691913 
770 387 49 69 0.020531854 
592 100 10 13 0.020223772 
