37_Soccer_Soccer_37_394
43
902 91 24 32 0.99129456 
586 123 18 24 0.8475849 
517 134 13 17 0.56992644 
132 147 12 17 0.44434628 
470 131 15 25 0.4202521 
653 158 16 24 0.08721749 
432 255 11 14 0.08656415 
583 227 13 18 0.06740578 
465 136 13 20 0.06525866 
0 181 21 31 0.055528518 
521 138 14 18 0.055029843 
646 142 16 22 0.052562527 
84 626 45 51 0.048874892 
532 155 14 16 0.04448181 
584 117 14 18 0.041486766 
444 127 11 14 0.039278828 
668 136 19 31 0.03616067 
475 126 16 23 0.0355418 
904 130 12 16 0.032693755 
450 146 12 15 0.031604607 
658 165 17 22 0.030167755 
655 145 21 32 0.029915407 
2 171 16 23 0.02937277 
633 152 25 33 0.028622162 
2 163 13 18 0.028084094 
653 131 14 19 0.027310824 
676 142 12 21 0.026698846 
1 515 29 45 0.026437568 
661 125 12 15 0.025750075 
1003 441 21 33 0.024149148 
317 475 29 32 0.0240162 
250 369 25 30 0.023553913 
622 153 22 31 0.023203619 
506 114 15 18 0.022704411 
461 110 12 14 0.022667006 
524 143 14 19 0.022626996 
453 132 12 15 0.021986008 
502 101 10 13 0.021936158 
937 127 17 20 0.021710815 
439 107 9 12 0.021557868 
654 128 23 31 0.021292409 
447 176 10 14 0.020351745 
430 141 8 11 0.020050785 
