37_Soccer_Soccer_37_618
32
488 333 83 112 0.999006 
10 308 70 91 0.9981489 
249 321 69 92 0.9980319 
816 351 82 127 0.9976737 
452 293 56 73 0.9232111 
685 334 53 72 0.8785477 
0 439 45 99 0.8140371 
945 350 46 64 0.6174902 
465 307 75 100 0.16452521 
327 391 43 57 0.15784085 
446 299 35 54 0.15546913 
659 156 117 122 0.13784711 
709 316 53 69 0.11281659 
734 323 48 60 0.09525045 
685 433 37 45 0.06970076 
382 249 40 50 0.0681241 
673 107 134 140 0.063067704 
925 361 50 80 0.048515983 
446 133 14 17 0.043538325 
709 353 50 64 0.040899273 
729 376 34 42 0.03984354 
304 458 17 25 0.036191545 
687 233 56 77 0.032412518 
859 343 85 122 0.032116912 
480 40 35 31 0.028180322 
572 365 14 21 0.026533578 
706 81 118 117 0.02488506 
476 289 57 68 0.023416314 
579 125 27 31 0.022287074 
905 328 82 95 0.021160793 
512 270 34 37 0.02042987 
109 545 25 32 0.020015273 
