37_Soccer_Soccer_37_655
39
22 85 29 36 0.9970317 
358 18 36 53 0.97544765 
614 125 20 28 0.97287613 
734 119 20 28 0.707004 
883 276 11 15 0.21722016 
570 183 14 18 0.11682816 
484 30 25 42 0.11649541 
831 228 9 12 0.073483564 
881 205 9 11 0.06975989 
861 267 10 13 0.06806431 
745 129 22 30 0.0674025 
55 76 31 40 0.06091324 
570 194 14 17 0.05825589 
611 176 15 19 0.056631867 
755 136 16 21 0.052221708 
718 278 8 10 0.051628824 
305 -1 38 31 0.04832158 
347 213 16 17 0.040697727 
-1 80 12 23 0.03847285 
740 110 17 19 0.031810697 
771 137 16 22 0.03140834 
85 79 27 32 0.03086746 
825 229 10 13 0.029940758 
752 189 30 37 0.028865125 
854 242 12 14 0.02547672 
70 34 25 31 0.024983963 
878 211 10 13 0.02408689 
871 220 10 13 0.023763776 
878 272 13 16 0.023562795 
740 131 17 23 0.02246433 
570 176 13 16 0.022248164 
804 206 11 14 0.022148972 
616 236 12 16 0.021804826 
466 17 43 65 0.021693595 
758 132 23 30 0.021432545 
556 217 10 15 0.021085037 
315 8 43 54 0.02089953 
607 261 9 14 0.020805975 
417 147 41 57 0.020161137 
