37_Soccer_Soccer_37_651
580
903 294 31 39 0.99980193 
495 306 29 40 0.9995301 
104 225 37 39 0.9942788 
3 211 25 39 0.98363954 
303 219 25 36 0.9357041 
463 98 16 19 0.5201824 
323 475 28 33 0.5177597 
126 3 17 19 0.516979 
979 42 15 19 0.5064805 
217 105 16 20 0.49205416 
650 98 15 18 0.41560763 
584 179 16 19 0.35381487 
186 28 12 14 0.34634858 
411 101 13 15 0.34000945 
365 0 15 13 0.31468633 
239 224 22 29 0.31137297 
419 14 19 22 0.30213854 
661 155 14 17 0.2900619 
1006 2 17 17 0.26498187 
805 112 17 21 0.24267785 
545 11 11 13 0.23691763 
731 174 15 18 0.23390736 
249 223 23 29 0.22524141 
174 171 13 17 0.22436921 
674 130 14 17 0.22285728 
102 20 15 19 0.2136759 
193 228 19 21 0.2125486 
67 73 12 16 0.20943515 
709 137 14 18 0.20893453 
1008 82 10 14 0.2067032 
288 163 13 16 0.2065063 
460 53 12 15 0.2058588 
741 0 12 12 0.20008458 
565 53 12 17 0.19216163 
772 157 15 20 0.1910026 
777 204 16 20 0.18273112 
826 171 17 20 0.18003683 
418 163 16 20 0.17484514 
215 238 22 29 0.17467405 
617 127 10 13 0.1736177 
700 88 18 20 0.168006 
434 105 15 19 0.16269942 
740 127 11 13 0.15823288 
604 83 13 15 0.15468207 
206 173 11 13 0.15409438 
368 77 12 13 0.14487155 
540 60 10 14 0.14486381 
68 11 12 15 0.14420025 
233 4 10 13 0.14038171 
867 53 10 13 0.1350707 
564 110 12 14 0.1329131 
276 75 13 17 0.13177204 
806 91 12 15 0.13050818 
254 3 12 13 0.1304066 
748 71 11 14 0.1299062 
38 74 12 16 0.12963277 
460 18 13 16 0.12866347 
93 86 11 13 0.12645929 
571 127 12 14 0.123174876 
1010 75 13 20 0.12188542 
390 98 12 15 0.120881975 
821 256 16 18 0.120416746 
213 228 21 26 0.11977953 
77 9 13 16 0.1193469 
226 81 15 16 0.11410183 
502 121 12 14 0.11347474 
1012 324 11 18 0.110852584 
232 170 15 18 0.10970328 
329 47 10 14 0.10890701 
647 175 13 16 0.10846212 
184 2 10 10 0.1073276 
641 85 11 15 0.10710169 
366 11 14 16 0.10686773 
565 84 10 13 0.10639433 
716 135 14 19 0.10624311 
605 92 13 17 0.106141105 
405 126 13 15 0.10217363 
706 168 17 21 0.10051012 
0 69 10 16 0.09976352 
944 81 11 16 0.09971612 
550 126 10 13 0.09696941 
1011 135 13 21 0.09684665 
738 25 14 15 0.095850274 
182 5 11 12 0.09107509 
172 173 21 26 0.09094766 
516 68 13 15 0.090166025 
358 21 11 13 0.08789536 
204 24 14 17 0.08721014 
973 90 17 20 0.0867309 
32 20 12 15 0.08622265 
844 148 13 18 0.085925184 
153 171 10 14 0.08413299 
219 247 23 31 0.08337628 
600 4 11 14 0.083373584 
270 92 10 12 0.08186535 
20 22 12 15 0.08178951 
108 69 12 16 0.08110326 
172 184 15 18 0.08017204 
161 227 25 25 0.08008992 
199 0 11 10 0.07978943 
665 147 15 18 0.07857231 
309 70 10 14 0.07815567 
131 89 14 16 0.07798203 
311 125 12 14 0.07752362 
97 167 9 11 0.07724942 
188 110 12 15 0.07718198 
359 0 14 13 0.07606722 
245 27 12 13 0.07387912 
975 34 15 18 0.07309953 
117 19 12 15 0.0726599 
588 5 10 13 0.07227234 
304 61 10 13 0.07142571 
46 164 10 12 0.07125803 
176 13 10 13 0.070876144 
401 47 10 14 0.07068984 
646 30 9 13 0.07052742 
78 1 12 13 0.07023494 
495 18 12 14 0.06985138 
119 186 11 14 0.06858847 
374 137 404 430 0.067882635 
94 47 11 15 0.06772346 
584 125 10 14 0.0672839 
237 3 10 11 0.06695769 
167 27 13 15 0.06690675 
247 45 10 12 0.06647594 
261 3 10 12 0.066400535 
64 178 10 13 0.0660569 
405 177 12 17 0.065428376 
336 179 24 31 0.06445779 
1005 66 15 20 0.06388803 
775 133 11 15 0.06313877 
1013 119 10 16 0.062948465 
351 0 13 13 0.06250584 
207 178 12 15 0.062394474 
997 57 15 20 0.061483223 
805 126 17 20 0.061163273 
469 60 13 17 0.060822986 
599 101 10 13 0.060757507 
647 0 9 9 0.06040007 
988 5 13 15 0.06014722 
532 12 11 13 0.059363645 
976 23 10 14 0.05864306 
510 85 13 17 0.05863914 
515 74 14 18 0.058518175 
613 159 15 19 0.05842265 
663 161 17 19 0.058262717 
699 203 12 16 0.057193737 
207 92 11 14 0.057176873 
302 13 10 11 0.056868173 
188 121 16 20 0.056812596 
782 68 11 14 0.05665472 
249 4 10 12 0.05575379 
517 38 13 16 0.055337865 
59 237 17 19 0.05481876 
740 139 12 16 0.054815643 
235 98 15 18 0.054745056 
447 114 13 17 0.05466554 
564 12 11 14 0.054537605 
485 2 16 17 0.054166116 
30 38 11 14 0.05409426 
669 138 16 19 0.05402503 
705 97 15 18 0.05364661 
550 196 13 18 0.053484034 
644 90 15 19 0.053426646 
15 25 12 15 0.05324814 
429 0 12 13 0.052879713 
534 198 11 14 0.052206136 
222 58 12 16 0.05206905 
407 62 10 15 0.052034132 
568 254 23 27 0.05201917 
781 82 12 16 0.051928528 
180 11 11 15 0.051743507 
328 1 9 10 0.051623564 
223 223 23 30 0.05157798 
205 165 14 17 0.051362433 
396 15 11 13 0.050962195 
37 82 13 16 0.050515264 
24 92 9 13 0.05047053 
175 53 12 14 0.050011486 
16 0 11 11 0.04980745 
374 99 10 12 0.049722392 
394 245 27 35 0.049539074 
990 127 11 13 0.049011037 
385 98 10 14 0.048997767 
678 156 15 18 0.048652887 
974 49 14 18 0.048431933 
371 72 12 14 0.048258923 
359 94 10 13 0.047492977 
214 87 10 13 0.046851344 
444 138 16 20 0.046684217 
156 100 11 13 0.04664809 
180 52 14 15 0.046565488 
527 13 12 15 0.04603584 
560 336 17 24 0.045832567 
488 37 11 13 0.045338172 
269 485 24 27 0.045289334 
442 108 14 18 0.04527166 
0 15 9 12 0.045206226 
900 0 13 11 0.04520596 
259 161 16 18 0.045067906 
541 66 11 15 0.044989217 
659 17 14 17 0.044969596 
240 45 10 12 0.044936147 
353 22 10 12 0.044847492 
52 20 11 15 0.044585437 
285 3 11 12 0.04450862 
213 92 11 15 0.0444716 
568 91 9 12 0.044247326 
256 75 10 13 0.043919444 
701 57 13 16 0.043878853 
845 139 14 20 0.043876585 
173 20 11 15 0.043813486 
515 90 16 19 0.043711744 
453 107 14 19 0.04367909 
536 135 10 13 0.043635312 
628 0 11 11 0.043506052 
942 123 11 15 0.043490276 
701 105 16 19 0.043483507 
303 0 9 10 0.043446317 
179 183 15 19 0.043422487 
285 39 10 12 0.043384656 
280 52 9 12 0.0433623 
82 3 13 16 0.04313743 
37 38 10 13 0.043087088 
462 25 13 16 0.04308673 
591 103 9 11 0.043083414 
127 173 10 13 0.043041795 
302 7 10 12 0.042827748 
201 232 16 18 0.04269483 
222 101 22 25 0.042663723 
692 13 11 14 0.042471476 
271 35 11 13 0.042422913 
62 15 13 18 0.04242123 
392 18 11 14 0.04219569 
32 14 10 12 0.042026673 
725 7 11 13 0.041716408 
292 399 23 31 0.04147012 
566 103 10 12 0.040868346 
847 133 13 16 0.040523622 
230 122 13 17 0.04051349 
459 207 13 16 0.04044379 
467 53 12 16 0.040275667 
311 0 11 10 0.040042255 
731 162 16 19 0.039976917 
305 66 12 15 0.039975323 
397 162 12 16 0.03994988 
421 6 15 17 0.039925758 
750 81 12 15 0.039920963 
184 34 13 15 0.039915413 
131 172 12 13 0.03982183 
968 55 10 15 0.03953089 
724 22 11 14 0.03942063 
87 93 12 14 0.039386537 
421 101 11 15 0.03932814 
254 38 12 15 0.039290544 
325 317 25 32 0.039046075 
204 0 9 9 0.038898364 
200 26 11 15 0.03884705 
504 91 12 17 0.038846835 
167 84 11 14 0.038827494 
694 38 10 13 0.03875473 
168 186 11 15 0.038628794 
120 76 10 14 0.038587853 
500 20 12 13 0.03842144 
67 174 10 13 0.0383007 
119 167 10 11 0.038282454 
694 45 9 12 0.038213275 
414 138 12 16 0.038205247 
655 14 12 15 0.038184952 
174 224 24 27 0.0381805 
434 142 18 21 0.038097378 
202 123 15 18 0.037984513 
188 52 14 15 0.03792694 
687 131 11 15 0.03790668 
735 4 12 14 0.03748923 
271 1 11 11 0.037288714 
278 3 12 12 0.037222806 
805 96 15 18 0.037110444 
714 188 14 17 0.036965877 
1007 502 18 45 0.03683301 
262 117 12 15 0.036720082 
639 161 13 17 0.036624048 
227 185 15 20 0.036584023 
701 0 10 9 0.036404546 
280 37 9 12 0.03609497 
296 45 9 11 0.03594828 
302 56 9 12 0.035897855 
636 53 10 13 0.03587614 
547 17 14 15 0.035717636 
141 212 12 16 0.035685014 
95 1 11 13 0.035527486 
843 158 16 22 0.035354566 
318 109 11 14 0.035335634 
700 129 20 26 0.03509516 
182 22 13 16 0.03495457 
259 170 14 17 0.034917764 
366 111 10 13 0.034904618 
33 77 11 14 0.034730133 
816 252 26 31 0.034644246 
260 37 11 14 0.034604833 
475 136 14 18 0.03453282 
556 36 10 13 0.03438899 
495 146 14 18 0.0343099 
212 26 12 16 0.03411611 
560 115 10 14 0.0340762 
660 3 14 16 0.03406014 
659 166 16 19 0.03398895 
984 290 31 37 0.03389331 
892 507 17 21 0.03387133 
261 76 10 14 0.03361227 
326 101 12 14 0.033600934 
242 93 13 16 0.033583142 
610 98 12 16 0.033480395 
196 53 10 13 0.033339307 
125 77 15 17 0.033235822 
561 7 10 12 0.032943245 
991 58 13 18 0.032921616 
0 29 8 13 0.03291945 
369 83 13 15 0.03290668 
639 77 12 16 0.03286048 
706 158 16 19 0.032769416 
624 13 11 14 0.032742396 
267 161 15 18 0.032605864 
756 70 11 15 0.032594316 
271 83 14 17 0.03252557 
166 46 11 14 0.03233456 
972 57 12 15 0.032277897 
54 239 16 21 0.032245412 
246 123 12 15 0.032227635 
707 52 12 15 0.03221329 
190 0 12 10 0.032135084 
317 0 11 10 0.032084502 
553 194 18 22 0.03202179 
30 93 10 13 0.03201808 
536 55 12 15 0.03191546 
999 5 11 13 0.031907897 
227 113 15 19 0.031892408 
535 8 10 13 0.03186859 
328 13 11 15 0.031863306 
115 70 13 16 0.031672213 
94 78 11 13 0.031647574 
832 158 20 26 0.031428177 
241 22 11 14 0.031331334 
157 232 16 19 0.030999273 
359 12 12 15 0.030995782 
691 129 14 18 0.030904919 
165 53 11 13 0.030866615 
150 161 19 25 0.030686796 
957 98 11 15 0.030580593 
1009 145 13 18 0.030537345 
253 126 11 14 0.030524988 
391 85 9 11 0.03052151 
170 265 466 486 0.030489469 
228 92 14 16 0.030450607 
162 84 9 11 0.030357538 
90 96 15 18 0.030352544 
519 395 25 28 0.030226406 
21 88 10 13 0.030200338 
732 154 14 17 0.030195255 
584 104 9 12 0.030182913 
127 167 11 13 0.030124571 
856 6 11 13 0.030123997 
693 54 12 15 0.030109258 
139 3 13 17 0.03001015 
744 66 18 23 0.029933624 
169 90 14 15 0.029819643 
280 46 10 13 0.029806705 
335 193 26 32 0.029773753 
228 176 16 20 0.029696139 
490 0 14 13 0.029655933 
444 58 14 19 0.029461322 
492 35 11 12 0.0294184 
599 161 13 17 0.029372437 
251 29 12 14 0.029251354 
466 155 16 20 0.029174915 
644 70 10 13 0.029159551 
221 171 13 17 0.029151494 
204 157 16 18 0.028989958 
654 0 10 12 0.028910179 
986 49 14 18 0.028833846 
274 71 11 14 0.028830402 
68 17 13 17 0.028770812 
409 168 22 28 0.02873036 
362 84 10 13 0.028695408 
890 24 14 18 0.028676316 
377 51 12 16 0.028488342 
64 166 10 12 0.0284728 
649 85 17 20 0.028444314 
968 83 12 16 0.028381452 
749 0 10 11 0.02837113 
296 15 9 11 0.02832821 
294 21 9 11 0.02819492 
175 0 10 11 0.028101046 
490 389 17 21 0.02796461 
269 194 11 15 0.027958946 
981 174 11 15 0.02793295 
542 193 13 18 0.027851433 
275 159 21 25 0.027835751 
558 125 9 13 0.027766246 
246 38 13 15 0.027699761 
21 14 11 13 0.02768165 
201 172 12 15 0.027513832 
741 145 12 18 0.02744354 
14 85 10 13 0.027422171 
229 26 11 15 0.027338417 
439 54 10 13 0.027336724 
205 11 11 15 0.027169269 
551 120 10 12 0.027115406 
423 169 16 18 0.0270447 
176 7 11 13 0.026982328 
221 501 22 26 0.02683679 
188 103 11 13 0.026775023 
371 92 12 15 0.026720466 
1001 83 11 14 0.026716348 
1011 154 12 17 0.026716277 
307 237 25 35 0.026676333 
19 3 12 14 0.026643503 
596 5 22 28 0.026419288 
93 55 13 19 0.026290398 
165 0 11 11 0.026275693 
121 3 12 16 0.026275462 
488 322 28 38 0.026218012 
151 95 11 14 0.02619175 
522 69 11 13 0.026125891 
525 42 11 15 0.026098983 
367 99 11 14 0.025951343 
238 160 24 25 0.02590316 
233 158 17 19 0.025898192 
160 52 11 15 0.025813425 
823 176 22 28 0.025804395 
674 147 15 18 0.025703996 
602 11 13 16 0.025696551 
468 481 14 16 0.025511641 
163 162 21 26 0.025419097 
373 111 9 13 0.025305124 
784 118 10 13 0.025243893 
6 7 9 11 0.025225995 
461 86 14 17 0.02518679 
262 54 9 12 0.025162736 
144 20 11 14 0.02515054 
32 8 11 13 0.02514797 
69 81 12 16 0.025080426 
101 204 12 16 0.025074705 
468 146 16 22 0.02507153 
240 13 10 13 0.024991559 
572 93 10 13 0.024980232 
908 53 10 13 0.024976375 
839 152 15 19 0.024894029 
6 20 11 16 0.024880294 
78 235 15 17 0.02481432 
383 127 10 14 0.024772642 
579 252 16 21 0.024678193 
172 59 13 15 0.024574924 
175 47 11 14 0.02452679 
104 209 26 32 0.0245149 
119 84 11 14 0.0244621 
500 49 13 16 0.024404783 
412 80 14 17 0.024362868 
72 103 9 11 0.024212208 
109 202 15 18 0.024163745 
275 87 14 17 0.024161456 
790 307 39 49 0.024159271 
204 3 10 13 0.024125982 
603 137 13 17 0.024086183 
313 129 13 16 0.023955058 
40 174 11 12 0.023950506 
221 66 13 16 0.023948422 
5 125 10 13 0.023940487 
160 46 10 12 0.023919452 
736 130 13 17 0.02387943 
4 14 10 13 0.023845138 
598 106 10 13 0.023805017 
123 179 11 15 0.02378136 
943 89 10 15 0.023766844 
0 92 8 14 0.0237652 
419 145 22 28 0.02372733 
332 85 12 14 0.023679063 
99 12 16 20 0.023629695 
997 28 14 16 0.023613703 
668 0 10 11 0.02360769 
995 125 13 16 0.023600537 
205 184 14 18 0.023590319 
295 0 10 11 0.023582565 
310 28 11 14 0.023537919 
206 175 21 24 0.02347064 
294 40 9 11 0.023422198 
114 213 27 36 0.023399198 
214 35 13 17 0.0233986 
360 164 11 13 0.023357103 
351 95 11 14 0.023352435 
524 86 11 15 0.023345822 
365 90 13 16 0.023330592 
172 100 13 14 0.023314975 
150 231 27 33 0.023189621 
71 13 22 25 0.023116242 
406 146 13 16 0.023051368 
756 13 11 13 0.023028051 
220 92 14 16 0.022983355 
428 139 17 20 0.02297554 
927 0 10 11 0.022962067 
693 18 11 15 0.0229405 
271 44 11 13 0.022924975 
480 115 12 17 0.022806397 
349 399 25 33 0.02277725 
450 52 20 25 0.022758666 
84 206 11 14 0.02271252 
946 77 12 16 0.022700826 
332 94 13 15 0.02261852 
212 165 14 15 0.022568539 
417 26 11 16 0.022496479 
194 116 14 18 0.022495268 
712 194 13 16 0.022482704 
115 195 14 19 0.022476994 
478 106 12 17 0.022408398 
169 570 13 17 0.022297097 
727 52 13 15 0.022255769 
584 1 11 12 0.02219293 
521 14 10 14 0.022187516 
315 114 14 17 0.022167053 
869 24 10 13 0.022113074 
545 125 11 14 0.0221053 
238 52 9 12 0.02206811 
601 80 10 13 0.022057863 
194 110 13 15 0.022036817 
540 30 12 14 0.022021132 
603 1 13 13 0.021983884 
406 128 21 24 0.021880487 
110 166 10 12 0.021858664 
719 26 12 16 0.02183368 
457 113 18 19 0.021827314 
562 78 10 14 0.021756029 
320 103 11 14 0.021744454 
44 169 12 15 0.021739494 
509 94 18 21 0.021730071 
249 164 23 28 0.02170583 
424 23 15 19 0.021600634 
510 42 14 17 0.021594016 
786 203 14 18 0.021588737 
406 138 15 18 0.021585679 
537 166 10 14 0.021543961 
235 408 13 16 0.02153025 
36 26 12 15 0.021509482 
722 133 14 18 0.021499874 
86 25 12 17 0.021479225 
467 69 17 21 0.021430839 
755 82 12 16 0.021284169 
663 127 10 14 0.021259796 
868 58 11 14 0.021206407 
417 134 21 26 0.021104466 
300 46 10 12 0.021097552 
614 122 18 22 0.021090457 
787 124 13 18 0.020980205 
1002 15 18 19 0.020909343 
453 85 13 16 0.02084674 
184 107 21 25 0.020746268 
475 53 14 17 0.020742174 
572 247 14 15 0.020711217 
755 267 17 23 0.020701928 
733 12 11 14 0.020685947 
210 171 15 17 0.020655314 
315 76 11 13 0.020641526 
158 180 11 15 0.020618191 
908 19 12 16 0.020535417 
263 85 10 13 0.020510588 
444 100 14 19 0.020482847 
977 84 16 19 0.020353679 
446 53 12 15 0.020328727 
663 142 14 17 0.020327156 
212 207 12 15 0.020317456 
218 168 22 27 0.020311326 
382 84 10 12 0.020309921 
701 21 10 13 0.02030381 
655 162 14 20 0.020277878 
263 223 17 23 0.020248996 
246 13 11 14 0.020226767 
533 20 11 14 0.02020443 
549 84 9 13 0.020202752 
695 6 12 14 0.02019922 
33 84 10 14 0.020128734 
725 1 11 11 0.020098265 
