37_Soccer_Soccer_37_170
25
945 66 67 79 0.99910706 
466 220 69 79 0.99827707 
619 89 71 88 0.99764997 
602 1 25 30 0.9965784 
743 77 41 49 0.9963456 
516 0 15 12 0.2476503 
730 0 15 15 0.12623252 
0 0 10 12 0.08853898 
615 5 20 25 0.08847493 
641 33 25 29 0.053509735 
29 0 11 9 0.047115207 
975 13 46 53 0.035093304 
754 267 28 38 0.030171303 
499 36 17 22 0.029891094 
645 6 23 30 0.029687304 
643 18 26 32 0.029346278 
716 111 31 38 0.027976537 
625 1 17 21 0.027927073 
645 27 15 18 0.027731037 
629 4 23 30 0.023681838 
522 1 13 15 0.02319567 
440 0 12 12 0.021611797 
634 54 432 527 0.021574736 
633 0 16 18 0.021242782 
787 389 19 19 0.020135881 
