37_Soccer_soccer_ball_37_233
49
414 267 29 35 0.9961211 
629 207 44 43 0.95736134 
856 387 16 20 0.80736005 
328 453 28 31 0.36309522 
345 410 16 19 0.1739026 
512 455 17 21 0.15620616 
141 618 78 62 0.15211359 
1005 424 9 11 0.13924555 
630 477 10 13 0.074690536 
1003 428 8 10 0.063859284 
850 459 13 17 0.058750026 
655 400 8 10 0.04847184 
1011 413 8 12 0.04802939 
565 464 12 16 0.047967706 
1013 440 8 11 0.045547124 
849 454 10 14 0.04334631 
111 593 128 98 0.042839967 
286 -166 454 454 0.04062769 
380 471 10 11 0.038370263 
1013 419 9 13 0.03622521 
15 379 196 269 0.036019582 
848 447 11 13 0.03563574 
1006 468 20 34 0.034762695 
1009 439 8 11 0.03326822 
137 -113 410 422 0.033024896 
380 451 44 48 0.032102082 
405 449 27 33 0.031742007 
341 402 18 22 0.031072324 
878 427 12 15 0.027969692 
572 461 14 18 0.027584082 
511 438 10 12 0.026487468 
56 498 192 185 0.026475005 
193 182 436 506 0.02598124 
977 432 7 9 0.025702247 
360 354 18 23 0.024937263 
560 499 13 16 0.02471197 
885 426 10 14 0.024401547 
560 466 12 15 0.023934104 
999 455 10 13 0.022799194 
561 457 22 27 0.0223797 
993 415 7 10 0.022366675 
847 449 21 25 0.02231335 
496 446 10 12 0.022116661 
1009 407 9 13 0.021912381 
1010 443 9 11 0.021563606 
994 446 7 9 0.021293253 
864 386 14 18 0.021010732 
975 447 7 9 0.020949535 
618 487 16 20 0.020568028 
