37_Soccer_soccer_ball_37_483
19
913 79 36 42 0.99947864 
760 144 26 34 0.9994382 
206 167 28 36 0.9982309 
98 153 40 54 0.998185 
683 146 37 46 0.99794656 
495 88 45 57 0.9957883 
407 121 36 41 0.9825273 
853 232 14 17 0.8733822 
956 281 43 35 0.24113292 
30 525 14 15 0.22979484 
994 192 25 35 0.19792897 
830 216 14 19 0.18856218 
350 326 139 169 0.028771717 
935 302 11 13 0.02610902 
638 180 23 28 0.023554593 
870 150 27 34 0.023403924 
40 281 29 33 0.021393433 
168 37 413 540 0.021320527 
833 320 9 10 0.021278324 
