37_Soccer_soccer_ball_37_583
607
795 252 45 56 0.9963102 
668 257 43 53 0.9943526 
285 287 45 56 0.99263716 
405 79 42 56 0.99195415 
796 98 40 54 0.9908482 
669 89 38 51 0.9908065 
272 97 38 50 0.99078417 
563 102 40 53 0.9844801 
417 266 41 52 0.98304075 
185 74 41 53 0.97806865 
527 274 42 52 0.97731835 
137 45 10 11 0.27763733 
117 100 16 19 0.25898722 
98 47 8 10 0.2205014 
6 3 10 13 0.19202039 
129 7 8 9 0.19155975 
463 23 8 10 0.18591456 
856 87 8 10 0.17204478 
78 63 8 10 0.16704404 
121 78 8 10 0.16267182 
145 6 9 10 0.1548142 
432 23 7 10 0.15172887 
31 111 9 12 0.14241672 
65 76 8 11 0.13917324 
901 8 9 10 0.13742754 
119 96 10 13 0.1335484 
85 8 8 9 0.13068604 
65 71 7 10 0.12444461 
1008 85 8 10 0.12244336 
128 63 9 11 0.12161362 
121 47 9 10 0.12158592 
64 8 8 11 0.11930029 
646 55 6 8 0.11491982 
716 103 14 17 0.11298167 
52 86 8 10 0.11280523 
398 2 8 8 0.10865353 
351 79 8 10 0.10820465 
334 427 14 15 0.10804646 
1 38 8 12 0.10651905 
366 71 7 8 0.106289424 
377 56 8 10 0.10304302 
48 88 9 11 0.101448275 
536 65 7 9 0.10135029 
535 2 8 8 0.10098455 
176 2 8 9 0.1000859 
494 15 7 9 0.09901484 
13 104 7 11 0.098901995 
310 41 6 8 0.09867662 
382 14 8 10 0.0964235 
656 40 6 8 0.095235474 
46 92 9 11 0.09400052 
82 7 7 9 0.09379224 
126 55 7 8 0.093592 
367 24 7 9 0.09111077 
1001 70 7 9 0.08969076 
906 96 7 10 0.08862495 
681 53 8 11 0.0880788 
97 31 8 10 0.08770991 
279 14 7 9 0.08641638 
608 117 11 14 0.085901015 
576 14 7 9 0.08309105 
354 55 7 9 0.08303056 
327 71 7 9 0.08231119 
519 16 7 8 0.081347376 
181 2 9 8 0.08085711 
671 16 6 8 0.080784135 
440 23 8 10 0.08061399 
855 92 8 10 0.07906196 
505 32 7 8 0.07838529 
258 14 8 10 0.07827966 
544 85 9 11 0.07759941 
528 64 8 10 0.07728639 
330 39 7 9 0.076285146 
128 86 9 10 0.07599113 
311 69 7 9 0.07504121 
840 69 9 9 0.07465065 
143 2 8 9 0.074175045 
57 65 8 10 0.0731751 
681 48 7 9 0.07314309 
1005 61 8 11 0.072952285 
447 21 7 10 0.07275482 
160 37 7 9 0.070935555 
696 30 7 8 0.07056394 
352 39 7 9 0.07005114 
74 63 8 9 0.069721594 
537 29 7 10 0.06928986 
432 27 8 11 0.067160614 
109 23 7 9 0.067123316 
345 32 6 8 0.06699491 
328 31 6 8 0.06678459 
522 47 8 11 0.06621307 
353 9 7 10 0.06608246 
639 93 10 13 0.06605967 
664 39 7 9 0.06604635 
38 78 8 9 0.0658396 
121 0 8 9 0.065493755 
141 96 8 11 0.06541774 
494 71 8 12 0.06517066 
366 0 7 8 0.064986795 
111 55 7 8 0.064984135 
518 85 9 11 0.06474493 
54 81 7 9 0.06466078 
62 64 7 9 0.06463097 
302 16 6 8 0.06371295 
742 95 10 12 0.06360693 
600 57 7 9 0.06344328 
136 95 9 11 0.06309619 
165 54 8 10 0.06306854 
69 78 8 10 0.061494857 
289 48 9 10 0.061457608 
413 28 9 11 0.061115377 
957 98 8 9 0.061108317 
294 53 8 11 0.06099642 
141 40 8 11 0.060520094 
968 86 7 9 0.060268383 
135 22 7 9 0.059978057 
1014 79 8 11 0.05961702 
394 0 8 9 0.058880683 
368 78 7 10 0.058861922 
489 23 7 8 0.058333136 
258 8 7 9 0.05756103 
363 24 7 8 0.057399426 
361 1 7 7 0.05733782 
5 39 8 11 0.05731665 
289 15 7 9 0.05730618 
537 114 14 18 0.057274945 
575 10 7 9 0.0572622 
679 6 8 8 0.056144368 
110 15 8 10 0.055540398 
712 64 10 12 0.055523716 
1002 64 7 10 0.055440854 
98 39 8 10 0.055021893 
128 13 8 11 0.054665916 
335 9 6 7 0.054139607 
981 95 8 10 0.05407869 
357 86 8 10 0.053704053 
559 8 6 8 0.053428058 
155 21 6 9 0.053422306 
102 38 7 10 0.053324297 
125 1 9 9 0.053137384 
512 87 9 12 0.05281584 
992 48 6 9 0.05277542 
52 109 12 14 0.052516013 
504 86 8 11 0.052399993 
592 9 6 8 0.052334793 
513 17 7 9 0.052123513 
543 16 7 8 0.05198556 
113 6 7 9 0.051963408 
310 46 7 8 0.05175836 
134 86 8 10 0.05162095 
398 5 9 10 0.051377777 
270 0 7 8 0.051347643 
329 45 8 10 0.051292464 
666 33 7 9 0.051083993 
152 16 8 9 0.050812613 
738 69 8 10 0.05063842 
17 33 7 9 0.05013024 
77 115 10 12 0.050003756 
495 39 6 9 0.04990658 
490 15 7 9 0.0498999 
70 71 8 11 0.049898267 
873 96 8 9 0.049583822 
929 95 7 9 0.04933532 
125 79 9 10 0.049178638 
1 60 9 11 0.049073618 
39 45 7 9 0.049045157 
568 54 6 9 0.049005836 
904 62 8 10 0.048968635 
87 63 7 9 0.048965648 
26 76 8 11 0.048869506 
447 17 7 9 0.048831083 
8 78 8 9 0.047736187 
32 64 7 9 0.0476792 
336 14 7 9 0.047571115 
105 15 8 10 0.047522154 
458 23 7 10 0.047476698 
537 25 8 9 0.047021788 
56 8 8 10 0.046904296 
47 71 7 9 0.04666705 
69 94 8 10 0.04660304 
110 106 14 17 0.046586163 
86 88 9 10 0.04639078 
74 25 7 8 0.046246152 
136 116 13 18 0.045863643 
71 87 7 9 0.045827694 
167 49 8 10 0.04575071 
505 93 9 10 0.045613095 
85 14 8 11 0.04550856 
321 63 7 10 0.045399364 
959 71 9 11 0.04538759 
161 48 9 10 0.04526961 
16 38 9 10 0.044680875 
88 119 8 11 0.044669453 
519 32 7 8 0.044562314 
441 16 8 10 0.0441116 
121 86 8 11 0.044029277 
34 38 8 10 0.04395197 
495 584 11 15 0.04374618 
630 54 6 9 0.0436244 
488 300 27 34 0.043591492 
7 119 9 11 0.0429878 
47 16 8 10 0.04284861 
495 9 7 9 0.042757355 
382 9 8 10 0.042656977 
318 16 7 9 0.042637814 
358 56 7 9 0.042610012 
536 6 7 9 0.04260996 
553 70 8 10 0.042489655 
360 62 7 8 0.042322833 
657 1 6 8 0.042215694 
687 31 7 9 0.0420605 
82 46 7 9 0.041732557 
474 6 9 11 0.04168689 
650 33 6 8 0.041645296 
40 72 8 10 0.041418422 
953 97 7 9 0.04129134 
111 38 9 10 0.04120732 
1007 104 9 11 0.04109862 
632 9 7 8 0.04088156 
103 52 8 9 0.04055183 
849 95 7 9 0.04048688 
648 141 10 12 0.040451813 
63 40 8 9 0.040300842 
32 31 9 10 0.04027898 
312 65 8 9 0.040135268 
86 93 10 12 0.040132396 
88 55 7 9 0.0401294 
352 47 7 8 0.04009962 
153 86 9 11 0.03951579 
393 24 6 9 0.03951447 
982 114 9 10 0.039457284 
975 87 8 9 0.039436053 
47 22 9 10 0.039424133 
38 40 7 9 0.039188344 
111 87 10 12 0.03913993 
343 56 7 9 0.039114773 
325 64 7 10 0.03901799 
664 46 7 9 0.039000012 
351 73 7 8 0.03898904 
125 94 21 25 0.03898237 
89 69 7 10 0.038928732 
410 45 8 10 0.03889722 
543 23 7 10 0.03883815 
479 544 22 29 0.03883432 
158 0 8 7 0.03874858 
261 30 8 11 0.038474455 
1005 56 8 10 0.03846475 
134 98 12 15 0.038255103 
170 2 7 7 0.03825099 
553 1 7 7 0.037788816 
431 16 8 9 0.037751835 
464 38 8 10 0.03772936 
157 16 8 10 0.03766748 
95 64 7 9 0.037656922 
330 77 7 9 0.03756891 
103 93 9 11 0.037147716 
97 51 8 10 0.037102252 
896 31 8 9 0.037049055 
520 9 7 8 0.036935963 
945 97 7 10 0.036914382 
234 446 18 24 0.036906794 
782 263 14 20 0.036883242 
372 109 16 20 0.03669128 
72 57 7 8 0.03666026 
31 21 10 12 0.036589254 
125 94 11 13 0.036523256 
10 108 9 11 0.036478866 
81 40 6 8 0.036108166 
702 52 7 9 0.03604895 
329 8 7 8 0.036006253 
377 15 7 10 0.035992853 
63 54 8 10 0.035794508 
472 94 9 11 0.035644345 
149 7 8 9 0.035561375 
33 102 9 12 0.035445865 
337 56 7 8 0.035404265 
567 22 6 8 0.035272565 
30 16 9 10 0.035061426 
1001 111 8 10 0.034830194 
128 31 7 10 0.03471228 
472 1 9 9 0.03470113 
534 94 9 11 0.034590796 
495 76 9 12 0.03457845 
177 40 9 12 0.0345163 
864 48 7 9 0.034397084 
178 366 23 34 0.034274653 
73 30 8 10 0.03424672 
137 50 9 11 0.03408769 
863 144 9 12 0.034027185 
698 48 7 9 0.03389826 
102 32 7 10 0.03388331 
95 94 8 11 0.033749346 
145 13 8 11 0.033737898 
40 87 8 11 0.033737004 
88 122 11 14 0.033710636 
134 78 9 12 0.033604056 
386 22 6 9 0.033599142 
521 64 7 9 0.03346232 
410 40 7 10 0.033400092 
440 614 26 26 0.03324429 
409 29 8 11 0.03320961 
718 55 7 9 0.033172503 
561 15 7 8 0.033168495 
333 46 7 9 0.032680415 
24 71 10 12 0.03265136 
47 47 6 8 0.032559022 
679 3 7 7 0.032515846 
41 94 8 11 0.032492183 
670 39 6 9 0.03246674 
511 92 8 10 0.03244931 
586 46 7 9 0.03227935 
446 7 7 9 0.032200035 
48 7 8 10 0.032151744 
272 39 8 9 0.03210136 
929 32 6 9 0.03208612 
511 0 9 8 0.032075748 
607 55 7 8 0.031991903 
784 56 7 9 0.03182875 
359 15 7 9 0.0318226 
703 48 7 10 0.031726316 
49 79 8 9 0.031644676 
961 78 8 9 0.03147053 
56 13 7 10 0.03146504 
131 67 11 14 0.03137311 
79 67 9 10 0.031284 
111 61 8 10 0.031253077 
394 6 8 10 0.03125079 
346 79 8 10 0.031220622 
2 71 8 11 0.03120601 
314 15 7 10 0.03118809 
880 40 7 9 0.03108001 
93 119 11 13 0.031052323 
296 15 8 9 0.03100242 
134 6 7 9 0.030800547 
95 24 7 9 0.030792452 
918 79 7 10 0.03073741 
934 96 7 9 0.03064441 
134 108 11 14 0.030444497 
458 31 6 9 0.030367758 
537 86 9 10 0.030361526 
279 9 7 9 0.030239789 
886 101 8 11 0.030238291 
256 30 10 12 0.030198485 
673 22 7 9 0.030132832 
552 46 7 9 0.03011557 
591 47 6 8 0.030077655 
495 47 7 9 0.030021658 
584 15 6 8 0.029837428 
992 88 7 9 0.029776076 
81 87 8 10 0.029742667 
358 7 8 10 0.029715922 
666 14 7 10 0.02969304 
288 32 7 10 0.02969112 
545 40 7 9 0.02967368 
271 74 15 17 0.029669989 
16 63 8 9 0.029637825 
296 9 7 9 0.029634822 
80 23 8 9 0.029422233 
868 438 14 18 0.02938073 
716 67 9 13 0.029319994 
624 15 7 9 0.0292931 
1002 55 8 9 0.029234659 
321 56 6 9 0.029090442 
527 41 7 8 0.02898851 
965 71 8 10 0.02898436 
861 84 8 11 0.02883371 
936 39 7 9 0.028791511 
943 79 6 9 0.028779289 
991 64 7 10 0.028758552 
0 86 8 12 0.02875518 
407 16 7 8 0.028627241 
327 25 7 8 0.02861947 
655 7 8 9 0.028614687 
903 32 7 9 0.02853575 
56 31 7 8 0.028527772 
721 101 13 16 0.028453723 
390 95 9 13 0.02844295 
177 60 9 12 0.028406631 
335 108 13 15 0.028149033 
111 30 8 10 0.02806376 
984 47 7 9 0.02798 
69 14 8 10 0.027957872 
849 88 7 9 0.027874812 
480 38 8 9 0.027852928 
103 115 11 15 0.027844595 
362 69 8 10 0.027836252 
191 30 9 11 0.027799005 
975 56 7 8 0.027706755 
966 79 7 9 0.027641587 
881 71 7 9 0.027531587 
767 56 7 9 0.027519448 
142 79 9 11 0.027460264 
308 453 11 15 0.027453244 
470 24 7 9 0.02743025 
663 1 7 7 0.02742731 
258 99 22 33 0.027418954 
593 56 7 9 0.027385341 
976 63 7 9 0.027312305 
390 101 12 16 0.027311843 
913 86 8 10 0.02729408 
425 23 8 10 0.027241731 
559 1 6 7 0.027193392 
857 81 8 10 0.027167533 
113 76 10 12 0.02713465 
903 39 7 8 0.027108112 
817 46 8 10 0.02708758 
896 15 9 9 0.02705923 
70 8 7 9 0.026960865 
548 86 10 12 0.02691015 
374 23 7 9 0.026900532 
499 277 28 35 0.026900044 
326 55 7 9 0.026889298 
158 6 8 9 0.026773836 
665 8 7 9 0.02676445 
87 22 7 10 0.026715409 
640 16 7 9 0.02667148 
976 47 7 9 0.02650747 
982 118 9 11 0.026473088 
8 23 8 10 0.026457828 
511 31 7 9 0.026437283 
944 49 6 8 0.02642693 
0 32 7 11 0.026378231 
639 64 8 10 0.026310496 
912 32 7 8 0.026277713 
510 273 15 19 0.02626112 
306 45 8 9 0.026153494 
969 56 7 9 0.02605878 
495 64 7 9 0.02602763 
705 38 7 9 0.0260259 
32 77 8 10 0.025996301 
440 7 9 10 0.025928669 
6 61 8 10 0.025897253 
585 10 7 9 0.025860956 
545 47 7 8 0.025857888 
887 46 7 9 0.025720524 
909 7 7 9 0.025662532 
335 79 7 8 0.025620876 
698 15 7 10 0.025573295 
574 72 9 11 0.025503622 
143 86 8 11 0.025479224 
6 73 8 10 0.025476025 
262 24 7 9 0.025343712 
862 80 8 10 0.025202809 
607 91 10 13 0.02519775 
454 114 16 18 0.025057223 
837 451 25 28 0.024988364 
342 61 7 9 0.024953524 
78 30 7 10 0.024909183 
2 77 8 12 0.024846142 
711 46 6 9 0.024830947 
542 63 7 10 0.02482062 
257 21 8 10 0.024756555 
553 7 7 9 0.024746934 
205 5 10 11 0.02468467 
992 94 7 9 0.024676703 
546 56 6 9 0.0246452 
64 32 6 8 0.02453678 
504 16 7 8 0.02446648 
480 55 9 12 0.02443021 
389 79 8 10 0.024399163 
160 32 7 9 0.024391754 
394 64 7 9 0.024294946 
904 25 7 8 0.024276283 
939 79 7 8 0.02424457 
128 22 8 9 0.024243793 
2 0 10 12 0.024144921 
440 2 8 8 0.024080656 
269 61 11 13 0.023965817 
15 87 8 10 0.023961479 
604 111 21 27 0.023862915 
519 22 7 9 0.023856862 
166 78 9 12 0.023844926 
840 86 8 9 0.023774024 
287 63 9 11 0.023726908 
339 470 12 13 0.023646405 
709 40 7 9 0.02356253 
737 65 8 9 0.023515085 
652 285 11 15 0.02351037 
48 103 10 12 0.02348116 
94 69 8 11 0.023471827 
849 102 8 9 0.02346298 
920 33 6 8 0.023428196 
407 6 8 9 0.023362208 
455 16 8 10 0.023349661 
625 49 7 10 0.023292566 
943 31 6 8 0.023290696 
104 62 9 10 0.023272261 
79 56 8 9 0.023261625 
1001 79 8 10 0.023261463 
448 172 15 17 0.023239372 
912 16 7 8 0.02320103 
136 2 9 9 0.023198688 
26 15 9 11 0.023196526 
438 28 8 9 0.023168981 
170 6 8 9 0.02315004 
505 37 7 9 0.023140732 
1001 103 8 10 0.02306137 
289 22 8 9 0.023059698 
872 64 6 9 0.0230486 
929 88 7 9 0.023040753 
111 48 8 9 0.022971256 
862 40 8 9 0.022905024 
895 24 8 10 0.02290265 
347 38 6 9 0.022879997 
705 65 10 10 0.022805667 
616 65 7 8 0.022802034 
593 0 7 8 0.022776848 
494 22 7 9 0.022748176 
322 31 7 8 0.022729771 
479 14 7 9 0.022681572 
30 70 8 11 0.02264511 
471 46 7 9 0.022587968 
137 107 21 28 0.02254853 
1004 69 9 10 0.022435658 
937 47 6 8 0.022377001 
558 64 8 9 0.022265078 
353 1 8 8 0.02225801 
592 14 7 8 0.02225717 
504 0 8 8 0.022236327 
985 70 8 10 0.022175852 
574 292 12 16 0.022126274 
650 38 7 9 0.02211119 
680 40 8 9 0.022093043 
385 71 8 10 0.022066401 
58 54 8 9 0.022045555 
615 16 6 8 0.022029748 
951 120 8 10 0.022006406 
954 72 7 10 0.021999054 
35 44 8 11 0.021989707 
601 0 7 7 0.02195541 
716 92 13 15 0.021941634 
303 21 7 9 0.021933824 
140 0 21 25 0.021932073 
999 32 7 8 0.021878337 
366 29 9 9 0.021871483 
909 95 8 9 0.021822581 
501 79 9 12 0.021778615 
502 55 8 9 0.021753188 
959 47 7 8 0.021751134 
705 69 12 15 0.0217363 
6 123 10 13 0.021713005 
314 8 7 8 0.021676067 
320 23 7 9 0.021671528 
33 86 7 10 0.021635434 
990 69 8 10 0.021630464 
111 92 11 14 0.021615203 
737 7 8 10 0.021581428 
678 16 8 9 0.021574652 
673 1 7 8 0.021563943 
747 100 10 14 0.021514485 
679 22 9 10 0.021511937 
632 49 7 9 0.021434981 
361 29 8 10 0.021421619 
344 85 8 11 0.021417076 
863 53 7 9 0.021415586 
490 8 7 10 0.021280685 
506 24 7 9 0.021261636 
641 22 7 9 0.021253034 
600 41 7 9 0.02125 
159 79 10 13 0.021182103 
293 71 8 10 0.021159338 
449 39 8 9 0.021131627 
314 297 30 45 0.021110766 
893 86 7 9 0.021080546 
332 428 21 24 0.02107352 
817 15 8 9 0.021051021 
734 90 21 26 0.021050472 
156 90 12 16 0.021043936 
954 100 8 11 0.02102714 
112 71 9 12 0.02097705 
550 24 7 9 0.020957487 
230 4 9 12 0.020941006 
49 31 7 9 0.020926269 
984 64 8 10 0.020902487 
262 6 8 10 0.020893468 
119 40 8 10 0.020860892 
13 119 9 11 0.020850511 
311 86 9 12 0.020846251 
868 119 11 12 0.020839835 
345 72 7 9 0.0207787 
522 39 7 9 0.020750608 
377 47 7 9 0.020709004 
451 571 14 17 0.020671826 
63 47 8 10 0.02065941 
356 116 12 14 0.020598324 
431 8 8 9 0.020569613 
498 83 9 12 0.020400442 
983 88 7 10 0.020378413 
366 64 7 9 0.020372676 
257 53 8 11 0.02034728 
921 95 6 9 0.020307595 
200 2 10 10 0.020256015 
706 0 7 8 0.020241544 
147 115 13 16 0.02023924 
346 47 7 9 0.020221308 
142 110 13 17 0.020172983 
275 80 17 18 0.020167092 
241 17 7 9 0.020141676 
748 95 8 11 0.0201413 
975 80 7 9 0.020111134 
289 10 7 9 0.020109404 
710 0 8 8 0.020079516 
57 39 7 9 0.020039864 
322 68 8 10 0.020033456 
348 243 447 515 0.020007346 
978 113 8 9 0.020004315 
585 56 8 10 0.02000255 
