37_Soccer_soccer_ball_37_867
213
685 108 49 64 0.9987865 
386 206 33 44 0.9984988 
251 238 48 62 0.99778616 
518 219 48 67 0.99601525 
507 58 52 68 0.9959864 
85 290 29 36 0.98169714 
900 226 42 54 0.93786615 
480 256 26 36 0.45045042 
443 373 15 20 0.33435914 
7 240 8 10 0.21403062 
575 304 37 52 0.12983958 
23 300 9 12 0.12679058 
153 363 12 16 0.12583224 
50 281 8 9 0.119105056 
16 312 9 12 0.113754675 
64 288 10 12 0.11198048 
451 385 18 23 0.10424959 
64 438 12 13 0.09982809 
33 266 8 10 0.098448694 
485 312 15 18 0.093609326 
792 271 8 9 0.08722827 
79 276 9 11 0.0839396 
105 370 13 15 0.08308489 
20 228 10 11 0.0771135 
6 298 9 12 0.0752161 
31 280 9 10 0.07446671 
150 289 8 11 0.06611315 
471 337 16 20 0.065349445 
753 269 15 17 0.063565254 
3 240 8 11 0.06333556 
53 278 8 11 0.062128484 
844 277 10 11 0.06118201 
120 209 8 10 0.06003284 
21 308 10 13 0.059819303 
356 322 26 31 0.05229823 
513 545 38 39 0.05226167 
13 239 8 10 0.0520351 
36 191 391 518 0.051410392 
123 386 13 17 0.051302813 
261 111 8 10 0.05026745 
94 185 8 10 0.049838092 
24 280 8 11 0.04701417 
17 299 11 13 0.04682978 
88 184 8 9 0.04590195 
215 184 7 9 0.044295575 
25 247 8 11 0.044202447 
557 152 47 58 0.04404946 
240 128 8 10 0.04297182 
447 378 19 22 0.042559113 
120 231 8 10 0.042259835 
814 273 9 11 0.04220822 
31 128 6 8 0.041585024 
50 112 6 8 0.041091047 
459 687 13 15 0.04053703 
101 390 10 12 0.04044281 
125 379 26 34 0.04013961 
29 247 9 10 0.039431933 
175 287 10 11 0.03893775 
178 229 7 10 0.038882233 
31 150 6 9 0.037971757 
266 137 8 9 0.037838574 
200 273 8 11 0.037246916 
239 133 9 12 0.036994863 
135 375 27 36 0.03662689 
14 183 7 10 0.03574358 
19 370 13 15 0.03519635 
242 261 9 13 0.03519358 
797 270 8 11 0.035192423 
169 304 9 11 0.035079945 
17 111 8 10 0.03500926 
126 175 8 10 0.03499682 
9 314 10 13 0.034940246 
253 209 9 11 0.034505025 
178 142 8 9 0.034189384 
17 223 10 12 0.033628594 
108 262 9 11 0.033317953 
126 208 7 9 0.032989856 
71 208 8 9 0.032956593 
23 332 12 15 0.032799724 
138 159 8 10 0.03269099 
105 159 7 9 0.03241645 
73 277 9 11 0.032411557 
840 251 12 15 0.03236202 
47 183 8 10 0.032352943 
333 342 10 13 0.032044716 
24 341 13 15 0.032041218 
32 200 8 11 0.031997602 
80 185 7 8 0.03187683 
15 246 7 9 0.031732317 
186 239 8 9 0.031532828 
110 167 7 10 0.031316478 
144 272 8 10 0.0312225 
22 160 9 10 0.03115368 
39 167 7 10 0.030852193 
301 167 10 12 0.030747479 
63 279 9 11 0.030493466 
152 245 9 12 0.030363565 
914 252 33 40 0.030296054 
285 156 8 11 0.030222666 
137 312 9 11 0.030138796 
77 166 9 10 0.03002795 
55 166 8 10 0.029855508 
63 183 7 9 0.029846555 
80 111 7 9 0.029754698 
810 276 10 11 0.029579913 
2 299 9 13 0.029356098 
834 230 8 9 0.029209876 
54 112 7 9 0.02919798 
137 189 7 10 0.028927837 
22 112 7 9 0.028746393 
135 184 8 10 0.028691892 
786 269 8 11 0.028574087 
24 127 8 10 0.02852747 
48 158 8 9 0.028357726 
95 167 8 10 0.028117321 
112 207 8 10 0.028096247 
79 207 8 10 0.028061854 
15 191 8 11 0.028027445 
22 192 7 9 0.027983487 
539 427 14 17 0.027932553 
47 152 8 10 0.027695805 
58 191 8 10 0.027665108 
150 369 12 17 0.027618522 
72 272 9 11 0.02757968 
36 268 9 11 0.02757509 
144 133 8 10 0.027266847 
485 396 10 14 0.02726298 
822 290 12 13 0.02699469 
39 191 7 9 0.026899608 
21 316 10 11 0.026842363 
183 255 8 10 0.02682419 
53 284 9 12 0.026367096 
249 183 7 9 0.026361888 
280 153 8 11 0.026239624 
182 142 8 9 0.026169248 
731 269 10 12 0.02613449 
10 183 7 10 0.025993142 
224 177 7 9 0.02582047 
24 253 9 11 0.025734972 
105 167 8 10 0.025574682 
22 166 9 11 0.025489615 
64 129 7 8 0.025221141 
38 279 9 11 0.025185205 
125 255 9 10 0.024952017 
38 284 9 11 0.024858026 
420 277 14 19 0.024856508 
65 160 7 9 0.024774566 
41 128 7 9 0.024602296 
126 376 11 14 0.024477368 
833 224 8 10 0.024415081 
25 174 9 11 0.024327112 
55 160 7 9 0.024242913 
57 199 7 9 0.024239192 
103 201 8 10 0.02403292 
34 192 6 8 0.023990123 
57 183 8 10 0.023846658 
96 216 8 9 0.023775991 
153 310 10 12 0.02374217 
73 135 8 9 0.023612166 
92 285 15 19 0.023530029 
40 173 7 10 0.023369875 
209 200 7 9 0.023321122 
120 191 8 10 0.02326489 
542 419 13 15 0.023048054 
231 119 8 9 0.023031952 
24 182 8 10 0.022834022 
63 272 7 9 0.022683851 
178 224 8 10 0.022567214 
64 207 9 11 0.022325967 
121 292 12 15 0.022178197 
152 223 8 9 0.022155192 
120 129 7 9 0.022126915 
139 318 9 11 0.022101436 
165 232 8 9 0.021961413 
41 159 7 9 0.021947006 
129 223 7 9 0.021802982 
356 452 14 16 0.021799691 
113 212 8 11 0.021789942 
337 321 11 17 0.021645162 
42 315 13 15 0.02133972 
136 273 9 10 0.021318544 
94 279 12 13 0.021280468 
88 167 8 9 0.021240862 
62 197 8 10 0.021236407 
262 116 9 11 0.021193704 
88 159 7 9 0.02113477 
104 239 8 10 0.021076271 
102 459 12 14 0.021060029 
194 191 7 9 0.021007247 
269 141 8 9 0.020974642 
126 231 8 10 0.020970456 
45 485 13 19 0.02093062 
25 262 8 10 0.02092979 
62 191 8 11 0.020885305 
47 135 7 8 0.020857278 
191 260 7 10 0.020820564 
192 143 7 9 0.020764293 
61 436 23 25 0.020748574 
79 135 7 10 0.020708991 
182 230 7 10 0.020618701 
90 189 8 10 0.02056844 
254 149 8 11 0.020541014 
161 175 9 12 0.020447494 
136 223 8 10 0.020427203 
839 273 11 12 0.020347683 
281 127 8 10 0.020279426 
233 160 8 10 0.020231046 
145 112 7 9 0.020196144 
129 246 8 11 0.020181721 
147 364 23 31 0.020131271 
129 238 8 10 0.02010221 
96 160 7 9 0.020070035 
46 246 8 10 0.020035418 
