37_Soccer_soccer_ball_37_88
20
519 164 62 66 0.99362445 
642 28 22 29 0.9895433 
380 171 50 50 0.9538565 
86 32 21 26 0.85006285 
301 6 24 30 0.84633154 
195 21 16 21 0.7639546 
937 9 15 18 0.39970583 
601 57 26 30 0.071132064 
319 102 11 13 0.054326124 
125 173 12 16 0.050383333 
419 160 31 42 0.045745227 
365 148 30 44 0.036190648 
676 155 12 16 0.03567687 
181 88 9 11 0.029716095 
507 149 54 61 0.029271504 
158 93 10 11 0.022514645 
103 129 13 16 0.022051465 
930 29 43 58 0.021134574 
177 93 10 12 0.020421932 
684 157 12 15 0.020053037 
