37_Soccer_soccer_ball_37_114
45
364 162 29 36 0.9997353 
683 258 30 37 0.99969316 
411 242 30 37 0.9995372 
506 345 31 41 0.99947494 
240 259 29 36 0.9994417 
891 255 32 38 0.9994166 
500 232 30 38 0.9993376 
443 152 27 33 0.9992537 
774 253 28 34 0.9992199 
291 165 27 34 0.9990896 
125 150 28 34 0.99908555 
832 161 29 35 0.9988814 
603 274 30 38 0.9988399 
136 368 35 42 0.9986174 
609 156 29 35 0.9985921 
642 354 36 44 0.9985337 
756 363 35 43 0.99850595 
265 363 33 41 0.99827397 
74 255 28 34 0.998256 
740 157 29 35 0.99821186 
160 260 30 34 0.997825 
327 245 30 36 0.9975846 
675 156 26 32 0.9973641 
386 351 33 41 0.9971781 
521 153 27 31 0.99675924 
218 176 27 32 0.98944354 
199 388 22 29 0.109056495 
846 356 27 38 0.0976432 
65 333 43 51 0.0627518 
550 363 24 29 0.04862552 
886 373 32 36 0.04554221 
856 364 26 36 0.043680184 
247 375 24 31 0.042156875 
300 273 20 24 0.034529652 
464 316 22 28 0.0317457 
868 379 16 20 0.031652626 
360 382 26 31 0.031077126 
864 376 28 31 0.030771898 
202 383 17 20 0.0272429 
781 321 38 49 0.026317889 
536 370 26 32 0.02449248 
229 162 24 34 0.023909722 
202 397 24 33 0.023434822 
837 150 28 33 0.022064256 
942 365 15 20 0.021567862 
