37_Soccer_soccer_ball_37_643
52
332 87 55 84 0.99942267 
739 42 58 79 0.9988399 
88 172 26 31 0.6195031 
109 218 30 37 0.57291484 
26 157 26 32 0.36032438 
986 312 30 40 0.27590477 
887 6 27 31 0.21831743 
808 1 24 28 0.2148024 
279 82 35 61 0.18905511 
-1 186 25 34 0.15574987 
260 142 23 32 0.102970794 
543 57 30 33 0.09457116 
0 237 26 46 0.07925294 
234 0 26 28 0.072621875 
526 155 45 54 0.07070417 
125 148 25 33 0.06897784 
623 94 31 36 0.058567297 
202 41 19 25 0.058522798 
951 157 23 27 0.05609318 
549 46 43 51 0.05200018 
445 70 23 27 0.04711432 
616 161 29 32 0.045088053 
11 335 33 40 0.044964172 
50 261 30 35 0.044514604 
180 251 29 34 0.040629014 
947 62 27 34 0.03874344 
596 209 26 32 0.038599756 
162 59 19 23 0.03782548 
653 127 40 54 0.037086774 
529 136 33 39 0.03538383 
550 317 48 57 0.03421987 
193 195 28 32 0.032590076 
96 75 25 29 0.031428993 
48 -1 19 15 0.03137621 
844 32 26 32 0.030518867 
181 73 39 47 0.029037612 
550 20 25 29 0.028489843 
464 236 48 64 0.028165692 
634 38 42 56 0.027304476 
405 128 29 34 0.026333246 
0 -3 15 22 0.025622968 
0 147 14 22 0.02517095 
187 97 17 21 0.024460783 
628 1 18 22 0.023894908 
979 142 24 29 0.023011575 
832 24 44 55 0.021640517 
13 0 32 27 0.021532763 
-1 229 13 23 0.021523988 
977 291 45 69 0.021505168 
345 81 33 43 0.021154732 
471 229 34 43 0.021112269 
443 67 40 49 0.020298215 
