37_Soccer_soccer_ball_37_818
21
52 56 126 183 0.9988788 
641 3 82 108 0.99734855 
560 97 62 84 0.996029 
477 60 64 87 0.53878593 
793 155 97 127 0.53559065 
41 384 266 293 0.18765533 
257 8 399 489 0.10516505 
130 157 332 420 0.04422739 
381 589 35 56 0.042417753 
512 239 336 458 0.04195754 
526 80 70 97 0.041859686 
209 335 339 436 0.031644695 
213 406 98 125 0.031433977 
820 466 105 117 0.02866607 
340 36 227 302 0.02764406 
738 74 176 222 0.02694583 
406 137 57 67 0.024226297 
755 489 63 81 0.02121622 
722 16 51 69 0.02032995 
500 86 55 75 0.020194927 
616 4 60 85 0.020193286 
