37_Soccer_soccer_ball_37_698
30
42 388 83 101 0.97653633 
889 453 48 59 0.96345025 
683 456 45 61 0.93044674 
500 473 72 89 0.92706114 
302 451 108 142 0.86408 
618 350 27 38 0.10840187 
744 454 39 51 0.080636166 
593 346 26 38 0.06565888 
711 455 46 60 0.049167413 
203 330 41 53 0.0446173 
616 691 11 15 0.04333214 
301 513 111 142 0.043246694 
710 529 46 56 0.04112225 
596 534 11 14 0.037931032 
852 435 40 49 0.036201086 
760 472 26 36 0.034054115 
551 710 11 13 0.029117651 
216 437 39 53 0.028153837 
839 445 37 47 0.026635714 
774 467 28 36 0.026467085 
773 504 15 17 0.026453063 
690 489 48 67 0.026378037 
145 365 9 12 0.024586154 
788 470 24 30 0.021932472 
598 351 40 53 0.02176517 
840 495 45 51 0.021585073 
149 359 8 10 0.02132633 
816 461 27 35 0.020962989 
672 539 42 50 0.020751119 
785 534 26 31 0.020518845 
