15_Stock_Market_Stock_Market_15_313
28
286 120 40 45 0.97146916 
891 481 28 41 0.30950293 
957 170 47 69 0.15917963 
138 240 29 34 0.11032067 
617 148 37 42 0.09002925 
269 100 46 60 0.088876195 
800 360 52 74 0.074660696 
846 322 46 73 0.06262555 
867 313 52 77 0.05810001 
864 103 9 11 0.057462245 
879 465 50 62 0.051101737 
260 108 29 39 0.04293239 
906 90 12 15 0.042669304 
938 93 10 12 0.04110095 
825 354 49 70 0.04028559 
892 336 51 73 0.039208315 
205 181 31 32 0.036988985 
603 149 33 38 0.03688549 
10 350 102 150 0.032031532 
596 185 39 48 0.030520057 
781 367 52 78 0.02792085 
55 171 23 30 0.026744267 
65 303 53 61 0.02674313 
60 66 16 19 0.024264993 
811 352 32 43 0.023010664 
835 315 81 115 0.021745738 
837 111 24 31 0.02080247 
987 252 39 79 0.020289892 
