15_Stock_Market_Stock_Market_15_542
19
482 301 34 44 0.9997218 
617 281 34 44 0.9996617 
223 276 31 39 0.9996264 
381 273 33 42 0.99894196 
284 317 34 44 0.9981468 
877 250 47 56 0.99703765 
141 280 33 39 0.9949675 
766 236 39 47 0.9847638 
350 261 14 17 0.04231486 
178 321 25 33 0.034989025 
716 232 11 13 0.02754253 
267 491 47 28 0.02498523 
347 236 10 12 0.023964927 
680 214 10 12 0.022743102 
740 276 13 14 0.021955952 
142 194 12 14 0.02170653 
908 215 30 35 0.020302678 
613 423 11 13 0.020301683 
19 3 169 224 0.020153679 
