15_Stock_Market_Stock_Market_15_286
69
691 128 90 118 0.998912 
621 215 58 76 0.99760216 
487 248 38 45 0.8923525 
566 272 25 30 0.38011068 
912 252 47 58 0.21331164 
558 507 42 54 0.19806454 
377 86 17 21 0.14290233 
302 218 46 54 0.10324944 
468 109 14 17 0.083226845 
486 240 27 33 0.068343416 
606 96 388 449 0.06457608 
380 246 13 17 0.060881488 
568 276 15 17 0.058407206 
530 413 24 33 0.055880345 
528 283 490 479 0.053184953 
323 216 16 19 0.05133176 
505 247 28 36 0.046949178 
309 212 13 16 0.04640114 
580 488 15 17 0.045287795 
382 110 13 16 0.04455794 
477 180 14 17 0.043664932 
310 215 25 27 0.041729085 
431 156 10 14 0.040343594 
989 44 14 18 0.03966878 
861 146 15 17 0.03964514 
212 241 52 46 0.038972598 
295 204 11 15 0.038939256 
882 582 63 57 0.037778277 
456 438 10 14 0.037667856 
916 224 31 32 0.03693873 
386 371 16 18 0.03692643 
438 195 13 15 0.036388643 
856 142 27 28 0.034614068 
316 221 27 31 0.034014925 
401 240 10 12 0.032975316 
317 230 46 55 0.029821482 
469 98 15 16 0.029802885 
420 225 27 33 0.029293956 
374 5 15 17 0.028262716 
301 206 11 15 0.027987635 
930 228 17 19 0.027891684 
678 186 34 51 0.027846258 
814 219 37 50 0.027526207 
539 420 13 20 0.026898894 
112 372 42 49 0.02647359 
399 252 27 32 0.026324512 
469 185 15 17 0.024873566 
332 227 15 19 0.02453744 
495 234 27 33 0.024402682 
867 204 46 60 0.024270205 
212 620 62 61 0.024214273 
92 391 14 18 0.024015883 
567 270 41 50 0.023821764 
518 82 27 32 0.023812637 
558 408 13 15 0.023552345 
546 407 22 32 0.023325348 
531 577 27 30 0.023071188 
426 228 16 19 0.022977317 
557 504 30 35 0.02267283 
857 586 104 89 0.022637617 
445 175 12 15 0.022419294 
520 404 44 57 0.021571757 
482 227 29 32 0.02138594 
573 388 10 14 0.021132361 
376 70 10 15 0.020814983 
576 404 11 15 0.020308858 
305 204 23 27 0.02029963 
777 159 36 44 0.020225378 
394 285 26 35 0.020013502 
