15_Stock_Market_Stock_Market_15_554
28
497 198 87 117 0.99864215 
230 69 163 204 0.99352795 
332 112 99 128 0.98806155 
-3 157 74 136 0.75877064 
701 220 21 36 0.5703634 
685 212 28 41 0.24314606 
640 256 46 56 0.109791264 
112 168 29 36 0.09730321 
750 252 11 17 0.07282818 
690 210 18 25 0.061319336 
17 343 253 344 0.053048708 
631 363 49 62 0.04719743 
791 213 12 15 0.043399688 
663 360 52 63 0.043116376 
799 39 150 156 0.037845828 
675 226 31 37 0.033448793 
113 153 47 60 0.03261659 
751 220 43 59 0.032531794 
709 228 21 33 0.030784015 
635 510 124 120 0.025692124 
570 190 30 45 0.02553578 
679 222 45 53 0.024608957 
594 138 50 64 0.024156177 
743 247 21 26 0.02375733 
582 158 50 66 0.023661591 
660 334 87 113 0.023463076 
815 117 41 43 0.020561948 
990 364 32 42 0.020390762 
