0_Parade_marchingband_1_465
930
677 184 12 15 0.52709293 
592 236 12 14 0.51429874 
81 303 9 12 0.45075157 
900 143 8 11 0.44819766 
997 198 10 12 0.4450193 
662 246 9 11 0.41968998 
320 166 11 13 0.39095584 
430 149 12 14 0.3859542 
877 174 9 12 0.37426442 
503 70 9 12 0.37309995 
232 158 9 12 0.36703864 
110 171 11 14 0.3641024 
72 181 11 13 0.36350003 
543 118 10 12 0.3576587 
129 167 8 11 0.34946302 
72 236 9 13 0.33373845 
977 173 9 12 0.3291979 
46 301 8 11 0.32887736 
127 236 8 10 0.31158587 
89 229 10 14 0.29989597 
626 237 9 12 0.29478654 
520 256 10 12 0.28193563 
1009 255 9 11 0.27565414 
608 208 9 12 0.25730103 
990 294 10 13 0.25236556 
1004 159 11 13 0.25014874 
534 165 8 10 0.2464265 
173 157 8 10 0.24350631 
327 157 11 13 0.23947918 
945 175 9 11 0.23375174 
848 159 8 10 0.23082268 
624 281 9 10 0.23012616 
169 224 8 11 0.22707258 
608 254 9 11 0.22287886 
707 91 13 15 0.22035407 
877 222 12 16 0.2193284 
214 179 10 13 0.2192344 
106 602 18 17 0.21422009 
656 143 8 11 0.21418574 
550 96 8 9 0.2084474 
792 166 8 10 0.20580216 
734 240 7 9 0.20335396 
285 134 10 12 0.19591483 
920 180 9 10 0.19355713 
957 139 11 13 0.19231181 
502 143 11 13 0.1917844 
528 166 9 11 0.18903734 
918 175 9 12 0.18888457 
722 201 10 12 0.18866658 
252 112 12 15 0.182821 
7 263 8 10 0.1803517 
918 150 8 10 0.17811316 
989 156 9 11 0.17720313 
195 159 8 10 0.17613253 
928 235 9 12 0.17604153 
178 189 8 12 0.17232846 
920 144 8 9 0.16673681 
504 182 10 13 0.16599098 
508 115 9 12 0.1622816 
839 141 8 10 0.16154562 
525 254 8 11 0.16134012 
69 205 12 14 0.16102244 
568 149 9 10 0.15969425 
765 198 12 14 0.1587472 
615 119 10 11 0.15685023 
552 103 9 11 0.15566498 
925 231 10 12 0.15495776 
625 251 9 12 0.15458713 
873 143 9 11 0.15295243 
873 166 9 10 0.14570217 
548 173 10 13 0.1453447 
894 166 11 14 0.14166589 
697 237 9 11 0.14111386 
816 206 9 12 0.13952336 
982 248 11 14 0.13716272 
663 240 8 11 0.13624415 
637 142 14 16 0.1359692 
615 246 9 12 0.13513534 
580 94 9 11 0.13391133 
831 175 9 11 0.13170168 
669 256 7 10 0.12941566 
479 101 8 10 0.12859873 
599 179 9 12 0.12820129 
949 149 11 15 0.1280325 
237 180 9 11 0.12786298 
678 168 10 12 0.1276956 
630 245 9 13 0.12668906 
535 101 8 10 0.12653036 
913 174 8 11 0.12561291 
116 191 11 13 0.12540232 
231 181 9 12 0.124877356 
487 143 8 11 0.12324387 
465 94 8 11 0.12176187 
869 199 10 12 0.1212871 
814 169 7 9 0.12120802 
552 109 9 11 0.11992793 
509 111 10 11 0.11918022 
1 270 9 13 0.117987186 
314 210 12 15 0.11754927 
913 168 8 10 0.11708761 
374 47 8 11 0.11602663 
639 247 8 10 0.11369835 
800 205 8 11 0.11350433 
830 182 8 12 0.112979114 
469 207 9 13 0.11291679 
471 95 9 11 0.11258847 
520 165 9 11 0.10857138 
983 193 8 11 0.10802339 
158 165 8 11 0.10788044 
790 199 7 10 0.107427366 
676 272 8 11 0.10729937 
498 217 15 17 0.106308356 
312 183 11 15 0.10538344 
207 159 9 10 0.105226435 
972 294 9 12 0.10519481 
656 246 9 11 0.105106086 
585 209 16 17 0.104273885 
902 173 9 11 0.10400456 
831 158 9 11 0.103186525 
665 254 9 10 0.103014596 
520 128 10 12 0.10224461 
288 115 13 14 0.10201212 
5 270 9 12 0.10183214 
1009 207 10 13 0.10168279 
663 160 8 10 0.10166091 
880 216 9 11 0.101573035 
853 134 8 10 0.09993313 
576 247 10 14 0.099406615 
664 262 8 11 0.09840887 
974 158 9 12 0.09810781 
876 168 8 11 0.097953975 
549 144 8 11 0.09781021 
427 205 11 13 0.09779811 
47 278 8 10 0.09726078 
577 158 8 10 0.09693614 
485 173 8 11 0.09687427 
936 175 8 10 0.096797995 
506 47 9 11 0.09620693 
876 148 9 10 0.09615781 
768 272 9 11 0.09591333 
134 257 12 13 0.09529592 
894 159 8 10 0.09513075 
827 222 9 11 0.09499075 
29 236 12 16 0.09498867 
594 167 7 9 0.09487519 
496 148 11 14 0.09450234 
348 241 11 16 0.09408923 
683 132 10 11 0.09392716 
796 134 9 10 0.09386075 
86 256 9 12 0.09369601 
224 182 9 12 0.09347693 
955 146 13 16 0.092107676 
524 126 10 12 0.09174232 
595 232 10 13 0.09172043 
874 228 11 12 0.09085645 
837 206 10 13 0.0898231 
520 247 10 12 0.087975785 
841 183 9 11 0.08792641 
261 166 8 12 0.08769666 
990 310 13 16 0.08737338 
911 240 8 10 0.08701142 
558 232 7 9 0.08697649 
550 168 9 10 0.0869391 
582 157 8 11 0.086733915 
704 265 8 10 0.08671731 
672 276 11 13 0.08637861 
81 255 8 11 0.08624031 
544 113 10 12 0.086004555 
838 151 7 9 0.08506816 
32 198 9 11 0.084480405 
217 115 11 14 0.08445879 
518 205 9 11 0.08428603 
702 246 8 11 0.08387155 
832 214 9 11 0.08382382 
427 212 11 13 0.08366718 
581 245 9 14 0.083579816 
1 287 9 13 0.08342801 
902 224 9 11 0.08300761 
137 221 9 12 0.0829415 
567 144 9 11 0.08236968 
232 272 10 12 0.0822597 
560 124 9 11 0.082002364 
606 221 9 11 0.08140248 
468 175 11 14 0.08046309 
101 246 9 11 0.08002239 
794 173 8 10 0.07936526 
534 136 8 10 0.07922592 
855 149 8 10 0.07916293 
512 103 8 10 0.079045504 
349 218 11 13 0.07901195 
192 192 8 10 0.07827485 
1003 295 10 12 0.078174524 
237 272 9 11 0.07774454 
559 237 8 10 0.07753408 
487 236 9 12 0.07744857 
70 198 11 14 0.07721707 
965 182 9 12 0.07696785 
473 159 9 11 0.07694657 
229 249 9 10 0.0767528 
95 255 10 13 0.076101676 
913 157 9 11 0.07606412 
870 160 10 10 0.07573652 
641 261 8 10 0.07564158 
479 120 8 10 0.075532496 
88 224 9 12 0.07414499 
177 185 8 10 0.07395068 
934 236 9 12 0.07385557 
814 186 10 13 0.07384276 
463 262 11 13 0.07359158 
600 220 10 12 0.073465854 
330 149 12 15 0.07333156 
669 261 9 10 0.07295224 
702 231 8 11 0.0726918 
504 52 7 10 0.072529174 
527 248 8 11 0.07246358 
606 199 8 10 0.07219955 
824 183 9 13 0.072120935 
583 152 10 12 0.071761124 
60 201 14 17 0.07155319 
521 143 9 11 0.070971705 
198 220 9 11 0.07068062 
575 151 8 11 0.070491046 
55 319 8 9 0.06979534 
519 238 9 11 0.06947135 
945 151 9 13 0.069469064 
464 178 11 13 0.069385596 
657 147 9 11 0.06875701 
254 132 9 11 0.06848503 
974 167 11 13 0.06776746 
222 135 9 10 0.06752399 
617 263 8 10 0.067149326 
392 95 10 13 0.067107536 
661 269 9 13 0.066659175 
583 142 9 11 0.06654472 
455 112 10 14 0.06641451 
519 229 9 12 0.06634309 
427 221 10 13 0.06603351 
632 160 9 12 0.06598895 
209 152 7 9 0.06586724 
952 141 11 13 0.06531468 
647 253 10 12 0.0653014 
600 167 7 9 0.06518625 
695 245 10 12 0.06514934 
558 199 7 9 0.06506723 
567 166 8 10 0.064963825 
127 195 11 15 0.0649541 
227 252 12 16 0.064907834 
599 255 8 10 0.064869456 
855 143 10 12 0.06476195 
878 192 8 11 0.064724974 
928 280 8 10 0.06429692 
545 95 8 10 0.06403678 
878 135 7 9 0.06400899 
897 222 9 12 0.06387519 
84 284 11 13 0.06362992 
221 141 9 13 0.06330547 
956 156 10 11 0.063269794 
942 230 8 11 0.06309558 
157 161 7 9 0.06297327 
628 232 8 11 0.06290309 
664 276 9 12 0.062569566 
961 190 9 12 0.06254469 
680 146 10 12 0.062506065 
546 148 9 12 0.062293194 
985 141 8 10 0.061935607 
582 135 10 12 0.061588254 
174 237 8 11 0.061398357 
984 155 10 13 0.061298013 
160 263 7 9 0.060003385 
901 147 8 11 0.05983813 
793 213 8 10 0.05949005 
527 180 10 13 0.05920226 
77 230 9 13 0.05915019 
129 311 6 8 0.059008043 
101 232 9 10 0.058925238 
101 239 8 11 0.05875042 
697 189 8 12 0.058610823 
431 176 10 12 0.05846936 
477 97 9 10 0.05835545 
866 165 7 9 0.057884842 
424 118 9 12 0.057809353 
865 200 9 12 0.057782292 
425 102 9 11 0.057728432 
960 173 10 13 0.057657856 
696 169 7 10 0.057534892 
696 253 8 9 0.057364143 
22 320 9 11 0.057194423 
492 110 10 11 0.05710143 
654 193 10 11 0.05708911 
118 303 9 11 0.056848127 
616 141 9 11 0.056620553 
492 125 10 13 0.056393903 
493 93 11 13 0.05612507 
478 246 8 11 0.056027465 
684 142 9 12 0.055494644 
833 153 9 10 0.05488514 
810 187 9 11 0.054863807 
103 260 9 11 0.05475946 
197 192 8 10 0.054523908 
998 180 10 11 0.05436109 
465 210 9 12 0.05407262 
95 236 10 12 0.054020904 
581 100 9 11 0.053824585 
983 239 8 11 0.053554133 
567 245 9 14 0.05326147 
111 254 8 11 0.05307823 
833 164 10 13 0.052986037 
792 206 8 10 0.052728284 
598 189 10 13 0.052613255 
644 142 10 12 0.052529316 
850 127 9 11 0.05246089 
669 247 9 10 0.052289262 
649 160 9 11 0.051878035 
165 197 8 11 0.05185325 
486 148 10 12 0.05179456 
590 124 13 15 0.051769577 
487 110 9 11 0.051633276 
977 251 11 15 0.051359795 
225 159 9 11 0.05113368 
466 257 8 10 0.05075271 
974 206 10 11 0.05069442 
513 255 9 11 0.050651982 
689 247 8 10 0.050609827 
493 101 10 12 0.050521307 
936 151 9 12 0.050435692 
112 286 8 9 0.05038573 
372 114 12 14 0.05033971 
35 237 12 14 0.050291717 
536 85 7 9 0.050230805 
890 164 10 12 0.05022499 
814 173 8 10 0.05017756 
502 155 9 12 0.049853835 
882 220 12 16 0.049842957 
589 151 8 11 0.049798455 
924 224 10 12 0.049763728 
993 316 15 16 0.049661953 
565 263 10 11 0.04966096 
525 118 10 13 0.04963437 
550 252 8 11 0.049599078 
25 221 10 14 0.049473435 
33 202 11 14 0.049151123 
622 175 7 9 0.04914743 
518 110 8 10 0.049004987 
704 168 8 10 0.048846666 
112 177 11 14 0.048838526 
826 158 8 11 0.048800875 
0 329 9 15 0.048798714 
484 508 17 20 0.04870914 
732 146 11 14 0.048357878 
62 210 14 17 0.048228245 
505 64 7 11 0.048100397 
328 215 12 14 0.048008576 
235 152 13 16 0.047802906 
167 240 9 11 0.04778803 
1010 143 7 9 0.047687992 
769 180 8 10 0.047600333 
294 254 11 13 0.0474987 
673 167 9 11 0.047351502 
966 172 10 14 0.04726735 
839 201 9 11 0.04710319 
689 253 8 11 0.04710295 
770 159 7 9 0.04708922 
991 174 10 13 0.047067694 
373 64 10 12 0.04704174 
216 149 8 10 0.046774957 
607 160 8 9 0.046770345 
184 280 7 9 0.046571955 
601 77 9 12 0.04622944 
911 180 10 11 0.046227723 
601 160 7 9 0.0459281 
224 269 9 13 0.045890998 
567 187 11 13 0.045855734 
122 237 9 12 0.04579944 
53 277 8 10 0.045759533 
978 237 8 12 0.045702122 
175 279 8 11 0.045649823 
721 261 8 11 0.04560852 
936 232 9 12 0.0453842 
558 119 10 12 0.04534444 
528 161 9 11 0.045213554 
0 276 10 15 0.045048136 
988 250 11 14 0.04487514 
513 96 8 9 0.044798285 
528 96 9 11 0.044707596 
861 222 9 11 0.044357616 
806 206 10 12 0.044235162 
600 195 10 12 0.04416784 
661 197 9 12 0.044108603 
481 142 9 12 0.04410275 
896 147 10 12 0.044075962 
1012 213 10 13 0.044069026 
325 68 15 17 0.043958843 
947 178 10 13 0.043860946 
606 165 7 9 0.04379863 
623 141 8 12 0.043786235 
534 271 8 11 0.043634333 
593 256 10 11 0.043623548 
41 297 9 12 0.043591827 
810 175 9 10 0.043553837 
552 160 8 10 0.04345096 
559 191 8 11 0.04344668 
993 180 9 12 0.043308195 
526 149 8 10 0.04330409 
969 166 10 13 0.042934004 
5 576 40 55 0.042896766 
577 135 8 10 0.04270387 
565 95 9 10 0.042681053 
703 159 7 8 0.042636514 
937 179 9 12 0.042471923 
548 117 9 12 0.04234191 
825 177 9 11 0.042248983 
532 247 9 11 0.04222077 
486 244 10 13 0.042072333 
661 144 8 11 0.0420559 
710 264 7 8 0.042048298 
734 244 8 10 0.04193878 
258 157 9 11 0.041788694 
966 205 11 13 0.04175896 
993 290 20 23 0.0417242 
488 120 9 11 0.041677844 
13 270 9 11 0.041523203 
546 253 8 10 0.041519277 
745 198 8 10 0.0414206 
88 349 8 10 0.04136537 
559 174 8 10 0.041250736 
663 232 8 11 0.041031417 
365 248 8 9 0.04095175 
958 205 11 14 0.040836226 
936 142 9 10 0.040829588 
498 72 8 11 0.04074006 
975 178 10 13 0.040468358 
937 136 7 9 0.040405504 
1013 247 9 14 0.040235348 
936 199 10 13 0.04009325 
727 268 9 11 0.040045433 
116 181 11 13 0.039938487 
112 596 18 20 0.039854664 
1005 152 10 11 0.03984695 
552 192 8 10 0.039739452 
940 203 10 13 0.039654925 
783 175 7 9 0.039628293 
553 198 8 10 0.039124306 
785 203 9 11 0.03907328 
207 143 9 11 0.038831167 
161 239 9 13 0.038812336 
836 166 11 12 0.038802586 
166 192 8 10 0.038784724 
921 236 9 12 0.038755506 
119 308 8 10 0.03873577 
80 320 8 10 0.038619358 
436 155 10 13 0.03860201 
1006 199 9 11 0.038569164 
998 245 9 12 0.038526792 
975 152 9 12 0.038453676 
925 142 8 10 0.03807744 
872 178 12 14 0.03784888 
1000 212 10 13 0.037694577 
529 101 10 11 0.037691772 
597 132 9 12 0.037677627 
1000 253 10 13 0.037670556 
632 142 12 15 0.037610944 
196 162 11 13 0.037569318 
621 264 9 10 0.037495565 
1003 234 15 17 0.03739056 
966 198 9 11 0.037356433 
1005 268 10 12 0.037350114 
574 142 9 11 0.037261013 
960 197 9 11 0.037221618 
873 137 9 9 0.037079487 
1014 220 10 14 0.037069608 
512 247 8 11 0.03700437 
377 150 10 12 0.036997758 
951 228 10 12 0.03682042 
864 182 9 13 0.03672364 
508 68 9 13 0.03671536 
664 286 8 10 0.036503416 
411 134 15 18 0.0364883 
111 295 9 11 0.03644685 
52 350 10 11 0.036351923 
198 153 8 10 0.03633666 
-1 243 8 14 0.036291882 
720 256 7 10 0.036214713 
237 255 11 14 0.036210235 
749 198 8 11 0.03620874 
959 240 8 11 0.03610744 
161 192 9 11 0.035999518 
592 260 9 11 0.03599667 
84 270 12 13 0.03578329 
175 285 9 10 0.035782646 
575 165 8 10 0.035782136 
625 159 8 11 0.035580035 
479 125 9 11 0.035560656 
620 116 10 13 0.03553907 
521 175 8 11 0.03547284 
515 260 8 10 0.035401136 
527 174 9 12 0.035385232 
423 123 9 13 0.03531655 
793 182 8 10 0.035278235 
152 286 8 10 0.035269175 
886 173 9 13 0.035254203 
704 223 8 11 0.03510117 
927 151 9 12 0.03505625 
92 225 9 11 0.035028376 
898 137 8 10 0.034999613 
497 156 9 11 0.034977023 
656 122 12 15 0.034974016 
849 152 8 10 0.034875613 
1014 309 10 14 0.03486059 
286 127 12 14 0.03481015 
569 158 10 11 0.034752954 
14 278 9 12 0.034742177 
710 239 8 11 0.034718525 
46 307 9 11 0.034636747 
1000 152 9 10 0.034614615 
221 149 9 10 0.034606386 
751 205 8 11 0.034512084 
608 259 9 11 0.034440376 
94 283 9 13 0.034408342 
499 180 9 13 0.03434578 
553 238 8 10 0.03430764 
873 190 10 12 0.034304123 
567 206 9 11 0.034294136 
1006 173 11 13 0.034278654 
588 86 10 11 0.034268588 
708 229 9 11 0.034202546 
502 35 10 12 0.034166753 
750 271 10 11 0.034116432 
28 227 13 16 0.034040123 
974 269 9 13 0.033859428 
1014 142 7 10 0.03382561 
871 261 10 14 0.03382421 
497 176 8 11 0.03378608 
977 245 20 25 0.033774696 
525 133 9 11 0.033734653 
193 153 8 9 0.033635754 
708 207 9 11 0.033621218 
177 194 10 13 0.033515744 
2 262 9 13 0.033333905 
535 141 9 11 0.033319157 
376 105 10 12 0.033271104 
208 163 9 11 0.033256892 
345 77 9 13 0.03320335 
121 230 10 12 0.033048663 
239 188 10 12 0.03302543 
623 126 10 12 0.033012316 
773 166 8 10 0.032995082 
607 126 8 11 0.032989424 
917 156 9 11 0.03297533 
501 204 10 12 0.03292841 
641 255 8 11 0.032844674 
669 160 9 11 0.03280753 
930 264 8 11 0.03273968 
23 260 10 13 0.03272852 
502 235 10 12 0.032687813 
567 125 9 10 0.032670993 
246 139 11 14 0.032650687 
1006 258 10 13 0.032632433 
118 169 11 12 0.03262216 
654 252 9 11 0.032604814 
733 191 9 11 0.032506023 
614 149 9 11 0.03239235 
39 282 10 13 0.032390673 
1007 247 11 13 0.03238623 
102 254 10 13 0.032384988 
221 125 9 12 0.032355126 
511 176 8 11 0.032346755 
502 247 9 12 0.032293763 
611 212 9 12 0.032163925 
345 165 8 11 0.03211369 
1014 283 10 15 0.032101896 
461 112 9 12 0.03202132 
169 253 8 11 0.032009907 
585 236 10 14 0.031953637 
84 277 12 15 0.03193845 
593 275 9 12 0.031848576 
132 196 11 14 0.031778358 
709 109 11 13 0.031741608 
641 204 9 12 0.03157794 
951 238 8 11 0.031498406 
866 160 8 10 0.031445414 
977 191 8 10 0.031415757 
75 203 12 15 0.03133695 
609 142 8 10 0.0312725 
634 606 45 63 0.031226927 
208 189 9 12 0.031196823 
172 228 9 12 0.031189905 
526 111 9 10 0.031093234 
734 167 7 9 0.031028336 
943 223 10 13 0.031025866 
930 270 8 9 0.030959569 
561 143 8 11 0.0309106 
709 246 8 11 0.030909339 
953 136 10 12 0.030753637 
217 134 10 11 0.030637577 
929 198 9 12 0.030573662 
671 127 12 14 0.030516764 
328 182 10 13 0.030461317 
246 183 8 10 0.030403474 
5 327 11 13 0.030374357 
173 244 10 12 0.030311955 
600 212 10 14 0.03028356 
85 294 10 13 0.030275363 
103 269 9 10 0.030100288 
255 151 10 13 0.030036423 
837 158 9 10 0.029913323 
863 143 9 11 0.029865162 
128 162 9 11 0.029842766 
423 110 10 12 0.029824972 
996 202 13 15 0.02981439 
561 149 8 10 0.029775627 
685 166 8 11 0.029688992 
685 188 9 12 0.029673077 
419 139 12 17 0.029525328 
477 157 9 12 0.02947402 
137 295 8 11 0.029470935 
603 181 9 11 0.029430063 
762 264 7 8 0.029417902 
538 118 10 12 0.029375535 
170 279 8 11 0.029352717 
991 192 10 13 0.029331801 
511 132 9 11 0.029310754 
790 192 8 9 0.029308703 
639 271 8 10 0.029257474 
464 274 12 14 0.029251428 
959 168 10 13 0.029248213 
127 244 9 12 0.029240286 
648 199 8 10 0.029237086 
648 248 10 12 0.029201783 
729 136 10 12 0.02915974 
613 158 9 10 0.029149901 
560 245 11 14 0.029139401 
624 133 10 13 0.029129645 
85 307 9 11 0.029126577 
509 51 9 11 0.029071687 
504 252 8 11 0.029068248 
430 247 13 16 0.02906125 
957 227 9 11 0.02903982 
543 159 8 11 0.028908215 
704 117 11 13 0.028877204 
889 160 9 10 0.028854642 
388 211 9 12 0.028809672 
654 159 9 11 0.028783841 
703 252 8 9 0.028775794 
54 294 9 11 0.02856013 
754 651 12 14 0.02854237 
87 320 8 9 0.028541435 
847 141 10 11 0.028429262 
25 543 8 10 0.028428026 
704 96 13 16 0.02842504 
927 156 10 12 0.028319795 
565 101 10 12 0.028297039 
127 183 10 12 0.028283142 
674 171 9 12 0.02824756 
551 89 8 10 0.02816368 
382 157 9 12 0.028135758 
334 245 9 12 0.028130218 
432 263 9 11 0.028103383 
159 170 10 13 0.028082075 
751 94 8 11 0.028067492 
783 182 8 9 0.028057722 
521 179 10 13 0.028043786 
739 115 12 14 0.02793896 
942 135 8 10 0.027876304 
989 240 11 13 0.027843868 
871 254 9 12 0.027797576 
606 227 10 12 0.027748963 
1007 179 9 12 0.027722416 
470 141 9 13 0.02772096 
120 246 9 11 0.027685465 
844 187 10 12 0.02762525 
478 205 10 13 0.027590066 
977 199 9 11 0.027485257 
424 95 10 11 0.027400156 
480 167 9 12 0.027394213 
535 125 9 11 0.027351258 
0 308 7 13 0.027340403 
470 254 8 10 0.027323252 
473 100 9 10 0.027246617 
704 199 8 9 0.027235735 
838 173 10 12 0.027184324 
562 265 9 11 0.027152354 
729 156 10 11 0.027138675 
385 174 10 13 0.027099723 
972 211 12 15 0.027087359 
1013 175 10 14 0.027051361 
645 260 9 11 0.027033975 
784 191 9 11 0.026973812 
981 202 11 14 0.026959373 
182 215 10 12 0.026857657 
581 88 10 11 0.026754914 
157 285 10 11 0.026740136 
369 82 11 15 0.02668004 
446 115 12 15 0.026644442 
597 243 9 12 0.026547581 
558 134 9 11 0.02654654 
213 165 9 11 0.026522977 
495 246 10 12 0.026493771 
982 178 10 13 0.026439566 
295 249 7 10 0.026436398 
351 133 12 12 0.02639977 
989 140 10 12 0.026386058 
470 196 8 11 0.026381074 
999 238 12 15 0.026361546 
498 198 9 13 0.026348675 
128 338 9 10 0.026320742 
416 84 10 13 0.026229614 
140 216 9 11 0.026120737 
877 262 10 12 0.026102 
55 313 8 9 0.026047273 
169 152 10 12 0.026042271 
624 110 10 12 0.026037082 
45 238 10 15 0.026035802 
773 160 8 9 0.026022214 
500 226 15 17 0.025975859 
4 275 11 14 0.025966382 
607 135 8 11 0.025934786 
57 220 12 15 0.02591895 
74 186 11 14 0.02589258 
38 365 14 16 0.025884595 
942 168 17 23 0.025870388 
936 223 10 12 0.025859399 
671 140 12 14 0.025813121 
594 173 9 12 0.025793742 
463 88 8 10 0.025737138 
517 103 8 10 0.025704177 
507 187 10 12 0.025676452 
314 175 10 11 0.025637595 
942 235 10 13 0.025605906 
1006 246 18 26 0.025581961 
760 272 11 12 0.025567358 
78 245 8 11 0.025535583 
512 87 8 10 0.025473459 
589 71 9 11 0.025372079 
367 53 9 11 0.025350226 
329 133 11 14 0.02533282 
481 149 9 13 0.025310451 
70 320 8 10 0.025223028 
347 230 12 15 0.025174255 
367 255 8 11 0.025151588 
359 117 11 14 0.025131905 
566 279 9 11 0.025115235 
404 99 12 13 0.024970425 
494 87 10 12 0.024963045 
599 94 10 13 0.0249387 
0 299 8 14 0.024891239 
980 167 11 14 0.02487607 
361 254 9 11 0.024868898 
368 260 10 13 0.02484873 
474 629 12 15 0.024825158 
606 86 9 11 0.024769189 
145 287 8 9 0.02473454 
-1 548 23 28 0.024729548 
606 192 9 12 0.024706278 
37 241 12 16 0.024683211 
808 212 8 11 0.024666596 
215 184 11 14 0.024663992 
330 138 13 16 0.02459564 
736 255 8 10 0.024575146 
973 288 10 12 0.024480268 
126 304 8 10 0.024461789 
40 309 9 12 0.024447668 
664 164 8 10 0.024392582 
981 231 10 13 0.024389671 
719 167 7 10 0.024363713 
513 159 7 10 0.024206586 
560 167 7 10 0.024193738 
750 175 8 11 0.02414878 
509 64 8 11 0.024145126 
593 295 7 8 0.024131501 
589 218 13 15 0.024127359 
966 245 10 11 0.024114456 
657 109 11 14 0.024108544 
132 237 9 11 0.02407729 
1013 200 9 13 0.024076393 
75 211 12 15 0.024068857 
511 228 9 13 0.023978325 
728 232 9 11 0.0239754 
566 108 9 11 0.023969408 
584 119 9 11 0.023867924 
566 240 9 11 0.023796527 
354 213 10 12 0.023758614 
680 252 9 11 0.023744883 
945 168 10 13 0.023739748 
409 212 14 16 0.023728848 
641 278 9 11 0.023721568 
425 68 9 12 0.023718338 
558 204 9 11 0.023702975 
976 260 10 14 0.02364727 
109 187 19 23 0.023600997 
47 203 12 16 0.023587892 
398 93 12 14 0.023540672 
989 166 9 12 0.023465075 
797 129 8 10 0.023422895 
535 80 8 10 0.023362907 
742 255 7 10 0.023300147 
698 264 8 10 0.023280378 
729 183 8 10 0.023225307 
616 190 9 11 0.023224883 
181 185 9 10 0.023170268 
590 158 8 10 0.023156991 
469 190 9 13 0.023142932 
863 213 10 13 0.023133736 
480 239 9 12 0.023126464 
461 126 10 14 0.023096075 
992 192 19 23 0.02302174 
429 118 8 11 0.022999862 
487 105 9 11 0.022998467 
173 311 9 12 0.02297221 
504 102 8 9 0.022960925 
345 220 11 14 0.022947129 
695 151 8 11 0.022932893 
736 215 9 11 0.022845292 
488 252 8 11 0.022719484 
257 170 10 12 0.022675512 
679 234 11 13 0.02265567 
423 64 8 11 0.02263825 
533 254 8 10 0.022534892 
574 125 10 12 0.022519097 
927 167 9 10 0.022445615 
583 287 7 9 0.022444135 
623 198 9 11 0.022435877 
657 100 11 12 0.022384156 
616 112 10 13 0.022369463 
532 173 10 13 0.022314565 
48 272 9 13 0.022287548 
390 179 8 11 0.022275519 
702 188 9 12 0.022240046 
741 150 10 12 0.022236723 
137 288 7 9 0.022208126 
152 231 9 11 0.022184726 
631 271 8 9 0.022154428 
825 216 9 11 0.022129834 
31 372 11 13 0.022125259 
468 491 14 17 0.022110652 
617 240 8 11 0.022094293 
361 245 9 13 0.021984167 
750 180 9 10 0.021973344 
561 95 8 10 0.021850798 
909 221 11 14 0.021832675 
113 300 10 14 0.021774985 
560 181 9 12 0.021686746 
88 325 7 9 0.02167239 
864 173 10 12 0.02165298 
544 167 8 10 0.02164968 
1006 220 13 14 0.021642437 
874 128 7 9 0.021633618 
478 279 8 10 0.021623967 
730 166 8 11 0.021622293 
588 140 11 13 0.02161493 
614 100 9 11 0.021585837 
890 150 9 10 0.02157971 
517 95 8 10 0.021575388 
750 168 8 10 0.021568855 
483 189 12 14 0.021545786 
62 227 14 18 0.021507233 
515 165 8 10 0.021503141 
656 240 9 12 0.021497231 
469 277 10 12 0.021477284 
624 148 8 11 0.021434883 
500 175 18 25 0.02141628 
678 247 10 11 0.021415876 
545 198 9 12 0.021408612 
926 175 9 11 0.02140503 
878 129 8 9 0.021387773 
585 261 9 10 0.02136609 
745 175 9 11 0.021343634 
876 159 9 11 0.021337574 
598 260 9 10 0.02130561 
167 183 8 11 0.0212733 
654 134 11 13 0.021270093 
126 221 10 12 0.021234306 
344 93 10 12 0.021212732 
381 103 8 11 0.021210352 
876 231 13 17 0.021201398 
755 286 13 14 0.021118203 
324 150 20 23 0.021110687 
184 172 9 11 0.021073742 
681 159 9 11 0.021031976 
534 198 9 12 0.021029972 
624 190 8 10 0.021027215 
773 174 9 10 0.021015909 
855 227 10 12 0.020997956 
675 126 20 23 0.020992815 
617 285 9 10 0.020958683 
623 270 9 10 0.020864412 
735 286 9 11 0.020849878 
744 140 10 14 0.02083621 
294 157 9 10 0.020811452 
121 221 10 13 0.020802429 
661 95 10 11 0.020796623 
510 126 10 12 0.020768546 
954 197 9 11 0.020761859 
966 149 9 12 0.020755395 
623 203 8 11 0.020746866 
843 206 10 12 0.020714978 
576 229 10 13 0.020708455 
330 125 9 11 0.020703018 
696 157 8 10 0.020618355 
886 198 10 12 0.02057661 
457 94 8 11 0.020561371 
517 211 11 14 0.020548826 
1008 282 22 28 0.020547759 
567 309 9 11 0.020539673 
533 239 9 12 0.020517416 
261 187 10 14 0.020513816 
589 76 11 13 0.02050253 
114 308 10 11 0.02047985 
729 190 9 10 0.020432476 
582 229 11 14 0.020421589 
102 301 9 12 0.020369336 
142 197 8 12 0.02030664 
906 180 8 11 0.020306563 
894 215 11 14 0.020292897 
486 154 12 14 0.020247092 
651 191 8 11 0.020237288 
193 221 10 11 0.020230973 
481 109 9 12 0.020223746 
997 287 14 16 0.020205252 
177 293 8 10 0.02019662 
567 212 11 14 0.02016312 
1011 234 13 17 0.020155646 
1005 261 23 30 0.02015341 
646 272 9 10 0.020150643 
70 325 7 11 0.020146849 
438 118 13 14 0.02012775 
190 280 7 10 0.020116357 
637 173 10 12 0.020100236 
910 191 10 11 0.020064915 
420 132 11 14 0.020058291 
557 103 10 13 0.020002002 
