0_Parade_marchingband_1_227
362
461 135 30 40 0.998485 
289 139 23 32 0.98905516 
413 112 24 31 0.9795471 
511 106 23 30 0.9712517 
912 137 43 51 0.9658116 
840 123 32 40 0.964185 
597 131 22 30 0.9636491 
291 100 22 29 0.952027 
177 108 23 29 0.94424677 
558 85 19 26 0.84769815 
713 32 97 119 0.7634559 
348 104 15 19 0.72188175 
489 95 21 27 0.66416305 
4 106 16 22 0.6482186 
250 83 15 19 0.56754607 
429 98 16 22 0.50579596 
69 96 16 20 0.46404725 
328 89 14 18 0.46108732 
252 96 18 22 0.45129466 
212 73 13 16 0.4394461 
733 78 65 67 0.43044162 
151 103 15 20 0.42691937 
132 92 12 15 0.40215242 
36 93 14 18 0.36288416 
22 61 14 17 0.3404501 
380 98 13 16 0.33586866 
57 67 14 17 0.33413014 
223 115 20 27 0.31395048 
498 86 22 27 0.29834515 
363 91 13 17 0.27421024 
779 90 49 62 0.27167457 
166 78 12 13 0.2629939 
0 83 11 18 0.2623087 
607 106 14 18 0.2511431 
191 85 12 16 0.23041141 
507 95 24 31 0.20341447 
389 99 14 18 0.19176464 
587 92 10 13 0.18105079 
599 82 11 14 0.1792803 
99 107 16 21 0.17489009 
123 104 16 20 0.17126577 
470 113 17 21 0.16968764 
605 137 22 29 0.16778633 
615 93 11 13 0.16170989 
525 91 14 19 0.15840998 
309 92 13 17 0.15623422 
237 118 16 21 0.15360935 
33 96 20 26 0.15216045 
101 83 13 17 0.15140218 
174 78 10 13 0.14195141 
101 99 15 19 0.14177905 
390 163 25 36 0.13251455 
507 82 23 28 0.13167262 
165 71 10 12 0.1315813 
127 87 12 15 0.12516296 
615 143 22 30 0.12457664 
294 94 15 19 0.12267032 
988 155 16 20 0.12128217 
197 77 9 12 0.1197715 
148 92 13 16 0.11919265 
422 89 20 27 0.118486434 
393 105 16 21 0.11789488 
879 115 48 58 0.11777437 
635 94 11 14 0.11582712 
531 92 13 19 0.112061545 
380 141 15 19 0.11086339 
118 150 15 22 0.11080576 
300 137 23 32 0.1105243 
292 77 9 12 0.10990068 
868 6 87 98 0.108769454 
226 107 17 21 0.10700444 
578 163 17 20 0.10439876 
339 148 19 27 0.10376244 
712 98 47 47 0.100206494 
638 103 13 17 0.09743375 
270 77 11 15 0.09637623 
181 77 8 11 0.09587268 
145 76 10 13 0.09529551 
619 125 20 31 0.09423025 
612 102 13 18 0.092989564 
210 70 11 14 0.09237095 
832 105 51 66 0.08687086 
365 114 15 17 0.08459249 
100 133 19 27 0.08402604 
787 84 26 32 0.08323794 
31 106 22 30 0.08241966 
3 67 11 14 0.08156603 
130 96 15 19 0.08129427 
223 132 24 32 0.08104155 
193 80 10 12 0.08047451 
278 170 16 21 0.07934972 
300 99 20 26 0.078656934 
931 106 31 36 0.078252226 
358 124 16 20 0.076783605 
258 84 14 17 0.07674493 
143 163 14 18 0.07500149 
68 75 12 16 0.07391327 
36 157 17 24 0.07313996 
199 70 9 11 0.07111024 
375 54 13 16 0.06844622 
422 86 14 18 0.06801495 
67 84 14 18 0.067508265 
84 55 12 14 0.0668534 
518 98 21 29 0.06495291 
528 109 21 28 0.063939415 
324 152 15 21 0.0639167 
455 93 12 16 0.06275711 
141 92 12 16 0.062100705 
605 123 16 22 0.06181548 
332 189 14 23 0.06159939 
158 137 15 19 0.06087601 
949 194 47 60 0.06072516 
104 109 21 26 0.060382213 
107 92 12 15 0.060231917 
191 60 9 11 0.059843667 
621 116 11 16 0.059606683 
288 72 10 13 0.058390025 
106 106 14 19 0.058242213 
311 167 20 22 0.05820757 
372 106 14 17 0.058153167 
466 118 25 28 0.057803534 
374 91 14 18 0.05775678 
163 146 15 20 0.0574242 
663 92 9 11 0.05740132 
580 106 10 15 0.056914173 
221 144 17 23 0.056728236 
245 99 19 25 0.056255706 
278 132 14 18 0.05624618 
590 88 10 12 0.053679086 
309 113 12 16 0.05300867 
143 72 10 12 0.052953467 
575 100 11 13 0.052738886 
355 99 14 18 0.052680332 
612 112 14 20 0.052175816 
324 187 17 25 0.052099902 
378 84 14 17 0.05191701 
30 147 14 17 0.05190375 
620 121 14 22 0.05078045 
198 64 8 10 0.05042425 
620 88 9 11 0.0503429 
654 92 11 14 0.049864065 
11 102 20 27 0.04951615 
547 107 12 16 0.049513947 
96 79 13 17 0.04865347 
759 62 81 104 0.048073713 
266 99 14 18 0.046860866 
801 103 30 39 0.046802916 
104 69 11 13 0.046102192 
854 10 64 61 0.04608517 
414 88 16 19 0.04600355 
373 142 19 26 0.045823827 
171 161 15 20 0.045649014 
116 112 15 22 0.045559395 
331 159 16 22 0.045362446 
177 199 18 21 0.045271832 
493 79 39 49 0.04494826 
599 105 13 17 0.044554953 
506 78 15 21 0.04443688 
86 108 12 15 0.04434273 
537 113 15 20 0.044152018 
36 60 14 17 0.04396795 
954 1 62 74 0.043966435 
533 124 22 29 0.043930672 
135 70 9 11 0.04381865 
473 104 22 27 0.04368856 
315 91 15 19 0.043445315 
150 73 10 12 0.043393504 
0 81 18 28 0.04329219 
366 153 16 22 0.043191392 
230 56 11 13 0.042602874 
491 55 16 19 0.042543128 
164 62 10 12 0.041575402 
651 100 13 17 0.041462786 
317 69 10 13 0.041106626 
155 92 13 17 0.040539794 
2 77 14 19 0.040400654 
314 107 13 17 0.040349185 
316 151 15 19 0.039686576 
643 98 19 26 0.039636288 
648 92 10 15 0.039472487 
648 86 9 12 0.039451033 
135 53 11 14 0.039432105 
662 106 11 15 0.03923899 
29 104 16 21 0.038985267 
262 54 11 13 0.038767386 
110 150 16 23 0.038488086 
581 100 10 14 0.038338937 
400 161 27 39 0.038225148 
556 129 23 32 0.037985906 
354 77 21 27 0.037223887 
537 40 16 20 0.037090324 
585 89 9 13 0.037059095 
402 104 24 30 0.037029874 
211 204 12 16 0.037007272 
180 101 17 20 0.03696348 
33 127 16 19 0.036811095 
854 127 31 44 0.036600467 
234 108 16 21 0.036599845 
42 104 16 21 0.036432415 
106 142 17 23 0.036163546 
388 172 17 23 0.035969727 
220 76 11 15 0.03592569 
340 187 17 23 0.035875518 
317 116 10 13 0.035771832 
161 75 10 14 0.035405267 
108 54 10 11 0.03508293 
125 53 9 12 0.03461086 
319 158 21 27 0.033603128 
61 132 15 19 0.03343814 
184 84 11 16 0.032731373 
550 101 10 14 0.032487478 
277 62 10 12 0.032471854 
529 45 11 14 0.032384932 
223 62 11 13 0.032284513 
543 100 10 13 0.03223341 
926 118 35 44 0.032170516 
559 140 23 33 0.032141834 
313 64 9 12 0.03209805 
92 134 16 22 0.031928465 
533 139 25 35 0.031898376 
770 105 31 40 0.031799607 
348 72 17 20 0.03168816 
608 128 17 26 0.031614866 
668 106 11 14 0.031572096 
262 158 15 22 0.031428277 
16 60 13 17 0.031231977 
76 116 12 14 0.031212015 
632 90 19 24 0.031064166 
472 90 12 17 0.031043015 
493 47 14 17 0.030863063 
519 116 24 32 0.030829001 
175 73 10 11 0.030790571 
159 56 10 11 0.030639524 
590 135 18 24 0.030594831 
542 128 24 33 0.030503293 
618 13 196 237 0.03033491 
60 177 15 20 0.03029228 
619 109 12 15 0.030115526 
86 130 14 18 0.030045856 
590 100 11 14 0.030022854 
165 202 17 21 0.02995789 
178 163 14 19 0.029730223 
273 71 11 14 0.029694818 
971 156 26 29 0.029596811 
442 99 14 18 0.029470935 
238 125 22 27 0.029367516 
774 108 15 20 0.029328257 
371 122 13 16 0.029217396 
435 94 15 20 0.028881446 
167 55 9 12 0.028826073 
42 118 17 21 0.028819546 
84 99 12 16 0.028676594 
380 113 13 17 0.028497204 
216 65 9 11 0.028440807 
618 98 13 18 0.028425317 
194 119 13 20 0.028411942 
337 81 15 19 0.028176814 
248 69 11 14 0.028093057 
207 65 9 11 0.028083678 
425 106 21 28 0.02799185 
334 145 16 24 0.02796334 
345 91 23 27 0.027784467 
8 161 20 30 0.027783757 
169 148 16 22 0.027138242 
358 115 12 16 0.02699174 
37 55 22 26 0.026581572 
104 242 17 19 0.026575685 
753 103 38 39 0.026499204 
378 133 16 19 0.026424723 
188 195 15 20 0.026349574 
382 148 23 34 0.026314877 
104 62 11 13 0.0263013 
413 97 24 29 0.026294945 
317 74 11 14 0.026220212 
234 144 17 24 0.026168484 
548 121 15 22 0.026042862 
680 104 100 110 0.02603192 
69 115 14 17 0.025940364 
195 89 12 16 0.025937414 
293 85 12 16 0.025449814 
249 62 10 13 0.02539552 
456 62 11 13 0.025210697 
507 64 16 19 0.02513409 
75 73 13 17 0.025125666 
98 86 20 24 0.025094414 
862 123 47 58 0.025008168 
219 70 11 13 0.024998926 
810 110 18 24 0.024946306 
243 135 19 25 0.024694579 
125 119 15 22 0.024581995 
654 86 10 14 0.024546426 
143 86 11 14 0.024418518 
172 89 13 16 0.024364771 
958 154 12 17 0.024261443 
107 76 12 14 0.024087625 
277 106 12 17 0.024061995 
270 54 8 10 0.023640601 
884 60 85 114 0.023581667 
120 49 9 10 0.023541024 
939 107 19 22 0.023288537 
337 90 15 19 0.023104535 
290 175 16 21 0.02295796 
287 81 13 16 0.022945823 
481 147 26 35 0.022943936 
340 138 15 22 0.022827374 
623 79 9 11 0.022745522 
256 55 11 14 0.022655211 
164 88 15 18 0.022614397 
489 -67 397 435 0.022584016 
540 154 17 25 0.022564106 
591 106 11 15 0.022548944 
302 86 12 14 0.022525754 
271 78 20 27 0.022400873 
358 129 21 27 0.022353217 
183 54 11 13 0.022213954 
173 53 11 13 0.02220972 
326 124 12 15 0.022105169 
189 187 15 20 0.022081533 
854 88 83 99 0.022012353 
134 76 12 13 0.02199534 
43 65 14 17 0.021933367 
210 10 103 119 0.021812515 
94 101 14 16 0.021593712 
33 138 15 19 0.021505376 
85 110 22 26 0.021453222 
17 117 20 28 0.021413164 
637 123 13 17 0.02139466 
613 87 20 24 0.021371074 
622 67 10 12 0.021369927 
408 85 11 14 0.021306433 
31 86 12 15 0.021292886 
333 121 12 16 0.021155456 
655 101 20 25 0.021009455 
98 65 22 27 0.020985829 
961 145 28 34 0.020964121 
263 79 12 15 0.020948775 
307 173 16 23 0.020937582 
94 62 9 11 0.020925267 
539 92 11 17 0.02089469 
130 126 15 21 0.02088879 
531 38 25 32 0.020884411 
670 88 9 11 0.0208127 
571 152 21 29 0.020795224 
119 101 13 18 0.020753082 
279 56 8 10 0.020727394 
602 53 343 458 0.020724162 
163 102 23 29 0.020655857 
368 126 19 26 0.020635152 
605 80 9 12 0.020608498 
378 106 21 28 0.020606954 
352 149 21 28 0.020558992 
75 84 13 17 0.020508297 
52 137 14 19 0.020501817 
678 94 10 13 0.02046946 
-1 63 18 27 0.020409528 
390 112 15 20 0.020397963 
183 91 12 16 0.020389248 
53 -46 229 217 0.020384006 
476 97 17 21 0.020321442 
49 106 14 19 0.02011739 
583 87 18 24 0.020047449 
142 100 19 26 0.020002916 
