0_Parade_marchingband_1_552
135
183 381 11 14 0.7741847 
533 372 14 18 0.74279284 
738 380 13 16 0.6282266 
970 385 14 16 0.62260014 
349 373 11 13 0.5035827 
852 396 11 15 0.37094554 
110 398 10 12 0.19139287 
397 387 14 18 0.18175505 
405 381 15 17 0.18054028 
582 380 13 16 0.17344445 
982 388 9 11 0.1726138 
363 397 15 20 0.15988232 
563 322 11 14 0.14527509 
942 389 11 14 0.11773787 
959 386 11 13 0.09194954 
355 375 11 13 0.087862685 
835 399 15 18 0.08571236 
43 361 13 16 0.08451798 
559 365 10 13 0.07586972 
758 385 13 14 0.06370957 
300 393 30 36 0.060419798 
367 477 10 14 0.06022004 
143 365 12 13 0.059300706 
208 402 10 13 0.05646414 
344 369 12 14 0.054977614 
411 382 15 19 0.054934796 
308 373 11 13 0.050844874 
990 387 10 12 0.050666563 
609 358 26 33 0.050172515 
79 387 9 11 0.05008776 
468 360 15 17 0.050046295 
928 387 12 15 0.04990983 
875 428 10 13 0.049614064 
187 383 13 16 0.049474835 
397 384 23 26 0.048838023 
909 423 8 11 0.047985546 
747 379 13 17 0.047773343 
574 380 16 18 0.047028225 
946 413 9 11 0.047026265 
929 397 10 12 0.04584415 
860 395 11 14 0.04533299 
441 396 11 13 0.044948768 
870 397 11 14 0.0424913 
491 371 12 14 0.04170711 
871 424 11 14 0.041627165 
993 493 11 13 0.041358035 
373 279 9 12 0.040987987 
420 381 11 14 0.04036352 
371 284 11 13 0.03929443 
932 383 11 15 0.03821401 
351 355 12 14 0.038125772 
928 405 8 11 0.036252696 
494 394 12 15 0.03571356 
847 392 12 15 0.035420097 
437 428 11 12 0.03498545 
845 399 15 18 0.033979744 
429 365 10 13 0.03397292 
174 388 12 14 0.03381792 
445 372 11 13 0.033522807 
368 472 11 13 0.033410843 
364 364 12 14 0.03291457 
589 375 11 15 0.032792304 
904 382 8 10 0.032635387 
487 367 10 13 0.032186944 
580 380 21 26 0.031915028 
1008 391 12 13 0.031755626 
1013 395 9 13 0.031596255 
870 388 12 15 0.0309168 
912 389 10 12 0.030366583 
439 389 12 15 0.030079337 
548 380 10 13 0.029869258 
927 373 9 11 0.029852446 
949 389 9 13 0.029368522 
917 388 11 13 0.028747428 
613 367 14 19 0.028665598 
688 360 27 33 0.028369742 
373 399 11 15 0.028093038 
864 487 14 18 0.028055953 
212 400 9 11 0.027664486 
911 384 8 11 0.027449355 
480 388 12 15 0.02727381 
777 294 25 29 0.027036848 
895 383 8 10 0.026174713 
176 375 12 15 0.026165979 
921 408 9 10 0.026009817 
734 382 20 23 0.025876645 
926 366 10 11 0.025534157 
596 379 11 15 0.025232654 
392 394 12 15 0.025219793 
539 383 14 16 0.02503375 
138 362 23 27 0.024895232 
476 357 12 15 0.024817437 
876 398 9 13 0.024502914 
924 382 20 25 0.024482338 
274 331 25 26 0.024384538 
959 381 21 25 0.024253294 
888 428 8 11 0.024212185 
147 370 12 16 0.0239614 
73 381 12 15 0.023666358 
564 364 10 13 0.023593217 
159 405 9 10 0.023179106 
344 376 14 17 0.02317905 
500 388 12 16 0.023023125 
115 397 11 13 0.022785934 
177 376 18 23 0.022626229 
38 366 15 19 0.022435997 
484 369 23 25 0.022417895 
365 391 11 15 0.022329303 
967 387 21 23 0.022242008 
359 365 11 14 0.022049032 
167 421 10 13 0.021869596 
619 362 16 20 0.021839831 
488 386 22 27 0.021783875 
552 363 12 14 0.021750921 
301 379 27 34 0.021715289 
33 357 12 14 0.021703634 
398 374 11 13 0.021465713 
839 391 10 14 0.021443058 
672 373 10 13 0.021440983 
959 376 10 12 0.021407532 
197 398 12 15 0.021313913 
429 382 10 13 0.02123678 
948 407 10 12 0.021094251 
16 472 7 10 0.021075178 
454 382 11 13 0.021048771 
759 300 37 45 0.02085481 
823 390 10 12 0.020774854 
477 364 11 14 0.020665377 
453 387 13 16 0.02033273 
43 448 18 23 0.02032962 
973 378 11 13 0.020276768 
920 433 8 11 0.020157244 
446 368 10 11 0.020095529 
167 379 9 12 0.020074507 
568 387 12 16 0.020061688 
