0_Parade_marchingband_1_78
2156
725 134 8 11 0.805396 
782 69 9 11 0.74286807 
698 468 9 12 0.6907765 
464 142 8 9 0.65862656 
752 596 11 14 0.6103832 
908 572 9 11 0.59242654 
860 595 11 14 0.5795763 
977 567 7 10 0.54695153 
992 312 10 12 0.5391631 
863 95 11 13 0.5208108 
678 253 9 11 0.51225597 
647 479 8 10 0.5053348 
655 360 9 11 0.50020295 
680 93 8 11 0.48308963 
830 197 10 13 0.46272853 
750 215 9 12 0.46076936 
613 36 10 12 0.4212551 
290 167 10 11 0.41570014 
743 111 9 11 0.4115828 
914 30 11 13 0.4045634 
700 591 10 14 0.40278408 
966 88 9 11 0.39768085 
442 126 7 9 0.38982794 
494 159 8 11 0.3838653 
525 37 8 11 0.37499228 
785 32 9 10 0.36386624 
961 188 8 11 0.36278957 
973 151 8 11 0.35823378 
724 283 10 13 0.35751614 
717 28 8 10 0.3448076 
534 126 7 10 0.34413287 
896 205 9 11 0.3373408 
877 135 9 10 0.3357458 
416 160 9 11 0.33390406 
686 167 8 9 0.33116993 
861 37 10 12 0.32372478 
709 197 8 10 0.3217377 
303 181 8 9 0.3160067 
253 93 8 10 0.3125158 
239 149 8 9 0.31047866 
576 205 9 10 0.3051888 
425 128 8 11 0.30422333 
851 76 11 14 0.30301538 
369 169 8 10 0.30263808 
206 190 8 11 0.29955843 
510 127 8 10 0.29920533 
841 150 8 10 0.29766795 
720 167 8 11 0.2950908 
127 341 13 17 0.29463077 
487 133 8 11 0.29436833 
786 94 8 11 0.29385546 
799 195 10 12 0.29296726 
558 96 8 11 0.2864659 
851 60 11 13 0.28247273 
510 133 8 11 0.28240934 
878 157 8 10 0.28215015 
373 173 7 10 0.28075424 
820 109 9 12 0.27989283 
304 160 9 10 0.27811506 
830 231 9 11 0.27648407 
642 142 9 11 0.2749114 
481 215 8 10 0.2735779 
581 200 8 11 0.27099985 
311 166 8 10 0.26962656 
399 191 8 10 0.2688117 
910 124 8 11 0.2683943 
391 159 8 11 0.2677504 
664 15 7 9 0.26206642 
559 152 8 10 0.2612204 
737 166 7 10 0.25711986 
940 109 10 12 0.25677875 
880 153 7 9 0.25286436 
640 13 8 10 0.2526774 
740 199 8 11 0.25150073 
835 32 14 16 0.25049704 
909 85 9 11 0.24929304 
686 141 8 11 0.24919246 
640 9 7 9 0.24888113 
287 126 8 11 0.24847084 
809 182 8 10 0.2450212 
758 207 9 11 0.24352928 
344 158 8 9 0.24309473 
1010 168 7 8 0.23982428 
810 120 9 11 0.23904179 
655 199 7 10 0.23781773 
625 144 8 11 0.2368287 
640 151 8 10 0.23648949 
599 117 8 10 0.2318947 
970 198 9 12 0.23160021 
655 191 8 10 0.22900577 
904 61 11 13 0.22439145 
712 225 9 12 0.22234103 
936 232 8 10 0.22217552 
695 190 7 10 0.22203411 
15 242 10 13 0.22137918 
589 343 7 9 0.22036783 
720 211 9 11 0.2198571 
424 174 7 9 0.21816507 
696 490 8 12 0.21813008 
917 77 8 11 0.21715154 
845 119 9 11 0.21686573 
828 588 9 13 0.21372704 
490 158 8 11 0.21179038 
167 121 8 10 0.21018362 
669 111 8 11 0.20924206 
328 292 11 13 0.20885953 
270 126 7 9 0.20879239 
269 205 8 10 0.20869619 
410 208 8 10 0.20771961 
551 214 7 9 0.20700422 
431 414 7 10 0.20625216 
1012 528 10 14 0.20602031 
929 200 7 10 0.2059763 
545 205 9 12 0.20589128 
898 320 8 10 0.20507155 
975 112 8 10 0.20407616 
704 263 9 12 0.20293258 
510 87 8 10 0.20254809 
1007 288 7 10 0.20191091 
980 628 10 13 0.2012954 
774 53 10 13 0.20096512 
788 36 10 12 0.2009289 
682 167 7 9 0.20064582 
934 236 10 13 0.19884929 
546 200 8 10 0.19881935 
962 271 9 11 0.19877404 
63 397 12 16 0.19679666 
806 247 9 12 0.19605067 
775 174 8 11 0.19594517 
560 180 8 11 0.195784 
804 613 9 11 0.19366339 
711 127 8 12 0.19179681 
878 206 9 12 0.19178566 
913 35 13 15 0.1914469 
329 158 9 11 0.19136815 
441 214 8 11 0.19064523 
294 160 10 11 0.18917295 
326 119 9 10 0.18874781 
512 79 7 10 0.18872681 
432 190 8 10 0.18853632 
787 100 10 13 0.18797638 
263 169 9 10 0.18786766 
510 192 7 10 0.18593772 
450 143 7 10 0.18581302 
993 196 9 10 0.1851617 
992 606 13 19 0.18416026 
839 182 9 11 0.18361855 
940 104 9 11 0.18295194 
344 151 8 10 0.17932396 
606 190 7 9 0.17827359 
1001 142 8 10 0.17716809 
583 109 9 11 0.17625214 
969 151 9 11 0.17603713 
557 343 9 11 0.17512092 
876 196 9 12 0.17504925 
560 39 8 10 0.17472692 
882 317 8 10 0.17439263 
333 165 9 11 0.17429355 
528 150 8 10 0.17397942 
910 45 11 14 0.1736846 
458 167 6 9 0.17367204 
472 198 8 10 0.17297003 
710 486 8 10 0.17119801 
833 176 8 10 0.17058623 
327 150 8 9 0.17053357 
905 120 10 12 0.17014375 
391 164 8 11 0.16963142 
617 361 9 11 0.16959049 
440 208 7 9 0.16851336 
593 149 9 11 0.16823584 
690 16 7 9 0.1672846 
399 197 7 9 0.16650559 
918 308 10 12 0.165167 
462 191 8 10 0.16241835 
625 112 8 10 0.15974586 
687 137 7 10 0.15885185 
821 103 10 12 0.15882584 
611 31 9 11 0.1584249 
573 120 8 10 0.15802367 
736 231 8 11 0.15775417 
900 587 13 17 0.15721856 
488 230 8 9 0.15685202 
384 151 8 9 0.15671164 
968 167 8 10 0.15659554 
446 216 7 9 0.15623184 
961 149 8 10 0.15606838 
745 24 9 12 0.1550225 
655 30 7 10 0.15390156 
694 206 8 10 0.15209301 
470 135 8 11 0.15193619 
688 160 8 11 0.1514747 
496 191 8 11 0.15060058 
469 80 8 11 0.15012608 
953 213 8 10 0.14967017 
846 110 10 11 0.1480083 
159 303 9 11 0.14588831 
447 221 7 9 0.14553529 
327 124 8 11 0.14519715 
903 103 10 12 0.14449778 
458 199 8 10 0.144493 
843 126 9 12 0.14424708 
253 269 11 13 0.14257908 
641 136 8 11 0.14252046 
912 307 10 13 0.14232355 
840 213 10 13 0.14189881 
560 70 8 10 0.14094901 
574 125 7 10 0.14075102 
664 118 8 11 0.14036249 
703 53 8 10 0.1401155 
655 160 7 9 0.13947184 
591 174 8 10 0.13875452 
978 223 6 9 0.13844337 
988 125 11 13 0.13828301 
606 7 8 11 0.13823496 
768 175 8 10 0.13820027 
576 183 7 9 0.13778032 
374 230 7 10 0.13777757 
806 190 9 12 0.13762552 
414 208 7 10 0.137515 
129 313 9 12 0.13729183 
966 189 8 10 0.13683058 
503 182 7 9 0.13653804 
741 95 9 11 0.13643248 
511 216 8 11 0.13639438 
408 213 8 10 0.13613437 
309 161 8 10 0.13573126 
977 136 7 10 0.13569169 
573 155 11 13 0.1355061 
318 173 8 10 0.13548648 
463 230 8 10 0.13530415 
710 263 10 12 0.13525279 
234 184 7 9 0.13523467 
605 167 8 10 0.13513465 
402 133 8 10 0.13483894 
511 120 8 10 0.13471375 
662 89 10 14 0.1345752 
549 207 8 11 0.13437343 
511 197 7 10 0.13426787 
808 152 8 10 0.1342212 
488 129 8 10 0.13407163 
407 184 7 10 0.13373968 
322 183 8 10 0.13339593 
189 192 7 10 0.13330972 
384 104 8 11 0.13153793 
941 136 8 10 0.13086052 
502 207 9 11 0.13030069 
886 152 7 9 0.13022389 
750 28 8 11 0.13004704 
598 144 9 11 0.12999551 
569 176 8 11 0.1297021 
807 176 9 11 0.12940517 
909 52 9 12 0.1289951 
486 142 8 10 0.12863538 
944 151 7 10 0.1283445 
470 85 8 10 0.12831458 
544 152 7 10 0.12776704 
370 229 8 11 0.12776412 
933 327 9 11 0.12755646 
824 118 9 12 0.12745816 
560 157 8 10 0.12724055 
433 149 8 10 0.12710887 
902 609 12 15 0.12656747 
368 143 7 9 0.12631169 
726 189 9 11 0.1251903 
542 183 8 9 0.12502563 
698 23 6 8 0.12501694 
302 258 14 18 0.12479557 
386 158 8 11 0.12473049 
601 206 8 10 0.124658756 
898 325 9 11 0.124461606 
678 260 11 14 0.1243052 
673 168 7 9 0.12404786 
263 136 7 10 0.12377389 
684 237 9 11 0.123611294 
728 129 9 12 0.123414755 
863 33 8 11 0.12317781 
910 142 7 10 0.12294412 
790 119 8 10 0.12291627 
271 142 8 10 0.122134075 
831 192 10 12 0.122100696 
553 135 8 10 0.12183158 
601 113 7 10 0.12147879 
874 191 9 12 0.121245645 
966 184 9 11 0.121178076 
769 158 8 10 0.120765164 
944 169 8 11 0.12054188 
727 158 9 11 0.120486856 
934 199 8 11 0.120176055 
432 168 7 9 0.119483314 
896 212 10 12 0.11944398 
782 135 8 11 0.11920162 
625 17 7 8 0.11915042 
324 310 11 14 0.11810405 
986 151 8 10 0.11753014 
447 86 8 10 0.116290994 
719 14 7 10 0.11621902 
689 206 9 11 0.11616213 
43 439 14 18 0.115917884 
919 118 8 11 0.115881726 
840 252 10 12 0.11548302 
583 30 9 11 0.115476854 
288 171 9 11 0.11537513 
165 292 9 10 0.115226425 
560 87 7 9 0.11517569 
488 112 7 9 0.11491999 
646 136 7 10 0.11470289 
269 70 9 12 0.114280164 
937 188 8 11 0.1140238 
986 349 8 11 0.113881715 
210 196 7 10 0.1138621 
767 151 8 11 0.11351525 
873 223 8 10 0.113470025 
336 215 9 12 0.11342529 
512 221 8 11 0.11331477 
829 125 9 11 0.11319865 
679 98 10 12 0.11305339 
457 175 7 9 0.11276506 
632 117 8 10 0.11249228 
694 15 7 10 0.11227359 
680 249 10 12 0.112203605 
553 176 8 10 0.1121192 
768 138 8 10 0.11189834 
841 262 9 12 0.11167151 
567 157 9 12 0.111544095 
477 168 9 10 0.11122617 
860 42 12 14 0.11122589 
540 471 9 11 0.1105638 
975 141 8 10 0.10963868 
569 124 9 11 0.109534174 
687 172 8 11 0.109280355 
913 80 9 11 0.10902597 
495 152 8 9 0.10873227 
846 183 9 11 0.10872712 
239 200 8 9 0.10855493 
583 23 8 10 0.10854149 
446 135 8 10 0.10790395 
839 188 8 11 0.10789803 
962 87 9 11 0.10775672 
124 335 27 33 0.10770841 
432 144 7 9 0.10763952 
726 151 8 10 0.10684533 
878 141 8 9 0.10658675 
664 124 9 10 0.10622928 
374 183 8 10 0.106163494 
701 475 10 12 0.105969265 
383 144 8 9 0.10592051 
684 246 10 13 0.105571866 
775 136 9 10 0.10551559 
680 125 8 10 0.10548891 
199 208 7 9 0.105278425 
672 253 11 13 0.104048915 
617 199 9 10 0.10370257 
702 48 7 10 0.10341355 
839 156 9 11 0.10340208 
552 165 8 10 0.10311386 
952 208 8 10 0.1030278 
726 199 7 9 0.10293994 
368 150 8 10 0.10267693 
738 172 7 10 0.1025579 
720 8 8 9 0.102510035 
632 158 8 10 0.1021867 
680 89 7 10 0.10200171 
6 476 12 18 0.101304084 
703 175 8 11 0.10112853 
247 268 12 15 0.10098189 
235 200 7 9 0.100811735 
734 160 7 10 0.100778796 
638 155 8 11 0.100538276 
758 168 8 11 0.100522585 
215 198 7 9 0.100412205 
953 121 9 11 0.10026445 
904 91 10 12 0.10009743 
672 23 7 9 0.09997649 
719 159 9 12 0.099583924 
394 191 7 10 0.099473506 
929 215 8 11 0.099433795 
681 232 8 10 0.09936805 
721 190 8 11 0.098820776 
847 144 8 10 0.09857925 
229 280 12 15 0.09836133 
512 206 8 10 0.0980552 
828 120 9 11 0.0980312 
838 177 8 10 0.09772209 
462 223 8 9 0.09766823 
705 126 9 11 0.097637236 
441 122 8 10 0.097334415 
690 191 8 10 0.09725048 
904 201 8 10 0.09718697 
902 204 10 12 0.09718671 
334 255 8 11 0.0970832 
55 387 11 13 0.09695872 
623 95 9 10 0.09667702 
271 214 9 11 0.09662647 
583 134 8 10 0.096563265 
656 205 8 10 0.096532986 
662 182 8 11 0.09597235 
766 141 8 10 0.095778875 
544 158 8 10 0.095404536 
374 135 7 9 0.09514356 
727 214 9 11 0.09496635 
345 177 7 9 0.09377358 
231 166 7 9 0.0937289 
327 191 8 10 0.09336052 
768 167 8 10 0.093296684 
399 224 8 10 0.093276635 
161 293 10 12 0.09311857 
810 142 8 10 0.09308175 
218 159 6 8 0.09276278 
472 216 7 9 0.09271302 
406 129 8 10 0.0926973 
439 159 7 9 0.092665076 
479 221 9 10 0.09258717 
893 232 8 10 0.09252267 
172 553 13 18 0.09243397 
433 208 8 9 0.09227353 
689 198 9 10 0.09206569 
509 94 8 9 0.09190064 
697 183 7 11 0.09165209 
710 282 11 14 0.09144244 
774 206 11 13 0.091376446 
936 144 8 9 0.091051966 
734 128 8 11 0.09097243 
713 166 7 10 0.09079029 
934 32 10 12 0.090745345 
687 112 7 10 0.09059968 
594 118 8 10 0.09059215 
629 112 8 11 0.09044797 
29 125 9 11 0.09031574 
664 316 11 14 0.09022778 
885 312 8 11 0.090012304 
754 167 8 11 0.08993009 
504 102 7 9 0.08952996 
512 160 9 11 0.08951672 
944 253 9 11 0.089286216 
423 167 8 10 0.08917918 
781 140 8 10 0.089042686 
161 206 7 9 0.08885385 
650 198 8 10 0.08880731 
633 23 7 10 0.08872062 
728 184 8 10 0.08867101 
262 108 9 11 0.088556446 
696 120 8 10 0.08851459 
351 176 8 9 0.088456474 
302 141 8 10 0.08838321 
928 246 8 9 0.088333234 
567 111 8 10 0.08833197 
529 120 9 11 0.0882439 
360 166 9 11 0.08809221 
472 103 9 11 0.08806861 
656 88 9 12 0.08801665 
497 183 8 11 0.087901555 
1015 142 7 10 0.08780006 
606 184 7 9 0.087731756 
705 192 9 11 0.08753464 
725 206 9 11 0.08733157 
702 181 9 10 0.08729344 
863 206 8 10 0.08719695 
878 212 9 11 0.08706406 
943 337 7 10 0.08699955 
601 7 9 10 0.086950324 
705 133 9 11 0.08688747 
758 191 9 12 0.08685881 
665 10 8 9 0.08684003 
935 149 8 11 0.08658597 
390 134 8 10 0.08638613 
417 231 7 9 0.08637795 
710 53 8 10 0.08634002 
899 594 14 18 0.086190924 
874 158 9 10 0.08616084 
696 30 8 10 0.08605003 
383 238 7 9 0.08571709 
457 104 7 10 0.08569171 
839 248 9 11 0.08547206 
593 191 7 9 0.08542109 
502 176 8 11 0.085413694 
975 173 8 11 0.085374616 
812 124 9 12 0.08494821 
551 160 8 10 0.08488721 
400 128 9 12 0.08478482 
904 148 9 10 0.08475027 
601 183 7 10 0.084617175 
449 148 8 10 0.0843436 
481 69 10 12 0.0843205 
510 141 8 9 0.08402874 
774 115 9 12 0.08395608 
784 151 9 12 0.083704226 
615 54 9 10 0.08365066 
471 206 8 10 0.083602175 
551 119 8 9 0.08350045 
743 85 11 13 0.083496556 
328 145 8 10 0.083411746 
632 150 8 11 0.08318325 
790 208 10 12 0.083182834 
950 167 8 11 0.0829525 
488 193 9 11 0.08283012 
552 127 7 9 0.08280822 
925 119 8 11 0.08257651 
282 134 7 10 0.082477115 
706 168 7 8 0.08224613 
605 13 8 10 0.082181305 
692 160 9 10 0.08215636 
682 149 9 11 0.081843026 
470 233 8 10 0.08179967 
680 135 9 11 0.08160927 
600 173 8 11 0.08132229 
313 171 9 11 0.081304975 
463 198 7 10 0.08121871 
530 133 8 10 0.08104678 
266 78 8 11 0.08104478 
529 54 7 10 0.080991775 
890 232 7 10 0.08091267 
841 145 8 11 0.08067142 
760 197 9 11 0.08064027 
950 288 7 9 0.08003137 
182 241 7 9 0.07995859 
658 174 8 11 0.079908445 
824 215 9 12 0.079829656 
1002 293 11 13 0.079638466 
737 100 11 13 0.079624414 
263 141 8 9 0.079520985 
584 16 8 10 0.079496816 
959 144 8 11 0.07945384 
463 448 9 11 0.079082355 
453 183 9 11 0.078961454 
625 167 7 10 0.078910805 
775 231 8 10 0.078771666 
937 333 9 12 0.078708366 
296 152 9 11 0.0786973 
997 575 9 13 0.07849789 
568 206 7 10 0.0784483 
506 95 7 10 0.07838017 
416 127 8 10 0.07836077 
945 248 8 11 0.078318216 
439 175 7 9 0.07822182 
693 326 8 12 0.0782177 
822 152 8 10 0.07796758 
465 184 8 10 0.077960245 
269 65 8 9 0.07783034 
389 110 8 10 0.07773583 
624 101 8 10 0.077621184 
718 37 8 11 0.07755968 
529 145 7 9 0.07739586 
809 135 9 12 0.07736642 
665 254 9 12 0.07726619 
855 496 10 14 0.07724562 
864 87 11 14 0.07711165 
190 197 7 9 0.077070825 
912 189 8 11 0.07693306 
369 136 8 10 0.07660126 
583 142 7 9 0.07659688 
472 192 7 9 0.07647477 
456 160 7 8 0.07642467 
520 44 8 11 0.07626495 
318 302 10 12 0.07613654 
958 319 8 11 0.07602763 
727 230 10 13 0.0760128 
733 214 9 12 0.075858854 
247 159 8 10 0.07580377 
789 151 8 11 0.075485356 
458 231 8 10 0.07539895 
440 220 8 10 0.07513766 
607 143 9 10 0.07508602 
958 215 7 9 0.07504056 
640 208 8 9 0.07494516 
673 30 7 10 0.07470982 
974 189 8 11 0.074484766 
1000 180 8 11 0.074473076 
223 185 8 10 0.074382246 
1006 190 8 11 0.07435628 
753 191 10 11 0.07420585 
857 32 10 12 0.074182756 
914 167 8 11 0.074003816 
534 134 8 10 0.07392939 
970 157 9 11 0.07388624 
463 111 8 9 0.073886186 
472 109 8 10 0.07370017 
463 118 8 10 0.07356984 
729 118 8 10 0.07332909 
848 69 13 16 0.07319486 
472 158 7 9 0.07306291 
287 131 9 12 0.07283053 
457 223 7 9 0.072685115 
629 143 7 10 0.07254033 
574 176 7 9 0.07242 
285 200 10 13 0.07239849 
538 494 24 33 0.072318524 
505 120 7 10 0.07228568 
856 151 7 10 0.07223402 
974 183 8 10 0.072171435 
937 297 8 10 0.07213911 
865 143 7 10 0.07213272 
606 128 9 10 0.07188588 
201 165 8 11 0.071865976 
271 183 8 10 0.071844146 
846 150 7 10 0.0717747 
490 165 9 10 0.071749225 
605 134 9 10 0.071734875 
920 220 8 11 0.071661875 
618 183 9 10 0.07158968 
94 247 9 12 0.07155568 
112 232 9 11 0.07155251 
753 210 9 11 0.07150178 
646 149 7 10 0.07144842 
328 174 8 10 0.07143327 
397 168 7 9 0.071432814 
936 168 7 9 0.071270116 
487 118 7 9 0.071165524 
386 135 8 10 0.07104931 
479 208 7 9 0.071006864 
397 159 8 10 0.07094263 
625 70 9 11 0.07085361 
520 186 9 10 0.07071025 
245 176 9 11 0.07059294 
552 142 8 10 0.07047712 
905 143 8 10 0.07046442 
368 224 8 11 0.070292994 
907 585 13 16 0.0702001 
558 134 8 10 0.07015475 
830 223 9 12 0.070084505 
465 216 7 10 0.07008093 
718 228 9 12 0.07006345 
390 182 8 11 0.07002199 
510 480 9 10 0.06993409 
246 200 7 10 0.069912136 
504 197 7 10 0.069877155 
920 200 9 12 0.06982747 
421 160 8 9 0.069766775 
638 126 8 10 0.06972876 
165 256 9 11 0.069653116 
376 158 7 9 0.06950121 
744 135 7 9 0.06948961 
695 136 8 11 0.06906656 
814 208 8 12 0.06904137 
408 103 8 10 0.06902975 
713 160 8 11 0.06894335 
678 183 8 10 0.068932876 
650 191 7 10 0.06880064 
395 197 7 10 0.06879868 
1014 205 8 12 0.06879651 
784 206 8 12 0.0686979 
408 149 7 10 0.06857918 
930 240 9 12 0.068576805 
1000 360 9 12 0.06856453 
113 38 8 11 0.06823855 
697 125 9 10 0.0681646 
957 207 9 10 0.068107404 
457 191 8 10 0.06800988 
751 238 8 10 0.06794376 
1013 244 8 12 0.06786879 
329 166 9 11 0.06782767 
999 196 8 11 0.06772772 
433 185 7 9 0.06770289 
829 263 8 11 0.06765671 
880 326 8 10 0.06761657 
358 112 8 10 0.06757274 
749 62 9 11 0.06755642 
487 223 7 10 0.06750658 
680 120 9 10 0.06746911 
633 30 7 10 0.06744886 
985 208 7 10 0.06744457 
952 336 7 10 0.06743089 
650 31 8 10 0.06735072 
584 104 9 11 0.06718999 
724 292 11 16 0.06715889 
836 231 9 11 0.06710287 
265 200 8 11 0.06683942 
733 223 9 11 0.066718295 
465 206 8 10 0.06668987 
743 126 8 11 0.066486456 
250 116 9 11 0.06642435 
976 334 8 11 0.06638712 
750 38 9 11 0.06624976 
494 127 8 10 0.066213265 
679 266 10 13 0.066208616 
352 167 8 10 0.066022396 
543 191 9 10 0.06601569 
658 183 8 12 0.065919235 
376 189 7 9 0.06590781 
846 263 8 11 0.06571654 
269 76 9 11 0.065545544 
861 78 9 11 0.065520324 
438 167 8 9 0.06540008 
322 118 8 11 0.06527511 
477 173 8 10 0.065263115 
943 142 7 9 0.065250896 
294 173 9 11 0.06499813 
950 174 8 9 0.06496859 
202 185 8 10 0.064903714 
957 119 8 10 0.06482679 
647 206 8 10 0.06474785 
690 8 8 9 0.06463119 
440 100 9 11 0.064626716 
297 142 8 10 0.06451075 
952 136 7 9 0.06447419 
745 15 7 9 0.06440376 
673 184 8 10 0.06438597 
281 174 8 10 0.06430869 
742 232 8 10 0.06430585 
774 59 13 15 0.064164355 
401 185 8 10 0.06413392 
711 49 8 10 0.06395922 
578 214 8 10 0.06393395 
730 222 8 11 0.06387602 
462 174 7 9 0.06386593 
534 120 8 10 0.063853 
840 207 9 11 0.06384714 
482 119 7 9 0.0637956 
703 485 11 13 0.063694745 
725 173 8 11 0.06367305 
910 205 8 11 0.06367005 
673 189 8 10 0.06362186 
616 43 9 11 0.06360375 
295 134 8 10 0.06352401 
864 151 7 10 0.06309871 
223 207 6 8 0.06301615 
938 300 8 11 0.06294563 
442 69 8 11 0.06284673 
343 146 9 10 0.06244793 
589 464 10 13 0.06242568 
846 175 9 10 0.062344223 
721 110 7 10 0.062315185 
663 21 8 10 0.062289163 
19 240 14 17 0.062266603 
450 184 8 10 0.06211593 
943 301 8 11 0.062105067 
552 221 7 9 0.06175141 
958 197 10 11 0.06156893 
985 214 7 10 0.061503977 
586 230 8 11 0.06150361 
738 108 10 14 0.061460778 
926 125 7 10 0.061363798 
335 275 11 14 0.06123957 
544 177 8 9 0.061209634 
317 293 11 14 0.061074372 
801 174 8 11 0.060983893 
725 167 8 11 0.060930364 
887 325 7 10 0.060897075 
558 65 7 10 0.060888845 
734 183 9 11 0.060834832 
625 88 8 10 0.060824204 
434 223 7 10 0.060733404 
903 80 9 11 0.060661603 
937 174 7 10 0.060426988 
478 103 8 9 0.06030026 
981 366 7 10 0.060274005 
445 208 8 10 0.060258858 
1005 142 8 10 0.060156006 
862 89 19 23 0.060094025 
568 200 7 10 0.060086098 
139 547 13 18 0.059972234 
775 168 7 10 0.059858777 
407 144 8 10 0.059759118 
456 204 8 10 0.059752885 
486 215 7 10 0.059630107 
504 192 8 10 0.05962818 
931 144 7 9 0.05956437 
238 183 8 10 0.05934174 
88 123 12 16 0.05930164 
750 134 8 10 0.05925661 
337 230 9 11 0.05920679 
822 157 8 11 0.059173714 
801 263 9 11 0.05905739 
354 117 8 11 0.058937773 
656 166 7 10 0.058908302 
631 16 8 9 0.05882637 
633 126 8 10 0.058781955 
832 246 8 11 0.05875023 
410 166 8 10 0.058748756 
952 342 8 10 0.0586797 
718 239 8 11 0.058650985 
886 124 8 10 0.058555152 
226 166 6 9 0.058532145 
814 135 8 11 0.058507618 
919 184 9 12 0.058461595 
768 180 8 10 0.058450826 
1013 172 8 11 0.058450673 
614 62 9 10 0.058364157 
517 159 8 10 0.058326576 
320 149 8 11 0.058310457 
688 31 8 10 0.05830331 
665 222 7 10 0.058257457 
150 545 16 18 0.05823935 
349 159 8 9 0.05823578 
384 233 7 9 0.058185477 
943 117 9 11 0.058171738 
206 185 7 10 0.05813347 
473 221 8 9 0.05813321 
360 125 8 10 0.058116164 
552 44 9 12 0.05805921 
535 142 8 9 0.05794703 
110 179 10 13 0.057938855 
338 183 7 10 0.057823684 
615 149 8 11 0.057808388 
28 142 9 12 0.057785224 
359 118 8 11 0.057765238 
504 86 9 12 0.057723906 
194 150 7 10 0.057707373 
513 55 8 11 0.057577234 
334 143 8 10 0.05755646 
977 367 9 10 0.05755082 
461 168 8 10 0.05752674 
702 119 9 11 0.057515454 
959 105 8 10 0.057502627 
744 142 10 11 0.057100147 
209 214 7 9 0.056940626 
-1 487 21 44 0.056914117 
269 167 8 9 0.056800157 
415 150 8 9 0.05671385 
997 316 8 11 0.056533307 
626 159 8 9 0.056517363 
304 127 8 10 0.056227833 
545 143 6 9 0.05622493 
154 239 9 11 0.0561278 
879 175 9 11 0.05605351 
687 212 9 12 0.056001928 
926 220 9 11 0.055837594 
933 244 10 11 0.0558002 
872 329 8 11 0.055780843 
879 128 9 10 0.055778448 
7 472 44 60 0.055725433 
982 190 9 10 0.055683974 
1015 91 9 13 0.055546 
401 215 8 9 0.055341672 
464 473 18 20 0.055274036 
584 168 8 11 0.055181213 
535 103 8 10 0.055070445 
553 151 8 11 0.05506215 
847 198 9 11 0.055019345 
416 184 8 9 0.055008672 
192 208 8 9 0.05497228 
978 623 10 13 0.05492318 
454 143 9 9 0.054892153 
457 93 8 11 0.054879833 
825 221 10 12 0.054814227 
630 166 7 10 0.05474923 
497 196 8 10 0.05473515 
375 237 8 11 0.054594897 
793 190 10 13 0.05443201 
671 126 9 10 0.054424822 
165 303 10 12 0.054379847 
480 111 7 9 0.054307155 
343 181 8 10 0.05413117 
266 119 9 11 0.05412518 
737 203 9 12 0.054077134 
670 479 8 11 0.054057986 
847 133 8 10 0.053993467 
931 149 7 10 0.053975217 
703 60 9 13 0.053843476 
433 56 6 10 0.05383701 
293 205 15 18 0.053830337 
671 173 8 10 0.05381991 
953 237 8 11 0.053728156 
290 160 9 12 0.053711563 
129 334 47 56 0.05359773 
905 135 9 11 0.053477526 
177 239 7 9 0.053411152 
399 152 8 10 0.053205945 
697 175 7 10 0.053017635 
656 25 7 9 0.052982002 
725 140 8 11 0.052923545 
847 103 9 12 0.052913103 
672 134 8 11 0.052890953 
615 88 8 10 0.052867554 
351 181 8 10 0.052808776 
328 196 9 11 0.052808154 
353 112 8 11 0.05273386 
526 33 9 11 0.052591473 
415 144 8 11 0.052576303 
981 223 8 10 0.05256917 
565 72 7 10 0.052523527 
174 289 8 10 0.05246094 
326 246 9 12 0.052451454 
705 222 9 12 0.05242363 
571 590 15 20 0.052326147 
837 237 9 11 0.05231965 
958 136 7 9 0.052313857 
208 237 8 11 0.05230252 
893 245 10 12 0.0522869 
698 47 7 10 0.05227981 
464 149 8 10 0.0522785 
166 207 7 9 0.05205827 
671 87 8 11 0.05203432 
470 183 8 10 0.051851474 
507 126 7 10 0.051716957 
560 207 9 11 0.051664293 
457 118 9 10 0.051660825 
205 167 7 9 0.051615838 
583 36 9 11 0.051492106 
747 221 8 11 0.051478248 
199 160 8 10 0.051467046 
679 31 7 10 0.051422793 
391 152 8 9 0.051420216 
847 167 8 10 0.051322497 
94 69 23 30 0.051283367 
873 152 8 10 0.051140297 
616 118 7 9 0.051128577 
694 199 8 10 0.051013038 
933 204 10 12 0.05100946 
445 120 9 10 0.050951682 
672 79 7 8 0.050939348 
607 23 8 11 0.050912164 
622 229 8 10 0.050874744 
941 188 10 13 0.050816454 
605 206 8 11 0.050664444 
816 157 8 12 0.05063663 
924 308 9 12 0.05059242 
951 183 8 10 0.0505616 
841 111 11 12 0.050561458 
766 223 8 11 0.05048584 
543 37 8 11 0.050469436 
988 597 14 18 0.050440386 
270 175 7 9 0.050344992 
272 189 9 11 0.05033006 
1006 198 8 10 0.050282158 
431 61 6 9 0.050244235 
720 183 8 11 0.05017876 
1013 254 8 12 0.050117366 
969 111 8 10 0.0499466 
432 79 7 10 0.049887005 
554 100 8 11 0.04984253 
853 246 9 12 0.04977043 
984 143 7 9 0.049758114 
398 173 8 10 0.04964882 
848 53 12 16 0.0495875 
424 209 8 9 0.049519178 
567 151 8 12 0.049349647 
990 131 9 12 0.04932156 
931 263 8 9 0.049263112 
529 102 8 11 0.049189657 
649 24 7 9 0.04915124 
912 215 7 9 0.049151227 
600 190 9 11 0.04909596 
607 112 8 10 0.049036656 
766 198 8 11 0.04898073 
688 78 7 9 0.04897237 
951 232 8 10 0.048942354 
265 181 8 11 0.048837394 
905 47 9 13 0.04881791 
845 207 10 12 0.048760902 
375 128 7 9 0.048741158 
887 157 8 9 0.048665952 
495 119 7 9 0.048662245 
639 31 7 10 0.04862215 
670 223 7 10 0.04859401 
590 168 10 13 0.048577413 
625 63 8 10 0.048577372 
537 191 8 10 0.048549686 
807 239 8 11 0.04854101 
545 212 9 11 0.04853622 
488 151 8 11 0.04850348 
696 38 7 9 0.048423376 
712 254 11 14 0.04840084 
887 171 10 12 0.048350003 
905 310 8 11 0.048279777 
496 85 9 11 0.0482478 
638 22 8 11 0.048215684 
942 231 9 11 0.048186418 
614 4 10 12 0.04818226 
928 167 8 10 0.04810149 
438 151 7 9 0.04805259 
191 213 8 10 0.048039943 
1000 85 10 11 0.04802767 
414 104 8 11 0.047938414 
616 144 8 10 0.047904663 
968 173 9 11 0.04786551 
513 111 8 9 0.047766007 
982 81 9 10 0.0476823 
683 159 8 12 0.04767231 
511 103 7 9 0.04757293 
655 136 6 9 0.047537096 
680 71 7 9 0.047517817 
895 221 8 10 0.04749481 
847 246 9 13 0.0474578 
679 39 7 8 0.04738948 
750 16 8 9 0.047386486 
936 158 8 11 0.047205903 
988 120 10 11 0.04719179 
346 94 9 11 0.047156423 
559 77 8 10 0.047144774 
693 166 8 10 0.047092687 
768 212 8 11 0.047062203 
423 184 7 9 0.04703351 
991 157 7 9 0.047026865 
457 110 8 9 0.04702462 
925 303 8 11 0.046924107 
773 157 9 11 0.04691371 
788 52 13 15 0.046901252 
366 118 8 10 0.04688628 
223 160 7 9 0.046776768 
767 114 12 15 0.046764802 
775 199 10 12 0.046645314 
621 364 9 11 0.046628967 
440 63 8 10 0.046531852 
857 276 11 13 0.046494775 
238 189 7 9 0.046481334 
519 166 9 12 0.046454716 
463 104 8 10 0.046385653 
703 215 7 9 0.04637153 
910 109 9 11 0.046287313 
872 127 8 11 0.04627523 
216 153 7 9 0.04625295 
989 213 8 11 0.046181276 
686 150 8 10 0.04616938 
578 30 10 12 0.04608651 
293 199 13 15 0.046075508 
640 72 7 9 0.04600313 
865 117 8 10 0.04599342 
839 281 10 12 0.045987 
873 205 9 12 0.045941167 
258 167 8 10 0.04592782 
592 5 9 11 0.045899592 
1013 115 9 13 0.04584406 
590 30 8 11 0.045836307 
497 14 8 11 0.045645926 
1006 135 8 10 0.045642115 
896 191 8 10 0.0456314 
950 246 9 12 0.045579266 
387 165 8 10 0.045571208 
424 62 7 10 0.045509763 
776 48 9 11 0.045485076 
82 377 14 19 0.045471154 
578 22 9 11 0.04547088 
322 124 9 12 0.04546672 
496 214 7 9 0.04546645 
701 24 7 9 0.045461837 
582 215 8 10 0.045410052 
56 192 8 11 0.04536263 
215 252 10 11 0.04534698 
564 38 8 11 0.045322157 
335 119 9 10 0.045318797 
920 216 8 10 0.04527529 
789 220 11 13 0.04522776 
687 87 8 11 0.045222856 
326 112 8 10 0.04507235 
480 229 9 11 0.045047462 
255 205 8 10 0.045007456 
1014 159 8 11 0.044983525 
577 143 8 9 0.044978548 
832 132 9 11 0.04497848 
342 127 8 11 0.04495557 
1000 136 9 11 0.044946235 
684 266 10 14 0.044929013 
336 136 7 9 0.044925895 
480 94 7 9 0.044912707 
133 553 17 22 0.044884533 
677 190 8 10 0.04484098 
559 128 8 10 0.04482512 
762 151 8 11 0.044761438 
686 118 8 11 0.044734064 
681 173 8 10 0.04472936 
617 190 9 10 0.04469555 
776 150 10 12 0.04468339 
1013 291 9 12 0.0446696 
579 78 8 9 0.04462051 
447 167 7 9 0.04461784 
678 24 7 8 0.044576738 
980 636 11 14 0.044556815 
910 199 9 11 0.044530533 
152 531 13 17 0.044481415 
391 175 8 10 0.04447498 
510 72 8 9 0.044470593 
670 247 12 14 0.044382382 
173 568 40 49 0.04437409 
175 231 7 10 0.044296898 
1009 255 8 12 0.04425666 
321 113 8 9 0.04421727 
601 20 9 12 0.044104587 
241 219 9 12 0.044065297 
335 191 8 10 0.044031415 
622 189 9 10 0.043947272 
750 44 9 10 0.043928135 
802 270 10 12 0.043911707 
446 102 8 11 0.043907262 
591 111 8 10 0.043824986 
864 157 7 10 0.043753304 
620 593 17 23 0.04373721 
538 184 7 9 0.043668196 
944 126 8 10 0.043646116 
585 173 8 11 0.043646086 
877 254 8 11 0.043617867 
535 151 8 10 0.043614145 
471 152 7 9 0.04361174 
425 71 7 9 0.043483514 
386 182 8 10 0.043474384 
489 175 9 10 0.04341449 
222 223 9 11 0.043371733 
433 214 8 10 0.04332572 
559 165 8 10 0.043276373 
520 151 7 9 0.043228995 
175 215 7 9 0.043205377 
270 160 9 10 0.04319014 
777 36 9 11 0.043172542 
933 213 8 11 0.04314768 
663 175 8 11 0.0431255 
513 45 8 10 0.04309685 
703 111 8 10 0.04300415 
248 112 9 12 0.043003988 
624 20 8 11 0.042889886 
432 238 7 10 0.042857774 
670 8 8 9 0.042781815 
657 37 7 9 0.04276358 
185 207 8 10 0.04272469 
373 225 8 9 0.042631183 
169 238 8 11 0.042611044 
520 171 9 11 0.042592373 
561 554 10 14 0.042484406 
717 246 9 11 0.042375416 
495 175 9 11 0.0422829 
825 245 9 11 0.04227452 
718 253 9 12 0.042189255 
480 192 8 11 0.04212933 
303 187 10 12 0.04210138 
912 69 10 13 0.04203252 
902 66 11 13 0.041986264 
828 98 11 13 0.04197276 
816 151 7 10 0.041935753 
7 472 19 28 0.041932095 
165 145 11 13 0.041925583 
615 112 8 11 0.041924696 
325 300 10 13 0.04191222 
577 134 8 9 0.041872315 
213 238 8 11 0.041830223 
909 136 8 10 0.041812073 
800 181 9 12 0.04179888 
416 121 8 9 0.041785356 
813 175 8 10 0.04177436 
482 135 8 10 0.041757885 
591 71 8 11 0.041743446 
1000 148 7 10 0.04172825 
510 485 10 12 0.04171925 
918 167 8 10 0.041685194 
340 214 8 12 0.04161547 
424 213 7 10 0.041569762 
662 141 9 11 0.0415516 
518 223 8 10 0.041498974 
457 237 8 11 0.041489203 
807 222 8 10 0.04148003 
534 110 9 10 0.04147979 
863 109 9 12 0.0414679 
943 207 9 10 0.04143449 
920 248 7 9 0.041405533 
447 230 8 10 0.041389298 
230 231 8 11 0.041313656 
495 112 8 9 0.041310005 
237 277 10 14 0.04128203 
181 164 11 14 0.041260254 
498 208 8 10 0.041250996 
719 69 8 11 0.04120716 
983 343 9 12 0.041198313 
983 135 8 11 0.0411719 
783 88 10 14 0.04116994 
634 261 9 11 0.041142143 
185 78 9 11 0.04112361 
495 223 7 9 0.04103012 
454 87 8 11 0.040994547 
826 235 10 13 0.040952858 
703 275 10 14 0.040885024 
265 160 9 10 0.04086872 
790 109 9 12 0.040819883 
567 89 8 10 0.040813748 
854 400 8 10 0.04080964 
283 198 20 25 0.040805906 
303 136 8 10 0.04078939 
632 55 8 11 0.04077207 
967 327 9 12 0.040729415 
952 220 8 11 0.040562443 
116 166 9 11 0.040455673 
897 135 8 10 0.04045208 
520 32 10 13 0.04043823 
758 231 9 11 0.04042026 
722 197 8 10 0.040389348 
973 202 9 12 0.04037055 
688 182 9 11 0.04035178 
231 161 7 10 0.04025362 
259 135 8 11 0.040239345 
298 180 8 11 0.040181924 
241 175 8 11 0.040153723 
328 251 10 13 0.04013787 
176 93 11 14 0.040120844 
505 214 8 10 0.040106248 
582 183 7 10 0.040032294 
90 104 8 10 0.039965462 
207 232 8 10 0.039870553 
424 433 25 31 0.039865945 
912 246 6 9 0.039856263 
841 131 9 11 0.03983074 
669 118 9 10 0.039791945 
17 492 48 65 0.039714076 
640 38 7 10 0.03971085 
649 159 8 10 0.039693292 
998 159 8 9 0.039677188 
716 310 10 12 0.039667714 
791 166 8 11 0.03963218 
872 254 9 11 0.03956006 
177 555 14 18 0.039470047 
424 190 8 9 0.039436053 
359 135 8 10 0.039420325 
641 184 8 10 0.03939592 
893 236 9 11 0.0393735 
913 221 7 10 0.039372772 
642 190 7 9 0.039356727 
463 95 8 10 0.039352525 
335 174 8 10 0.039331924 
938 341 9 10 0.039313696 
365 113 9 10 0.03930669 
735 190 8 11 0.039302606 
684 93 8 11 0.039241362 
631 135 8 10 0.03922877 
216 175 6 8 0.03917899 
55 205 11 14 0.039177313 
448 160 7 10 0.03913414 
186 214 7 10 0.039125 
673 47 8 9 0.039116558 
528 46 8 12 0.039116055 
871 230 10 13 0.03904228 
166 214 8 10 0.038951326 
639 167 8 10 0.038863886 
231 237 10 13 0.03881096 
601 582 11 16 0.038808737 
785 127 8 11 0.038794335 
183 505 12 15 0.038728777 
769 229 8 11 0.038726572 
576 111 8 10 0.038706835 
225 278 11 15 0.03862072 
600 200 7 9 0.03851709 
709 292 10 13 0.03848672 
443 133 8 10 0.03845789 
983 357 7 11 0.03844142 
704 69 8 10 0.038418293 
800 168 8 12 0.038410395 
361 223 8 11 0.038409054 
216 223 8 10 0.038369495 
919 158 7 10 0.038327254 
833 159 8 10 0.03821999 
868 52 11 14 0.038219236 
645 240 8 11 0.03819372 
977 340 8 11 0.0381679 
506 222 7 10 0.038125064 
865 127 8 10 0.0381017 
943 296 8 11 0.038099002 
592 198 7 9 0.038029935 
999 298 11 14 0.038005725 
506 70 7 9 0.037993174 
576 188 8 10 0.037935004 
370 38 8 10 0.037909467 
640 199 8 9 0.03780144 
837 219 10 12 0.037760075 
279 150 8 10 0.037689663 
277 215 10 12 0.0376842 
960 177 7 9 0.037661374 
288 211 13 18 0.037658494 
775 126 9 11 0.037643585 
737 14 8 10 0.037631493 
726 110 10 12 0.0376086 
313 150 9 11 0.037573285 
837 198 8 11 0.037455626 
163 332 44 57 0.037363708 
513 151 8 9 0.03736227 
783 229 9 12 0.03734332 
417 226 7 8 0.03733938 
953 200 7 9 0.037238818 
513 39 9 12 0.037199963 
998 175 9 11 0.037190694 
913 158 8 11 0.037175287 
54 242 11 14 0.03715505 
560 43 9 11 0.037107892 
878 235 10 13 0.037066445 
871 182 8 12 0.037036743 
1015 150 8 11 0.037009846 
616 204 10 13 0.036905225 
781 53 11 13 0.036890715 
54 212 9 12 0.036866516 
190 588 13 16 0.036842495 
479 198 8 10 0.03681628 
504 142 9 10 0.036813326 
918 113 9 10 0.036767658 
696 112 7 10 0.03670971 
180 580 13 18 0.03670697 
991 143 8 10 0.036693107 
153 539 15 18 0.03658037 
528 96 7 9 0.03651193 
367 53 9 11 0.036505893 
37 218 13 16 0.036446314 
1009 341 10 15 0.03639586 
536 158 8 10 0.036375713 
999 255 9 12 0.036333397 
813 190 9 12 0.03629287 
432 231 7 9 0.036218405 
340 221 8 11 0.036198325 
375 152 7 10 0.036146138 
881 119 9 11 0.036121495 
518 205 8 10 0.036100406 
497 29 9 12 0.03609521 
600 126 10 12 0.036091387 
56 197 11 14 0.03604722 
695 223 9 11 0.036030855 
511 185 7 9 0.036023144 
785 25 9 11 0.0360146 
747 110 9 12 0.03601034 
415 174 8 10 0.035960834 
66 385 22 29 0.03592878 
614 127 8 10 0.035927515 
193 255 8 10 0.035888597 
1007 347 9 11 0.035882857 
485 64 8 10 0.03588108 
700 597 13 18 0.035876103 
534 48 8 10 0.0358671 
113 327 45 55 0.03578116 
671 230 8 9 0.0357242 
753 159 8 11 0.035690695 
659 16 7 9 0.035664544 
433 160 8 9 0.03564531 
694 86 10 12 0.035611954 
384 190 8 10 0.035594076 
359 183 8 10 0.035590734 
449 110 8 9 0.035583064 
751 232 9 11 0.035497222 
1009 160 7 9 0.03548214 
505 79 8 10 0.035455987 
421 310 10 11 0.035426628 
336 259 9 12 0.0354054 
447 80 8 10 0.03539131 
481 77 8 11 0.0353873 
511 61 8 11 0.035375077 
906 238 8 10 0.0353632 
673 278 9 12 0.035355605 
959 220 8 10 0.03535258 
639 77 8 9 0.035338294 
584 190 7 9 0.035316646 
199 77 9 11 0.035309307 
711 182 9 11 0.03530522 
438 200 7 9 0.035261806 
616 94 8 10 0.03524598 
335 126 8 10 0.035203476 
527 189 7 11 0.03518329 
992 365 9 11 0.035149217 
432 197 9 11 0.03512839 
432 84 8 11 0.034995392 
429 128 8 10 0.034983236 
727 71 8 11 0.034977287 
456 137 8 9 0.034952424 
999 126 9 11 0.03490849 
479 88 7 9 0.03487833 
567 166 9 11 0.03486728 
1006 525 17 26 0.034866843 
366 127 7 9 0.034847543 
766 192 8 11 0.034773782 
714 36 9 11 0.034769684 
774 179 9 12 0.03474833 
711 62 10 13 0.034713876 
288 302 10 13 0.034709495 
480 159 8 10 0.03470176 
624 46 8 11 0.034690995 
944 279 7 10 0.034690242 
688 20 8 9 0.034671515 
223 227 10 12 0.03465342 
481 64 8 11 0.03464787 
585 94 8 10 0.034635864 
631 61 7 11 0.034607925 
177 223 7 9 0.034606874 
386 175 7 10 0.03458125 
631 71 7 10 0.034571335 
576 221 9 11 0.034566794 
533 54 8 9 0.034554467 
959 23 9 11 0.034472827 
593 182 8 10 0.034427617 
234 188 8 10 0.034416433 
622 173 8 10 0.03433693 
439 144 7 9 0.034215108 
663 103 10 13 0.034209985 
590 103 8 10 0.034137174 
743 246 10 12 0.034128487 
392 229 8 10 0.034120582 
762 136 9 11 0.034100596 
536 175 8 10 0.034088597 
887 214 9 11 0.03404216 
951 159 8 10 0.034006912 
789 158 8 10 0.03399811 
241 203 8 10 0.033975378 
912 231 7 10 0.033970438 
680 111 10 12 0.033969108 
671 92 11 13 0.033956822 
857 223 8 11 0.033954192 
544 87 6 9 0.033886958 
641 240 9 12 0.03388491 
702 141 9 11 0.033863828 
914 42 13 16 0.03383557 
672 103 9 12 0.03382876 
828 270 9 12 0.0338152 
952 142 8 10 0.033772916 
489 182 9 10 0.033762645 
1007 149 8 10 0.033745445 
26 147 11 13 0.03366925 
577 36 9 11 0.033653382 
918 229 10 12 0.03362564 
862 198 10 12 0.0336077 
992 357 9 13 0.033529673 
176 491 37 45 0.033473376 
336 198 8 10 0.033449396 
631 321 9 11 0.033414494 
698 268 10 13 0.03339902 
191 184 7 10 0.033391714 
169 233 8 9 0.033379246 
549 193 8 9 0.033371955 
745 37 9 11 0.03329304 
335 150 7 10 0.033270795 
943 184 10 12 0.03326894 
602 586 15 20 0.033255525 
677 0 10 10 0.03324882 
660 271 10 13 0.033231463 
322 243 9 14 0.033197824 
919 253 8 11 0.03317136 
583 223 9 10 0.033131428 
893 45 11 14 0.033105467 
537 473 10 13 0.033100504 
751 150 7 10 0.033044957 
785 223 9 11 0.03303662 
719 118 9 11 0.032987513 
680 206 8 11 0.032974392 
865 182 10 12 0.03288154 
679 199 9 10 0.032874238 
605 230 8 10 0.032873213 
703 293 10 13 0.0327543 
718 127 10 13 0.032708444 
527 184 7 10 0.032702383 
601 229 8 10 0.03268545 
894 167 8 10 0.032657307 
560 33 9 11 0.032597475 
541 31 9 11 0.03252797 
558 143 8 10 0.032513402 
647 184 8 10 0.032503884 
629 580 13 19 0.03248039 
59 389 14 17 0.0324674 
705 158 8 11 0.032439355 
605 159 9 10 0.03240044 
214 192 8 10 0.032385204 
345 319 8 12 0.03237703 
464 236 8 10 0.032329984 
718 63 9 12 0.032299336 
1005 126 9 11 0.032246955 
606 173 7 10 0.032197252 
1001 224 8 10 0.03213099 
856 270 11 13 0.032092378 
712 68 9 12 0.03209056 
689 486 9 11 0.032081768 
954 324 9 12 0.032069866 
609 148 9 11 0.03206042 
920 277 8 11 0.032022756 
560 200 9 10 0.03193035 
716 260 11 14 0.031926546 
711 491 8 10 0.031828757 
789 124 9 11 0.031803306 
808 213 8 11 0.03180268 
155 541 22 26 0.03178178 
976 277 9 12 0.031774875 
766 378 8 10 0.031770594 
495 144 8 10 0.031765934 
929 36 10 13 0.03174507 
445 94 9 11 0.03168828 
745 237 8 10 0.031677704 
432 475 10 14 0.0316553 
497 7 8 11 0.03162325 
815 223 8 11 0.03159525 
802 239 9 11 0.03152699 
425 57 7 10 0.03152427 
399 96 9 10 0.0315207 
622 37 9 13 0.031505287 
518 54 8 11 0.031493936 
391 117 8 10 0.031489417 
622 223 8 11 0.031479456 
671 152 8 10 0.0314334 
792 183 10 12 0.031422704 
801 141 8 10 0.031370923 
441 231 7 9 0.031352013 
410 175 8 10 0.03130957 
392 206 8 10 0.031303454 
222 200 7 9 0.031286985 
375 204 10 13 0.031202566 
624 53 9 11 0.031199127 
246 306 12 16 0.031104617 
471 127 8 10 0.031103995 
342 110 9 11 0.03107638 
776 191 9 11 0.031066429 
561 232 9 11 0.031037629 
742 191 8 11 0.031004667 
779 60 18 22 0.031003466 
519 84 8 10 0.030987611 
864 189 11 12 0.03095633 
983 316 11 12 0.030919401 
293 234 11 15 0.030904826 
789 87 10 14 0.030862197 
785 118 8 11 0.03074265 
735 116 10 12 0.030725777 
814 228 10 13 0.030713048 
382 198 8 10 0.030667348 
585 338 9 10 0.030660182 
438 182 8 10 0.030598864 
686 125 7 11 0.030592822 
519 78 8 11 0.03057364 
661 205 8 11 0.030504815 
698 262 10 12 0.030497102 
181 86 12 15 0.030496672 
518 110 7 9 0.030485634 
141 240 9 10 0.030473972 
481 127 8 10 0.030430714 
583 45 9 11 0.030390257 
583 71 8 10 0.030345472 
677 278 9 10 0.030340606 
623 6 8 10 0.03033498 
624 127 9 10 0.03029714 
854 110 8 11 0.030294554 
317 260 10 15 0.03029087 
282 126 9 11 0.03027988 
898 77 9 12 0.030266816 
369 182 9 10 0.030266285 
983 185 8 10 0.030252637 
344 166 8 11 0.030214408 
360 160 8 10 0.030193219 
517 326 7 9 0.030193212 
910 239 8 10 0.030169168 
308 265 13 17 0.030137809 
953 92 8 10 0.030095438 
258 268 11 15 0.030045351 
663 216 8 10 0.03001301 
173 507 11 15 0.030002754 
750 127 10 11 0.029969936 
561 110 8 11 0.02996945 
917 172 8 11 0.029943567 
853 263 9 12 0.029912027 
280 159 8 10 0.02990647 
919 314 8 11 0.029892001 
928 159 8 11 0.02987775 
46 221 10 13 0.02986693 
808 207 9 11 0.029851632 
663 167 8 10 0.029842345 
368 47 9 12 0.029841105 
320 145 8 10 0.029835418 
519 126 7 9 0.029827915 
688 220 8 11 0.02982444 
342 117 9 10 0.029805832 
728 46 8 10 0.029802075 
601 358 8 11 0.029799966 
609 586 22 29 0.029778877 
750 57 9 11 0.029774174 
574 92 9 11 0.029771911 
382 214 8 11 0.029751273 
870 119 8 10 0.02972656 
408 108 9 11 0.029715955 
800 110 9 12 0.029688656 
278 182 9 12 0.029659707 
991 206 9 13 0.029576225 
79 294 10 13 0.029547239 
286 122 8 10 0.029547142 
721 128 18 23 0.02953676 
33 250 16 18 0.02953269 
665 479 9 12 0.029505642 
329 214 9 13 0.02949099 
441 86 7 10 0.029445015 
272 268 9 12 0.029433139 
878 181 9 11 0.029366814 
696 254 9 12 0.029326033 
565 31 9 11 0.029315753 
760 158 8 11 0.029256046 
734 39 8 10 0.029253216 
1014 276 8 13 0.029241186 
528 156 9 11 0.029235482 
217 183 7 10 0.029221885 
633 206 8 10 0.029186102 
829 594 9 12 0.02916954 
887 191 9 10 0.02913572 
802 251 9 12 0.029105965 
422 102 8 10 0.029092602 
615 69 9 11 0.029065207 
981 167 10 12 0.028979924 
917 84 9 11 0.028966893 
954 88 7 10 0.028954329 
869 594 12 15 0.028951582 
855 157 8 11 0.02892616 
951 150 7 10 0.028907688 
542 103 8 10 0.02884463 
787 212 8 11 0.028834002 
278 191 8 10 0.028825123 
672 287 8 10 0.028823229 
566 103 8 11 0.02881378 
631 240 9 11 0.028779147 
440 79 7 10 0.02875929 
784 167 7 10 0.02872344 
714 16 7 9 0.02871676 
703 203 9 13 0.028712107 
464 158 7 10 0.028711399 
362 143 7 9 0.028679531 
943 155 9 11 0.02866746 
484 515 14 19 0.028665168 
986 155 8 11 0.028658459 
720 298 12 16 0.028647602 
184 563 27 33 0.02863817 
504 64 7 10 0.028635323 
590 155 10 13 0.028617833 
89 247 10 13 0.028613692 
544 118 9 10 0.02860325 
360 206 8 11 0.02855227 
685 101 8 12 0.028510816 
783 244 9 11 0.028481726 
617 212 9 12 0.028474277 
607 1 9 10 0.02846723 
536 165 9 12 0.02846143 
861 50 13 15 0.028452914 
530 109 9 11 0.028378008 
121 310 9 12 0.0283706 
353 79 7 10 0.028356705 
741 183 9 10 0.028237782 
960 286 8 10 0.02819824 
783 190 9 11 0.028196687 
56 395 14 18 0.028191693 
977 104 9 11 0.028166803 
48 240 11 16 0.028102567 
656 152 7 10 0.028100941 
189 539 14 17 0.02807133 
369 245 9 11 0.028071236 
201 231 9 11 0.028071053 
972 102 23 27 0.028057411 
698 52 8 12 0.02805187 
423 151 7 9 0.028044203 
919 93 11 13 0.028019764 
393 245 8 10 0.028006067 
589 15 9 10 0.027986616 
912 314 9 12 0.027932236 
896 126 8 11 0.027912632 
425 238 8 10 0.027909461 
942 197 8 11 0.027903432 
759 117 11 13 0.027880944 
831 278 8 10 0.0278794 
618 174 9 11 0.027867278 
897 104 10 12 0.027844232 
309 275 11 13 0.027817162 
231 213 7 10 0.027808608 
905 189 8 11 0.027792854 
865 134 8 11 0.027786227 
563 578 25 34 0.027783036 
486 103 8 9 0.0277436 
460 135 20 25 0.02772732 
384 127 9 10 0.027712503 
168 199 7 10 0.027698066 
873 141 8 10 0.02769323 
389 104 9 11 0.027687652 
479 182 7 10 0.02767192 
409 159 9 10 0.027565712 
273 218 9 12 0.027554542 
967 215 8 11 0.027513858 
158 188 10 12 0.027469425 
678 61 9 12 0.027463978 
502 29 8 11 0.027462775 
671 238 10 13 0.027450021 
1007 229 7 10 0.02741994 
807 165 10 13 0.02734163 
503 159 8 10 0.027329667 
235 143 8 11 0.027325952 
192 262 7 9 0.027303932 
869 59 11 14 0.02730333 
968 220 9 12 0.02729103 
566 231 8 11 0.027251057 
654 447 9 12 0.027244864 
271 135 7 10 0.027228381 
79 245 9 10 0.027194355 
673 258 11 13 0.027187508 
240 244 9 12 0.027173432 
689 53 8 11 0.027163323 
184 325 46 57 0.027127346 
910 149 8 10 0.027117511 
886 143 8 10 0.027111957 
502 319 7 8 0.027109046 
174 578 13 19 0.027090533 
897 602 11 15 0.027088191 
600 78 8 9 0.02702279 
664 135 8 11 0.027016845 
742 80 10 12 0.027012797 
245 151 7 9 0.027006181 
324 324 11 14 0.027000705 
624 77 9 11 0.026986403 
185 184 7 9 0.026969295 
193 157 8 11 0.02695782 
761 111 9 11 0.026935363 
559 119 9 10 0.026912823 
950 292 7 11 0.026887327 
232 205 8 10 0.026883967 
721 77 8 10 0.026880303 
976 217 7 9 0.026855607 
71 286 9 12 0.026846359 
198 256 9 10 0.026831826 
898 330 8 12 0.0268135 
878 166 8 10 0.026813343 
970 332 8 11 0.026779061 
648 166 9 10 0.026736045 
741 173 8 11 0.026726728 
975 85 10 12 0.026700597 
455 151 8 9 0.026695438 
867 45 11 14 0.026673842 
869 31 8 11 0.02666503 
543 62 7 10 0.026650868 
290 196 26 30 0.026646255 
781 174 7 10 0.026617639 
726 77 8 9 0.026605345 
908 103 10 12 0.026605029 
413 154 18 23 0.026604578 
511 28 10 12 0.02658214 
310 68 8 10 0.0265723 
254 109 10 12 0.026550863 
246 296 24 31 0.026546484 
317 266 12 16 0.026502449 
200 284 10 13 0.026499176 
328 69 9 10 0.026492449 
443 449 43 51 0.026446013 
628 86 11 13 0.026401963 
893 264 8 10 0.026375905 
294 128 8 9 0.026374988 
281 120 8 10 0.026334865 
983 198 9 12 0.026329929 
638 320 9 11 0.02632892 
288 152 8 10 0.026326213 
361 237 8 11 0.026326118 
935 255 8 10 0.026297834 
401 101 8 11 0.026294362 
800 136 8 11 0.02629036 
962 266 8 10 0.026226917 
546 491 17 22 0.026219683 
958 323 10 13 0.026191084 
629 184 9 10 0.02616058 
664 30 8 10 0.026157878 
621 0 11 12 0.026144393 
781 198 10 12 0.02612549 
543 352 8 11 0.026082486 
545 165 8 11 0.026060093 
61 246 9 12 0.026052462 
20 479 13 18 0.0260411 
656 118 9 11 0.026038894 
614 24 9 12 0.026010478 
654 70 8 10 0.025989326 
830 70 12 13 0.025980841 
511 240 10 12 0.025966583 
666 78 7 9 0.025949696 
760 221 10 13 0.025947131 
920 124 8 10 0.02591447 
743 69 9 11 0.025901223 
874 215 7 10 0.025892599 
806 262 8 10 0.025880143 
832 167 8 10 0.025847826 
788 42 13 15 0.02581789 
637 270 9 12 0.025810653 
670 159 8 9 0.025809923 
554 63 8 10 0.025804587 
221 248 8 10 0.025732404 
368 157 8 10 0.025731044 
536 215 8 10 0.025710113 
247 165 8 10 0.02571001 
655 223 9 11 0.025707442 
23 241 24 27 0.025695661 
875 164 8 10 0.02569377 
576 16 8 10 0.025676409 
976 80 10 11 0.025666283 
113 161 8 10 0.025664177 
915 24 11 13 0.025625348 
824 191 10 13 0.025593888 
250 88 9 12 0.025567446 
647 118 11 12 0.025560156 
944 307 8 11 0.025559941 
799 222 10 12 0.025555922 
646 16 7 9 0.02553539 
957 333 9 12 0.025527135 
134 30 8 10 0.025494304 
637 119 9 12 0.02546259 
741 166 9 12 0.025455868 
663 39 7 10 0.025429932 
359 376 9 11 0.02542972 
205 277 10 12 0.025426554 
135 247 8 9 0.025424527 
547 485 14 17 0.02541857 
206 263 8 10 0.025412103 
1001 211 9 12 0.025350945 
606 245 8 11 0.025341205 
469 62 9 11 0.025313022 
119 76 10 13 0.025259761 
254 294 12 14 0.025204105 
724 326 10 12 0.02514532 
826 276 9 11 0.025120901 
703 103 8 11 0.025116414 
899 600 19 23 0.02510702 
277 269 8 11 0.025059996 
670 15 7 10 0.025048591 
78 212 10 12 0.025047036 
519 229 7 10 0.025047008 
944 224 8 10 0.025042763 
688 36 8 10 0.025008423 
343 200 8 10 0.02500466 
251 304 13 19 0.024986967 
926 277 9 12 0.024952259 
657 212 8 11 0.024952132 
859 494 10 14 0.024921255 
788 227 11 13 0.024916226 
695 464 17 23 0.024902333 
537 28 9 12 0.02488775 
679 79 8 9 0.024867618 
265 214 10 12 0.02481776 
527 198 8 10 0.024816658 
718 357 9 11 0.024813605 
471 94 9 10 0.02479001 
999 166 8 10 0.024784928 
718 46 8 10 0.024767315 
662 200 8 10 0.024758834 
657 101 10 13 0.02472495 
418 61 8 10 0.024718283 
909 25 18 21 0.024693176 
614 134 8 10 0.02466833 
26 133 10 12 0.024583261 
331 285 12 16 0.024572143 
1015 269 8 13 0.024532363 
418 133 8 9 0.024514997 
801 152 8 11 0.024510212 
695 213 8 10 0.024499938 
926 183 9 12 0.024498438 
584 115 9 11 0.024476012 
224 214 8 10 0.024474718 
904 232 8 10 0.024450418 
929 172 9 11 0.024428159 
840 165 9 11 0.02439311 
789 256 10 12 0.024387669 
1008 212 8 11 0.024377936 
598 1 9 10 0.02436909 
630 189 8 10 0.024366496 
193 144 9 11 0.024353756 
135 38 10 13 0.0243385 
423 231 7 10 0.024285095 
581 149 9 12 0.024281079 
312 119 9 10 0.024279408 
784 239 10 12 0.024271231 
774 85 10 13 0.024269633 
163 118 9 12 0.024268745 
552 112 8 10 0.024254523 
970 366 8 11 0.02423823 
901 211 10 12 0.024151165 
702 39 7 10 0.024129352 
812 238 10 11 0.02412133 
1015 222 8 11 0.02411697 
1008 205 9 13 0.024116412 
868 37 9 11 0.024112703 
431 71 6 10 0.024105806 
833 253 8 10 0.024100896 
647 255 8 10 0.024079759 
980 334 9 11 0.024061857 
674 38 7 9 0.024046972 
567 144 8 9 0.024027223 
970 116 8 11 0.024007836 
351 190 8 9 0.02398886 
71 222 13 17 0.02397744 
493 230 8 10 0.023961203 
111 175 11 13 0.023944244 
943 259 9 12 0.023936521 
132 320 12 16 0.02393606 
953 278 8 11 0.023928512 
488 236 8 10 0.023892503 
367 373 9 11 0.023874357 
317 274 12 14 0.02385359 
309 126 9 10 0.02383403 
464 246 8 10 0.023828689 
957 342 8 10 0.02380188 
208 207 7 10 0.023794843 
162 213 9 11 0.023775011 
906 263 8 10 0.02376105 
929 255 7 10 0.023741717 
726 7 8 10 0.02373966 
129 38 9 11 0.023732278 
712 174 7 10 0.023724873 
654 374 11 12 0.023702065 
432 173 8 9 0.023694593 
112 32 7 10 0.02368834 
992 182 9 10 0.023665499 
481 150 8 10 0.023655185 
761 183 8 11 0.023619533 
624 135 10 11 0.023612639 
992 231 8 11 0.023606366 
376 210 10 14 0.023599474 
376 200 9 11 0.023585005 
824 182 9 10 0.023571983 
256 199 8 11 0.023555242 
77 220 12 18 0.023552738 
736 72 7 9 0.023547404 
1006 182 9 11 0.023538304 
712 141 8 11 0.023531059 
980 102 11 13 0.023495303 
255 102 9 12 0.023493377 
485 77 8 11 0.023461724 
615 276 10 12 0.023429152 
872 318 9 10 0.02338921 
727 54 8 10 0.023383483 
703 285 9 13 0.023379397 
728 39 9 11 0.02337512 
1007 628 10 12 0.023370078 
990 591 12 15 0.023359798 
663 159 8 9 0.023352396 
174 492 12 13 0.023351336 
350 86 8 12 0.023335505 
258 172 8 11 0.023309885 
398 246 8 10 0.023284113 
301 151 9 12 0.023217214 
750 591 18 22 0.023208255 
407 64 6 9 0.023207774 
407 96 8 10 0.023202332 
742 270 12 14 0.023196958 
591 337 8 11 0.023191571 
205 271 9 11 0.023191102 
10 243 11 13 0.023189913 
958 245 9 13 0.0231485 
400 69 8 10 0.023143906 
598 341 9 11 0.023136465 
417 188 8 11 0.023119852 
348 100 9 11 0.02311324 
861 71 10 12 0.023106338 
854 144 7 9 0.023103185 
394 224 8 11 0.023097899 
927 46 9 12 0.023086654 
586 467 9 13 0.02308401 
712 205 9 11 0.023075791 
711 120 8 11 0.02307463 
177 78 9 11 0.02306903 
428 134 8 10 0.023056366 
804 275 9 12 0.023040349 
607 343 10 11 0.023035537 
590 224 8 10 0.023022546 
662 55 8 11 0.022988472 
246 70 9 11 0.022987455 
187 510 24 29 0.022983437 
51 220 11 14 0.022983303 
802 157 9 11 0.022975935 
871 248 8 10 0.022966966 
148 526 22 27 0.022931375 
493 133 8 10 0.02293038 
156 353 26 37 0.0229241 
672 72 7 9 0.022923695 
693 311 9 13 0.02286233 
178 244 9 12 0.022848714 
1005 298 10 13 0.022845058 
527 231 8 9 0.022827242 
137 321 30 38 0.02282629 
971 566 9 12 0.022818973 
464 125 8 10 0.022812584 
976 361 10 11 0.02280183 
575 87 9 11 0.022778254 
189 77 9 11 0.02276657 
537 207 8 10 0.022755498 
821 22 10 12 0.022754913 
749 244 10 13 0.02274291 
1010 110 9 13 0.022707524 
656 8 9 10 0.022695897 
578 496 16 22 0.022679983 
168 192 7 10 0.022664264 
863 176 8 10 0.022592444 
563 550 11 14 0.022575902 
702 29 7 10 0.022573315 
801 285 11 11 0.022562379 
175 557 23 30 0.022547884 
438 119 18 25 0.022537539 
606 239 8 10 0.022533119 
544 56 7 10 0.022529121 
906 268 8 12 0.022527725 
567 214 7 9 0.022503508 
519 119 7 10 0.022491885 
676 88 19 24 0.02247526 
744 56 10 11 0.022450319 
477 208 19 26 0.022448974 
590 37 8 10 0.022430316 
119 303 9 12 0.02239937 
583 87 8 10 0.022351058 
366 162 17 23 0.022335554 
1014 135 8 11 0.022318823 
134 23 8 12 0.022316523 
337 206 9 12 0.022301922 
158 243 8 11 0.022297142 
431 263 10 12 0.022279594 
157 551 14 17 0.02227016 
950 310 8 10 0.022259446 
233 175 8 9 0.022254195 
653 499 11 13 0.022253139 
977 310 9 11 0.022210982 
753 184 8 10 0.022197993 
734 151 8 10 0.022187972 
937 128 8 10 0.022184974 
336 109 11 11 0.02216988 
672 0 9 10 0.022168856 
332 315 11 13 0.022137951 
801 126 8 11 0.022104038 
325 267 11 15 0.022073617 
108 598 28 31 0.022071484 
719 55 8 9 0.022047004 
360 200 8 10 0.022033475 
354 135 8 10 0.022011992 
896 143 9 10 0.021956664 
172 542 14 17 0.021942046 
621 565 12 15 0.021940626 
929 294 8 10 0.021939676 
858 100 8 12 0.021913415 
902 221 8 11 0.021904912 
686 503 8 11 0.021889793 
436 191 8 11 0.021880798 
848 158 8 10 0.021865742 
353 393 12 16 0.021810742 
933 321 10 11 0.021809673 
647 113 9 10 0.02178281 
184 152 9 10 0.021767939 
91 377 13 17 0.021764658 
983 119 19 24 0.021752397 
248 101 8 11 0.02174572 
960 27 10 12 0.021726025 
640 62 8 11 0.021725738 
928 230 10 12 0.02171676 
391 239 7 9 0.021706985 
565 252 10 12 0.021667814 
385 54 8 10 0.021665074 
188 563 16 18 0.021653706 
968 145 18 23 0.021643369 
936 307 10 12 0.02164093 
367 205 9 12 0.021615827 
569 191 8 9 0.021615252 
378 103 9 11 0.021614112 
609 54 8 10 0.021601412 
593 76 8 10 0.021599358 
590 348 8 10 0.021592012 
1006 224 8 10 0.021574402 
368 59 8 11 0.021562718 
830 215 10 13 0.02152413 
690 183 18 24 0.021475073 
783 45 10 12 0.021467512 
576 344 8 10 0.02145314 
545 136 7 10 0.02144499 
800 229 9 12 0.021441024 
890 223 7 9 0.021418048 
713 7 8 9 0.02139442 
895 151 8 10 0.021372637 
820 51 13 16 0.021368148 
911 344 7 9 0.021353805 
71 443 40 50 0.021350985 
904 343 7 9 0.021319374 
641 484 10 12 0.021314787 
919 238 9 12 0.021307657 
399 208 9 10 0.021305932 
342 205 9 12 0.021304376 
812 246 9 11 0.0212972 
797 204 10 13 0.02128141 
927 136 7 9 0.021279372 
657 324 9 12 0.021273835 
746 596 11 14 0.021257637 
297 260 11 16 0.021250932 
769 253 10 13 0.021234952 
405 188 8 10 0.021223793 
665 246 11 15 0.021219056 
894 158 7 10 0.021209022 
135 601 29 33 0.021202354 
648 86 10 12 0.021178268 
166 560 13 18 0.021170747 
230 103 7 10 0.021168647 
346 89 8 10 0.021164939 
864 248 9 11 0.021157794 
601 159 9 11 0.021128979 
554 77 8 11 0.02112253 
895 313 9 11 0.021094434 
423 141 8 10 0.0210739 
77 357 11 15 0.021073565 
361 228 9 11 0.02106433 
664 45 7 9 0.021049168 
768 103 10 12 0.02103055 
48 215 10 13 0.021023614 
245 215 9 12 0.021020679 
246 254 9 12 0.021011624 
904 173 8 11 0.021001551 
906 304 9 12 0.020971293 
194 603 17 20 0.020965433 
1005 326 10 12 0.020963626 
486 95 8 11 0.020948334 
926 599 9 11 0.02094672 
181 590 16 20 0.020918371 
701 586 10 12 0.020905912 
669 439 11 12 0.020828635 
825 175 8 10 0.020809755 
515 485 10 13 0.02078356 
370 237 9 12 0.020738682 
232 132 191 215 0.02071975 
959 166 9 11 0.020718146 
509 12 12 13 0.02070911 
942 94 9 10 0.020702451 
757 236 8 11 0.020699969 
374 142 8 10 0.020698078 
256 150 8 10 0.020691868 
497 62 8 10 0.020688329 
174 208 7 9 0.020682028 
256 182 9 11 0.020673504 
207 255 9 11 0.020670174 
126 610 42 48 0.02065385 
936 44 9 11 0.020641835 
812 253 8 11 0.02063501 
656 254 9 12 0.020630097 
928 269 9 12 0.020609923 
341 236 9 11 0.020595172 
437 55 8 10 0.02059119 
320 305 19 23 0.020589853 
707 597 11 15 0.02058 
84 219 13 17 0.02057135 
577 73 8 9 0.020568613 
904 245 8 11 0.020562781 
405 200 19 25 0.02055596 
738 105 19 22 0.020553304 
201 237 8 11 0.020553065 
980 644 13 16 0.020536318 
1000 325 9 12 0.020535488 
896 118 10 12 0.020522267 
948 302 9 12 0.020515788 
241 269 11 15 0.020504054 
853 135 9 10 0.020497702 
863 222 9 11 0.020478193 
452 469 45 51 0.02047797 
206 160 7 9 0.020438451 
243 143 9 10 0.020437865 
175 192 7 9 0.020435879 
424 420 10 12 0.020412156 
888 44 12 14 0.020397749 
359 172 7 10 0.020386914 
991 223 7 9 0.020373108 
272 149 8 10 0.020365909 
980 108 11 13 0.02032825 
993 254 9 13 0.020317486 
4 508 13 22 0.020316664 
391 128 8 10 0.020312712 
901 55 19 23 0.020303002 
640 212 8 11 0.020298427 
439 239 8 10 0.020298103 
254 230 11 15 0.020297064 
422 121 8 9 0.020288678 
535 22 10 12 0.02028335 
710 102 10 13 0.020277895 
302 272 13 17 0.020267522 
935 223 8 11 0.02026108 
528 174 8 10 0.020257473 
290 231 10 13 0.020249875 
321 332 10 13 0.020248262 
154 303 9 12 0.020244753 
736 192 18 24 0.020209929 
949 251 8 11 0.020167377 
553 23 9 11 0.020164069 
609 31 19 23 0.020158116 
633 7 8 9 0.020142449 
727 0 9 9 0.020133963 
697 285 10 13 0.020092057 
406 222 7 10 0.020086875 
479 239 8 9 0.020067623 
526 214 11 13 0.020060593 
689 46 8 10 0.020044345 
966 292 9 11 0.020044185 
448 176 8 9 0.020032115 
28 257 16 17 0.020007541 
