0_Parade_Parade_0_266
516
954 338 26 32 0.99578744 
28 418 14 17 0.96383137 
861 570 24 40 0.72477806 
908 439 22 27 0.6985845 
636 380 91 109 0.57367235 
451 410 17 21 0.5530747 
366 357 21 28 0.5440794 
957 310 10 12 0.36405805 
213 382 9 14 0.36146525 
995 322 18 23 0.35911787 
207 331 11 13 0.3329147 
265 436 9 11 0.3198733 
225 316 11 15 0.3149848 
128 331 10 14 0.29175702 
164 332 11 14 0.27055708 
153 316 9 11 0.2450633 
68 443 12 15 0.23442385 
48 335 10 13 0.23227501 
171 416 12 16 0.23040515 
27 449 16 18 0.22677834 
929 296 9 12 0.21107262 
128 406 11 14 0.20701492 
502 311 10 12 0.20625824 
929 426 20 30 0.20343031 
68 330 12 15 0.20025542 
79 428 12 14 0.19607253 
887 320 7 10 0.19505024 
703 354 44 79 0.18985109 
6 331 9 12 0.18931155 
815 318 8 9 0.18680662 
126 327 10 13 0.18324631 
148 415 11 14 0.17812237 
111 318 9 11 0.17571975 
25 334 10 12 0.17048775 
873 344 7 9 0.16891553 
912 317 8 10 0.16634738 
217 442 14 16 0.1658559 
356 522 16 18 0.16562073 
762 318 8 11 0.16110758 
921 440 17 24 0.16007571 
810 318 6 9 0.15789722 
792 349 7 10 0.15558714 
831 311 7 9 0.14004557 
934 413 22 38 0.13591243 
125 373 12 15 0.13586453 
225 339 11 13 0.13399504 
91 338 11 14 0.12902093 
871 311 8 10 0.12553957 
5 437 10 14 0.12354538 
95 445 13 16 0.12325981 
71 361 12 14 0.123011366 
6 428 9 13 0.12287204 
864 312 8 9 0.120180905 
133 333 9 12 0.11983312 
199 175 9 11 0.11974715 
933 362 11 13 0.11677157 
894 373 8 11 0.11635948 
142 341 9 12 0.11531217 
159 342 10 12 0.11476695 
175 327 10 13 0.11378976 
192 350 10 12 0.11245038 
93 451 12 14 0.11149915 
0 423 9 14 0.107590795 
999 411 18 35 0.10494158 
340 372 25 29 0.103758335 
229 423 9 11 0.103327125 
864 318 8 9 0.1023129 
119 371 14 15 0.10198691 
933 300 9 11 0.10100895 
95 395 10 12 0.10090299 
188 356 10 12 0.09987896 
225 427 9 11 0.09822222 
398 421 27 26 0.09640443 
938 395 25 40 0.09310649 
520 340 8 11 0.09261779 
911 311 8 11 0.09158535 
525 311 9 11 0.091258064 
1002 337 15 20 0.090466365 
991 307 13 15 0.08882562 
542 308 8 10 0.08852495 
1 325 11 16 0.085626155 
151 341 9 12 0.085346885 
842 319 7 8 0.08307397 
956 333 16 21 0.082702264 
216 459 10 13 0.08261343 
197 342 10 13 0.0813684 
773 357 7 9 0.08085026 
88 411 13 15 0.08021202 
902 329 7 9 0.08005079 
857 313 6 8 0.079768315 
207 452 10 13 0.07922069 
956 327 14 17 0.079040766 
837 366 8 10 0.07895913 
959 305 10 12 0.07819584 
782 310 8 11 0.07794051 
236 456 11 12 0.07628395 
120 334 10 13 0.0758716 
913 303 7 10 0.07580789 
838 359 7 9 0.07521984 
232 460 11 13 0.07481317 
560 325 7 10 0.07394656 
829 328 9 11 0.072970785 
117 339 12 15 0.07260695 
44 419 11 16 0.07247457 
133 374 12 16 0.07231129 
31 310 10 13 0.072169006 
996 304 11 14 0.07122094 
118 437 10 13 0.0710175 
793 343 8 10 0.070423715 
76 434 14 17 0.070403025 
304 334 9 11 0.070160955 
350 364 24 30 0.07015037 
136 341 9 12 0.06899447 
769 358 7 9 0.06825987 
239 439 9 11 0.06773997 
896 311 7 8 0.06772866 
240 389 9 10 0.067722745 
1002 315 20 30 0.06643172 
87 325 9 11 0.06642533 
215 453 11 13 0.06528086 
831 334 8 9 0.06522987 
182 446 11 15 0.06512569 
210 112 189 244 0.064886935 
121 325 9 11 0.0648097 
269 445 10 12 0.06468605 
873 349 7 9 0.06449495 
864 325 8 9 0.064424075 
106 318 9 12 0.063803814 
456 290 11 15 0.06356501 
257 424 8 10 0.061609443 
545 356 13 15 0.061248533 
117 319 9 11 0.060962047 
561 321 8 11 0.060886346 
904 312 7 9 0.060456883 
863 352 7 9 0.06041184 
92 458 13 15 0.06032565 
307 225 13 17 0.059523568 
212 325 11 13 0.059485715 
286 366 7 10 0.059469335 
192 344 10 12 0.058872335 
896 368 8 11 0.05885654 
334 129 26 30 0.05817896 
521 316 9 11 0.05688756 
180 333 9 12 0.056047317 
142 334 9 12 0.055992372 
852 510 12 16 0.05550648 
438 310 12 16 0.055248916 
817 336 7 9 0.055182267 
794 326 8 10 0.054818705 
106 325 9 11 0.05470211 
982 313 11 15 0.054439828 
230 439 10 13 0.05436985 
46 472 10 14 0.05420884 
605 283 13 15 0.05412999 
117 402 12 15 0.05401679 
251 477 10 13 0.05380506 
1008 309 12 15 0.053733267 
904 397 11 14 0.05364167 
468 346 14 17 0.053203683 
896 718 37 49 0.05315166 
214 254 10 13 0.0528559 
888 392 9 10 0.052598838 
29 338 10 13 0.052500203 
238 399 10 13 0.051199913 
902 359 7 9 0.051011153 
553 334 8 11 0.05099891 
228 312 11 14 0.050983325 
143 317 10 11 0.05080484 
34 414 15 18 0.050446056 
72 339 11 13 0.050248932 
245 431 9 11 0.050245937 
878 360 7 9 0.050204564 
924 428 15 23 0.0498942 
35 357 11 15 0.049794246 
88 320 9 11 0.04958378 
52 338 9 14 0.0494598 
499 310 9 11 0.048688386 
12 427 10 13 0.048503418 
798 335 9 11 0.048113838 
950 326 11 14 0.048078623 
141 327 10 11 0.047845837 
538 364 15 16 0.04780272 
159 327 12 14 0.047724564 
117 431 9 11 0.047353245 
153 278 8 11 0.047257785 
863 366 6 9 0.047086176 
878 492 27 34 0.046945423 
919 303 8 9 0.04591699 
963 309 11 14 0.04562382 
457 179 27 34 0.045412242 
849 353 7 9 0.04505605 
937 349 10 14 0.044835586 
52 366 11 14 0.044788904 
376 360 16 22 0.04477459 
221 462 9 11 0.04449691 
445 316 12 15 0.04442799 
778 319 9 11 0.044382304 
14 334 8 12 0.044272076 
526 305 8 10 0.044257104 
429 299 11 15 0.044080917 
234 399 9 12 0.044042826 
257 429 10 13 0.04387002 
937 342 10 12 0.04379396 
250 155 124 143 0.04352619 
176 319 10 11 0.04334082 
945 324 10 12 0.043136086 
125 338 12 15 0.04216059 
335 374 13 16 0.041909438 
76 359 10 13 0.041767426 
511 340 11 12 0.041512854 
4 317 12 14 0.04123638 
207 337 11 14 0.04100848 
882 319 8 9 0.04043027 
870 581 21 26 0.040376484 
149 335 10 12 0.04035002 
887 324 7 11 0.04034318 
913 357 7 9 0.040320612 
917 318 8 10 0.04025208 
877 343 8 10 0.040239446 
830 304 7 9 0.039999094 
589 317 12 14 0.039821614 
879 366 7 9 0.039806906 
265 478 11 13 0.039756488 
538 304 8 10 0.03968261 
447 396 26 31 0.03967685 
245 446 9 12 0.039347965 
100 439 12 15 0.039115768 
903 444 17 22 0.038893566 
561 303 7 9 0.03884613 
902 367 7 10 0.03863699 
41 340 9 12 0.03794652 
93 436 22 29 0.03788778 
463 299 9 11 0.03784322 
74 441 12 16 0.03782303 
845 573 27 37 0.037706338 
104 311 9 11 0.037612364 
0 485 7 13 0.03759614 
222 469 9 12 0.03747583 
826 327 7 9 0.037416052 
120 262 8 11 0.037224352 
246 146 14 15 0.036969185 
777 375 9 10 0.03692369 
127 321 9 11 0.03690954 
898 426 37 47 0.036770757 
525 350 10 11 0.036765926 
274 334 9 11 0.03657833 
157 348 10 11 0.036516674 
846 318 7 9 0.03641066 
264 444 10 12 0.036252853 
527 385 13 16 0.036162723 
856 357 8 10 0.036077756 
667 356 77 107 0.036049336 
870 317 8 10 0.036048308 
765 313 9 10 0.03598291 
889 313 7 9 0.035743535 
128 420 10 14 0.035616577 
144 311 10 12 0.035600055 
24 315 10 13 0.03558131 
63 450 13 15 0.035455726 
254 462 9 12 0.035449516 
848 313 7 9 0.035230234 
270 482 11 14 0.035226457 
858 318 7 8 0.035123754 
865 305 7 9 0.035098895 
861 357 8 10 0.03492586 
157 413 10 14 0.034825932 
50 303 16 19 0.034777258 
918 358 7 9 0.034668196 
898 327 8 10 0.03461372 
0 454 10 17 0.03454529 
1 285 9 13 0.034481447 
33 302 9 12 0.034473915 
244 437 9 12 0.03440028 
110 334 10 12 0.034369964 
268 433 9 11 0.03421034 
91 406 13 16 0.034174275 
809 314 7 9 0.03413355 
470 294 11 15 0.034048617 
674 419 32 44 0.03392111 
188 446 10 13 0.03391378 
898 334 7 8 0.033742968 
873 336 9 11 0.03371879 
130 410 11 15 0.033668894 
104 333 9 12 0.033597566 
552 297 7 9 0.033537716 
202 469 13 16 0.033416778 
798 340 8 11 0.033278327 
778 304 7 9 0.03317243 
503 306 8 10 0.033170223 
113 435 11 15 0.032972306 
871 305 7 9 0.032967366 
278 445 11 12 0.032848276 
722 372 28 56 0.032744426 
553 329 7 9 0.032713186 
832 340 8 10 0.032632455 
923 524 12 13 0.032621674 
538 309 8 10 0.032583427 
930 360 9 12 0.032569066 
888 335 7 9 0.03255955 
835 361 7 9 0.032538895 
799 320 8 9 0.032497223 
847 327 7 10 0.03234505 
461 320 14 20 0.032275677 
881 325 8 10 0.03222371 
204 174 12 13 0.03216988 
894 380 8 11 0.032168552 
216 403 9 12 0.032087233 
935 380 11 15 0.03185578 
123 439 10 12 0.031672213 
944 318 9 13 0.031644024 
134 328 10 13 0.031626172 
94 319 8 10 0.031415857 
212 206 16 20 0.031404108 
47 345 10 15 0.03130534 
141 378 10 14 0.031265013 
240 444 9 11 0.030763373 
12 315 12 14 0.030669305 
774 353 7 9 0.03043041 
888 342 7 10 0.030333523 
508 310 9 12 0.03020418 
542 350 12 13 0.030056529 
411 369 17 20 0.029999778 
878 312 7 9 0.029889695 
809 352 8 9 0.029878905 
5 451 11 17 0.029697979 
502 340 11 14 0.029626338 
991 306 22 26 0.029572833 
913 352 7 10 0.02922175 
827 303 6 9 0.02911732 
256 452 9 11 0.029097198 
843 606 11 16 0.029076684 
188 365 11 13 0.029064357 
898 360 7 9 0.02905572 
43 361 20 26 0.02902645 
176 365 12 15 0.02902458 
204 285 10 12 0.028960692 
928 325 9 12 0.028952643 
896 305 7 9 0.028863922 
341 141 16 20 0.028772585 
600 277 23 29 0.028708966 
510 304 8 9 0.028665332 
264 385 8 11 0.028652404 
182 339 10 13 0.028360145 
982 726 36 44 0.028325707 
78 326 9 12 0.028301056 
933 391 21 29 0.028059129 
36 308 10 14 0.028003601 
454 317 26 33 0.028000137 
158 279 8 11 0.02797698 
777 324 8 10 0.027862605 
386 347 12 16 0.027712278 
497 315 11 15 0.027686087 
136 347 11 12 0.027536424 
794 334 8 11 0.027519263 
585 315 11 15 0.027499663 
186 474 12 16 0.027408218 
237 465 12 15 0.027368413 
920 280 8 10 0.027343156 
150 406 10 13 0.027262019 
991 491 35 59 0.027208155 
934 386 11 17 0.027148899 
477 362 13 17 0.027138574 
947 478 30 40 0.026832424 
724 128 51 68 0.026789749 
281 359 8 11 0.026718134 
246 469 11 14 0.026683617 
110 374 13 15 0.026667072 
134 362 11 15 0.026640957 
525 342 9 11 0.026555605 
439 330 25 32 0.026515352 
0 443 10 17 0.02648913 
538 341 12 14 0.026487973 
495 325 10 13 0.026448408 
897 562 28 39 0.026410809 
277 454 13 15 0.026338497 
826 311 7 10 0.026320424 
991 328 23 31 0.026318463 
159 419 11 15 0.026317656 
358 360 16 21 0.02630993 
47 329 10 12 0.026233384 
943 312 8 10 0.026144449 
216 317 12 15 0.025907071 
954 309 20 24 0.025875876 
458 334 24 31 0.025808439 
941 296 10 11 0.025794094 
550 302 7 9 0.025717506 
842 326 8 10 0.025664829 
777 380 9 11 0.025650831 
371 348 17 21 0.025649356 
246 452 10 12 0.025574531 
209 379 18 24 0.025516199 
784 360 8 9 0.025507169 
7 313 11 12 0.025504712 
246 462 10 14 0.025465753 
435 300 13 17 0.025345815 
143 405 10 12 0.025339702 
88 347 11 13 0.025225572 
921 285 9 11 0.025176577 
894 390 9 11 0.025169237 
157 414 18 25 0.025125306 
149 398 9 12 0.025105895 
824 334 8 10 0.025037019 
245 390 8 10 0.0249915 
119 424 9 11 0.02498765 
89 396 10 12 0.024960937 
477 293 10 13 0.024913097 
565 319 8 10 0.024870228 
65 439 12 14 0.024852473 
180 326 9 13 0.024782091 
326 362 37 46 0.024671132 
831 316 8 10 0.024610614 
422 293 20 26 0.024490247 
167 425 14 17 0.024407445 
144 398 10 12 0.02432907 
934 373 11 15 0.024288017 
202 332 9 13 0.024081228 
602 285 10 13 0.024020491 
191 318 9 12 0.024013972 
890 368 8 10 0.023982832 
512 409 17 19 0.023921262 
793 320 8 10 0.023847647 
100 396 11 14 0.023828253 
201 326 10 13 0.023814484 
109 411 12 14 0.023810033 
891 583 31 37 0.023784636 
490 369 24 29 0.023757277 
926 288 9 10 0.02375272 
105 436 20 26 0.023671286 
116 312 9 11 0.02360197 
35 356 20 27 0.02356868 
245 471 19 25 0.023561059 
933 487 28 39 0.023399713 
77 341 10 13 0.023322083 
888 360 7 9 0.023266938 
910 390 11 13 0.02309901 
52 312 13 16 0.023054926 
7 402 14 17 0.023026567 
273 462 10 12 0.023010021 
895 343 8 10 0.023003846 
474 346 24 29 0.022929171 
124 367 11 13 0.022800364 
45 284 11 12 0.02279334 
89 444 10 14 0.0227611 
83 419 15 18 0.022753535 
110 423 10 11 0.022608899 
127 5 367 447 0.022602217 
216 310 11 13 0.022580748 
285 439 11 12 0.022561425 
496 332 9 13 0.022555593 
126 400 18 24 0.02253752 
757 335 9 11 0.022434892 
84 436 11 14 0.022393497 
271 451 11 13 0.022275256 
157 312 10 13 0.022258338 
976 311 9 12 0.022234824 
929 357 20 24 0.022230765 
37 294 10 12 0.022142768 
460 381 14 16 0.022139989 
231 452 21 24 0.022136888 
382 377 115 121 0.022102851 
878 335 8 10 0.022081995 
126 427 10 12 0.021941327 
231 225 11 14 0.021939822 
5 378 12 14 0.021913465 
39 350 9 13 0.021862216 
258 435 9 12 0.021835707 
261 425 8 10 0.021828048 
466 185 15 20 0.021827793 
101 339 10 14 0.021808112 
566 310 8 10 0.02177161 
692 480 17 20 0.02176476 
309 213 10 14 0.02174884 
454 297 12 14 0.021713383 
547 156 13 15 0.02161286 
219 396 11 13 0.02160519 
987 416 25 34 0.021541188 
104 404 10 15 0.021515604 
12 446 19 26 0.02128436 
198 315 11 13 0.021275165 
230 252 10 14 0.02126395 
110 398 14 17 0.021164225 
815 360 8 9 0.021125453 
231 417 9 10 0.02112521 
767 336 8 10 0.021102712 
565 304 8 10 0.021093484 
185 351 11 13 0.020965798 
222 251 12 16 0.020955097 
157 363 13 15 0.02093015 
521 364 21 26 0.020902527 
213 174 11 13 0.020892965 
879 374 9 11 0.020890512 
262 451 9 11 0.020869246 
103 430 10 13 0.020838194 
464 310 9 11 0.020763848 
496 305 9 11 0.020752884 
470 309 10 12 0.020622622 
989 318 36 55 0.020568805 
93 325 9 12 0.020532759 
233 467 10 13 0.020512138 
544 328 8 9 0.02050055 
53 426 12 14 0.020487528 
1010 337 12 19 0.020472953 
143 412 18 23 0.020385526 
157 358 10 12 0.020369472 
191 286 8 11 0.02031855 
439 213 11 13 0.02024601 
823 319 7 9 0.020243471 
928 389 10 14 0.020237608 
119 449 12 15 0.020234413 
135 319 9 11 0.020209737 
236 155 15 21 0.020161062 
935 335 9 12 0.020118639 
937 354 13 18 0.020070307 
176 449 14 16 0.020070229 
218 116 13 14 0.020033915 
142 363 11 13 0.020030057 
