0_Parade_marchingband_1_746
113
746 87 28 38 0.9995005 
141 79 33 42 0.999469 
815 94 31 42 0.9992331 
372 91 28 36 0.99888283 
763 46 29 37 0.99885356 
544 88 35 44 0.9987692 
425 80 27 36 0.99869883 
627 112 26 34 0.99806494 
300 75 26 33 0.99587196 
597 89 32 39 0.99378383 
169 65 25 39 0.94590497 
963 182 15 18 0.93055624 
927 182 12 16 0.8786882 
453 98 23 30 0.84724325 
1002 180 13 15 0.7230639 
957 159 10 13 0.7160857 
1005 164 12 13 0.58066046 
1001 135 11 15 0.5646501 
949 178 11 13 0.5018381 
942 138 11 14 0.4722996 
886 231 11 14 0.30952448 
19 104 22 28 0.2796554 
920 164 10 13 0.22756203 
998 212 12 15 0.2150657 
155 72 29 38 0.19081348 
599 80 25 30 0.14435674 
929 229 19 22 0.13528179 
436 87 25 33 0.13111287 
889 234 12 16 0.12256034 
879 175 11 14 0.115733 
610 97 29 36 0.096672766 
892 213 11 15 0.08867056 
858 201 15 19 0.08360616 
560 95 29 38 0.07548687 
589 93 25 36 0.07398883 
983 172 11 15 0.07360324 
1003 171 15 18 0.06567198 
3 212 12 15 0.06565024 
935 212 10 13 0.06510176 
35 97 14 21 0.062697314 
914 212 17 20 0.061942566 
767 99 26 35 0.060670584 
853 197 14 19 0.059745487 
924 175 12 14 0.059058156 
937 135 13 15 0.0589855 
882 179 12 15 0.05631394 
908 214 15 18 0.052890293 
932 221 13 16 0.051267292 
936 206 9 12 0.05111506 
576 93 22 33 0.049420968 
29 94 14 17 0.047931977 
972 172 11 15 0.046318658 
974 166 10 13 0.045647085 
287 74 25 30 0.045260075 
1005 219 13 17 0.04341151 
964 164 12 15 0.043210402 
889 151 10 13 0.042559773 
1011 159 12 15 0.04189464 
739 221 14 17 0.040438626 
950 149 10 12 0.039082438 
1000 197 11 13 0.038786016 
1012 170 10 14 0.0376056 
921 170 11 15 0.03748739 
886 221 12 15 0.0374114 
811 227 16 17 0.036203332 
20 116 17 24 0.0356908 
1015 149 9 13 0.035405215 
1015 141 9 13 0.034886207 
923 159 11 14 0.03229706 
796 238 12 15 0.03214468 
944 145 11 13 0.031357843 
796 95 17 22 0.03125127 
1006 154 19 25 0.03006255 
960 194 10 13 0.029504329 
918 225 13 16 0.029325383 
1010 180 11 13 0.029270066 
1013 133 10 13 0.028963903 
975 142 8 10 0.028793508 
949 182 14 18 0.02847739 
925 220 14 17 0.02787927 
1006 129 9 12 0.027825775 
920 141 8 11 0.027726516 
25 110 25 31 0.027629739 
903 213 12 16 0.027357262 
969 134 9 10 0.025756106 
955 152 19 24 0.025486201 
892 154 10 14 0.025387209 
1014 204 10 14 0.025089357 
432 218 34 43 0.02505601 
927 238 16 20 0.024911229 
940 134 19 23 0.024475146 
925 214 13 15 0.024237528 
459 334 16 20 0.024129957 
871 218 12 15 0.024113389 
989 237 13 15 0.024107624 
42 99 13 19 0.024001507 
885 166 12 15 0.023943687 
28 239 10 12 0.023739964 
887 206 10 16 0.023566794 
14 111 17 21 0.022610756 
177 84 17 22 0.022531636 
846 198 15 20 0.021976423 
916 204 14 17 0.021775682 
754 75 30 41 0.021463854 
878 220 13 16 0.021454021 
601 209 30 38 0.02143429 
952 237 12 15 0.021361599 
573 96 16 23 0.02109373 
933 165 11 14 0.020939475 
580 261 13 18 0.020722594 
940 212 10 12 0.020722227 
460 298 54 63 0.020358367 
902 235 11 14 0.020011142 
