0_Parade_Parade_0_854
35
527 267 38 48 0.99771786 
791 435 44 51 0.9915867 
983 455 32 51 0.98776454 
121 726 27 32 0.9813292 
160 728 20 24 0.9746875 
616 484 29 37 0.33187437 
25 747 18 19 0.2529654 
183 742 13 16 0.23206034 
145 748 15 17 0.09850961 
998 467 26 46 0.09392537 
399 159 12 17 0.091953546 
940 455 28 44 0.05920022 
135 738 23 26 0.045105733 
53 743 17 18 0.044416875 
123 723 47 46 0.039010003 
6 401 14 19 0.038687516 
102 671 11 14 0.036874015 
181 751 14 15 0.03456917 
151 717 40 45 0.030138478 
841 32 31 37 0.029423155 
1 393 22 33 0.028283648 
951 527 46 58 0.027733687 
996 597 30 34 0.02760281 
396 165 39 50 0.025948234 
24 743 13 16 0.02593097 
895 590 12 16 0.02508691 
410 177 15 20 0.023941824 
1010 479 14 27 0.023650689 
723 79 17 20 0.023600329 
459 284 26 28 0.02323092 
182 735 21 29 0.023071028 
933 564 10 15 0.02204172 
999 609 22 34 0.020816276 
616 491 45 46 0.020529456 
522 287 35 39 0.020109544 
