0_Parade_marchingband_1_188
214
549 516 12 14 0.9287884 
685 347 11 15 0.88131183 
252 501 12 14 0.85911715 
574 565 12 16 0.7636317 
920 487 10 13 0.72454673 
442 548 12 14 0.6457233 
520 367 9 11 0.53060746 
711 407 9 11 0.46387136 
797 358 9 12 0.38018233 
588 324 9 11 0.35616955 
604 408 9 12 0.32281056 
784 383 9 11 0.30056772 
209 418 12 15 0.27430993 
557 540 17 21 0.26144314 
242 325 8 10 0.23021619 
118 333 8 11 0.21202897 
49 430 10 12 0.18824331 
462 443 12 13 0.17720968 
694 283 9 11 0.16806224 
860 424 13 16 0.16444618 
159 368 9 10 0.15360291 
617 433 8 11 0.14920276 
868 370 14 17 0.14851211 
605 342 9 11 0.14244789 
681 304 8 11 0.12453044 
342 321 7 9 0.11348637 
618 382 9 12 0.11243135 
628 73 12 16 0.11146745 
295 247 9 12 0.11014297 
360 253 9 12 0.107884735 
334 267 9 11 0.10640369 
725 326 9 11 0.10560724 
487 211 10 14 0.10520681 
721 304 9 10 0.10288005 
505 397 9 10 0.10131131 
610 279 9 11 0.09525716 
696 315 13 14 0.09387278 
167 386 12 13 0.08716088 
998 247 9 12 0.08540349 
301 375 7 9 0.08450567 
715 349 12 13 0.08047019 
680 342 12 17 0.07745962 
63 321 8 11 0.077090874 
112 588 12 13 0.07653504 
328 264 10 13 0.074972644 
704 368 9 12 0.0705391 
554 263 9 12 0.06840788 
508 248 12 15 0.06674357 
783 448 8 11 0.06656295 
343 245 10 12 0.06570961 
776 191 11 12 0.06384709 
676 388 11 13 0.061282814 
428 252 12 16 0.060927175 
665 392 8 10 0.06045172 
196 494 14 20 0.06019767 
511 227 12 17 0.059770394 
504 279 8 11 0.05819605 
673 390 9 12 0.056907933 
998 248 13 20 0.055337865 
496 240 12 15 0.05500774 
294 389 8 10 0.054962285 
694 332 12 14 0.05476888 
217 176 8 9 0.053697858 
701 312 11 13 0.05308738 
619 307 11 13 0.05262085 
248 144 8 11 0.05077719 
489 189 10 13 0.05002071 
590 357 9 11 0.049421128 
305 232 10 11 0.047860466 
692 341 13 16 0.047511213 
453 319 8 10 0.04709772 
43 453 16 19 0.046274222 
806 383 8 11 0.046136767 
604 318 15 19 0.04613456 
585 320 9 13 0.044591483 
453 350 9 11 0.04454417 
599 319 11 14 0.04446042 
697 325 11 14 0.044023484 
775 446 8 11 0.043423437 
720 332 11 13 0.04279316 
365 252 9 13 0.042775877 
43 439 17 19 0.04256333 
622 388 9 12 0.042252798 
863 368 13 16 0.04205986 
710 354 12 13 0.04192721 
341 237 12 14 0.041310985 
854 461 11 14 0.04087129 
795 363 10 13 0.040542066 
715 355 12 13 0.04035179 
336 351 8 11 0.04023207 
621 439 8 10 0.04008114 
143 208 10 13 0.038752332 
501 242 13 17 0.038741793 
614 373 10 12 0.037721742 
222 315 11 13 0.03739872 
600 348 11 13 0.03577522 
454 323 9 11 0.03553023 
758 270 10 15 0.034894276 
678 332 9 12 0.034779403 
785 454 9 12 0.034737203 
33 492 12 15 0.034421124 
249 262 9 11 0.033895236 
301 244 10 15 0.033834945 
244 357 10 12 0.033396766 
863 377 14 18 0.032703064 
727 320 10 13 0.03251291 
799 352 10 15 0.032347646 
611 283 10 13 0.032251302 
501 228 14 19 0.031754993 
873 366 13 16 0.031630464 
295 269 10 12 0.030749233 
694 292 11 12 0.030670483 
249 300 13 16 0.030535689 
196 478 13 16 0.030149337 
616 304 10 13 0.030148651 
145 246 10 13 0.030144505 
515 249 12 16 0.029763727 
994 245 9 13 0.029596563 
801 383 8 11 0.029470693 
150 204 12 16 0.029462649 
799 339 10 14 0.029293977 
496 435 11 13 0.029000951 
437 271 9 11 0.02886917 
217 180 10 12 0.028824853 
252 564 18 18 0.028461613 
782 422 9 12 0.028423166 
725 308 9 11 0.028267324 
445 309 11 14 0.028263584 
342 251 9 12 0.027939696 
686 308 10 13 0.0278671 
703 348 11 15 0.027854873 
702 302 9 12 0.027710743 
206 435 14 16 0.027696358 
325 320 8 9 0.027682995 
497 407 8 11 0.027515996 
605 333 12 14 0.027461648 
716 341 12 15 0.027451385 
216 197 11 14 0.02744853 
770 446 8 10 0.0273006 
154 366 9 13 0.027091868 
594 310 9 11 0.026875705 
994 241 8 10 0.026709227 
766 230 9 14 0.026591979 
590 351 9 12 0.026551316 
151 373 10 13 0.026216727 
863 385 11 13 0.026165342 
229 317 10 12 0.02585347 
327 231 9 11 0.025427297 
511 215 9 14 0.025315857 
506 214 19 28 0.025195315 
437 317 13 15 0.025165737 
600 421 10 13 0.024942605 
790 413 12 14 0.024626829 
354 285 10 13 0.024546415 
503 214 11 14 0.024525268 
707 371 11 13 0.024443625 
800 388 9 10 0.024263427 
340 262 10 13 0.02424129 
503 302 12 14 0.024171164 
562 547 19 24 0.02401515 
126 351 9 10 0.02401322 
695 300 11 13 0.023896636 
422 274 10 14 0.023891475 
148 379 11 14 0.023867259 
469 430 10 11 0.023691848 
207 424 14 17 0.023346411 
778 422 8 12 0.023273047 
898 149 10 13 0.023259828 
718 389 9 11 0.02322877 
51 425 11 13 0.023065196 
608 72 9 11 0.02300487 
788 419 14 16 0.02294514 
119 312 9 11 0.022869019 
966 288 13 16 0.022851937 
336 253 10 12 0.022763124 
724 356 11 13 0.022746613 
493 174 9 11 0.022651825 
508 302 10 12 0.022649543 
474 252 15 17 0.022465115 
544 518 15 18 0.022458922 
672 407 10 11 0.022451412 
672 414 9 11 0.022449654 
144 229 9 12 0.022342997 
525 348 10 13 0.02227623 
142 351 11 14 0.022182709 
790 388 8 10 0.021958932 
152 199 11 13 0.021887057 
550 314 13 16 0.021784535 
690 280 9 12 0.021768931 
797 372 10 12 0.021756113 
357 288 11 15 0.02146615 
613 71 10 14 0.021309659 
430 324 11 13 0.02128334 
507 391 9 12 0.021273637 
143 221 10 14 0.02126746 
358 324 9 10 0.021250186 
488 183 11 13 0.021245824 
695 371 12 13 0.021164443 
783 359 9 11 0.021124797 
118 338 9 11 0.0210098 
111 326 12 15 0.02097968 
492 315 13 16 0.020903405 
551 538 15 22 0.020817725 
248 266 11 14 0.02073711 
915 499 13 17 0.020597445 
590 374 9 11 0.020597419 
221 192 106 131 0.020553792 
308 234 11 14 0.02042472 
411 272 16 19 0.02040417 
347 245 11 14 0.020366022 
63 430 11 13 0.020262117 
163 364 11 14 0.020213211 
609 304 21 24 0.020195318 
514 233 13 17 0.02017664 
