0_Parade_marchingband_1_932
75
851 356 31 37 0.99936837 
434 336 32 37 0.9992446 
47 331 31 40 0.9991394 
721 344 32 35 0.99789834 
482 339 23 28 0.42084956 
642 375 18 22 0.4062068 
541 344 17 20 0.32010204 
712 299 12 16 0.2037739 
114 358 13 16 0.11142753 
727 222 12 15 0.11045353 
106 354 23 27 0.089906104 
498 347 13 16 0.080373295 
847 274 10 13 0.07957436 
485 87 9 10 0.078246176 
855 276 10 12 0.077257484 
163 364 11 13 0.07639776 
78 365 14 18 0.07157659 
648 366 11 14 0.06370561 
83 433 13 16 0.061612822 
679 368 11 14 0.060528632 
745 282 22 32 0.057572592 
729 226 13 17 0.055766433 
692 371 14 18 0.048579276 
410 96 8 10 0.046813056 
566 135 8 9 0.042544063 
541 333 16 19 0.041878834 
641 302 10 11 0.041560624 
684 366 12 16 0.041332673 
875 505 13 14 0.04104898 
455 121 8 10 0.03975162 
499 355 13 18 0.039186142 
122 379 16 19 0.039175387 
84 357 15 18 0.037304904 
661 329 10 14 0.03595945 
517 359 11 13 0.03523649 
526 351 11 14 0.03484642 
106 367 16 21 0.03407543 
88 431 25 29 0.033951525 
653 364 12 14 0.03336975 
406 115 10 12 0.032474454 
509 356 11 15 0.03238501 
705 279 15 19 0.03236521 
757 286 11 15 0.03187926 
437 245 10 12 0.031351782 
82 370 15 17 0.03134731 
859 270 11 14 0.031264096 
660 378 12 16 0.03067651 
160 371 12 14 0.030623315 
859 276 12 14 0.030528663 
732 198 10 13 0.030511882 
110 352 13 16 0.030463204 
659 369 14 18 0.027903602 
648 383 15 19 0.027245283 
852 222 11 12 0.027097097 
85 378 13 16 0.026681643 
170 417 14 18 0.02667698 
161 359 11 13 0.02578066 
893 437 15 17 0.02567413 
819 304 14 19 0.025190959 
991 350 11 14 0.024942309 
422 111 9 11 0.02491181 
1008 332 10 14 0.02394119 
95 440 14 17 0.023463476 
542 337 27 33 0.023274146 
436 250 14 15 0.02272177 
518 364 13 15 0.022662636 
808 306 10 14 0.022607772 
679 377 22 27 0.021876868 
446 142 9 11 0.021747008 
869 276 11 14 0.021631554 
471 354 12 17 0.021533672 
500 85 10 14 0.0212507 
460 276 12 16 0.021053873 
528 313 11 13 0.02057996 
91 364 12 15 0.02025826 
