0_Parade_marchingband_1_869
77
70 194 60 77 0.9996958 
302 200 59 81 0.9988116 
519 200 52 73 0.9967686 
704 326 45 56 0.99551266 
176 468 67 68 0.9083731 
2 339 54 57 0.83662736 
888 336 46 58 0.68781364 
166 452 34 47 0.3169068 
451 278 28 38 0.2572513 
746 382 18 26 0.24055731 
140 231 48 59 0.17906597 
805 427 31 38 0.16655633 
667 495 26 39 0.1610635 
549 272 22 35 0.11453027 
854 538 14 18 0.102634214 
10 316 55 56 0.09657728 
862 333 47 54 0.08706017 
252 186 46 68 0.07154361 
460 268 41 48 0.06508767 
248 183 30 49 0.0576056 
1006 591 9 12 0.05631318 
770 351 36 47 0.055266123 
160 442 27 43 0.052020855 
832 542 11 15 0.048873484 
248 275 50 72 0.047957346 
734 583 43 36 0.047572896 
169 477 44 51 0.046686962 
0 359 39 48 0.04463911 
821 559 11 13 0.042465232 
755 361 38 49 0.04235486 
1000 611 12 17 0.042296518 
49 217 31 40 0.0420513 
1006 574 9 13 0.041580424 
1001 581 8 10 0.04136906 
652 465 41 52 0.039143413 
483 259 26 35 0.038648147 
873 523 16 20 0.038470674 
822 442 13 19 0.03815523 
860 351 28 36 0.03780843 
1013 564 10 14 0.03779819 
755 403 23 30 0.037468556 
860 414 27 33 0.035925847 
858 530 19 26 0.03439871 
653 502 29 37 0.033704653 
602 253 42 52 0.033527613 
754 552 17 22 0.033065483 
637 462 22 28 0.031938296 
538 253 36 51 0.030105006 
646 461 32 35 0.02974441 
974 509 8 10 0.029330771 
82 376 27 38 0.028895918 
884 521 16 19 0.028459122 
676 459 30 35 0.028084679 
419 375 16 19 0.027629806 
961 472 9 11 0.027061434 
810 518 17 20 0.027048621 
615 347 44 57 0.026449693 
960 478 9 12 0.0259764 
1002 589 10 12 0.025771404 
691 462 17 21 0.025701877 
960 485 9 11 0.025694177 
204 588 22 26 0.02513742 
769 582 35 40 0.024447495 
261 257 48 71 0.024357954 
1005 617 10 15 0.024319418 
128 251 53 66 0.023628252 
453 648 30 33 0.0226289 
971 489 13 15 0.021746812 
993 510 9 12 0.021708485 
132 371 25 29 0.02153213 
747 375 37 50 0.021291684 
1014 621 9 14 0.020761937 
699 247 16 21 0.020487923 
958 532 10 13 0.020353917 
891 529 13 17 0.020245383 
861 520 22 29 0.020029506 
990 610 12 16 0.020006828 
