0_Parade_Parade_0_468
30
470 640 258 318 0.99984956 
15 592 83 117 0.9580561 
188 555 36 43 0.14356087 
824 1219 28 35 0.11053428 
-1 811 21 45 0.096033856 
99 609 40 55 0.08709039 
520 527 341 507 0.07232268 
837 1232 35 34 0.06331057 
850 1229 29 30 0.056491975 
170 736 68 83 0.050213546 
85 382 200 276 0.04507865 
39 296 373 474 0.043792155 
153 494 52 47 0.042923536 
570 825 406 548 0.04219108 
200 987 111 177 0.036863603 
625 405 30 28 0.03666945 
989 1207 35 43 0.033256643 
867 1223 17 26 0.02889409 
808 1222 50 52 0.02714964 
835 1211 44 46 0.02646725 
222 1012 415 502 0.026465803 
879 1168 30 39 0.026142845 
612 399 28 34 0.025034806 
770 1045 37 38 0.024395268 
828 1246 40 47 0.024066659 
693 114 100 144 0.022930028 
936 1160 33 41 0.022248218 
642 402 26 32 0.022233654 
696 35 107 155 0.021271834 
69 609 52 68 0.02018048 
