0_Parade_marchingband_1_234
152
434 312 16 21 0.9917989 
306 313 17 20 0.9917979 
507 255 16 19 0.99096197 
612 321 17 21 0.9909129 
667 321 18 23 0.9901738 
745 273 17 18 0.98986745 
582 414 16 22 0.9887855 
672 211 14 17 0.9879857 
843 251 16 20 0.9863935 
555 312 17 21 0.9799318 
785 320 17 21 0.97869027 
317 260 16 19 0.97717446 
333 410 18 23 0.973117 
863 302 15 19 0.96739054 
468 235 14 17 0.9657069 
404 411 17 22 0.96473753 
254 255 15 18 0.9621065 
642 249 17 18 0.96110487 
366 307 17 23 0.956225 
402 290 15 17 0.9532621 
469 402 19 24 0.9520313 
570 268 15 18 0.94898856 
836 329 14 17 0.94364005 
437 262 13 15 0.94310707 
282 420 14 19 0.94063425 
702 255 15 17 0.93852526 
207 420 15 19 0.93701774 
539 292 16 19 0.9287216 
482 177 15 18 0.92824584 
401 220 13 16 0.9222872 
284 296 15 18 0.9180449 
758 419 17 21 0.91798395 
775 255 15 19 0.9178655 
805 283 18 19 0.91748375 
227 222 14 17 0.91633177 
375 266 14 16 0.9140905 
703 419 16 21 0.9134995 
291 230 14 17 0.9119559 
526 415 14 19 0.9012086 
186 331 17 20 0.8995145 
646 411 17 21 0.8874135 
737 230 14 18 0.8832179 
488 307 16 20 0.87815976 
727 318 17 20 0.8776198 
242 330 17 21 0.87403786 
344 281 13 17 0.87112874 
531 224 14 17 0.8550632 
606 303 17 20 0.8536876 
677 291 15 19 0.8483277 
355 230 13 17 0.83318645 
604 208 13 16 0.8197388 
555 168 15 17 0.7725788 
469 310 14 17 0.72422856 
216 292 15 20 0.7054847 
460 271 10 13 0.32761225 
562 132 29 33 0.3137491 
776 224 12 17 0.19462828 
703 226 10 14 0.14467037 
476 140 32 37 0.13199691 
352 204 10 14 0.12697534 
401 189 10 14 0.11545443 
343 287 16 20 0.11535114 
596 260 14 18 0.11374593 
288 202 11 15 0.10198903 
531 269 13 17 0.10115093 
612 268 13 17 0.09262856 
675 252 11 14 0.091234945 
204 293 14 18 0.08892047 
735 201 11 15 0.08868073 
679 284 15 17 0.08153647 
344 251 12 16 0.0777825 
607 310 19 23 0.07215491 
542 258 13 16 0.06449679 
671 183 10 12 0.06405708 
645 217 11 15 0.06395294 
455 252 11 15 0.05995758 
612 262 12 15 0.057246886 
319 229 10 13 0.05617541 
250 325 15 20 0.053668473 
296 259 12 17 0.05339192 
726 258 13 17 0.05094923 
603 258 16 19 0.050818298 
433 228 11 15 0.05013391 
808 252 11 15 0.047920853 
635 425 14 19 0.046558548 
640 308 12 16 0.045602713 
608 204 13 17 0.04163054 
142 429 9 11 0.041584555 
426 284 12 14 0.04019938 
453 260 13 15 0.039390545 
788 311 15 18 0.03737016 
725 310 17 21 0.03689158 
696 227 12 15 0.03566897 
655 236 13 16 0.03517875 
497 307 14 19 0.034318764 
673 283 14 17 0.03358207 
407 267 12 14 0.03301405 
298 233 13 16 0.032866705 
356 201 9 12 0.032070406 
716 299 14 17 0.03106866 
157 461 9 10 0.030546742 
483 137 16 19 0.030471342 
499 461 9 12 0.030194473 
203 283 24 28 0.030089397 
462 283 12 16 0.02955191 
716 282 14 17 0.029393787 
836 288 13 18 0.029320022 
649 245 15 19 0.028604824 
552 150 25 29 0.02832587 
691 282 13 16 0.027780073 
1004 558 21 31 0.027590616 
236 191 10 13 0.027553871 
191 325 17 20 0.027221043 
792 314 16 22 0.027185932 
278 258 13 17 0.027023016 
471 204 12 15 0.02680062 
720 259 10 14 0.02672747 
481 130 29 31 0.02643136 
827 282 16 20 0.026377399 
662 276 13 16 0.026057146 
582 295 15 20 0.025991766 
461 263 10 14 0.025953434 
866 294 16 20 0.025917757 
233 194 10 14 0.025898216 
391 245 13 16 0.025525944 
727 486 10 12 0.024547854 
265 479 8 11 0.024512185 
232 224 15 19 0.024504846 
805 291 16 21 0.023688003 
733 267 12 17 0.023651991 
533 261 13 17 0.0233517 
581 202 14 17 0.023298943 
877 291 12 17 0.023116644 
638 415 17 22 0.02301447 
356 238 14 17 0.023006005 
475 229 13 17 0.022928512 
494 465 10 13 0.022729903 
224 216 12 17 0.022716388 
736 273 12 17 0.022601712 
455 271 18 23 0.02249231 
747 236 12 15 0.021985877 
919 318 9 12 0.021766052 
253 318 12 16 0.021637116 
326 306 15 19 0.021494722 
483 146 19 22 0.020833042 
724 283 12 16 0.020617478 
590 263 14 19 0.020526782 
643 312 15 19 0.020303642 
671 247 12 15 0.020296955 
741 460 11 14 0.020249471 
737 453 9 13 0.020009516 
557 123 25 31 0.020004148 
