0_Parade_marchingband_1_355
75
563 83 29 46 0.99888355 
455 109 26 37 0.99692094 
689 102 42 54 0.996058 
885 106 29 39 0.99568594 
815 176 31 41 0.9941837 
352 106 25 30 0.5717232 
537 112 17 22 0.571321 
342 111 28 34 0.28839424 
814 125 23 28 0.16566068 
963 109 11 16 0.13351685 
907 83 24 28 0.13000636 
139 53 13 16 0.11575416 
696 55 10 14 0.09466699 
983 164 13 15 0.090009175 
326 12 28 36 0.08835249 
533 86 9 11 0.07448505 
584 163 37 50 0.071827225 
333 119 30 35 0.07141161 
205 61 13 18 0.07136154 
331 113 48 58 0.067545 
988 184 16 20 0.061962195 
464 167 38 48 0.05500475 
898 88 41 49 0.05453943 
513 153 15 19 0.053907063 
772 237 12 15 0.048994634 
429 126 8 11 0.048343047 
542 100 26 34 0.04783871 
959 102 19 27 0.047395833 
789 108 14 17 0.04279109 
338 128 18 21 0.04267191 
111 324 9 12 0.03967089 
810 81 13 17 0.03738203 
658 111 13 16 0.037058022 
422 119 10 13 0.036693443 
750 127 31 35 0.03646122 
660 112 24 32 0.036429256 
965 62 13 18 0.03637355 
161 37 11 14 0.0358297 
928 130 17 22 0.035770327 
379 124 12 15 0.035680518 
196 57 23 28 0.03529334 
120 301 8 9 0.033918396 
922 103 27 36 0.033844735 
125 84 15 19 0.03366755 
191 2 31 33 0.033135783 
423 124 11 15 0.029905083 
867 135 14 19 0.029857686 
549 88 29 37 0.029703451 
563 42 13 19 0.02890004 
106 303 7 9 0.028775752 
124 77 25 31 0.028560003 
981 160 20 26 0.027964 
333 125 14 18 0.027949722 
408 162 12 17 0.027449133 
436 51 10 12 0.027334556 
136 47 12 15 0.026909307 
594 112 16 21 0.02629577 
590 105 29 33 0.025724646 
389 120 15 18 0.025297998 
196 77 15 20 0.024736557 
201 8 17 21 0.024484836 
336 136 12 16 0.02441012 
367 103 26 31 0.02312112 
126 301 8 9 0.022447845 
73 303 7 10 0.022210393 
530 97 23 30 0.022206914 
179 0 17 15 0.0218822 
429 120 10 11 0.021118795 
178 1 31 31 0.020795472 
777 104 25 31 0.020792034 
147 46 11 14 0.020302428 
117 51 11 14 0.02016272 
415 116 11 16 0.02013049 
327 129 13 16 0.02001357 
531 91 12 16 0.020006604 
