0_Parade_Parade_0_137
139
752 449 18 25 0.7724065 
714 447 15 20 0.7121405 
105 277 24 33 0.58410656 
661 484 16 23 0.5042295 
951 460 18 23 0.43755165 
1011 490 14 24 0.31012607 
964 486 18 23 0.28865364 
237 469 14 16 0.23018023 
708 352 18 24 0.22533964 
659 472 26 32 0.19512789 
656 454 24 31 0.1947011 
133 298 53 58 0.1827564 
507 351 19 23 0.1571034 
1004 339 14 20 0.14852066 
998 512 14 17 0.12206269 
58 341 34 39 0.11065656 
0 431 12 19 0.09521618 
926 366 23 29 0.0942127 
716 469 25 31 0.08635489 
932 366 13 16 0.086178906 
341 350 17 21 0.08161345 
686 376 16 19 0.0816122 
929 307 9 12 0.07823694 
518 340 25 35 0.07298188 
646 363 13 16 0.07095309 
1015 315 9 14 0.07092582 
618 392 16 21 0.069455065 
443 313 45 54 0.06774939 
0 449 11 23 0.06644935 
672 392 12 16 0.06481354 
997 316 9 11 0.06369465 
300 330 49 57 0.06266179 
1 321 19 31 0.06123241 
738 494 52 63 0.057475816 
528 335 30 41 0.05349276 
672 480 17 21 0.051240467 
332 360 14 19 0.04900643 
906 340 14 18 0.046602942 
260 352 13 17 0.04656195 
330 347 25 29 0.045231733 
11 363 28 36 0.04490153 
514 339 17 21 0.04409969 
1014 283 10 16 0.043093707 
540 324 36 40 0.042517513 
761 449 24 24 0.04131098 
-104 348 507 438 0.040513393 
458 326 26 34 0.040436067 
733 355 9 13 0.04033753 
715 453 25 31 0.039512027 
659 444 16 20 0.03847991 
756 504 33 36 0.037841596 
583 392 31 37 0.037825763 
692 402 16 18 0.037604302 
915 315 11 14 0.03656568 
517 331 16 19 0.035838023 
653 451 17 25 0.0357624 
476 329 16 21 0.034899753 
913 312 10 12 0.034054954 
116 282 88 94 0.033981264 
378 342 11 14 0.033921752 
906 403 15 20 0.033384815 
745 365 11 15 0.032074183 
503 316 9 12 0.031719152 
995 407 15 22 0.031705257 
213 365 25 30 0.031112006 
997 512 23 30 0.030061493 
468 341 15 21 0.03005148 
801 330 14 19 0.030039633 
821 383 35 36 0.029222755 
581 342 16 22 0.029114714 
611 387 19 22 0.02899676 
59 334 53 64 0.028984496 
523 351 14 22 0.028957777 
1005 551 16 20 0.028700491 
629 365 448 415 0.028576162 
648 458 13 19 0.028413648 
595 342 15 20 0.028377954 
703 335 8 10 0.028362943 
682 410 26 30 0.028328856 
721 443 17 21 0.028222302 
283 312 88 98 0.028068468 
998 284 12 15 0.027924666 
635 408 15 21 0.027669821 
599 390 26 32 0.027591253 
549 319 48 54 0.027065888 
95 262 40 55 0.02704716 
736 328 10 13 0.026194772 
604 385 17 20 0.025937459 
769 351 10 13 0.025783625 
1007 309 10 14 0.025751198 
317 348 27 33 0.025599813 
363 348 11 13 0.025596693 
475 345 12 16 0.025448706 
38 459 16 23 0.025204802 
504 307 11 15 0.02518936 
884 340 10 13 0.024743369 
358 349 10 12 0.024625568 
997 380 21 26 0.024387503 
703 359 14 19 0.024125835 
945 305 10 11 0.02401785 
998 398 24 30 0.024014272 
620 351 9 12 0.023838934 
996 529 16 21 0.023836786 
398 354 15 17 0.023605427 
519 325 13 16 0.023469575 
237 354 14 19 0.02323697 
715 457 49 55 0.023211168 
983 305 8 9 0.023193328 
503 322 10 12 0.023131602 
749 403 14 17 0.023119656 
717 351 21 26 0.022830527 
9 328 14 20 0.022723379 
770 445 17 18 0.022707304 
605 397 28 35 0.022568787 
684 424 16 19 0.022362296 
12 349 46 56 0.022362009 
899 367 27 33 0.022286948 
638 351 9 10 0.022257002 
650 454 42 51 0.022215327 
651 467 25 32 0.022084525 
945 309 11 13 0.022028435 
713 336 8 9 0.021879435 
1003 508 16 22 0.021600394 
1008 302 11 15 0.02151092 
747 369 12 16 0.021501493 
61 346 17 20 0.020965371 
666 450 16 19 0.02095686 
992 313 10 12 0.02093317 
685 333 8 10 0.020733038 
946 517 12 14 0.020693624 
227 364 15 19 0.020606179 
55 355 13 16 0.020551888 
669 388 21 26 0.020525228 
375 374 40 53 0.020456227 
776 454 18 22 0.020343365 
647 417 29 35 0.020335728 
398 343 11 13 0.020295609 
928 316 9 12 0.020080935 
873 353 15 18 0.020031162 
