0_Parade_marchingband_1_267
216
466 223 31 35 0.9995952 
316 222 25 34 0.9984444 
166 246 33 38 0.9984289 
-1 220 29 46 0.998428 
424 203 25 32 0.9976962 
354 236 25 32 0.99663603 
584 226 25 31 0.994869 
510 233 26 32 0.9919967 
925 145 14 18 0.99015653 
803 139 19 21 0.98376036 
564 138 17 19 0.97912335 
505 195 22 26 0.9543268 
713 164 17 22 0.94945675 
681 143 16 18 0.94292563 
584 180 18 24 0.9298672 
550 179 20 26 0.9261371 
588 141 14 17 0.89762557 
646 156 16 19 0.8968305 
831 146 15 17 0.88914347 
763 154 14 16 0.8655737 
622 175 16 20 0.86356246 
710 186 16 21 0.6590302 
964 131 12 15 0.6473985 
846 133 10 13 0.6292527 
656 187 16 21 0.6215551 
735 146 14 19 0.55062985 
615 105 13 16 0.55032504 
990 141 10 14 0.43975502 
677 197 13 18 0.40546468 
773 150 12 15 0.37759918 
606 209 15 20 0.36052793 
702 148 13 16 0.30799872 
877 123 9 12 0.27827018 
637 103 12 14 0.2647149 
789 137 11 14 0.24374221 
661 153 14 18 0.23734209 
912 118 12 15 0.23340423 
633 147 12 15 0.20519033 
985 141 10 15 0.18633808 
631 105 12 15 0.16725229 
795 175 12 15 0.16255637 
852 133 11 14 0.14934862 
896 120 10 12 0.14030905 
469 207 30 36 0.13450032 
486 87 9 12 0.12596302 
1001 110 8 11 0.12251246 
509 111 8 11 0.12129295 
472 197 24 27 0.11302323 
995 140 10 14 0.11066061 
553 111 11 12 0.10219594 
549 148 14 16 0.08721927 
785 140 10 13 0.08119918 
608 105 11 15 0.081042424 
936 104 7 10 0.07938675 
469 102 9 12 0.074676745 
554 373 16 20 0.07297364 
153 54 26 30 0.06168653 
902 101 10 12 0.061550766 
902 124 9 12 0.059813593 
583 94 9 12 0.05974182 
778 149 12 14 0.05618281 
983 110 8 10 0.055895317 
690 145 14 17 0.05529862 
682 200 15 20 0.05470978 
790 147 13 15 0.053650446 
940 134 10 12 0.05336167 
666 191 16 24 0.051460885 
488 102 8 11 0.05007961 
656 196 18 21 0.049423993 
532 241 16 22 0.048008904 
439 110 8 10 0.04796418 
874 120 9 12 0.046543106 
880 79 11 13 0.046141267 
494 104 9 11 0.045652837 
503 115 11 13 0.04558476 
721 164 15 20 0.04518963 
985 134 10 15 0.04514441 
496 109 8 10 0.044860076 
675 204 16 21 0.044270113 
783 204 11 13 0.043860484 
748 147 11 15 0.04239262 
960 127 13 15 0.04222588 
405 116 10 13 0.04195082 
592 145 15 17 0.0417036 
107 199 423 491 0.040575963 
626 180 17 21 0.040055964 
917 112 10 12 0.03997891 
791 157 13 15 0.03985511 
935 134 11 12 0.03972186 
583 88 8 10 0.039702363 
976 88 7 9 0.03932944 
967 111 8 10 0.03927077 
972 133 9 13 0.03924619 
887 125 9 12 0.039236877 
63 62 8 10 0.03894828 
498 117 9 12 0.03843157 
1008 29 10 16 0.037740752 
860 135 10 12 0.037438866 
240 393 16 18 0.036837723 
680 94 9 11 0.036325518 
912 113 10 11 0.03478521 
640 155 14 18 0.034716982 
480 102 9 11 0.034617566 
98 459 15 18 0.03388589 
457 563 55 60 0.03373932 
902 131 9 13 0.03351969 
974 139 11 15 0.03315802 
667 147 13 18 0.03310596 
618 203 14 17 0.03306614 
792 164 13 15 0.032864302 
945 75 10 12 0.032811522 
600 109 10 13 0.03264668 
966 118 10 12 0.032482248 
1000 104 8 11 0.03230713 
134 37 46 49 0.03230634 
602 156 13 16 0.0322325 
533 87 10 12 0.032016043 
740 187 12 15 0.031954505 
432 108 8 12 0.031568334 
269 58 11 16 0.03151361 
786 133 22 25 0.03139656 
725 149 19 24 0.031008765 
590 94 9 11 0.030971874 
986 103 8 10 0.030714717 
973 94 9 10 0.030634226 
598 93 8 11 0.030459903 
710 113 11 14 0.030405119 
302 221 23 31 0.030352306 
824 154 12 14 0.030338598 
999 115 10 12 0.030313805 
649 252 17 21 0.030305848 
519 104 9 12 0.030224312 
321 102 7 9 0.029891394 
542 273 186 245 0.02987595 
619 157 12 15 0.029616667 
407 109 11 14 0.029535964 
634 185 15 20 0.029371321 
860 86 9 11 0.028686356 
311 51 9 12 0.0286189 
412 102 13 15 0.028540397 
911 156 10 13 0.028530631 
884 118 9 12 0.028259138 
904 97 9 11 0.028107025 
953 118 9 12 0.02779449 
483 91 9 12 0.027464218 
910 116 21 24 0.027267786 
951 150 8 11 0.027244264 
844 149 11 14 0.027152602 
616 317 24 33 0.026928999 
689 202 16 20 0.026883524 
612 213 21 26 0.026819132 
911 149 10 14 0.026758363 
680 113 13 17 0.026485667 
905 157 9 12 0.026464427 
953 97 8 10 0.026444966 
550 166 16 19 0.02623741 
975 149 11 14 0.02609758 
958 118 9 12 0.02596212 
472 70 10 12 0.025265649 
663 144 12 15 0.025078423 
664 109 11 14 0.025041105 
897 101 10 13 0.025008073 
1014 142 9 13 0.024726458 
951 141 9 12 0.024688875 
600 103 10 12 0.02447518 
841 127 11 14 0.024354601 
621 166 14 17 0.024187464 
558 77 8 10 0.024181232 
226 384 30 32 0.024178432 
941 127 8 11 0.024165977 
881 113 9 13 0.024116335 
582 115 9 13 0.02409403 
440 117 9 12 0.024067033 
959 102 7 9 0.023675453 
671 199 15 20 0.02358215 
992 96 8 11 0.023429904 
597 162 16 18 0.023369351 
445 139 12 17 0.02326999 
667 179 15 19 0.023200782 
517 155 13 17 0.023080017 
170 322 26 29 0.023017514 
52 573 29 33 0.022965545 
552 76 9 11 0.022941835 
558 143 16 18 0.022818467 
560 125 23 29 0.022772992 
487 107 8 11 0.022734609 
423 107 10 13 0.022704136 
633 113 15 17 0.02237616 
887 131 10 13 0.022363838 
597 266 24 27 0.022102095 
991 102 8 11 0.021963114 
404 131 15 19 0.021960642 
607 77 8 10 0.021911813 
535 79 10 11 0.021501353 
456 120 10 12 0.02147315 
927 109 8 10 0.021269528 
372 133 10 12 0.02114588 
862 125 10 12 0.02113009 
767 109 8 10 0.02107729 
790 187 12 14 0.02102089 
759 109 10 12 0.020987712 
344 132 12 16 0.020775853 
441 124 10 14 0.020758761 
997 83 9 12 0.020727715 
320 128 9 12 0.020637352 
342 110 8 11 0.020520072 
1006 141 11 14 0.020511746 
973 154 11 14 0.020437773 
600 76 9 10 0.020373674 
981 86 7 10 0.020321768 
537 70 9 10 0.020305056 
529 90 11 14 0.020258874 
603 196 16 19 0.02018491 
939 147 11 15 0.020109452 
577 94 10 13 0.020059584 
645 108 9 12 0.02002513 
