0_Parade_marchingband_1_881
138
330 157 25 36 0.9573461 
142 258 12 15 0.93500334 
52 236 11 15 0.8991513 
720 180 21 37 0.8195045 
638 160 22 34 0.74551713 
228 215 8 10 0.65592164 
96 240 11 14 0.6274443 
856 193 30 34 0.5434878 
185 213 10 13 0.48218977 
239 264 11 14 0.42435706 
882 194 23 31 0.4005519 
935 269 9 11 0.3923529 
999 259 11 13 0.3412036 
893 200 15 21 0.29515183 
934 222 10 13 0.247111 
6 215 14 16 0.24484594 
312 163 32 36 0.2425795 
196 302 11 15 0.2352284 
279 205 11 14 0.21123661 
296 186 24 31 0.14957345 
79 216 9 11 0.14811364 
768 228 11 14 0.14616321 
568 207 8 10 0.14483857 
797 222 11 14 0.13509782 
962 260 9 12 0.11749663 
734 179 33 49 0.11550903 
537 286 11 11 0.10745485 
985 276 8 10 0.10167547 
225 303 9 12 0.0999658 
299 172 32 37 0.09389608 
234 261 11 13 0.08714388 
877 199 16 24 0.08710056 
798 216 8 10 0.086694196 
180 317 10 12 0.083495334 
198 296 10 13 0.08013251 
226 308 13 18 0.0757292 
749 249 15 19 0.07358187 
974 269 9 13 0.069413856 
941 222 10 13 0.063436165 
454 165 38 43 0.06065867 
976 264 8 10 0.05919477 
557 222 9 12 0.05704923 
848 190 26 32 0.054889433 
797 233 12 16 0.054822285 
952 238 9 10 0.052771635 
225 297 8 11 0.05081684 
953 271 9 10 0.050317314 
22 216 9 12 0.048403732 
193 296 10 12 0.047857516 
295 187 15 18 0.047085002 
563 207 7 10 0.04682169 
224 217 12 13 0.04666283 
957 269 9 11 0.045784358 
90 238 11 14 0.04535873 
222 237 11 14 0.04468137 
981 263 9 10 0.04467533 
398 249 73 70 0.044509582 
182 301 9 12 0.044467665 
917 221 11 15 0.044331793 
964 256 9 11 0.042716194 
969 277 8 11 0.04022061 
117 263 10 12 0.03941552 
951 231 8 11 0.03875598 
283 196 12 16 0.037230168 
58 235 12 15 0.036576837 
746 194 29 38 0.03570347 
137 255 11 15 0.03569951 
982 254 8 10 0.035236504 
1003 255 10 13 0.034338307 
279 198 18 26 0.033802953 
192 301 19 25 0.033688158 
439 171 36 34 0.032998826 
177 295 9 10 0.03296145 
574 206 8 11 0.032791827 
948 222 9 11 0.03266956 
766 210 12 17 0.032648485 
199 312 11 14 0.03164928 
974 275 9 11 0.031305593 
299 179 17 21 0.030553337 
188 208 11 15 0.03054944 
619 156 28 34 0.029915396 
988 272 11 12 0.029869774 
899 207 13 18 0.029852597 
912 220 11 14 0.029486487 
931 270 8 10 0.029351868 
942 287 8 11 0.029274657 
110 303 8 11 0.029121859 
700 181 27 30 0.028385213 
150 319 8 10 0.028358148 
245 296 8 10 0.028340973 
128 254 9 12 0.028207298 
285 190 11 15 0.027519308 
113 269 8 12 0.027420275 
39 229 10 13 0.027306763 
105 304 9 11 0.027178328 
891 189 16 21 0.027073063 
235 262 19 24 0.026947867 
950 255 9 10 0.02632596 
976 238 8 10 0.026032234 
88 204 11 12 0.025412507 
804 235 12 16 0.02534743 
308 174 18 22 0.024951002 
159 205 10 14 0.024936194 
181 310 10 13 0.024864946 
199 289 8 10 0.024661686 
165 212 9 12 0.024497751 
846 193 15 21 0.024371848 
24 250 10 13 0.024197876 
940 271 9 11 0.024032999 
792 218 19 25 0.024018705 
173 206 10 12 0.023751564 
976 245 8 11 0.02348853 
88 231 9 11 0.02312321 
261 271 10 11 0.02288775 
105 287 9 11 0.022832874 
134 277 10 12 0.02265539 
135 268 10 12 0.02249929 
967 246 9 11 0.022401014 
913 301 10 12 0.022322861 
967 238 9 11 0.022268292 
943 216 9 11 0.022182697 
745 246 11 16 0.02215331 
306 182 18 23 0.02200996 
111 277 8 12 0.021837724 
561 214 9 12 0.021659603 
149 325 10 12 0.021626147 
724 241 27 37 0.021587422 
937 288 10 12 0.021254683 
23 229 11 14 0.021244125 
744 259 12 17 0.021178309 
802 226 13 18 0.021048613 
79 189 106 130 0.020791912 
224 209 11 13 0.020760316 
888 253 9 12 0.02058943 
934 216 11 13 0.020528901 
231 254 12 15 0.020090498 
722 172 15 24 0.020058097 
748 266 12 16 0.020016462 
