0_Parade_marchingband_1_768
551
280 213 37 40 0.97970265 
462 611 20 27 0.9364333 
828 623 24 34 0.63730276 
783 622 12 16 0.61850494 
680 637 27 31 0.5800423 
708 620 13 17 0.46195787 
532 611 16 20 0.3363716 
222 180 24 29 0.21345073 
610 630 9 13 0.18665527 
502 636 10 12 0.18650272 
501 565 9 11 0.1806203 
983 639 32 37 0.1776435 
453 566 10 11 0.176436 
557 565 10 11 0.15103921 
366 520 8 10 0.14945951 
678 549 9 11 0.12570228 
909 653 27 31 0.12216456 
407 521 8 11 0.11294695 
558 527 8 10 0.11294029 
680 545 8 10 0.10416838 
496 603 11 12 0.101828955 
554 527 7 10 0.10097191 
622 544 8 10 0.097962625 
641 637 10 14 0.09609704 
610 488 7 8 0.09600388 
560 504 7 9 0.09409725 
375 -6 167 241 0.09380658 
465 480 7 8 0.092951834 
617 544 8 9 0.0890818 
557 628 10 13 0.088928334 
599 550 7 8 0.087534435 
1001 550 8 11 0.08677347 
431 470 8 9 0.08357157 
626 581 7 11 0.07732716 
513 511 7 9 0.07654876 
301 651 9 14 0.076395065 
528 495 7 9 0.07630074 
537 614 17 20 0.07525869 
609 574 8 10 0.074601725 
674 551 8 10 0.07407809 
535 600 12 14 0.07277754 
623 576 8 10 0.07266234 
873 559 8 10 0.07219242 
568 479 8 10 0.07175326 
607 560 9 11 0.07155035 
549 619 12 16 0.07091428 
477 533 8 10 0.07062899 
661 597 9 12 0.06994701 
369 544 8 10 0.06979378 
466 456 7 9 0.06785213 
777 620 12 15 0.06761457 
496 518 8 9 0.06744786 
382 463 8 10 0.06738221 
630 583 8 11 0.06649403 
486 516 9 11 0.06567663 
415 551 8 10 0.06553408 
433 518 7 10 0.065403506 
489 544 8 9 0.06524954 
624 518 7 9 0.06514256 
640 527 7 8 0.06437785 
398 626 10 13 0.06436998 
696 559 7 10 0.06385755 
643 645 11 14 0.06375539 
409 525 8 10 0.06374846 
839 633 16 23 0.06362532 
616 549 8 10 0.06280288 
607 565 8 10 0.062738664 
574 520 8 9 0.062457096 
586 573 9 12 0.062077425 
433 512 7 9 0.06175949 
433 11 87 146 0.061496824 
695 576 8 10 0.06087663 
658 496 6 9 0.06074298 
361 488 8 9 0.05969019 
639 502 7 10 0.059609402 
609 50 431 473 0.05919158 
152 518 9 10 0.05892645 
817 621 24 31 0.058881603 
512 487 7 9 0.05871465 
409 495 7 9 0.058091536 
568 544 8 10 0.05805113 
471 479 7 9 0.05804889 
33 518 8 10 0.057670675 
544 549 8 10 0.057252493 
511 536 8 10 0.05701908 
362 518 7 11 0.056484442 
575 464 7 9 0.056287292 
705 535 7 8 0.05626571 
607 520 8 9 0.055880744 
614 488 7 10 0.055764537 
648 574 8 11 0.055341244 
471 503 7 9 0.05532422 
471 455 6 9 0.05519741 
679 511 7 9 0.055033382 
520 509 6 10 0.054996587 
790 557 8 9 0.054973535 
616 494 7 10 0.054857653 
438 503 8 9 0.054780766 
552 487 7 9 0.05448898 
235 182 11 16 0.054256275 
400 471 8 10 0.054193765 
464 527 8 10 0.053995095 
608 512 7 9 0.053950157 
575 480 7 9 0.05379064 
408 534 7 10 0.05360091 
432 465 7 9 0.052952413 
600 545 6 8 0.05274351 
624 512 7 9 0.0527152 
662 496 7 9 0.05173209 
481 513 8 10 0.051064525 
497 471 7 9 0.051049095 
478 529 8 10 0.05076558 
489 480 6 8 0.050761465 
496 487 7 9 0.05066636 
598 584 7 10 0.050213985 
976 536 7 10 0.050024953 
567 496 8 9 0.049699716 
447 534 7 9 0.049549527 
437 519 7 10 0.048987716 
502 495 8 10 0.048879944 
664 513 7 8 0.04864879 
422 478 8 10 0.04860596 
576 497 7 8 0.048536032 
528 510 7 10 0.048212774 
703 573 9 11 0.04786085 
614 589 8 10 0.047688212 
502 502 8 10 0.047410324 
511 526 8 9 0.04727443 
432 488 8 9 0.046843722 
554 504 7 9 0.046748977 
449 487 7 9 0.04672596 
352 611 12 14 0.046588555 
455 470 7 9 0.046159163 
455 553 8 10 0.04529957 
345 476 8 10 0.045141857 
463 587 8 11 0.044456765 
655 464 7 8 0.04443223 
607 525 7 9 0.04420674 
584 520 7 9 0.043811396 
498 495 7 9 0.04360386 
515 596 13 15 0.043461625 
392 560 6 10 0.04327329 
608 543 7 9 0.043217007 
593 488 6 8 0.043088183 
678 556 8 10 0.042858366 
512 520 8 9 0.042000208 
456 511 7 9 0.04197641 
520 505 7 10 0.0417948 
876 566 10 12 0.04142965 
568 526 8 10 0.041371103 
447 603 11 13 0.041295692 
527 541 8 10 0.041199826 
551 472 7 8 0.041194495 
129 481 6 8 0.04107456 
406 472 7 9 0.040864814 
449 551 8 10 0.040810946 
482 517 8 10 0.04070899 
669 574 9 12 0.040695805 
599 495 7 8 0.04062557 
820 612 14 17 0.04056589 
623 462 8 10 0.040441 
663 478 8 9 0.040370263 
489 549 8 10 0.04034142 
471 448 7 9 0.04031427 
383 535 7 8 0.040265325 
472 528 8 11 0.040191878 
400 542 7 9 0.039965115 
498 502 7 10 0.039807014 
433 503 7 9 0.03970627 
376 558 8 10 0.039638877 
393 565 8 10 0.03942134 
481 487 6 8 0.03913066 
455 558 10 12 0.038940355 
626 480 6 8 0.038907383 
391 628 11 12 0.03888345 
480 463 7 10 0.038704336 
616 518 7 9 0.038682982 
601 566 8 10 0.0385036 
529 535 7 10 0.0384703 
609 582 8 10 0.038329754 
786 558 8 10 0.03829511 
463 553 8 10 0.038099322 
135 481 7 9 0.037937637 
442 479 7 9 0.037826918 
822 551 8 10 0.037702695 
551 544 8 10 0.03764529 
495 479 7 9 0.037581224 
494 544 8 10 0.037314843 
391 512 8 10 0.037164025 
689 521 7 9 0.03699668 
897 551 7 10 0.036945418 
616 513 7 8 0.036941133 
568 472 7 8 0.036889173 
592 495 7 9 0.036773793 
649 534 6 8 0.03674228 
119 511 7 8 0.036714315 
609 551 7 9 0.036526542 
551 519 8 9 0.036525518 
662 472 8 10 0.036402952 
655 511 8 10 0.0361793 
406 627 9 11 0.03617488 
268 659 13 16 0.036036775 
646 581 10 12 0.035638925 
575 502 8 9 0.03558265 
414 521 8 10 0.035541948 
673 544 8 10 0.03534562 
438 464 8 9 0.03517319 
657 528 7 9 0.03516128 
583 544 7 9 0.03510586 
609 463 6 9 0.035088442 
554 622 11 15 0.035076626 
456 465 8 10 0.034988597 
449 471 7 9 0.0349517 
423 496 8 9 0.03494485 
584 568 8 10 0.03489883 
425 471 7 10 0.0348576 
535 534 7 9 0.034585636 
536 573 8 10 0.034518797 
576 567 8 11 0.034457818 
882 603 13 16 0.034419715 
425 448 7 9 0.03439728 
357 534 8 10 0.034348335 
384 503 7 9 0.03430762 
609 480 7 8 0.03430001 
456 479 7 9 0.03408433 
496 513 7 10 0.034013603 
464 462 7 9 0.03400223 
569 520 7 9 0.033981983 
535 511 7 10 0.03396846 
110 603 10 12 0.033799678 
518 566 9 11 0.033726677 
640 520 7 9 0.033667266 
656 502 7 8 0.03361632 
647 528 7 9 0.03330213 
817 558 7 10 0.03324216 
413 525 8 10 0.033198982 
376 551 7 10 0.03311441 
818 551 8 11 0.03304916 
208 484 10 15 0.03302158 
631 495 7 10 0.032784708 
600 489 6 8 0.032741793 
543 527 7 9 0.032676585 
513 470 6 9 0.03262911 
576 440 8 9 0.032446105 
544 504 7 9 0.032408614 
672 512 7 8 0.03231077 
557 572 10 12 0.032249372 
590 568 8 10 0.032239642 
424 536 7 9 0.032233212 
726 567 7 9 0.03219556 
583 480 7 9 0.032178123 
616 463 7 10 0.03212944 
640 496 7 9 0.03212655 
464 512 7 9 0.03211389 
537 529 7 9 0.032097377 
352 503 7 10 0.032012925 
517 629 11 14 0.03188727 
679 503 8 10 0.031865608 
432 495 8 9 0.031855408 
504 512 7 9 0.031780854 
824 574 10 11 0.031704556 
416 488 7 8 0.03161833 
129 564 9 12 0.03160655 
488 487 7 8 0.03156495 
55 541 8 10 0.031536166 
486 567 8 10 0.03149298 
368 558 7 9 0.031353973 
553 561 9 10 0.031235645 
119 526 8 10 0.031018652 
575 543 7 9 0.030768253 
471 496 7 8 0.03075902 
505 527 8 9 0.030703759 
639 583 9 10 0.030633334 
114 511 7 9 0.0306025 
884 600 10 12 0.030570984 
568 549 7 10 0.030499939 
543 588 8 11 0.030267525 
544 464 6 8 0.030164817 
399 501 7 9 0.03009967 
607 504 8 8 0.030011747 
360 511 7 10 0.029968632 
37 519 8 10 0.029938389 
391 518 8 10 0.029809767 
671 487 7 9 0.029744664 
488 528 8 9 0.02970984 
559 544 8 10 0.029618852 
903 598 9 11 0.029590812 
114 486 7 9 0.029578397 
399 496 7 10 0.029577712 
528 504 7 10 0.029483078 
381 527 8 10 0.02941662 
500 570 11 13 0.029320931 
496 583 10 13 0.029264348 
846 560 9 10 0.02923589 
455 487 6 8 0.029062003 
702 614 16 19 0.02905899 
513 480 7 9 0.028985325 
481 470 7 9 0.028972546 
566 502 7 9 0.028875938 
129 485 7 9 0.028817516 
602 527 8 9 0.028655518 
600 472 7 9 0.028646905 
601 559 8 11 0.028435363 
702 558 7 9 0.028335314 
552 511 8 10 0.028259996 
520 487 7 8 0.028246613 
704 569 8 10 0.028160581 
494 549 9 10 0.027976941 
205 530 13 16 0.027950538 
106 527 8 10 0.027841281 
510 559 8 10 0.027768936 
368 632 10 12 0.027738534 
613 559 8 10 0.027711386 
616 471 7 8 0.027625564 
518 550 7 10 0.027546437 
439 544 7 10 0.027507057 
842 565 8 11 0.027486784 
447 479 7 9 0.027320046 
471 511 7 10 0.027304323 
377 526 8 10 0.027190113 
689 559 7 9 0.027180387 
584 464 7 8 0.027115079 
439 496 7 9 0.027090872 
377 564 9 11 0.027017279 
873 571 10 13 0.026875863 
368 549 7 10 0.026851183 
464 496 7 8 0.026771178 
359 504 8 10 0.026741028 
625 495 7 10 0.026660388 
415 448 8 9 0.026644826 
544 519 7 9 0.026634287 
440 527 7 8 0.026633384 
527 488 6 8 0.02659854 
438 511 7 9 0.026528008 
577 571 8 11 0.026509186 
393 496 8 10 0.026507692 
503 488 7 8 0.026484886 
901 550 9 11 0.02639172 
632 472 6 9 0.026354108 
537 470 7 9 0.026290387 
128 504 7 9 0.026266849 
528 464 7 9 0.026199507 
135 485 8 10 0.026196944 
624 527 7 9 0.026191158 
648 519 7 8 0.02612059 
472 462 7 9 0.02612019 
480 480 7 9 0.026106 
584 579 9 12 0.026060324 
631 519 7 9 0.026044378 
471 487 7 9 0.026011 
601 511 8 9 0.02600458 
639 456 7 8 0.025896562 
686 479 8 10 0.025880622 
536 465 7 9 0.025872065 
664 517 6 9 0.025851535 
383 551 8 9 0.025778288 
693 521 8 10 0.025647473 
416 495 7 9 0.025589231 
487 472 7 8 0.025577137 
568 485 8 9 0.025552625 
826 613 14 17 0.025452709 
657 486 7 9 0.025419097 
353 527 9 11 0.025381561 
689 536 7 8 0.025342677 
689 526 7 9 0.02533592 
650 511 7 10 0.025264313 
657 471 7 9 0.025228677 
104 503 8 9 0.02513557 
512 551 9 10 0.025091516 
449 519 7 9 0.02507067 
736 489 7 8 0.025066486 
401 536 7 9 0.025057077 
623 446 8 10 0.02494581 
543 558 8 10 0.024898795 
553 480 7 8 0.024841152 
513 542 8 10 0.024820432 
422 487 8 9 0.024793008 
813 625 16 21 0.02478509 
367 503 7 10 0.024696374 
449 465 7 10 0.024614887 
512 461 204 233 0.024588631 
538 487 6 9 0.024450384 
200 538 11 13 0.024412895 
841 536 8 10 0.024402501 
672 472 7 8 0.024397597 
696 454 8 9 0.024395054 
552 572 10 12 0.024393432 
681 479 8 10 0.024351954 
534 424 7 9 0.024307005 
911 494 8 10 0.02424311 
439 471 7 9 0.024227612 
663 487 8 10 0.024227085 
1000 545 8 10 0.024202779 
480 439 8 9 0.024131462 
633 549 7 9 0.024126085 
543 488 7 9 0.02410907 
625 456 6 9 0.024103506 
722 567 7 9 0.02406135 
392 544 7 9 0.024047935 
73 558 8 11 0.023989704 
825 569 8 10 0.023878902 
409 489 7 8 0.023814268 
686 550 7 9 0.023782516 
360 493 8 9 0.023750857 
129 541 8 9 0.023667794 
486 496 7 9 0.023535842 
136 505 7 9 0.023471262 
865 472 7 10 0.023375526 
641 650 11 14 0.023360744 
857 550 8 10 0.02329757 
649 568 8 10 0.02326627 
431 535 7 9 0.023257203 
608 535 7 10 0.023246452 
848 518 7 10 0.023234567 
673 503 7 9 0.023222795 
531 598 22 29 0.023166714 
633 456 7 9 0.023145603 
526 481 7 8 0.023108708 
822 556 9 11 0.023067866 
656 518 7 8 0.023056304 
537 480 7 8 0.023043677 
649 543 7 9 0.023022588 
574 526 8 9 0.023021903 
349 477 8 10 0.022945631 
365 566 8 11 0.022917597 
825 469 8 10 0.02285306 
584 487 7 8 0.0228355 
418 479 7 9 0.02283174 
418 544 7 9 0.022809746 
665 579 10 13 0.022786057 
96 535 7 9 0.022782542 
689 576 8 11 0.022718403 
835 621 14 21 0.022681754 
623 568 8 9 0.022658544 
695 536 7 8 0.022609761 
361 551 8 11 0.022577472 
520 543 7 9 0.022555094 
665 550 8 10 0.022540629 
113 560 8 10 0.022514982 
384 519 7 9 0.022509102 
503 470 7 9 0.022507953 
367 479 8 9 0.022507092 
593 543 8 10 0.022497158 
456 495 7 9 0.022495743 
489 535 8 10 0.022487314 
505 454 7 10 0.02248524 
631 511 7 9 0.022481268 
625 487 6 9 0.022431714 
439 488 7 8 0.022421014 
425 519 6 9 0.022398788 
360 526 8 10 0.022334404 
591 463 7 8 0.022310928 
205 523 12 16 0.022295622 
448 511 7 9 0.022271432 
119 565 9 11 0.02224091 
506 535 7 9 0.02222904 
558 509 8 10 0.022206767 
710 535 7 9 0.022175483 
133 560 9 11 0.022166941 
552 432 7 9 0.022070117 
560 463 7 9 0.022012994 
480 551 7 10 0.022008747 
535 504 7 9 0.022000657 
496 464 7 9 0.02199545 
632 502 8 10 0.021982756 
120 504 7 9 0.021921135 
657 478 7 10 0.021913428 
442 448 7 9 0.021895897 
577 445 8 9 0.021830274 
641 488 6 8 0.02181447 
309 654 10 14 0.021807496 
465 519 7 10 0.021800138 
574 536 8 9 0.021784605 
467 608 14 17 0.021754995 
521 480 7 9 0.021707652 
696 566 8 10 0.0217015 
680 519 7 9 0.021695739 
377 488 7 9 0.021685906 
789 615 20 25 0.021673443 
887 568 10 12 0.021645918 
713 624 13 17 0.021632764 
847 514 7 8 0.021562956 
231 176 11 13 0.02153869 
616 502 8 9 0.021514542 
603 519 8 10 0.021482753 
512 564 8 11 0.021440344 
479 455 7 9 0.021425106 
503 550 8 9 0.021404637 
705 496 7 8 0.021371655 
654 543 7 9 0.021365806 
537 518 7 10 0.021320054 
110 528 8 10 0.021310369 
545 512 7 9 0.021274941 
696 553 7 9 0.021179251 
494 535 7 9 0.021174679 
672 496 7 9 0.021162378 
632 527 7 8 0.02115653 
447 448 8 9 0.021109695 
377 503 7 9 0.021101896 
881 497 7 9 0.02110091 
647 598 10 12 0.021093661 
673 527 7 9 0.021076119 
152 523 11 12 0.021073865 
423 542 7 9 0.021006877 
815 612 12 16 0.02096152 
614 583 8 10 0.020958371 
584 603 9 12 0.020928686 
639 472 6 8 0.02092216 
383 456 7 9 0.020899326 
393 456 7 8 0.02089713 
500 582 11 13 0.020887058 
686 503 7 8 0.020866321 
401 520 8 10 0.020829586 
769 560 7 10 0.020820359 
681 487 7 8 0.020811727 
384 480 8 10 0.020747777 
640 544 7 10 0.020744655 
656 439 7 9 0.020689566 
558 633 12 15 0.020687759 
440 549 7 10 0.02068639 
511 465 7 9 0.020683493 
455 519 7 9 0.020639287 
472 588 8 10 0.020601526 
442 534 7 9 0.020588353 
535 567 8 11 0.020573163 
569 511 7 9 0.0205275 
519 470 7 9 0.020523744 
341 443 10 13 0.02050843 
81 503 8 9 0.020464258 
511 493 8 10 0.0204393 
86 504 8 9 0.020421205 
96 504 7 8 0.020382429 
136 511 7 8 0.020374343 
809 558 8 10 0.02035942 
537 447 7 10 0.02033696 
680 537 7 9 0.020329311 
592 480 7 8 0.020328088 
520 464 7 10 0.020324768 
598 447 8 9 0.020317646 
393 486 8 9 0.02030902 
584 526 8 9 0.020278472 
465 533 8 10 0.020271312 
837 644 16 20 0.020211436 
856 558 9 10 0.020189436 
367 495 7 9 0.02017693 
502 519 8 10 0.020171465 
574 511 8 9 0.020163238 
608 625 10 12 0.020142073 
374 621 9 11 0.020135105 
353 510 8 10 0.02012265 
592 456 8 10 0.02006439 
