0_Parade_Parade_0_275
3834
758 666 12 15 0.8564435 
928 385 11 14 0.8441005 
628 493 11 15 0.78043735 
529 620 9 12 0.76158285 
45 667 13 18 0.64866394 
871 732 11 14 0.62612414 
964 621 11 14 0.62245756 
397 462 9 11 0.60862195 
855 583 10 13 0.5939347 
776 206 8 11 0.58382946 
645 723 14 18 0.5703065 
471 579 8 11 0.53775877 
284 662 10 12 0.5219124 
577 663 10 13 0.50370914 
720 516 8 11 0.49880907 
217 764 12 14 0.48509178 
976 669 12 16 0.47404096 
688 629 10 14 0.47136173 
468 524 11 14 0.46749452 
601 630 10 13 0.46143964 
149 378 12 15 0.45529202 
796 437 11 14 0.45120692 
447 561 8 10 0.44318515 
39 601 14 18 0.4414829 
360 476 8 11 0.43998548 
569 612 12 15 0.4315724 
109 566 10 13 0.4289853 
1001 422 10 13 0.42307198 
707 763 12 17 0.41243348 
124 580 13 17 0.4103587 
269 717 12 17 0.40834752 
10 500 12 14 0.40400773 
928 645 10 12 0.40031147 
813 135 8 11 0.3985993 
247 720 14 18 0.39494228 
608 390 9 11 0.39230993 
884 429 11 14 0.38222772 
36 541 9 12 0.3798623 
379 742 10 13 0.37804994 
823 710 15 20 0.37552014 
830 465 12 15 0.37364537 
577 304 7 10 0.366388 
917 85 8 10 0.36529005 
632 461 9 11 0.36319485 
520 452 9 12 0.3623015 
708 701 14 17 0.3510869 
822 572 11 14 0.350861 
891 491 12 15 0.34659383 
283 668 11 13 0.34149414 
848 108 8 10 0.34109578 
828 640 15 18 0.3396611 
712 438 8 11 0.3356418 
662 260 8 10 0.33298773 
795 624 14 18 0.32335967 
703 320 9 11 0.31719428 
799 96 6 9 0.31696075 
884 424 10 12 0.31514838 
383 494 7 10 0.3139976 
887 606 12 16 0.31368724 
744 519 9 12 0.3134592 
846 78 8 11 0.31231603 
871 397 10 12 0.30971894 
620 517 13 17 0.30912197 
668 536 11 13 0.30712387 
813 102 9 11 0.30134875 
248 708 10 11 0.29432085 
390 435 10 13 0.29428744 
469 519 9 12 0.29304147 
641 572 9 12 0.29150194 
49 368 10 12 0.2908337 
858 176 9 11 0.28861073 
528 397 8 10 0.28442752 
512 70 8 10 0.28394136 
551 347 10 12 0.28364193 
997 133 8 11 0.28119248 
239 695 9 11 0.27979764 
960 524 10 15 0.27877897 
785 140 9 10 0.27803132 
668 688 13 18 0.2778187 
855 411 11 14 0.27781025 
8 495 10 13 0.2770125 
791 483 12 16 0.273903 
520 565 10 12 0.26733634 
727 571 12 14 0.2669296 
415 542 8 11 0.2643266 
999 556 9 12 0.26420844 
766 143 7 9 0.26364216 
510 671 8 11 0.26281077 
446 509 10 13 0.2625422 
551 638 9 13 0.26160905 
561 535 9 11 0.26077273 
749 414 9 10 0.25708625 
632 342 9 12 0.2562223 
559 327 8 10 0.2543141 
650 781 10 11 0.25346038 
108 499 10 13 0.2534167 
834 47 7 9 0.25281987 
397 467 10 13 0.25079152 
166 774 15 18 0.2495064 
504 607 9 12 0.24647279 
437 87 8 11 0.24407262 
653 595 8 11 0.24366808 
639 644 10 12 0.24278481 
180 790 12 17 0.24250878 
864 21 8 11 0.24181819 
707 694 9 11 0.24075519 
319 423 9 10 0.24069518 
591 484 8 11 0.23875731 
452 620 9 12 0.23852132 
613 438 9 10 0.2347473 
658 462 8 11 0.23399617 
776 317 9 11 0.23200227 
63 741 13 16 0.23109049 
805 158 8 11 0.2305371 
332 454 10 12 0.22861606 
586 374 9 11 0.22852445 
763 110 9 11 0.22837234 
534 513 8 10 0.22786647 
437 686 9 12 0.22494759 
542 316 9 12 0.22364612 
692 634 11 14 0.22288752 
719 436 9 11 0.22173843 
806 442 9 13 0.22150703 
999 156 8 11 0.22110271 
382 453 9 11 0.22040369 
919 15 10 12 0.2177565 
233 740 13 15 0.21675181 
472 646 9 12 0.21584247 
506 359 8 9 0.21353231 
283 675 11 13 0.21237822 
918 176 7 10 0.2122681 
48 488 11 13 0.2105572 
149 783 9 14 0.21029401 
788 136 8 10 0.20961988 
61 514 12 15 0.2086438 
962 263 8 11 0.20775452 
585 729 9 11 0.20542675 
529 755 10 12 0.2047987 
464 151 8 10 0.2041638 
749 421 9 12 0.20384899 
550 588 11 14 0.2034298 
334 447 8 11 0.20280437 
296 414 8 9 0.20137502 
609 739 11 14 0.20126653 
550 408 7 9 0.20018436 
626 486 9 14 0.2000529 
463 460 8 10 0.1983585 
343 389 9 11 0.19814654 
592 564 9 12 0.19713844 
57 509 10 14 0.19617829 
495 109 8 10 0.19580753 
617 696 9 11 0.19485801 
688 487 8 11 0.19441763 
870 87 7 9 0.19401914 
799 442 10 13 0.19318399 
935 505 13 16 0.1929934 
414 487 9 12 0.19291778 
719 406 8 10 0.19214416 
591 478 9 12 0.19180256 
718 375 8 11 0.1906095 
518 492 9 12 0.1890392 
703 105 8 10 0.18838365 
731 349 11 12 0.1881381 
904 136 7 9 0.18791538 
736 96 8 9 0.18757334 
754 310 8 10 0.18692218 
621 703 10 13 0.1863476 
533 518 9 11 0.1861205 
778 537 8 11 0.18507577 
608 384 8 10 0.1830477 
757 360 9 11 0.18246767 
737 432 8 11 0.18194245 
871 652 12 17 0.18154952 
713 62 7 10 0.18125595 
552 254 9 12 0.18057197 
70 436 8 11 0.17911428 
569 607 10 12 0.17774574 
574 360 10 12 0.17761695 
592 496 9 11 0.17707023 
925 693 12 13 0.1768747 
1014 96 7 11 0.17646417 
446 503 9 11 0.17510124 
661 467 10 12 0.1749431 
548 644 12 15 0.17491724 
826 566 11 14 0.17473452 
644 485 10 12 0.17473306 
389 580 10 13 0.17422073 
457 359 8 11 0.17402913 
424 607 10 12 0.17365728 
510 359 8 10 0.1736391 
103 456 9 12 0.17221099 
351 420 9 11 0.17112401 
197 719 11 13 0.17019163 
574 586 10 14 0.1681742 
569 341 8 11 0.16690549 
823 700 12 16 0.16670953 
136 678 10 13 0.16602863 
589 470 10 13 0.16592018 
360 400 8 10 0.16463496 
496 104 8 11 0.16403887 
760 531 10 12 0.16160399 
749 445 10 13 0.16142821 
214 623 7 10 0.16079208 
333 501 10 12 0.1594236 
78 433 9 11 0.15897869 
664 415 7 9 0.15825588 
998 97 8 10 0.15825458 
495 350 7 10 0.15819071 
409 117 9 11 0.15734996 
802 294 8 10 0.15672019 
765 593 16 22 0.15398082 
518 409 8 10 0.15354618 
927 126 9 11 0.1520446 
689 544 9 12 0.1512806 
806 415 11 12 0.15067066 
639 344 7 10 0.14955078 
692 278 8 11 0.14953282 
369 603 9 12 0.14930664 
738 71 7 9 0.14885938 
509 611 9 12 0.14842619 
998 221 8 10 0.1479877 
521 372 9 11 0.14742635 
865 109 8 10 0.14722623 
744 532 9 11 0.14711179 
67 407 10 12 0.14697404 
770 160 7 9 0.14692189 
876 400 9 11 0.14655684 
366 141 8 10 0.14655614 
577 533 10 12 0.14630865 
951 460 14 17 0.14608897 
512 504 8 9 0.14600144 
827 632 13 16 0.1442442 
879 685 11 13 0.14410077 
706 759 10 13 0.14135423 
42 455 9 11 0.14050235 
559 644 9 13 0.14011069 
486 446 8 11 0.13944033 
5 431 8 11 0.1392389 
129 645 10 13 0.13863353 
634 127 8 10 0.13836546 
689 430 8 10 0.13822651 
818 189 7 9 0.13802285 
920 233 9 11 0.13789819 
990 80 9 13 0.13784105 
869 442 11 13 0.13775755 
864 79 7 8 0.13687028 
774 165 8 10 0.13664278 
649 359 7 9 0.13646503 
920 436 10 12 0.1357261 
938 239 8 9 0.13550313 
548 700 9 11 0.13518822 
401 375 7 10 0.13513653 
894 551 11 14 0.13478468 
713 184 8 10 0.13463823 
529 524 9 10 0.13461138 
678 660 10 14 0.13436739 
633 457 8 11 0.1341575 
744 525 10 12 0.13371821 
505 601 8 10 0.13353033 
500 423 9 11 0.13335149 
834 93 7 10 0.13065778 
270 377 8 9 0.13049781 
218 646 7 10 0.13047168 
606 623 8 11 0.13013427 
774 161 7 9 0.12995513 
648 591 11 13 0.12900773 
928 198 7 9 0.12877053 
439 590 9 11 0.12856998 
776 429 11 13 0.12852456 
566 484 9 12 0.12823826 
479 302 9 10 0.12806629 
870 126 8 10 0.12725016 
687 492 10 13 0.1266558 
830 412 11 13 0.12659712 
526 372 7 10 0.12650664 
737 21 6 9 0.1263274 
558 517 8 10 0.1259897 
225 471 10 13 0.125396 
665 423 9 11 0.1251947 
689 255 8 10 0.12502754 
503 493 8 10 0.12492221 
550 414 8 11 0.12490186 
471 639 9 11 0.12445862 
550 584 9 12 0.12395063 
624 117 8 9 0.123877645 
782 545 11 14 0.12386157 
433 573 9 11 0.12384943 
925 120 8 10 0.12374294 
658 405 8 10 0.12355976 
295 455 9 12 0.123030074 
901 216 9 11 0.12266769 
679 366 6 9 0.1226427 
143 684 10 12 0.12257282 
757 200 7 9 0.122445345 
726 643 10 12 0.12238009 
376 390 8 10 0.12200303 
608 395 9 11 0.121989295 
189 664 8 11 0.121529244 
802 63 8 9 0.121027976 
189 470 11 15 0.120913446 
445 447 8 10 0.12067194 
781 428 9 12 0.12047836 
105 496 10 12 0.120201856 
732 567 12 16 0.12006462 
684 669 12 15 0.11999291 
745 451 9 12 0.11984103 
272 382 7 9 0.11969345 
927 649 13 17 0.119389504 
488 229 9 11 0.11928453 
915 175 7 10 0.11902063 
372 600 10 12 0.11901495 
673 311 7 9 0.11813206 
257 747 13 16 0.11811905 
468 586 12 15 0.11802064 
947 216 8 10 0.11801875 
567 478 9 12 0.11778631 
493 634 9 13 0.11753414 
645 480 9 11 0.117295325 
689 424 8 9 0.11727384 
808 140 10 10 0.117251836 
841 103 8 10 0.11712288 
774 184 8 10 0.117056735 
268 442 11 14 0.117017046 
488 540 9 10 0.11671288 
534 523 9 11 0.11665068 
613 231 8 10 0.11655493 
13 525 10 12 0.11654414 
336 400 7 9 0.11620458 
32 470 9 13 0.116075985 
744 118 8 9 0.11533299 
480 295 8 10 0.115322776 
45 350 8 11 0.11532009 
557 464 9 12 0.11435292 
762 724 13 15 0.114032514 
327 469 8 10 0.11381216 
558 638 9 13 0.113749884 
398 397 7 10 0.11323392 
961 245 8 10 0.112981185 
950 580 9 12 0.1123917 
295 446 8 9 0.11182806 
616 296 8 11 0.11156782 
150 695 10 13 0.111338645 
897 166 7 9 0.11120142 
290 444 8 10 0.11105093 
823 508 11 15 0.11103173 
757 573 11 15 0.11088634 
833 119 8 10 0.11086179 
911 574 11 13 0.11069832 
906 159 6 8 0.11058743 
0 516 8 13 0.110573195 
928 95 8 10 0.1103487 
452 566 9 12 0.11032752 
320 390 8 10 0.10947459 
512 95 8 10 0.10934878 
728 659 10 13 0.108714595 
583 349 9 11 0.10861634 
575 421 8 10 0.10849878 
58 421 8 11 0.107984394 
64 411 10 13 0.10757423 
968 47 8 11 0.10756123 
753 305 7 10 0.10755249 
1001 239 8 10 0.10739775 
937 113 7 9 0.1071388 
992 493 13 15 0.106943786 
393 392 8 10 0.10672923 
501 428 9 10 0.10671173 
561 189 7 9 0.10642312 
266 439 9 12 0.10607242 
869 470 10 12 0.10596432 
620 758 9 12 0.10582231 
438 185 7 9 0.10581218 
759 62 7 9 0.105553046 
441 438 8 9 0.10517855 
520 560 9 11 0.10494109 
550 382 8 10 0.104537874 
664 428 10 12 0.10445998 
617 246 7 10 0.104387514 
867 129 7 9 0.10429653 
590 397 9 11 0.104198106 
517 352 9 10 0.10414689 
311 416 7 10 0.104026094 
383 449 8 10 0.10402528 
386 433 8 12 0.10364895 
35 562 12 14 0.1036276 
303 664 8 11 0.10356782 
638 167 7 9 0.103316024 
562 295 7 8 0.10308115 
546 389 8 11 0.1029286 
549 573 8 11 0.102861784 
616 271 8 9 0.10240823 
893 180 9 12 0.10221602 
951 409 12 15 0.10198067 
708 288 9 10 0.1016466 
689 247 7 10 0.10163699 
229 637 8 11 0.10128859 
880 143 8 9 0.10116829 
472 399 9 11 0.10109591 
159 476 8 12 0.10091875 
301 696 9 11 0.10078736 
792 430 11 14 0.10035398 
830 516 9 12 0.10016315 
7 463 10 14 0.100047946 
590 669 8 10 0.09999661 
644 414 9 11 0.099850684 
689 437 9 12 0.09921062 
581 319 9 12 0.09917452 
344 724 10 12 0.09913786 
567 294 7 10 0.09912273 
377 415 9 12 0.09898822 
816 220 9 11 0.098933585 
400 380 8 10 0.098736174 
450 615 10 13 0.098512195 
226 631 8 10 0.09849766 
816 185 8 10 0.09809023 
186 474 10 13 0.09807617 
837 94 8 10 0.09806649 
92 682 18 21 0.09795751 
968 179 9 11 0.09780425 
761 138 8 9 0.09777737 
741 71 7 10 0.09775467 
962 319 9 11 0.09767538 
705 64 6 8 0.09759527 
901 486 11 14 0.097553425 
601 625 8 10 0.09710057 
985 240 7 9 0.09703832 
551 287 6 9 0.09695491 
705 46 7 10 0.096828155 
775 128 7 9 0.096748084 
791 598 9 13 0.09657446 
712 381 9 12 0.0964413 
481 78 8 10 0.09644101 
94 523 11 13 0.09641898 
215 662 10 12 0.09628678 
425 375 8 10 0.09613204 
877 404 10 12 0.096003205 
850 582 10 14 0.095499575 
261 393 8 10 0.09543353 
423 359 8 11 0.0953629 
632 249 9 10 0.09532059 
563 541 10 11 0.0948731 
969 599 8 11 0.09475348 
538 317 8 11 0.09474819 
617 373 8 11 0.09463964 
870 483 12 15 0.09425945 
791 445 9 12 0.09420856 
783 47 6 8 0.094117165 
741 96 7 9 0.09406441 
703 88 8 10 0.09403872 
919 95 7 9 0.09385783 
633 145 6 9 0.093807615 
249 662 10 12 0.093763605 
669 680 11 14 0.0937529 
590 548 9 11 0.093502074 
208 375 8 9 0.0934704 
577 710 11 13 0.09343679 
692 493 9 12 0.09325704 
870 476 10 13 0.093163535 
550 710 11 13 0.093092844 
800 391 10 12 0.092986435 
398 392 7 10 0.092979476 
815 153 7 9 0.09297775 
736 502 9 11 0.09287319 
984 595 12 14 0.09268451 
631 337 8 11 0.09188224 
501 415 8 10 0.09182058 
837 461 11 14 0.091624096 
737 114 7 8 0.091574445 
561 30 8 10 0.09152744 
581 666 9 13 0.09138974 
479 13 8 10 0.09137374 
422 335 7 10 0.0913621 
941 183 8 11 0.091156445 
487 631 12 15 0.09099453 
718 133 8 10 0.09087998 
546 286 7 10 0.090778396 
783 464 11 12 0.09060245 
478 513 10 14 0.09016309 
910 111 8 10 0.09008322 
743 6 7 8 0.089978255 
735 493 8 10 0.08991184 
680 470 8 12 0.08984758 
389 727 8 12 0.08979043 
638 626 12 16 0.089759104 
862 150 9 11 0.089740954 
526 64 7 9 0.08970709 
463 565 9 12 0.08954774 
867 540 11 15 0.08954149 
501 397 10 13 0.08935817 
744 113 7 9 0.089279585 
906 192 7 9 0.088732444 
845 467 12 14 0.08867796 
440 433 8 10 0.08855928 
148 687 10 11 0.0882947 
504 57 6 9 0.0881962 
661 406 8 11 0.08817596 
130 587 11 14 0.088028714 
245 765 9 12 0.08797732 
847 84 8 10 0.08782671 
853 349 10 12 0.08754285 
321 382 9 12 0.08752452 
548 695 10 12 0.08747649 
888 485 13 16 0.08721785 
775 17 7 9 0.08706491 
152 715 11 15 0.08690754 
255 373 8 10 0.08686627 
382 471 8 10 0.08664477 
288 360 7 8 0.08656463 
758 382 9 11 0.08647731 
542 231 8 10 0.08646207 
704 124 8 10 0.08634329 
632 165 8 10 0.08617389 
406 517 7 10 0.08616649 
985 247 7 9 0.08610505 
887 45 9 11 0.08600531 
670 168 8 10 0.08590251 
829 382 9 12 0.08580128 
584 368 8 10 0.08557278 
745 421 9 11 0.08514371 
436 690 12 15 0.0849872 
695 13 7 9 0.08489956 
727 14 8 9 0.08487201 
472 336 8 9 0.08469253 
520 182 9 12 0.08442152 
339 390 7 10 0.084420055 
92 421 10 12 0.084393755 
743 150 7 9 0.08431592 
860 374 9 11 0.084209345 
673 318 7 10 0.0838501 
481 56 6 9 0.083848074 
872 253 10 11 0.08357295 
748 531 10 13 0.08345452 
609 279 8 10 0.083392106 
926 624 9 12 0.08329425 
553 464 9 11 0.0830537 
732 356 10 12 0.08301707 
446 495 8 11 0.08296265 
519 382 9 10 0.08295126 
985 173 8 11 0.082824394 
667 544 12 14 0.082767874 
726 432 8 11 0.08246923 
488 159 9 12 0.08241153 
500 223 9 11 0.08218724 
622 374 9 12 0.08187545 
521 176 8 10 0.08176936 
511 64 8 11 0.08159662 
729 344 9 11 0.08137012 
463 328 8 10 0.08127944 
425 601 8 10 0.08127428 
680 302 7 10 0.081189804 
262 655 9 11 0.08117578 
312 749 10 12 0.0808912 
325 381 9 11 0.080796674 
736 88 7 9 0.080683745 
545 383 8 10 0.08055773 
242 645 8 10 0.0803654 
464 199 8 10 0.08024242 
287 391 7 9 0.08021138 
753 88 7 9 0.079826586 
470 30 9 12 0.07964482 
766 498 10 12 0.07956626 
64 487 10 12 0.07912551 
702 143 9 11 0.07911901 
713 611 10 13 0.07900445 
590 368 8 11 0.07899878 
536 105 6 9 0.078926824 
713 548 10 13 0.07878017 
866 87 8 10 0.07877571 
633 98 7 8 0.078445666 
726 8 7 10 0.07836448 
558 248 9 11 0.07798927 
39 419 11 13 0.07793498 
989 295 9 12 0.07791251 
360 404 9 11 0.07772624 
535 496 7 10 0.07772069 
880 71 9 10 0.07771337 
340 660 11 13 0.077693984 
264 720 12 16 0.07768982 
703 385 9 11 0.07747613 
848 636 14 18 0.07744278 
391 619 9 11 0.07737815 
462 470 8 10 0.07724868 
511 673 11 15 0.07715811 
717 607 12 14 0.07708808 
476 614 10 12 0.07685887 
743 398 9 12 0.076829195 
420 672 10 11 0.07679676 
558 512 8 11 0.07678456 
860 178 10 13 0.0766757 
448 278 8 10 0.07652541 
620 764 12 16 0.076495975 
929 131 9 11 0.07641847 
870 110 7 9 0.07640097 
488 379 11 14 0.07635586 
709 318 9 11 0.07632472 
400 342 7 9 0.07626098 
309 722 11 13 0.07625969 
656 455 8 11 0.07623578 
833 262 11 13 0.075948805 
417 415 7 9 0.0758456 
473 343 7 9 0.07583836 
910 191 7 9 0.075755686 
581 304 8 11 0.075743355 
728 55 7 8 0.07532991 
745 237 8 11 0.07531392 
743 1 7 9 0.07527572 
409 447 9 12 0.07511764 
897 327 8 9 0.07494262 
455 389 8 10 0.0749367 
718 62 7 10 0.0748947 
776 375 9 12 0.074881226 
725 437 9 10 0.074862644 
448 484 10 12 0.07482941 
887 657 13 17 0.07469563 
718 184 8 10 0.074691884 
689 8 8 10 0.07455147 
327 399 8 9 0.07446969 
609 119 7 9 0.07446194 
621 468 8 11 0.07445608 
864 599 11 13 0.07431597 
752 348 9 11 0.074149325 
769 184 9 12 0.07404196 
534 336 8 10 0.073921874 
217 392 7 10 0.07386751 
943 350 10 13 0.0737392 
518 227 10 12 0.0737144 
829 510 10 13 0.073701106 
714 56 7 9 0.07368577 
456 344 7 9 0.07368423 
696 455 8 10 0.07362518 
366 398 8 10 0.07362386 
993 488 9 12 0.07353599 
838 88 8 10 0.073501796 
985 78 10 12 0.073312 
254 296 7 9 0.07326952 
206 670 11 13 0.073231995 
830 126 8 10 0.073151916 
512 100 8 10 0.07313247 
80 405 10 12 0.07282162 
661 399 9 12 0.07275934 
529 341 8 10 0.07270291 
643 523 12 14 0.072612524 
465 205 8 10 0.072476946 
375 385 8 9 0.0723022 
689 381 8 10 0.07218984 
753 364 10 13 0.07212458 
409 550 9 11 0.07212249 
686 157 9 10 0.07209123 
504 61 7 10 0.071875766 
500 405 9 11 0.07183057 
232 763 11 13 0.071804024 
675 366 7 10 0.07176876 
45 460 9 11 0.07174768 
720 335 9 11 0.07166953 
289 49 8 10 0.07143846 
691 548 11 13 0.07140111 
583 103 7 8 0.07130588 
550 686 10 11 0.07124689 
569 336 9 11 0.071145214 
30 463 9 11 0.07101951 
448 453 8 11 0.070885174 
713 500 9 12 0.07076975 
878 554 12 14 0.070708215 
858 95 8 9 0.07050646 
932 639 10 12 0.070428975 
607 547 10 12 0.070363395 
897 219 11 13 0.07033658 
505 39 8 10 0.07033635 
711 496 10 12 0.07032773 
888 127 8 10 0.07023153 
720 412 9 11 0.07012365 
375 691 11 13 0.07009743 
688 175 6 9 0.070091836 
155 502 9 12 0.06990602 
837 118 8 10 0.06988256 
414 447 8 10 0.06986194 
560 494 9 12 0.06986002 
175 653 9 13 0.0697326 
215 640 8 10 0.06966832 
567 699 9 12 0.06964575 
727 383 10 12 0.06951824 
210 623 8 10 0.069463305 
569 438 8 12 0.069329925 
757 729 16 18 0.06929153 
584 344 8 10 0.069253795 
71 659 11 15 0.06920274 
432 469 10 12 0.069108605 
471 286 8 10 0.069104694 
532 557 10 13 0.06906003 
937 525 11 13 0.06905052 
286 658 9 11 0.06895975 
865 134 8 10 0.06882408 
252 704 9 11 0.0687526 
639 144 7 9 0.068652876 
359 16 7 8 0.06847971 
454 383 9 11 0.068466045 
364 477 8 11 0.068405725 
799 100 7 9 0.06825987 
398 7 9 11 0.06824443 
217 272 7 9 0.06819688 
790 72 8 10 0.068111435 
182 495 11 13 0.06810429 
543 246 8 11 0.06804102 
576 223 7 10 0.06798724 
493 548 10 13 0.067882344 
920 492 11 14 0.06779805 
406 229 8 11 0.06763732 
632 161 8 9 0.06751321 
905 40 9 11 0.06748675 
502 337 9 10 0.067351565 
825 380 9 12 0.067260526 
596 496 10 11 0.06724665 
694 72 7 9 0.06723702 
1008 232 8 10 0.06720144 
616 653 10 12 0.067197934 
635 493 11 15 0.06717225 
878 531 9 11 0.066907234 
519 571 11 14 0.066811316 
300 494 11 15 0.06656991 
272 302 6 9 0.06650674 
669 696 11 14 0.06646 
685 471 9 11 0.06637272 
418 382 8 10 0.0663137 
358 751 10 13 0.06620146 
893 497 11 14 0.066134915 
590 37 8 10 0.06599503 
321 399 7 9 0.065966256 
753 94 7 9 0.0657047 
911 566 11 13 0.06562439 
879 209 9 11 0.06554634 
845 455 11 14 0.06552447 
517 327 9 10 0.06551158 
572 503 10 11 0.06533341 
290 623 8 11 0.06522962 
495 344 8 11 0.06514096 
16 383 9 12 0.065084495 
767 7 7 8 0.064992204 
367 383 8 11 0.064943835 
392 455 9 12 0.064922445 
572 676 12 15 0.06491529 
23 516 11 13 0.064885065 
921 623 9 13 0.06488277 
688 102 8 8 0.06487674 
207 607 8 11 0.06483036 
581 588 10 14 0.06479761 
864 429 10 11 0.06476732 
289 336 7 10 0.064719595 
733 653 11 14 0.06454176 
721 452 9 11 0.06452765 
775 659 10 14 0.064527065 
827 580 12 15 0.064487815 
519 644 11 14 0.06448289 
774 380 10 12 0.06446341 
421 184 8 10 0.06441399 
221 655 9 11 0.064310774 
414 208 7 9 0.06424007 
312 440 8 10 0.064235695 
753 203 8 11 0.064222865 
639 294 9 10 0.06416911 
807 183 8 10 0.06402041 
609 432 9 10 0.063897036 
153 580 8 11 0.063604794 
603 633 12 15 0.06358055 
864 438 11 14 0.06351514 
808 80 7 9 0.06348471 
713 367 8 11 0.06347619 
333 461 9 10 0.06347451 
272 408 9 11 0.06322065 
415 292 7 10 0.06319839 
267 20 7 10 0.063095875 
732 645 10 12 0.06305902 
607 678 11 15 0.06302493 
30 637 14 16 0.06301515 
565 647 9 11 0.06299045 
574 390 8 11 0.06292576 
656 636 10 13 0.06291586 
129 469 9 12 0.06290631 
222 609 7 9 0.062896185 
608 112 7 9 0.062861614 
784 231 9 12 0.062815435 
631 479 10 11 0.0627811 
813 438 10 13 0.062692456 
288 365 8 10 0.0626903 
742 16 7 9 0.06268827 
545 185 7 10 0.06266682 
427 609 12 15 0.06262033 
391 502 8 10 0.062615976 
489 224 8 11 0.06261237 
981 62 10 12 0.06256999 
647 407 8 10 0.062557 
406 376 7 9 0.0625272 
749 120 7 9 0.062499553 
280 351 8 10 0.06241413 
774 150 7 9 0.062413834 
719 112 7 9 0.062380243 
536 366 9 11 0.062359415 
968 87 8 10 0.062310636 
449 383 9 11 0.06230958 
960 615 13 15 0.062113065 
541 239 9 10 0.062111948 
703 431 8 10 0.06209379 
855 344 9 11 0.06209301 
525 663 10 13 0.062076718 
336 404 9 11 0.062072963 
550 567 9 12 0.062020395 
465 30 9 11 0.062018946 
652 788 12 13 0.06183524 
746 231 8 11 0.061779957 
749 398 10 13 0.06172162 
763 715 14 18 0.061668742 
800 152 7 10 0.06161893 
869 727 19 23 0.06157415 
521 581 9 11 0.06154778 
860 407 9 12 0.061526936 
925 237 8 11 0.061516568 
69 487 11 12 0.061434098 
646 391 9 11 0.06143025 
228 475 10 14 0.061306912 
401 232 8 10 0.061228167 
1002 425 12 16 0.061185475 
345 470 9 10 0.061156176 
942 437 10 13 0.061085828 
456 456 7 10 0.06105135 
623 133 7 10 0.061041694 
538 238 8 10 0.061031424 
734 48 8 9 0.06085152 
770 165 8 10 0.060840257 
791 763 13 18 0.06083333 
422 381 8 10 0.06082863 
397 474 10 12 0.060757235 
414 480 8 10 0.060738437 
521 343 8 9 0.060695443 
578 323 8 11 0.060650848 
549 453 9 10 0.060614057 
631 102 8 8 0.060479157 
807 152 9 11 0.06037559 
97 580 9 12 0.06027179 
716 764 9 13 0.06026307 
438 682 9 10 0.060239524 
89 520 9 11 0.060203698 
615 238 7 10 0.060166832 
818 87 8 9 0.060023356 
842 73 8 9 0.06002146 
621 512 10 13 0.05994499 
549 631 10 13 0.059792202 
463 53 6 9 0.059773024 
714 697 100 115 0.059718 
615 328 8 11 0.05960141 
576 416 9 11 0.05951509 
594 231 7 9 0.059483316 
775 145 7 9 0.059427086 
510 510 8 10 0.059425265 
816 79 7 9 0.05941539 
554 554 10 14 0.059382807 
748 554 11 14 0.0592827 
798 119 9 11 0.059259914 
862 143 8 10 0.0592134 
666 167 8 10 0.0591708 
757 661 19 24 0.05910884 
882 24 8 10 0.059077345 
61 504 10 12 0.059036218 
214 628 7 11 0.059006914 
46 543 11 14 0.058991905 
918 180 8 10 0.05892684 
533 341 9 10 0.058918953 
520 534 9 12 0.058890324 
751 56 8 9 0.058811996 
338 7 8 8 0.05877392 
761 476 10 12 0.058728937 
470 328 7 9 0.058636215 
271 464 9 11 0.058599748 
704 304 7 10 0.058549143 
775 675 11 15 0.058468357 
965 126 8 11 0.058369435 
486 295 8 10 0.058364064 
889 86 8 10 0.05832337 
254 5 8 9 0.058308404 
745 405 9 12 0.058238808 
574 342 8 11 0.05804856 
714 511 8 11 0.058042396 
512 257 7 10 0.058003973 
927 223 8 9 0.057948872 
301 461 10 11 0.057914782 
406 511 9 13 0.057855256 
561 477 9 12 0.057839967 
383 488 10 13 0.05779908 
462 103 7 9 0.057723466 
488 367 8 10 0.057711773 
768 127 9 10 0.05762628 
650 135 7 8 0.05760775 
489 343 8 10 0.05760476 
719 38 8 10 0.057506308 
962 241 8 10 0.05740494 
686 24 7 10 0.05735116 
470 280 8 10 0.057298146 
456 652 10 14 0.057291757 
473 38 9 11 0.057276484 
777 396 9 11 0.057009954 
44 345 8 10 0.056976553 
705 192 7 9 0.056918014 
394 8 8 9 0.056863956 
134 510 8 11 0.056847867 
528 496 8 11 0.056785546 
834 240 8 10 0.056750383 
294 616 7 10 0.0566495 
431 542 8 10 0.056553632 
813 676 11 15 0.056547213 
934 599 9 11 0.05649026 
326 672 9 11 0.0564215 
439 699 11 14 0.05639596 
736 77 7 10 0.05638719 
712 48 7 9 0.056385368 
70 502 10 12 0.056323238 
697 150 7 9 0.05631243 
550 447 9 11 0.056288525 
783 446 12 14 0.05626406 
511 168 7 9 0.056254826 
697 38 7 9 0.05624058 
775 390 9 11 0.056228373 
765 470 10 14 0.056219466 
687 311 8 9 0.056189086 
638 254 7 9 0.056171846 
272 7 7 9 0.056113083 
840 152 7 8 0.056059122 
536 31 8 10 0.056021918 
470 431 7 10 0.05594409 
876 483 11 15 0.05591333 
801 196 8 10 0.055718508 
544 280 7 9 0.055680767 
808 97 7 9 0.055633392 
722 256 8 10 0.05560991 
594 119 8 9 0.05557241 
361 383 9 10 0.055533435 
492 543 9 10 0.05550856 
517 357 8 11 0.05548226 
478 38 8 9 0.055476356 
534 358 9 11 0.055350605 
1005 463 15 21 0.05534577 
15 374 9 11 0.05533243 
320 14 7 9 0.055282407 
658 167 6 8 0.05520299 
640 579 9 12 0.055186342 
544 85 7 10 0.05506605 
775 62 7 10 0.055029932 
841 31 7 9 0.05499593 
596 559 9 12 0.054930553 
983 68 9 12 0.05489228 
474 651 13 17 0.05482044 
325 423 7 9 0.05476046 
512 239 7 10 0.054716595 
216 750 12 13 0.054667756 
808 70 7 9 0.054643825 
231 745 13 17 0.054618068 
279 383 7 10 0.054612078 
510 31 7 9 0.054562848 
689 377 7 9 0.054560795 
888 413 9 11 0.054528855 
877 625 15 19 0.05449803 
297 374 8 10 0.054489356 
696 33 7 9 0.054472823 
788 667 11 14 0.05434217 
793 374 9 11 0.054267116 
593 357 8 10 0.054257326 
493 700 11 15 0.05424372 
317 427 10 12 0.054241326 
574 337 8 9 0.054236848 
466 255 8 10 0.05402914 
736 300 8 10 0.053983446 
802 289 8 10 0.053959414 
750 576 13 16 0.053949926 
302 675 11 14 0.053942453 
633 468 9 11 0.053853497 
825 32 7 8 0.053802267 
41 375 8 10 0.053796202 
527 557 10 12 0.053661767 
72 376 8 11 0.05362691 
657 111 8 10 0.05360023 
591 570 9 12 0.053575605 
55 503 11 14 0.053540498 
721 149 9 10 0.053443503 
318 360 8 11 0.053359386 
718 541 11 14 0.053244773 
985 104 8 10 0.053219926 
754 73 7 9 0.053189393 
423 92 10 11 0.053140596 
680 96 6 9 0.053120684 
53 566 11 13 0.053100806 
312 743 10 12 0.05307806 
568 390 8 11 0.05307451 
407 224 9 11 0.052814167 
631 433 8 10 0.052813306 
96 575 10 12 0.052794993 
518 670 10 13 0.052791856 
569 507 10 13 0.052760903 
556 550 10 12 0.05272386 
246 685 9 11 0.05272258 
720 87 7 9 0.052672155 
930 79 8 10 0.052623007 
801 56 7 9 0.05261703 
357 5 8 10 0.052524496 
889 110 7 9 0.052511334 
672 658 12 15 0.052488938 
418 741 8 10 0.052346863 
882 605 10 13 0.052298244 
503 488 8 10 0.0522714 
585 379 10 12 0.05226532 
681 590 9 13 0.052221708 
231 483 11 13 0.052214853 
565 471 10 13 0.052180648 
449 344 8 9 0.052137993 
614 749 10 14 0.05213065 
784 251 9 10 0.052058436 
775 55 8 10 0.05201226 
986 84 9 12 0.051993396 
758 374 9 11 0.051969115 
329 447 10 12 0.05188191 
952 343 9 11 0.051880147 
534 296 8 10 0.051823825 
562 320 8 10 0.051802874 
633 303 8 9 0.051800832 
222 176 7 9 0.051737823 
614 406 8 9 0.051701616 
614 287 7 8 0.05166468 
709 104 8 10 0.051638685 
525 564 10 13 0.051627234 
562 486 8 11 0.051615044 
823 110 8 10 0.051600527 
368 486 9 12 0.051531013 
430 597 9 11 0.051478274 
185 668 11 11 0.05144029 
321 468 9 11 0.05136244 
95 494 9 11 0.051312584 
408 420 8 11 0.05129147 
577 26 7 9 0.05127896 
601 327 8 11 0.051246867 
504 239 8 10 0.051191278 
127 510 9 12 0.05118597 
855 64 8 10 0.051127974 
648 455 9 10 0.051117904 
704 94 7 9 0.05109573 
894 333 10 12 0.05108542 
569 600 9 11 0.051051613 
787 739 14 16 0.05100954 
543 119 8 10 0.050992656 
80 550 10 12 0.05093921 
375 359 7 10 0.05091842 
882 365 9 12 0.050903175 
198 598 8 9 0.050839875 
239 358 7 10 0.050828 
519 500 8 11 0.0507944 
448 628 11 14 0.050779093 
641 111 6 9 0.050769784 
479 191 7 10 0.050760824 
994 222 7 10 0.050739408 
341 406 9 10 0.05073911 
511 44 7 10 0.050723456 
412 757 11 13 0.05056674 
449 460 9 11 0.050526578 
382 392 7 9 0.050497673 
857 71 8 9 0.05044474 
216 607 8 10 0.050419003 
872 671 10 12 0.050415106 
764 533 10 12 0.050378997 
777 79 7 9 0.050277952 
925 231 8 11 0.05022214 
839 110 8 10 0.050212882 
896 299 12 14 0.050176967 
917 451 12 16 0.050101027 
936 55 8 10 0.050093424 
591 392 8 10 0.050087973 
422 168 8 10 0.050083637 
833 112 8 10 0.050072096 
377 14 8 10 0.05006596 
544 621 9 12 0.050046172 
508 663 10 13 0.04995382 
717 503 8 10 0.04985863 
646 638 9 13 0.049852144 
490 351 8 9 0.04979885 
641 389 9 12 0.04972724 
350 470 8 10 0.049714103 
822 398 10 11 0.04967859 
433 464 8 10 0.04964047 
535 352 7 10 0.049607072 
725 452 10 12 0.04957235 
656 428 9 12 0.04956363 
903 140 8 10 0.049554247 
800 164 9 10 0.049506135 
208 408 10 13 0.049446236 
280 400 7 8 0.04941568 
314 647 8 10 0.049380038 
448 207 8 10 0.04935909 
760 493 12 16 0.049346514 
65 433 9 11 0.049299397 
365 407 9 11 0.049207933 
437 463 8 10 0.049168315 
301 445 9 10 0.049148347 
328 438 10 11 0.04914771 
806 526 9 11 0.04914554 
255 656 10 12 0.049079873 
712 543 10 12 0.049069878 
607 328 8 10 0.049061712 
660 644 10 14 0.049057305 
142 529 8 10 0.049004037 
856 7 9 10 0.04898094 
796 596 10 13 0.048953958 
246 641 9 11 0.048936006 
608 462 9 11 0.048933037 
559 289 7 8 0.048907794 
565 31 8 10 0.04890178 
233 287 6 9 0.04885891 
616 127 8 9 0.04882536 
726 256 7 9 0.048816204 
786 753 23 31 0.048808347 
544 454 10 11 0.04877132 
598 357 10 12 0.048742108 
221 647 9 10 0.04873766 
495 309 7 9 0.048728004 
702 39 7 10 0.048726 
967 110 7 10 0.048630223 
768 407 8 11 0.04862592 
409 490 11 14 0.048625458 
296 655 8 11 0.048609424 
392 476 10 13 0.048592884 
753 78 7 9 0.04858808 
449 669 10 12 0.04858622 
984 307 10 13 0.048553817 
573 263 8 9 0.048504557 
537 373 8 11 0.048487224 
463 398 8 11 0.048391443 
167 743 9 11 0.04836308 
772 579 15 17 0.048313055 
916 597 11 13 0.048280675 
232 432 9 12 0.04824161 
929 142 8 11 0.048239786 
32 382 8 10 0.048234366 
967 603 11 13 0.04823001 
278 407 8 10 0.04821572 
933 85 8 10 0.048212096 
993 685 10 13 0.048196193 
607 332 9 11 0.048142206 
801 191 9 11 0.048101626 
440 327 7 10 0.04807714 
465 647 10 12 0.04806254 
128 536 9 11 0.048030287 
830 65 8 9 0.048017208 
496 223 9 12 0.047959413 
536 109 7 10 0.04795858 
272 341 6 9 0.047942385 
685 596 10 13 0.047938887 
15 421 8 10 0.047916394 
326 376 9 11 0.047897007 
860 587 10 13 0.047894005 
864 475 10 13 0.047868375 
237 567 10 11 0.04783896 
708 686 11 13 0.047771107 
54 391 7 10 0.047765706 
821 189 8 10 0.047756363 
831 144 7 8 0.047728136 
527 645 11 13 0.047727052 
271 781 9 12 0.047692254 
662 342 7 9 0.047674093 
693 431 9 10 0.047648404 
422 341 8 10 0.047557585 
585 495 9 11 0.0474229 
422 503 8 10 0.047405906 
830 70 8 10 0.04737865 
922 427 13 16 0.047364946 
457 287 7 10 0.047342423 
895 507 10 13 0.047339536 
400 369 7 9 0.047314927 
575 142 7 9 0.04731134 
937 233 8 9 0.047307704 
809 327 8 10 0.047300637 
333 440 9 10 0.047227222 
313 421 9 12 0.047209762 
909 671 14 18 0.047208365 
527 424 7 10 0.047201972 
87 387 10 12 0.047178973 
768 359 8 11 0.047149967 
640 518 12 15 0.047104433 
189 606 9 11 0.0471003 
565 326 7 9 0.04708975 
783 104 7 9 0.04708007 
831 267 11 12 0.047038082 
832 229 7 9 0.047034863 
528 16 7 9 0.04699877 
417 168 8 10 0.04696638 
357 614 9 11 0.046945054 
698 320 7 9 0.0469405 
127 516 9 11 0.046914242 
399 199 7 9 0.04691235 
743 438 9 12 0.046902966 
456 374 7 9 0.046893187 
89 416 8 11 0.046875086 
582 136 7 9 0.04684864 
570 264 8 9 0.04683145 
825 128 7 9 0.04682068 
490 111 8 10 0.04679967 
709 444 10 13 0.04677938 
561 222 7 9 0.046728313 
630 686 8 11 0.04672379 
639 103 7 8 0.04670483 
361 367 8 9 0.046679676 
112 518 9 12 0.04666631 
16 444 11 14 0.046660945 
945 574 9 12 0.04663789 
613 444 9 11 0.04656411 
904 197 9 10 0.04655462 
990 263 8 10 0.04647947 
910 103 8 10 0.04646959 
556 711 11 13 0.04646891 
577 197 9 11 0.046465237 
345 422 8 10 0.04644837 
833 101 8 10 0.046417538 
392 335 8 9 0.046410084 
956 580 9 11 0.0463757 
1002 255 8 11 0.04637558 
870 546 13 17 0.046355553 
494 566 8 10 0.04632867 
509 599 8 11 0.046218414 
591 89 7 8 0.046213716 
520 31 8 9 0.046022482 
781 667 13 17 0.046001226 
359 415 9 11 0.045972336 
302 391 7 9 0.045968242 
32 376 8 10 0.045945324 
36 545 12 14 0.045930244 
806 190 7 10 0.04590034 
960 255 9 11 0.045899734 
513 412 10 12 0.045865137 
416 408 7 10 0.04584791 
592 114 7 8 0.045753706 
669 158 9 11 0.045727637 
833 41 7 9 0.045703698 
544 189 8 11 0.045699373 
720 260 8 10 0.04569062 
422 544 8 9 0.045649737 
460 501 11 13 0.0456168 
237 663 10 12 0.0456091 
294 368 8 9 0.04558611 
552 327 8 11 0.045567524 
463 334 7 10 0.045559544 
22 432 9 11 0.04555898 
957 437 11 13 0.045545094 
920 63 7 10 0.04551315 
618 134 8 10 0.0455114 
616 464 9 11 0.045415033 
854 110 7 10 0.045381855 
673 103 8 10 0.04532292 
592 167 7 9 0.045297645 
5 515 12 14 0.04526458 
780 374 10 11 0.045250207 
582 704 9 11 0.045174427 
13 518 11 14 0.04517223 
830 685 10 14 0.045115773 
517 692 10 12 0.045076773 
794 167 7 9 0.045047563 
839 0 10 8 0.044995785 
726 589 11 14 0.044955235 
905 120 8 9 0.044947892 
287 385 7 9 0.044900417 
560 217 7 9 0.044848558 
72 597 12 14 0.044846527 
728 128 7 9 0.044801738 
677 390 8 10 0.044778638 
876 657 11 15 0.044776343 
703 487 8 11 0.04476684 
634 295 8 10 0.044766475 
77 487 9 11 0.04476468 
471 199 8 10 0.044760134 
821 216 8 11 0.04474782 
734 333 10 12 0.04472936 
197 272 8 9 0.0446816 
897 230 9 11 0.044679914 
909 158 7 9 0.04467468 
569 359 9 11 0.044640057 
527 551 9 12 0.044639755 
790 407 9 11 0.044599365 
503 207 7 10 0.044560246 
815 157 8 10 0.044538636 
478 581 8 11 0.044524655 
880 110 8 10 0.044520773 
641 287 8 11 0.044520468 
518 333 9 11 0.04450421 
766 135 8 10 0.044500474 
280 327 8 9 0.044482235 
303 722 11 14 0.044447772 
513 352 8 10 0.044372495 
734 581 9 12 0.044337694 
152 496 9 11 0.044317286 
528 625 10 13 0.044287156 
546 581 9 11 0.044283975 
889 178 9 11 0.044253077 
673 325 8 10 0.04424596 
496 190 6 8 0.04423073 
452 635 10 13 0.044220045 
225 305 7 8 0.04418444 
471 350 8 9 0.044170234 
608 375 9 10 0.04416937 
432 391 7 9 0.044164006 
936 161 7 9 0.044160333 
551 501 9 11 0.04414434 
558 134 7 9 0.044110823 
704 493 9 11 0.044093687 
769 213 8 11 0.044077046 
984 299 12 15 0.044072032 
440 583 9 12 0.04404717 
279 429 9 11 0.044009373 
993 152 9 10 0.043953042 
905 129 6 8 0.04387532 
649 303 7 9 0.043850906 
448 73 8 9 0.04385081 
321 676 9 12 0.043837775 
653 102 8 10 0.04381703 
758 72 7 9 0.043805346 
849 135 7 9 0.043791406 
449 376 7 8 0.04373519 
254 434 9 13 0.04369098 
458 328 7 9 0.043661043 
750 166 7 9 0.04365987 
535 742 9 12 0.04363722 
865 395 10 14 0.043574598 
265 701 9 10 0.04357281 
358 420 8 11 0.04356386 
254 668 8 11 0.043532908 
374 487 9 12 0.043500952 
821 239 10 12 0.043494903 
212 669 11 15 0.043471634 
367 611 10 13 0.04343101 
296 352 8 9 0.043428633 
880 78 8 10 0.043307196 
417 736 9 10 0.043255277 
894 411 10 14 0.04322858 
310 695 9 11 0.04322005 
441 312 8 9 0.043209743 
135 535 8 10 0.043204978 
693 255 8 9 0.043194488 
546 707 10 14 0.043157533 
438 65 7 10 0.04314553 
908 134 8 10 0.043115467 
773 411 10 12 0.04309312 
433 64 9 12 0.043065514 
863 169 9 10 0.0430579 
727 414 9 11 0.043049697 
600 319 9 11 0.04302505 
286 430 9 11 0.043015365 
39 448 9 11 0.043009788 
847 31 7 9 0.042926665 
554 517 9 11 0.04289997 
688 628 19 25 0.04289788 
881 360 9 12 0.042856395 
479 366 8 10 0.04285168 
542 494 9 11 0.0428515 
501 352 9 10 0.04284231 
687 97 7 9 0.04283757 
784 79 8 9 0.042828746 
752 61 8 10 0.042821433 
44 415 10 12 0.042793535 
238 669 10 11 0.042771205 
120 455 8 9 0.0427194 
660 724 10 14 0.04270202 
957 30 10 12 0.04269195 
624 465 8 10 0.042684976 
376 8 8 9 0.042663444 
408 543 10 12 0.042644963 
460 359 8 10 0.042623863 
535 17 8 10 0.04261012 
353 6 9 10 0.042599156 
719 400 9 11 0.04256176 
597 565 8 11 0.042546913 
961 70 8 12 0.04250622 
1000 619 10 13 0.042492025 
65 468 10 12 0.04248712 
475 14 8 10 0.04245148 
1005 550 9 11 0.042434223 
487 215 8 10 0.04242792 
897 143 7 9 0.042417016 
514 224 9 11 0.042381097 
496 184 7 10 0.042360436 
665 143 7 8 0.042351894 
481 255 7 9 0.04232159 
688 260 8 10 0.0423071 
503 392 9 11 0.04229639 
894 119 8 10 0.042287607 
363 471 10 13 0.042278185 
271 432 8 11 0.04227568 
783 110 7 10 0.042252038 
381 460 10 12 0.042222735 
28 495 10 11 0.042220157 
573 7 8 10 0.04221559 
347 389 9 11 0.042205483 
521 64 7 9 0.04220432 
293 467 11 13 0.042198416 
624 151 7 9 0.04216612 
1010 100 8 11 0.042163827 
751 103 8 9 0.04216223 
528 223 9 10 0.042160325 
738 151 8 9 0.04214869 
63 536 9 13 0.042146076 
671 470 8 11 0.042100064 
732 638 11 14 0.042075757 
841 165 8 10 0.042072907 
743 214 7 10 0.042049333 
1008 261 8 11 0.04203923 
300 455 10 12 0.042012114 
335 23 7 9 0.042007644 
465 247 8 9 0.04198864 
280 366 8 10 0.041968815 
514 487 9 12 0.04190107 
807 176 7 9 0.041894868 
802 80 7 9 0.041882128 
663 606 8 11 0.041859552 
464 280 9 10 0.04184947 
479 289 7 9 0.04183875 
510 192 7 9 0.04183678 
694 376 7 9 0.041831244 
799 383 8 11 0.04182303 
624 97 7 10 0.041805975 
488 264 7 10 0.041767538 
487 72 7 9 0.04174207 
272 335 7 9 0.041736294 
544 325 8 11 0.041731983 
263 351 8 10 0.04172693 
911 151 7 10 0.041726675 
912 95 9 10 0.041714363 
487 441 8 11 0.041697025 
569 270 8 10 0.04167262 
431 397 8 11 0.041667484 
644 660 11 14 0.041656025 
863 29 8 10 0.041561197 
800 47 7 8 0.041559655 
624 406 9 10 0.041551866 
487 555 10 13 0.041521903 
972 597 11 13 0.041493062 
985 264 9 10 0.041491617 
433 591 9 12 0.041479804 
0 646 9 15 0.041478496 
473 95 8 10 0.041469906 
769 428 10 13 0.04146392 
571 477 10 13 0.041451585 
553 511 9 11 0.041430715 
391 442 9 12 0.041425858 
311 57 8 9 0.041404877 
557 344 8 11 0.041403014 
727 540 10 13 0.041377686 
849 246 8 10 0.04136946 
464 560 10 12 0.041346204 
755 726 25 30 0.041335315 
750 176 8 10 0.04132265 
410 207 7 10 0.041299865 
352 616 9 12 0.041297615 
446 312 7 9 0.04129683 
30 446 10 12 0.04129057 
574 271 7 9 0.041271985 
606 152 7 8 0.041244864 
254 335 8 9 0.04124064 
328 429 8 12 0.041238792 
733 587 10 14 0.041217417 
775 367 8 10 0.041215025 
886 549 12 15 0.041172378 
981 707 20 25 0.04116041 
479 60 8 9 0.041147906 
670 143 7 10 0.04109761 
872 200 8 9 0.041084662 
926 176 8 9 0.0410812 
134 612 10 12 0.041073494 
854 104 8 10 0.041028436 
7 506 13 16 0.041019123 
518 319 7 9 0.04101447 
914 181 8 10 0.040978912 
888 104 8 9 0.04096773 
968 159 8 11 0.04096562 
790 230 8 11 0.04095644 
822 86 7 10 0.040937778 
271 272 7 8 0.04093097 
954 206 8 10 0.040898234 
836 708 16 20 0.040877372 
892 436 11 14 0.04087498 
936 166 8 9 0.040842224 
478 342 7 9 0.04079161 
630 375 10 11 0.04078855 
839 14 6 8 0.040776197 
495 304 8 10 0.04074734 
525 582 9 10 0.0407321 
446 431 8 10 0.040724784 
465 430 9 10 0.040704776 
296 305 7 9 0.040607676 
325 390 8 10 0.040605452 
532 564 10 12 0.04058993 
648 364 8 10 0.040583186 
505 518 10 12 0.04058159 
413 546 10 13 0.04057594 
429 375 8 10 0.04057575 
759 78 8 9 0.04057384 
448 244 8 10 0.040572003 
328 463 9 11 0.040566638 
356 699 12 15 0.040531263 
825 648 12 16 0.04050793 
893 95 8 10 0.040506072 
479 414 7 9 0.04050172 
216 278 7 8 0.04048889 
585 487 10 11 0.040468965 
912 556 10 13 0.04044281 
878 96 9 10 0.04043448 
870 532 10 13 0.040368907 
112 590 10 12 0.040339604 
680 110 6 9 0.040332925 
527 288 8 10 0.040329672 
998 140 9 11 0.0403106 
741 23 7 9 0.040309414 
790 128 8 10 0.0403046 
417 184 8 10 0.04028832 
629 398 8 11 0.04025065 
363 142 7 10 0.04024159 
954 452 13 17 0.04014194 
153 476 9 12 0.04012536 
799 125 8 10 0.04010522 
280 319 8 10 0.04009936 
341 485 9 11 0.04008209 
545 630 10 13 0.04006991 
519 312 9 10 0.03999544 
249 295 8 10 0.039985094 
458 334 8 9 0.039983828 
1013 238 8 11 0.03996695 
688 79 7 9 0.0399664 
471 437 8 9 0.03995291 
389 495 7 10 0.039938517 
838 53 9 11 0.039890684 
507 31 7 9 0.03987633 
207 327 8 10 0.039857466 
425 223 8 10 0.03985439 
658 128 6 8 0.03983784 
157 713 13 17 0.03979863 
336 655 11 14 0.039733388 
646 582 9 11 0.039678577 
637 649 14 17 0.039678086 
235 485 11 13 0.039645538 
514 134 8 10 0.039636828 
532 751 11 14 0.03960056 
248 110 7 8 0.039597087 
431 271 9 10 0.039579447 
86 438 9 10 0.039578672 
841 159 7 9 0.039575484 
504 524 10 13 0.03957317 
489 337 6 9 0.03956672 
720 446 10 13 0.03955132 
903 776 13 16 0.039536256 
447 350 8 9 0.039534144 
929 166 7 9 0.03949726 
639 479 11 13 0.03948183 
574 773 10 12 0.03942359 
568 349 8 10 0.039420106 
646 295 7 9 0.03941782 
647 326 8 9 0.03940249 
600 310 9 11 0.03937909 
40 355 9 11 0.039359536 
1014 558 10 12 0.03935595 
513 319 8 9 0.039342754 
624 47 8 10 0.03932634 
742 100 8 10 0.039305024 
424 365 8 10 0.03930003 
545 272 7 9 0.0392989 
270 693 8 11 0.039295584 
568 583 11 14 0.03927007 
87 508 9 11 0.039266806 
972 605 9 13 0.039263263 
984 652 11 13 0.03924282 
193 278 7 10 0.03918514 
21 445 10 13 0.039183944 
831 418 11 13 0.039180554 
640 64 7 8 0.039164994 
814 332 8 11 0.039142724 
713 432 8 11 0.039139464 
957 343 9 12 0.03912955 
636 462 9 11 0.039114773 
560 24 7 10 0.039108213 
638 248 7 9 0.039071374 
793 150 7 10 0.03904899 
0 479 8 12 0.03904823 
472 512 9 12 0.03904484 
608 168 7 9 0.039036203 
920 7 9 11 0.039034948 
405 526 8 10 0.039022997 
335 734 10 13 0.0389972 
713 160 8 9 0.038975805 
970 623 11 13 0.038968854 
793 381 9 11 0.038966194 
628 703 10 13 0.038947746 
752 150 7 9 0.038944628 
1000 244 8 10 0.03894243 
770 208 7 10 0.038935043 
551 375 9 12 0.038914353 
750 112 7 9 0.038893323 
99 461 9 12 0.038881235 
760 57 6 9 0.0388473 
349 779 11 14 0.038842537 
750 427 11 13 0.038837887 
576 350 8 10 0.038830936 
153 509 10 11 0.038809337 
910 118 8 10 0.038779136 
815 129 8 10 0.038775016 
382 500 9 11 0.038711384 
786 31 7 9 0.03865691 
806 56 7 9 0.038651124 
566 493 9 11 0.038647838 
591 508 9 11 0.03862712 
733 365 9 11 0.038622655 
145 698 12 16 0.038598932 
661 128 7 9 0.03859698 
314 391 7 9 0.03859697 
610 285 8 10 0.03857774 
1013 319 12 18 0.038563713 
732 381 9 12 0.03854809 
950 349 8 12 0.038547404 
769 587 16 20 0.038531695 
769 412 9 11 0.038517054 
273 296 7 9 0.038493548 
826 602 13 14 0.038487893 
870 463 9 12 0.038465757 
66 382 9 11 0.038391236 
721 104 7 8 0.038389195 
646 398 8 10 0.03836612 
488 549 10 13 0.038365297 
47 358 10 11 0.038338162 
602 104 7 8 0.03830871 
461 650 12 16 0.038304895 
585 287 8 9 0.038284577 
921 30 9 12 0.038279135 
237 653 9 11 0.038266692 
914 81 8 11 0.03826077 
869 21 8 11 0.038240414 
638 97 7 8 0.038239885 
446 420 9 12 0.03821278 
614 278 8 10 0.038208634 
37 475 9 11 0.038178276 
782 397 8 10 0.038176678 
825 65 7 9 0.038168013 
685 603 12 14 0.038142744 
360 95 7 9 0.038122844 
896 161 6 9 0.03811288 
293 621 8 11 0.038102083 
617 310 8 9 0.038091626 
103 485 10 13 0.038070526 
98 676 18 23 0.038065724 
687 119 9 10 0.038055968 
367 742 9 11 0.03801638 
590 621 9 12 0.038016323 
607 654 9 10 0.037998345 
895 340 10 13 0.03798651 
974 191 8 11 0.037985966 
100 637 10 13 0.037958104 
749 236 9 11 0.037954625 
955 444 12 15 0.037935387 
929 377 9 11 0.03792528 
989 592 11 13 0.03792032 
333 469 9 10 0.03791491 
801 183 8 9 0.037898805 
795 95 7 10 0.03788153 
280 424 8 10 0.037867278 
784 41 7 9 0.037850823 
456 398 9 10 0.03784767 
705 700 23 29 0.03784221 
718 47 8 9 0.03784036 
100 520 9 11 0.0378343 
651 775 12 15 0.037822783 
101 333 10 13 0.037798863 
918 143 8 11 0.037788853 
265 408 8 10 0.037747625 
28 512 10 11 0.037708625 
542 375 8 11 0.037707377 
440 287 8 9 0.0376994 
720 80 6 9 0.037693415 
487 590 9 12 0.03766036 
829 522 11 14 0.03764495 
424 303 7 9 0.0376303 
841 455 9 13 0.037613872 
1013 263 8 11 0.037601802 
230 263 9 10 0.03753326 
433 343 8 10 0.037525125 
647 423 9 10 0.037524108 
934 128 8 10 0.03750873 
313 359 8 11 0.037502754 
494 229 8 10 0.037502363 
778 48 7 8 0.037501466 
265 711 11 14 0.037467558 
414 451 9 12 0.03745148 
144 600 10 11 0.037425026 
695 383 8 10 0.03741879 
127 567 10 12 0.037401024 
265 694 9 10 0.037392225 
994 129 9 11 0.0373902 
802 414 10 12 0.037378747 
447 285 8 10 0.037375845 
647 606 11 14 0.037358735 
511 681 12 16 0.03735701 
712 406 8 10 0.03732788 
494 365 9 11 0.037314415 
610 237 8 10 0.037307054 
376 447 8 10 0.037272543 
544 334 7 10 0.037269607 
434 159 7 9 0.03726892 
374 396 9 11 0.037248954 
734 540 10 13 0.037230834 
505 95 8 10 0.03721289 
384 606 10 13 0.037201907 
768 334 9 12 0.037200708 
709 93 8 10 0.037195828 
375 736 12 15 0.03719311 
865 328 9 9 0.037182994 
631 359 8 10 0.03716281 
641 71 7 8 0.03714445 
451 508 11 14 0.03713126 
469 151 8 10 0.037116267 
590 351 8 11 0.03711028 
197 422 9 11 0.037092786 
817 175 7 10 0.037091948 
489 359 8 9 0.03705775 
733 375 9 11 0.03704283 
829 558 12 16 0.03701141 
520 216 7 9 0.03694809 
470 374 8 10 0.036944848 
480 308 7 9 0.03693793 
505 301 8 10 0.036915787 
311 469 9 10 0.036912236 
887 81 8 9 0.03689567 
576 228 8 11 0.036873266 
281 390 7 10 0.036863904 
401 359 7 9 0.036840208 
921 224 7 9 0.036828253 
287 8 8 9 0.03678979 
545 343 8 10 0.036746453 
608 423 9 11 0.036746398 
574 256 7 9 0.03673228 
873 121 7 9 0.03673017 
654 143 7 10 0.03671748 
782 662 12 14 0.036715295 
477 399 9 11 0.03665195 
822 104 8 10 0.036619455 
861 421 12 13 0.036559768 
311 365 9 11 0.036554687 
871 270 11 15 0.036550928 
814 108 9 10 0.036528323 
14 574 11 13 0.036522605 
269 15 9 12 0.036519445 
544 685 9 12 0.036508653 
417 377 8 10 0.036492586 
510 56 7 9 0.03648545 
609 468 8 11 0.036476985 
902 60 9 11 0.036472913 
582 357 8 11 0.036472797 
93 511 10 11 0.036430713 
743 89 7 9 0.036427263 
70 509 11 14 0.03642087 
419 486 10 12 0.036396105 
318 735 10 13 0.036390454 
694 413 9 11 0.036387306 
520 293 8 10 0.03635112 
718 556 11 13 0.0363442 
726 578 12 14 0.036328588 
334 367 9 10 0.0362785 
707 292 9 11 0.036273323 
359 431 8 9 0.03625626 
759 205 7 9 0.036238234 
632 318 9 10 0.03621906 
752 145 7 10 0.036208604 
776 87 7 10 0.036202595 
649 428 8 11 0.03618269 
425 766 9 12 0.036158938 
929 597 9 12 0.03615333 
741 569 13 17 0.036151115 
745 56 8 10 0.03613787 
678 675 12 15 0.03613335 
976 30 10 12 0.03613172 
823 81 8 9 0.03609981 
602 152 7 8 0.036091343 
229 376 8 10 0.036089353 
997 518 10 11 0.03607338 
986 223 7 9 0.036033098 
422 742 9 11 0.036032077 
783 176 7 9 0.03602726 
647 352 7 9 0.036021866 
135 692 11 14 0.03601809 
770 55 7 9 0.03599828 
651 718 14 19 0.03598471 
337 517 10 13 0.0359526 
595 19 8 11 0.035943083 
759 215 8 10 0.03593955 
680 464 8 10 0.03593248 
534 223 7 9 0.03591394 
152 515 9 11 0.035884712 
365 749 10 12 0.035884026 
896 151 7 9 0.035873108 
544 294 8 10 0.035872318 
303 414 8 10 0.03584476 
687 445 8 9 0.035837032 
272 605 9 11 0.03581016 
736 453 9 12 0.035773277 
681 191 7 9 0.035772562 
643 567 11 14 0.035722718 
448 367 8 10 0.03569824 
984 287 8 10 0.035694357 
793 38 7 9 0.035692327 
648 271 8 9 0.035691824 
399 237 9 11 0.03565366 
809 108 8 10 0.035645623 
401 526 7 10 0.035638463 
948 586 12 14 0.035600293 
534 580 9 10 0.03557997 
889 94 8 11 0.035490885 
891 653 14 16 0.03547889 
303 440 10 11 0.03545629 
776 95 7 8 0.035404347 
648 320 7 8 0.0353992 
265 319 7 10 0.03536808 
221 222 8 10 0.03536307 
929 149 8 10 0.03535237 
344 465 8 9 0.035336208 
134 671 11 14 0.03532794 
502 436 10 13 0.03532603 
649 88 6 8 0.03532348 
631 120 8 9 0.03530923 
586 475 9 12 0.035295434 
289 407 8 10 0.035295032 
901 555 9 12 0.035245653 
616 702 19 22 0.035207167 
722 654 10 13 0.03516733 
198 592 9 11 0.03516456 
465 636 10 13 0.03516244 
824 269 9 11 0.035154335 
800 419 12 15 0.035113506 
192 591 9 11 0.035089426 
463 285 8 11 0.03508208 
486 79 7 9 0.03507552 
119 462 9 11 0.035068747 
568 5 7 10 0.035052266 
860 379 10 13 0.035025164 
461 7 8 9 0.0350246 
885 618 13 17 0.0350159 
165 715 10 15 0.035006344 
398 337 8 9 0.03500132 
730 48 7 10 0.035000242 
794 103 7 9 0.03498625 
968 165 8 10 0.03498245 
383 189 7 9 0.034971487 
919 498 11 14 0.03496748 
498 56 7 9 0.034945413 
997 508 11 13 0.034942694 
992 101 9 12 0.034937643 
720 565 12 15 0.03491847 
470 246 7 10 0.03487081 
616 511 10 11 0.034861438 
783 602 12 15 0.034839734 
954 199 8 10 0.034827024 
735 129 8 9 0.034803856 
815 96 8 9 0.034787618 
497 336 7 9 0.034787323 
872 207 9 10 0.03478691 
238 431 10 13 0.034770824 
949 367 10 12 0.03476854 
504 295 9 12 0.034737453 
520 88 7 9 0.034722667 
174 687 11 13 0.03470596 
335 667 10 12 0.034702204 
637 455 8 11 0.0346945 
360 374 8 9 0.034678765 
958 206 8 10 0.034678377 
526 428 9 11 0.034673683 
216 309 7 10 0.034668274 
240 688 10 12 0.03466484 
430 536 8 11 0.03464886 
625 102 7 8 0.034620274 
20 614 12 15 0.034616005 
862 72 7 10 0.034608006 
710 566 10 12 0.03460495 
709 726 13 16 0.034601424 
153 471 9 11 0.034595054 
729 96 7 9 0.034556367 
438 103 8 11 0.034554437 
910 453 12 16 0.034552697 
487 48 7 8 0.034531154 
967 64 8 10 0.03452532 
696 304 8 11 0.034489714 
526 573 10 12 0.03448424 
837 661 10 13 0.034470145 
662 191 8 11 0.03443772 
879 150 9 11 0.034424976 
537 199 7 9 0.03442488 
345 415 8 10 0.034371756 
797 492 10 13 0.034366764 
592 161 7 8 0.03436061 
638 373 8 11 0.03434012 
857 78 8 10 0.03432156 
769 71 8 9 0.03430178 
495 88 7 8 0.03429127 
573 597 11 12 0.03428722 
392 367 8 10 0.034278944 
698 143 8 11 0.034270678 
975 254 8 10 0.034268785 
457 460 8 11 0.03426837 
320 695 9 12 0.03426325 
752 39 6 9 0.03425561 
295 337 8 9 0.03424471 
767 381 10 12 0.034242745 
824 150 7 10 0.034218177 
838 39 7 9 0.034211475 
728 232 7 8 0.034205575 
934 428 12 16 0.034199283 
268 727 14 18 0.03418981 
32 536 11 14 0.034184866 
976 68 8 11 0.034182165 
550 310 9 11 0.03417468 
736 461 9 11 0.034167048 
695 360 8 11 0.03415846 
765 104 9 11 0.034143314 
65 390 9 11 0.03413589 
537 246 9 11 0.03413515 
959 144 8 9 0.034133803 
213 428 9 12 0.034120087 
761 105 9 10 0.034116596 
479 391 8 9 0.034096718 
192 597 9 11 0.03408811 
486 451 8 11 0.034068886 
680 476 8 12 0.034066033 
792 32 8 10 0.03403051 
949 620 14 17 0.034027014 
638 311 8 9 0.034016617 
469 206 8 10 0.034015235 
552 248 8 11 0.03400039 
299 486 11 13 0.033998374 
837 510 10 14 0.033995464 
686 135 7 10 0.033995442 
776 231 10 13 0.033994474 
33 640 16 19 0.033988494 
448 271 7 10 0.033978213 
511 548 9 12 0.033954013 
69 388 10 12 0.033952143 
319 8 7 9 0.033914175 
500 650 12 15 0.033876974 
823 444 13 17 0.033867136 
860 343 9 11 0.03386437 
856 119 7 9 0.033858586 
910 335 8 12 0.03385247 
1007 237 8 11 0.033847872 
463 192 7 9 0.03384456 
691 565 11 13 0.033831656 
600 135 8 10 0.03382544 
49 565 10 12 0.033825062 
1 484 8 12 0.033814672 
695 685 9 12 0.033812307 
80 412 10 13 0.033750925 
207 589 9 10 0.033729248 
576 406 9 11 0.033700634 
536 685 10 13 0.033697885 
250 334 7 10 0.03369169 
441 350 8 10 0.03367656 
719 56 7 8 0.03366328 
472 392 8 9 0.03365138 
800 33 7 9 0.033631317 
804 395 10 12 0.03362522 
439 246 10 12 0.03361202 
848 182 8 10 0.033603564 
297 582 10 11 0.03358314 
945 406 10 14 0.033571113 
38 381 9 11 0.033560954 
321 376 8 10 0.033559654 
271 328 8 10 0.033543963 
422 548 9 11 0.033526924 
688 64 7 9 0.033494707 
880 434 13 16 0.033491645 
830 400 10 12 0.033458296 
95 559 8 11 0.0334452 
243 693 10 11 0.033440687 
334 430 9 11 0.0334355 
473 44 8 10 0.033428527 
964 519 10 14 0.03342129 
706 438 9 11 0.03341442 
886 442 11 14 0.033379063 
417 359 8 11 0.033373035 
607 247 8 10 0.03333951 
84 462 10 11 0.03333062 
376 341 8 10 0.0333148 
184 287 8 11 0.033314344 
232 311 8 9 0.033304617 
346 358 7 9 0.033301882 
617 44 8 10 0.033244833 
504 88 7 9 0.033237074 
133 639 9 11 0.033220865 
990 168 8 11 0.033218123 
692 658 13 16 0.033213973 
830 31 7 8 0.033189084 
638 303 7 9 0.0331733 
836 255 9 12 0.03316076 
319 236 8 10 0.033148587 
391 526 9 11 0.03313958 
654 604 10 13 0.03313106 
663 335 7 10 0.033125907 
512 446 9 11 0.033123814 
827 144 6 9 0.033123143 
621 295 8 10 0.033121943 
513 75 9 11 0.033102877 
612 620 10 13 0.033066273 
880 155 9 11 0.03304669 
545 103 7 9 0.033041593 
665 159 8 9 0.033028036 
248 105 7 9 0.033027004 
200 655 8 10 0.03302145 
1000 231 8 9 0.033020098 
813 419 10 14 0.033009626 
400 349 7 9 0.032994594 
359 439 8 10 0.032980595 
925 35 10 12 0.03297801 
582 527 9 12 0.032976057 
647 462 10 10 0.032929275 
893 102 8 10 0.032921046 
895 41 8 10 0.03290272 
959 620 19 23 0.032891534 
967 485 11 14 0.032888252 
903 239 8 9 0.032884713 
702 32 7 9 0.032862697 
687 479 9 12 0.032845713 
144 605 9 11 0.032827362 
99 524 10 13 0.032749176 
431 382 7 10 0.03274774 
673 390 8 10 0.032741882 
645 679 10 12 0.032736998 
828 453 12 14 0.03273386 
599 573 9 10 0.032731615 
109 456 8 9 0.03271782 
1012 460 11 18 0.03269303 
909 128 8 10 0.032675046 
718 368 8 11 0.032659058 
240 389 8 10 0.03264968 
692 284 9 11 0.032648504 
558 573 10 12 0.03263376 
742 512 11 13 0.032613825 
360 739 11 13 0.032594755 
271 359 7 9 0.032587934 
878 119 8 10 0.03257957 
542 470 10 12 0.03257691 
663 135 7 8 0.03256887 
263 120 8 10 0.032568477 
662 118 7 10 0.03256369 
556 582 11 14 0.032544 
719 159 8 10 0.032536294 
448 532 8 11 0.032514744 
656 532 9 11 0.03250292 
623 480 9 12 0.03250139 
622 270 7 10 0.03248103 
647 5 9 10 0.032468535 
753 47 7 8 0.032465287 
670 351 9 10 0.032460894 
690 12 7 10 0.03245525 
740 430 10 12 0.03245079 
852 631 14 18 0.032436583 
824 174 8 10 0.032416176 
504 364 8 11 0.032405015 
777 103 8 10 0.032397643 
822 686 11 14 0.032393605 
924 571 15 17 0.032360636 
575 278 7 9 0.03235747 
264 343 8 10 0.03234854 
288 399 7 9 0.03233427 
296 480 10 12 0.03231788 
547 622 11 13 0.032313902 
710 421 10 13 0.032293465 
914 231 8 11 0.03228654 
972 493 9 10 0.032246202 
185 607 8 11 0.032213498 
569 364 9 12 0.03221344 
623 311 7 9 0.032202143 
687 29 7 10 0.03217304 
720 659 11 14 0.032163393 
664 530 19 23 0.032159667 
269 201 9 10 0.03212971 
944 646 10 12 0.032115288 
965 254 10 12 0.03209819 
734 269 7 10 0.032093022 
567 223 8 9 0.032086413 
463 311 8 9 0.03206242 
625 144 8 11 0.032051127 
318 167 9 11 0.032033674 
762 116 8 10 0.0320267 
727 374 9 11 0.031993736 
797 500 11 13 0.031987775 
502 531 10 12 0.031986278 
582 414 8 11 0.03195193 
602 247 8 9 0.03194912 
625 53 8 10 0.03192988 
613 685 10 13 0.03187824 
824 37 7 10 0.031821754 
519 612 10 12 0.03181876 
870 104 8 10 0.031799182 
313 15 6 9 0.03179387 
737 534 9 13 0.03179205 
558 415 7 10 0.031773128 
693 487 8 10 0.031767435 
215 743 11 12 0.03176018 
743 392 9 11 0.03173591 
416 526 7 10 0.031727195 
234 320 7 9 0.031726945 
409 407 7 9 0.03172443 
710 413 9 12 0.03172066 
295 358 9 10 0.031654418 
406 381 8 10 0.031651028 
247 680 10 12 0.03164956 
359 483 10 11 0.031631853 
546 254 8 11 0.031630773 
742 319 10 11 0.03162987 
647 118 8 10 0.031625975 
392 421 8 11 0.031624224 
711 312 9 11 0.031609062 
697 324 9 10 0.03159516 
294 48 7 10 0.03159498 
915 572 12 16 0.03158446 
224 343 8 10 0.031575345 
484 514 11 13 0.03157097 
369 6 8 9 0.03150977 
607 302 9 11 0.031508952 
385 610 11 16 0.031503614 
4 539 12 15 0.031503048 
674 95 8 9 0.03149695 
297 698 11 13 0.031489912 
785 130 7 9 0.03147039 
735 389 9 12 0.031464618 
352 751 11 14 0.031463355 
600 334 9 10 0.031458244 
471 619 11 12 0.031411953 
617 142 7 10 0.031396247 
52 360 9 12 0.031394027 
591 342 8 11 0.031384304 
744 145 8 10 0.031381942 
295 309 7 8 0.03135793 
8 588 10 12 0.031347256 
408 479 8 10 0.031332403 
881 46 8 11 0.03130914 
514 407 9 11 0.031305976 
264 95 8 9 0.031303663 
134 607 10 12 0.03129206 
664 529 9 11 0.031289734 
567 288 8 10 0.031282526 
497 608 9 11 0.031273942 
296 398 8 10 0.031267215 
750 126 7 10 0.031266116 
121 511 9 11 0.03125833 
671 81 7 8 0.03125009 
86 659 13 15 0.031232132 
263 125 8 9 0.03123062 
902 54 10 12 0.031221734 
712 556 10 12 0.031194344 
439 630 10 13 0.031192308 
550 356 9 10 0.031192193 
479 630 11 14 0.031190533 
633 310 8 10 0.031173525 
21 383 9 12 0.031154739 
937 244 9 12 0.031152038 
453 485 9 11 0.031150106 
87 685 27 31 0.03114665 
439 333 9 11 0.031140896 
489 701 10 13 0.031130806 
54 596 10 14 0.031106442 
650 95 7 9 0.03108031 
850 46 7 10 0.031075414 
501 470 9 10 0.03106214 
591 286 7 9 0.031058425 
927 501 12 16 0.031057594 
488 269 8 11 0.03103131 
847 24 6 9 0.031029014 
747 407 12 13 0.030995976 
512 454 9 11 0.030979836 
960 135 7 9 0.030968502 
679 102 6 8 0.03096072 
902 341 10 12 0.030954069 
1001 261 8 11 0.030947056 
506 255 8 11 0.03094681 
521 287 9 11 0.030946145 
645 343 7 10 0.030944029 
752 134 7 10 0.030934777 
663 659 10 14 0.030907415 
822 228 10 12 0.03088917 
989 247 8 10 0.03088289 
822 168 8 9 0.030861877 
678 412 10 12 0.030853836 
608 455 9 12 0.030852092 
472 176 8 10 0.030849682 
422 173 8 10 0.030831551 
567 565 10 12 0.030813675 
918 590 10 11 0.030806027 
407 174 8 9 0.030802354 
448 606 10 12 0.030799909 
280 71 6 9 0.030795228 
127 455 8 10 0.03078643 
518 607 9 12 0.030755827 
911 340 10 12 0.030737879 
822 184 8 9 0.030735292 
705 184 7 9 0.030719204 
444 438 8 11 0.030705903 
286 327 7 9 0.030684665 
417 440 8 11 0.030680621 
577 191 7 10 0.03067604 
575 454 10 13 0.030671978 
433 166 8 10 0.030666253 
440 416 9 11 0.030654853 
486 32 8 10 0.030650163 
350 465 8 10 0.030626852 
281 133 7 9 0.030624254 
233 661 10 12 0.030622605 
901 500 11 14 0.030615563 
697 65 7 8 0.030601893 
409 555 10 12 0.030600252 
607 746 12 14 0.030573133 
546 649 11 14 0.030572155 
872 708 11 15 0.030536816 
992 539 10 13 0.030515116 
574 429 9 11 0.030506853 
168 598 9 11 0.03048404 
493 375 9 12 0.030473249 
554 526 8 11 0.030470878 
502 228 8 11 0.030464513 
295 660 10 13 0.030459695 
16 437 9 12 0.030454358 
281 358 8 9 0.030409407 
822 422 10 12 0.030407762 
249 599 9 11 0.030377382 
753 15 7 9 0.030374628 
719 23 6 8 0.030367915 
900 507 11 13 0.030365406 
400 486 9 11 0.03036249 
989 440 12 18 0.030360224 
886 396 10 13 0.030349812 
998 457 13 19 0.0303478 
600 295 8 9 0.030343158 
679 168 8 10 0.030335674 
405 501 10 12 0.03033348 
888 159 7 9 0.030313538 
558 528 10 12 0.03031155 
990 109 9 12 0.03029626 
383 336 7 9 0.030292412 
500 702 11 14 0.030288842 
294 440 9 11 0.030288404 
197 764 11 13 0.03028165 
565 1 9 10 0.030280942 
8 565 10 13 0.030280508 
560 128 8 9 0.030269988 
442 776 8 11 0.030268744 
800 14 7 8 0.030265698 
573 645 11 13 0.03024038 
382 475 10 13 0.030235749 
746 37 8 10 0.030217249 
658 119 8 10 0.030212255 
5 487 10 12 0.030208727 
966 70 8 10 0.030207058 
510 364 9 12 0.030186985 
57 740 22 28 0.030172871 
536 23 8 10 0.030162401 
329 494 11 14 0.030155526 
518 94 7 10 0.030153448 
383 185 8 9 0.030151917 
972 86 9 12 0.030136837 
86 478 9 12 0.030127453 
777 133 6 9 0.030124186 
686 498 10 12 0.030123753 
126 558 9 10 0.030119106 
463 630 10 13 0.030117285 
494 358 8 10 0.030110523 
94 428 10 11 0.030106366 
109 509 11 12 0.030105995 
768 64 7 9 0.030097637 
641 173 7 10 0.030089043 
128 463 9 11 0.030080145 
301 383 8 9 0.030038588 
168 517 10 14 0.030035216 
257 396 10 12 0.030032532 
769 95 7 9 0.03002377 
836 429 11 12 0.030021388 
718 351 9 12 0.029971786 
872 525 11 14 0.029966926 
351 494 10 13 0.029954482 
233 126 8 10 0.029948942 
848 439 9 12 0.029940035 
359 168 7 9 0.029936213 
768 654 11 15 0.029933767 
750 461 10 12 0.029929232 
290 287 7 9 0.029905958 
304 319 6 9 0.029903091 
455 502 9 12 0.029893858 
906 490 13 16 0.02988686 
655 320 7 8 0.02986295 
831 430 11 13 0.029862147 
0 433 11 16 0.029859386 
174 716 13 15 0.029842623 
864 649 13 18 0.029838603 
710 89 9 10 0.029832633 
473 7 9 11 0.029831842 
566 517 9 11 0.029790157 
985 252 8 9 0.02977975 
872 92 8 10 0.029758332 
376 760 11 12 0.029757408 
785 483 12 16 0.02975252 
750 180 8 11 0.029746369 
584 631 9 10 0.029740028 
534 575 8 11 0.029732171 
121 448 7 10 0.029720716 
794 119 7 9 0.029714419 
660 717 11 16 0.029702691 
960 104 8 10 0.029702295 
192 711 10 13 0.029699067 
207 295 7 9 0.029677438 
613 455 9 10 0.029674765 
712 188 8 11 0.029648546 
574 296 7 9 0.029647408 
791 367 10 12 0.02962287 
508 635 12 14 0.029612897 
653 95 9 11 0.029610168 
911 143 8 10 0.029600002 
32 357 8 11 0.02958192 
698 87 8 10 0.029565573 
880 420 18 23 0.02956548 
421 492 9 12 0.0295524 
519 272 8 11 0.029548068 
912 550 9 12 0.029520145 
966 468 11 14 0.02949884 
85 470 9 10 0.029495273 
662 112 7 9 0.029450534 
829 176 8 9 0.029444797 
784 224 9 11 0.02943886 
551 157 7 9 0.029433386 
949 614 11 13 0.029429026 
945 220 8 9 0.029422117 
744 209 7 9 0.029416589 
594 225 7 10 0.029415935 
637 469 9 12 0.029415699 
709 387 11 12 0.029414363 
248 246 7 9 0.029400397 
895 444 10 12 0.02939463 
467 581 10 12 0.029380273 
223 335 7 9 0.029356351 
806 644 11 14 0.029351337 
584 279 7 9 0.029349424 
775 573 12 15 0.029326089 
831 150 8 9 0.029315524 
541 757 10 12 0.02930723 
296 391 7 10 0.029297665 
23 498 10 13 0.029291706 
520 389 8 12 0.029273847 
360 341 9 10 0.029272977 
41 486 9 12 0.029239226 
480 487 8 10 0.02922536 
326 415 8 10 0.029222704 
239 621 9 10 0.029217627 
912 168 8 10 0.029200317 
134 463 9 11 0.029197155 
352 398 8 10 0.02919606 
777 175 7 9 0.029179577 
310 463 9 11 0.029178651 
470 495 9 11 0.029166428 
1015 149 8 12 0.02915179 
368 391 8 11 0.029145341 
560 231 8 10 0.029145192 
475 303 8 10 0.029142154 
401 175 7 9 0.029140448 
504 176 8 10 0.029116202 
544 80 8 11 0.02910786 
655 287 9 11 0.029106116 
354 477 9 12 0.02908634 
454 658 12 15 0.029080922 
543 207 7 9 0.029079717 
783 733 11 14 0.029071314 
791 56 6 8 0.02906598 
577 137 7 10 0.029055022 
926 47 8 10 0.029042952 
672 87 7 8 0.029037943 
780 348 10 13 0.02902967 
758 316 9 11 0.029023467 
859 599 20 24 0.029021973 
655 581 9 11 0.029007936 
216 305 7 9 0.028999139 
446 526 8 11 0.028989527 
919 100 8 11 0.02898927 
607 509 8 10 0.028978666 
590 463 12 15 0.028952625 
278 296 7 10 0.028950399 
262 430 8 10 0.028942822 
890 334 8 11 0.028937103 
405 470 9 11 0.028931454 
746 223 8 10 0.028911738 
733 415 10 11 0.02891116 
711 400 9 10 0.028904002 
408 416 8 10 0.028890043 
264 687 9 11 0.028886488 
462 391 8 10 0.028874844 
98 455 10 12 0.028869413 
702 550 9 11 0.028863342 
528 326 8 9 0.028861683 
815 73 7 8 0.02884724 
632 264 8 11 0.028844578 
737 65 6 9 0.028836675 
942 166 8 10 0.028829103 
908 458 11 15 0.028827755 
382 7 8 10 0.028823312 
280 257 7 8 0.028809045 
582 614 10 12 0.028808473 
248 343 7 9 0.02880319 
838 244 8 10 0.028800769 
670 437 8 9 0.028799681 
415 470 8 11 0.028784966 
1002 415 12 17 0.028778495 
433 328 8 10 0.028776774 
193 467 14 17 0.028770193 
69 445 9 11 0.028747378 
455 527 9 11 0.02874152 
343 783 10 14 0.028738556 
693 273 8 9 0.028729863 
333 506 11 13 0.028675014 
69 535 9 13 0.028670298 
974 153 7 9 0.028652273 
764 706 16 19 0.028646614 
574 383 9 11 0.028642878 
727 461 9 11 0.028642254 
791 111 8 9 0.028641233 
375 723 12 15 0.028639698 
742 76 8 10 0.028613273 
664 351 7 10 0.028612342 
696 389 8 10 0.028606057 
658 257 9 11 0.028597612 
735 239 8 10 0.028592916 
38 571 11 13 0.028587826 
656 215 8 9 0.028580867 
956 483 12 14 0.02854381 
829 364 13 16 0.028537124 
995 157 8 10 0.028532997 
677 319 9 10 0.028511273 
318 365 9 10 0.028498596 
207 656 8 11 0.028492436 
84 549 10 12 0.028490016 
729 88 7 9 0.028484475 
390 165 7 10 0.02847878 
806 299 9 12 0.028477006 
686 553 13 16 0.028469242 
69 464 8 10 0.028465807 
125 629 10 12 0.028461257 
464 520 19 22 0.028456606 
679 517 10 13 0.028445097 
105 448 8 10 0.028438127 
421 735 8 10 0.02842534 
788 449 11 14 0.028419627 
964 630 15 17 0.028398149 
302 741 9 13 0.028396808 
910 376 8 10 0.028393894 
425 397 8 10 0.028385399 
353 541 9 12 0.028376002 
536 455 9 10 0.02837314 
519 511 8 10 0.02837286 
271 311 8 9 0.028351821 
881 63 8 11 0.028349241 
505 152 7 9 0.028323004 
702 80 7 9 0.028310465 
703 612 11 13 0.028296644 
447 295 7 9 0.028287966 
877 540 12 16 0.028285993 
966 119 8 10 0.028281055 
433 90 9 12 0.028279567 
406 391 8 10 0.028271755 
464 319 7 9 0.028246852 
393 374 8 10 0.028244654 
919 443 11 14 0.02824393 
655 87 7 8 0.02823224 
326 718 9 12 0.028231045 
580 446 10 12 0.02822574 
261 423 9 11 0.02821194 
497 176 7 9 0.028211467 
816 261 8 10 0.028209938 
649 103 7 9 0.028204905 
254 454 9 11 0.028196936 
576 110 8 10 0.028191227 
545 447 9 10 0.028185494 
214 761 19 22 0.028165592 
931 681 16 18 0.02816295 
183 293 9 11 0.028151996 
519 245 8 11 0.028142866 
287 31 7 9 0.028140767 
302 71 8 10 0.028132603 
729 79 7 10 0.028124686 
463 620 10 13 0.028123269 
266 375 7 9 0.028063048 
934 494 12 16 0.028058827 
750 468 10 14 0.028056858 
631 627 13 18 0.028054297 
477 575 9 12 0.028045695 
249 605 9 10 0.028039042 
720 589 10 13 0.028038302 
528 272 7 9 0.02802961 
641 396 9 11 0.028026653 
206 152 7 10 0.028004441 
910 207 7 10 0.027993156 
680 119 8 10 0.027971894 
558 439 10 12 0.027948925 
120 587 10 13 0.02794247 
664 474 10 13 0.027932167 
649 144 7 9 0.027928859 
721 637 13 16 0.027921138 
509 650 12 15 0.027908828 
570 143 7 9 0.02788411 
479 33 9 11 0.027875852 
681 152 8 9 0.0278714 
569 431 9 10 0.02786276 
478 337 7 9 0.0278511 
440 270 9 11 0.027844377 
681 127 7 9 0.02783153 
658 343 7 10 0.02782841 
736 704 13 18 0.027826829 
477 635 12 14 0.027821027 
288 340 9 11 0.027820464 
255 343 8 10 0.02781442 
86 503 9 12 0.027813824 
933 94 9 11 0.027813373 
552 333 8 10 0.027802067 
162 23 7 10 0.027784595 
761 175 7 10 0.027783966 
281 128 6 9 0.027763313 
118 598 10 12 0.02774432 
264 470 8 11 0.027742257 
1000 198 8 10 0.02774126 
134 313 8 10 0.027738111 
448 214 8 9 0.027706169 
561 239 8 9 0.027704306 
455 167 8 9 0.027703999 
863 535 12 15 0.027697865 
541 125 8 10 0.027693396 
457 294 7 9 0.02768508 
47 478 11 12 0.02767827 
71 559 8 12 0.027677309 
86 636 12 15 0.027672293 
276 781 9 13 0.027670443 
868 422 11 13 0.02766898 
774 71 7 9 0.027662951 
668 454 10 12 0.027657444 
479 534 9 11 0.02764703 
584 541 9 12 0.027629005 
521 550 8 11 0.027617522 
575 768 9 11 0.02760714 
614 543 10 13 0.02759672 
625 431 8 12 0.027578954 
264 358 7 10 0.027575886 
893 111 8 10 0.027563253 
724 511 10 12 0.027562141 
550 419 9 11 0.027561272 
736 422 8 11 0.02755975 
986 108 8 11 0.027545922 
478 198 8 10 0.027544107 
557 272 9 9 0.027520074 
634 645 10 12 0.027510362 
1006 150 9 11 0.02749784 
407 607 9 11 0.02749762 
744 63 7 10 0.027496897 
784 55 7 9 0.027473927 
795 789 15 19 0.027460013 
1005 621 9 12 0.02745262 
809 253 8 11 0.027451755 
758 88 7 9 0.027447924 
807 119 8 10 0.027431397 
430 619 11 13 0.027418638 
289 454 10 12 0.02741636 
118 495 9 10 0.02741477 
632 287 8 11 0.027409775 
423 254 9 10 0.027408352 
320 405 8 10 0.02737141 
545 420 9 11 0.027354354 
232 232 7 8 0.027352503 
582 594 10 13 0.027350537 
950 483 12 13 0.027346084 
688 741 11 14 0.027345413 
906 153 7 10 0.027344752 
79 399 10 13 0.027339526 
188 360 10 11 0.02733618 
366 422 9 11 0.027324127 
639 531 11 13 0.027311262 
624 264 8 11 0.027303161 
45 362 18 24 0.027294233 
486 387 9 12 0.027276274 
962 87 8 10 0.027270665 
512 152 7 10 0.02726455 
247 434 11 14 0.02725923 
142 479 9 11 0.027253632 
916 674 12 17 0.027243154 
598 375 9 12 0.027240006 
230 645 9 11 0.027238939 
728 33 7 9 0.027238196 
575 217 7 9 0.027231758 
94 639 10 13 0.027210742 
824 388 9 13 0.02720839 
768 88 7 9 0.02720148 
671 151 8 10 0.027199622 
431 421 9 11 0.027192911 
615 265 8 10 0.027180022 
81 454 9 12 0.02717635 
744 159 8 9 0.027174847 
684 544 19 23 0.027168639 
632 48 8 10 0.027164375 
905 103 9 10 0.02713443 
508 670 21 26 0.027131522 
608 159 6 8 0.02710706 
264 462 9 12 0.027103858 
291 413 8 10 0.027093349 
442 502 9 11 0.027093036 
800 39 6 8 0.027089052 
545 112 7 10 0.027088612 
417 341 9 10 0.027059022 
944 344 9 12 0.027051121 
390 351 8 9 0.02704068 
481 74 7 9 0.027039412 
763 526 11 14 0.027038626 
997 85 9 11 0.027036631 
199 302 9 11 0.027018199 
303 352 7 10 0.027005168 
869 168 9 11 0.026993716 
526 615 17 23 0.026993336 
126 661 11 14 0.026991049 
600 508 8 11 0.026964875 
592 237 9 11 0.02694808 
64 399 10 11 0.02693947 
585 565 11 14 0.026936488 
265 312 7 9 0.02693579 
370 264 7 10 0.026933452 
230 304 7 9 0.026930092 
577 105 7 8 0.02692703 
499 493 8 11 0.026914725 
429 773 9 11 0.026912425 
655 351 7 9 0.026899071 
462 406 9 12 0.026894715 
640 383 8 12 0.026892792 
55 535 10 12 0.026885733 
537 231 8 11 0.026873339 
973 174 9 12 0.02687322 
827 692 13 17 0.026868196 
933 142 9 11 0.026866551 
456 320 7 9 0.02685647 
993 216 9 11 0.026854295 
613 397 8 11 0.026846511 
932 411 12 14 0.026845388 
95 565 10 13 0.026842196 
816 694 20 27 0.02684006 
889 120 7 9 0.026825711 
551 366 9 11 0.02681838 
280 263 7 9 0.026801197 
924 420 13 16 0.02678744 
416 389 9 10 0.026775215 
448 262 9 11 0.026766574 
592 126 9 10 0.026761597 
360 88 8 10 0.026758278 
912 758 9 11 0.026757862 
620 527 13 16 0.026745738 
392 134 7 9 0.026742207 
784 62 7 9 0.026720218 
606 646 10 11 0.0267059 
366 366 8 10 0.026698427 
103 571 9 13 0.0266977 
455 208 7 10 0.026670007 
560 390 8 11 0.02665857 
280 279 7 9 0.026654813 
249 2 9 9 0.026651239 
814 618 13 17 0.026634622 
958 349 9 11 0.026634429 
678 325 8 10 0.026628815 
630 693 9 12 0.026617398 
574 398 8 10 0.0266071 
615 382 8 11 0.026605949 
296 720 11 13 0.026599988 
97 326 10 12 0.026596392 
159 582 9 12 0.02659633 
878 573 11 13 0.0265949 
488 132 7 10 0.026593208 
687 182 7 9 0.026589777 
469 631 11 14 0.02658365 
962 127 8 10 0.02657116 
265 413 9 12 0.026560843 
288 627 9 12 0.026546516 
456 350 7 9 0.026542991 
53 480 9 10 0.0265347 
771 712 15 18 0.02652297 
240 288 6 8 0.02650165 
849 39 7 10 0.026497304 
358 446 8 11 0.026490293 
255 469 11 13 0.026489437 
297 383 8 9 0.026476055 
967 435 12 16 0.026472606 
622 247 7 9 0.026468713 
478 95 7 10 0.026458036 
529 740 9 12 0.026457263 
912 62 7 10 0.026453555 
438 166 7 10 0.026453419 
800 549 11 13 0.026441546 
876 669 11 14 0.026434746 
288 373 8 10 0.026432905 
610 125 6 9 0.026428057 
566 239 8 9 0.026427776 
381 145 8 9 0.026422773 
825 404 11 14 0.026419828 
740 502 10 12 0.026415806 
558 694 10 12 0.026413487 
703 453 8 11 0.026413027 
924 444 12 14 0.02640776 
768 319 9 10 0.026402026 
585 500 10 13 0.026393715 
248 216 8 10 0.026384583 
910 32 9 10 0.026384147 
654 710 11 14 0.026372073 
848 128 8 10 0.02634745 
735 627 10 14 0.02631573 
797 645 12 15 0.02631123 
276 462 9 12 0.026310155 
245 704 19 23 0.02630506 
461 365 9 11 0.026300078 
589 614 10 12 0.026299194 
717 511 18 23 0.026297271 
302 408 8 10 0.02629389 
14 588 11 14 0.026279647 
647 174 7 9 0.026279548 
746 165 7 10 0.026278842 
870 590 10 12 0.026278434 
325 695 9 11 0.02626519 
301 654 8 10 0.026265103 
759 149 8 10 0.026264554 
297 740 10 13 0.026258826 
598 415 9 10 0.026256733 
240 15 8 9 0.026253717 
714 79 7 9 0.026253607 
769 150 8 9 0.026246512 
880 103 8 10 0.026239874 
921 689 20 24 0.026237814 
568 396 9 11 0.026236374 
952 104 8 10 0.02622724 
455 240 7 11 0.026206356 
752 215 8 10 0.0262005 
142 485 8 11 0.026199536 
887 391 10 12 0.026195485 
1014 232 7 10 0.026187297 
944 614 9 11 0.026181791 
257 350 9 10 0.026179144 
486 254 7 10 0.02617193 
191 536 11 12 0.026171694 
942 95 8 11 0.026158169 
870 580 10 14 0.026153566 
661 455 10 13 0.026148004 
528 319 8 10 0.026135495 
886 468 11 13 0.026120018 
632 87 8 9 0.026114907 
934 223 8 10 0.026109979 
933 629 10 13 0.026109565 
833 51 9 11 0.026109437 
961 606 9 11 0.026108218 
624 686 10 12 0.026104903 
527 734 9 13 0.026094439 
329 319 7 9 0.02609348 
668 557 11 13 0.026084376 
627 341 8 11 0.026077827 
329 23 8 10 0.026073426 
339 701 11 14 0.026066188 
590 271 8 10 0.026059456 
520 23 8 9 0.02605677 
493 534 10 13 0.02605627 
512 89 8 10 0.02605066 
861 6 8 10 0.026049802 
49 573 11 14 0.026046583 
821 620 11 14 0.026044896 
680 296 8 11 0.02603793 
565 558 10 12 0.026036937 
439 343 7 10 0.026029048 
352 678 9 11 0.02602869 
527 302 9 11 0.026020613 
407 367 8 10 0.026017115 
649 190 7 10 0.026000386 
755 342 11 12 0.02599302 
216 333 8 10 0.025989436 
1014 550 9 12 0.025962872 
446 336 8 10 0.025948437 
680 262 8 10 0.025942536 
531 398 9 11 0.025937358 
102 607 10 12 0.025934024 
537 311 10 13 0.025914496 
902 454 13 16 0.025911717 
649 184 7 10 0.025911547 
728 262 8 9 0.025902942 
317 719 9 11 0.025900388 
647 309 9 11 0.025897937 
16 368 8 11 0.025896784 
679 335 8 9 0.025886573 
431 262 8 10 0.025883134 
613 502 11 12 0.025836425 
121 605 10 12 0.025826413 
478 359 8 10 0.025818339 
529 293 8 9 0.025813725 
506 167 6 9 0.025807489 
99 739 15 18 0.025801025 
774 493 9 12 0.02579337 
727 422 9 11 0.025781175 
363 699 13 15 0.025778553 
238 470 11 12 0.02577338 
478 587 9 13 0.025765752 
249 656 9 12 0.02576507 
48 392 10 11 0.025759697 
463 373 9 11 0.025758166 
618 159 6 9 0.025753979 
807 248 9 11 0.025752675 
423 201 8 9 0.025744911 
78 507 10 13 0.025742974 
965 324 10 11 0.02574234 
336 424 8 9 0.025738854 
773 357 10 12 0.025727293 
695 78 7 9 0.02572565 
263 248 7 9 0.025722545 
46 469 10 12 0.025719969 
223 287 7 10 0.025704201 
469 557 10 14 0.025698964 
752 316 9 11 0.025697324 
14 580 12 14 0.025690526 
1015 208 8 11 0.02566079 
466 576 19 26 0.025650922 
125 639 18 24 0.025641706 
704 407 8 10 0.025620926 
87 572 11 12 0.025615873 
345 367 7 9 0.025614388 
780 212 8 10 0.02559616 
126 606 10 12 0.025553977 
945 366 9 12 0.025537634 
947 508 12 14 0.025530612 
215 614 9 10 0.025527433 
750 160 8 10 0.025488447 
967 476 10 14 0.025479056 
520 662 11 13 0.02547471 
807 33 8 9 0.025458204 
896 199 9 11 0.025448805 
854 46 8 10 0.02543618 
248 320 7 9 0.025413381 
497 324 8 9 0.0254058 
884 370 11 14 0.025402099 
121 535 8 11 0.025389405 
823 134 7 9 0.025384061 
399 192 7 9 0.025367575 
818 166 9 11 0.025363583 
974 53 9 12 0.025358003 
381 418 9 11 0.025320778 
916 565 11 15 0.02531797 
925 468 10 12 0.025311012 
830 491 11 14 0.025308564 
814 55 8 9 0.02530766 
525 448 9 11 0.02530183 
887 478 11 15 0.025297087 
422 508 9 11 0.025288366 
1009 296 9 12 0.025287881 
382 733 12 15 0.025285456 
253 639 9 11 0.025275908 
789 423 9 13 0.025268493 
70 565 9 12 0.025263868 
296 64 7 9 0.025245864 
904 375 8 10 0.02523853 
730 486 9 13 0.025226686 
424 568 8 11 0.02522308 
289 305 7 9 0.025218638 
240 677 10 12 0.025216615 
451 516 11 13 0.025216402 
791 613 22 28 0.025210783 
256 222 8 11 0.025209382 
689 414 8 11 0.025194192 
67 657 21 28 0.02519063 
600 271 7 9 0.025179625 
208 583 9 11 0.025177503 
834 14 7 10 0.025174746 
902 333 10 13 0.02516463 
584 96 8 9 0.025161859 
726 763 11 14 0.025158007 
625 167 7 10 0.025146455 
535 216 8 10 0.025143977 
527 143 8 10 0.025139252 
217 180 8 10 0.025134755 
767 422 11 13 0.025124082 
586 37 8 10 0.025117189 
966 240 8 10 0.02511182 
719 328 9 11 0.025107624 
519 479 8 10 0.02510544 
480 541 8 10 0.025105393 
569 151 7 9 0.025098724 
811 643 12 16 0.025098551 
767 37 8 10 0.02509544 
680 555 11 15 0.025093026 
53 429 10 12 0.025087796 
886 453 11 13 0.025070349 
407 169 8 9 0.025067162 
311 335 7 9 0.025054524 
72 419 9 12 0.025050981 
290 311 7 8 0.025048103 
232 654 9 11 0.025046162 
554 533 9 12 0.025038138 
872 709 23 29 0.02503626 
767 32 7 10 0.025027469 
617 168 7 9 0.025024928 
421 439 9 11 0.025021007 
987 602 12 14 0.025015285 
446 94 8 9 0.025011891 
769 222 9 11 0.025004646 
551 272 9 9 0.024994558 
295 677 10 13 0.024990898 
713 351 8 10 0.024988718 
424 391 7 9 0.024988253 
836 491 12 15 0.024981929 
923 125 9 11 0.024971746 
726 144 8 10 0.024957445 
87 566 10 12 0.02495205 
422 414 8 10 0.024945451 
457 302 7 9 0.024926366 
585 398 8 10 0.024914484 
543 142 8 11 0.024909882 
684 661 13 16 0.024907567 
655 190 8 11 0.0249011 
855 128 8 9 0.024895197 
815 294 9 11 0.02489494 
535 445 8 11 0.024883231 
238 312 7 9 0.024881177 
823 560 12 16 0.02487821 
893 429 11 14 0.024831196 
497 391 8 11 0.024827907 
864 733 20 26 0.024819558 
774 501 9 11 0.024815427 
656 575 8 12 0.024811054 
645 469 11 13 0.024800608 
377 528 9 12 0.024799777 
520 470 8 11 0.024797434 
145 502 8 11 0.024792207 
798 328 8 10 0.02478886 
136 505 8 9 0.024788223 
365 374 8 10 0.024787392 
551 102 7 9 0.024786249 
977 248 7 9 0.02477669 
929 602 12 17 0.024771167 
958 278 9 11 0.024765579 
994 550 11 14 0.024761042 
657 208 7 8 0.024760908 
959 537 12 15 0.024757119 
909 196 8 10 0.024752613 
661 649 12 18 0.02474038 
552 97 7 8 0.024736404 
518 700 10 13 0.024728274 
551 184 8 10 0.024726266 
583 31 8 10 0.024713587 
533 762 13 15 0.024711799 
550 337 17 24 0.024709428 
31 401 7 10 0.024702711 
520 169 7 9 0.02469997 
957 518 19 24 0.024675474 
336 320 7 8 0.024675451 
782 437 9 12 0.024673788 
615 351 8 10 0.024668992 
797 614 12 16 0.024660079 
231 686 9 11 0.024658207 
695 408 9 12 0.024654815 
940 117 8 11 0.02464656 
968 79 8 10 0.024644488 
726 335 8 11 0.024644373 
767 79 8 9 0.02464226 
926 676 13 17 0.02463469 
793 427 18 22 0.024633827 
473 79 7 9 0.024618914 
488 86 7 9 0.024611257 
454 532 10 13 0.024610661 
630 192 8 10 0.024606943 
575 297 17 24 0.024594244 
174 312 8 9 0.024577895 
808 128 8 9 0.024577763 
520 113 7 9 0.024576489 
729 296 8 10 0.024568802 
929 161 7 9 0.024564888 
306 56 7 9 0.024564164 
902 628 9 12 0.024561694 
87 445 8 11 0.02455786 
665 173 8 9 0.024551038 
741 512 18 24 0.024538001 
632 326 8 10 0.024534976 
200 287 7 10 0.024533449 
633 131 7 10 0.024532124 
279 702 9 11 0.02452918 
785 517 10 12 0.024528217 
606 310 8 11 0.024520043 
727 167 8 9 0.024519714 
549 117 7 10 0.024512162 
527 278 8 9 0.024500228 
351 627 10 13 0.024500037 
208 288 8 9 0.024490006 
415 764 10 13 0.024486266 
526 471 9 10 0.024473103 
998 563 10 12 0.024467576 
532 652 10 12 0.024458732 
885 600 13 16 0.02445861 
912 238 8 10 0.02444978 
965 28 11 13 0.024443472 
441 215 7 9 0.024420774 
125 486 9 11 0.024414277 
542 439 9 10 0.02440954 
830 40 18 25 0.024381666 
817 24 7 9 0.024378696 
624 437 8 11 0.024373733 
944 589 11 13 0.024351446 
754 193 7 9 0.024339037 
671 397 10 12 0.024335194 
518 134 7 11 0.02433442 
433 286 7 10 0.024328189 
432 335 8 10 0.02431858 
401 510 10 14 0.024305709 
759 192 7 9 0.024291316 
800 175 7 9 0.024287079 
797 291 117 135 0.024279682 
797 506 12 15 0.024274958 
884 27 9 11 0.024262648 
835 550 12 14 0.02426187 
489 235 8 10 0.02424755 
782 501 9 11 0.024247194 
542 198 8 9 0.024211278 
841 62 7 10 0.024209686 
694 747 9 13 0.024204593 
585 264 6 8 0.024199018 
943 621 12 15 0.024195755 
431 701 10 13 0.024190957 
599 544 9 11 0.024184173 
829 501 12 14 0.02418171 
585 271 7 9 0.02418064 
967 143 7 9 0.024177805 
233 255 7 8 0.02417563 
504 444 9 11 0.024175473 
185 463 19 24 0.024173852 
569 278 8 10 0.024167804 
816 227 10 13 0.02416657 
646 776 19 25 0.024162972 
730 301 8 10 0.024154907 
234 295 6 8 0.02414877 
653 302 9 10 0.024123259 
893 373 10 12 0.024121953 
202 661 8 11 0.024090635 
176 342 9 10 0.024087315 
453 607 11 13 0.024084346 
687 319 8 10 0.02406741 
47 535 10 12 0.02405999 
789 651 13 16 0.024053901 
730 493 9 12 0.02405291 
506 192 8 10 0.024041932 
551 239 7 9 0.02403998 
972 646 11 14 0.0240397 
681 174 7 9 0.024030574 
431 230 8 10 0.024026636 
422 247 8 10 0.024025619 
207 321 7 9 0.024023505 
529 357 9 10 0.02401692 
953 149 8 10 0.024007887 
545 158 8 9 0.024007268 
423 573 10 11 0.024004059 
807 319 8 11 0.024002474 
247 23 8 10 0.024000935 
296 667 11 14 0.023996465 
66 734 15 19 0.023994163 
453 213 8 10 0.023991683 
736 506 10 13 0.02398464 
932 656 14 16 0.023975004 
381 764 10 12 0.023974663 
768 364 8 11 0.023973925 
281 191 8 9 0.02396904 
532 616 11 14 0.023965683 
144 580 9 12 0.023964401 
468 563 10 13 0.023963407 
803 428 14 16 0.02394986 
273 399 7 9 0.02394519 
944 482 10 14 0.023943285 
511 312 8 10 0.023941334 
472 367 8 9 0.023935469 
905 31 8 10 0.023929168 
526 534 9 11 0.023924727 
433 438 8 11 0.023923451 
713 357 9 12 0.023914061 
423 287 7 10 0.023900706 
415 247 8 11 0.023891587 
997 443 10 14 0.023878247 
233 246 8 10 0.023866946 
143 630 11 12 0.023851193 
521 423 8 10 0.02384516 
423 590 9 12 0.023843974 
562 119 8 10 0.023841808 
440 359 7 10 0.023834916 
925 460 11 14 0.023817623 
780 312 10 12 0.023815848 
584 462 10 14 0.023815243 
736 398 10 12 0.023815002 
616 25 9 10 0.02380867 
866 604 11 14 0.023805503 
266 326 8 10 0.023804726 
398 774 10 11 0.02379952 
478 405 8 10 0.023793438 
374 559 9 11 0.023787402 
776 118 7 9 0.023784123 
892 479 13 16 0.023759646 
487 248 7 10 0.02375925 
792 390 8 10 0.023754029 
687 534 11 14 0.023753906 
432 254 9 11 0.02375321 
385 351 8 9 0.023751663 
719 423 9 12 0.023744034 
574 658 17 22 0.02374091 
425 470 8 11 0.023740212 
777 540 19 24 0.02373092 
670 476 10 12 0.023718804 
915 15 9 11 0.023713782 
149 600 10 11 0.023708502 
727 38 8 9 0.023700448 
898 62 8 10 0.023696367 
296 419 9 11 0.023687642 
686 191 7 9 0.023672042 
477 668 9 12 0.023670388 
902 270 9 12 0.023665695 
409 247 8 10 0.023663217 
48 397 9 10 0.023661245 
654 661 10 12 0.023654383 
503 214 8 10 0.023651823 
569 175 7 9 0.023650067 
455 646 11 14 0.023644978 
352 536 10 12 0.023638561 
583 118 7 9 0.023636628 
947 404 19 24 0.023632055 
597 484 10 12 0.023631772 
552 32 7 9 0.023626547 
551 495 9 11 0.023622787 
104 439 8 9 0.02361797 
764 608 14 16 0.023605404 
688 48 8 9 0.023598379 
672 684 14 17 0.023593737 
440 383 7 10 0.023592044 
901 409 14 17 0.02356787 
783 96 7 8 0.0235662 
814 256 9 11 0.023565894 
79 556 10 12 0.023565259 
772 474 12 16 0.02356168 
799 231 9 12 0.023558207 
46 448 9 11 0.023556245 
232 120 8 9 0.023551697 
95 487 9 11 0.023545384 
590 746 11 15 0.023544587 
815 565 12 15 0.023543902 
945 773 9 13 0.023540212 
303 467 9 12 0.023538928 
275 438 11 14 0.023537414 
642 707 23 32 0.02352704 
470 423 9 11 0.023524377 
821 437 12 15 0.023511762 
522 16 7 9 0.023510618 
464 351 7 9 0.02351012 
526 637 11 14 0.023507291 
805 556 11 12 0.023503942 
605 582 8 10 0.023494318 
158 564 9 11 0.023488076 
727 501 10 11 0.023481488 
464 97 6 8 0.023478951 
702 135 9 11 0.02347702 
344 351 8 10 0.023470657 
921 197 8 10 0.023469327 
558 366 8 11 0.023462944 
982 126 9 11 0.023452064 
295 646 9 10 0.023449415 
904 95 8 10 0.023432905 
920 68 7 10 0.02343044 
210 638 8 10 0.02342591 
521 429 9 11 0.023422714 
375 430 10 11 0.023421451 
497 287 8 10 0.023420496 
557 331 9 11 0.02338702 
573 438 9 12 0.023380324 
431 277 8 10 0.023374628 
712 144 8 11 0.023372343 
817 577 12 16 0.023369918 
445 87 8 10 0.023355206 
447 317 7 10 0.023350574 
838 421 10 12 0.02334988 
118 642 14 17 0.023349198 
757 444 11 14 0.023345659 
865 729 13 17 0.023342432 
734 175 8 10 0.023336703 
624 521 13 17 0.023329476 
792 182 7 10 0.023320379 
108 485 9 12 0.023319254 
912 381 7 10 0.023315601 
25 463 9 12 0.023311643 
472 72 7 9 0.023292996 
444 701 10 13 0.023288578 
624 558 11 12 0.023279365 
294 103 7 9 0.023272872 
527 265 7 9 0.023253696 
493 555 10 13 0.023241911 
928 62 8 10 0.023232196 
862 93 8 10 0.023230594 
687 216 8 9 0.023230221 
417 364 8 11 0.023228267 
376 22 8 9 0.023225985 
856 399 9 12 0.023222957 
207 662 10 13 0.023222398 
390 415 8 10 0.023217127 
440 567 9 11 0.023207698 
518 262 7 9 0.0232073 
510 439 9 11 0.023202445 
617 103 7 9 0.023174245 
800 527 9 11 0.023167202 
848 630 12 16 0.023154672 
547 634 17 22 0.023141248 
895 481 20 25 0.023139967 
705 399 8 10 0.023139374 
689 272 8 10 0.02312791 
813 638 11 13 0.023122037 
351 427 10 13 0.023121234 
761 600 14 18 0.023111658 
721 167 7 9 0.023110941 
550 722 12 14 0.023107082 
681 215 7 9 0.023102362 
153 700 12 15 0.023099108 
524 182 8 11 0.023096265 
438 620 10 12 0.023090746 
272 477 8 10 0.023083543 
526 589 9 11 0.023080284 
281 96 8 10 0.02307322 
560 301 9 10 0.023070026 
575 703 9 12 0.023068825 
918 458 12 15 0.023068042 
871 81 8 9 0.023066435 
637 161 8 9 0.023056788 
439 198 8 10 0.023052964 
941 302 10 13 0.023052713 
664 80 8 9 0.023047665 
489 421 9 12 0.023040967 
266 335 7 10 0.023036325 
768 376 9 11 0.023033686 
782 392 9 11 0.023026804 
296 24 7 8 0.02302647 
885 571 11 14 0.023018282 
545 261 8 10 0.023005111 
586 549 9 11 0.022999827 
823 263 10 12 0.02299729 
853 474 12 15 0.022996655 
178 454 11 12 0.022995666 
751 390 10 11 0.022993958 
656 325 7 10 0.022988798 
799 213 8 10 0.022988185 
476 525 11 14 0.022979017 
870 62 8 10 0.022976387 
462 613 10 13 0.022967624 
592 134 8 10 0.022959406 
362 137 7 9 0.022957403 
585 175 8 9 0.022954304 
254 23 8 10 0.022950636 
895 127 7 9 0.022941483 
773 201 18 23 0.022936301 
463 14 8 10 0.022919444 
369 360 7 9 0.022919148 
549 112 8 10 0.022917274 
813 604 13 17 0.022912392 
529 505 19 24 0.022911474 
655 293 9 10 0.022910668 
722 14 7 10 0.022905534 
720 32 8 9 0.022898065 
902 665 15 19 0.02289591 
377 104 8 10 0.022884984 
601 303 9 11 0.022870727 
127 505 8 9 0.022858376 
609 404 9 10 0.022853587 
216 366 7 10 0.022852533 
537 463 8 10 0.022846462 
15 431 9 11 0.022838576 
263 253 8 9 0.022837419 
517 650 11 14 0.022823919 
183 360 11 12 0.022820981 
383 309 8 10 0.02282091 
942 380 12 14 0.02281624 
471 214 8 10 0.02281591 
416 0 7 8 0.022814998 
639 87 8 9 0.022807237 
862 156 9 10 0.022802722 
825 626 23 29 0.022802105 
533 391 8 11 0.022799492 
336 372 9 12 0.022794796 
480 216 7 9 0.022788849 
542 462 9 10 0.0227868 
365 735 11 13 0.02278104 
993 421 12 15 0.02277628 
831 80 7 8 0.022776067 
453 256 8 10 0.022773298 
902 347 9 13 0.02276415 
727 102 7 9 0.022757681 
558 383 8 10 0.022752041 
423 408 9 10 0.022748485 
470 551 9 11 0.022747392 
135 516 8 10 0.022746785 
576 639 8 10 0.022743888 
591 279 7 9 0.022734648 
663 221 9 11 0.02273347 
463 495 9 12 0.022730513 
759 239 9 10 0.022728313 
496 462 8 12 0.022724587 
417 675 10 12 0.022715101 
682 135 7 9 0.022712898 
606 142 8 10 0.022710603 
69 397 11 13 0.02269768 
845 0 9 9 0.022696007 
716 496 9 12 0.022687947 
281 30 7 9 0.022676136 
681 184 8 9 0.022663854 
864 208 8 9 0.022661252 
502 636 11 12 0.0226525 
638 367 8 10 0.022616915 
19 523 12 14 0.02259989 
86 431 9 11 0.022580728 
782 367 9 11 0.022572475 
968 91 8 12 0.022572123 
543 302 8 10 0.022562064 
713 516 9 12 0.022561867 
509 295 9 11 0.022558827 
545 713 11 16 0.02255781 
473 63 7 9 0.022552837 
87 665 24 29 0.02255257 
102 550 9 10 0.022551678 
268 653 10 12 0.022550521 
975 215 7 9 0.022547958 
934 251 10 12 0.022538409 
630 447 9 11 0.022536157 
976 239 7 9 0.022528961 
360 318 8 10 0.022521878 
472 383 8 10 0.022519877 
838 582 10 12 0.022507666 
737 208 8 10 0.022505395 
106 745 14 17 0.022497285 
373 263 9 11 0.022491291 
693 677 11 14 0.02248481 
311 621 8 9 0.022472344 
863 334 10 11 0.022470016 
505 198 9 10 0.02246456 
848 63 7 9 0.022440959 
852 637 20 26 0.022435637 
876 706 14 17 0.022428332 
343 14 7 8 0.022428244 
415 518 8 10 0.022427287 
529 199 7 9 0.022426946 
169 522 11 16 0.022426246 
607 703 9 11 0.022405984 
545 150 8 11 0.022400528 
568 217 7 9 0.022397676 
642 408 8 10 0.022396272 
881 137 7 9 0.022391748 
138 679 19 24 0.022389123 
272 230 8 10 0.022383556 
719 269 8 11 0.022378063 
704 310 9 11 0.02237741 
463 24 9 11 0.022360377 
153 776 20 24 0.022360174 
120 559 8 10 0.022358304 
725 558 11 13 0.022352966 
487 152 7 9 0.022348842 
615 477 11 14 0.022335133 
285 597 9 11 0.022334894 
866 53 7 11 0.022328481 
49 431 10 12 0.02232741 
639 683 11 12 0.022320965 
892 663 14 18 0.022320436 
593 255 8 9 0.022317616 
609 263 8 11 0.022317123 
392 531 8 11 0.022297585 
541 750 11 15 0.022296961 
585 621 10 12 0.022290342 
575 184 7 10 0.022285469 
678 383 8 10 0.022284126 
225 375 8 11 0.02228178 
856 15 8 10 0.02227561 
901 327 8 10 0.022269098 
695 167 9 10 0.02226577 
838 541 9 11 0.02225868 
705 423 8 11 0.022253284 
712 167 8 9 0.022251375 
569 422 9 11 0.022247314 
440 263 8 11 0.02224619 
559 565 9 11 0.02224403 
234 184 7 9 0.022243867 
783 492 10 13 0.02223895 
249 302 7 9 0.022221241 
934 149 8 11 0.022218108 
671 734 11 13 0.022215294 
462 509 10 12 0.022213632 
471 240 8 10 0.022213448 
343 374 8 10 0.022211516 
655 448 9 11 0.022208912 
441 277 8 10 0.022207147 
709 432 19 24 0.02220248 
415 420 9 11 0.022199543 
949 637 11 13 0.022194117 
0 469 9 12 0.02218548 
646 765 10 13 0.022181818 
442 293 7 9 0.022174498 
560 699 10 13 0.022167448 
1004 192 9 11 0.022163773 
286 150 8 10 0.022162838 
520 527 8 11 0.02215232 
366 413 9 11 0.022150502 
200 614 8 9 0.022148177 
632 572 9 13 0.022142872 
94 439 8 10 0.022135789 
859 22 7 10 0.022128364 
558 310 9 11 0.022112032 
979 681 14 17 0.022111041 
657 412 9 11 0.022105347 
465 574 10 13 0.022100281 
461 603 11 14 0.02209624 
368 445 8 11 0.022093484 
287 352 7 9 0.0220907 
352 2 9 9 0.022080513 
532 772 14 16 0.022077907 
93 618 11 14 0.02206602 
895 213 20 24 0.022055296 
919 191 7 9 0.022042891 
247 326 8 9 0.022040907 
406 399 8 10 0.022040455 
387 428 18 23 0.022039467 
415 158 8 10 0.022037074 
519 141 8 10 0.022034941 
771 665 19 25 0.022030473 
217 287 7 10 0.022030262 
618 151 7 9 0.022028916 
814 308 9 12 0.022022702 
575 515 9 12 0.022021376 
962 267 11 13 0.022020627 
329 343 7 9 0.022020534 
582 429 9 11 0.022001104 
892 453 11 14 0.022000508 
974 590 11 14 0.022000084 
173 698 13 14 0.02199811 
301 375 9 10 0.021994384 
423 239 8 11 0.021988943 
447 568 10 14 0.021976618 
962 46 9 11 0.021975387 
849 343 10 13 0.02196681 
13 549 10 13 0.021946954 
910 627 12 13 0.021928819 
940 650 12 16 0.021927971 
120 485 10 12 0.02192682 
375 477 10 12 0.021914821 
231 623 7 9 0.021910332 
239 120 7 9 0.021905806 
953 269 8 10 0.021905601 
376 336 9 10 0.021905275 
557 407 8 10 0.021904197 
337 2 8 9 0.021903966 
472 1 8 9 0.021899624 
848 593 12 15 0.021896653 
518 238 9 10 0.021894496 
441 318 7 9 0.021891346 
321 287 7 9 0.021887045 
567 650 9 12 0.021881657 
806 207 9 11 0.021879185 
855 39 7 9 0.021878906 
212 412 11 13 0.021875674 
147 694 20 25 0.02186808 
280 222 9 10 0.021862568 
897 136 7 10 0.021857074 
456 191 8 10 0.021855993 
970 651 13 16 0.02184989 
503 288 8 9 0.021839699 
370 667 121 147 0.021832665 
497 468 9 12 0.02183155 
416 200 7 10 0.021829637 
816 197 9 10 0.021816313 
745 126 9 10 0.021800885 
533 500 9 11 0.02179868 
687 111 8 10 0.02179633 
262 222 8 11 0.021792458 
149 646 11 13 0.021790596 
991 679 10 13 0.021782113 
806 502 10 13 0.021781024 
781 652 12 16 0.021779189 
512 566 10 12 0.02177596 
871 677 21 26 0.021765472 
877 467 11 15 0.021759296 
694 309 8 11 0.021749856 
639 239 7 10 0.021749754 
575 539 10 12 0.021714557 
856 88 8 10 0.021713806 
520 541 9 13 0.021712769 
608 366 9 13 0.021712339 
951 110 9 10 0.021710325 
104 509 10 11 0.021709226 
375 408 8 10 0.021704908 
912 79 18 23 0.02169639 
535 272 8 9 0.021693395 
313 398 7 9 0.021681199 
681 221 8 10 0.02166856 
696 95 8 9 0.021668227 
557 734 10 13 0.021667479 
417 501 8 11 0.02166733 
383 304 7 10 0.021655656 
1007 143 9 11 0.021652626 
50 602 13 17 0.021644797 
607 104 7 9 0.021643603 
845 366 10 13 0.021625249 
487 709 10 12 0.021613942 
342 428 10 13 0.021607362 
263 142 8 10 0.021588506 
406 199 8 10 0.02157908 
702 679 11 14 0.021567155 
536 263 8 10 0.02156668 
869 54 8 11 0.02155802 
857 32 7 9 0.021548826 
761 39 7 9 0.021526247 
546 350 9 11 0.021525992 
32 414 9 12 0.021522313 
407 534 9 12 0.021510536 
560 421 7 10 0.021510454 
760 168 8 9 0.021507282 
349 383 9 11 0.021505784 
214 421 11 15 0.021497712 
565 638 8 12 0.021491721 
916 341 9 12 0.021486452 
287 423 10 11 0.021484656 
543 616 9 11 0.021484556 
494 71 8 10 0.02148411 
918 150 8 10 0.02148169 
601 382 8 10 0.02147472 
886 665 13 16 0.021473642 
474 193 7 9 0.02147205 
671 48 7 9 0.021464217 
702 572 11 13 0.021456854 
566 461 10 13 0.021447685 
553 475 10 13 0.021435704 
991 533 22 28 0.021414632 
857 1 9 9 0.021411259 
846 151 7 10 0.021403039 
446 598 11 13 0.021396685 
823 492 11 14 0.021392908 
897 347 9 12 0.021389449 
832 158 7 10 0.0213885 
600 342 8 10 0.021387493 
682 158 8 10 0.021382792 
681 64 7 10 0.02136819 
192 585 8 10 0.02135826 
224 263 7 10 0.021357613 
182 543 9 12 0.021354863 
254 645 9 11 0.021351624 
133 650 9 12 0.021348704 
473 446 8 11 0.021341253 
502 480 9 11 0.021338787 
795 476 13 17 0.02133275 
938 189 9 10 0.021331994 
471 268 9 11 0.021331688 
480 232 8 10 0.021324607 
209 332 7 10 0.021314712 
879 127 8 9 0.02131232 
424 351 7 8 0.02131129 
535 176 7 9 0.021310018 
319 446 8 10 0.02129971 
456 62 7 9 0.021295454 
353 406 8 10 0.021283487 
878 598 11 15 0.021282222 
848 413 12 14 0.021280408 
329 309 7 10 0.021280177 
694 692 10 12 0.021270053 
430 360 8 10 0.021265993 
788 247 10 12 0.021261029 
762 8 7 9 0.021260932 
687 359 8 10 0.021255137 
783 738 23 29 0.021250397 
175 682 105 120 0.021243168 
940 515 12 15 0.021243045 
8 570 12 14 0.021224745 
711 224 8 10 0.02122201 
489 95 7 9 0.021221505 
415 509 9 12 0.021217927 
159 366 11 14 0.02121001 
200 296 7 9 0.021201024 
868 428 11 13 0.021195209 
432 455 8 10 0.021194914 
352 166 8 10 0.02119301 
319 510 9 11 0.021176707 
645 554 14 16 0.02116746 
617 96 7 10 0.021165056 
663 383 9 11 0.021165045 
912 437 11 13 0.021160595 
341 479 10 12 0.021159273 
353 694 12 15 0.021140462 
845 191 8 11 0.021127805 
672 120 8 9 0.021127746 
104 479 10 13 0.021127528 
341 693 10 13 0.021126792 
680 197 7 10 0.021126308 
285 682 11 13 0.021117488 
432 248 9 11 0.021116901 
548 708 19 24 0.02111242 
735 405 9 11 0.021106157 
49 670 15 20 0.02110567 
862 676 11 14 0.021101635 
904 23 7 9 0.021096261 
832 458 18 23 0.021093022 
640 148 7 9 0.021091195 
673 53 7 9 0.021084564 
672 359 8 11 0.021083731 
884 707 13 17 0.021083042 
721 96 8 9 0.021076668 
543 224 7 8 0.021074057 
942 199 8 10 0.02107268 
198 278 7 9 0.021069076 
878 565 11 12 0.021067664 
101 589 10 11 0.021062959 
465 259 10 11 0.021051807 
687 1 9 8 0.02104803 
170 653 10 14 0.021045862 
444 740 10 12 0.021045195 
400 160 7 9 0.02104211 
74 666 23 29 0.021040756 
87 486 9 11 0.021038072 
39 390 9 11 0.021031741 
902 444 10 12 0.021031598 
373 612 13 15 0.021006491 
265 754 14 17 0.021004805 
245 589 9 11 0.021000769 
807 308 9 13 0.02099679 
261 677 10 12 0.020989632 
625 335 8 10 0.020989144 
927 217 8 9 0.020987898 
486 37 7 9 0.020979647 
873 152 7 9 0.020970723 
506 509 8 11 0.020962989 
911 445 11 13 0.020953929 
766 484 11 14 0.020940065 
399 502 9 11 0.020936819 
606 518 10 12 0.020935051 
463 224 9 9 0.02093458 
575 495 9 11 0.020934185 
587 477 20 24 0.020931276 
511 24 8 10 0.020931197 
528 216 7 10 0.020928768 
184 612 8 11 0.020921106 
831 135 7 8 0.020914122 
609 296 8 11 0.020907514 
935 726 12 14 0.020907437 
852 578 17 22 0.020902935 
342 398 8 10 0.020899512 
80 478 9 12 0.02089759 
665 152 8 9 0.020894263 
805 197 8 10 0.020891216 
493 160 7 10 0.020881865 
53 540 12 13 0.020879874 
678 309 8 10 0.020872798 
415 588 11 14 0.020871116 
950 438 11 13 0.02087013 
726 630 13 16 0.020856924 
470 24 9 11 0.02085551 
486 207 7 10 0.020845145 
663 327 7 9 0.020843463 
441 207 7 9 0.02083547 
80 388 10 13 0.020824851 
272 88 7 8 0.020822976 
537 183 7 10 0.020817792 
672 208 7 9 0.020801721 
340 493 11 14 0.020799331 
581 142 7 9 0.020795206 
494 165 7 9 0.020794097 
312 31 7 9 0.02079286 
409 293 8 10 0.02076945 
414 152 8 9 0.020767862 
615 319 8 10 0.020758765 
869 699 42 54 0.02075174 
800 89 7 9 0.02075076 
224 308 8 10 0.020747796 
710 452 8 11 0.020739846 
45 486 19 22 0.020731524 
631 149 7 9 0.020723803 
588 481 113 146 0.020716822 
578 160 7 10 0.020714074 
958 431 10 12 0.020712787 
606 319 8 9 0.02070942 
463 595 12 14 0.02070149 
733 255 8 10 0.020691218 
644 667 11 13 0.020690676 
702 479 8 10 0.020681595 
582 637 9 11 0.020677144 
745 175 9 11 0.020671275 
880 15 7 9 0.02067118 
366 509 13 15 0.020671055 
110 561 10 13 0.020668224 
60 565 11 14 0.020667693 
908 560 20 25 0.020667419 
615 119 8 9 0.020662617 
487 288 8 10 0.020657968 
806 637 11 14 0.020647315 
655 457 17 23 0.020641617 
357 470 19 25 0.020641178 
240 296 7 9 0.020637209 
621 239 9 11 0.0206259 
240 723 12 14 0.020625232 
673 304 7 10 0.02062342 
485 399 10 11 0.020615872 
256 216 7 9 0.020612434 
453 261 9 11 0.020610461 
537 191 7 9 0.020609584 
472 358 9 10 0.020603867 
382 600 10 12 0.020599704 
361 335 8 9 0.02059496 
652 677 10 13 0.020587547 
960 109 8 10 0.020587115 
497 61 8 9 0.020586826 
463 240 9 12 0.02058396 
288 278 7 9 0.020583604 
414 749 10 14 0.020575928 
948 645 11 14 0.02056194 
409 287 8 10 0.020561794 
488 595 10 13 0.02056101 
454 412 12 13 0.020558862 
79 487 110 138 0.020554963 
877 248 9 11 0.020551229 
584 128 7 8 0.020547764 
798 469 11 13 0.020545917 
727 134 8 10 0.020541025 
447 304 7 9 0.020526325 
498 207 7 9 0.020519322 
813 327 8 11 0.020518702 
1015 564 10 13 0.02051463 
660 630 10 13 0.02051297 
177 286 8 10 0.020509781 
484 628 20 24 0.020509494 
899 294 11 14 0.020508166 
388 518 10 13 0.020507203 
872 381 10 14 0.020500194 
798 9 8 8 0.020498682 
422 658 13 16 0.0204949 
342 2 9 8 0.020492636 
783 182 7 9 0.02047948 
281 656 17 23 0.020479256 
305 326 7 10 0.020478118 
238 581 10 12 0.020473925 
858 144 7 9 0.020468421 
430 509 10 12 0.020462824 
233 240 7 9 0.020462297 
545 568 10 12 0.020458737 
893 87 8 10 0.020456294 
393 191 6 9 0.020454887 
750 487 11 11 0.02044947 
722 247 8 11 0.020445269 
256 311 7 9 0.020443311 
974 232 8 9 0.020439653 
687 702 9 11 0.020437572 
424 534 9 12 0.020436676 
52 578 13 14 0.02042819 
694 446 8 10 0.020419976 
921 217 7 9 0.020417448 
202 152 8 10 0.020414673 
821 567 18 22 0.020408459 
518 128 8 9 0.020402443 
816 205 8 11 0.020399977 
878 443 11 14 0.020399433 
353 183 8 10 0.020399095 
590 92 8 10 0.020398824 
694 1 9 8 0.020383513 
756 349 9 12 0.020382011 
47 579 12 15 0.02037945 
609 271 7 9 0.020378804 
847 55 7 10 0.020373954 
824 25 7 8 0.020361885 
503 246 9 10 0.020360326 
942 596 10 13 0.020355321 
589 311 8 10 0.020351999 
757 397 11 14 0.020351777 
904 246 8 10 0.020349836 
794 159 7 11 0.020349609 
248 288 8 10 0.020341853 
415 253 8 10 0.020339409 
434 188 8 10 0.020328572 
496 200 8 9 0.020326298 
215 113 7 9 0.020320743 
966 460 10 15 0.020315237 
773 681 12 15 0.020313783 
352 446 9 11 0.020304453 
513 374 7 10 0.020295817 
455 22 8 10 0.020290736 
919 56 8 9 0.020289475 
449 23 8 9 0.020282527 
122 575 10 13 0.020268966 
872 374 9 12 0.020266274 
222 119 8 9 0.020263445 
158 608 9 11 0.020259464 
119 651 13 15 0.020259036 
841 24 7 9 0.02025715 
996 522 13 16 0.020237528 
327 735 9 12 0.020236867 
569 111 7 9 0.020235319 
461 412 8 12 0.020235207 
504 503 8 10 0.020228533 
527 246 8 10 0.020225668 
630 566 9 13 0.02021832 
871 0 8 9 0.020204667 
1004 556 10 13 0.020203978 
495 294 8 10 0.020202463 
156 694 10 12 0.020197079 
6 547 11 15 0.020195749 
822 158 8 10 0.020191038 
489 116 7 9 0.020187022 
184 110 8 9 0.020185748 
536 136 8 11 0.02018547 
645 287 8 10 0.020183459 
911 399 9 11 0.020179817 
948 512 20 24 0.02017484 
487 318 9 12 0.020171523 
845 167 8 10 0.02016525 
376 351 8 10 0.020159956 
716 693 13 17 0.020155966 
436 253 9 11 0.02015079 
241 587 9 12 0.020149093 
521 303 8 10 0.020142574 
792 591 10 13 0.020131337 
33 352 8 10 0.020131158 
997 636 12 13 0.020126885 
312 616 8 11 0.020122591 
630 222 8 9 0.020120945 
773 510 10 12 0.02011467 
245 399 9 11 0.020112015 
55 505 17 23 0.020106876 
401 542 9 11 0.020078195 
309 663 9 12 0.020071352 
606 136 7 9 0.020070208 
216 716 9 11 0.02006981 
783 87 9 10 0.02006882 
430 685 101 142 0.020063626 
304 358 8 10 0.020053197 
279 615 7 9 0.020041812 
886 541 12 16 0.020020315 
686 454 9 10 0.020016266 
281 334 7 10 0.020015508 
670 463 8 10 0.020015048 
966 40 10 12 0.020006858 
598 287 8 10 0.020006439 
758 519 11 13 0.020004971 
312 734 11 14 0.020003567 
534 423 8 10 0.020002073 
