0_Parade_marchingband_1_653
729
123 148 16 18 0.9879166 
323 136 16 20 0.98483753 
510 131 15 19 0.9753945 
960 180 18 21 0.9721734 
603 138 14 18 0.96943206 
226 140 15 18 0.96782637 
870 193 16 20 0.965633 
738 132 14 19 0.96152264 
874 116 16 21 0.9574648 
69 98 12 16 0.9393477 
47 46 10 13 0.9054157 
537 194 14 18 0.89684975 
533 95 13 17 0.89381325 
26 139 16 22 0.88984644 
77 143 16 20 0.8875945 
649 128 15 19 0.8874106 
418 141 15 18 0.8855234 
556 36 10 12 0.86779106 
599 185 16 19 0.8669633 
508 33 12 15 0.864373 
848 91 13 17 0.85251504 
374 144 14 19 0.85190886 
675 93 13 16 0.84909046 
396 88 14 17 0.8478786 
932 94 12 16 0.8446353 
559 128 15 18 0.8430214 
763 191 16 21 0.84270245 
173 133 16 24 0.83851594 
460 147 14 18 0.82997 
959 38 12 16 0.81267565 
480 205 13 17 0.81260276 
364 45 13 16 0.8073476 
166 95 13 16 0.8044442 
603 39 12 15 0.80309457 
925 116 15 17 0.7882001 
302 96 13 16 0.78602314 
807 92 12 16 0.7638742 
890 97 13 17 0.758635 
45 197 15 20 0.75693905 
320 43 11 14 0.7476933 
351 94 14 18 0.7385118 
488 84 12 15 0.7372014 
211 96 14 16 0.73463315 
396 199 14 18 0.7278345 
759 88 13 16 0.70053065 
980 129 15 18 0.6995388 
222 205 13 17 0.68546224 
743 43 10 13 0.68126225 
678 192 15 22 0.678705 
443 94 12 15 0.66952765 
780 134 16 19 0.65326595 
828 32 10 13 0.64022464 
273 154 15 17 0.63332397 
188 44 10 13 0.6250241 
700 27 10 14 0.6205116 
259 109 13 16 0.6145877 
913 31 10 14 0.6137451 
114 89 13 16 0.6132576 
630 90 12 15 0.6061033 
101 53 9 11 0.5848313 
151 58 11 12 0.5838702 
645 103 14 16 0.5627971 
987 92 17 20 0.5459583 
571 148 16 19 0.54049796 
522 153 15 17 0.5383551 
129 202 13 18 0.5218052 
691 121 17 20 0.5206056 
641 75 10 13 0.51971304 
22 96 15 19 0.5143841 
476 55 14 17 0.5108471 
411 38 10 12 0.50330967 
753 63 9 13 0.48274514 
184 156 19 22 0.479064 
466 38 11 13 0.47066098 
784 35 10 13 0.46914107 
864 40 11 13 0.4333547 
665 42 11 14 0.4221107 
712 45 10 12 0.41188478 
716 84 12 15 0.39729732 
322 197 13 16 0.37905648 
798 53 11 13 0.37330666 
159 74 10 12 0.36691198 
274 55 11 13 0.36315617 
774 103 13 17 0.35456663 
310 208 15 20 0.35095736 
839 145 15 18 0.3488374 
521 52 10 12 0.3426508 
330 60 14 15 0.33993042 
407 104 13 17 0.3293226 
862 109 12 15 0.3238967 
584 90 12 15 0.31383744 
231 47 11 15 0.31216446 
78 115 16 19 0.3110975 
511 199 12 15 0.3046302 
455 111 12 16 0.29812875 
652 23 13 16 0.2974332 
200 62 10 12 0.2870048 
395 239 18 22 0.28465456 
174 112 15 17 0.2841557 
840 48 10 12 0.26810408 
973 59 9 12 0.26321283 
873 60 9 12 0.25362328 
318 111 13 17 0.22956474 
547 219 12 16 0.21799847 
375 64 14 16 0.21351244 
465 211 12 16 0.21100587 
89 162 18 20 0.20533477 
879 59 10 12 0.20323177 
710 140 14 18 0.2016714 
823 127 14 17 0.1990163 
821 54 11 13 0.19462319 
796 150 14 18 0.19371903 
334 157 16 19 0.18840635 
943 109 13 17 0.1873192 
136 168 14 17 0.1854632 
508 76 11 14 0.18506354 
284 68 12 13 0.18380399 
905 88 10 13 0.18287908 
926 51 11 13 0.18256329 
901 45 10 12 0.18023342 
716 91 13 17 0.17748751 
470 165 15 18 0.1741553 
539 92 12 17 0.1729545 
154 37 8 12 0.16934717 
568 54 10 12 0.1687382 
804 54 9 12 0.1668105 
944 34 10 14 0.15652011 
884 56 10 13 0.15299286 
755 67 10 14 0.14898427 
439 59 10 12 0.14571074 
558 218 10 14 0.14521278 
755 150 15 18 0.14186081 
816 113 14 17 0.14009345 
126 110 14 16 0.13963713 
503 102 11 14 0.13883194 
53 63 11 13 0.13718572 
628 98 15 19 0.1370737 
549 110 12 16 0.13696343 
689 216 16 20 0.13641097 
101 31 8 11 0.1363243 
969 20 10 12 0.13586263 
980 77 13 17 0.13585435 
586 100 14 17 0.13457875 
903 115 12 14 0.13408941 
875 226 16 19 0.13403118 
240 69 10 13 0.13389048 
735 104 12 15 0.13360901 
364 112 12 16 0.13323462 
598 21 7 10 0.13317506 
421 54 11 14 0.13315257 
152 98 10 14 0.13132115 
113 97 15 17 0.13104016 
63 145 13 17 0.13021733 
545 87 10 13 0.12852561 
135 63 9 11 0.12703887 
159 211 9 13 0.12636745 
375 206 11 14 0.12502803 
598 110 12 16 0.124064766 
941 100 13 16 0.12360277 
744 24 7 11 0.122617155 
895 76 8 11 0.122481555 
316 202 17 21 0.12035017 
602 258 22 25 0.11896946 
244 63 13 15 0.11561303 
97 48 10 13 0.1139314 
671 88 13 16 0.11046169 
947 103 11 14 0.11005586 
775 52 9 11 0.10857703 
491 223 12 17 0.10793957 
216 112 14 17 0.10682221 
752 24 8 11 0.10565621 
823 48 9 11 0.10434164 
621 104 15 18 0.10320514 
592 15 8 11 0.1030278 
967 138 14 17 0.10209743 
112 69 8 10 0.099098876 
183 59 9 11 0.09807713 
950 52 10 11 0.09731531 
317 83 12 17 0.097230434 
308 225 29 35 0.09703391 
285 171 14 17 0.096887685 
408 41 11 14 0.095481366 
797 138 14 17 0.09546684 
976 35 10 12 0.09452851 
431 107 13 15 0.09406866 
156 55 11 14 0.091310486 
972 145 14 15 0.089383624 
893 140 14 18 0.0891958 
677 249 17 20 0.08712904 
614 57 11 14 0.08677032 
949 32 9 12 0.08652844 
483 58 11 14 0.08632322 
544 112 13 16 0.08492709 
966 87 10 13 0.084820576 
926 158 13 16 0.08203206 
128 77 9 12 0.08138799 
247 214 9 12 0.080958314 
459 108 12 16 0.080485046 
239 160 15 18 0.080460265 
310 207 25 34 0.07987336 
536 60 9 12 0.07941721 
357 30 9 12 0.07881856 
48 61 11 12 0.07848912 
942 25 9 11 0.07784079 
115 104 15 17 0.07757674 
854 56 10 11 0.07526255 
803 151 15 18 0.075142704 
184 53 10 13 0.07449467 
216 234 27 32 0.07358366 
646 19 14 19 0.07326907 
867 108 16 19 0.07315496 
870 54 10 13 0.07287814 
991 152 15 17 0.07243881 
939 94 12 15 0.072245136 
356 84 16 21 0.072075635 
639 105 12 16 0.07045906 
436 161 12 16 0.07043437 
184 235 10 14 0.07008721 
931 110 16 19 0.06935269 
600 218 25 27 0.069333605 
462 101 11 14 0.06926757 
654 67 11 13 0.06860267 
912 43 10 13 0.068440534 
382 168 14 17 0.06798319 
188 51 10 12 0.067556545 
119 63 8 11 0.066012375 
103 70 8 10 0.06576277 
216 209 12 16 0.06561231 
357 62 9 12 0.06517588 
207 86 10 13 0.06516448 
757 24 8 9 0.063216805 
696 36 11 14 0.06218897 
677 201 23 30 0.06208037 
494 119 11 15 0.06203156 
552 44 11 14 0.061815426 
430 163 13 15 0.061556816 
653 145 15 18 0.061116118 
974 205 16 18 0.060497064 
515 36 10 12 0.060115896 
687 109 11 14 0.05996708 
644 72 11 13 0.059826773 
206 136 15 19 0.059578773 
645 2 10 13 0.059497025 
967 55 12 14 0.059471786 
928 87 12 16 0.05917914 
222 62 9 11 0.059148952 
1009 55 9 11 0.058999553 
917 45 10 12 0.058987305 
573 196 11 13 0.058790956 
797 20 9 12 0.05852928 
661 146 14 19 0.058385685 
912 8 8 9 0.057867747 
456 162 13 16 0.057522718 
725 100 12 15 0.05680989 
803 101 16 18 0.056543633 
473 124 15 18 0.056369457 
127 72 9 11 0.05606707 
935 26 11 14 0.05561979 
110 159 11 15 0.055538118 
857 92 14 16 0.055352524 
862 102 12 15 0.055146784 
453 93 11 14 0.05448073 
95 68 9 11 0.05419731 
971 93 13 15 0.05412957 
502 16 10 13 0.05398508 
83 112 12 15 0.05394284 
921 51 11 14 0.05374115 
312 114 14 16 0.05297884 
943 45 10 13 0.052607566 
694 43 11 11 0.05244943 
553 32 10 13 0.05230845 
951 36 13 15 0.05194936 
132 171 21 26 0.051700704 
188 23 9 12 0.05143528 
975 125 15 18 0.051323973 
25 104 18 19 0.051195834 
622 156 13 16 0.050960723 
310 61 10 12 0.05085036 
29 112 15 18 0.050758686 
983 71 11 15 0.050654687 
96 61 10 12 0.05032302 
829 47 10 11 0.050307985 
1007 35 10 12 0.050262623 
934 46 10 12 0.04998527 
748 137 13 17 0.04948436 
281 153 15 18 0.048784968 
73 130 21 27 0.048675843 
846 52 9 11 0.04854208 
110 140 12 15 0.04849958 
111 47 7 10 0.047911514 
103 95 10 13 0.047865104 
766 101 13 17 0.047640596 
952 45 11 14 0.0474955 
854 23 9 11 0.047201466 
464 33 10 13 0.046970755 
97 35 10 12 0.046850096 
102 60 8 10 0.046731267 
759 56 10 12 0.046390012 
133 233 17 23 0.04628201 
828 116 14 17 0.046151776 
551 50 10 12 0.0457582 
703 44 9 12 0.045517925 
119 262 10 13 0.045410857 
595 216 18 22 0.044690073 
927 27 10 12 0.044218898 
864 52 10 11 0.044099625 
975 83 11 13 0.044081267 
1012 173 11 17 0.04401271 
886 137 15 17 0.043949116 
1012 60 9 12 0.043862484 
906 110 13 16 0.043519624 
37 29 9 12 0.043317027 
302 60 10 13 0.043244228 
547 89 12 16 0.042928196 
113 65 8 10 0.042481173 
834 14 8 11 0.04247966 
401 84 15 19 0.042439148 
910 13 9 11 0.04239765 
439 87 12 15 0.04213525 
15 96 14 19 0.041980825 
325 54 13 15 0.041957416 
888 68 9 12 0.04193026 
757 30 8 10 0.041793387 
682 184 23 29 0.041741647 
40 50 12 14 0.04145954 
580 79 11 14 0.041430257 
461 93 12 15 0.04127333 
408 32 11 15 0.041237548 
780 52 10 12 0.041066855 
38 37 12 15 0.041007392 
879 90 12 16 0.04093371 
974 21 10 12 0.0408217 
419 209 14 15 0.040717773 
495 100 12 14 0.040701862 
269 129 13 18 0.040587913 
357 107 15 19 0.040541478 
817 58 12 14 0.040519062 
787 30 11 13 0.040336188 
613 156 14 16 0.040191818 
527 110 11 14 0.040186934 
389 67 10 13 0.04005641 
395 229 17 21 0.03981033 
896 41 9 11 0.039604876 
680 46 8 11 0.039533682 
466 218 14 16 0.039406184 
483 83 11 15 0.03939749 
990 62 9 13 0.039322007 
522 47 13 15 0.03920875 
893 61 9 12 0.039131556 
191 212 11 13 0.03908173 
952 16 7 9 0.039061844 
197 44 10 13 0.038984474 
793 16 10 11 0.03896062 
767 52 10 12 0.038910363 
165 59 11 13 0.038853653 
758 78 11 14 0.038817026 
671 105 13 17 0.038557883 
470 130 13 16 0.038457114 
1000 39 10 11 0.038312607 
235 49 12 15 0.0380707 
742 92 11 13 0.03803532 
777 59 10 13 0.037991166 
470 109 12 16 0.037989426 
858 41 10 11 0.037894577 
982 23 8 10 0.037718605 
254 236 12 15 0.037348144 
17 79 9 12 0.03733741 
102 76 10 13 0.037240673 
151 69 11 13 0.0371695 
646 37 10 12 0.037027653 
646 93 13 18 0.03701014 
957 49 13 15 0.03687093 
474 112 15 18 0.03685754 
564 38 9 11 0.036745183 
293 61 13 14 0.03656277 
510 15 9 12 0.03637919 
750 56 9 11 0.036356594 
558 52 11 12 0.03633353 
172 121 18 23 0.036170423 
549 195 12 15 0.035852615 
748 39 10 12 0.035503127 
160 44 9 12 0.03541881 
657 25 13 16 0.035384763 
220 202 22 27 0.03531084 
912 25 9 12 0.035274528 
22 111 15 18 0.035217922 
743 51 10 12 0.035047542 
19 84 15 18 0.035019323 
593 19 9 13 0.034985185 
770 215 17 20 0.034846272 
226 114 14 16 0.034726158 
455 99 11 14 0.034679163 
360 50 11 14 0.034662005 
97 101 10 13 0.03461402 
702 171 13 16 0.03445336 
995 84 23 28 0.03439269 
74 94 12 16 0.034256037 
753 92 10 13 0.034180194 
775 21 8 10 0.034131397 
79 83 10 14 0.03404713 
328 132 15 20 0.033898775 
828 52 10 13 0.03387446 
680 52 10 13 0.03384788 
617 107 12 15 0.03371895 
686 46 10 11 0.033647273 
934 75 12 14 0.0331185 
847 62 10 11 0.033047996 
386 220 13 17 0.03292771 
532 103 14 18 0.03289822 
151 44 10 12 0.032827 
190 60 11 13 0.03281658 
656 129 15 19 0.032760724 
387 227 16 21 0.03268409 
265 107 14 18 0.032638624 
337 58 12 15 0.032575864 
596 101 12 15 0.032475144 
108 52 9 12 0.032375194 
412 161 15 16 0.032308653 
24 87 23 28 0.032264628 
216 62 9 11 0.032207135 
740 75 11 13 0.032188844 
645 83 12 16 0.032141034 
271 66 12 14 0.032073606 
762 221 24 28 0.03192091 
504 44 10 13 0.031878144 
961 91 11 13 0.031819887 
166 155 14 18 0.031813145 
639 46 10 12 0.03180913 
894 86 11 15 0.031727925 
843 198 11 15 0.031626172 
937 38 9 12 0.031528823 
234 69 9 12 0.031493258 
448 113 12 16 0.031470153 
153 33 8 11 0.031456187 
849 23 9 11 0.03134926 
219 235 16 19 0.031341814 
553 31 17 22 0.031240014 
499 115 13 16 0.031222042 
150 117 11 14 0.03107593 
290 65 13 16 0.03098383 
309 83 16 20 0.030975847 
981 119 14 18 0.030829556 
276 35 11 14 0.030771866 
211 133 19 24 0.030662604 
782 44 10 13 0.030587805 
127 62 9 12 0.030415535 
910 50 11 12 0.03040616 
172 147 21 25 0.03040142 
226 44 18 24 0.03022618 
703 140 16 19 0.03022495 
877 136 14 17 0.030204054 
225 51 11 15 0.03017102 
420 37 10 12 0.03011817 
183 39 18 22 0.030045712 
278 169 15 18 0.030001005 
798 76 11 14 0.029897608 
143 71 10 11 0.029873617 
735 94 10 14 0.029852286 
217 92 15 18 0.029766014 
508 43 11 13 0.029762764 
710 77 13 17 0.02973308 
455 53 11 13 0.029699983 
900 87 18 23 0.029656766 
244 53 16 19 0.029654533 
349 104 15 18 0.029650178 
223 221 25 31 0.029598322 
4 93 15 22 0.029500397 
917 220 10 14 0.029435204 
164 68 11 14 0.029423349 
680 245 24 29 0.029422613 
903 40 9 12 0.029369902 
824 26 18 22 0.029346792 
159 97 13 16 0.029343825 
463 83 13 15 0.029336581 
381 225 14 20 0.029145796 
251 212 12 15 0.029118514 
121 223 10 14 0.029106533 
686 164 16 19 0.029093921 
276 62 20 23 0.02907897 
126 84 11 15 0.028966947 
32 64 9 10 0.028821936 
380 15 13 15 0.028807573 
889 75 9 12 0.028804857 
1013 45 9 13 0.028797174 
993 46 10 13 0.02865425 
138 181 17 22 0.028593963 
501 248 9 11 0.028509801 
353 35 11 13 0.028471764 
206 210 40 51 0.028402055 
358 38 11 15 0.028319849 
261 120 14 18 0.028209679 
920 60 11 13 0.028182667 
769 47 10 13 0.028078167 
945 51 9 12 0.028026909 
640 120 20 25 0.027997928 
119 68 9 11 0.027984798 
311 240 28 31 0.027827669 
311 54 11 14 0.02777547 
158 143 15 20 0.027669314 
695 22 18 23 0.027575579 
571 131 13 16 0.027531905 
902 79 9 11 0.027520087 
771 93 13 16 0.027512532 
275 45 13 16 0.027353467 
587 244 15 18 0.027189951 
603 82 13 15 0.027174085 
825 24 9 11 0.02716239 
637 51 11 15 0.027150512 
420 161 14 16 0.027083145 
841 62 9 12 0.026970772 
509 22 10 12 0.026958076 
830 24 9 12 0.026904015 
965 201 14 17 0.026879683 
502 94 11 14 0.026830092 
380 212 13 16 0.026725447 
735 59 10 12 0.026650678 
684 101 11 15 0.026634686 
424 144 15 18 0.026615774 
624 87 14 17 0.026493875 
319 1 11 10 0.026491959 
145 54 10 13 0.026301263 
599 32 10 13 0.026225962 
76 156 22 25 0.026213765 
838 200 14 18 0.02619291 
836 30 9 12 0.02612154 
950 22 8 10 0.026111525 
2 163 12 17 0.026110673 
942 132 13 17 0.02610702 
599 0 12 11 0.026098229 
21 78 10 13 0.026091652 
203 55 13 15 0.026024686 
373 51 11 13 0.025986912 
50 50 13 15 0.025857575 
265 22 8 10 0.025848137 
590 0 12 11 0.025846109 
454 266 13 17 0.02583684 
740 116 15 19 0.025796875 
744 60 9 11 0.025782662 
823 14 8 10 0.025711475 
230 59 10 12 0.025648396 
920 119 13 17 0.025622152 
879 45 10 12 0.025555665 
585 14 10 12 0.02554199 
120 55 9 12 0.0255309 
70 114 16 19 0.02546749 
947 211 11 14 0.025426764 
207 78 11 14 0.025426751 
839 38 8 11 0.025384143 
468 92 12 15 0.02532462 
736 216 12 15 0.02530149 
980 29 10 14 0.02525777 
391 98 13 17 0.025237288 
319 60 10 13 0.025183804 
398 18 11 14 0.025159597 
500 155 13 15 0.025027137 
550 203 12 16 0.025018437 
20 162 14 17 0.025013296 
977 145 15 18 0.025012773 
683 177 19 22 0.025007537 
861 220 23 30 0.02488852 
507 105 11 15 0.024793722 
24 115 23 30 0.024770536 
466 155 14 17 0.024762468 
653 87 11 14 0.024729488 
966 28 12 15 0.024717093 
676 256 25 29 0.024697792 
444 55 11 14 0.024621554 
16 83 10 15 0.024618203 
818 47 9 11 0.024519235 
919 24 10 12 0.024456494 
96 47 18 23 0.024452163 
309 254 26 27 0.02443458 
982 52 10 13 0.024366172 
997 51 11 14 0.024347298 
269 54 19 23 0.024314484 
71 79 9 12 0.024249673 
462 52 10 13 0.024231635 
276 126 14 19 0.024148425 
511 0 10 10 0.02411991 
310 323 16 20 0.024111995 
688 39 10 13 0.023994314 
528 86 11 14 0.02398057 
899 98 13 16 0.023883384 
116 164 13 16 0.023876313 
31 68 9 12 0.023873497 
111 79 9 12 0.02384628 
361 90 13 17 0.023808073 
237 73 11 14 0.023806388 
78 77 10 14 0.023741374 
983 44 10 14 0.02368302 
927 38 9 13 0.023673404 
348 237 11 15 0.02363585 
711 96 14 17 0.023486618 
596 241 15 18 0.023376765 
233 227 14 18 0.023324441 
500 83 12 14 0.023267942 
309 66 13 15 0.023264434 
926 76 11 14 0.023220493 
949 131 13 17 0.023185568 
792 21 10 12 0.023153951 
815 130 12 16 0.0231448 
561 135 16 18 0.02313114 
757 37 10 12 0.023129826 
777 36 10 13 0.023103256 
816 31 10 13 0.023080532 
39 60 9 12 0.023057278 
762 153 15 18 0.023034113 
879 39 9 11 0.023007562 
956 122 14 17 0.022964833 
652 119 13 17 0.022956772 
517 262 8 10 0.022934025 
646 144 16 19 0.022921942 
751 57 17 23 0.022895262 
827 216 15 19 0.022877429 
772 84 12 16 0.022794625 
598 51 11 13 0.022792958 
78 71 9 12 0.022789815 
486 115 12 17 0.022743138 
476 48 13 16 0.022681061 
518 58 11 14 0.022677569 
604 52 13 14 0.022547327 
741 70 10 12 0.022488648 
652 35 11 13 0.02248677 
365 59 13 15 0.022439636 
162 75 12 14 0.022434957 
99 156 16 20 0.022416402 
738 44 10 13 0.02240375 
151 50 18 24 0.022372104 
263 70 11 13 0.022304049 
82 318 23 29 0.022280212 
166 112 15 17 0.022264311 
263 59 12 14 0.022227144 
664 86 10 14 0.02219926 
612 210 16 20 0.022193369 
164 52 13 15 0.0221708 
303 68 10 13 0.022157393 
752 74 11 14 0.022132335 
59 61 11 14 0.022127083 
504 72 12 14 0.022076983 
188 107 12 14 0.022060217 
465 138 17 21 0.022056505 
34 109 14 16 0.022051498 
300 228 14 21 0.021990078 
768 38 10 12 0.021963779 
533 77 10 12 0.021906668 
308 108 15 17 0.0218759 
109 237 10 13 0.02181529 
421 48 12 13 0.0217271 
227 122 16 19 0.021693595 
161 134 21 28 0.021674788 
351 54 11 14 0.021663135 
366 21 10 13 0.021626262 
444 162 13 15 0.021525957 
874 54 19 24 0.021517176 
870 32 9 11 0.021516332 
48 58 19 23 0.021502245 
807 21 9 10 0.021490358 
298 224 26 34 0.02148996 
641 37 11 14 0.021463914 
637 114 12 15 0.021457735 
998 106 12 15 0.021441944 
927 17 9 10 0.021439543 
662 38 19 22 0.021438513 
260 237 12 15 0.021381998 
3 154 12 18 0.021361828 
170 159 17 19 0.021287192 
250 60 13 15 0.02126134 
479 99 11 14 0.021252867 
968 51 19 23 0.021251865 
435 112 14 17 0.02121667 
380 55 13 15 0.021172639 
759 199 25 30 0.021169176 
960 21 9 11 0.021146163 
157 80 13 18 0.021132506 
554 107 12 17 0.021123957 
116 141 17 21 0.021117592 
144 47 8 10 0.021105904 
638 1 14 17 0.021080317 
605 98 12 16 0.021079464 
790 318 26 31 0.021032423 
643 172 15 18 0.020980092 
1012 88 12 17 0.020964582 
673 236 24 28 0.020951174 
462 16 9 12 0.020947708 
144 60 9 12 0.020935016 
592 52 9 12 0.020928798 
959 16 8 9 0.020927865 
819 163 15 19 0.02090861 
132 77 11 14 0.020888599 
809 86 14 17 0.02085555 
583 60 9 12 0.020854494 
398 104 15 18 0.020827273 
484 98 13 15 0.020778516 
395 95 16 19 0.020765476 
930 130 15 17 0.020764336 
959 222 10 12 0.020756336 
564 260 12 15 0.020733261 
118 111 14 18 0.020727161 
426 52 12 15 0.02068705 
308 0 13 11 0.020678438 
204 66 12 14 0.020670848 
367 202 15 18 0.020637926 
706 28 12 15 0.020632476 
134 67 10 13 0.020626368 
549 324 13 17 0.020591557 
557 92 12 16 0.02057853 
894 54 10 12 0.020542668 
722 84 12 15 0.020485157 
886 39 8 10 0.0204704 
764 79 12 16 0.02046392 
495 52 10 13 0.020428458 
594 228 24 26 0.020416139 
510 93 11 14 0.020382164 
163 202 15 18 0.020371022 
339 150 14 18 0.02033661 
893 122 14 17 0.020315263 
974 67 12 15 0.020288225 
199 236 10 13 0.020254247 
176 59 10 13 0.020216063 
956 131 14 18 0.020214476 
740 40 18 22 0.02017612 
883 104 15 19 0.020173587 
776 182 21 27 0.020164417 
909 122 13 16 0.020157414 
269 22 9 11 0.020143824 
816 54 21 23 0.02012795 
33 98 14 17 0.020127308 
540 59 11 14 0.02011368 
380 132 13 16 0.020103896 
