0_Parade_Parade_0_611
70
153 161 30 54 0.9970927 
70 196 26 32 0.99475336 
414 142 37 48 0.9933996 
588 154 37 49 0.99109393 
301 174 40 47 0.99064726 
498 200 23 35 0.98443514 
918 224 13 17 0.95354 
658 199 14 22 0.77554244 
757 209 13 20 0.6076731 
258 197 24 34 0.42376786 
686 214 11 14 0.40594065 
722 229 11 14 0.39627475 
531 211 15 21 0.3553086 
620 191 15 21 0.33534148 
750 218 14 19 0.18674555 
241 171 15 18 0.17874493 
170 219 17 22 0.13713798 
785 248 9 12 0.1142976 
724 206 12 15 0.11422039 
510 207 25 31 0.10901047 
224 237 24 28 0.07830559 
524 240 17 22 0.067518115 
722 221 13 15 0.06399107 
649 201 19 26 0.054403644 
782 263 8 10 0.053660117 
731 205 13 14 0.04873735 
975 217 8 9 0.048261955 
763 206 12 18 0.04611916 
743 219 15 18 0.04520816 
768 270 9 11 0.043955527 
573 193 12 16 0.041636765 
952 235 9 12 0.040607523 
380 301 29 33 0.039718594 
538 212 13 18 0.037847154 
378 136 15 23 0.036654636 
798 238 9 11 0.036405545 
383 98 38 52 0.03466001 
777 264 10 11 0.034372617 
720 208 13 18 0.034187164 
339 305 28 37 0.033884842 
902 231 9 12 0.033218782 
218 155 13 15 0.03275682 
646 209 15 19 0.03187339 
775 269 9 10 0.03125228 
788 247 9 11 0.029139955 
422 382 48 68 0.028917952 
717 226 19 22 0.02780507 
332 176 29 38 0.027601814 
734 218 13 17 0.027108828 
374 134 12 19 0.02531421 
749 205 16 22 0.02516338 
523 218 22 28 0.025024109 
677 221 25 26 0.024815738 
245 201 26 33 0.024269942 
937 224 8 11 0.023922488 
531 267 13 16 0.023899216 
507 197 14 21 0.023575516 
740 203 13 17 0.023215314 
346 170 29 37 0.022823505 
912 214 10 12 0.022475777 
767 285 11 14 0.022152588 
288 168 16 21 0.021972736 
403 116 15 19 0.021730527 
549 213 12 16 0.0215196 
683 210 18 22 0.021297608 
576 177 13 18 0.020883875 
532 237 22 33 0.020440532 
830 238 7 11 0.020255165 
235 172 23 28 0.0201912 
528 205 13 18 0.020121332 
