0_Parade_Parade_0_382
85
791 213 28 39 0.9993305 
446 231 49 56 0.99707484 
595 136 33 45 0.99440044 
909 301 24 28 0.99372745 
118 183 44 63 0.97762656 
84 92 28 39 0.65436405 
839 275 24 36 0.21115364 
732 217 16 23 0.15782258 
703 218 18 25 0.14219712 
663 398 41 65 0.12778644 
317 335 8 11 0.12028743 
402 94 16 19 0.1181185 
82 223 16 19 0.105849855 
110 69 14 14 0.09649259 
934 63 9 12 0.08828338 
990 311 14 19 0.08192956 
927 62 11 13 0.08075773 
320 621 29 30 0.074052654 
968 126 9 12 0.07318559 
969 307 11 15 0.05728463 
714 226 16 19 0.055513717 
87 102 16 23 0.05402635 
327 379 9 12 0.047589257 
978 142 9 11 0.045831632 
961 125 9 11 0.043540936 
94 239 17 23 0.042120114 
188 325 16 25 0.039806176 
509 403 23 27 0.03969538 
724 225 15 20 0.03870061 
78 87 48 58 0.038448967 
304 400 9 10 0.03740673 
402 199 34 48 0.03705932 
845 292 17 22 0.036884304 
245 326 14 18 0.036818992 
921 61 10 15 0.033677816 
286 273 11 14 0.032565277 
304 374 9 11 0.032408483 
963 288 14 18 0.032383554 
254 349 7 10 0.031880572 
364 446 17 20 0.030091403 
922 46 9 12 0.03008782 
514 416 17 19 0.030006658 
393 210 47 66 0.02973657 
652 112 36 49 0.02956682 
534 428 12 15 0.028595116 
79 228 24 29 0.028202448 
148 256 16 20 0.028025655 
364 476 15 20 0.027991636 
251 325 10 13 0.027793799 
305 405 8 9 0.027733466 
918 67 11 13 0.02727501 
668 138 13 20 0.026999379 
926 53 10 12 0.02694976 
75 231 18 21 0.026841907 
105 65 26 25 0.026621217 
99 267 15 19 0.026619859 
995 531 31 42 0.026247276 
337 343 8 11 0.025965502 
379 414 22 29 0.025902407 
901 75 12 16 0.025646985 
701 211 15 22 0.02500705 
106 101 29 35 0.02498641 
941 66 10 14 0.024468122 
912 72 10 13 0.024409033 
712 211 18 21 0.02431875 
698 285 26 33 0.023851017 
309 374 8 11 0.023257876 
771 302 36 41 0.023008874 
424 219 46 62 0.022947842 
539 408 17 25 0.022473393 
67 305 30 34 0.02211941 
972 292 14 18 0.022040669 
394 424 16 20 0.02184853 
404 550 13 14 0.021552818 
237 342 8 12 0.021498369 
137 303 24 33 0.021399073 
722 233 16 19 0.021038143 
313 339 10 12 0.020937324 
720 241 19 21 0.020826785 
379 244 47 62 0.020770276 
124 292 15 21 0.020628156 
68 224 38 46 0.020593023 
555 356 12 16 0.020569038 
725 622 14 18 0.020364795 
90 226 16 21 0.020194748 
