0_Parade_Parade_0_443
131
370 234 51 69 0.99940586 
688 298 69 90 0.9987895 
522 208 73 87 0.9974644 
302 178 41 55 0.98918307 
215 272 31 50 0.9437824 
790 209 22 35 0.90997505 
213 238 22 28 0.89466625 
812 175 13 16 0.60067356 
64 254 10 14 0.39161453 
403 438 11 14 0.33871764 
38 234 28 40 0.24849452 
129 257 7 10 0.23863016 
129 261 8 11 0.23218662 
166 256 8 11 0.19452597 
151 267 10 12 0.1835307 
451 262 23 31 0.15714455 
726 221 10 13 0.15361011 
112 255 8 10 0.14682052 
162 255 8 10 0.14325143 
79 272 9 11 0.123358846 
87 261 8 10 0.110298246 
182 311 11 14 0.10625685 
110 330 15 18 0.10532589 
460 261 15 19 0.090720445 
36 282 23 35 0.08925567 
70 285 8 10 0.084306024 
67 260 9 11 0.08190394 
118 294 10 12 0.08179611 
448 276 26 37 0.07699394 
86 255 7 10 0.07664738 
47 211 13 16 0.07453394 
104 256 7 9 0.07128429 
136 317 10 13 0.06974374 
696 214 7 9 0.0677257 
142 237 8 9 0.06214497 
118 275 9 11 0.061466727 
992 175 9 11 0.056845456 
845 367 42 49 0.052693594 
741 142 15 21 0.05199935 
51 246 14 21 0.0519703 
177 291 9 13 0.05010326 
145 270 10 10 0.04808231 
7 220 31 38 0.048008267 
687 190 7 10 0.046231013 
103 260 8 11 0.044350598 
794 208 36 50 0.044036876 
743 176 8 10 0.04191922 
671 627 27 39 0.041546397 
139 238 7 10 0.04142887 
137 313 9 11 0.041167248 
686 225 8 10 0.04080025 
159 220 10 11 0.04041172 
178 220 9 10 0.040404722 
82 261 9 11 0.03908751 
811 141 10 13 0.038868207 
1 253 10 16 0.03883995 
158 261 9 12 0.038138878 
127 268 9 11 0.037709065 
152 257 8 9 0.037688002 
748 144 13 17 0.037037123 
134 271 9 10 0.036922883 
173 261 10 11 0.03619245 
213 246 39 53 0.03561808 
181 271 11 13 0.035222095 
37 218 27 39 0.034942437 
86 268 9 12 0.03461025 
30 194 16 21 0.034457263 
134 276 10 13 0.03435776 
119 255 8 11 0.034204848 
71 280 9 11 0.034046825 
146 263 9 11 0.033686664 
181 217 10 11 0.033678748 
416 240 26 40 0.033554852 
59 248 20 26 0.033060193 
988 277 11 14 0.032761503 
862 385 29 38 0.032322165 
26 266 39 57 0.03135264 
208 241 15 20 0.031193301 
158 292 9 12 0.030774752 
734 228 10 13 0.030412765 
176 269 9 11 0.029994301 
203 268 13 18 0.029930253 
156 269 9 10 0.029780505 
94 313 8 10 0.029745283 
688 185 8 10 0.02960199 
133 256 7 10 0.029408984 
27 232 423 473 0.029217733 
185 312 14 18 0.029006016 
34 196 23 27 0.028884191 
1014 212 8 13 0.028856175 
177 236 10 11 0.028600553 
44 197 14 18 0.027778735 
759 183 11 13 0.027420454 
87 337 13 17 0.026833756 
681 228 9 12 0.026817687 
45 217 16 22 0.026373005 
119 288 10 12 0.026102154 
688 207 7 11 0.026080698 
120 260 9 10 0.025245912 
176 313 13 16 0.025115589 
208 231 37 48 0.024996981 
112 247 7 9 0.024880812 
97 255 7 9 0.024859006 
44 252 15 21 0.024794633 
192 258 11 14 0.0247504 
160 238 8 10 0.023806123 
694 208 8 11 0.023279708 
105 327 11 13 0.02315057 
85 302 8 10 0.023120739 
160 248 8 10 0.022756675 
705 166 8 10 0.022612374 
737 192 9 11 0.022229796 
34 205 27 34 0.02193062 
3 231 24 39 0.021806553 
88 287 7 9 0.021772943 
828 420 16 24 0.021740692 
49 234 16 25 0.021666124 
213 230 13 17 0.021509696 
86 248 10 12 0.021361278 
446 261 13 18 0.021154419 
104 317 8 9 0.02114892 
14 238 50 59 0.021026243 
676 258 13 17 0.020784603 
223 239 26 33 0.020775968 
738 175 8 11 0.020775557 
86 278 8 10 0.02066061 
801 173 10 14 0.020548567 
53 333 11 15 0.02047067 
230 321 15 20 0.020169102 
20 202 47 61 0.020059712 
79 248 10 14 0.02001204 
