0_Parade_marchingband_1_695
371
571 89 60 74 0.9975904 
311 170 48 59 0.9928188 
752 265 29 34 0.9856383 
845 197 39 45 0.98451656 
186 208 35 52 0.95429534 
140 250 26 31 0.93204796 
516 242 23 27 0.89134395 
79 272 21 28 0.8649237 
508 333 26 30 0.5902381 
280 166 17 25 0.55163854 
957 226 28 34 0.5459413 
429 172 14 17 0.53583217 
939 95 9 12 0.43549117 
478 179 12 17 0.43241897 
519 224 9 11 0.40987688 
259 177 14 20 0.38299856 
519 173 10 14 0.3539576 
23 294 13 16 0.32229832 
375 192 27 37 0.27797464 
780 266 27 33 0.27164224 
969 87 7 9 0.2685945 
14 233 10 12 0.23629889 
263 174 21 28 0.22887516 
804 341 24 28 0.22815585 
940 20 11 13 0.2202419 
508 311 29 32 0.21592498 
507 166 12 14 0.21369973 
893 105 8 10 0.2099018 
48 271 8 12 0.19771802 
21 293 24 26 0.18635066 
880 112 7 8 0.18451864 
909 109 7 10 0.17162475 
1014 69 7 11 0.16903844 
208 157 11 14 0.16681921 
504 170 12 15 0.16398455 
992 75 9 11 0.15522033 
1000 78 9 10 0.14633895 
829 145 7 10 0.13893397 
1007 115 9 12 0.13757128 
134 255 18 22 0.1370729 
421 173 13 15 0.13660811 
927 102 7 9 0.13563645 
417 174 11 14 0.1306937 
183 189 11 13 0.1272224 
175 190 10 12 0.12251857 
745 151 7 8 0.12201447 
943 114 9 10 0.11872179 
962 72 8 10 0.11748 
1013 62 8 11 0.116152495 
782 141 8 10 0.11363479 
729 151 7 10 0.11221161 
557 148 13 17 0.11050381 
677 301 26 29 0.10946323 
54 220 9 10 0.10936939 
944 80 7 10 0.10553562 
142 235 11 13 0.10349944 
779 144 7 9 0.10333284 
967 78 8 11 0.10301376 
1000 141 9 11 0.10285638 
852 177 15 17 0.10079808 
895 157 12 14 0.10067873 
473 175 9 11 0.097083166 
405 186 10 15 0.096907586 
32 238 9 10 0.09543064 
984 65 8 10 0.09488193 
1008 101 9 10 0.093565546 
784 136 6 9 0.09338438 
725 173 9 12 0.092577286 
905 105 9 11 0.09229092 
766 166 9 12 0.091840565 
475 364 15 22 0.09090145 
536 175 12 14 0.088224374 
761 167 9 12 0.08768564 
909 104 8 11 0.08640542 
61 246 11 13 0.08618438 
746 144 8 10 0.084771685 
351 177 42 56 0.084728606 
921 149 9 12 0.08417696 
63 251 11 13 0.08366852 
905 136 8 11 0.0821776 
1000 115 9 12 0.08170135 
77 270 14 19 0.07839072 
953 125 9 12 0.076765575 
825 147 9 11 0.075066626 
17 300 27 34 0.074601226 
800 129 7 8 0.07443216 
937 150 10 14 0.073614016 
718 142 7 9 0.072871014 
485 184 11 15 0.07268734 
920 102 8 10 0.07265813 
941 86 8 11 0.07248735 
150 192 8 9 0.07091289 
109 242 10 13 0.070496425 
1013 116 8 12 0.07043641 
1009 61 8 11 0.070394754 
768 160 8 9 0.06900338 
760 141 8 9 0.068353094 
95 254 10 12 0.06773732 
10 232 9 11 0.06767451 
549 142 23 29 0.06759993 
953 120 9 10 0.067456156 
776 162 7 9 0.0673273 
313 143 15 20 0.06721706 
49 215 8 10 0.06714416 
37 199 8 9 0.06679245 
895 137 7 10 0.06641787 
889 109 7 10 0.06433319 
929 125 8 12 0.06428975 
73 267 9 13 0.06368244 
1015 76 8 11 0.063258246 
846 148 8 11 0.06313213 
152 206 10 14 0.06252532 
1004 84 10 12 0.061574362 
888 142 10 12 0.05957282 
1008 56 8 11 0.058912124 
104 244 12 15 0.05853956 
755 256 12 13 0.058240287 
113 185 7 9 0.05782522 
52 269 10 13 0.05672829 
26 287 15 17 0.056161143 
398 186 14 18 0.05550961 
242 345 14 18 0.055332173 
969 127 9 11 0.054890368 
102 252 11 13 0.054658614 
388 181 26 35 0.054314613 
921 321 33 32 0.053967126 
1013 95 9 12 0.052648306 
1013 56 8 12 0.052105285 
434 165 13 16 0.051899374 
496 214 11 14 0.05155672 
257 175 11 16 0.05076952 
118 273 16 22 0.05020986 
760 258 37 44 0.04990619 
815 151 7 10 0.049436178 
430 161 11 11 0.048997413 
137 236 11 13 0.048421808 
57 244 10 13 0.04684626 
920 97 7 9 0.04659434 
911 140 8 11 0.04635718 
973 86 8 10 0.046272874 
998 71 9 12 0.045948625 
85 255 10 12 0.04571751 
56 200 7 10 0.045651875 
422 250 25 42 0.04539543 
213 162 10 13 0.04471524 
276 211 39 46 0.044495918 
13 215 9 10 0.044080865 
1007 133 9 11 0.043623712 
1008 69 8 11 0.043445885 
809 157 8 10 0.04304197 
762 137 7 10 0.04293888 
74 239 8 11 0.04292074 
823 165 9 11 0.04240377 
128 192 8 11 0.042395964 
21 232 8 11 0.04227206 
793 492 14 18 0.042237345 
31 262 8 11 0.041776594 
12 314 29 36 0.041553896 
508 174 15 18 0.04133366 
984 69 9 11 0.040796235 
842 149 8 11 0.040784657 
910 137 7 10 0.040253803 
767 151 7 10 0.040119942 
928 120 8 11 0.039380718 
78 245 8 11 0.03925988 
463 187 10 14 0.039190844 
1013 102 9 12 0.03905747 
150 251 29 35 0.03900936 
216 172 11 13 0.038891908 
889 136 9 11 0.038608577 
920 143 8 10 0.038523573 
444 180 13 16 0.03846873 
104 229 10 12 0.03831245 
524 188 12 15 0.037982795 
782 165 8 11 0.037807126 
32 232 8 10 0.037746985 
905 87 7 8 0.03735062 
881 89 7 8 0.037247397 
994 140 9 12 0.0371842 
437 176 13 16 0.037044242 
127 258 13 17 0.036903415 
1 260 8 11 0.036788322 
694 151 10 12 0.03646485 
146 192 7 10 0.03643184 
15 252 7 10 0.03628487 
104 237 12 15 0.03617795 
981 119 8 11 0.03583638 
801 150 8 10 0.035734598 
72 215 7 10 0.035637904 
749 141 8 10 0.03546026 
181 192 14 18 0.03513001 
86 216 8 9 0.035006955 
937 80 8 9 0.03463599 
891 201 29 35 0.034528345 
63 260 10 13 0.03446356 
155 210 12 14 0.03415676 
1007 126 10 12 0.034122705 
208 214 29 38 0.03408935 
72 280 14 17 0.033876818 
78 262 11 15 0.033752345 
104 224 9 10 0.03355565 
138 233 23 30 0.03354034 
825 129 7 9 0.033517912 
90 268 17 24 0.033195212 
169 184 23 29 0.033134025 
976 119 9 12 0.032981973 
762 149 7 10 0.03292126 
247 186 12 16 0.032849543 
93 259 13 17 0.03280877 
935 15 20 23 0.03255271 
91 348 14 16 0.03251712 
974 126 8 10 0.032269042 
148 229 12 16 0.031900924 
452 180 12 14 0.031838126 
150 199 10 11 0.031757485 
904 80 7 8 0.031670183 
1002 55 8 10 0.03166083 
973 135 9 10 0.031637963 
791 267 26 36 0.031492595 
1012 124 10 14 0.031163981 
52 277 11 15 0.031119714 
37 239 8 10 0.030838862 
485 164 9 12 0.030806188 
126 242 11 14 0.030746702 
519 168 19 23 0.03054137 
786 260 21 24 0.030416742 
1002 63 8 10 0.030411866 
744 155 10 12 0.030330872 
72 244 9 12 0.030277193 
919 79 7 9 0.030009136 
702 155 9 11 0.029943658 
395 192 16 21 0.029764628 
766 135 7 10 0.029645983 
267 160 35 47 0.029122693 
525 180 10 14 0.028972432 
9 248 8 10 0.02892557 
959 95 8 10 0.028727729 
34 190 8 10 0.028510293 
463 175 8 10 0.028402565 
961 220 20 22 0.028325876 
31 292 17 18 0.028314022 
906 117 9 11 0.028285911 
924 142 9 11 0.028274914 
937 143 8 10 0.028237011 
119 198 7 10 0.02809796 
472 169 8 10 0.028050767 
84 259 14 17 0.028037146 
951 71 7 9 0.027817588 
145 243 20 25 0.027700044 
913 80 6 8 0.027656062 
39 206 8 10 0.02752934 
761 161 8 8 0.02743874 
752 174 8 10 0.027277932 
63 268 10 13 0.027120067 
689 150 10 13 0.02697965 
15 248 8 10 0.02688638 
484 175 11 15 0.026748065 
750 137 8 10 0.02656199 
462 181 10 13 0.026469229 
10 285 9 11 0.026401468 
510 205 11 13 0.026319306 
862 111 7 9 0.026297813 
871 117 9 11 0.026211193 
938 112 9 11 0.026162872 
953 144 9 11 0.026059128 
911 96 8 10 0.026045246 
68 253 9 13 0.02594988 
887 88 7 8 0.025914857 
949 112 8 10 0.025778636 
969 134 9 10 0.025674548 
1011 61 18 27 0.02552465 
937 117 9 11 0.025362153 
974 94 9 11 0.025345782 
26 261 8 11 0.02532539 
514 225 24 30 0.025315553 
927 97 8 10 0.02521592 
782 160 8 10 0.02509505 
840 125 7 9 0.02508868 
72 231 8 10 0.025086652 
862 127 9 11 0.024832431 
38 245 8 10 0.024602158 
989 64 9 10 0.024585309 
796 219 12 14 0.024560025 
50 199 8 9 0.024556173 
17 292 11 15 0.02455409 
956 239 18 21 0.024399266 
924 24 99 141 0.024275884 
120 223 8 9 0.024260111 
123 265 15 21 0.024206316 
871 104 8 9 0.024173876 
72 207 8 9 0.024095207 
872 126 9 11 0.024054859 
455 176 10 12 0.024033647 
961 87 7 10 0.023956086 
809 144 8 9 0.023945915 
714 143 9 10 0.02394547 
952 95 8 10 0.023810027 
775 128 6 9 0.023733325 
6 270 8 10 0.023623997 
55 240 9 11 0.02360557 
96 185 7 9 0.02341348 
3 481 15 21 0.023398088 
119 243 9 13 0.023388062 
865 89 7 9 0.023376029 
952 202 42 47 0.02333237 
889 98 17 23 0.023331292 
983 125 8 11 0.023325887 
33 204 8 10 0.023201441 
840 111 7 9 0.023122964 
443 174 12 15 0.023121923 
54 263 11 14 0.023112496 
7 222 8 10 0.0230006 
478 205 11 14 0.022924867 
1013 133 8 12 0.022905275 
7 254 8 11 0.02289617 
949 79 8 10 0.02284237 
886 146 10 12 0.022779027 
439 186 12 15 0.022685247 
521 227 13 15 0.022564491 
524 174 19 24 0.022557924 
219 223 16 22 0.022426793 
713 149 9 11 0.022373984 
97 274 13 21 0.022369772 
952 101 9 11 0.022304198 
823 137 19 24 0.022242632 
95 246 10 13 0.022197694 
804 283 12 16 0.022167012 
73 222 8 10 0.022160957 
479 166 11 12 0.022036437 
976 71 8 10 0.022036118 
170 190 10 11 0.021990262 
767 143 7 9 0.021980885 
860 134 9 10 0.021864658 
542 166 10 14 0.021833975 
936 90 16 22 0.021804271 
180 184 23 28 0.021800295 
57 251 11 13 0.021775905 
508 307 18 22 0.021742767 
472 183 12 17 0.02168818 
311 141 26 32 0.02165552 
798 355 23 27 0.021526156 
817 166 8 12 0.02138369 
928 80 7 9 0.02134704 
136 216 8 10 0.0213449 
146 196 8 11 0.02130904 
905 127 7 9 0.02128624 
938 212 42 45 0.02128288 
147 203 20 24 0.0212202 
48 239 7 9 0.021181243 
14 286 10 14 0.021126179 
857 129 7 10 0.021079596 
941 143 9 10 0.021077942 
841 120 7 10 0.021023033 
15 183 7 8 0.020897727 
873 111 8 10 0.020870624 
207 152 18 24 0.020848006 
62 240 10 12 0.020836227 
745 129 7 8 0.02081095 
974 79 8 10 0.020789398 
947 73 7 9 0.020663556 
80 200 7 8 0.020606732 
969 140 9 11 0.020519523 
749 181 8 12 0.020483663 
793 129 6 8 0.020422366 
48 207 8 9 0.020269552 
86 206 8 9 0.020192964 
78 232 8 9 0.020192757 
23 255 7 9 0.020188577 
748 150 8 10 0.020174589 
800 368 16 18 0.020033708 
919 136 9 11 0.020029001 
