0_Parade_Parade_0_470
53
934 271 58 70 0.99971277 
298 239 63 82 0.9995333 
620 136 58 75 0.9995011 
464 146 55 65 0.9994106 
901 173 58 72 0.9991774 
537 184 64 86 0.9990583 
417 203 64 85 0.99879944 
313 368 84 111 0.9986254 
472 330 70 97 0.9983948 
326 161 58 77 0.9983581 
123 469 81 109 0.998007 
703 233 63 82 0.99770606 
599 247 73 93 0.9976655 
149 172 71 98 0.9976618 
776 226 65 79 0.99746215 
219 174 65 82 0.9972908 
37 164 82 103 0.9962418 
837 230 53 67 0.99547476 
852 176 45 59 0.98894006 
761 172 18 24 0.9420742 
0 151 30 46 0.8974745 
789 176 28 31 0.75709987 
810 229 59 66 0.73978 
275 175 27 35 0.4681799 
920 393 46 30 0.116015375 
107 161 87 110 0.09793059 
803 177 25 30 0.08972041 
839 198 57 71 0.089348815 
271 170 45 57 0.07531566 
576 222 73 97 0.06879195 
967 39 6 9 0.06626775 
40 91 35 40 0.06121315 
817 177 15 21 0.058359213 
1 104 32 40 0.054174352 
269 191 35 49 0.051815778 
288 182 19 23 0.04983957 
974 57 8 9 0.042827513 
986 83 10 13 0.04232904 
1 61 26 39 0.040754948 
998 71 7 10 0.034849856 
788 170 18 23 0.030993214 
523 608 63 47 0.030907558 
993 71 7 10 0.030322498 
838 198 12 15 0.02898558 
780 185 32 32 0.028412396 
964 78 11 14 0.027542869 
518 132 14 19 0.026130425 
589 589 27 40 0.025361214 
990 80 10 13 0.025206855 
297 183 16 22 0.02290953 
993 56 7 8 0.020985018 
836 189 25 33 0.020144247 
975 31 6 8 0.020036977 
