0_Parade_Parade_0_639
250
711 78 29 32 0.9978206 
637 579 46 63 0.99755186 
339 206 33 43 0.98642856 
515 162 24 30 0.98513204 
980 537 47 99 0.96974313 
593 103 24 28 0.9610542 
436 271 29 34 0.8897746 
270 200 36 43 0.86978227 
950 421 15 20 0.8566539 
939 408 11 14 0.6005992 
900 565 41 69 0.5889059 
289 229 24 29 0.5607789 
840 474 12 14 0.4756564 
968 405 10 13 0.360862 
578 153 18 20 0.35557038 
882 428 12 14 0.31217715 
421 280 35 39 0.28174642 
512 148 16 18 0.26414353 
867 462 11 15 0.24975781 
929 437 10 13 0.24322388 
762 19 17 21 0.21978277 
936 431 11 13 0.20198967 
981 419 10 13 0.19814149 
1007 421 12 15 0.19378375 
962 481 29 42 0.18991514 
345 590 13 15 0.17276627 
909 413 8 10 0.15359125 
878 555 48 72 0.15205285 
826 434 14 16 0.1378774 
1007 414 10 13 0.135939 
1013 308 9 13 0.13536903 
1002 399 9 11 0.13314773 
255 179 26 29 0.13041918 
881 424 10 12 0.12824233 
989 398 8 10 0.12352855 
805 437 12 16 0.12179524 
270 268 25 28 0.11826848 
852 252 18 20 0.11808022 
469 131 12 15 0.11569746 
670 453 13 14 0.1155891 
966 400 9 11 0.111588724 
989 406 9 12 0.11107932 
893 511 13 16 0.10842893 
1001 404 9 11 0.10697789 
756 409 13 16 0.10672154 
905 413 8 11 0.10663564 
919 436 9 13 0.100895844 
285 171 12 14 0.095277354 
961 469 24 35 0.09066073 
1005 406 9 11 0.09055877 
514 153 20 25 0.0880416 
1001 382 9 11 0.08799882 
999 420 11 14 0.08724382 
932 442 12 16 0.08456294 
949 458 23 32 0.080812275 
959 537 44 85 0.07865869 
913 435 10 14 0.07778695 
810 55 40 50 0.074266076 
828 467 11 15 0.07377289 
926 415 8 10 0.072282515 
794 74 13 17 0.071056835 
540 245 33 41 0.069356635 
943 428 11 15 0.06513228 
579 288 18 22 0.06498216 
903 479 12 15 0.06397905 
956 415 13 16 0.063936934 
839 424 8 11 0.063687906 
496 670 11 13 0.06273645 
1002 389 10 12 0.062620595 
1010 426 12 17 0.06248608 
1015 406 8 13 0.061153177 
925 420 10 12 0.061067533 
964 390 8 11 0.06049317 
977 414 9 13 0.060359247 
643 298 14 16 0.057915486 
666 1 29 22 0.05683092 
290 301 19 22 0.05677298 
893 429 10 13 0.05537909 
805 431 10 14 0.054734636 
963 396 9 11 0.05335575 
233 233 13 17 0.053272158 
970 497 28 39 0.050689753 
587 174 15 19 0.050614115 
744 9 34 33 0.049027577 
827 443 12 15 0.04801593 
504 287 26 40 0.04744343 
893 422 10 13 0.046205394 
962 426 13 17 0.046027347 
523 276 25 31 0.045979824 
251 303 32 38 0.045446236 
924 551 48 84 0.04480108 
814 436 11 16 0.04374056 
654 71 38 37 0.04363987 
318 203 12 16 0.043389197 
326 249 15 20 0.043372918 
820 505 16 20 0.043328177 
952 417 10 13 0.04324225 
351 615 17 20 0.04287416 
988 420 12 15 0.04248934 
715 22 12 14 0.042015176 
479 166 9 13 0.040991623 
904 391 7 10 0.040252898 
434 154 17 19 0.03982661 
873 415 8 11 0.03909523 
995 515 13 18 0.038684525 
344 485 9 13 0.03862538 
934 448 13 16 0.03825265 
922 415 7 10 0.03823876 
479 261 25 30 0.038078915 
910 472 11 14 0.037784807 
884 510 21 24 0.037703883 
983 427 11 16 0.03767983 
988 412 10 12 0.037139706 
790 67 23 27 0.036874164 
547 218 15 20 0.036662206 
631 193 13 16 0.036461186 
920 505 12 16 0.03641724 
678 0 23 17 0.036368206 
988 435 11 15 0.035488293 
990 393 8 10 0.035426285 
687 455 11 12 0.035051893 
571 247 13 18 0.034674358 
526 258 34 38 0.03458815 
822 461 13 16 0.034037944 
454 274 18 23 0.033975508 
869 433 12 16 0.033120498 
828 448 15 19 0.032977868 
831 423 10 12 0.03296194 
835 468 19 24 0.03289579 
271 171 26 28 0.032874938 
518 666 10 12 0.03252269 
985 505 25 34 0.032362554 
838 451 10 14 0.032124393 
413 606 18 20 0.03207149 
274 203 22 26 0.031697426 
990 443 11 12 0.03130625 
985 393 9 10 0.031173356 
804 444 15 20 0.031079654 
273 349 38 39 0.031055547 
921 384 9 10 0.0308417 
815 577 54 57 0.030609047 
527 164 16 24 0.030517237 
877 428 20 22 0.030466815 
704 36 31 36 0.030188205 
1016 400 8 11 0.030175155 
578 236 14 17 0.030138142 
612 444 15 19 0.030112341 
960 367 8 10 0.030053487 
941 451 12 16 0.029798286 
730 4 33 32 0.029698672 
333 192 32 35 0.029544586 
269 299 27 30 0.029435363 
783 422 11 15 0.029266123 
878 442 14 17 0.029213505 
895 415 9 11 0.029164514 
817 445 23 28 0.028985865 
724 115 18 23 0.028944878 
81 642 12 15 0.028881826 
537 661 8 12 0.02885175 
715 62 30 39 0.028731419 
926 398 9 12 0.028258897 
648 28 43 52 0.027999343 
811 443 11 16 0.027982095 
586 283 16 22 0.027711706 
789 52 27 32 0.027670791 
617 212 11 13 0.027533866 
526 200 14 18 0.027490249 
512 278 28 38 0.027465075 
621 447 13 17 0.027150134 
836 276 12 13 0.027013581 
964 401 19 23 0.026987668 
583 290 24 32 0.026949767 
936 422 11 13 0.026630763 
781 52 10 13 0.026626024 
754 21 24 31 0.026541596 
273 604 10 12 0.026353933 
510 169 19 22 0.0262932 
808 503 13 17 0.026272207 
916 472 10 12 0.026264373 
962 406 10 12 0.026076134 
540 419 10 12 0.026009068 
667 66 44 49 0.025948921 
964 460 13 18 0.025588436 
1007 408 18 25 0.0251347 
977 381 8 10 0.025119081 
307 235 14 19 0.025105556 
1006 446 12 14 0.024541624 
718 42 34 39 0.024454251 
942 380 9 12 0.024174664 
975 435 10 13 0.023967288 
824 422 10 13 0.023866236 
642 455 10 12 0.023736648 
864 483 11 15 0.023718748 
878 406 9 10 0.023658426 
698 405 23 34 0.023569921 
292 510 21 28 0.023569375 
1010 303 9 13 0.023522979 
651 308 12 15 0.023315942 
887 417 9 11 0.023231493 
923 77 11 13 0.023101225 
898 544 33 59 0.02308987 
974 401 8 10 0.023008011 
608 147 16 20 0.022927988 
866 431 9 13 0.022819582 
961 383 10 11 0.022752615 
263 162 47 58 0.022675186 
269 280 27 31 0.022556875 
927 437 20 25 0.022486538 
587 91 38 46 0.022484077 
964 500 17 25 0.02236892 
636 293 16 19 0.022266038 
725 24 33 35 0.022172907 
580 304 15 21 0.022104304 
999 446 10 13 0.02208116 
369 536 9 12 0.021978367 
1003 480 19 34 0.021915227 
274 184 28 34 0.021843225 
575 229 14 16 0.02180609 
282 166 22 28 0.02179873 
837 491 13 18 0.02169326 
603 432 27 31 0.021643657 
281 265 18 25 0.021538233 
960 359 8 10 0.021508416 
878 416 10 11 0.02145144 
826 461 18 24 0.02142352 
474 130 14 17 0.021311566 
1001 414 11 13 0.02129506 
522 296 16 21 0.021136366 
837 481 13 17 0.021102274 
-50 229 178 261 0.021039587 
344 595 23 29 0.021024618 
756 116 12 16 0.020938402 
307 200 25 30 0.020829273 
474 212 21 29 0.020811612 
916 579 36 61 0.020769747 
707 3 14 15 0.020658711 
365 240 15 22 0.020602036 
712 25 30 36 0.020577779 
663 85 34 33 0.020495575 
844 246 17 18 0.02049226 
943 459 14 20 0.020411119 
449 281 19 26 0.020355161 
457 499 11 16 0.02026774 
636 349 11 15 0.020252388 
873 420 9 12 0.020202484 
296 348 40 38 0.020190964 
942 375 9 12 0.020185556 
808 431 20 28 0.02015959 
929 407 8 11 0.020037785 
764 406 10 14 0.02002004 
