0_Parade_marchingband_1_525
316
399 384 24 29 0.9922544 
676 382 22 26 0.988389 
900 422 20 24 0.95263475 
537 395 21 26 0.94782215 
291 395 19 23 0.946028 
193 374 22 26 0.9291885 
764 437 17 20 0.9044953 
135 412 18 22 0.8300301 
860 482 14 19 0.7355391 
833 417 16 20 0.69347227 
260 396 13 18 0.68056303 
44 429 10 12 0.62637293 
986 461 16 19 0.570486 
813 420 12 15 0.56333244 
783 422 11 14 0.5198171 
222 322 12 15 0.500054 
121 411 12 14 0.38210845 
624 413 13 16 0.34974223 
841 529 16 20 0.30773112 
796 431 12 15 0.28366897 
329 395 15 19 0.27185678 
927 429 11 15 0.27074814 
956 467 12 17 0.2542931 
156 419 11 14 0.24758193 
22 423 9 11 0.22516721 
945 435 12 15 0.22412628 
15 423 7 10 0.21949075 
240 390 9 13 0.21072954 
512 416 8 10 0.1987847 
725 397 13 18 0.19105294 
97 455 9 12 0.18555586 
458 477 10 12 0.17636481 
62 423 7 10 0.1644356 
711 504 14 18 0.16257326 
79 423 8 11 0.1475807 
118 241 12 15 0.12967674 
348 400 15 21 0.12562893 
292 363 11 14 0.12346424 
1000 441 14 17 0.12285047 
738 523 25 30 0.11940012 
730 400 15 19 0.11936049 
334 408 14 17 0.11734777 
616 445 12 14 0.11628328 
941 498 13 16 0.11623077 
484 487 10 12 0.115818106 
811 598 27 30 0.11573188 
794 420 13 16 0.11562173 
525 486 13 14 0.103869066 
583 422 11 14 0.10090346 
584 414 11 13 0.08794598 
777 421 11 13 0.087282605 
228 371 16 20 0.08679397 
24 427 9 12 0.08589536 
448 460 12 13 0.08305513 
790 427 12 16 0.08247527 
923 447 12 14 0.082349464 
105 479 8 11 0.08191487 
70 476 9 13 0.080309905 
211 377 14 19 0.07787343 
331 379 13 16 0.077016376 
735 435 13 17 0.07572285 
369 409 15 17 0.07491485 
87 428 8 12 0.07430606 
39 425 13 15 0.07405615 
79 480 9 12 0.07141219 
944 443 10 13 0.07111024 
819 427 12 15 0.07033231 
55 323 15 20 0.0674871 
731 441 13 18 0.0666846 
243 395 11 16 0.06664177 
124 244 10 13 0.06571391 
454 471 10 11 0.065474674 
317 536 11 13 0.06546181 
813 415 20 25 0.06451293 
435 472 12 12 0.06450946 
472 495 7 10 0.06447262 
257 378 12 16 0.060762297 
730 519 9 12 0.0595159 
1014 529 9 15 0.05717555 
340 402 16 21 0.05717064 
930 515 12 16 0.056564733 
949 473 15 20 0.056518286 
53 431 7 9 0.05623579 
277 373 12 15 0.056063022 
696 412 13 17 0.056058623 
973 459 15 17 0.055667106 
815 454 9 11 0.055306997 
481 491 10 11 0.05505716 
1001 32 25 47 0.054211937 
373 487 13 15 0.053396814 
238 403 12 16 0.052804552 
567 404 16 17 0.052539356 
720 400 12 17 0.05227515 
601 427 11 15 0.052212592 
471 511 7 9 0.052055247 
739 415 14 18 0.05169182 
358 346 12 15 0.051652122 
572 411 11 14 0.051383175 
72 407 9 11 0.051302236 
949 452 9 11 0.05073391 
807 428 12 15 0.050693557 
805 548 11 14 0.050680816 
515 414 10 12 0.04994146 
8 455 8 10 0.04968255 
739 439 14 16 0.049096353 
39 532 8 10 0.048998572 
338 394 15 20 0.048838347 
79 447 8 10 0.048479237 
740 404 13 18 0.04797243 
628 549 8 10 0.047348086 
340 388 14 18 0.046925347 
820 435 11 13 0.046844788 
463 503 9 11 0.045954093 
376 332 12 14 0.0456988 
84 423 11 12 0.04531321 
571 460 12 13 0.045277666 
157 322 12 14 0.04511474 
31 428 11 13 0.045040343 
170 397 10 12 0.044884644 
74 424 8 10 0.0446912 
0 407 10 14 0.044542145 
887 504 24 28 0.04446866 
111 476 8 11 0.044154093 
584 549 8 11 0.043133013 
914 410 13 17 0.04305574 
447 466 12 13 0.042690013 
174 371 12 16 0.042671066 
184 370 22 30 0.04207091 
815 433 11 13 0.041778155 
173 390 10 13 0.04158004 
935 445 9 11 0.041503243 
527 525 8 10 0.04081929 
316 474 12 13 0.0402711 
553 551 9 10 0.040256806 
124 407 19 23 0.04021055 
951 463 13 17 0.04015363 
184 334 12 15 0.039863758 
831 561 12 15 0.039381158 
776 415 9 13 0.039354987 
235 462 14 17 0.039092623 
418 535 9 11 0.039033607 
588 426 10 13 0.038517773 
525 504 11 13 0.038421545 
898 513 16 20 0.03808977 
218 370 21 26 0.038021274 
625 528 7 10 0.037951887 
65 472 9 12 0.03790926 
447 391 10 12 0.037733935 
773 426 14 19 0.037627347 
52 283 10 14 0.037383594 
734 400 21 28 0.03687796 
59 424 7 10 0.036737986 
727 373 10 13 0.036677737 
807 445 10 12 0.03648644 
478 520 7 9 0.036274776 
78 453 8 10 0.03592369 
972 494 10 12 0.035507947 
494 503 8 10 0.03499784 
29 509 12 15 0.03482943 
809 414 13 16 0.034120865 
265 400 15 19 0.033605747 
496 444 10 13 0.033509664 
287 494 12 14 0.033504978 
512 502 8 10 0.033449605 
933 436 10 13 0.033430178 
506 415 9 12 0.033185348 
456 511 8 9 0.033149295 
429 490 11 13 0.032806724 
23 406 9 11 0.032760695 
558 422 9 11 0.032471713 
828 528 24 31 0.03228089 
838 555 13 20 0.032222744 
940 535 11 14 0.032212395 
323 348 15 19 0.031784315 
829 539 12 16 0.03144113 
808 452 9 11 0.03126506 
49 448 9 11 0.031141296 
783 542 11 14 0.031118464 
842 423 13 18 0.031099934 
309 402 13 18 0.031096343 
418 542 9 11 0.031031111 
516 421 11 13 0.030985834 
474 518 8 10 0.030973462 
104 403 11 15 0.030670762 
5 413 10 12 0.03066335 
998 411 14 15 0.03053798 
465 508 8 11 0.030222246 
946 499 14 16 0.030074246 
348 389 12 15 0.029843092 
726 418 10 13 0.02977782 
15 427 9 12 0.029520145 
78 406 9 12 0.0294532 
781 432 13 18 0.029306319 
894 520 15 18 0.02928366 
791 429 21 24 0.029005505 
624 545 9 11 0.028940145 
746 520 19 22 0.02874131 
100 459 9 12 0.02860551 
575 422 10 12 0.028514812 
884 405 10 14 0.028228326 
630 528 8 10 0.02814044 
720 418 11 13 0.027784027 
638 544 8 9 0.027483076 
607 411 22 27 0.027378248 
84 229 12 15 0.027372248 
545 535 9 11 0.027340671 
709 462 13 15 0.027186539 
354 401 22 27 0.02712693 
825 539 22 32 0.026629332 
108 361 24 24 0.026522059 
25 536 9 12 0.02630379 
834 517 24 29 0.026270801 
271 378 12 17 0.026231186 
583 449 13 16 0.026229104 
82 238 24 36 0.026133154 
333 467 14 19 0.026097637 
85 388 11 13 0.025663506 
986 470 16 18 0.025661811 
877 506 15 21 0.025648007 
733 425 21 26 0.025473068 
976 459 22 26 0.025279198 
226 319 11 14 0.025262179 
640 529 8 11 0.025228826 
30 536 8 10 0.025077472 
469 412 11 15 0.025002297 
548 395 22 27 0.024915705 
947 490 15 19 0.02489794 
567 419 11 12 0.024813654 
429 559 9 10 0.024592148 
256 388 14 20 0.024571463 
364 408 24 27 0.024545688 
584 477 11 12 0.024533324 
973 513 12 15 0.024504177 
231 405 13 16 0.02448332 
995 448 15 20 0.024430249 
631 544 8 11 0.024289828 
813 425 24 27 0.024267776 
323 490 13 16 0.02421735 
338 380 15 18 0.02406741 
552 544 8 10 0.02406617 
144 397 11 13 0.024017112 
934 524 11 14 0.023923224 
843 488 18 21 0.023846036 
29 423 10 14 0.023791611 
15 436 9 11 0.023728378 
173 378 12 16 0.023520144 
713 479 17 21 0.02351821 
899 530 17 21 0.023467049 
798 547 13 16 0.023431879 
244 401 11 16 0.023292433 
785 546 16 18 0.02318457 
734 417 13 17 0.023184057 
936 493 14 17 0.02305338 
727 377 12 17 0.0230224 
284 368 14 17 0.022961084 
624 496 10 11 0.022847261 
633 510 8 10 0.022765147 
597 420 20 27 0.022743989 
715 567 10 13 0.022690417 
822 452 11 15 0.022641035 
512 525 8 10 0.022592619 
838 435 11 15 0.022482129 
837 443 13 17 0.022450596 
696 529 11 14 0.022368496 
446 493 8 10 0.022352785 
9 448 8 11 0.0222919 
79 440 8 11 0.022284484 
780 550 16 18 0.022116372 
631 497 8 10 0.022071 
520 503 10 12 0.021964025 
615 544 8 11 0.021932174 
780 442 11 15 0.021861386 
338 471 15 18 0.021701848 
852 525 11 16 0.02168731 
367 389 14 16 0.021642832 
688 358 10 13 0.021572929 
49 544 7 9 0.02156843 
577 405 22 28 0.021486396 
0 422 6 11 0.021475315 
895 538 13 17 0.02146735 
9 426 11 13 0.021387493 
640 495 8 10 0.02136435 
884 502 16 21 0.02133114 
829 449 12 17 0.021270396 
942 483 16 19 0.021193268 
768 420 12 15 0.02113559 
236 379 11 16 0.021115746 
776 406 10 13 0.02111421 
54 435 8 10 0.021072965 
625 533 8 10 0.021069296 
776 417 18 24 0.02103603 
237 364 12 15 0.021008672 
183 377 13 18 0.021008011 
110 422 9 11 0.020982804 
816 460 11 13 0.020894967 
184 328 10 14 0.020731458 
803 434 13 15 0.020717513 
836 467 15 18 0.020714747 
461 472 10 12 0.020695247 
722 501 13 16 0.020686183 
375 327 11 14 0.02068237 
258 459 17 21 0.020666767 
382 575 9 11 0.02064145 
111 410 10 14 0.02057983 
709 485 24 30 0.020502837 
62 427 8 10 0.020337304 
423 420 14 17 0.020318918 
851 545 23 31 0.020316826 
461 409 15 20 0.0203057 
616 573 10 11 0.02026305 
49 453 9 11 0.020239621 
109 485 10 12 0.020231415 
21 414 10 12 0.020214805 
23 475 9 12 0.020176252 
741 407 23 31 0.020147316 
719 388 12 18 0.020126348 
