0_Parade_marchingband_1_606
121
841 156 30 33 0.9994106 
258 137 32 39 0.99882 
614 191 29 33 0.99815565 
486 134 36 41 0.99679464 
783 155 40 44 0.9961041 
43 156 35 39 0.9958335 
131 209 25 30 0.9939422 
703 175 27 32 0.99183804 
429 179 25 34 0.7550486 
901 316 27 33 0.51483893 
587 192 27 33 0.39254543 
16 211 18 22 0.37722528 
602 138 17 22 0.3692253 
795 104 24 33 0.34747425 
174 207 24 29 0.25843966 
599 192 27 34 0.24757563 
174 346 13 17 0.22818731 
214 394 14 16 0.22014484 
535 116 438 440 0.15441684 
603 163 17 22 0.14644921 
943 250 13 14 0.120017424 
974 272 7 8 0.09071593 
1014 308 9 12 0.08946325 
420 144 17 22 0.0853671 
968 270 8 10 0.08220031 
188 205 25 31 0.08034339 
407 275 10 13 0.07885767 
850 111 18 24 0.078319035 
981 329 13 16 0.07530666 
168 211 14 20 0.07374542 
1014 253 8 12 0.07084962 
1 153 16 22 0.0690998 
633 139 15 18 0.06885319 
374 231 11 15 0.06654229 
5 219 13 18 0.061785534 
912 325 17 22 0.061107896 
956 328 15 20 0.060196538 
360 332 11 14 0.060006287 
22 144 10 13 0.059274193 
984 261 9 11 0.057585638 
392 294 9 13 0.054779544 
239 397 9 11 0.050407726 
975 278 8 10 0.04991916 
399 237 11 14 0.04901655 
982 304 9 11 0.048734855 
996 317 10 13 0.046322353 
439 184 17 22 0.04597478 
192 358 10 15 0.045406394 
32 123 12 15 0.04517275 
583 186 21 24 0.04509851 
933 237 10 12 0.044877063 
359 341 10 13 0.044820745 
197 420 13 16 0.043103542 
179 343 13 18 0.042861123 
310 392 9 11 0.04148404 
392 212 10 13 0.0406538 
983 310 8 10 0.040645394 
1 139 13 18 0.04037286 
5 142 21 29 0.038265735 
977 309 8 10 0.038054515 
960 270 8 11 0.037942626 
941 243 21 24 0.036844913 
977 285 8 11 0.035807427 
12 112 11 13 0.034756232 
487 88 26 31 0.033018146 
999 311 9 11 0.03294852 
977 303 10 12 0.032576684 
365 413 12 17 0.03235292 
1001 301 7 9 0.03228205 
398 242 10 14 0.031342395 
52 122 16 19 0.031009022 
394 318 9 12 0.030904775 
1008 303 9 11 0.030874029 
381 325 9 13 0.030390654 
398 213 9 12 0.029400442 
991 271 8 10 0.028955817 
1014 287 8 11 0.028310953 
973 350 12 14 0.028171023 
1008 309 9 11 0.028107898 
1014 270 9 13 0.027899541 
400 231 12 15 0.027753828 
984 270 8 10 0.027659055 
167 191 30 34 0.027251806 
976 329 12 18 0.027105318 
1000 295 8 11 0.027024789 
991 301 9 11 0.026931629 
985 318 10 14 0.026696475 
1008 289 8 10 0.02652099 
991 317 11 15 0.026129263 
966 348 10 15 0.026001845 
902 334 15 18 0.025954599 
964 324 13 19 0.02575356 
346 314 15 17 0.025620952 
329 366 9 12 0.025296604 
219 392 10 13 0.024572358 
126 187 40 49 0.024446243 
815 360 13 14 0.0243836 
46 122 11 16 0.02418255 
991 312 9 10 0.024097946 
17 141 23 27 0.023912564 
293 172 15 19 0.023624726 
966 318 10 13 0.022929505 
166 235 12 14 0.022784043 
163 202 26 33 0.022708096 
110 352 9 11 0.022432934 
709 153 16 19 0.022428898 
363 210 13 16 0.022424223 
561 176 16 20 0.022333821 
969 276 8 10 0.022321975 
927 235 11 14 0.021890564 
427 151 14 18 0.021814955 
1004 338 12 15 0.021063194 
239 157 22 30 0.020909594 
58 129 16 17 0.020887911 
103 191 25 29 0.020868072 
272 326 11 13 0.020656602 
958 276 9 11 0.020584753 
991 278 7 9 0.020543756 
954 269 8 12 0.020321619 
180 351 13 17 0.020308511 
570 212 14 17 0.020059196 
