0_Parade_marchingband_1_382
91
337 99 34 42 0.99948335 
801 121 38 45 0.99921954 
145 168 36 47 0.9981249 
448 39 32 37 0.99733233 
204 69 23 33 0.9438325 
932 73 18 25 0.925615 
979 92 21 30 0.8604025 
955 69 16 27 0.8563018 
926 136 22 26 0.48911682 
998 25 11 16 0.4890936 
903 62 19 30 0.41943055 
1001 100 16 25 0.40236452 
911 30 14 21 0.35834458 
992 97 19 27 0.33365473 
194 17 61 81 0.2755857 
989 5 12 14 0.16450745 
941 1 11 11 0.13856524 
932 0 14 13 0.12803335 
213 58 27 40 0.09301535 
982 77 24 30 0.08064297 
767 0 28 22 0.07117178 
910 22 14 18 0.06007615 
950 202 46 61 0.05778242 
985 73 18 21 0.055071384 
743 46 28 32 0.053849377 
739 11 28 30 0.051744398 
990 19 15 19 0.05060939 
984 68 14 18 0.048306186 
265 2 46 65 0.045551516 
527 46 189 204 0.045330886 
895 131 14 18 0.04272058 
991 54 10 13 0.04073545 
955 181 15 21 0.038578447 
740 143 18 23 0.03817475 
185 3 47 56 0.03807223 
726 98 22 33 0.03804525 
915 36 15 20 0.037589077 
996 21 18 24 0.037114196 
738 21 31 38 0.036508314 
911 9 26 30 0.035969198 
193 49 44 61 0.034565087 
89 60 19 19 0.033916336 
929 -1 20 24 0.033117462 
1007 103 16 25 0.032070644 
959 110 23 30 0.031241704 
903 29 14 18 0.031088674 
902 85 22 29 0.030709164 
986 6 21 26 0.030452421 
901 17 22 31 0.029681275 
936 139 15 20 0.029149773 
997 3 12 15 0.028680798 
822 255 10 13 0.028504433 
1005 4 10 13 0.02797956 
944 193 30 46 0.027934957 
912 71 25 30 0.027884118 
554 116 27 40 0.027830489 
692 84 50 65 0.027471894 
946 3 12 13 0.027454656 
911 65 18 24 0.027165886 
939 19 12 16 0.02714633 
923 12 16 20 0.02664069 
914 24 21 26 0.026547378 
659 61 14 18 0.026245767 
948 139 11 15 0.025882954 
901 50 14 21 0.025851104 
916 144 16 20 0.02575142 
908 12 16 18 0.025639724 
760 4 33 34 0.025609076 
519 30 43 60 0.025567628 
37 33 55 81 0.02545029 
888 237 11 13 0.024847468 
942 59 13 18 0.024613736 
120 247 12 14 0.024524925 
1008 182 12 14 0.023548266 
997 11 14 19 0.02351057 
16 12 90 126 0.022944236 
221 51 32 42 0.022675138 
901 11 14 17 0.022647284 
529 43 95 126 0.022284975 
903 41 13 18 0.022059025 
931 12 14 17 0.021869574 
902 34 21 30 0.021862265 
1006 187 14 18 0.021748262 
346 -1 31 31 0.021681586 
982 19 13 16 0.02151977 
115 238 26 32 0.021484496 
713 93 42 62 0.021328565 
319 32 48 63 0.02113317 
896 142 23 27 0.020867823 
218 -2 70 102 0.020617854 
899 159 16 20 0.020183288 
