0_Parade_Parade_0_502
128
467 404 28 37 0.9959073 
-1 332 36 43 0.9903287 
857 364 23 32 0.9888282 
281 383 25 30 0.96632516 
711 363 30 40 0.943842 
530 363 19 25 0.92804766 
402 365 18 22 0.8474473 
90 494 26 30 0.8435774 
936 384 22 34 0.8344353 
568 369 17 21 0.80047154 
348 393 11 15 0.39414343 
428 393 27 33 0.37302458 
175 397 27 34 0.33710513 
942 393 25 35 0.289755 
631 337 12 15 0.28686497 
1001 385 20 29 0.22125995 
326 406 13 16 0.16857362 
152 337 48 57 0.13753018 
181 363 33 31 0.11637138 
241 342 18 23 0.10439673 
844 369 19 25 0.0996708 
154 359 28 37 0.09196674 
156 366 46 56 0.08710672 
392 399 23 30 0.08555133 
166 380 49 59 0.081966184 
243 407 55 60 0.076429255 
811 461 25 31 0.0751762 
360 381 11 14 0.07156688 
404 479 15 22 0.07029767 
780 202 54 57 0.06836533 
1010 392 12 20 0.06537763 
838 370 15 21 0.06257586 
274 371 45 52 0.059846617 
95 521 23 29 0.056215543 
163 328 31 46 0.056194544 
862 357 14 18 0.05484475 
997 576 13 18 0.05405412 
194 338 47 56 0.053581 
577 369 14 19 0.0531881 
572 421 10 12 0.052176286 
957 348 11 16 0.05067922 
94 505 30 33 0.050541542 
100 485 27 33 0.050538354 
931 392 18 27 0.050510835 
827 357 13 16 0.04811907 
175 402 16 21 0.047410794 
829 370 15 19 0.046645314 
621 378 14 18 0.045429125 
722 371 33 36 0.0454232 
622 371 15 17 0.044055104 
256 378 49 57 0.04382518 
326 433 15 18 0.042907886 
161 391 32 39 0.04102012 
94 529 14 18 0.04099438 
90 574 12 14 0.040895678 
386 440 14 17 0.040454812 
297 384 15 21 0.03885289 
990 386 17 23 0.038432542 
852 371 18 25 0.03820378 
877 338 14 15 0.037584737 
830 352 10 12 0.03701454 
440 388 17 21 0.03695388 
46 300 42 57 0.036325365 
209 322 43 58 0.036013238 
950 348 13 17 0.036003426 
116 545 16 19 0.035952777 
436 408 25 33 0.035846654 
166 316 53 64 0.035310958 
43 310 27 38 0.034225382 
104 528 26 29 0.034165468 
784 532 10 13 0.033566147 
950 401 26 31 0.03349427 
184 404 17 20 0.033295777 
143 354 28 35 0.033067975 
938 370 16 22 0.032996107 
447 403 25 34 0.032263704 
44 311 18 22 0.0321557 
829 610 20 28 0.03126221 
678 298 29 34 0.03116667 
54 677 8 11 0.030695088 
392 249 10 13 0.030584276 
195 300 13 15 0.030420292 
394 395 17 21 0.029793447 
5 308 44 58 0.029264566 
407 361 25 30 0.029142682 
45 559 10 11 0.029037807 
795 443 13 15 0.028902836 
73 73 31 39 0.028597582 
237 368 48 64 0.02828239 
188 371 18 19 0.028269669 
268 378 27 36 0.028102499 
924 396 17 24 0.028070325 
773 370 14 20 0.027417123 
568 425 12 14 0.027290776 
292 374 13 17 0.02705691 
988 377 14 19 0.026598293 
424 395 16 22 0.026079154 
247 378 26 34 0.025521312 
330 428 16 18 0.025465442 
561 370 15 19 0.025392214 
189 448 33 41 0.025061524 
1014 573 10 18 0.024954364 
233 559 64 61 0.024343586 
866 349 16 19 0.024249613 
612 371 14 16 0.024157275 
934 378 16 24 0.02411648 
796 421 14 19 0.023890674 
396 464 28 35 0.023580942 
151 366 80 94 0.023489485 
49 630 9 12 0.023250956 
230 336 24 35 0.02322527 
868 338 16 17 0.023125432 
501 398 16 22 0.023060925 
306 380 15 20 0.02296495 
828 384 17 19 0.022455541 
981 376 15 22 0.022428436 
823 355 21 26 0.022197515 
85 496 20 23 0.022075353 
36 654 8 11 0.021909969 
86 646 8 11 0.021541148 
252 380 14 20 0.021217283 
136 369 30 36 0.021097777 
846 154 11 13 0.02067292 
338 432 16 17 0.020486517 
997 586 12 16 0.020472478 
248 338 16 24 0.020198012 
943 354 14 19 0.020072093 
139 352 18 24 0.020055251 
