0_Parade_Parade_0_205
279
264 301 73 98 0.9944776 
660 328 44 53 0.8613298 
592 328 23 31 0.83724624 
812 320 25 30 0.67296296 
523 464 14 17 0.42773554 
163 32 15 19 0.31436488 
708 337 27 36 0.28598687 
670 0 28 28 0.24055178 
474 220 12 15 0.23984236 
832 287 9 12 0.23330589 
386 290 26 34 0.21931112 
626 543 23 30 0.19902791 
711 305 36 39 0.1791808 
495 210 11 14 0.1706019 
348 194 24 28 0.16876572 
543 469 13 17 0.12879537 
477 340 11 16 0.1265209 
497 542 10 13 0.12586024 
149 300 9 10 0.10857837 
730 355 15 20 0.10474942 
830 292 10 12 0.10314278 
664 266 12 15 0.10104725 
674 552 15 19 0.09928342 
370 450 13 15 0.099058114 
644 335 27 35 0.09872909 
176 48 26 29 0.09551115 
358 164 11 14 0.095367394 
177 301 10 14 0.09430279 
146 295 9 11 0.09242081 
718 346 26 33 0.087979116 
995 198 23 30 0.08338093 
736 567 13 16 0.07967681 
417 231 27 30 0.07931917 
630 475 13 18 0.07903639 
762 291 26 37 0.077903844 
142 312 10 12 0.0731128 
679 271 10 12 0.06925811 
700 324 48 55 0.06698598 
855 325 9 12 0.06666585 
998 83 12 15 0.06464579 
575 321 37 44 0.06396733 
534 403 13 18 0.06312057 
623 245 10 13 0.060705483 
728 582 9 12 0.060476996 
838 281 9 10 0.060193274 
185 43 18 21 0.059776478 
392 176 9 11 0.05809152 
862 558 7 10 0.056706093 
853 300 9 11 0.05609865 
1006 77 19 27 0.054627478 
696 275 13 16 0.053844873 
849 567 9 11 0.052608903 
533 219 11 14 0.052180037 
802 308 41 48 0.051718287 
415 237 15 22 0.05068653 
1011 131 13 22 0.050631613 
303 332 37 58 0.050243642 
707 282 44 52 0.05017506 
136 316 9 11 0.049970288 
511 451 10 14 0.04977304 
872 421 11 13 0.049664248 
687 524 12 15 0.049568105 
770 339 14 16 0.0491487 
591 262 13 15 0.0478468 
519 529 12 17 0.047563955 
257 113 14 17 0.04734431 
528 211 12 16 0.047224604 
693 271 25 29 0.04699802 
896 412 10 14 0.045384426 
641 270 9 13 0.04485876 
389 275 27 33 0.04329673 
168 37 24 29 0.043108754 
397 268 22 27 0.04271503 
172 41 14 18 0.042313054 
773 289 15 22 0.042016126 
520 171 9 12 0.041758686 
891 445 14 18 0.041674845 
596 251 12 14 0.041370742 
475 371 16 22 0.041206058 
833 281 10 12 0.041006584 
725 277 13 16 0.040925715 
795 323 16 18 0.040773273 
848 296 9 11 0.040711645 
973 204 17 18 0.04052108 
1012 510 10 13 0.040345218 
489 211 11 14 0.040243365 
886 317 9 12 0.039909407 
447 355 14 17 0.039612804 
596 518 15 20 0.03946198 
870 354 12 14 0.039350253 
683 267 11 16 0.03918334 
373 382 10 13 0.038935043 
644 277 10 12 0.03891535 
582 245 14 16 0.038497064 
628 261 11 14 0.03848498 
148 27 13 17 0.037823558 
732 583 10 12 0.03777593 
428 227 26 30 0.037717648 
179 303 14 18 0.037120726 
896 473 10 15 0.036946207 
162 560 92 145 0.036808893 
486 161 8 10 0.036449127 
509 435 11 14 0.036443416 
784 430 9 11 0.03642067 
806 322 17 23 0.036364798 
727 548 11 15 0.036341056 
493 600 15 21 0.03626314 
573 253 10 15 0.03610357 
630 558 14 18 0.036102183 
722 299 19 23 0.036027785 
392 180 11 14 0.035946652 
801 441 8 10 0.03570814 
614 373 47 56 0.035026696 
597 563 11 12 0.034770038 
710 565 9 12 0.034395475 
711 558 10 13 0.034371663 
824 329 15 19 0.03433702 
946 398 15 18 0.034312427 
493 471 9 13 0.034016237 
373 532 36 44 0.03389534 
471 217 21 26 0.03383844 
814 440 10 12 0.033667374 
462 325 22 30 0.033487923 
574 445 14 19 0.033293933 
148 34 15 18 0.03323996 
512 158 8 11 0.033216946 
882 357 12 14 0.03302326 
776 439 9 11 0.032939285 
677 543 12 16 0.03292884 
352 187 18 21 0.032897342 
441 233 18 22 0.032503664 
543 536 10 13 0.0319858 
589 438 13 17 0.03186523 
718 557 10 12 0.03105475 
715 461 21 28 0.030983975 
686 260 9 13 0.030894265 
733 546 15 18 0.030854085 
800 446 7 9 0.030769933 
329 469 11 13 0.03056811 
738 542 17 20 0.03009623 
750 371 15 16 0.030066697 
621 238 11 14 0.029975716 
465 367 21 26 0.029734518 
159 351 10 12 0.029706525 
589 252 14 16 0.029606191 
721 328 19 23 0.029413437 
436 256 16 18 0.029350813 
349 179 14 18 0.029305557 
824 439 10 12 0.029185088 
169 302 10 14 0.02918444 
462 357 13 16 0.029129645 
710 278 29 35 0.029124772 
166 357 14 16 0.029104957 
733 589 10 13 0.028960329 
761 726 12 13 0.02892431 
746 522 13 14 0.028860949 
459 367 17 21 0.028464371 
513 447 20 27 0.027964788 
563 325 27 34 0.02755553 
149 383 36 38 0.02732746 
782 535 11 13 0.027283398 
149 309 9 12 0.027162926 
374 401 16 21 0.02708763 
996 336 25 40 0.027078064 
159 343 10 12 0.027048018 
718 534 11 14 0.026754715 
532 467 13 17 0.02659244 
487 450 12 16 0.026579792 
729 306 15 21 0.026500467 
117 317 10 12 0.026337972 
768 533 11 13 0.02628488 
622 250 12 15 0.026227007 
824 286 11 12 0.026156498 
389 459 14 15 0.026146952 
208 327 8 12 0.026133597 
166 46 43 52 0.025968343 
760 339 10 16 0.025964025 
759 309 25 34 0.025805779 
482 163 9 11 0.025789987 
471 334 20 26 0.025782552 
604 246 10 13 0.025757818 
304 194 28 36 0.025730671 
761 305 13 20 0.025506658 
363 169 12 15 0.02544708 
629 265 12 17 0.025270196 
726 566 11 15 0.02526541 
858 372 12 17 0.025172653 
882 373 13 16 0.025142973 
397 402 12 14 0.02473361 
808 441 8 10 0.024478493 
597 448 14 20 0.024469577 
605 426 14 17 0.024455491 
165 348 12 15 0.02426187 
533 393 23 34 0.024081878 
139 478 13 16 0.024071643 
436 438 16 18 0.024066739 
652 251 13 17 0.024020286 
758 501 13 16 0.023883328 
686 276 11 15 0.023699708 
683 581 15 19 0.023568824 
194 32 16 20 0.023485197 
723 291 16 19 0.023473976 
792 330 13 16 0.023373736 
766 331 22 27 0.02327129 
1013 482 10 16 0.023251712 
821 311 11 15 0.023145486 
829 437 10 14 0.023092953 
733 730 10 14 0.02308308 
692 550 9 12 0.0230172 
712 532 11 13 0.023014061 
517 484 14 18 0.022926133 
789 430 9 11 0.022854438 
529 461 12 16 0.022850769 
836 334 10 14 0.022833321 
166 308 10 13 0.022816338 
157 38 16 22 0.022788692 
470 159 7 10 0.02277246 
651 333 15 20 0.022674838 
580 245 22 26 0.022655105 
846 334 11 13 0.022454867 
783 398 10 12 0.022280285 
492 207 18 23 0.022278072 
717 273 15 18 0.022205194 
141 42 25 29 0.022171564 
761 315 41 49 0.022140363 
753 607 9 11 0.022129871 
629 533 13 16 0.021960357 
500 411 15 18 0.021942277 
1001 493 10 15 0.021863116 
1013 125 10 17 0.021781188 
760 312 12 22 0.021766312 
987 108 12 15 0.021744192 
485 363 14 17 0.021741655 
814 418 10 14 0.021712942 
681 532 9 12 0.021607904 
356 379 11 13 0.021594469 
586 259 22 28 0.021505577 
749 583 10 12 0.02145764 
519 192 9 12 0.021341113 
637 337 15 19 0.021282155 
594 558 10 13 0.021267986 
301 539 12 16 0.021247502 
766 506 11 15 0.021220382 
742 580 13 15 0.021209551 
576 509 10 14 0.021202557 
551 535 10 13 0.021194167 
759 494 10 12 0.021179385 
434 242 23 30 0.021177644 
717 588 16 18 0.02112186 
326 179 14 17 0.021031592 
720 540 12 14 0.020944858 
774 346 12 14 0.020922473 
815 286 10 12 0.020913076 
445 238 22 31 0.02086757 
798 557 7 10 0.02080141 
863 295 9 10 0.020793721 
685 549 12 15 0.020754514 
497 274 29 32 0.020701163 
670 273 13 15 0.02059046 
893 338 12 16 0.020554487 
903 536 10 13 0.020548956 
127 316 11 13 0.02053224 
741 344 24 32 0.02045811 
589 429 11 13 0.020391142 
528 402 14 19 0.02035539 
630 345 29 32 0.020326797 
156 48 15 19 0.020309323 
740 533 15 17 0.020285385 
500 482 13 17 0.020260293 
838 339 11 15 0.020195464 
704 565 12 14 0.020176338 
1013 434 10 14 0.020169014 
902 518 8 12 0.020107357 
721 467 13 17 0.020098986 
845 444 11 14 0.020093437 
725 586 13 17 0.020092806 
607 543 11 15 0.020078586 
671 445 41 52 0.020051334 
523 455 15 17 0.020012425 
