0_Parade_marchingband_1_476
369
744 178 49 63 0.99874264 
590 169 27 34 0.99854326 
676 162 32 36 0.9971046 
518 174 23 31 0.9966157 
857 101 36 42 0.9966047 
282 255 24 37 0.99603564 
452 221 30 34 0.9951072 
794 126 47 55 0.99360245 
612 200 37 50 0.99158984 
430 190 21 27 0.97888345 
421 275 37 51 0.971192 
352 225 20 27 0.96771306 
204 249 22 32 0.96052945 
335 264 26 44 0.95776635 
314 217 18 25 0.9339428 
385 221 20 28 0.92730874 
325 143 13 18 0.9250456 
400 200 23 29 0.9066016 
264 178 11 15 0.89887094 
644 58 12 16 0.88128084 
489 192 24 30 0.8802851 
222 190 14 17 0.8262755 
242 257 20 31 0.81867784 
575 160 16 23 0.79003245 
73 254 22 27 0.76786196 
406 136 13 16 0.74818593 
711 52 12 15 0.7345429 
58 231 15 22 0.7230312 
175 185 13 17 0.7136269 
582 93 12 15 0.629341 
199 178 13 18 0.572341 
477 118 13 15 0.49638292 
736 37 12 16 0.44062278 
612 19 9 12 0.4282352 
696 69 9 12 0.41435224 
155 199 17 19 0.40540883 
351 151 12 14 0.39530665 
374 142 9 13 0.3691482 
392 136 10 12 0.33232138 
528 102 8 10 0.33215466 
566 103 10 13 0.3172573 
861 1 17 17 0.2955198 
503 117 10 13 0.29359135 
486 191 13 15 0.28961337 
581 161 26 33 0.28695613 
693 63 12 14 0.28677946 
612 70 12 15 0.28312224 
246 188 11 14 0.27618787 
247 181 11 15 0.25550574 
761 14 11 12 0.25071615 
312 164 12 14 0.24885431 
537 89 8 10 0.24294785 
562 87 8 10 0.21792628 
367 141 10 14 0.21033387 
679 43 11 13 0.20878012 
485 119 10 13 0.20724319 
745 94 13 18 0.20439291 
876 33 32 40 0.2031464 
850 27 16 19 0.19778536 
585 67 9 12 0.18674019 
303 165 10 12 0.18653154 
575 131 12 18 0.18452364 
53 236 15 20 0.18250811 
197 192 13 15 0.18007706 
751 39 10 14 0.17882288 
861 57 13 16 0.1731351 
327 261 24 36 0.1577827 
686 114 12 15 0.15748696 
816 37 12 14 0.15691228 
741 41 12 15 0.15593044 
296 168 10 12 0.15535237 
422 121 9 11 0.14729689 
716 56 12 15 0.14454752 
543 70 8 10 0.14425056 
541 88 7 10 0.14052778 
593 76 10 13 0.13877839 
590 70 9 11 0.1385513 
202 182 15 20 0.13645427 
784 5 11 13 0.13129507 
566 107 12 16 0.124685 
66 233 15 19 0.12229656 
651 60 9 14 0.11992243 
774 46 11 13 0.117627524 
680 70 8 11 0.11753751 
892 4 17 16 0.11655418 
637 91 10 13 0.116182074 
21 231 18 24 0.11570101 
703 99 14 19 0.11450671 
76 226 15 18 0.11323042 
528 109 8 10 0.10945228 
496 117 8 11 0.102149695 
492 279 36 50 0.09607996 
890 37 24 29 0.09397827 
561 92 8 12 0.09395688 
258 249 25 35 0.0918865 
619 75 12 15 0.09178602 
497 102 8 10 0.091255724 
528 96 9 11 0.091072574 
607 72 11 14 0.09076272 
501 103 7 10 0.0892675 
240 324 22 30 0.08699039 
696 39 8 12 0.08655074 
878 41 13 19 0.083027706 
693 55 10 12 0.082333036 
672 39 9 11 0.081319496 
510 112 8 11 0.074905135 
268 255 27 35 0.07201528 
565 94 9 12 0.071723394 
508 116 9 12 0.071197964 
702 39 8 12 0.07069575 
756 39 9 13 0.07067914 
612 64 11 13 0.069824964 
396 134 13 15 0.06894189 
499 191 17 22 0.06864034 
788 12 11 12 0.06799168 
550 70 8 10 0.06792874 
599 72 9 12 0.06758301 
762 19 12 14 0.066776685 
622 45 8 11 0.06619509 
153 309 54 54 0.06573528 
688 70 9 11 0.065694995 
538 69 9 11 0.0649799 
509 237 24 29 0.0649298 
800 28 12 14 0.06376966 
742 52 9 12 0.06323434 
624 15 9 11 0.06317124 
1 314 15 18 0.061693735 
307 260 25 34 0.0612513 
689 54 9 12 0.061078273 
679 31 9 11 0.060533963 
780 44 12 16 0.060503703 
690 62 9 11 0.060419314 
521 111 8 10 0.059494063 
340 206 23 27 0.05911181 
884 3 28 28 0.05906791 
262 241 17 20 0.05881556 
542 65 7 9 0.05865546 
770 45 8 12 0.058644388 
248 177 10 12 0.05838966 
363 220 23 29 0.058205966 
785 21 10 12 0.05785027 
818 27 13 17 0.057391427 
560 4 12 12 0.0570781 
17 271 27 29 0.056837566 
566 329 22 30 0.05639534 
186 242 12 15 0.0562201 
617 54 10 12 0.056097195 
784 29 10 13 0.055363733 
382 140 10 14 0.054900613 
683 333 16 23 0.05464207 
633 61 10 14 0.05379056 
639 40 9 11 0.053650312 
737 53 9 12 0.05317326 
419 201 13 20 0.053133663 
139 237 12 13 0.05267789 
700 61 12 14 0.052637216 
798 4 13 13 0.051955324 
165 323 12 14 0.05192441 
551 96 8 10 0.051821265 
538 64 8 10 0.051728435 
605 44 10 12 0.050891895 
741 34 10 12 0.05078302 
639 46 10 11 0.049157705 
703 45 8 11 0.048660744 
69 242 23 31 0.0483485 
473 280 28 42 0.048344515 
784 2 10 9 0.048228137 
552 234 29 36 0.047649916 
360 141 12 15 0.04715904 
496 109 10 14 0.046910025 
211 247 15 21 0.046598155 
522 103 8 10 0.044967312 
352 213 23 28 0.044823736 
729 44 11 14 0.04477225 
783 34 12 15 0.044757582 
830 15 43 51 0.044687185 
625 118 10 14 0.0442771 
574 100 11 13 0.044075854 
287 158 8 10 0.043970015 
629 67 11 14 0.043667614 
599 43 10 13 0.043333914 
710 37 10 12 0.04310535 
189 332 14 15 0.043100424 
299 205 14 18 0.04276828 
254 180 10 13 0.042664144 
686 38 11 14 0.04250416 
866 44 23 30 0.04248464 
709 85 11 15 0.04193971 
191 189 13 17 0.04163673 
705 52 11 13 0.041552726 
737 60 10 12 0.041398115 
193 186 21 25 0.040662 
589 285 31 36 0.040446717 
598 99 9 11 0.040298875 
714 48 12 15 0.03992598 
568 29 9 12 0.03965558 
550 100 9 11 0.039439827 
563 101 9 12 0.039407384 
109 299 11 14 0.03936709 
736 32 10 13 0.03866162 
587 96 12 15 0.038604505 
541 92 9 10 0.038285982 
532 110 9 10 0.038261145 
460 126 12 15 0.03825132 
488 111 9 12 0.03823627 
137 224 9 13 0.038113803 
316 156 13 16 0.037487082 
775 38 11 14 0.037395656 
4 300 15 18 0.037278034 
238 180 13 15 0.037146572 
814 30 19 26 0.036937892 
83 222 13 17 0.03691849 
806 36 11 13 0.036642674 
691 107 13 18 0.03615722 
472 112 10 12 0.03591437 
375 270 23 33 0.035800565 
209 181 12 15 0.035685867 
442 181 17 21 0.035302084 
692 123 12 16 0.03512603 
777 82 15 18 0.03509285 
87 257 17 19 0.0346562 
856 52 24 26 0.034645244 
591 82 12 15 0.03462544 
557 254 14 17 0.034466464 
653 55 10 13 0.034356534 
673 43 11 13 0.034268577 
859 68 47 60 0.034181222 
603 213 31 37 0.03359097 
374 371 43 60 0.033543225 
290 244 26 33 0.032939784 
781 69 15 19 0.032764025 
36 242 14 17 0.032610085 
590 302 27 30 0.032507844 
302 214 22 27 0.032435354 
490 102 8 11 0.032346062 
439 190 23 28 0.032010972 
691 63 20 24 0.031702787 
768 39 9 13 0.031367764 
706 92 13 17 0.03133731 
158 318 25 28 0.030982772 
173 300 14 17 0.03052546 
588 63 9 12 0.030409422 
92 246 14 16 0.03008322 
322 213 23 29 0.030074831 
117 218 11 14 0.030053403 
519 115 10 12 0.030030707 
527 115 10 12 0.0299027 
364 136 18 24 0.029651573 
162 187 20 26 0.02951255 
539 162 16 21 0.029507961 
567 23 9 13 0.029391052 
717 37 10 12 0.0292755 
609 357 23 29 0.029209774 
152 242 12 13 0.02920624 
568 36 11 13 0.029133718 
333 209 16 21 0.029034944 
315 167 14 17 0.028949488 
702 21 9 11 0.028861789 
866 51 32 38 0.028846752 
508 181 23 29 0.028544482 
188 308 30 32 0.028309587 
563 1 12 10 0.028232012 
567 230 27 33 0.02793128 
45 240 23 28 0.027808176 
347 147 20 22 0.027689489 
174 261 13 15 0.02765685 
686 31 9 12 0.027534567 
417 123 12 15 0.02717822 
679 63 9 11 0.02714759 
455 127 11 13 0.027047986 
688 75 9 11 0.027023058 
511 87 8 10 0.026910707 
387 212 22 27 0.026320292 
693 131 14 17 0.02606347 
531 102 10 12 0.025660155 
390 144 12 15 0.025640227 
655 38 9 11 0.025573507 
111 213 13 18 0.025407344 
759 27 12 14 0.025361985 
782 2 20 23 0.025292406 
804 24 12 13 0.025053715 
225 243 16 20 0.024853155 
401 213 18 25 0.024846073 
622 40 8 11 0.024817888 
693 30 10 12 0.024528421 
8 283 26 28 0.024469191 
685 119 15 19 0.024375051 
712 33 8 10 0.024325062 
409 198 17 22 0.024312321 
202 309 17 22 0.024248214 
850 19 42 49 0.024192242 
43 256 18 22 0.02416903 
710 79 10 13 0.024049558 
436 273 37 42 0.023983914 
776 31 10 12 0.023961725 
599 231 14 18 0.02392614 
194 180 11 15 0.023915052 
846 33 26 31 0.02383485 
621 61 12 15 0.02372238 
3 324 16 20 0.023628175 
936 155 28 43 0.02357666 
0 292 24 30 0.023534374 
482 291 17 24 0.02349609 
530 88 8 11 0.023432206 
12 224 21 31 0.023006473 
757 8 19 24 0.022970274 
172 243 14 16 0.02296104 
777 69 24 32 0.022947976 
363 213 17 21 0.022937497 
30 267 25 31 0.02291623 
628 19 11 13 0.022910966 
301 160 19 23 0.022868136 
751 12 11 14 0.022860935 
312 150 9 13 0.022849802 
622 7 10 11 0.022848897 
434 221 25 32 0.022842059 
30 236 23 27 0.022799427 
570 317 31 35 0.02279041 
609 156 16 20 0.022767706 
279 176 9 11 0.022618767 
877 82 30 34 0.022606283 
673 68 9 12 0.022509012 
255 167 9 12 0.02249787 
166 305 34 37 0.022473577 
473 120 12 16 0.022380495 
673 30 9 12 0.022378782 
635 99 14 19 0.022298781 
851 3 25 27 0.022295153 
578 62 8 11 0.022279391 
703 17 7 9 0.022240298 
139 228 11 13 0.022169948 
728 24 8 10 0.022129752 
559 114 13 16 0.022119323 
720 281 36 38 0.021985807 
59 254 39 47 0.021897694 
157 191 14 17 0.021745417 
768 50 10 13 0.021687534 
795 11 12 14 0.021660699 
677 145 26 33 0.021643097 
45 225 24 27 0.02156745 
8 207 10 14 0.02151464 
175 322 33 35 0.021482611 
695 22 10 12 0.02146711 
359 421 11 15 0.021419523 
772 45 23 27 0.021396289 
904 40 16 21 0.02136999 
615 79 14 16 0.021307366 
201 232 42 52 0.021217154 
881 35 19 25 0.021150814 
213 242 25 33 0.021044355 
113 246 8 10 0.020992897 
615 6 9 12 0.020802839 
289 166 9 11 0.020726638 
764 26 13 14 0.020673756 
262 227 14 16 0.020559307 
798 34 13 15 0.020552961 
813 15 24 28 0.020547 
676 38 20 24 0.020496763 
850 14 23 29 0.020434808 
543 75 8 11 0.020428706 
221 251 26 32 0.020311069 
287 173 10 13 0.020270836 
585 75 11 13 0.02022261 
717 341 13 16 0.020196285 
270 166 11 13 0.020173369 
725 52 10 13 0.020138972 
324 248 15 20 0.020114882 
776 4 13 15 0.020075025 
576 233 14 18 0.020059898 
