0_Parade_Parade_0_814
503
768 514 22 27 0.9714296 
471 371 14 18 0.9435645 
365 338 14 17 0.78527653 
776 383 10 13 0.7295071 
751 374 12 15 0.6782493 
927 527 15 24 0.67013717 
897 555 13 16 0.6526323 
338 399 9 12 0.6222195 
412 448 17 21 0.59647405 
498 374 13 17 0.4657938 
264 429 9 11 0.4467811 
135 415 8 11 0.39494258 
679 394 11 13 0.3912153 
183 343 12 14 0.37294462 
337 583 27 45 0.34257203 
318 396 10 12 0.32040408 
309 440 9 12 0.3065575 
102 393 8 11 0.2962561 
112 414 7 9 0.28983504 
407 397 11 14 0.2586232 
53 502 12 15 0.25064382 
382 427 13 20 0.23802155 
957 557 16 20 0.22155933 
390 390 9 13 0.21857302 
95 414 9 11 0.21228 
725 383 10 13 0.21083903 
325 428 15 19 0.20005958 
136 439 10 11 0.19164464 
886 602 15 19 0.18879467 
665 541 30 42 0.17779788 
127 386 7 9 0.17436488 
461 399 11 13 0.17255543 
928 531 22 33 0.16690053 
701 536 14 19 0.16607657 
342 374 11 16 0.16064781 
294 389 10 11 0.15876853 
974 424 10 13 0.15033954 
982 413 9 11 0.14905998 
317 391 9 11 0.14306046 
815 336 10 12 0.14300102 
895 315 13 18 0.14227106 
120 400 9 11 0.14125118 
2 370 39 56 0.13835672 
238 366 13 16 0.1361023 
86 444 9 10 0.13439544 
279 358 11 14 0.12929533 
49 500 10 13 0.1254311 
88 383 7 9 0.12388451 
442 513 15 19 0.12186821 
484 390 11 15 0.12185573 
5 482 15 21 0.12011523 
191 572 25 40 0.11582391 
97 431 8 10 0.11066787 
932 509 14 16 0.109978214 
112 409 7 10 0.10712956 
125 400 9 11 0.102336906 
816 548 12 15 0.101279266 
678 538 36 51 0.09996819 
1009 413 9 11 0.09996399 
72 416 8 10 0.097647734 
30 495 11 14 0.097228676 
604 540 16 20 0.09705974 
287 429 10 10 0.094384894 
618 557 26 36 0.09273408 
86 407 8 11 0.09128147 
38 431 8 10 0.08788572 
328 413 8 11 0.08776452 
758 396 7 10 0.08705439 
321 404 9 10 0.086925805 
751 370 9 12 0.08685535 
296 414 9 10 0.08455341 
813 586 13 18 0.08244554 
137 458 9 10 0.08196812 
112 439 7 9 0.08037713 
1012 418 11 20 0.07986592 
924 515 15 19 0.07777152 
121 448 8 9 0.07743531 
464 392 9 12 0.07717308 
326 407 8 10 0.077109054 
351 489 24 26 0.07664186 
409 538 23 24 0.07635086 
752 385 12 15 0.07624219 
301 391 9 11 0.07535056 
424 397 10 12 0.074692525 
39 496 10 13 0.073271334 
361 488 23 24 0.07317578 
985 409 8 10 0.07102064 
131 415 8 10 0.06978384 
316 383 10 12 0.06941904 
529 395 11 14 0.06912301 
735 360 10 11 0.06829589 
120 385 8 9 0.06810343 
91 648 29 34 0.06805233 
82 407 9 11 0.06803791 
119 423 8 9 0.06749528 
95 456 8 11 0.067022674 
346 494 17 21 0.06694335 
464 490 13 15 0.066732645 
268 422 9 12 0.06669668 
527 389 11 14 0.06575557 
157 639 17 21 0.065658346 
526 381 10 13 0.06558846 
290 389 9 12 0.06427518 
88 462 11 12 0.06333285 
424 384 9 12 0.06288822 
1000 560 12 14 0.062477123 
120 439 8 9 0.061913 
154 438 9 11 0.059386455 
72 437 9 10 0.05933977 
478 411 10 11 0.05900172 
312 374 9 11 0.058933493 
416 444 24 27 0.0575464 
508 396 14 17 0.057215344 
382 383 10 14 0.057178445 
56 438 9 11 0.056725215 
102 415 7 10 0.056263532 
166 400 8 10 0.056073587 
95 409 8 10 0.056038518 
79 421 9 11 0.055731226 
117 623 16 26 0.055343144 
127 440 8 10 0.055302735 
137 374 8 10 0.05511117 
256 400 10 11 0.05510639 
279 302 9 12 0.055106163 
126 447 8 9 0.054639045 
79 389 7 10 0.054287132 
648 406 8 9 0.053837683 
150 407 7 10 0.053832334 
665 482 12 14 0.05349935 
113 433 7 10 0.05347325 
746 374 10 14 0.05229309 
305 307 10 12 0.052283544 
104 455 8 11 0.05215969 
70 420 9 11 0.0519754 
119 432 8 9 0.051884957 
78 415 9 10 0.05187223 
756 390 9 12 0.051743377 
89 412 8 11 0.050663367 
231 366 12 16 0.050575987 
893 622 11 13 0.05049908 
71 381 8 10 0.050378367 
56 397 9 11 0.049847312 
69 376 7 9 0.049705826 
853 604 11 13 0.04944176 
820 553 12 14 0.048534602 
12 500 10 13 0.047850296 
950 396 10 12 0.04772473 
96 420 9 11 0.046787493 
398 428 12 16 0.046784762 
314 396 9 11 0.04672037 
49 441 8 10 0.046632886 
691 532 25 32 0.046581674 
969 422 10 14 0.046083555 
661 388 10 13 0.04584589 
722 389 9 12 0.045593575 
428 398 10 13 0.04543878 
303 396 8 11 0.045304496 
776 378 9 12 0.045218024 
153 332 9 11 0.044962995 
710 438 8 10 0.044740498 
632 492 13 17 0.044598203 
302 408 7 10 0.043977052 
652 516 28 31 0.043944348 
483 402 13 16 0.043307558 
909 573 13 17 0.043169316 
1000 445 9 13 0.043030664 
746 380 11 14 0.04281485 
141 444 9 11 0.042701013 
744 436 9 12 0.04253475 
213 391 8 11 0.042469498 
404 429 12 16 0.042173475 
999 382 8 10 0.04211694 
331 574 24 41 0.041988507 
66 422 9 11 0.041748255 
106 629 28 34 0.04124845 
469 356 10 13 0.04093076 
498 384 16 20 0.040410604 
372 553 13 15 0.040350407 
990 407 7 9 0.040303968 
274 357 10 13 0.040273204 
960 558 24 29 0.04024334 
941 406 9 12 0.040241115 
117 374 8 9 0.039912112 
470 405 11 14 0.039880995 
281 424 9 11 0.03984423 
518 381 12 15 0.03973973 
759 421 8 10 0.039681476 
297 408 9 11 0.039381504 
279 406 10 12 0.039329115 
695 517 12 16 0.039272252 
693 407 10 12 0.039185226 
968 401 8 11 0.03893408 
25 491 11 16 0.038838696 
950 413 12 16 0.03847092 
516 386 13 16 0.038048618 
114 376 7 9 0.037935596 
8 391 12 16 0.037883997 
733 371 11 14 0.037837945 
818 332 12 15 0.03774799 
727 395 9 11 0.03769826 
740 359 9 10 0.037603766 
735 526 11 14 0.037597142 
295 396 9 11 0.037500814 
670 414 9 11 0.037361544 
120 453 8 9 0.037105475 
743 430 9 11 0.036962885 
600 538 13 18 0.036932837 
291 437 12 15 0.036454488 
113 383 7 10 0.036397718 
13 479 12 17 0.036137935 
301 414 8 10 0.036090713 
673 408 9 11 0.03601478 
102 421 7 10 0.035981767 
160 392 8 10 0.035968076 
0 657 31 35 0.03577894 
764 495 11 13 0.035732582 
6 500 12 16 0.035344474 
372 487 26 26 0.03517816 
761 498 10 14 0.035155706 
609 539 26 35 0.035114933 
333 423 11 14 0.03506428 
411 548 25 26 0.035005383 
136 391 7 9 0.034854896 
414 389 10 13 0.03483459 
97 437 8 11 0.034802847 
46 423 9 10 0.03478412 
277 379 9 13 0.034739453 
79 430 9 11 0.034617674 
537 347 16 18 0.03447909 
399 392 9 12 0.03447781 
272 375 9 12 0.034322415 
128 455 8 10 0.034285087 
146 406 8 10 0.034108736 
337 482 15 19 0.033984285 
980 419 10 13 0.03391376 
326 439 13 16 0.033640586 
883 331 12 15 0.033539835 
303 431 9 11 0.033525437 
750 421 10 12 0.033468407 
407 447 14 17 0.03345762 
514 393 12 16 0.033443786 
113 420 8 10 0.033408478 
336 392 11 15 0.033404026 
775 327 10 12 0.03329984 
289 383 10 12 0.033106167 
319 413 10 12 0.032983694 
767 422 9 11 0.032965656 
476 469 11 15 0.03293301 
386 421 13 20 0.032920923 
899 311 11 14 0.03279623 
501 395 14 17 0.03272596 
277 351 11 15 0.032716446 
662 367 8 11 0.032642614 
815 517 12 16 0.032386236 
166 405 9 10 0.032371286 
999 426 12 17 0.032139607 
59 507 12 14 0.032007545 
21 484 12 16 0.032005567 
950 406 11 13 0.031861335 
726 376 10 13 0.03159884 
527 404 9 12 0.03157631 
673 391 9 12 0.031527862 
72 455 8 11 0.03150002 
908 583 16 24 0.03144108 
151 432 9 11 0.03142593 
32 369 14 17 0.03126737 
400 395 11 13 0.031029887 
921 517 11 16 0.030891052 
318 295 9 11 0.03071855 
728 349 9 10 0.030704413 
173 610 24 27 0.030624319 
177 391 9 10 0.030600462 
711 366 8 9 0.030555725 
106 447 7 9 0.030523848 
734 399 9 10 0.030352244 
932 548 15 20 0.030247217 
347 375 14 19 0.030227683 
302 545 29 34 0.030050473 
879 588 13 19 0.030046022 
159 548 11 14 0.029955715 
688 406 10 12 0.029858232 
943 400 9 11 0.029820831 
446 495 22 27 0.02973431 
88 455 10 12 0.029727148 
98 397 8 10 0.029718818 
721 396 8 11 0.02970021 
178 341 11 15 0.029655263 
168 415 8 10 0.029618593 
1000 396 7 10 0.02959431 
453 491 13 16 0.029556995 
334 394 17 22 0.029456362 
508 380 12 16 0.0294064 
904 577 14 19 0.029373659 
311 415 9 11 0.029358143 
848 504 10 12 0.02935735 
99 392 8 11 0.029351043 
851 597 15 17 0.029338822 
949 593 14 20 0.0292927 
729 359 10 11 0.029149953 
444 458 16 21 0.029118434 
921 525 12 17 0.029091397 
732 381 10 13 0.029076423 
136 630 44 45 0.02896684 
416 383 9 12 0.028945817 
993 400 7 9 0.028877258 
161 398 8 10 0.028802235 
31 439 8 10 0.028694764 
136 433 10 10 0.028646065 
303 355 9 11 0.028616559 
161 624 18 24 0.028612956 
309 564 31 44 0.028585436 
104 438 7 10 0.028388198 
321 434 13 16 0.028371777 
57 432 9 11 0.028354054 
646 401 8 10 0.02834176 
443 499 15 19 0.028336713 
38 437 8 10 0.028293014 
261 405 8 10 0.028292684 
87 422 8 10 0.028209679 
104 407 7 10 0.028185843 
61 392 8 10 0.02801662 
288 396 10 12 0.027971983 
513 492 13 16 0.027916616 
778 444 9 12 0.027790142 
690 513 24 31 0.027613206 
226 370 10 15 0.027477914 
1014 391 9 12 0.027421344 
310 432 9 11 0.027361317 
74 447 7 9 0.027253943 
433 452 24 30 0.027205996 
326 308 10 12 0.027192269 
542 341 13 16 0.027136117 
1000 391 9 12 0.027060501 
881 586 21 29 0.027008351 
135 397 8 10 0.026945896 
851 508 11 14 0.026911512 
1006 423 13 19 0.026866507 
196 341 10 14 0.026855418 
773 379 17 22 0.026742434 
994 381 8 11 0.026712768 
160 406 7 9 0.026672265 
981 391 8 10 0.02667074 
493 393 13 17 0.026652483 
633 542 23 39 0.026605833 
119 368 8 10 0.026554799 
160 415 7 10 0.026551327 
642 399 8 11 0.026542014 
664 520 46 51 0.02646059 
422 350 9 12 0.026394801 
263 367 10 12 0.026329877 
700 524 13 19 0.026321946 
744 387 10 12 0.026236843 
168 381 7 10 0.026224414 
627 494 20 26 0.026219843 
780 395 10 12 0.02620624 
1006 407 17 26 0.026166942 
478 387 13 16 0.026086263 
292 431 10 11 0.026015326 
955 416 13 17 0.025946444 
295 348 11 15 0.025889222 
80 446 9 10 0.025888713 
402 488 24 28 0.025863016 
247 341 12 15 0.025670972 
767 398 8 10 0.025587626 
758 416 8 11 0.025526809 
160 351 8 11 0.025404094 
898 315 22 27 0.025403824 
635 516 13 16 0.025363708 
144 399 9 11 0.025336318 
274 299 10 13 0.025332417 
619 517 18 19 0.025307236 
392 423 19 26 0.025125528 
382 392 12 16 0.025067661 
695 432 8 11 0.025046017 
383 416 11 15 0.024966404 
444 445 12 16 0.024935802 
22 485 18 27 0.024931801 
270 340 11 13 0.024926333 
810 327 23 26 0.024816109 
61 438 8 11 0.024812205 
109 634 15 20 0.024783617 
926 513 22 29 0.024725066 
981 612 15 20 0.024706284 
401 356 9 12 0.024576562 
509 386 15 19 0.024485394 
256 446 9 12 0.024479883 
743 422 11 13 0.024442663 
678 402 11 14 0.024440011 
960 580 26 32 0.024406848 
666 519 17 22 0.024391219 
411 401 13 15 0.02432349 
661 395 9 12 0.024229134 
646 546 29 36 0.024145879 
80 438 9 10 0.02411111 
323 310 9 11 0.024102317 
325 398 10 12 0.024087964 
679 368 8 10 0.023996854 
189 336 12 15 0.02399365 
181 366 11 13 0.023971368 
738 431 8 10 0.023969509 
434 496 25 30 0.023908567 
19 479 11 15 0.023844682 
272 364 10 13 0.023787068 
201 546 38 49 0.023775116 
1000 407 7 9 0.023767866 
718 360 9 11 0.023678105 
112 390 8 11 0.023577943 
222 620 57 57 0.023577835 
633 488 10 13 0.02350575 
221 346 11 14 0.023493541 
12 507 10 13 0.023448437 
428 386 9 13 0.023444388 
350 318 12 14 0.023396399 
886 314 15 19 0.023326216 
143 559 11 12 0.023276798 
990 553 13 16 0.023247555 
62 430 9 11 0.023227815 
338 373 10 15 0.023225557 
841 503 9 12 0.023221195 
339 572 15 23 0.023198038 
400 373 9 11 0.023116231 
677 391 18 22 0.023066942 
156 317 11 13 0.02305617 
445 494 11 14 0.023042021 
438 444 12 15 0.022997353 
27 498 10 15 0.022969251 
243 370 12 15 0.022915065 
500 369 11 14 0.02285628 
159 461 8 10 0.022842254 
478 390 20 25 0.022750892 
5 428 12 15 0.022721866 
160 422 8 9 0.022655949 
258 541 36 48 0.022547925 
657 385 8 11 0.022505846 
135 368 8 10 0.022439705 
777 439 9 12 0.022432499 
180 607 14 16 0.022429325 
302 383 11 13 0.022415927 
117 416 8 9 0.022388248 
1011 407 11 15 0.022305913 
525 445 10 12 0.022268109 
452 380 11 15 0.022245923 
299 533 27 32 0.022171427 
706 361 7 9 0.022107009 
237 359 13 15 0.022061419 
439 425 12 17 0.021981133 
661 428 10 12 0.021968765 
20 367 27 33 0.02196771 
94 446 8 10 0.021951105 
961 550 17 21 0.021945132 
464 509 11 15 0.021942 
1007 398 9 11 0.021940958 
127 366 9 10 0.021868464 
87 467 10 11 0.021866309 
733 531 219 201 0.02185337 
285 348 12 15 0.0218012 
972 586 17 21 0.021763602 
196 349 11 13 0.021753535 
361 336 12 15 0.02173162 
525 412 9 13 0.021647142 
285 557 43 54 0.021639336 
99 386 18 24 0.021629134 
437 465 17 20 0.021573653 
500 396 21 26 0.021485128 
334 466 15 18 0.0213891 
712 361 7 10 0.021291107 
159 444 8 10 0.02125598 
110 456 8 10 0.021250606 
489 395 22 27 0.021238102 
269 438 9 11 0.021028772 
317 376 9 11 0.020962944 
471 472 14 18 0.020950923 
473 399 19 24 0.02090658 
655 526 33 41 0.020887228 
125 431 9 11 0.020727215 
155 324 11 14 0.020696929 
111 446 8 10 0.020691508 
28 495 20 23 0.020689119 
629 510 24 29 0.020602325 
339 387 13 17 0.02059602 
1014 397 9 13 0.02058682 
976 384 8 10 0.020572005 
663 477 21 24 0.020554898 
676 522 13 18 0.020551756 
225 334 9 11 0.020491863 
212 587 28 31 0.020429753 
741 397 10 12 0.020426484 
470 451 13 15 0.020418065 
904 320 25 29 0.020412548 
305 442 11 14 0.020410031 
214 429 13 17 0.020388564 
579 401 12 16 0.020378256 
766 538 11 15 0.020273007 
28 487 11 15 0.020220494 
813 508 13 15 0.02021737 
141 459 9 11 0.020208348 
86 431 8 10 0.020180052 
951 582 22 30 0.020176265 
0 502 9 14 0.020151645 
997 438 12 15 0.02014032 
517 374 11 14 0.020123897 
128 359 8 9 0.020067492 
282 351 101 129 0.020061748 
