0_Parade_marchingband_1_74
688
189 362 35 46 0.9981012 
501 382 15 19 0.9933889 
463 338 14 18 0.9885886 
780 382 16 21 0.98826385 
629 374 15 17 0.98092735 
469 370 13 18 0.9807386 
909 374 14 18 0.97987056 
867 381 15 20 0.97029346 
733 302 14 17 0.96902776 
604 407 16 20 0.9669643 
564 370 14 18 0.96412385 
484 333 13 17 0.96287894 
852 350 13 16 0.9619124 
572 333 13 16 0.96133506 
527 359 14 18 0.9526321 
661 413 15 18 0.951754 
708 357 14 17 0.94908506 
248 307 15 19 0.946655 
529 404 14 18 0.94335586 
506 314 14 18 0.94274086 
582 391 15 18 0.9416644 
775 316 12 15 0.93803793 
493 301 13 16 0.9374142 
655 302 12 16 0.9362022 
277 296 14 17 0.9351662 
744 368 14 19 0.93295336 
656 364 15 19 0.92854476 
839 374 15 19 0.92759067 
699 383 15 19 0.92599875 
315 328 15 18 0.921476 
386 339 14 17 0.92068875 
350 346 12 15 0.91612655 
759 392 15 19 0.9158905 
589 314 12 16 0.90532213 
547 345 13 16 0.8972944 
724 286 11 13 0.8870173 
434 364 13 16 0.8866037 
837 325 13 15 0.88580686 
958 359 15 18 0.8804997 
823 395 14 17 0.87703216 
875 355 15 17 0.8723229 
420 313 14 16 0.8706971 
716 401 15 18 0.8704989 
294 318 13 17 0.86418176 
457 317 11 14 0.85887975 
261 266 12 16 0.8575485 
769 343 15 18 0.85393274 
176 297 15 18 0.8519693 
410 358 12 16 0.8474554 
210 311 15 18 0.84005415 
663 282 11 13 0.8306896 
823 303 12 15 0.8275217 
581 294 14 16 0.8159039 
804 357 14 18 0.8135893 
919 327 12 14 0.81154996 
674 323 13 15 0.80830956 
932 364 12 16 0.8025389 
756 272 14 16 0.79452425 
346 313 13 16 0.7777629 
855 292 11 14 0.76580495 
992 332 12 16 0.7639627 
684 354 14 17 0.759768 
495 358 14 17 0.7575562 
754 325 12 15 0.75330424 
563 282 11 14 0.7445124 
627 303 12 15 0.7406712 
903 343 13 15 0.72916514 
765 300 10 14 0.7260398 
888 327 11 14 0.7244539 
439 311 12 15 0.7208916 
735 337 14 16 0.7040288 
646 345 14 16 0.69708824 
704 301 11 14 0.69515806 
405 329 13 17 0.6880089 
266 317 12 15 0.6879677 
954 325 15 18 0.68180144 
632 269 10 12 0.6771637 
816 277 11 13 0.663666 
575 356 13 16 0.6573107 
538 324 12 15 0.6569565 
553 298 12 15 0.6509722 
603 349 13 16 0.6331963 
405 295 10 13 0.62190706 
267 228 13 17 0.61620957 
671 393 14 16 0.5979307 
866 338 13 16 0.5903063 
615 358 13 16 0.587238 
796 308 12 14 0.57920295 
935 300 11 14 0.5719958 
382 384 12 17 0.56650764 
619 330 13 16 0.5568836 
973 350 12 15 0.55246127 
368 308 12 16 0.543426 
511 342 13 16 0.5387116 
321 284 11 13 0.51048464 
607 315 10 13 0.49831593 
706 335 13 15 0.482242 
839 293 9 11 0.46061686 
828 338 11 14 0.445109 
331 301 12 15 0.434992 
964 311 13 15 0.43037355 
784 296 10 12 0.40879378 
643 282 11 14 0.405676 
594 382 14 18 0.38684323 
10 110 8 11 0.3808605 
372 314 13 15 0.37915832 
448 293 11 13 0.37304392 
889 308 11 13 0.3717396 
728 327 10 14 0.362295 
615 294 9 12 0.340375 
311 366 10 12 0.33537823 
1015 378 9 14 0.33325467 
687 302 10 12 0.31935295 
891 348 11 16 0.3117067 
468 295 11 13 0.3054701 
535 317 12 16 0.3043895 
374 323 12 15 0.30022043 
431 421 9 12 0.2995923 
886 289 8 11 0.28177348 
768 294 11 14 0.27594563 
805 309 10 13 0.26812991 
216 285 11 13 0.2575299 
346 298 13 16 0.25382096 
546 279 10 12 0.25265038 
716 407 17 21 0.25185272 
959 315 14 17 0.2507562 
488 276 12 15 0.24856758 
132 281 14 16 0.24726269 
860 421 12 16 0.24151011 
236 285 10 12 0.24032176 
685 309 12 14 0.2400195 
374 287 11 13 0.23681374 
903 294 9 12 0.23457038 
639 344 12 16 0.22784504 
881 291 9 12 0.22373132 
783 339 11 15 0.22275935 
431 414 11 15 0.21436611 
793 285 8 11 0.21170828 
531 309 12 15 0.21145467 
813 349 12 16 0.18991253 
262 373 12 14 0.18851279 
549 433 14 19 0.18208505 
555 326 11 14 0.18018878 
861 317 10 13 0.1774529 
660 461 12 17 0.17696126 
645 294 11 14 0.17490414 
159 297 12 16 0.17331555 
890 683 98 118 0.17319281 
724 349 11 16 0.17276429 
966 422 14 19 0.17231569 
883 353 13 16 0.16972695 
869 350 15 19 0.16755937 
871 411 10 13 0.16471161 
787 338 11 14 0.16187632 
550 400 15 18 0.15966901 
123 314 19 24 0.15621142 
520 294 9 13 0.15066075 
436 342 11 14 0.14816321 
485 283 11 13 0.14679232 
793 314 11 14 0.14537027 
437 287 10 12 0.1448245 
711 278 8 11 0.14333178 
263 350 11 15 0.14109658 
938 355 13 17 0.14106467 
773 288 9 12 0.13999858 
549 330 14 16 0.1395274 
421 294 11 12 0.1348864 
344 371 10 13 0.13349847 
528 330 10 14 0.13056542 
531 300 12 15 0.12983072 
703 283 10 12 0.1256447 
427 315 12 15 0.12552716 
673 255 8 10 0.12501198 
230 307 13 16 0.12433144 
493 415 11 15 0.122221604 
462 405 9 12 0.1214184 
838 288 9 11 0.11939699 
615 287 10 12 0.11411927 
467 24 17 22 0.113798976 
813 293 9 12 0.11116701 
707 305 12 14 0.1101275 
464 420 10 14 0.10855784 
341 284 10 12 0.10831274 
809 353 14 18 0.10820768 
464 30 21 30 0.108037606 
192 286 11 14 0.10774853 
429 399 10 12 0.107676215 
455 340 13 17 0.1071992 
630 326 12 14 0.1064605 
815 342 11 14 0.10640273 
371 331 11 16 0.105816446 
861 411 13 16 0.103449255 
1005 351 8 13 0.10295831 
858 352 13 17 0.101086736 
639 315 11 14 0.10065593 
406 416 8 11 0.09953366 
230 290 12 16 0.09813253 
399 288 9 11 0.09793739 
531 293 13 15 0.09678762 
653 248 10 12 0.09678171 
369 348 10 13 0.094594926 
702 433 12 16 0.09457627 
431 404 12 16 0.09376158 
904 425 11 15 0.09355884 
641 293 10 13 0.09259186 
570 425 13 17 0.092478864 
831 293 11 13 0.09049248 
269 308 13 17 0.08748307 
735 281 8 11 0.08716737 
968 296 10 12 0.087123744 
491 454 11 13 0.08667705 
895 287 9 11 0.08554718 
937 362 12 16 0.0827254 
414 295 11 12 0.082227275 
595 315 11 15 0.08142262 
310 383 12 15 0.081353515 
174 326 13 16 0.08097176 
926 320 11 13 0.078693055 
501 309 14 18 0.07842885 
586 298 13 15 0.07791206 
420 301 12 13 0.0776748 
316 366 10 12 0.0770811 
306 364 11 15 0.076913565 
812 427 13 17 0.07661089 
887 343 12 15 0.07632293 
635 331 12 15 0.075989485 
202 333 14 17 0.07470767 
464 298 12 14 0.07446918 
457 404 10 13 0.07394835 
814 284 11 13 0.073268265 
717 308 10 12 0.07303907 
810 270 9 13 0.072724245 
118 104 13 15 0.0722578 
163 294 12 15 0.071910486 
648 252 10 12 0.07134524 
833 287 9 11 0.0702706 
296 286 10 13 0.06993614 
909 412 11 13 0.06938749 
369 339 11 14 0.068228476 
670 342 13 16 0.06814884 
1005 273 9 12 0.06797361 
862 311 10 14 0.06719708 
981 353 11 15 0.066597074 
788 301 11 14 0.066509955 
380 292 10 12 0.06605049 
796 323 11 14 0.0657611 
858 287 11 14 0.065321565 
649 300 12 15 0.06466028 
412 351 13 17 0.06445854 
742 286 9 10 0.0643956 
479 325 14 18 0.064233184 
677 255 9 10 0.06404824 
758 405 16 20 0.06401425 
541 328 15 17 0.06386038 
219 291 13 17 0.06329583 
685 344 13 17 0.06327345 
860 298 10 13 0.06318387 
301 287 10 13 0.06315961 
478 317 13 15 0.06281246 
389 286 11 13 0.06266362 
526 295 11 14 0.062211167 
680 311 12 14 0.062015694 
462 414 11 14 0.061976746 
654 332 14 17 0.061596405 
312 285 11 14 0.061265204 
335 220 20 26 0.06031115 
782 237 14 16 0.059857897 
598 295 10 13 0.05976784 
405 388 10 13 0.059464812 
569 360 17 20 0.059324518 
448 342 12 15 0.05894937 
828 454 14 16 0.058683075 
904 299 9 13 0.05864819 
681 348 12 16 0.05829244 
282 375 11 14 0.058240194 
987 293 10 13 0.058220785 
267 355 12 15 0.05739571 
433 288 9 12 0.05737869 
547 284 11 13 0.05706552 
377 371 11 14 0.05698783 
446 298 11 14 0.056072928 
796 280 9 12 0.055107478 
261 363 14 18 0.055067606 
439 302 12 15 0.054892894 
612 469 15 17 0.05384707 
961 407 9 13 0.05360622 
525 257 8 9 0.053570997 
802 365 16 19 0.053428803 
342 380 13 17 0.05289271 
889 315 13 15 0.05289191 
632 422 11 13 0.052825447 
1014 426 10 16 0.052246187 
305 387 10 13 0.05224576 
918 339 12 14 0.052089952 
399 327 13 17 0.05164797 
75 148 12 14 0.05145452 
779 310 11 15 0.05143669 
900 454 11 13 0.050791595 
520 436 11 15 0.050266284 
998 318 9 11 0.049899936 
983 419 11 14 0.049826123 
301 311 14 17 0.049340364 
806 302 11 14 0.048967212 
633 428 12 15 0.04892785 
693 295 9 12 0.048641186 
911 332 12 15 0.0479622 
708 296 11 14 0.047866616 
344 319 14 18 0.04771691 
467 427 12 15 0.0476362 
678 245 9 11 0.047589686 
372 303 11 15 0.047583356 
1006 298 11 14 0.04723713 
314 387 13 14 0.04706052 
948 429 11 13 0.047048576 
972 316 11 14 0.046861198 
500 350 15 18 0.046691515 
818 348 12 15 0.046543445 
573 308 11 13 0.04648396 
944 285 9 11 0.046358477 
909 428 10 12 0.046203353 
869 315 10 12 0.0459402 
582 277 10 12 0.045884043 
525 438 10 12 0.045862645 
488 27 14 18 0.045463204 
501 427 12 15 0.04433454 
382 375 10 13 0.043868333 
966 300 12 14 0.043112714 
554 428 12 17 0.04309561 
713 273 8 11 0.043001115 
752 320 12 15 0.042985473 
611 310 11 14 0.042976316 
825 259 9 12 0.042651877 
399 299 12 14 0.042219017 
495 311 13 17 0.0419457 
400 422 9 10 0.04187629 
985 338 11 15 0.041269455 
695 263 11 13 0.04126395 
488 305 14 16 0.040970955 
584 310 13 15 0.040651944 
541 87 13 18 0.040567975 
904 406 11 13 0.040545292 
452 288 12 13 0.04011725 
734 247 13 14 0.039994817 
620 352 11 13 0.0399799 
279 356 11 14 0.039764807 
627 270 8 11 0.039491944 
831 269 9 11 0.03942906 
963 349 17 23 0.03935506 
575 271 9 11 0.038797177 
567 308 10 13 0.03873309 
600 361 13 16 0.038717 
988 355 11 14 0.03826092 
558 407 13 17 0.03813998 
703 317 11 13 0.038022865 
368 290 12 15 0.03779626 
488 295 10 13 0.03775274 
195 194 28 33 0.037739232 
928 278 10 12 0.037272688 
892 304 11 13 0.0372363 
901 460 11 13 0.037197337 
439 292 11 14 0.03712561 
691 300 11 14 0.037064224 
911 316 10 13 0.036995288 
455 443 12 14 0.03697698 
511 302 12 14 0.03695699 
757 339 13 16 0.036894318 
637 300 10 14 0.03670408 
257 261 13 17 0.0365523 
342 395 13 16 0.036538575 
831 280 8 10 0.036428317 
741 279 9 11 0.036278326 
606 320 12 16 0.03610273 
700 373 15 19 0.036018573 
910 311 10 12 0.03601546 
509 335 11 13 0.03584066 
568 453 14 16 0.03580799 
829 262 11 12 0.035759646 
660 289 13 16 0.03569802 
334 295 11 14 0.03556329 
600 251 8 11 0.035373367 
958 294 10 13 0.035352997 
237 280 11 14 0.035204433 
952 293 10 13 0.03519269 
356 220 13 15 0.035187736 
477 294 11 13 0.035098612 
764 247 10 12 0.035034545 
908 301 11 13 0.034971002 
151 279 11 13 0.034957957 
961 399 9 11 0.034884322 
894 343 11 15 0.03471949 
903 309 10 13 0.034496676 
628 294 12 15 0.0344935 
585 251 9 12 0.034390137 
477 300 10 13 0.034198094 
534 467 14 16 0.034128826 
971 294 13 14 0.034035333 
91 150 13 17 0.03400292 
927 286 9 10 0.033999927 
856 323 11 14 0.03388828 
164 785 17 18 0.033850912 
637 264 9 11 0.03382992 
550 271 9 12 0.03382684 
930 293 11 14 0.033764046 
720 331 10 14 0.033555005 
392 318 11 13 0.033367313 
275 218 13 18 0.033294946 
237 374 12 15 0.033155084 
108 157 14 18 0.0330137 
872 280 8 11 0.033011585 
606 359 13 17 0.032871015 
374 398 12 14 0.032864407 
708 444 15 18 0.032784708 
463 287 10 12 0.032381177 
542 308 11 14 0.032168142 
867 419 12 15 0.032127935 
261 352 19 25 0.032061655 
469 316 10 14 0.032048967 
836 238 10 12 0.03198969 
596 449 13 17 0.031916752 
959 300 10 12 0.031795897 
916 414 11 13 0.03175898 
734 344 14 18 0.031572722 
256 346 14 19 0.03146238 
896 292 9 12 0.031452775 
673 247 8 11 0.031447444 
778 323 13 15 0.031402826 
495 423 14 19 0.03125619 
433 197 45 52 0.031063758 
928 309 10 12 0.03105068 
548 247 10 12 0.030922374 
840 253 11 14 0.030849466 
202 202 17 19 0.030815449 
762 295 18 23 0.030775005 
454 418 12 15 0.030668521 
630 315 13 16 0.030661045 
841 329 13 15 0.030657317 
608 295 11 12 0.030521803 
429 391 10 13 0.030518543 
855 310 11 14 0.030508794 
611 351 13 17 0.030491438 
564 405 11 16 0.030448651 
219 308 13 17 0.030442705 
397 307 10 14 0.030316995 
629 265 18 22 0.030170552 
159 304 11 16 0.03005854 
711 236 10 11 0.029985981 
452 299 12 13 0.029963173 
414 422 8 10 0.029960744 
661 340 10 15 0.029927243 
204 721 13 15 0.02991084 
542 291 11 14 0.029830605 
613 279 10 12 0.02982837 
378 318 11 14 0.02970266 
336 382 11 15 0.029681647 
932 271 10 13 0.029582873 
633 340 12 16 0.029474907 
401 289 18 23 0.029397909 
-1 716 10 19 0.029343342 
770 336 15 17 0.029327044 
607 300 11 13 0.02904324 
839 259 11 13 0.029027209 
809 287 10 12 0.028847065 
558 317 12 15 0.028837202 
499 433 13 17 0.028764863 
688 349 14 17 0.028716573 
582 322 13 18 0.028706454 
894 415 11 14 0.028691798 
709 392 18 23 0.028626986 
752 467 11 13 0.028588038 
821 283 10 12 0.028437167 
813 273 18 21 0.028382368 
900 468 11 15 0.028347574 
709 315 10 12 0.028000446 
336 279 11 14 0.027971372 
691 307 11 14 0.027956037 
444 283 21 24 0.027783746 
798 333 10 14 0.027702417 
958 55 10 12 0.027599841 
549 319 12 15 0.02747554 
646 307 11 15 0.02744884 
777 244 10 12 0.027335787 
380 367 10 12 0.027301565 
568 337 13 16 0.027264437 
392 417 9 11 0.027236955 
896 79 9 12 0.02718977 
992 319 11 13 0.027148478 
544 300 11 14 0.02712336 
400 406 9 10 0.027091611 
465 374 13 17 0.027064996 
317 277 18 24 0.02687043 
277 287 14 17 0.026829058 
285 357 9 13 0.026801825 
874 412 11 13 0.026790058 
700 324 13 15 0.026762586 
139 278 12 16 0.026660318 
622 397 12 17 0.026609061 
836 455 10 13 0.02644478 
704 349 13 16 0.026430095 
591 248 8 11 0.02635008 
901 288 10 12 0.026270911 
904 315 10 13 0.026199229 
665 237 8 10 0.026192026 
278 349 12 15 0.026172142 
697 279 10 13 0.02614087 
567 327 12 16 0.026134413 
952 62 9 11 0.026111312 
607 279 10 12 0.026074408 
266 378 12 15 0.02599622 
847 287 9 11 0.025969457 
302 303 11 14 0.025938634 
293 341 10 13 0.025929214 
196 279 11 14 0.025885323 
845 277 10 12 0.025830515 
832 345 11 15 0.025792655 
250 250 13 17 0.025715314 
278 363 12 14 0.02569869 
940 305 11 14 0.025666228 
210 299 20 26 0.025607845 
407 225 105 116 0.025521003 
904 48 9 9 0.025493853 
874 285 9 12 0.025423871 
759 306 12 15 0.02540492 
933 324 9 12 0.025382904 
183 346 14 17 0.02536321 
727 317 12 15 0.02533654 
487 415 20 24 0.025317937 
816 403 12 15 0.025309455 
909 62 11 14 0.025260443 
326 236 9 12 0.02524462 
663 247 8 11 0.025208306 
349 221 14 17 0.02508616 
183 187 31 34 0.024953196 
348 365 10 13 0.024923444 
894 84 9 13 0.024819922 
197 334 21 26 0.024796257 
641 253 8 11 0.024755841 
597 311 10 13 0.02474041 
468 411 14 17 0.024638446 
907 293 12 13 0.024594575 
959 60 11 13 0.024586154 
965 54 11 13 0.02456813 
701 268 10 12 0.02450433 
568 374 16 19 0.0244587 
307 316 11 15 0.024447154 
302 247 9 10 0.024370236 
12 104 11 14 0.02435403 
260 341 14 18 0.024328526 
461 399 11 14 0.024293227 
265 262 12 14 0.024273947 
664 254 9 11 0.024265606 
916 301 10 13 0.024250122 
426 413 11 14 0.024244944 
258 372 22 25 0.024232257 
211 273 22 25 0.024199506 
952 356 12 16 0.024181554 
990 194 9 13 0.024155403 
476 411 12 15 0.024109839 
448 419 11 14 0.024034565 
18 762 29 37 0.02402753 
648 259 9 12 0.024020655 
981 319 10 13 0.023977978 
469 288 10 12 0.023926111 
256 230 12 15 0.023906449 
130 309 15 18 0.023780998 
815 308 9 13 0.02362221 
621 287 10 13 0.023564424 
391 307 11 15 0.023457974 
902 399 11 12 0.023453254 
919 286 9 12 0.023447748 
533 288 11 11 0.023444572 
418 284 10 12 0.023398753 
969 310 12 14 0.023395903 
1006 305 11 15 0.023379963 
942 280 10 12 0.023378143 
566 303 9 13 0.023360599 
285 348 10 14 0.023351694 
207 317 16 21 0.023346659 
270 359 22 28 0.023311948 
164 267 10 14 0.023186512 
278 369 19 26 0.023172416 
939 294 11 14 0.023152683 
413 340 11 15 0.023079263 
621 293 11 14 0.0230768 
501 454 10 13 0.023073966 
7 102 18 25 0.023050811 
847 292 10 13 0.023008559 
989 298 10 13 0.023004029 
532 349 12 16 0.0229913 
351 278 9 11 0.022952687 
178 329 14 16 0.022908086 
1001 311 11 13 0.022814859 
988 225 14 18 0.022744227 
598 284 11 12 0.02273577 
325 388 11 14 0.022694638 
382 254 8 9 0.022646867 
702 247 9 11 0.022581976 
388 353 12 14 0.02256087 
571 443 15 18 0.022549441 
717 271 10 12 0.022525111 
696 323 11 15 0.022487717 
425 403 13 16 0.022466108 
284 283 14 16 0.022432009 
20 99 21 28 0.022422953 
319 301 12 15 0.02240868 
165 295 18 22 0.022386348 
276 210 14 18 0.022354873 
867 426 12 16 0.022313384 
1011 299 11 16 0.022296859 
625 276 9 11 0.022271302 
680 241 9 11 0.022252526 
834 338 13 16 0.022225019 
307 309 11 15 0.022213839 
960 419 13 19 0.022202276 
764 252 9 11 0.022186937 
640 238 7 9 0.022054067 
412 382 11 13 0.022035984 
460 415 19 24 0.021983003 
347 285 12 14 0.021979142 
845 309 12 14 0.021969287 
437 205 13 15 0.021929873 
23 106 12 16 0.021871226 
828 254 13 15 0.0218662 
605 268 10 12 0.02182478 
202 342 23 27 0.021820871 
518 450 13 16 0.02176409 
951 389 9 13 0.021722922 
434 281 19 23 0.021722505 
256 273 14 16 0.021721056 
839 247 10 12 0.02169896 
509 453 14 15 0.02167363 
178 214 16 22 0.021638578 
413 323 13 17 0.021622825 
778 344 13 17 0.021599265 
431 302 11 14 0.02152772 
346 342 12 16 0.021518376 
180 286 13 16 0.021360368 
755 461 13 16 0.02134212 
888 84 11 13 0.02132828 
507 352 13 19 0.021302668 
264 330 13 16 0.021290729 
1014 382 11 18 0.021262668 
400 416 9 11 0.021237032 
958 350 14 19 0.021219218 
730 401 12 17 0.021164086 
951 299 12 14 0.021159947 
316 370 12 15 0.021157682 
462 289 19 23 0.021129332 
346 218 25 27 0.02110715 
503 331 11 14 0.02110688 
607 264 9 11 0.021075021 
226 295 19 25 0.02102127 
735 237 10 12 0.021012034 
44 378 13 16 0.020997005 
877 281 9 10 0.02093403 
576 300 12 14 0.020886254 
467 434 13 17 0.020885596 
324 404 11 14 0.020864382 
762 276 11 12 0.020847937 
630 246 8 10 0.020839218 
759 247 10 11 0.020837417 
759 252 10 12 0.020779517 
399 382 11 14 0.0207571 
460 436 14 17 0.02073608 
933 287 11 13 0.020690005 
652 521 13 17 0.020652644 
869 67 10 12 0.020638326 
470 359 13 16 0.020622034 
621 317 14 16 0.020614352 
426 414 19 24 0.020528847 
504 459 9 11 0.020441964 
992 499 12 17 0.020427434 
701 253 9 12 0.020420711 
604 421 15 19 0.020383207 
682 302 9 11 0.02037553 
544 259 10 13 0.020368481 
817 301 10 13 0.02035386 
622 254 9 11 0.020338973 
726 338 13 17 0.020267667 
974 404 11 13 0.020212017 
1006 417 16 19 0.020203492 
543 273 17 22 0.02018577 
111 106 13 15 0.020168656 
677 275 11 13 0.020159263 
115 310 36 44 0.020098517 
579 351 12 14 0.020075833 
751 340 10 14 0.020074615 
832 317 12 15 0.020065308 
481 279 12 14 0.020040276 
