0_Parade_marchingband_1_488
143
445 267 22 31 0.97863126 
41 267 20 26 0.9778454 
270 332 14 17 0.93135136 
323 314 14 19 0.8095001 
610 323 13 19 0.6826054 
895 391 9 12 0.49563622 
684 330 11 15 0.36384913 
86 114 13 17 0.333595 
763 372 12 15 0.25374132 
910 383 9 12 0.25148213 
698 383 14 16 0.22390728 
854 364 9 12 0.21254288 
678 327 12 17 0.2093716 
760 367 10 13 0.17324422 
938 376 8 10 0.1724091 
973 390 7 11 0.16868895 
728 360 9 12 0.16258207 
59 120 14 16 0.15198797 
605 319 14 19 0.13636914 
79 267 22 27 0.13112576 
912 386 10 13 0.12834491 
906 383 8 11 0.1042079 
372 344 10 13 0.10369438 
860 213 11 13 0.09770115 
645 350 10 14 0.09324934 
784 395 12 13 0.082753465 
850 365 10 13 0.08195693 
919 421 13 18 0.075991064 
948 407 11 12 0.07330024 
725 338 13 16 0.068730816 
95 70 11 13 0.060955912 
939 380 11 14 0.06067614 
985 406 8 10 0.058023278 
215 124 8 10 0.056918897 
809 383 8 10 0.05503055 
851 357 10 14 0.054720283 
872 405 10 12 0.05339582 
617 322 14 20 0.052218936 
968 406 9 11 0.051817793 
673 329 13 18 0.051228598 
601 320 12 14 0.050476633 
600 327 13 18 0.04914044 
900 388 10 13 0.04738866 
689 330 13 17 0.04607291 
81 115 12 17 0.04582072 
823 402 13 16 0.044705402 
848 370 10 12 0.043196496 
915 383 13 14 0.041635584 
889 396 10 13 0.040957943 
940 385 13 16 0.04078801 
870 378 12 15 0.04044157 
853 369 10 12 0.040098757 
737 326 10 12 0.03872529 
856 207 10 12 0.038531482 
760 122 12 14 0.03783668 
512 352 10 11 0.03703176 
758 387 12 14 0.036887646 
721 364 9 13 0.03607299 
985 401 9 11 0.035767693 
93 367 10 12 0.03431034 
844 396 9 12 0.033871084 
66 120 14 15 0.033830862 
984 414 9 12 0.033274893 
430 275 12 18 0.032934543 
448 195 9 11 0.03227683 
253 290 16 20 0.03210627 
736 388 10 11 0.03179046 
805 398 9 12 0.03178312 
392 302 11 13 0.031605586 
758 373 19 23 0.031085039 
849 200 8 9 0.031037675 
741 384 9 11 0.031017771 
649 1 87 112 0.03060929 
1 243 11 16 0.030317368 
865 380 11 14 0.029949564 
725 369 12 15 0.02967404 
1002 210 21 36 0.02962358 
721 358 8 11 0.029148262 
503 312 11 14 0.02891467 
77 102 10 14 0.0287095 
646 349 22 28 0.028040903 
104 296 15 20 0.028031163 
860 365 8 11 0.02794305 
752 347 10 13 0.027804116 
399 318 22 31 0.027798485 
941 397 12 13 0.02762509 
605 333 15 20 0.027440986 
845 391 8 12 0.027335845 
949 364 9 11 0.027210552 
1013 309 9 15 0.027209163 
307 347 42 44 0.026536549 
756 328 215 191 0.026447706 
75 229 21 28 0.026439127 
398 298 12 14 0.02587897 
983 435 9 12 0.025867227 
807 388 10 11 0.025691811 
764 387 12 13 0.025154123 
899 396 11 13 0.025002712 
122 60 13 18 0.024944013 
969 395 9 12 0.024893116 
944 368 8 9 0.024888797 
837 423 9 11 0.024884379 
639 343 11 15 0.02478729 
836 221 11 13 0.024493255 
907 378 17 22 0.02448969 
753 366 10 14 0.024431614 
463 308 11 13 0.024197238 
757 347 10 12 0.023964673 
326 340 14 16 0.023949781 
734 333 10 13 0.023820937 
86 263 13 16 0.023567617 
911 414 10 12 0.023465913 
425 277 12 18 0.02340012 
730 362 12 14 0.023330443 
876 376 11 12 0.023324875 
989 420 9 11 0.023216445 
639 352 13 17 0.02311298 
837 429 9 12 0.023074793 
54 124 24 27 0.023041312 
591 330 11 16 0.022801192 
685 389 10 13 0.022591328 
854 206 20 24 0.02206012 
849 212 10 12 0.021932513 
890 364 8 11 0.021728296 
969 411 9 11 0.021507228 
428 339 31 32 0.021493921 
494 333 13 16 0.021350078 
59 112 21 25 0.021219699 
688 302 10 12 0.021219108 
863 396 9 12 0.02113536 
855 200 8 10 0.020998014 
68 108 13 17 0.020990295 
720 238 9 10 0.020747507 
766 395 10 12 0.020710051 
772 373 10 13 0.020691218 
71 103 10 13 0.020689817 
757 395 11 13 0.020504666 
677 333 15 21 0.020475253 
329 319 15 19 0.02040472 
833 223 8 11 0.020348325 
657 325 24 30 0.020181047 
742 330 10 13 0.020082342 
719 348 11 14 0.020027075 
