0_Parade_Parade_0_850
196
623 288 29 38 0.999265 
485 296 23 33 0.9959705 
940 282 27 40 0.9888843 
837 293 29 39 0.98637563 
749 304 24 29 0.98131573 
249 315 21 25 0.9705349 
364 310 22 28 0.9676624 
189 318 14 16 0.9562832 
73 318 17 22 0.9428534 
51 325 11 14 0.77420616 
543 334 14 17 0.74687034 
856 333 19 21 0.72081274 
128 318 14 18 0.6465358 
155 316 14 19 0.624745 
34 319 14 19 0.61699444 
994 330 13 17 0.484829 
271 314 13 19 0.34141555 
544 302 9 12 0.3076145 
164 314 14 19 0.178125 
225 322 16 19 0.17298076 
157 310 15 18 0.13688521 
410 271 27 32 0.121509105 
1 316 10 14 0.11803627 
524 363 11 14 0.11493359 
391 329 13 15 0.1130883 
538 303 9 12 0.09211588 
164 309 11 16 0.08559184 
81 316 14 19 0.07929986 
894 157 15 18 0.079266116 
107 339 13 16 0.077474296 
422 333 14 18 0.077265814 
40 311 11 15 0.07525321 
45 309 9 14 0.07404156 
172 320 11 15 0.07400486 
437 277 11 16 0.072990954 
849 301 25 30 0.070021816 
565 294 9 12 0.06857492 
53 342 15 19 0.06840615 
234 312 24 28 0.06797347 
596 296 26 31 0.06748057 
377 238 9 11 0.06119624 
5 326 10 13 0.061192077 
374 297 15 21 0.061151903 
84 308 12 14 0.060912207 
46 318 11 16 0.060536183 
264 299 11 14 0.060155172 
60 324 14 16 0.058477387 
526 350 11 13 0.05592625 
548 273 12 15 0.05495482 
598 300 15 20 0.054742053 
7 331 10 12 0.05458062 
866 336 14 18 0.054470226 
182 285 11 13 0.05374011 
907 311 18 19 0.05305775 
880 155 17 21 0.05093796 
760 310 15 22 0.050497685 
113 283 11 13 0.05017178 
158 302 12 16 0.047333997 
823 295 29 37 0.046697464 
761 256 18 21 0.04551892 
53 293 10 12 0.045275483 
875 324 17 20 0.045247324 
749 263 15 19 0.044658225 
512 330 11 14 0.043484014 
549 347 11 14 0.04304295 
864 322 25 29 0.042642836 
735 303 26 30 0.041963946 
79 311 13 17 0.04150622 
955 234 16 22 0.041233685 
725 334 12 14 0.03818062 
1010 312 14 22 0.037752267 
654 279 24 33 0.037424248 
903 306 29 35 0.037291985 
352 14 12 14 0.035924055 
526 332 10 13 0.035706814 
377 232 9 11 0.03497828 
333 336 23 27 0.03471719 
697 159 10 13 0.03460712 
190 306 19 25 0.034249928 
220 307 22 27 0.03420715 
166 304 10 13 0.03406104 
109 333 13 16 0.033863217 
544 329 22 26 0.03370565 
410 3 15 16 0.033656 
134 341 12 14 0.033474628 
321 223 9 11 0.03347157 
205 331 13 16 0.033390608 
11 354 13 16 0.033249754 
846 337 13 15 0.032875158 
87 313 20 25 0.032827858 
457 336 22 27 0.03279955 
140 252 11 15 0.032530706 
977 148 11 14 0.032345526 
866 303 23 29 0.0323356 
160 285 10 13 0.03225692 
208 322 25 29 0.03224794 
702 159 11 13 0.031995714 
11 299 11 14 0.031995337 
117 280 9 11 0.031989712 
551 158 10 13 0.031947944 
623 238 22 27 0.031809628 
888 562 33 44 0.03169239 
506 422 8 11 0.030882845 
12 341 14 17 0.03086915 
405 327 10 12 0.03041291 
530 410 15 18 0.030114671 
862 273 13 17 0.029895265 
1001 312 19 31 0.029875511 
295 301 11 12 0.029857488 
390 324 20 24 0.029617524 
640 235 24 29 0.029520214 
93 300 11 14 0.029041646 
12 333 13 15 0.028965693 
158 294 10 13 0.028464515 
542 345 13 17 0.02841295 
131 313 12 16 0.028272767 
358 315 19 21 0.02819977 
219 328 27 31 0.028104352 
405 349 10 12 0.027913526 
45 290 13 16 0.027745195 
428 327 11 15 0.027521549 
39 289 12 16 0.02751467 
228 338 14 18 0.02745367 
204 297 14 19 0.027052052 
79 300 14 16 0.026831273 
661 288 15 20 0.026666284 
912 294 25 31 0.02660365 
824 142 9 11 0.026420962 
722 333 26 34 0.02641899 
1014 341 9 15 0.026351966 
92 307 12 16 0.026333546 
376 243 10 12 0.026198063 
412 276 17 20 0.026176857 
20 347 13 15 0.026064148 
698 358 25 33 0.02560873 
798 340 12 15 0.025353655 
59 344 15 18 0.025041524 
352 270 11 14 0.02500734 
381 231 9 11 0.024615642 
378 320 14 20 0.024585264 
637 193 12 15 0.024250574 
43 278 11 14 0.024218967 
533 356 12 15 0.023992283 
198 293 12 16 0.023854882 
753 257 19 26 0.023779027 
468 334 13 16 0.023694823 
194 294 21 27 0.023632975 
334 325 13 15 0.023557525 
537 339 12 15 0.023552174 
564 299 12 14 0.023494229 
460 314 15 18 0.023453627 
157 252 9 11 0.023439791 
518 331 11 13 0.023339018 
95 202 108 131 0.023325428 
260 274 17 19 0.023064744 
99 309 12 14 0.02306278 
636 279 24 38 0.023029549 
325 224 9 11 0.022965528 
112 325 10 13 0.022881031 
876 335 14 17 0.022676095 
275 187 10 15 0.02264206 
693 260 16 18 0.022387944 
301 349 11 13 0.022121588 
580 300 10 14 0.022081634 
120 382 10 13 0.022072652 
435 329 14 18 0.021971121 
881 330 14 18 0.021968797 
770 333 14 17 0.02195525 
338 333 14 16 0.02193927 
709 163 10 12 0.021815656 
98 316 14 16 0.021783737 
3 309 13 16 0.021753846 
340 324 13 16 0.02168918 
567 305 13 16 0.021671997 
141 275 11 14 0.021473102 
284 395 11 15 0.021400262 
668 263 14 17 0.021397166 
926 294 15 22 0.021296568 
124 299 12 15 0.021288117 
235 346 16 21 0.021150421 
730 311 39 47 0.021140581 
29 365 9 12 0.02107874 
22 355 11 14 0.020990465 
533 348 11 15 0.020774765 
678 334 10 13 0.020771522 
285 312 15 19 0.020740366 
847 279 25 39 0.020729577 
135 271 12 15 0.020681392 
348 363 12 16 0.020563213 
190 300 13 16 0.02046194 
542 356 10 13 0.020414975 
151 301 13 15 0.020401394 
78 297 21 27 0.020380044 
67 345 14 17 0.020308385 
100 301 10 13 0.020201776 
326 325 11 14 0.020157926 
