0_Parade_Parade_0_465
55
513 122 101 125 0.99985766 
409 113 93 125 0.99965227 
1004 122 16 21 0.9583448 
106 86 21 32 0.95071185 
946 119 15 20 0.8832775 
903 101 12 13 0.41984105 
501 233 345 487 0.2018122 
678 84 12 17 0.16662517 
914 130 16 21 0.13220511 
76 97 24 30 0.10256456 
931 133 12 15 0.10152818 
925 132 13 20 0.09812113 
341 196 388 472 0.07869241 
877 77 10 12 0.074786834 
1004 143 15 20 0.06891511 
846 75 11 15 0.06755982 
863 116 15 19 0.06160721 
444 382 22 23 0.06000863 
910 126 13 18 0.049528714 
928 101 10 12 0.046936512 
848 138 17 21 0.046456028 
853 101 13 16 0.04641046 
894 99 13 16 0.045506477 
888 99 12 15 0.04139981 
1009 69 8 11 0.040000092 
899 97 20 22 0.036963157 
889 143 11 14 0.036523983 
896 107 13 15 0.035507213 
902 123 13 16 0.034660116 
847 107 12 16 0.032775834 
892 108 23 28 0.032673858 
901 111 23 28 0.030676594 
92 86 27 33 0.029161755 
269 91 61 52 0.028489448 
84 92 40 43 0.028456815 
87 435 29 43 0.02733737 
895 110 38 49 0.026174879 
906 106 13 16 0.02586625 
989 93 10 11 0.024992432 
933 94 10 12 0.024975883 
852 123 26 33 0.024568906 
-1 74 21 35 0.02427485 
715 136 22 31 0.024260094 
933 119 21 27 0.02359445 
867 112 24 33 0.02300463 
713 223 11 14 0.022922385 
766 214 8 11 0.022871163 
860 109 14 18 0.021991719 
692 157 27 43 0.02180415 
724 104 13 19 0.021695152 
717 96 22 30 0.021509426 
893 122 15 18 0.02090236 
910 115 24 30 0.02031184 
671 90 12 15 0.020171748 
895 113 14 18 0.020028789 
