0_Parade_Parade_0_664
650
938 335 26 32 0.9890828 
465 340 23 29 0.97368616 
619 339 19 28 0.9664883 
211 314 22 27 0.9609755 
413 334 16 24 0.9558603 
658 320 16 23 0.9470436 
843 325 17 22 0.94435793 
490 325 18 23 0.92844695 
124 324 21 25 0.92531836 
17 338 32 38 0.912557 
361 323 16 21 0.88816047 
515 313 13 17 0.8871235 
196 294 12 15 0.87351227 
581 329 15 20 0.839839 
60 310 16 20 0.7619992 
424 309 9 13 0.7360589 
37 309 14 18 0.70149213 
534 309 12 16 0.6896699 
108 301 14 17 0.67579347 
312 284 10 14 0.5940631 
576 309 10 13 0.5439608 
487 302 14 18 0.5302709 
863 341 11 14 0.4973304 
127 277 10 12 0.47700468 
810 348 16 22 0.4492088 
784 328 10 12 0.42934388 
46 271 7 10 0.4230863 
71 286 9 11 0.42184728 
892 319 10 13 0.41867143 
89 288 9 11 0.4035662 
675 315 11 15 0.3887145 
554 294 8 11 0.3754908 
658 301 9 11 0.37174883 
977 347 15 18 0.35058528 
464 300 12 17 0.3434152 
355 301 14 18 0.33092892 
231 296 9 12 0.30998784 
60 302 11 13 0.2974712 
980 307 10 12 0.2962441 
697 303 10 12 0.29505676 
342 308 10 14 0.29054537 
40 287 9 10 0.28765082 
120 277 8 11 0.27341232 
518 329 14 18 0.2609306 
42 271 7 10 0.24953596 
178 354 14 18 0.24584505 
956 311 10 13 0.23926443 
259 311 15 21 0.22968954 
329 288 11 15 0.22657391 
111 270 8 11 0.22550881 
133 303 10 13 0.22383606 
437 300 11 14 0.21611294 
391 296 9 12 0.21379973 
547 352 18 21 0.21222095 
114 305 13 15 0.21177642 
271 280 8 10 0.20830797 
534 303 10 13 0.2073902 
269 307 12 18 0.20671263 
575 303 9 12 0.20271032 
895 310 9 11 0.19840913 
381 293 9 12 0.19680063 
777 287 7 10 0.19328262 
921 308 9 11 0.1923112 
739 332 14 17 0.191991 
158 306 11 14 0.18940498 
1000 303 9 11 0.18487446 
793 287 7 9 0.1832147 
345 357 19 22 0.18286048 
153 301 11 14 0.1754614 
381 286 9 11 0.17012106 
247 309 13 18 0.17008469 
412 287 11 12 0.16835411 
166 326 12 15 0.1662563 
469 279 8 11 0.16618727 
872 327 9 12 0.1612557 
863 302 8 10 0.1592709 
620 288 9 11 0.15788288 
935 295 8 10 0.15347315 
212 296 8 11 0.15294689 
634 311 9 12 0.1522774 
680 301 10 12 0.15069987 
638 314 10 14 0.15052171 
577 281 7 9 0.14675084 
977 318 10 13 0.14658532 
333 271 9 11 0.14534192 
373 302 10 13 0.14384834 
259 357 27 27 0.14304544 
761 321 9 11 0.14049003 
368 302 10 14 0.13897747 
286 302 12 17 0.13566308 
824 295 8 10 0.13471489 
207 296 10 13 0.1338068 
745 302 9 11 0.13265948 
503 286 7 10 0.13114165 
335 276 9 11 0.12981132 
181 288 8 11 0.12846828 
943 302 9 11 0.12798375 
842 295 8 9 0.1277798 
1013 317 9 14 0.12698963 
897 304 7 10 0.1269649 
104 332 13 17 0.124459535 
503 279 7 9 0.12432108 
440 280 7 10 0.12401949 
438 307 11 14 0.123217426 
407 288 12 14 0.119026355 
943 309 9 12 0.11876166 
503 301 9 12 0.11785605 
291 304 14 22 0.11666072 
617 291 9 12 0.11315715 
248 304 12 13 0.11112244 
368 279 8 10 0.110836655 
979 323 11 13 0.109650925 
901 302 9 10 0.10903956 
576 285 7 10 0.10895528 
128 305 12 14 0.10851319 
371 272 8 10 0.107849516 
207 315 15 20 0.10739199 
925 304 10 11 0.10720952 
252 308 15 21 0.107170634 
39 277 8 11 0.10639617 
831 332 13 17 0.10486149 
552 278 6 9 0.10474326 
777 292 8 10 0.10393189 
273 300 20 26 0.103621446 
515 321 15 20 0.10258179 
503 296 8 10 0.10087014 
316 280 10 12 0.100740634 
858 303 8 10 0.10031778 
774 304 8 11 0.0970746 
593 280 8 10 0.0965324 
281 268 9 11 0.09627383 
383 279 9 10 0.096023895 
320 308 11 15 0.09426249 
896 340 11 14 0.09394076 
374 272 8 9 0.09372103 
33 345 18 24 0.093346834 
686 288 8 10 0.09295524 
528 302 8 11 0.09233742 
468 284 9 12 0.09094257 
285 270 8 10 0.09041773 
822 300 8 10 0.08950852 
857 308 8 10 0.08859997 
61 295 9 12 0.088586114 
685 294 8 11 0.086888686 
22 309 10 13 0.08606167 
452 268 11 15 0.08542624 
401 280 8 9 0.08429143 
449 263 9 11 0.08384803 
384 317 10 14 0.08340621 
598 319 12 16 0.08302587 
606 295 8 11 0.082837366 
71 280 10 11 0.082312755 
649 287 7 10 0.081897855 
139 324 14 17 0.08152786 
357 296 10 12 0.08139394 
559 318 8 11 0.0808961 
255 277 9 11 0.08010777 
663 316 17 23 0.07970891 
789 315 10 12 0.07874822 
67 322 15 19 0.078490496 
497 278 8 10 0.077999584 
784 319 10 12 0.07792402 
845 320 12 14 0.07765715 
912 295 7 9 0.07746373 
709 333 10 13 0.0773777 
726 295 8 11 0.077227876 
699 318 11 14 0.07688626 
382 271 8 8 0.07554599 
55 255 7 9 0.07543675 
936 316 11 14 0.07536888 
995 340 12 15 0.07444286 
709 288 7 9 0.07437441 
888 301 8 11 0.07418371 
241 314 11 17 0.0741822 
30 302 12 14 0.07392727 
0 327 9 13 0.07388171 
700 324 12 15 0.073852405 
869 303 8 10 0.07330648 
597 279 9 10 0.07296555 
14 286 7 9 0.07287613 
936 300 9 11 0.07262383 
633 280 7 9 0.072579935 
537 313 13 16 0.072527505 
287 276 9 12 0.07244499 
862 308 8 11 0.07150238 
569 296 8 11 0.070888005 
601 296 9 10 0.07063327 
942 296 8 10 0.069336295 
1 263 8 11 0.06926377 
337 314 11 15 0.069188386 
703 329 12 16 0.06859008 
840 301 8 10 0.06821689 
847 288 7 9 0.067567505 
177 291 11 14 0.06732045 
633 284 8 10 0.067300215 
79 307 9 12 0.067004405 
634 302 7 10 0.06680945 
570 301 9 11 0.06666191 
918 344 14 17 0.066596575 
793 292 8 11 0.065723814 
64 280 8 10 0.065376855 
57 279 7 10 0.065136515 
377 288 8 11 0.06493552 
862 297 7 9 0.06492632 
599 286 9 10 0.064781114 
380 299 11 14 0.06451236 
552 288 8 10 0.06440186 
351 271 8 10 0.06424572 
64 285 9 13 0.06387735 
930 295 8 10 0.06369247 
768 304 9 11 0.06354101 
131 278 9 12 0.06333301 
368 284 8 11 0.06285157 
1010 324 10 14 0.062165987 
1005 295 8 10 0.0615333 
113 275 9 12 0.061498333 
486 296 9 11 0.06136929 
767 352 13 17 0.061210375 
574 296 8 9 0.060681686 
552 298 10 14 0.06039057 
873 293 8 10 0.060177438 
745 297 7 9 0.059853382 
1005 302 9 11 0.059824593 
8 279 8 10 0.059779864 
591 297 8 9 0.05957545 
105 278 8 11 0.059494585 
284 264 8 10 0.05936562 
882 358 17 19 0.058995657 
349 328 15 18 0.058915067 
818 302 9 10 0.058780488 
80 271 8 10 0.058267504 
527 297 8 10 0.05826282 
153 296 9 12 0.058233097 
904 286 8 10 0.05754054 
1011 338 11 16 0.057453554 
878 293 8 10 0.057112753 
41 346 16 21 0.056385845 
858 296 8 10 0.05625873 
758 302 9 12 0.056177534 
880 288 7 9 0.056086533 
481 272 7 9 0.055866834 
58 286 8 10 0.055639777 
644 311 9 12 0.05558915 
405 280 9 12 0.055550802 
582 280 8 9 0.055300407 
590 301 8 11 0.05501283 
554 349 12 16 0.054784913 
23 316 11 15 0.054653525 
430 322 11 16 0.053866398 
133 284 9 11 0.053241964 
467 294 10 14 0.05319124 
342 333 10 13 0.052752063 
877 328 9 11 0.05274415 
226 295 9 11 0.052682694 
521 303 9 12 0.052557494 
581 303 10 11 0.05222969 
249 276 9 11 0.052085243 
330 265 8 11 0.051825806 
662 297 9 12 0.051609095 
895 332 13 16 0.051594984 
522 313 14 18 0.05158853 
269 263 8 10 0.050970312 
887 297 8 9 0.050878584 
308 332 12 17 0.050699208 
13 279 8 10 0.0506988 
560 279 7 8 0.050674926 
221 277 8 11 0.050480444 
8 296 9 12 0.05048022 
878 333 9 11 0.050219864 
685 302 9 10 0.04983214 
900 325 11 12 0.049672913 
978 332 13 16 0.04937117 
735 288 7 9 0.049189705 
75 320 14 20 0.049046643 
753 288 6 9 0.048621796 
536 285 8 10 0.048561312 
422 277 8 9 0.048434835 
609 273 7 9 0.04836681 
0 284 9 12 0.048330866 
402 283 10 14 0.04821006 
78 278 8 10 0.04816987 
262 284 10 11 0.047968276 
966 331 12 15 0.047963157 
22 332 17 17 0.04785775 
694 280 6 9 0.04777679 
934 288 9 11 0.047512893 
671 296 7 9 0.046861432 
615 278 7 9 0.046804268 
537 280 7 9 0.046725962 
481 295 9 11 0.04667054 
455 340 16 23 0.046429235 
220 343 13 15 0.046385314 
591 310 9 11 0.045869384 
580 315 11 13 0.045777295 
407 331 16 23 0.045112405 
751 295 7 10 0.044979837 
520 295 9 11 0.044678226 
381 265 9 10 0.04460106 
24 302 11 13 0.04455023 
382 310 10 13 0.044285875 
758 296 7 9 0.044190764 
569 279 7 9 0.043733533 
728 287 7 8 0.04368905 
644 316 11 15 0.04364506 
341 321 12 18 0.043521143 
545 279 6 8 0.043454666 
653 287 8 9 0.04345029 
743 287 7 9 0.0432698 
965 303 9 11 0.04225466 
552 274 7 9 0.042122032 
782 293 7 10 0.042045932 
417 304 10 13 0.041961238 
829 295 8 9 0.041790072 
92 292 9 12 0.041745964 
6 263 7 10 0.041739233 
375 278 8 10 0.041652855 
428 314 11 16 0.041626517 
602 353 16 20 0.04139497 
353 277 8 10 0.041148823 
413 328 14 19 0.041089844 
31 295 9 12 0.040985264 
584 297 8 10 0.04075105 
590 316 11 15 0.04074149 
807 342 14 17 0.04063646 
874 270 7 10 0.040366165 
103 284 9 13 0.040207952 
964 309 10 12 0.040187407 
303 279 8 11 0.039927904 
25 263 7 10 0.03989609 
80 248 8 11 0.039879672 
909 288 8 10 0.039854046 
912 332 13 16 0.03978651 
255 249 7 9 0.03965796 
871 245 7 9 0.03936917 
421 324 12 18 0.039177347 
582 285 7 9 0.038825497 
108 311 14 18 0.03873582 
433 302 10 13 0.03825853 
197 356 15 19 0.038256507 
221 271 8 11 0.038255014 
340 305 20 27 0.038184904 
434 296 10 12 0.038137697 
352 318 20 27 0.038124006 
567 316 10 13 0.037748907 
751 306 9 12 0.037697192 
398 293 10 13 0.03761044 
238 264 8 10 0.03756341 
54 272 7 9 0.03751474 
481 300 11 15 0.037405495 
256 282 11 14 0.037352137 
118 272 9 11 0.03733374 
540 301 10 12 0.037300408 
776 282 7 9 0.037267204 
370 328 11 16 0.037213385 
683 316 9 14 0.03717083 
278 286 9 12 0.03697068 
542 296 8 10 0.03672943 
340 278 8 11 0.03669395 
1007 308 11 13 0.03667297 
329 275 10 13 0.03666124 
108 324 13 19 0.03665893 
511 294 8 11 0.03642521 
106 263 7 10 0.036423713 
24 270 7 8 0.036344625 
483 328 19 27 0.03630102 
929 287 9 10 0.036282875 
1002 288 7 10 0.03622089 
854 316 10 14 0.03622019 
919 270 9 11 0.036195695 
359 287 8 11 0.03618515 
92 314 13 18 0.0359338 
296 278 9 11 0.035852645 
782 288 7 9 0.035801984 
8 284 8 11 0.03561347 
576 262 9 10 0.035549656 
950 304 10 12 0.035548206 
271 270 7 10 0.035514005 
254 254 8 10 0.03546729 
498 285 9 11 0.03538629 
137 232 7 9 0.035242327 
34 271 7 9 0.035199817 
223 319 15 20 0.03516319 
15 256 7 9 0.03512082 
840 288 9 11 0.03501166 
97 356 17 18 0.034714848 
48 264 7 9 0.03470102 
44 288 9 11 0.034683447 
728 281 7 8 0.03448077 
571 309 9 12 0.034480367 
105 294 10 14 0.03439083 
836 360 16 18 0.034388766 
41 265 7 9 0.03435176 
886 281 7 8 0.03433208 
527 279 8 9 0.034289464 
734 294 8 10 0.034277532 
264 268 8 11 0.03417855 
399 272 8 10 0.03397519 
749 325 11 14 0.033950258 
992 303 9 11 0.033930447 
648 293 8 11 0.03386924 
279 294 10 13 0.03368447 
880 340 11 13 0.033511505 
793 282 7 9 0.033490043 
662 311 11 15 0.033433244 
391 279 8 10 0.033369664 
396 301 10 13 0.033285156 
497 295 8 11 0.03321534 
443 306 12 17 0.03289806 
558 311 9 11 0.03288231 
632 296 9 11 0.03270528 
248 272 9 11 0.032442447 
296 285 9 11 0.032438308 
387 315 13 17 0.032423124 
616 299 10 12 0.032199454 
575 327 12 17 0.032133304 
633 352 17 21 0.031900946 
607 288 8 11 0.03189056 
937 311 9 12 0.03187113 
433 279 8 10 0.031811237 
487 288 8 10 0.031679284 
7 270 8 10 0.031615425 
31 255 8 10 0.03159368 
86 299 12 15 0.03145978 
544 272 7 9 0.031428583 
709 292 8 11 0.03142687 
300 300 12 16 0.03136653 
159 311 12 17 0.031155214 
784 311 9 11 0.031037312 
29 230 8 11 0.030955156 
405 281 19 24 0.030913215 
528 286 8 10 0.030894438 
32 313 15 17 0.030787399 
823 288 7 9 0.030771649 
899 309 10 12 0.030703377 
886 332 11 13 0.030634401 
30 263 8 10 0.030504592 
51 256 7 9 0.030474821 
889 315 17 22 0.030451514 
272 294 10 13 0.03037019 
690 280 7 8 0.03024445 
311 279 17 22 0.03022409 
294 294 11 14 0.030107187 
672 288 7 9 0.029948626 
417 278 8 11 0.029909195 
16 309 11 13 0.029712917 
597 310 10 12 0.02969155 
25 230 8 11 0.029637348 
40 248 8 9 0.029560128 
622 301 8 10 0.02954166 
192 288 10 12 0.029453881 
64 272 8 9 0.029424433 
903 296 8 10 0.029244605 
157 297 9 11 0.029238923 
452 291 12 17 0.029212838 
951 295 8 10 0.029128116 
63 329 15 17 0.029020336 
335 300 13 16 0.028913438 
823 279 6 9 0.028826583 
236 300 11 14 0.028630417 
86 265 7 9 0.028618505 
69 301 11 14 0.028551135 
305 284 10 12 0.028468117 
744 317 11 13 0.02841432 
201 315 11 16 0.028321827 
502 307 11 14 0.028301233 
115 294 13 15 0.028292371 
259 301 21 26 0.028107138 
118 281 12 14 0.028004587 
317 288 12 16 0.027951485 
675 341 11 15 0.027928699 
143 278 9 11 0.027832288 
861 335 12 15 0.027814653 
911 327 11 13 0.027774118 
523 278 7 9 0.027756672 
164 301 10 13 0.027507404 
733 346 16 19 0.027426967 
187 354 15 19 0.027370676 
965 354 15 18 0.027328538 
13 317 11 14 0.027256457 
694 319 18 25 0.027169218 
877 269 9 10 0.027168406 
899 319 10 13 0.027146678 
904 281 7 9 0.027121048 
420 286 9 12 0.027001023 
13 237 9 12 0.026967797 
420 305 18 22 0.026859708 
758 307 10 12 0.026833083 
649 324 11 16 0.02680919 
245 314 15 24 0.026759245 
443 271 8 10 0.026753323 
233 261 8 10 0.026517916 
28 324 15 17 0.026417876 
337 338 16 19 0.026395703 
5 357 13 17 0.026341632 
1006 289 7 9 0.02629078 
695 297 9 11 0.026243497 
767 334 9 13 0.026159275 
792 301 8 10 0.026125466 
536 297 9 11 0.026000692 
743 282 6 8 0.025982482 
168 330 15 17 0.025882112 
383 332 10 15 0.02576731 
222 286 8 12 0.025500456 
374 287 19 24 0.025411326 
613 273 8 10 0.025328886 
850 248 7 9 0.025202425 
81 265 8 10 0.02518089 
277 278 9 11 0.025087427 
497 272 7 9 0.02504872 
479 287 8 10 0.0250421 
361 299 17 23 0.025016598 
25 255 8 10 0.024934718 
781 327 19 22 0.024810068 
813 315 10 14 0.024795365 
724 356 15 17 0.024742398 
797 287 6 9 0.024648039 
991 295 7 9 0.02462643 
593 328 14 20 0.024596311 
164 317 13 16 0.024591634 
704 294 9 11 0.02456653 
232 256 7 9 0.024395231 
436 315 11 16 0.02438169 
640 214 213 207 0.02418722 
434 285 9 12 0.024172686 
455 295 18 25 0.024082594 
180 342 14 17 0.023987792 
903 270 7 10 0.02390724 
34 285 9 12 0.023850378 
828 356 17 18 0.02382559 
85 282 19 23 0.02373414 
510 328 14 20 0.023693996 
639 294 8 10 0.023656685 
511 288 7 9 0.023639586 
146 325 11 14 0.023614604 
36 317 14 19 0.023610482 
359 280 8 10 0.023606183 
638 286 8 10 0.02360521 
574 305 18 23 0.023533678 
389 308 12 17 0.023509081 
343 271 8 11 0.023487985 
47 241 7 9 0.023447737 
866 346 13 15 0.023438677 
417 273 9 10 0.023374302 
223 264 7 10 0.023329021 
913 301 8 10 0.0233173 
808 333 10 12 0.023298467 
253 294 11 13 0.023255872 
285 294 12 14 0.023207562 
958 294 8 10 0.023187678 
74 247 7 10 0.0231624 
822 341 11 15 0.02307614 
39 253 7 10 0.023017226 
237 287 9 12 0.023015168 
81 224 7 9 0.02301371 
816 288 7 8 0.02300883 
810 288 6 8 0.022869777 
175 298 10 14 0.022836888 
737 301 9 10 0.022833686 
984 295 8 10 0.022816539 
656 307 12 14 0.022754572 
255 262 9 10 0.02269322 
958 320 13 16 0.02269246 
41 264 19 25 0.022688461 
797 331 11 14 0.022680912 
105 330 20 27 0.022613987 
13 294 9 12 0.022589276 
406 326 13 18 0.022563852 
372 317 12 17 0.022516934 
446 263 19 24 0.022459315 
736 281 7 8 0.02243716 
392 272 7 9 0.022363197 
14 224 8 10 0.022269387 
638 280 7 9 0.022216043 
15 229 9 11 0.02216877 
302 292 11 15 0.02214195 
798 316 9 12 0.022121405 
110 265 8 10 0.022117013 
521 271 7 9 0.022089513 
240 269 8 10 0.022084715 
809 294 7 10 0.02203923 
520 288 7 9 0.021972928 
415 313 14 17 0.021923695 
479 276 7 10 0.021914225 
950 304 18 23 0.021907654 
772 340 11 15 0.021879103 
142 269 9 12 0.021879017 
123 272 19 23 0.021779135 
885 340 12 14 0.021770675 
77 292 10 12 0.02175204 
325 298 12 16 0.021746503 
898 286 8 9 0.02165325 
96 255 8 10 0.021641606 
57 249 7 8 0.021600908 
797 294 8 10 0.021591874 
896 297 9 10 0.021589497 
15 272 7 10 0.021541275 
471 330 24 32 0.02153357 
550 288 19 24 0.021532625 
775 333 11 13 0.02150036 
8 257 8 9 0.021492125 
301 271 9 11 0.02139478 
685 324 10 14 0.021359814 
870 308 8 11 0.0213237 
503 272 7 9 0.021313803 
823 309 9 12 0.021300105 
139 308 12 15 0.021225143 
25 248 7 10 0.021210672 
862 317 9 12 0.021195197 
976 299 18 22 0.021185286 
948 323 14 17 0.021161752 
1013 304 9 13 0.021131553 
871 320 9 11 0.021120116 
919 296 7 10 0.020963548 
312 261 9 11 0.020953955 
528 271 7 9 0.02086535 
975 296 9 10 0.020831322 
688 272 7 9 0.020824783 
337 344 22 25 0.020806132 
93 322 15 20 0.020783043 
817 295 8 10 0.020776395 
917 303 20 24 0.02075284 
822 270 8 10 0.020742686 
649 280 7 9 0.020739224 
615 317 11 14 0.020735508 
552 308 10 12 0.020712422 
325 312 14 18 0.020686833 
14 244 8 10 0.020681622 
87 315 11 17 0.02066281 
798 347 14 18 0.020606386 
879 309 10 13 0.020604432 
486 272 7 8 0.020596337 
984 288 7 9 0.020496137 
991 336 12 15 0.020455325 
368 294 11 14 0.020451028 
368 296 18 24 0.020445546 
72 272 8 11 0.020419672 
959 304 10 13 0.020412765 
720 279 7 9 0.02035808 
559 273 7 9 0.020355303 
671 301 9 11 0.020337522 
890 357 15 17 0.020303622 
512 262 8 10 0.02029227 
446 277 9 12 0.020228146 
750 318 9 12 0.020215355 
454 257 8 10 0.02019618 
798 326 10 13 0.020183396 
890 310 9 12 0.020130215 
758 288 7 9 0.020079922 
830 316 10 13 0.020015964 
596 314 21 27 0.020009061 
