0_Parade_Parade_0_317
427
308 78 14 18 0.9670854 
245 88 16 19 0.9333749 
605 106 16 19 0.9152492 
381 84 13 16 0.8967311 
223 98 13 17 0.8889619 
302 102 13 15 0.84355986 
331 75 13 16 0.8189297 
451 342 76 65 0.71421176 
540 94 14 18 0.71254015 
566 85 13 15 0.69997746 
103 69 13 15 0.67735577 
430 86 13 15 0.65564334 
566 125 14 17 0.6199343 
271 71 11 14 0.6002179 
836 71 14 18 0.5938054 
999 82 22 29 0.59373075 
486 93 13 15 0.5750054 
308 343 44 48 0.5538818 
178 103 13 16 0.54699624 
697 100 13 16 0.5384282 
389 119 13 18 0.5255463 
784 101 11 14 0.5225155 
903 89 15 18 0.48508736 
171 198 24 29 0.48498437 
159 92 14 16 0.47137156 
852 90 12 15 0.47070104 
542 78 13 15 0.46292922 
869 92 14 16 0.45389345 
947 91 14 18 0.43389267 
123 76 21 26 0.43061286 
355 120 14 17 0.423923 
658 75 12 16 0.40943503 
838 120 12 15 0.35991842 
642 77 13 16 0.3519738 
276 100 12 16 0.3431631 
743 115 11 14 0.33580285 
574 67 13 15 0.3268634 
644 131 16 19 0.31580546 
522 105 13 16 0.31096208 
653 102 13 16 0.2897797 
759 127 9 11 0.27901176 
624 84 14 17 0.26799855 
819 102 13 15 0.25361672 
491 69 11 12 0.25223497 
927 74 15 17 0.22835527 
32 96 12 15 0.22638159 
390 322 13 15 0.22361924 
182 68 14 16 0.22056021 
7 74 14 18 0.21900652 
708 116 14 16 0.2168075 
201 107 12 16 0.2150625 
685 81 15 17 0.20761293 
799 111 10 12 0.20545262 
279 94 12 16 0.2047262 
479 87 11 14 0.20225683 
660 155 16 18 0.20198752 
452 73 13 16 0.20088388 
771 85 13 16 0.1990944 
837 98 11 15 0.19831705 
406 345 136 94 0.19643301 
413 73 14 15 0.1948557 
263 106 11 14 0.18891925 
510 91 13 16 0.18873316 
742 76 11 13 0.18003064 
641 108 13 16 0.17831029 
808 90 13 18 0.17479701 
659 107 12 15 0.16975932 
76 71 11 14 0.15645573 
261 90 11 16 0.14606126 
815 99 12 15 0.14375842 
410 91 12 15 0.14175291 
271 104 12 14 0.14068656 
792 76 11 13 0.13084139 
349 84 11 14 0.12903462 
352 100 12 15 0.12709877 
294 93 11 15 0.11699923 
854 70 11 13 0.11675927 
607 69 13 15 0.11495577 
549 71 11 13 0.11218867 
384 103 13 16 0.11160187 
930 83 17 21 0.111499675 
445 94 11 14 0.10783697 
128 88 16 18 0.10642289 
236 69 10 12 0.1033657 
430 66 13 15 0.10207279 
347 64 13 16 0.10071517 
231 78 13 16 0.098017 
639 70 11 13 0.09800842 
502 88 11 16 0.09633928 
908 70 11 12 0.096302666 
547 98 14 17 0.09465179 
743 100 12 15 0.09281219 
50 90 16 19 0.09223991 
446 117 12 17 0.090400614 
831 93 13 16 0.090368554 
894 84 15 18 0.089785405 
647 101 13 16 0.08868285 
296 98 12 16 0.08834485 
794 100 11 13 0.08718475 
612 130 14 17 0.08660407 
187 74 13 16 0.08574433 
606 131 13 16 0.085480355 
853 76 13 16 0.085307114 
491 85 17 19 0.08469403 
297 157 11 13 0.084546536 
811 86 13 16 0.084150955 
197 81 14 18 0.08064587 
898 75 16 19 0.08054567 
863 91 13 17 0.07967945 
351 91 13 16 0.07790326 
859 203 45 54 0.077193625 
969 89 16 20 0.076018564 
781 94 12 17 0.07544055 
288 70 11 13 0.074847706 
386 108 15 19 0.07483538 
371 66 12 14 0.0742047 
700 93 14 18 0.073906355 
567 73 19 23 0.071839 
95 91 11 14 0.07154187 
302 126 11 14 0.070854194 
284 97 14 17 0.070779964 
490 75 15 16 0.0705966 
775 110 9 12 0.07041754 
921 102 16 21 0.07039527 
700 85 12 14 0.07017084 
436 91 12 14 0.069083795 
470 70 12 14 0.06900114 
604 185 14 16 0.06843021 
515 85 12 14 0.06832215 
788 94 15 17 0.06825068 
719 77 13 15 0.06501508 
702 113 15 18 0.064608574 
347 78 13 14 0.0630618 
757 73 13 16 0.062958576 
164 88 13 16 0.06282645 
341 77 12 16 0.062086422 
791 83 11 13 0.0618965 
97 69 12 14 0.06189459 
959 107 14 17 0.0617671 
55 67 12 15 0.061647 
452 98 13 16 0.061024304 
430 79 13 16 0.06059217 
2 107 13 17 0.060282137 
112 101 10 14 0.060082987 
507 123 11 14 0.058617413 
316 71 11 14 0.058473058 
104 69 21 26 0.058438074 
589 91 16 18 0.058312513 
406 87 13 16 0.05764971 
141 116 16 20 0.056815933 
855 186 24 35 0.056198575 
239 82 17 22 0.0560686 
924 80 16 20 0.05599179 
455 83 12 14 0.055685908 
355 109 12 16 0.05490952 
589 77 11 14 0.054571114 
487 65 11 13 0.05391141 
613 82 14 17 0.053150285 
267 69 9 12 0.05311872 
13 90 11 16 0.053007185 
888 89 12 16 0.05300527 
512 141 11 13 0.052739404 
607 138 13 15 0.052699022 
147 155 11 14 0.052421708 
833 121 12 17 0.051962137 
899 210 15 20 0.0519248 
622 70 12 14 0.051867273 
797 93 13 16 0.051760774 
620 130 13 17 0.051456876 
911 87 21 26 0.05122969 
860 69 10 12 0.05104584 
397 152 13 15 0.0504377 
237 119 11 14 0.050413523 
172 93 13 16 0.04948026 
806 70 10 11 0.049392954 
414 101 11 15 0.04915835 
419 69 13 15 0.04902876 
735 75 13 15 0.048760638 
446 86 10 14 0.04756135 
858 85 13 17 0.04724699 
611 76 13 15 0.047219574 
481 116 11 14 0.046956737 
939 86 16 21 0.046809427 
860 78 11 14 0.04665105 
791 250 12 14 0.046643104 
568 69 13 15 0.046284955 
925 90 21 27 0.045442384 
901 70 13 15 0.045197673 
2 117 13 16 0.045005754 
638 136 16 17 0.044897433 
622 76 16 18 0.04464441 
789 105 12 13 0.044480514 
863 155 13 15 0.04422045 
212 161 13 16 0.043839894 
703 71 11 12 0.04361829 
802 115 13 14 0.043438286 
737 109 13 15 0.04281898 
768 109 11 13 0.041820705 
393 115 13 18 0.041449577 
171 85 12 14 0.04123887 
115 69 24 27 0.040817946 
192 127 10 13 0.04064947 
172 211 18 22 0.04029353 
225 81 19 22 0.03987724 
906 74 14 18 0.039865777 
629 68 12 14 0.039697204 
723 82 14 16 0.039679356 
798 70 9 11 0.039625175 
956 99 14 15 0.039568927 
687 71 13 15 0.039559755 
752 125 10 12 0.039391827 
340 107 13 17 0.039309107 
389 137 13 16 0.03930428 
598 126 13 17 0.039282642 
569 64 21 24 0.038902916 
419 101 11 14 0.03816098 
338 129 14 17 0.038015597 
693 71 12 14 0.037987825 
477 68 12 14 0.037759423 
670 77 11 14 0.037561286 
1011 78 11 17 0.03752063 
917 86 13 16 0.0372217 
677 84 14 17 0.037179254 
519 77 11 14 0.037031706 
683 88 15 17 0.036828604 
15 98 11 16 0.03676644 
1012 249 11 15 0.036551237 
452 106 13 16 0.036513392 
510 69 10 12 0.036431935 
710 75 12 14 0.036366332 
173 74 13 17 0.036021452 
797 85 12 14 0.0359567 
374 137 14 18 0.035872456 
670 100 12 17 0.035859626 
767 101 12 14 0.035556316 
847 84 14 18 0.03518202 
539 155 11 14 0.03492291 
548 199 9 11 0.03460486 
819 94 13 16 0.03452557 
581 83 13 16 0.034491464 
141 78 12 15 0.034332357 
1008 94 15 21 0.03429273 
759 81 13 16 0.03427841 
342 114 12 15 0.034056403 
701 75 13 16 0.033758417 
389 68 12 14 0.033736657 
388 126 14 20 0.03347535 
706 98 14 17 0.033265024 
5 90 14 17 0.033178106 
964 95 16 19 0.033144884 
555 105 13 16 0.03313704 
777 99 12 15 0.032697767 
591 160 12 15 0.032599 
190 81 14 17 0.032456085 
806 77 12 14 0.03243463 
357 83 11 15 0.032432605 
560 123 13 17 0.03203916 
844 98 13 15 0.03201901 
202 78 15 17 0.031977788 
790 345 57 61 0.031870957 
214 66 11 13 0.031787384 
519 68 11 14 0.031780973 
822 117 11 14 0.031610783 
2 98 15 19 0.031242352 
843 70 13 15 0.030905776 
176 116 13 16 0.030833237 
30 88 19 22 0.030826498 
887 211 26 33 0.030806357 
748 74 13 16 0.030802585 
765 79 13 15 0.03061128 
21 76 11 15 0.030569922 
347 203 13 16 0.030537933 
597 97 19 23 0.030512879 
223 76 13 17 0.03049626 
228 154 11 14 0.030472273 
685 104 15 18 0.03033655 
473 84 12 15 0.03029603 
870 79 11 14 0.030215243 
198 89 14 17 0.030190978 
191 108 11 15 0.03012469 
762 132 11 14 0.029991223 
773 114 10 13 0.029871892 
605 148 10 13 0.02974151 
857 198 26 37 0.029556422 
677 99 15 18 0.029456457 
579 76 14 16 0.029442567 
292 85 13 17 0.02917513 
621 105 11 16 0.029147753 
747 94 12 15 0.029130904 
868 218 49 59 0.02891511 
447 64 10 11 0.028910158 
342 102 13 16 0.028755957 
715 122 11 13 0.028575478 
291 75 13 16 0.028562041 
423 294 26 35 0.028561637 
503 68 10 12 0.028546063 
758 110 10 13 0.028310193 
519 127 11 14 0.028284583 
279 88 11 14 0.028114775 
179 123 13 16 0.027796274 
217 98 12 16 0.02761993 
867 201 30 35 0.027441967 
587 84 15 18 0.02743255 
0 105 20 29 0.027351413 
470 138 12 13 0.027286263 
528 161 23 29 0.02727797 
53 74 14 16 0.02721228 
301 114 12 14 0.027147878 
141 109 14 16 0.026948666 
425 84 12 16 0.026826423 
235 135 12 15 0.026816582 
354 68 12 14 0.0267598 
906 98 23 26 0.026694076 
747 109 11 15 0.026670406 
596 157 12 15 0.02666217 
671 84 11 16 0.026638769 
375 76 18 21 0.026499001 
537 81 14 18 0.02640832 
852 172 26 30 0.026313258 
423 92 11 14 0.026254643 
977 95 17 21 0.026239341 
831 82 14 17 0.026200788 
570 88 14 16 0.02619593 
888 151 11 12 0.026151795 
525 113 11 14 0.025857985 
859 163 14 16 0.025725685 
465 180 11 15 0.025636202 
460 74 13 15 0.02561996 
302 162 10 13 0.025609458 
71 71 19 23 0.025571175 
252 95 14 18 0.025464734 
254 157 10 12 0.025459288 
553 124 11 15 0.025434304 
231 118 11 14 0.025371294 
207 158 12 16 0.025354737 
476 76 12 14 0.025191182 
952 85 18 20 0.02502779 
651 112 15 18 0.024961878 
470 160 13 16 0.02486112 
779 87 11 14 0.024835773 
363 123 11 15 0.024817022 
354 307 214 167 0.024767516 
535 169 14 17 0.02468895 
318 99 12 15 0.024618734 
268 66 18 23 0.024543619 
400 92 11 13 0.024463322 
351 128 15 17 0.02436982 
338 62 20 22 0.024308655 
815 118 11 13 0.024166083 
222 68 12 14 0.024116937 
32 71 11 13 0.024063203 
885 209 14 17 0.023921363 
501 148 12 15 0.023824718 
605 155 11 14 0.023775768 
15 118 10 13 0.023767712 
84 75 12 16 0.023692064 
902 103 13 17 0.02366326 
773 274 15 17 0.023642777 
464 164 10 14 0.023579964 
670 89 14 19 0.023416786 
628 131 15 20 0.023411514 
873 85 14 17 0.023300746 
758 120 10 12 0.023265254 
785 69 10 12 0.023263227 
256 109 11 13 0.02317365 
649 92 21 25 0.023000356 
313 349 23 26 0.022988733 
251 238 15 16 0.02291782 
607 66 21 24 0.022878492 
323 340 15 21 0.022758944 
265 394 28 36 0.02269984 
188 138 13 14 0.022613397 
972 103 15 18 0.022595093 
460 109 11 13 0.022543129 
263 98 19 24 0.02251953 
384 318 22 25 0.022388263 
526 169 12 16 0.02236952 
582 90 15 17 0.022368483 
263 75 12 16 0.022362307 
941 70 11 13 0.022348633 
900 65 22 25 0.02231499 
441 242 16 17 0.022314789 
335 330 58 50 0.022298135 
639 88 13 17 0.022189736 
407 98 13 15 0.02205701 
677 76 13 16 0.022048194 
502 141 11 14 0.022032194 
300 152 11 13 0.022029223 
97 76 21 25 0.022025444 
363 82 13 16 0.021981498 
181 167 15 17 0.021886483 
613 157 10 13 0.02180193 
441 100 10 12 0.021801604 
599 179 14 18 0.02176807 
0 93 10 15 0.021675643 
219 132 11 13 0.021529112 
908 250 14 18 0.02147436 
758 91 12 14 0.02142569 
20 84 13 17 0.0213924 
603 192 16 20 0.021382403 
285 85 13 16 0.021351654 
638 65 10 13 0.021223767 
166 108 11 14 0.02117284 
896 238 28 37 0.021166317 
732 157 11 14 0.021108516 
434 325 73 65 0.021105934 
447 108 11 15 0.020998023 
382 69 12 14 0.020991493 
317 139 12 14 0.020933537 
644 93 13 17 0.020827428 
866 162 13 15 0.020822296 
269 93 14 18 0.020664291 
167 78 13 15 0.020650897 
724 88 15 17 0.020610476 
29 75 13 15 0.02055231 
823 124 10 12 0.020527706 
940 75 13 17 0.02048742 
648 124 16 20 0.020404115 
891 156 10 13 0.020399947 
222 155 13 15 0.020186633 
775 133 10 13 0.020150939 
192 116 10 13 0.020149529 
556 68 12 14 0.020148419 
231 64 12 14 0.020132814 
396 110 13 17 0.020117965 
425 116 11 17 0.020069767 
571 115 15 19 0.020025564 
