0_Parade_marchingband_1_359
207
732 114 56 64 0.99954224 
165 168 36 43 0.99708897 
909 119 22 29 0.99454004 
862 149 28 30 0.99049336 
481 193 15 18 0.989945 
609 186 18 23 0.97129077 
308 192 14 20 0.97103477 
413 195 14 18 0.96841854 
504 193 12 15 0.84923524 
245 197 11 15 0.8456592 
1009 119 16 25 0.6206942 
1 215 14 19 0.55215937 
272 196 11 14 0.5171633 
453 211 10 12 0.42962587 
140 202 19 20 0.40868726 
361 198 10 14 0.35884848 
565 217 14 16 0.32330403 
53 209 16 20 0.29382518 
67 171 17 20 0.2891119 
956 161 14 19 0.28603825 
450 206 10 12 0.28018627 
124 165 22 28 0.26640716 
392 205 9 11 0.23097341 
451 198 9 12 0.21735449 
496 185 7 10 0.20835477 
689 180 11 13 0.1950629 
264 197 11 14 0.18560594 
375 212 10 13 0.18014741 
464 206 9 12 0.17590337 
432 199 9 12 0.17177388 
568 191 9 11 0.15136677 
145 206 19 22 0.14373493 
645 192 8 10 0.13803661 
585 200 8 11 0.13691302 
933 130 13 17 0.13228428 
965 134 11 15 0.13059378 
382 214 9 12 0.12898703 
558 206 9 10 0.12671047 
46 219 15 18 0.1265521 
241 192 10 13 0.11000737 
462 200 9 12 0.09826066 
12 225 13 18 0.093346074 
292 213 9 12 0.090760276 
481 264 20 22 0.09032164 
552 235 9 12 0.09011085 
527 205 8 11 0.084894836 
409 180 8 11 0.08403108 
287 212 10 12 0.08279381 
591 207 8 10 0.0826507 
391 213 9 13 0.08120402 
251 197 10 15 0.08039756 
560 200 7 10 0.07616025 
608 173 10 11 0.072686635 
690 171 14 18 0.071289174 
541 198 8 10 0.07075531 
670 197 10 12 0.07035237 
656 205 9 11 0.06833394 
1005 143 19 31 0.06743944 
469 205 9 11 0.06338939 
568 182 10 12 0.062264103 
640 196 10 12 0.061928004 
670 203 11 14 0.060507376 
48 233 12 16 0.060394414 
301 160 22 29 0.060126368 
29 346 14 16 0.060064327 
277 193 8 13 0.060019594 
491 294 17 19 0.054651555 
541 215 9 11 0.054026984 
240 193 18 22 0.05319055 
535 206 8 11 0.05282549 
32 202 13 15 0.052463327 
959 133 12 16 0.05230909 
534 230 9 12 0.0514334 
560 213 11 14 0.051348403 
538 197 7 10 0.05114414 
950 140 14 16 0.050835826 
537 193 7 10 0.04941909 
526 200 7 10 0.049091533 
592 212 9 12 0.04824307 
437 199 7 10 0.046244197 
590 200 9 12 0.04596846 
366 191 9 13 0.045929197 
351 198 9 13 0.045435626 
571 214 10 13 0.044708274 
415 182 8 10 0.044609893 
423 184 8 11 0.04322328 
473 293 14 17 0.043057293 
609 169 9 10 0.04216896 
665 197 10 12 0.039416533 
375 218 10 12 0.039171185 
454 193 9 12 0.039099034 
567 207 9 11 0.038971942 
345 198 10 14 0.03832277 
951 145 21 27 0.03800007 
78 235 12 15 0.037952587 
943 237 11 14 0.03780766 
584 192 8 10 0.037750848 
666 193 9 11 0.03749099 
693 165 14 18 0.03728466 
3 217 20 25 0.03707579 
38 213 13 15 0.036044266 
450 193 8 11 0.03591012 
613 172 10 12 0.03578964 
540 237 12 14 0.035359867 
529 228 9 12 0.034802824 
542 205 9 11 0.03479 
534 223 9 11 0.034747783 
262 192 19 24 0.034643132 
632 196 12 15 0.034398314 
970 255 18 22 0.03421712 
663 205 10 13 0.033873126 
66 210 13 18 0.033816166 
382 208 9 12 0.033444647 
606 149 10 11 0.033217963 
137 300 18 20 0.03298842 
50 217 23 28 0.032956414 
370 213 9 12 0.032895327 
58 175 24 30 0.0326819 
325 202 11 14 0.032354433 
396 211 10 13 0.032164365 
294 208 10 12 0.031908385 
1008 126 20 34 0.031671494 
573 228 11 14 0.03163208 
30 333 16 19 0.031159043 
360 191 10 14 0.030593736 
10 231 16 21 0.030532783 
49 193 24 31 0.030432764 
558 237 10 13 0.030343143 
398 198 9 12 0.03019002 
473 199 8 12 0.030121794 
604 142 10 12 0.02997632 
553 206 9 11 0.029835539 
574 197 8 10 0.029382145 
664 211 9 13 0.029166315 
995 313 14 17 0.028993083 
469 213 9 10 0.028650083 
676 198 9 13 0.02827483 
278 201 10 14 0.028121747 
607 155 10 12 0.028100394 
364 204 10 13 0.027524361 
383 192 8 10 0.027227458 
304 172 22 30 0.027188208 
410 136 8 10 0.027114574 
521 205 9 11 0.02711333 
314 198 15 18 0.026884481 
419 190 12 16 0.026650378 
922 127 15 21 0.026424255 
574 206 9 11 0.02635714 
497 188 10 13 0.026286911 
313 169 14 17 0.026046142 
596 213 10 12 0.026032181 
270 214 12 14 0.025928915 
383 219 9 11 0.025700456 
76 216 15 19 0.025582967 
391 219 10 11 0.025570907 
333 205 11 12 0.025520755 
125 206 10 14 0.025351522 
694 155 13 17 0.025345867 
272 221 10 12 0.025232702 
63 165 16 18 0.025108702 
495 228 12 13 0.02510156 
517 230 10 12 0.024490887 
471 236 10 12 0.02440735 
542 193 7 10 0.02435806 
409 142 9 11 0.024342816 
536 235 10 13 0.024287608 
676 203 11 14 0.02385071 
384 198 9 11 0.023686217 
358 192 17 23 0.023657419 
393 151 8 11 0.023597013 
39 218 15 18 0.023551332 
414 177 7 10 0.023497142 
393 231 9 12 0.023128629 
553 211 9 12 0.023046013 
598 165 9 11 0.022998335 
537 213 9 11 0.022975197 
975 323 42 62 0.022968862 
31 327 13 13 0.02287807 
520 199 9 10 0.022849472 
607 183 14 19 0.022827638 
377 175 8 9 0.022440635 
469 294 23 28 0.022340149 
373 190 10 12 0.022210745 
72 236 12 14 0.022153677 
393 174 9 11 0.022117168 
669 209 11 14 0.0220581 
114 161 37 43 0.022055708 
541 232 10 12 0.0218965 
1011 159 12 20 0.021578778 
573 176 9 11 0.021520844 
543 173 9 12 0.021302907 
134 207 17 19 0.021205159 
494 221 12 14 0.021143323 
995 153 24 32 0.021077104 
392 167 9 11 0.020975988 
106 311 9 11 0.020970259 
400 191 8 10 0.020944871 
76 197 23 28 0.020780291 
500 235 15 19 0.020731712 
515 236 12 15 0.020654378 
529 165 7 10 0.02057337 
967 343 30 38 0.020468611 
506 160 8 10 0.020334497 
596 205 9 12 0.020268267 
601 136 8 10 0.02005498 
19 221 12 16 0.020023827 
133 196 16 21 0.020023638 
