0_Parade_marchingband_1_1045
221
660 267 31 41 0.99843913 
88 260 34 49 0.993683 
942 259 41 56 0.99273974 
282 295 24 33 0.9671618 
586 254 29 42 0.9669106 
356 293 21 26 0.91421026 
180 315 20 26 0.8873942 
503 305 18 21 0.87210816 
438 304 15 20 0.80873024 
384 299 16 19 0.7531878 
149 320 14 20 0.73926127 
202 322 13 19 0.7321597 
468 293 13 16 0.6517851 
756 307 15 18 0.6384959 
420 308 11 13 0.6121582 
776 298 12 15 0.5807996 
693 257 21 29 0.54055417 
0 312 14 23 0.46477678 
212 307 12 17 0.4221186 
332 308 10 13 0.4026043 
484 310 13 16 0.33366945 
238 316 12 16 0.32849777 
465 317 10 14 0.29640585 
395 268 11 15 0.23136213 
314 287 10 13 0.21637253 
943 193 27 32 0.20504506 
463 296 13 17 0.20226528 
140 325 17 21 0.19834182 
244 315 11 16 0.19652043 
777 326 10 13 0.16156723 
57 290 15 20 0.15671165 
596 307 15 17 0.1515698 
233 285 10 15 0.1484911 
844 308 12 16 0.14811128 
446 261 16 21 0.12846419 
307 300 13 19 0.1283948 
292 298 19 26 0.12564927 
271 300 26 30 0.113065526 
220 245 9 12 0.11100499 
407 279 10 13 0.107085116 
791 301 10 14 0.10310743 
213 311 15 21 0.10203861 
236 291 12 17 0.09490951 
328 302 12 15 0.09417424 
680 258 25 32 0.09311115 
138 306 15 18 0.0881443 
245 299 12 17 0.0853749 
884 318 10 13 0.08230216 
173 237 14 17 0.0780143 
883 323 12 17 0.07574744 
533 296 12 15 0.073651426 
144 398 10 13 0.07325048 
269 306 17 21 0.069936335 
512 307 13 16 0.069659814 
437 351 10 12 0.06832583 
229 259 9 13 0.06625664 
584 290 30 35 0.06499586 
365 259 10 13 0.0634697 
880 317 10 12 0.063412346 
300 276 10 14 0.063121215 
12 296 11 13 0.0617041 
813 279 8 11 0.061420497 
865 326 8 12 0.06016733 
484 279 13 15 0.060049053 
462 308 12 15 0.05894572 
780 324 11 12 0.05861198 
634 33 14 18 0.057317913 
415 280 9 11 0.057217475 
348 257 13 16 0.05640318 
329 294 10 14 0.055215143 
494 307 16 18 0.055089697 
115 312 17 22 0.054174572 
990 0 11 10 0.05378073 
503 267 13 16 0.052514173 
433 306 13 17 0.05145841 
245 320 14 18 0.051268086 
759 298 18 24 0.050463784 
872 318 9 12 0.05030994 
326 313 13 17 0.05027923 
790 325 9 11 0.048512124 
405 317 13 16 0.0477001 
840 303 11 14 0.04762587 
284 243 14 20 0.04754843 
188 217 14 16 0.045954898 
762 311 12 15 0.045903996 
529 292 12 16 0.045149084 
406 268 11 13 0.045046534 
372 298 13 18 0.04323872 
741 353 12 14 0.042797692 
364 346 11 14 0.04182324 
193 317 18 24 0.04156078 
414 315 11 14 0.041292936 
802 254 8 11 0.04123753 
264 359 25 29 0.04106189 
753 238 11 14 0.04018172 
570 263 31 37 0.040073305 
548 300 26 28 0.03876126 
444 310 12 17 0.038702663 
391 261 13 18 0.038240857 
415 302 12 16 0.038216352 
172 370 15 20 0.038059283 
420 284 10 13 0.037898235 
148 396 11 14 0.037611123 
412 293 11 15 0.036836762 
276 344 17 19 0.036827475 
34 178 39 67 0.036592927 
135 314 16 21 0.036198605 
295 269 11 14 0.035302803 
431 334 11 13 0.035287283 
276 246 17 22 0.03524973 
389 342 10 13 0.035087027 
185 281 12 16 0.03497252 
360 258 11 14 0.034620486 
215 241 11 14 0.034566365 
457 380 9 12 0.03454712 
778 331 12 14 0.03404136 
815 303 9 11 0.033717394 
505 348 11 14 0.033255786 
599 260 29 40 0.032942213 
222 420 16 18 0.032818913 
197 258 14 18 0.03280709 
206 316 18 25 0.032392967 
157 397 11 14 0.032341924 
497 268 10 14 0.03231849 
352 299 15 19 0.031992614 
416 303 19 23 0.031646945 
276 258 14 17 0.031597473 
398 274 11 14 0.031252805 
246 294 19 27 0.031244103 
764 274 12 15 0.031072697 
400 318 11 15 0.031059327 
488 359 10 11 0.030751072 
789 276 10 13 0.030469486 
411 322 11 14 0.030399328 
311 265 13 18 0.030388156 
392 272 11 14 0.030296165 
364 287 15 21 0.030097637 
734 299 9 11 0.029470967 
174 354 15 20 0.029409163 
334 284 12 17 0.029333578 
784 277 10 12 0.02906573 
480 283 10 13 0.028885975 
205 244 12 15 0.02870638 
408 300 10 14 0.028671462 
455 298 13 18 0.028626682 
504 340 12 15 0.028609619 
725 284 8 11 0.028479954 
473 299 14 18 0.028440563 
798 319 9 11 0.028361727 
224 253 10 13 0.028147943 
467 325 11 13 0.028043022 
407 309 10 13 0.027638467 
293 260 11 15 0.027457867 
448 237 8 11 0.027383942 
704 264 15 20 0.026747368 
276 354 17 21 0.026727498 
231 280 19 25 0.026567904 
452 270 14 19 0.025901137 
850 314 12 15 0.025899574 
644 271 30 32 0.025773788 
767 332 9 12 0.025716547 
275 364 16 20 0.025672305 
814 284 8 11 0.025569491 
446 248 8 10 0.025483225 
374 269 9 11 0.025042897 
724 320 14 19 0.024920769 
242 302 19 26 0.024916343 
178 374 15 18 0.024902346 
184 277 21 27 0.024579437 
816 325 8 10 0.02449923 
246 328 16 19 0.024478236 
59 282 23 30 0.024441991 
846 324 10 13 0.024323853 
775 320 12 14 0.024221933 
470 334 10 14 0.02409747 
270 345 14 19 0.023987811 
335 239 9 10 0.023980802 
840 334 10 13 0.023908382 
268 248 16 21 0.023796948 
864 319 9 12 0.023404224 
285 255 13 19 0.023058034 
748 264 10 12 0.023050824 
122 307 15 20 0.02304991 
197 415 10 12 0.023036946 
544 259 12 18 0.022948144 
309 286 19 23 0.022917204 
330 289 17 25 0.022831375 
766 325 12 15 0.022675462 
680 203 10 12 0.022230322 
195 219 13 15 0.02213902 
97 210 22 32 0.022044038 
218 317 14 20 0.022013184 
290 249 13 19 0.02188115 
998 308 24 41 0.021793865 
841 313 13 16 0.021769542 
663 339 40 50 0.021758964 
359 269 12 14 0.021737285 
876 320 21 27 0.021721045 
399 284 11 13 0.021513656 
365 363 12 15 0.02145738 
46 293 12 16 0.021268306 
230 318 15 19 0.02126695 
379 312 16 19 0.02108026 
453 315 12 16 0.021044742 
817 319 8 10 0.020997532 
809 272 8 10 0.020925881 
790 319 10 12 0.020902738 
262 310 18 20 0.020860778 
982 231 36 43 0.020860566 
148 308 13 19 0.02077255 
525 238 26 34 0.020700999 
462 338 13 16 0.020624395 
781 304 13 16 0.020620273 
3 301 14 18 0.020568712 
527 287 19 25 0.020350484 
296 271 19 25 0.020328792 
249 314 15 18 0.020295134 
783 286 10 11 0.020288305 
449 340 8 12 0.020270593 
214 239 20 23 0.020121204 
493 277 11 13 0.020084402 
