0_Parade_marchingband_1_822
49
636 135 60 72 0.99831283 
181 101 66 99 0.9980843 
878 71 65 76 0.99726343 
751 96 34 42 0.9958395 
441 129 57 66 0.990739 
364 146 49 58 0.6231756 
415 80 48 60 0.44686183 
641 424 101 114 0.38960093 
813 74 23 31 0.120493025 
363 104 53 70 0.08280536 
841 91 46 53 0.082369715 
387 81 48 68 0.07918051 
267 176 25 33 0.066224724 
421 150 53 66 0.0648442 
556 200 53 56 0.0593226 
306 148 34 38 0.055303875 
707 474 19 19 0.05211467 
468 141 34 38 0.04892527 
367 116 34 41 0.0468037 
405 103 34 43 0.044380028 
589 208 57 59 0.042878736 
265 160 43 58 0.04163194 
289 139 59 64 0.0415596 
813 82 39 48 0.03550957 
752 119 33 39 0.035173144 
341 130 83 89 0.033387657 
57 235 25 32 0.029584255 
396 65 78 97 0.029257417 
318 68 81 100 0.028146075 
827 101 33 39 0.028134026 
293 127 94 96 0.028032396 
763 155 52 71 0.025918633 
63 232 10 13 0.025823526 
383 197 52 63 0.025760997 
434 89 36 44 0.025493985 
941 90 14 18 0.024597147 
800 92 38 51 0.024566649 
1012 355 12 22 0.024474196 
61 237 14 18 0.024391677 
377 125 34 42 0.024373457 
288 63 78 99 0.024172347 
731 103 10 14 0.02274755 
564 236 16 17 0.022469232 
365 134 36 47 0.02126089 
441 137 35 43 0.021109402 
269 171 17 22 0.02052386 
491 153 15 19 0.020459674 
789 123 41 52 0.020400139 
380 104 32 42 0.0202615 
