0_Parade_Parade_0_164
1195
998 358 12 17 0.9024521 
654 281 12 17 0.83821946 
85 419 15 19 0.8283169 
909 362 13 15 0.7800383 
283 324 11 13 0.75843924 
388 467 24 30 0.72202104 
679 269 11 14 0.71991146 
688 326 13 16 0.7192023 
795 427 12 17 0.69657296 
943 388 12 16 0.66353714 
513 340 11 13 0.61394113 
250 304 8 10 0.60339355 
108 402 13 15 0.54002005 
943 421 10 12 0.53428835 
141 387 13 16 0.4969519 
551 306 12 15 0.4851353 
621 270 13 16 0.47119212 
893 318 10 12 0.46377587 
44 396 12 16 0.45089576 
694 259 9 12 0.43504056 
644 260 9 13 0.42847624 
60 427 12 15 0.42498302 
942 349 12 15 0.4226984 
903 336 11 12 0.40830317 
940 326 10 13 0.39211616 
847 365 10 12 0.38491386 
655 248 8 11 0.3831305 
974 515 15 19 0.37269077 
841 271 8 10 0.36218125 
637 302 9 12 0.34430963 
259 282 375 494 0.34071752 
996 300 10 13 0.3382816 
648 316 10 13 0.33670086 
296 244 11 14 0.3306378 
285 304 9 11 0.32922375 
899 500 15 17 0.32061628 
988 422 11 14 0.30360934 
985 324 9 12 0.3033906 
899 562 13 15 0.29863718 
952 272 8 10 0.29154414 
841 348 11 13 0.28876194 
913 309 9 11 0.28550184 
172 354 18 21 0.2825087 
713 300 12 16 0.2799116 
839 387 11 14 0.2791314 
930 537 14 18 0.2776491 
913 286 10 12 0.27332985 
712 246 10 12 0.27274534 
845 269 8 11 0.27072254 
966 311 9 12 0.26893586 
314 311 8 10 0.26692656 
998 558 13 18 0.26324713 
742 255 11 15 0.25771675 
830 518 14 22 0.25072488 
856 264 9 11 0.24945834 
886 630 15 19 0.24793439 
972 337 10 11 0.24742424 
995 647 23 30 0.24585655 
396 268 10 12 0.24579296 
926 339 11 14 0.24563158 
719 277 9 12 0.24430391 
947 302 10 12 0.24309792 
365 303 11 12 0.2410349 
996 640 18 21 0.23793308 
670 247 8 11 0.2335263 
226 342 11 13 0.22909924 
926 406 12 13 0.22739471 
388 300 9 13 0.22224666 
864 396 10 12 0.22200166 
964 386 12 15 0.2217946 
978 456 14 18 0.21424662 
864 292 9 11 0.21122895 
888 333 8 11 0.20769274 
934 291 9 12 0.20705579 
958 319 9 11 0.1983488 
1013 342 9 13 0.19802944 
834 589 13 16 0.19638094 
338 294 8 10 0.19482416 
134 369 12 14 0.1943222 
895 389 11 14 0.19202988 
1008 334 9 11 0.19197099 
973 294 8 10 0.18934232 
193 372 11 13 0.1881624 
235 317 12 15 0.18613516 
312 331 11 13 0.18516254 
680 231 9 11 0.18165195 
886 255 7 10 0.18160978 
622 231 8 10 0.18114135 
592 294 9 12 0.18024644 
917 316 10 12 0.17774501 
997 440 10 12 0.17572786 
606 327 11 15 0.17421694 
731 270 10 13 0.17298552 
860 478 13 16 0.1728432 
123 348 13 16 0.17277919 
821 375 8 10 0.17261583 
968 609 18 21 0.17211224 
575 358 12 14 0.17209558 
996 596 27 34 0.17156221 
1004 191 11 12 0.17087898 
360 296 8 10 0.16769286 
806 382 9 13 0.1653182 
834 412 14 17 0.16447566 
471 264 8 10 0.16349018 
880 453 13 18 0.16284311 
860 318 10 12 0.1608938 
395 495 24 28 0.16034369 
924 410 12 14 0.15555646 
881 301 9 11 0.15532427 
973 366 9 12 0.1534242 
876 349 11 13 0.15196058 
1006 326 8 11 0.14883243 
1014 301 8 11 0.14825712 
873 270 8 10 0.14808832 
856 269 9 12 0.14774795 
301 376 10 13 0.14755741 
223 357 10 13 0.1466974 
308 525 15 20 0.14664297 
432 246 7 10 0.1454121 
327 308 8 10 0.14524531 
872 351 10 12 0.14502572 
944 295 8 11 0.14390074 
953 319 9 11 0.14345062 
446 270 8 11 0.14163914 
931 394 12 16 0.14114264 
832 437 12 14 0.13956237 
19 435 12 17 0.13845962 
862 324 10 13 0.13798904 
767 230 9 12 0.13533905 
856 277 8 11 0.13480726 
823 398 12 14 0.13459118 
639 200 7 10 0.13408175 
726 262 9 11 0.13150385 
925 272 8 10 0.13106064 
665 245 8 11 0.1307995 
895 422 10 13 0.13005064 
125 411 10 12 0.12894094 
855 476 12 16 0.1265177 
996 591 17 22 0.12567627 
830 383 12 13 0.12502018 
887 398 10 13 0.124961585 
298 379 10 12 0.12461177 
894 324 9 11 0.12385581 
897 270 8 10 0.122579135 
455 378 12 16 0.122006565 
921 271 8 9 0.12198103 
990 538 12 15 0.12197418 
618 208 6 9 0.12193617 
936 333 10 13 0.12165446 
941 447 10 13 0.12111594 
362 332 24 28 0.120076366 
690 254 10 13 0.12003709 
863 468 12 15 0.11977458 
918 246 7 9 0.11941027 
796 338 14 19 0.11926605 
894 452 11 15 0.11845743 
273 399 11 13 0.11759469 
847 265 8 10 0.11750991 
532 333 15 17 0.11611014 
903 279 7 10 0.1144156 
952 341 10 13 0.11364977 
726 235 10 12 0.11359332 
844 344 10 11 0.112821214 
180 374 12 14 0.110475875 
469 421 11 14 0.110367216 
987 507 16 19 0.11026602 
933 309 9 11 0.1099978 
865 374 9 12 0.10852731 
983 276 9 12 0.108262226 
330 437 24 31 0.1081349 
894 396 11 13 0.10704271 
1005 320 9 11 0.10596276 
408 322 253 334 0.105837986 
461 421 15 17 0.10503023 
957 333 11 13 0.10501421 
54 421 14 19 0.10467606 
727 257 9 10 0.10458281 
384 294 12 15 0.10422224 
637 297 9 11 0.10407645 
686 277 10 13 0.10383668 
908 334 9 12 0.1037355 
487 356 12 16 0.10364223 
717 271 10 12 0.10332021 
841 355 11 14 0.103307866 
948 349 10 13 0.10275755 
491 353 12 15 0.1023833 
704 271 8 10 0.10174449 
675 348 12 14 0.10106012 
985 484 23 27 0.10072697 
986 496 17 20 0.10023398 
45 407 15 19 0.10020764 
881 254 8 11 0.10020617 
496 237 8 10 0.10014446 
406 251 8 11 0.099973455 
671 251 9 11 0.099941224 
950 308 8 11 0.09968026 
239 387 11 13 0.09869037 
943 279 8 10 0.098205686 
973 664 15 17 0.09752004 
109 409 10 12 0.095771074 
450 254 7 10 0.09576419 
934 389 12 15 0.095696434 
983 348 11 14 0.095552675 
598 295 10 13 0.09527244 
622 208 7 9 0.09500246 
836 556 15 17 0.09496361 
895 295 7 10 0.09447487 
925 471 12 16 0.09444838 
426 244 8 11 0.0934801 
251 307 11 13 0.093375415 
902 264 7 10 0.09328664 
688 284 9 11 0.09327862 
930 402 12 15 0.09271297 
424 288 10 12 0.09234397 
919 453 12 16 0.091458686 
981 510 14 19 0.09125082 
926 348 10 13 0.09093738 
335 343 8 10 0.0895216 
929 390 11 13 0.089166634 
802 422 13 17 0.08908012 
857 313 8 11 0.08842049 
936 246 8 10 0.08834669 
840 295 8 10 0.08828647 
919 435 11 14 0.08782856 
959 605 23 27 0.0877539 
887 295 8 10 0.08716734 
831 406 12 15 0.08708294 
913 316 9 11 0.08614039 
452 424 15 18 0.08609833 
862 450 13 15 0.08547131 
821 380 10 12 0.085432336 
897 196 7 10 0.085413896 
918 222 8 9 0.085205466 
449 422 10 15 0.085197665 
992 295 10 13 0.084916584 
224 336 11 14 0.08474271 
278 357 13 18 0.08462838 
974 358 8 10 0.084544204 
959 325 10 11 0.084361024 
360 319 10 12 0.084338404 
464 271 8 10 0.08433461 
486 390 12 16 0.08426358 
408 337 10 12 0.08375504 
947 393 12 15 0.083520375 
869 287 9 13 0.08346103 
538 240 8 10 0.08285889 
285 357 13 17 0.08266838 
118 405 10 14 0.08254306 
271 218 11 13 0.08240776 
649 322 11 14 0.08230224 
881 296 8 10 0.08213977 
958 348 10 13 0.08162812 
623 265 11 13 0.08122345 
888 327 9 12 0.08121469 
844 358 12 15 0.08108666 
108 392 16 19 0.08055783 
712 271 9 11 0.08022043 
665 240 8 11 0.080187 
448 249 6 8 0.08003478 
733 276 9 11 0.07971038 
686 230 8 11 0.079327986 
979 560 16 20 0.07850615 
897 264 8 10 0.07843115 
415 288 9 10 0.07830115 
401 251 10 12 0.07797763 
867 392 11 14 0.07764572 
721 236 9 12 0.077644266 
925 207 8 9 0.07694048 
285 259 9 11 0.076781355 
854 332 10 12 0.076755404 
896 413 11 14 0.07674277 
896 256 7 9 0.07628462 
256 374 11 14 0.076137275 
511 346 13 17 0.07611513 
897 278 8 10 0.07603981 
809 456 15 19 0.07575551 
944 425 11 14 0.07574267 
670 301 10 12 0.07535224 
284 332 11 13 0.07525942 
894 405 11 13 0.0751942 
855 256 9 9 0.07515 
417 270 8 10 0.075099766 
334 318 8 11 0.074575596 
864 301 9 11 0.07449921 
872 264 8 9 0.07433006 
398 473 17 21 0.07398022 
861 311 10 12 0.07396256 
673 357 12 15 0.0737602 
881 308 9 12 0.07355949 
815 381 10 13 0.07330773 
604 296 11 12 0.07233932 
898 569 16 18 0.072172195 
832 279 8 10 0.071963504 
912 263 7 9 0.07191738 
472 239 8 10 0.07176095 
793 388 10 13 0.07169007 
280 279 8 13 0.071391724 
470 268 7 10 0.07099604 
989 321 8 10 0.070643306 
721 262 9 11 0.070536524 
989 459 11 15 0.06997308 
947 383 12 15 0.06976394 
968 358 9 11 0.06942886 
417 264 7 10 0.06864111 
896 374 9 12 0.0686115 
937 272 8 9 0.06830896 
845 566 13 15 0.068158664 
893 312 10 12 0.06795019 
841 301 8 10 0.067938685 
861 264 8 10 0.06778166 
895 238 9 11 0.06766668 
234 476 25 33 0.06761971 
973 371 10 13 0.067240596 
807 387 11 13 0.06668581 
937 224 7 9 0.0665874 
856 326 10 13 0.06639681 
652 166 7 11 0.06605825 
988 348 11 14 0.06539324 
897 340 10 13 0.06526654 
919 216 8 10 0.06500493 
916 290 10 12 0.06499188 
921 349 10 12 0.06496187 
696 216 8 10 0.06446513 
645 256 10 12 0.06431264 
942 321 10 12 0.06392509 
989 556 18 24 0.06364907 
734 287 9 10 0.0636369 
641 256 9 13 0.063626446 
479 238 8 11 0.063326195 
961 382 11 13 0.06297101 
985 333 9 11 0.06296686 
335 348 9 11 0.06277967 
966 392 12 15 0.06249133 
877 342 9 11 0.062327083 
904 209 7 9 0.062051527 
641 241 8 10 0.061453518 
633 215 7 9 0.061244387 
555 342 11 15 0.061168 
950 614 10 14 0.061013002 
831 374 9 11 0.06099476 
949 296 9 11 0.06092663 
737 253 11 14 0.060781162 
577 216 7 10 0.060696784 
974 436 11 13 0.06038239 
918 324 10 12 0.06033702 
797 387 11 14 0.059861697 
754 246 9 11 0.059642863 
924 435 11 13 0.05955764 
803 339 13 18 0.059405733 
940 343 12 14 0.05940111 
839 276 8 10 0.059322204 
742 249 9 11 0.0592744 
360 307 13 14 0.059098613 
997 721 18 21 0.058618214 
431 208 7 10 0.058286373 
957 594 14 17 0.05771167 
875 567 11 13 0.057502598 
941 287 8 10 0.05745775 
337 477 26 35 0.05722911 
812 407 13 15 0.057030357 
806 409 14 18 0.05695483 
463 255 8 10 0.0567057 
902 225 7 9 0.05639705 
41 392 11 14 0.056207445 
606 338 14 18 0.05620477 
470 247 8 10 0.056010697 
958 271 8 11 0.055910844 
215 390 12 14 0.055900037 
505 247 7 10 0.05589474 
424 239 9 12 0.05555538 
896 382 11 13 0.05545197 
272 357 12 16 0.055446263 
831 286 8 10 0.055370443 
825 287 7 10 0.05500385 
947 415 11 13 0.054890767 
633 185 7 8 0.054636333 
334 397 15 19 0.054349434 
432 263 8 11 0.054329254 
984 343 9 11 0.053864308 
812 388 10 12 0.05383238 
994 362 10 14 0.053729087 
998 308 9 10 0.05342658 
628 275 11 15 0.053309068 
913 215 7 9 0.053158738 
841 362 11 14 0.052906122 
65 398 10 12 0.052887816 
728 277 9 11 0.0527796 
121 343 11 14 0.052665994 
887 261 7 10 0.052206878 
887 279 8 10 0.052111797 
511 336 18 23 0.05203312 
845 302 8 10 0.052018326 
719 283 10 12 0.05197731 
363 316 12 14 0.05193574 
922 164 8 10 0.0519076 
501 214 7 10 0.051602885 
519 190 8 11 0.051542412 
902 294 9 11 0.051529355 
455 256 8 10 0.051412467 
903 285 8 11 0.05114234 
916 442 12 15 0.05108299 
898 224 7 9 0.050666705 
403 488 19 24 0.050616015 
44 417 14 17 0.05051104 
928 303 9 11 0.05047935 
678 249 8 10 0.050461993 
687 319 11 15 0.05042963 
878 271 8 11 0.05037824 
975 351 10 12 0.050303083 
848 327 9 12 0.0502682 
915 303 11 12 0.050079808 
728 286 8 10 0.050010286 
681 225 8 10 0.0499418 
974 396 9 13 0.049802005 
887 413 11 14 0.049705688 
774 227 9 13 0.049649335 
382 309 11 12 0.04961854 
687 190 7 10 0.049383994 
713 295 10 13 0.049304817 
898 510 17 20 0.049206786 
526 336 13 16 0.049177967 
968 515 13 16 0.049122635 
221 452 13 17 0.04910553 
441 271 8 10 0.048989795 
593 200 8 11 0.04898808 
568 223 8 11 0.048969116 
930 264 7 9 0.04887221 
397 286 9 11 0.04884907 
568 228 9 12 0.048829004 
217 357 9 12 0.04876368 
958 604 14 18 0.04868053 
287 339 9 11 0.04865997 
874 256 7 9 0.048646662 
822 294 8 11 0.04860067 
581 214 8 10 0.048564345 
990 333 9 12 0.04850232 
833 273 9 10 0.048353642 
377 315 10 13 0.04798513 
915 358 12 14 0.047854394 
487 254 7 9 0.047719672 
282 307 10 13 0.047621455 
967 268 8 10 0.04760495 
822 469 11 13 0.04758541 
692 279 10 11 0.047515012 
600 261 8 10 0.047306694 
617 237 9 10 0.047285564 
637 278 10 14 0.047209375 
895 459 12 16 0.047204375 
993 287 8 10 0.04720395 
670 294 10 12 0.047147628 
898 592 18 22 0.04699969 
994 239 7 10 0.046969146 
206 432 13 16 0.046904854 
935 340 10 14 0.046857994 
934 264 7 8 0.046774544 
902 238 8 10 0.046763506 
836 167 8 10 0.04671442 
688 224 7 9 0.046534177 
854 494 10 13 0.046484377 
904 256 7 9 0.0463198 
897 232 8 10 0.046311274 
734 261 11 13 0.046222217 
830 150 7 10 0.04583921 
421 270 8 10 0.04571747 
937 231 8 8 0.04571331 
488 264 7 9 0.045387957 
390 499 16 20 0.04530836 
830 580 14 17 0.045266002 
926 544 15 20 0.04524525 
912 239 8 9 0.045203857 
1014 429 9 14 0.04504793 
879 380 11 14 0.045003068 
1005 181 11 13 0.045001227 
673 343 11 14 0.044936962 
294 334 9 12 0.044856146 
494 232 9 11 0.04484622 
911 256 8 9 0.04471866 
898 450 13 15 0.044680256 
270 349 10 13 0.044534 
812 464 14 16 0.044474788 
611 326 10 13 0.04438746 
695 248 8 11 0.044300582 
988 343 11 12 0.044280443 
720 255 8 10 0.044205647 
879 373 12 14 0.044100247 
411 386 12 17 0.04335375 
88 396 11 13 0.043346237 
472 233 8 9 0.043322645 
950 467 14 17 0.04328449 
973 430 11 14 0.043154884 
976 263 8 10 0.04314009 
888 174 8 10 0.043096777 
942 224 7 8 0.043058448 
959 547 14 17 0.043031674 
518 35 37 46 0.042967472 
480 254 8 10 0.04291233 
520 197 8 10 0.042700052 
441 294 8 11 0.042698674 
861 534 11 14 0.042621214 
591 289 8 11 0.0425879 
695 231 8 10 0.04258716 
974 289 8 11 0.042579133 
885 374 10 13 0.042507242 
818 295 8 10 0.042444568 
796 395 12 16 0.04235597 
662 185 7 9 0.042273145 
519 238 7 9 0.042249143 
896 245 7 10 0.04224773 
831 303 8 10 0.0421619 
921 407 11 14 0.04202364 
510 390 11 12 0.042018604 
738 248 7 9 0.04200048 
912 281 8 10 0.04197951 
861 330 11 13 0.04193504 
639 368 8 10 0.041925758 
969 288 8 11 0.0419131 
417 292 8 10 0.041860677 
888 271 7 10 0.041753776 
466 246 8 10 0.04173229 
568 272 9 12 0.04169939 
814 348 11 15 0.04168792 
985 301 9 11 0.041664757 
908 565 10 13 0.041657396 
953 336 9 10 0.041590706 
888 337 10 13 0.041580763 
990 279 7 10 0.04157495 
638 222 8 10 0.04146379 
857 286 9 12 0.04145926 
887 310 9 12 0.041392896 
982 271 9 12 0.0413684 
269 342 9 12 0.041237343 
823 368 9 11 0.04122885 
629 332 12 13 0.041122347 
902 348 10 13 0.04109163 
251 315 14 16 0.04102444 
622 236 8 10 0.040932823 
870 429 11 13 0.040808577 
1013 190 8 11 0.040803798 
868 476 12 15 0.040732976 
569 201 7 10 0.04072869 
1015 435 9 12 0.040615648 
768 224 10 14 0.040457916 
658 184 7 10 0.040290404 
862 279 9 10 0.040179536 
616 212 8 10 0.040037636 
696 222 7 10 0.039843153 
902 231 8 10 0.0398418 
472 33 42 56 0.039797775 
880 278 8 10 0.039762605 
817 302 10 12 0.039755013 
944 273 7 9 0.03975323 
903 193 7 9 0.039670326 
979 656 21 28 0.03963079 
864 510 10 13 0.039624758 
432 461 11 15 0.039144002 
247 359 10 12 0.03908778 
848 332 10 12 0.038978428 
311 526 26 34 0.038897473 
1000 194 11 13 0.038838472 
495 263 8 9 0.03874706 
264 348 10 13 0.0386777 
464 263 8 10 0.03865776 
951 323 9 12 0.0386512 
1015 355 9 13 0.038644504 
246 314 12 16 0.038604222 
537 245 8 10 0.038349293 
448 263 9 10 0.03831043 
131 363 21 24 0.038304653 
656 273 9 12 0.038302243 
919 278 9 11 0.038173728 
310 518 14 17 0.038146753 
266 419 22 29 0.038030688 
997 262 9 11 0.038023826 
373 309 11 14 0.037992615 
898 150 8 10 0.037988726 
868 459 13 18 0.037815336 
409 305 8 10 0.037696376 
926 354 10 13 0.037695114 
593 222 8 9 0.0376662 
394 264 9 12 0.03737999 
480 393 14 17 0.037318505 
721 142 9 12 0.037242677 
939 277 9 10 0.037192937 
930 475 13 16 0.037185326 
933 303 10 11 0.03711555 
433 268 8 10 0.03710067 
903 213 7 9 0.037017122 
447 294 8 11 0.036886197 
914 270 8 9 0.036878858 
968 373 10 12 0.036867708 
617 365 10 11 0.03686514 
991 648 17 23 0.036832154 
539 346 11 15 0.03660541 
801 376 10 12 0.03659139 
208 416 10 11 0.03659018 
481 302 7 10 0.036548324 
703 222 8 10 0.036537405 
937 217 7 9 0.036476348 
600 256 8 10 0.036474697 
365 297 10 12 0.03645571 
880 327 9 11 0.036407195 
389 480 27 32 0.036369227 
647 331 11 12 0.03630598 
344 489 24 31 0.03629302 
327 342 10 11 0.036290552 
408 279 8 10 0.036152296 
102 445 8 10 0.036032878 
960 232 8 8 0.036032233 
872 334 9 11 0.03602844 
614 299 10 12 0.035946354 
742 617 23 29 0.035891797 
830 342 9 11 0.03588976 
649 191 6 9 0.03588533 
1013 347 11 14 0.035851162 
606 320 11 14 0.0358052 
948 585 15 20 0.035756882 
245 473 27 34 0.035690334 
614 252 10 12 0.035665836 
904 328 9 11 0.035623405 
837 569 13 16 0.035590645 
966 254 8 9 0.035398662 
935 383 10 13 0.03539035 
837 372 10 13 0.035390083 
598 200 8 10 0.03537718 
878 474 12 15 0.03527388 
961 311 10 12 0.035240438 
1005 551 13 17 0.03523585 
568 248 8 10 0.035213485 
422 264 8 10 0.03520471 
688 259 10 13 0.03519486 
560 231 8 10 0.035111424 
423 231 9 11 0.035093274 
913 159 7 8 0.035027266 
826 279 9 11 0.035007484 
156 467 12 16 0.034854434 
364 499 13 17 0.034835584 
981 527 11 17 0.034819912 
474 280 7 10 0.034769654 
474 191 8 10 0.034762148 
244 381 11 15 0.034734588 
832 546 13 17 0.034527794 
865 403 10 13 0.034474004 
583 206 8 10 0.03443171 
861 269 9 11 0.034370366 
687 197 8 10 0.034353103 
991 589 15 19 0.03432793 
583 191 7 9 0.03429009 
503 238 6 9 0.034243368 
879 399 10 12 0.034079462 
328 246 10 12 0.0340623 
79 413 16 21 0.034004766 
830 367 8 10 0.033950564 
971 389 11 14 0.033942517 
861 547 11 15 0.03393815 
903 148 8 11 0.03390977 
486 248 8 10 0.033783156 
933 372 10 13 0.03373913 
618 231 8 11 0.033710606 
119 421 10 11 0.033661317 
966 509 12 16 0.033618223 
294 317 7 11 0.033601318 
316 315 10 12 0.03356379 
902 372 10 13 0.033521064 
853 341 10 12 0.033505466 
950 207 8 10 0.033454645 
858 291 9 12 0.033409204 
488 236 8 11 0.033238694 
510 248 7 9 0.033195335 
917 370 11 14 0.033090904 
749 253 12 14 0.03306975 
491 379 13 17 0.033055153 
264 335 8 11 0.033016838 
897 286 7 10 0.03301675 
889 390 10 13 0.033015653 
985 716 25 29 0.03301253 
864 430 11 13 0.033000425 
132 479 11 13 0.03297211 
321 305 8 11 0.03279671 
886 357 9 11 0.03278605 
490 386 15 18 0.032726847 
921 335 9 12 0.032704994 
985 639 38 53 0.032691132 
481 319 8 11 0.032661863 
945 200 8 10 0.03257922 
747 258 12 14 0.032559037 
404 474 21 31 0.03250801 
681 190 7 9 0.03249308 
910 232 8 9 0.03248977 
359 271 8 10 0.032439608 
478 190 8 10 0.03234794 
102 455 9 12 0.03233581 
630 230 7 10 0.03231427 
639 184 7 8 0.03227112 
456 262 8 9 0.032267354 
581 352 10 12 0.03223706 
623 330 12 15 0.032169968 
598 157 9 11 0.03213099 
655 207 7 9 0.0321049 
520 459 14 18 0.03205702 
464 240 8 9 0.032042753 
423 279 8 10 0.03202527 
927 232 7 8 0.03191597 
92 347 399 409 0.031851497 
946 205 9 10 0.03184818 
460 412 15 18 0.031828426 
918 240 9 10 0.031800456 
397 294 9 11 0.03168794 
453 522 16 21 0.03168746 
994 514 12 14 0.031677265 
899 395 12 13 0.03160117 
746 612 17 20 0.031589024 
554 305 19 26 0.03158766 
183 478 13 14 0.0315539 
879 367 11 12 0.03155267 
584 238 7 9 0.031498857 
116 390 12 15 0.0314616 
914 222 7 10 0.031408906 
1 399 9 14 0.031385314 
713 275 9 12 0.03133844 
410 339 11 15 0.03131852 
910 326 9 12 0.031314123 
884 446 14 19 0.031287935 
871 277 9 10 0.031245885 
661 272 10 12 0.031234533 
948 355 10 13 0.031210287 
976 406 10 13 0.031198647 
318 340 11 14 0.031187382 
592 191 7 9 0.03116968 
651 310 10 13 0.03112063 
973 312 9 12 0.031115828 
440 277 8 10 0.03110065 
941 245 8 11 0.030998472 
411 413 22 27 0.030990347 
439 206 7 9 0.030915288 
899 407 11 14 0.030877512 
742 287 9 10 0.030855685 
633 167 7 10 0.03084739 
666 232 8 10 0.030845102 
236 328 13 16 0.030820526 
854 372 10 13 0.030809503 
735 248 19 24 0.030800086 
494 314 12 14 0.030686734 
847 495 12 14 0.030683603 
584 248 7 9 0.030660406 
599 216 8 10 0.030625172 
824 389 12 15 0.030597772 
672 185 7 9 0.030524874 
489 232 9 11 0.030295828 
988 476 14 19 0.030276475 
875 429 12 14 0.030237203 
553 232 7 9 0.030234048 
363 324 12 14 0.030208398 
497 208 7 10 0.030152837 
983 286 9 10 0.030122284 
638 374 8 10 0.030006805 
656 189 8 11 0.030004112 
633 222 8 10 0.02991387 
1009 336 18 25 0.029876387 
211 421 11 13 0.02977476 
712 288 9 11 0.029772155 
878 389 10 12 0.029752322 
830 540 12 15 0.029706499 
712 263 8 10 0.02969908 
488 181 10 12 0.029659508 
927 381 11 15 0.02965116 
887 286 8 10 0.029650804 
415 277 8 10 0.029644411 
700 35 11 14 0.02955162 
438 247 8 11 0.029535985 
607 216 8 10 0.029522635 
913 437 11 14 0.029482303 
816 367 9 13 0.029430771 
615 246 10 12 0.029389748 
1009 301 9 12 0.029369537 
514 239 7 9 0.029265285 
921 473 12 17 0.029195555 
870 326 9 11 0.029183542 
204 453 10 13 0.029155679 
256 482 18 22 0.029152356 
851 565 12 14 0.029118022 
574 230 7 9 0.029103998 
927 239 7 9 0.029099101 
552 157 24 29 0.029065317 
472 255 8 10 0.029016599 
377 338 14 17 0.029002203 
737 224 8 9 0.028995274 
865 350 10 13 0.02895442 
372 301 9 12 0.028835392 
1007 348 12 14 0.02881821 
975 244 9 11 0.02877165 
459 385 12 16 0.028766051 
488 310 9 12 0.028756034 
583 200 9 11 0.028720817 
927 161 7 10 0.02871128 
705 276 8 10 0.028654158 
848 276 8 11 0.02860125 
613 345 12 16 0.028590044 
950 365 9 12 0.028461376 
568 217 8 10 0.028364927 
567 319 13 18 0.02832673 
512 345 23 28 0.028301116 
879 334 9 12 0.028233739 
541 239 7 9 0.02810395 
669 239 8 10 0.02809641 
881 191 8 11 0.0280162 
116 404 21 25 0.027964948 
478 183 8 11 0.027962714 
585 263 8 9 0.02792508 
967 301 9 11 0.027918965 
379 456 42 52 0.027903602 
703 294 9 11 0.027890915 
870 167 8 10 0.0278317 
937 240 9 10 0.027792241 
746 161 6 8 0.027763236 
198 467 10 13 0.027751978 
414 247 8 11 0.027748348 
848 254 9 12 0.027605478 
1013 388 10 17 0.02758968 
967 350 10 14 0.02758589 
593 215 8 11 0.02754616 
481 362 12 15 0.02754299 
480 324 10 12 0.02754119 
937 421 10 13 0.027479112 
805 498 14 18 0.027440764 
958 293 8 11 0.027429063 
1000 379 10 13 0.027422363 
380 253 11 13 0.027421728 
426 209 8 10 0.027266713 
393 276 9 11 0.027223974 
804 595 14 16 0.02720563 
255 322 10 13 0.0271959 
895 334 9 12 0.027138181 
656 223 8 10 0.027124187 
664 252 8 11 0.027123306 
610 331 12 16 0.027024386 
360 277 9 10 0.026979994 
587 294 10 13 0.02696393 
618 274 11 14 0.026879683 
841 265 10 11 0.026871119 
223 343 19 22 0.026850367 
967 502 10 14 0.026820697 
576 200 8 10 0.026804455 
248 458 25 33 0.026784547 
607 255 9 11 0.02676999 
935 318 10 11 0.026732758 
495 429 12 14 0.026729682 
885 366 10 13 0.026675208 
674 190 6 8 0.02667505 
743 229 8 11 0.02664404 
911 197 8 11 0.026579471 
985 295 8 10 0.026573991 
436 334 10 13 0.026551612 
649 215 7 9 0.026527785 
514 191 8 10 0.026515061 
818 453 12 15 0.026492791 
390 333 9 11 0.026480535 
924 459 11 14 0.02646198 
926 214 8 9 0.026450362 
871 365 9 13 0.026439937 
1008 429 11 12 0.026422612 
1015 306 9 12 0.026388863 
481 223 7 9 0.026374675 
537 338 14 17 0.026327299 
111 455 9 11 0.02631041 
974 445 12 15 0.026268031 
824 595 10 14 0.026244612 
974 526 14 19 0.026238982 
430 231 8 10 0.026237357 
280 294 8 11 0.026180431 
479 279 7 10 0.02617286 
-1 426 8 15 0.026144095 
608 201 7 9 0.026142584 
95 372 11 16 0.026127357 
943 230 7 8 0.026068505 
102 439 8 11 0.026055688 
482 271 7 9 0.026022274 
930 247 7 10 0.0260049 
711 230 8 10 0.025988761 
358 343 23 29 0.025977276 
863 379 11 15 0.025954727 
519 362 14 18 0.02594252 
464 295 8 10 0.025931027 
868 378 12 14 0.025893692 
821 301 9 11 0.025876885 
945 612 11 15 0.02586977 
409 286 9 10 0.02583552 
634 200 8 9 0.025810223 
284 279 9 12 0.02576239 
880 249 8 10 0.0257475 
582 182 7 10 0.02571121 
574 271 9 12 0.025701717 
856 388 10 13 0.025698368 
822 424 13 17 0.025688948 
919 264 7 9 0.025668941 
564 308 15 20 0.025611343 
176 473 124 190 0.025598263 
903 302 9 11 0.025588648 
870 435 11 14 0.025586234 
888 419 12 14 0.025544405 
367 278 9 11 0.025517996 
965 327 9 11 0.02548261 
588 376 17 23 0.02548208 
993 245 8 11 0.025461908 
689 249 7 10 0.02539857 
936 367 10 12 0.025366686 
927 372 11 14 0.025338452 
633 208 7 9 0.025333153 
930 288 8 10 0.0253247 
662 189 7 10 0.02524885 
1009 248 8 10 0.025226545 
736 230 9 11 0.025216721 
941 239 9 11 0.025214814 
247 352 9 11 0.025206164 
990 599 14 19 0.025192497 
326 441 15 23 0.02517574 
506 340 10 13 0.025153272 
474 197 7 10 0.02505478 
909 208 7 9 0.025019279 
936 538 15 19 0.025019087 
456 335 11 13 0.025015049 
672 232 8 10 0.025011517 
392 286 9 11 0.024997842 
813 397 13 15 0.024975915 
440 300 8 10 0.024969256 
946 451 12 17 0.024938898 
878 615 26 33 0.024886124 
894 300 9 11 0.024858506 
943 437 10 14 0.024853999 
665 303 9 11 0.02484495 
830 308 8 11 0.024804775 
375 294 10 13 0.024795067 
888 192 7 10 0.024742123 
721 161 7 8 0.024731195 
439 397 10 13 0.024701469 
881 287 8 10 0.024683498 
242 473 105 134 0.024676548 
123 388 12 15 0.024657523 
337 289 8 11 0.0246426 
410 504 14 20 0.024575876 
697 238 8 9 0.024546238 
198 394 9 12 0.024542134 
872 571 12 15 0.024540147 
938 349 10 14 0.024532236 
997 352 11 15 0.024488378 
632 247 9 11 0.02448747 
827 469 11 14 0.024485566 
639 216 7 10 0.02447379 
585 253 7 10 0.024449728 
981 247 8 10 0.024415625 
495 304 9 10 0.024411118 
526 256 8 10 0.024372386 
1010 253 8 11 0.024350077 
358 522 12 16 0.024283577 
513 232 7 9 0.024244908 
246 297 18 24 0.02424067 
951 265 7 9 0.02420598 
46 427 13 16 0.024150081 
448 200 7 8 0.024134617 
616 201 6 8 0.024118058 
885 350 10 12 0.024094602 
1006 327 20 24 0.024087252 
834 563 11 15 0.024077162 
898 579 17 20 0.024058893 
126 336 10 13 0.024023313 
998 341 9 11 0.023997938 
430 213 8 10 0.023981325 
433 253 8 10 0.0239761 
199 413 8 10 0.02397029 
416 224 8 10 0.023969822 
752 241 9 11 0.023894846 
819 348 12 16 0.023869291 
631 262 9 12 0.023858309 
533 387 12 13 0.02383271 
907 358 11 14 0.02379763 
440 215 8 10 0.023758177 
569 357 12 15 0.023757016 
985 518 16 20 0.02369886 
982 354 11 13 0.023696855 
455 206 7 10 0.023687167 
129 347 15 17 0.02368601 
624 201 7 8 0.02364686 
857 539 11 16 0.023641633 
690 216 8 10 0.023640169 
356 496 15 20 0.023620237 
81 424 15 17 0.023620067 
1009 287 8 11 0.023597348 
995 460 12 15 0.023581896 
879 317 10 12 0.023567377 
457 199 7 9 0.023535606 
811 340 11 16 0.02348914 
976 269 9 11 0.023465304 
872 249 8 10 0.023404092 
347 467 16 21 0.023380324 
969 183 8 10 0.023359418 
473 168 8 10 0.023356298 
485 270 9 10 0.02333503 
553 224 7 9 0.023324197 
704 230 7 9 0.023319557 
1010 606 15 22 0.0233187 
50 397 12 17 0.02330781 
971 380 11 14 0.023276906 
101 499 11 13 0.023221733 
928 327 9 11 0.023206921 
958 288 8 10 0.023187699 
502 278 8 10 0.023182115 
972 568 16 19 0.023161907 
981 413 11 15 0.023142984 
499 310 12 14 0.023118379 
862 555 10 13 0.023092749 
446 318 9 12 0.023087865 
941 416 18 22 0.023081468 
260 237 9 11 0.023029797 
933 254 9 9 0.022987675 
657 242 8 9 0.022985904 
231 481 15 21 0.022908747 
639 245 9 10 0.022902418 
962 593 18 22 0.022874275 
484 421 11 15 0.022848098 
632 306 11 13 0.022844398 
806 365 11 12 0.022834545 
480 247 8 10 0.02281523 
483 396 16 20 0.022792352 
991 489 26 31 0.02271652 
136 393 12 15 0.022704352 
398 450 13 17 0.022700813 
742 224 8 10 0.022663845 
458 270 8 10 0.02265017 
447 278 8 10 0.02264742 
959 396 11 14 0.022621315 
649 247 10 11 0.022589175 
37 426 13 16 0.022585584 
526 231 7 10 0.022580203 
253 457 16 21 0.02255463 
353 271 9 10 0.022517439 
607 230 7 10 0.022509832 
929 286 20 23 0.022477785 
29 428 11 16 0.02247381 
849 177 7 9 0.022428213 
607 222 8 10 0.022426676 
843 419 13 16 0.022420457 
1012 548 13 18 0.022416025 
521 205 7 9 0.02241057 
704 159 7 9 0.02240497 
39 400 15 19 0.022393236 
585 299 10 13 0.02238039 
844 295 9 11 0.022368524 
68 420 12 17 0.022357687 
729 225 7 8 0.022355322 
577 183 8 10 0.022348907 
476 420 12 16 0.022339247 
450 286 8 11 0.022317544 
943 580 13 18 0.022292346 
583 176 8 10 0.022277532 
637 166 7 10 0.022273287 
898 207 8 10 0.022271136 
896 505 14 19 0.02226993 
600 245 7 10 0.022259422 
908 570 13 16 0.022255385 
312 305 8 12 0.02221672 
798 402 12 15 0.02220538 
814 418 12 17 0.02220509 
862 527 11 14 0.022194533 
791 342 13 19 0.022163603 
187 367 19 23 0.022159992 
342 288 9 11 0.022144925 
120 335 10 12 0.022137979 
488 207 7 10 0.022114933 
445 222 9 10 0.022040792 
374 218 12 14 0.02203654 
602 330 12 17 0.022033716 
898 418 12 15 0.021995082 
624 225 7 9 0.021971583 
736 293 8 10 0.021906612 
601 318 9 12 0.021878727 
887 621 15 19 0.021864334 
945 306 11 13 0.021828352 
989 390 10 14 0.021822838 
517 352 24 30 0.021815734 
437 340 11 13 0.021805855 
459 403 14 16 0.02180294 
968 248 8 10 0.021794964 
263 353 12 16 0.021792576 
233 313 9 11 0.02174708 
461 473 14 19 0.021731589 
322 294 8 11 0.021690547 
457 191 7 9 0.021686066 
759 284 11 14 0.021675326 
127 365 15 18 0.021666458 
480 297 7 10 0.021662574 
868 451 13 16 0.021658076 
454 285 9 11 0.021647513 
646 240 8 10 0.021639084 
952 287 8 9 0.021617606 
486 372 13 17 0.021617318 
924 419 13 16 0.021582926 
521 271 8 10 0.021580312 
407 317 10 12 0.021578314 
511 324 13 16 0.021551855 
589 350 10 12 0.021509653 
575 247 7 11 0.02150893 
457 239 7 10 0.021497913 
982 254 7 9 0.021467661 
471 213 8 10 0.021431385 
785 388 10 13 0.02142839 
501 387 13 17 0.02142478 
733 236 9 11 0.02141343 
831 359 10 12 0.021406405 
397 276 10 12 0.021396149 
361 298 19 22 0.021390168 
921 200 8 10 0.021384807 
877 434 12 16 0.021353208 
515 436 13 18 0.02133136 
926 479 15 19 0.021322094 
724 249 21 25 0.021313872 
290 362 13 16 0.021304457 
481 355 21 24 0.021286463 
701 262 9 12 0.021279078 
326 249 14 16 0.02127141 
551 298 10 11 0.021267679 
416 229 9 12 0.021246074 
884 466 14 18 0.021236317 
358 333 16 19 0.021210989 
519 233 9 10 0.021186236 
637 333 10 13 0.021182844 
538 351 126 165 0.021142246 
238 372 13 16 0.021141917 
993 191 9 11 0.021141592 
623 213 7 9 0.021139901 
847 484 12 14 0.021129837 
735 617 15 21 0.021124866 
498 270 8 10 0.021085234 
429 240 8 11 0.021081919 
835 427 14 18 0.021074291 
891 239 8 10 0.021072537 
838 286 8 11 0.021044772 
656 198 7 9 0.02101692 
446 347 10 13 0.021006972 
791 335 12 17 0.020994173 
253 334 11 13 0.020963691 
868 445 12 15 0.020960031 
1000 332 10 12 0.020936226 
334 336 9 12 0.020886537 
405 393 13 18 0.020868808 
890 197 8 10 0.0208585 
887 248 8 10 0.020854702 
234 384 19 24 0.020842563 
578 190 9 10 0.020826308 
590 270 8 11 0.02081252 
881 183 7 10 0.020808084 
176 366 20 24 0.020803005 
974 419 11 15 0.020796705 
933 413 11 13 0.020792184 
633 366 10 12 0.020777147 
103 492 12 14 0.020741686 
669 286 10 13 0.020735832 
827 484 12 16 0.020715022 
413 304 9 11 0.020689925 
458 515 15 20 0.020677028 
953 596 43 51 0.020644814 
703 239 9 11 0.020644262 
682 176 7 8 0.020632599 
553 181 10 12 0.020628959 
168 327 8 10 0.020595236 
760 237 10 12 0.02059146 
862 256 7 9 0.02058553 
542 213 8 10 0.020549774 
429 287 9 11 0.020526081 
943 456 12 16 0.020512976 
902 246 8 9 0.020507127 
135 376 19 23 0.020438185 
965 573 15 18 0.020400433 
961 254 7 10 0.02039886 
768 153 6 9 0.020372294 
254 385 11 16 0.020343915 
988 659 17 24 0.02033698 
454 393 13 16 0.020327833 
101 420 10 12 0.020290269 
922 609 15 17 0.020287713 
467 415 22 27 0.020283908 
1002 632 21 31 0.020282641 
911 151 6 8 0.020270182 
527 338 21 27 0.020254092 
936 158 7 10 0.02025023 
987 532 20 25 0.020241208 
127 293 221 234 0.020228392 
930 254 8 10 0.02020379 
879 261 9 11 0.020185467 
385 500 12 16 0.020119095 
502 271 8 10 0.02011588 
4 409 13 19 0.020090455 
727 160 8 9 0.020089133 
382 471 16 22 0.020047305 
696 267 9 12 0.020030292 
900 331 19 22 0.02001821 
793 136 7 10 0.020015044 
