0_Parade_marchingband_1_410
2082
694 481 32 45 0.99616563 
562 465 27 41 0.99410653 
463 486 24 36 0.992939 
876 449 34 47 0.99201435 
385 477 25 36 0.99018353 
659 220 13 16 0.98992234 
59 459 15 19 0.98662823 
652 397 14 17 0.9828445 
176 259 11 15 0.9801152 
219 480 22 30 0.96589994 
16 502 18 24 0.9609004 
236 338 13 17 0.96007705 
412 432 15 21 0.9549653 
828 299 12 16 0.9499169 
782 226 13 15 0.9398539 
86 504 20 26 0.9347353 
267 480 13 18 0.9317793 
837 317 11 14 0.9306355 
398 5 11 15 0.9247964 
276 436 12 16 0.9202683 
267 330 12 15 0.9170694 
469 26 14 15 0.9167421 
86 212 14 17 0.914398 
916 46 11 14 0.91404605 
468 130 13 15 0.9096547 
249 36 12 15 0.9029719 
939 26 12 15 0.902762 
568 379 13 16 0.9020495 
156 219 11 15 0.90092963 
40 346 11 14 0.90055716 
940 214 11 14 0.8966813 
405 347 13 16 0.8922915 
965 298 13 17 0.89128274 
892 70 10 13 0.8905386 
862 211 10 13 0.88606447 
382 78 12 14 0.8847884 
358 316 11 14 0.8810854 
727 352 14 18 0.8767582 
846 280 12 16 0.8732632 
94 179 12 15 0.86854434 
566 333 14 16 0.8646258 
312 481 20 29 0.8600494 
116 213 12 15 0.859231 
926 246 12 15 0.85816336 
686 324 11 14 0.85657984 
350 414 12 15 0.85401756 
199 215 12 16 0.85269976 
237 294 12 15 0.8502643 
214 308 13 16 0.84675896 
924 281 14 17 0.84378445 
39 111 10 13 0.8434831 
48 131 12 14 0.84118325 
309 335 12 16 0.8392514 
263 76 11 15 0.8380736 
885 317 11 14 0.8355826 
109 311 12 16 0.8349164 
323 317 12 17 0.8291179 
203 375 12 14 0.82077247 
575 133 11 14 0.8186637 
64 67 11 15 0.8164491 
822 107 10 13 0.8148372 
391 414 11 14 0.81237453 
567 169 13 15 0.8033337 
129 36 10 14 0.7985467 
98 52 10 13 0.795578 
317 10 16 18 0.7944953 
677 263 12 15 0.786671 
126 461 13 17 0.78128177 
497 315 13 17 0.77940935 
38 230 11 14 0.77736896 
254 313 13 16 0.7716118 
982 212 11 14 0.76714885 
167 314 12 14 0.76497173 
263 252 12 16 0.7636309 
170 463 14 17 0.7614436 
240 217 12 16 0.75938755 
651 319 12 15 0.75706637 
665 333 12 16 0.7563623 
547 149 12 15 0.7536769 
208 38 13 16 0.7516278 
609 395 13 16 0.7515121 
831 174 13 16 0.75139785 
141 487 12 15 0.7502678 
145 73 10 14 0.7498114 
510 77 9 12 0.7494622 
628 224 12 16 0.7455413 
826 339 11 16 0.7435288 
244 446 13 16 0.7426613 
144 269 10 13 0.739802 
472 79 10 12 0.73950034 
743 263 13 16 0.7370586 
538 67 10 13 0.7354825 
356 22 13 16 0.7334693 
164 383 12 14 0.73224926 
998 278 12 15 0.7224629 
902 338 11 15 0.7184051 
630 289 11 13 0.7166208 
140 370 12 15 0.70936865 
47 486 15 20 0.7007167 
75 244 15 18 0.70029587 
453 42 12 13 0.69885623 
139 146 13 16 0.698488 
575 113 13 15 0.6942345 
330 450 14 18 0.6895214 
419 43 12 15 0.68710494 
14 136 14 17 0.6797457 
136 388 10 13 0.6795918 
121 334 13 16 0.6758167 
170 228 11 16 0.6744372 
810 275 12 15 0.67155033 
944 135 9 12 0.6549187 
880 47 11 13 0.65069675 
504 6 10 12 0.64689994 
141 49 12 15 0.6463538 
657 67 8 11 0.64614934 
276 409 11 15 0.63120735 
446 367 9 11 0.6311292 
209 236 11 15 0.63053614 
734 125 11 13 0.62835807 
183 178 11 14 0.6272854 
705 192 12 15 0.62515897 
95 141 12 16 0.62376535 
969 333 12 16 0.61716574 
222 76 10 13 0.61423564 
72 310 11 16 0.6017605 
254 382 13 15 0.60132515 
608 170 13 16 0.59053504 
615 374 13 16 0.58933926 
387 96 14 17 0.58450615 
750 281 13 16 0.58102477 
894 210 10 14 0.5735316 
20 87 11 14 0.57148814 
547 39 11 14 0.57118267 
669 471 13 20 0.56631076 
48 31 11 15 0.5649959 
868 31 10 12 0.5643153 
794 476 21 30 0.56327486 
115 381 11 15 0.5616125 
915 320 11 14 0.55826455 
597 61 10 13 0.5575314 
358 107 9 13 0.5553837 
807 136 10 11 0.55482256 
1010 181 9 12 0.5540041 
487 71 13 14 0.5493761 
72 84 13 16 0.54760236 
25 322 14 18 0.5470909 
261 145 11 14 0.54678655 
636 334 12 15 0.5455705 
492 113 12 15 0.54162383 
126 230 13 16 0.5411456 
177 151 11 15 0.5396855 
937 7 9 12 0.5364256 
664 122 9 12 0.5298633 
182 75 11 13 0.5284307 
586 158 12 14 0.5232929 
0 165 8 12 0.51709706 
224 134 11 14 0.5137121 
864 443 17 22 0.5123865 
236 15 12 14 0.5095264 
517 169 13 17 0.50543344 
679 156 12 16 0.5024056 
614 8 10 11 0.4958165 
139 177 12 16 0.49435803 
88 335 11 14 0.49371684 
847 202 9 13 0.49355766 
0 108 10 15 0.48951876 
615 116 11 14 0.4808399 
838 133 9 11 0.48071414 
771 123 11 13 0.4789114 
790 299 12 16 0.47730535 
423 93 12 16 0.47231546 
24 220 11 14 0.46780327 
359 85 10 13 0.4657492 
180 51 11 15 0.46278062 
27 315 14 17 0.4620306 
982 139 10 12 0.4592822 
610 339 9 12 0.45780173 
641 97 11 15 0.4571574 
557 58 10 13 0.45299685 
558 398 10 13 0.44908124 
228 138 10 13 0.44743872 
775 333 12 15 0.43459487 
932 119 11 15 0.43302163 
438 261 12 15 0.42806685 
639 64 9 11 0.4268206 
447 318 11 16 0.426262 
47 174 12 14 0.42309263 
285 150 9 13 0.42171407 
57 405 9 11 0.41930524 
0 19 8 12 0.41614455 
374 241 18 20 0.412293 
313 415 11 14 0.40820703 
977 435 14 19 0.40537587 
695 124 11 14 0.40336242 
631 155 12 16 0.40266463 
220 255 10 13 0.40167847 
542 25 10 13 0.40167817 
822 203 10 13 0.39569607 
873 2 9 9 0.3898971 
507 24 10 13 0.38618913 
721 163 11 13 0.38415846 
229 402 10 14 0.38347432 
219 467 14 19 0.3799618 
339 429 12 16 0.37855962 
191 13 12 14 0.37348318 
1008 341 13 16 0.37309983 
355 356 12 16 0.36684892 
129 14 8 10 0.36634806 
785 189 10 11 0.36549848 
580 27 10 13 0.36270946 
993 443 14 18 0.36240116 
341 468 13 16 0.35992858 
601 296 9 12 0.35960722 
214 416 14 17 0.35124448 
287 114 10 12 0.35063684 
716 66 10 13 0.35021305 
806 269 13 17 0.3415681 
453 7 10 12 0.34141287 
349 354 13 16 0.34073707 
741 197 11 12 0.3367254 
645 12 12 13 0.33582085 
905 43 10 13 0.3341536 
661 7 10 13 0.33106178 
276 316 13 17 0.33035913 
837 -1 9 9 0.32961693 
245 174 8 12 0.3273639 
64 229 10 13 0.3264876 
738 155 12 15 0.3251061 
149 289 11 14 0.3190779 
299 218 13 15 0.31835645 
749 391 19 28 0.31474227 
88 35 10 13 0.31463704 
241 241 11 14 0.30744404 
453 450 10 14 0.3071399 
166 30 12 14 0.30681446 
805 204 8 11 0.3066084 
778 95 9 11 0.30631936 
157 179 9 13 0.3018476 
1005 155 10 12 0.30101532 
310 187 10 11 0.30057043 
942 192 8 10 0.3005694 
800 317 11 14 0.29978248 
599 323 11 14 0.29909647 
348 117 11 13 0.29741964 
659 175 11 13 0.2942668 
230 423 12 16 0.29112267 
718 325 13 17 0.29094943 
762 360 14 18 0.2896529 
983 414 14 19 0.28288472 
25 70 10 13 0.2823647 
378 132 12 14 0.27770206 
155 522 16 21 0.27312213 
0 307 10 15 0.2691523 
221 128 9 11 0.26856852 
5 470 11 15 0.26798162 
571 435 11 14 0.26746666 
521 319 10 12 0.26403233 
221 326 12 16 0.26243868 
130 227 15 18 0.26181242 
950 302 8 11 0.25729266 
686 68 9 11 0.25547695 
206 417 12 16 0.25491622 
6 126 12 16 0.2547279 
44 431 9 13 0.2515573 
679 281 11 14 0.24690461 
651 278 10 13 0.2459915 
841 30 9 10 0.24414228 
869 132 12 13 0.24147181 
1012 176 11 15 0.23836258 
61 56 9 12 0.23582378 
683 278 12 15 0.23453557 
676 245 11 12 0.23404174 
970 120 7 10 0.23029722 
119 285 12 15 0.22872536 
575 260 9 11 0.22390962 
647 285 12 14 0.22181472 
14 317 11 14 0.22158639 
432 418 14 18 0.22036675 
226 45 10 13 0.21979 
26 390 9 11 0.21934015 
179 348 9 13 0.21910861 
928 304 10 13 0.21671242 
886 196 9 12 0.21649987 
244 124 10 13 0.2147884 
930 73 10 13 0.21399942 
526 388 9 12 0.21246009 
789 186 10 13 0.21084227 
112 4 8 10 0.21076909 
436 130 10 14 0.20836078 
326 28 10 12 0.2075423 
604 78 10 12 0.20464401 
656 444 14 17 0.20350906 
431 261 13 16 0.20280194 
558 362 10 14 0.20182201 
44 202 12 16 0.20063815 
932 352 9 12 0.1995193 
380 466 12 16 0.19879009 
171 28 13 15 0.19822273 
288 71 9 12 0.19641869 
808 166 9 11 0.1947394 
617 66 10 13 0.1928391 
958 158 8 10 0.1923105 
966 173 8 11 0.19167057 
676 118 9 13 0.19136792 
498 460 13 17 0.19128148 
271 270 11 13 0.19107638 
284 293 10 13 0.18953331 
660 50 11 13 0.18546374 
51 126 11 13 0.18469447 
719 38 10 12 0.18440229 
180 405 11 14 0.18401264 
837 246 11 14 0.18398073 
174 21 13 15 0.18286207 
174 365 12 14 0.18211949 
852 264 10 12 0.1813763 
809 88 9 12 0.1808825 
45 70 12 15 0.17804006 
32 227 11 15 0.17765059 
332 74 12 14 0.17696561 
660 107 10 13 0.17693491 
565 28 9 12 0.17532489 
280 375 9 13 0.1750776 
671 118 10 13 0.17377646 
353 0 11 12 0.16981792 
481 382 10 14 0.16821034 
709 146 10 13 0.16777799 
725 276 13 16 0.16588052 
48 137 12 16 0.16347611 
699 410 13 18 0.16160496 
196 18 10 12 0.16151516 
31 1 8 9 0.1613274 
309 443 10 12 0.16105887 
635 150 12 15 0.16045259 
352 108 11 14 0.16009961 
757 95 8 11 0.15989505 
558 390 11 15 0.15984073 
42 12 9 12 0.15930076 
790 380 10 13 0.15854454 
785 7 9 11 0.1584518 
647 414 15 20 0.15543029 
281 3 11 13 0.15492201 
193 302 9 11 0.15286686 
391 344 10 13 0.15250483 
973 120 8 10 0.15221092 
473 284 9 12 0.15192915 
977 136 9 12 0.15169926 
694 131 11 13 0.15075696 
183 141 10 13 0.14992593 
918 220 8 11 0.14769256 
903 283 10 13 0.14657192 
103 99 11 14 0.14402461 
859 450 37 50 0.1434362 
308 167 9 12 0.14317338 
516 44 11 15 0.1422648 
628 442 15 21 0.14113866 
302 52 11 13 0.1404175 
604 317 11 14 0.13870338 
159 14 9 11 0.13851811 
656 47 10 13 0.13800365 
909 0 8 9 0.13704461 
327 52 12 15 0.13662635 
805 397 10 14 0.13650747 
552 55 10 13 0.13614742 
121 464 12 15 0.13599664 
937 192 10 12 0.13474697 
658 462 22 31 0.13459568 
727 15 11 13 0.13427137 
688 12 10 12 0.13415414 
384 148 12 15 0.13394056 
281 356 9 12 0.13301028 
127 178 9 12 0.13281365 
189 455 9 13 0.13239002 
492 283 13 15 0.13149416 
673 150 9 13 0.13100049 
1016 140 8 13 0.13070086 
262 300 11 13 0.13054545 
500 136 13 17 0.12969005 
672 198 11 13 0.12956661 
16 60 11 14 0.12953159 
655 12 10 12 0.12935023 
670 301 9 12 0.12758029 
753 96 8 11 0.12662718 
390 42 11 13 0.126419 
396 325 11 13 0.12638232 
582 37 10 12 0.12628238 
641 7 10 12 0.12627807 
676 151 12 16 0.12607348 
865 34 9 12 0.12605083 
429 10 11 14 0.12583488 
449 40 10 12 0.125635 
71 167 12 14 0.12519662 
516 69 11 13 0.12488744 
840 379 11 16 0.12473225 
695 7 10 13 0.12384132 
942 61 11 12 0.12369801 
119 60 9 12 0.12360829 
807 6 10 11 0.123583384 
336 289 11 15 0.123528235 
335 433 14 18 0.12342405 
883 278 11 15 0.12324209 
993 180 9 12 0.122856155 
284 285 10 13 0.12202839 
241 77 10 12 0.121669956 
277 269 9 12 0.12080868 
165 421 9 11 0.12051045 
95 507 17 21 0.12039212 
177 497 15 21 0.119094595 
246 179 10 12 0.11878779 
865 134 9 11 0.11871865 
990 205 9 14 0.118490316 
417 323 10 12 0.118451655 
166 71 9 12 0.11816235 
789 6 8 10 0.117465265 
78 363 10 12 0.1173301 
887 132 11 13 0.117288396 
893 135 11 13 0.11659377 
840 205 10 13 0.11640551 
960 166 9 12 0.11623372 
532 411 11 16 0.11619019 
599 66 11 14 0.11575176 
872 139 10 12 0.115439676 
664 295 9 11 0.11525164 
945 247 10 12 0.11481284 
90 138 11 15 0.114807114 
711 116 10 13 0.11446845 
981 41 14 17 0.11420201 
220 413 13 17 0.11405228 
724 245 11 15 0.11391838 
601 364 10 13 0.11334189 
189 141 9 13 0.112427965 
453 188 11 15 0.111914106 
160 416 10 12 0.111599594 
200 110 9 13 0.11144107 
13 467 11 15 0.11111482 
288 93 9 12 0.11101286 
784 109 10 12 0.11081109 
706 375 15 22 0.11063577 
161 28 11 14 0.11037574 
589 0 8 9 0.10995546 
651 566 18 22 0.109873734 
253 94 11 12 0.109871894 
763 198 10 13 0.1097097 
101 269 12 15 0.10945737 
175 16 11 12 0.109383464 
259 309 11 16 0.10937968 
853 22 9 11 0.10902026 
804 262 12 15 0.10891697 
262 213 12 14 0.108796075 
621 64 9 11 0.108737335 
420 459 14 19 0.10824111 
804 411 14 19 0.10804529 
591 171 11 15 0.107492246 
1009 94 10 13 0.10738607 
176 343 10 13 0.10692357 
925 475 20 28 0.10657395 
335 47 10 14 0.106539965 
595 332 12 15 0.10626897 
688 38 9 12 0.10568463 
101 419 10 13 0.10537585 
201 419 10 13 0.10411364 
834 413 17 21 0.104037106 
599 23 9 12 0.103982694 
100 47 11 13 0.10386412 
432 247 10 13 0.103555605 
437 387 11 13 0.1034526 
840 84 11 12 0.103447914 
343 419 12 15 0.10263664 
386 104 15 17 0.10211072 
583 349 10 13 0.10202411 
877 135 10 12 0.10135813 
59 276 11 13 0.10111201 
179 256 11 14 0.100810304 
108 101 11 13 0.10068929 
142 27 9 13 0.10051961 
884 262 10 13 0.099945046 
16 23 8 11 0.09992383 
70 237 13 16 0.099521734 
898 213 11 13 0.09913507 
40 196 13 17 0.09880931 
159 21 11 14 0.09770768 
912 131 11 13 0.097229205 
0 264 7 13 0.096879944 
540 180 13 16 0.0966854 
472 0 10 11 0.09564408 
287 263 10 12 0.095412865 
344 60 11 15 0.09514737 
823 142 9 11 0.09482345 
167 222 12 16 0.094028115 
303 375 8 12 0.094001934 
556 108 10 12 0.09395252 
724 266 14 18 0.09361984 
781 101 10 13 0.093488604 
560 315 11 14 0.09248637 
552 174 10 13 0.09213382 
931 278 13 17 0.092059925 
120 24 8 11 0.09203337 
1 538 10 15 0.09196304 
801 21 9 11 0.09186469 
877 0 9 11 0.09145556 
213 149 11 12 0.09140829 
21 52 9 13 0.09121501 
86 0 8 9 0.09097654 
222 29 9 11 0.09054101 
24 431 8 10 0.09024057 
61 429 9 11 0.09012095 
680 384 13 17 0.08995394 
751 156 10 13 0.089899085 
95 8 8 10 0.089718156 
988 139 10 13 0.08924544 
527 14 10 13 0.08879903 
15 195 10 14 0.08875537 
198 132 11 15 0.08871893 
42 381 10 12 0.08849724 
675 309 11 14 0.08826163 
495 0 9 9 0.087696515 
167 109 10 13 0.08703084 
982 0 10 11 0.087016515 
77 278 9 11 0.086988114 
351 167 10 13 0.08678715 
28 438 9 13 0.086759716 
316 383 9 13 0.086756766 
550 415 8 12 0.08666388 
64 132 10 13 0.08662301 
822 377 14 17 0.086561605 
940 12 10 12 0.08580562 
967 248 10 12 0.0856964 
175 6 9 10 0.08566909 
332 125 10 13 0.085223764 
170 470 15 20 0.084876716 
805 22 9 10 0.08463389 
72 437 10 12 0.08456085 
44 8 10 11 0.083792254 
115 451 11 14 0.08356796 
907 278 11 14 0.083556324 
463 92 11 14 0.0835367 
648 46 9 12 0.08336681 
24 47 9 11 0.0831754 
412 76 10 12 0.0830939 
78 462 10 12 0.08300164 
89 102 10 14 0.08265717 
363 432 13 18 0.08263882 
429 147 13 16 0.082561255 
113 448 10 13 0.082374215 
380 257 14 16 0.08205661 
769 183 9 11 0.08157897 
256 282 12 15 0.081151746 
920 216 9 12 0.081088014 
752 382 12 16 0.08077086 
284 0 10 11 0.08076382 
711 211 12 15 0.0807031 
152 155 9 13 0.08065584 
138 514 12 16 0.08041484 
113 182 9 11 0.0804127 
364 85 11 14 0.080165 
318 52 13 16 0.07983457 
485 281 14 17 0.0798206 
957 152 8 10 0.07977981 
295 165 9 11 0.07954044 
214 388 13 17 0.07917711 
241 120 10 12 0.07905859 
244 250 11 14 0.07897276 
974 385 12 15 0.07885119 
476 22 11 14 0.07877457 
392 1 9 11 0.07871065 
1 210 11 14 0.07852107 
485 336 10 13 0.07832783 
477 283 11 14 0.07771593 
847 266 12 16 0.07770718 
30 373 9 12 0.07741517 
0 170 9 14 0.077360354 
117 376 10 13 0.07714175 
1015 164 9 12 0.07680398 
205 79 9 12 0.07667087 
686 109 9 11 0.07661945 
868 93 9 12 0.07659795 
158 287 10 13 0.07656734 
388 153 13 16 0.07646676 
549 178 13 17 0.07642344 
801 260 10 14 0.07627842 
485 126 13 19 0.07591272 
22 225 13 17 0.075613715 
634 62 10 11 0.07557333 
104 479 11 13 0.07555721 
758 222 11 15 0.0755296 
1003 281 11 14 0.0753084 
525 0 10 9 0.07519661 
312 386 11 15 0.07518416 
285 172 9 11 0.075169735 
230 40 10 12 0.074858814 
207 85 9 12 0.07485264 
201 78 9 11 0.07472389 
965 83 12 14 0.074451156 
909 40 13 16 0.0743791 
54 219 12 15 0.074270666 
981 382 10 12 0.07416071 
494 52 10 13 0.07404105 
62 224 11 13 0.073913865 
119 182 8 10 0.07376891 
441 72 9 11 0.07356535 
932 333 9 13 0.07323128 
233 297 12 15 0.073012896 
454 342 9 13 0.072761856 
3 403 10 14 0.0727219 
869 175 10 12 0.07208116 
784 163 11 15 0.0717862 
784 470 24 37 0.07146424 
0 283 18 29 0.07129113 
91 275 11 15 0.07126158 
139 379 12 16 0.0712282 
209 143 9 13 0.07119392 
4 365 10 14 0.070993625 
279 264 8 11 0.07089283 
246 83 10 12 0.07072008 
158 271 9 12 0.0707074 
345 351 11 16 0.070573516 
542 0 10 11 0.070216835 
4 206 12 16 0.07018369 
324 294 11 14 0.06991588 
78 15 8 11 0.06985535 
238 72 9 12 0.069557056 
964 285 13 17 0.069551796 
610 177 13 15 0.06944496 
632 54 9 10 0.069307625 
881 375 9 12 0.069225036 
125 78 10 14 0.06913091 
843 78 11 14 0.06904813 
856 72 9 11 0.068797685 
201 396 11 15 0.06874558 
246 133 10 13 0.068536505 
246 109 9 12 0.06832535 
192 307 12 15 0.068301216 
1012 184 11 15 0.06827746 
294 117 9 11 0.06818781 
20 235 11 14 0.06800821 
417 21 11 14 0.06797275 
485 428 13 18 0.067898944 
734 223 11 13 0.06788248 
108 274 11 15 0.06784855 
377 466 23 30 0.0675433 
72 14 9 11 0.06748503 
175 410 10 13 0.067265585 
92 107 11 13 0.06725906 
8 6 10 12 0.06725408 
287 167 9 11 0.0672449 
950 341 10 12 0.06701921 
294 3 11 14 0.06698446 
335 338 11 17 0.066709474 
884 86 11 13 0.066700585 
16 462 10 14 0.066625565 
54 443 11 13 0.06661445 
57 59 12 17 0.066547416 
94 268 12 15 0.06651792 
768 277 11 15 0.06633132 
368 54 12 16 0.0661455 
889 211 10 13 0.06611137 
6 14 9 13 0.06592761 
177 48 10 13 0.06589282 
273 311 10 12 0.06581717 
609 94 10 14 0.06577963 
309 52 12 15 0.065592036 
954 199 8 11 0.065529786 
16 54 10 13 0.06549226 
189 149 9 12 0.06533609 
226 273 13 16 0.06528323 
181 229 10 12 0.06452956 
404 414 12 14 0.064306475 
160 8 9 11 0.06424359 
646 52 10 12 0.06413798 
64 1 10 9 0.0637626 
133 31 10 13 0.06364741 
65 383 8 11 0.063629985 
857 76 9 12 0.0635803 
862 428 10 13 0.063414484 
791 364 11 13 0.063269235 
709 2 11 13 0.06321835 
134 44 11 14 0.062942915 
682 69 8 11 0.06293543 
644 62 10 12 0.06284583 
547 22 10 14 0.06275557 
29 74 9 12 0.06264676 
40 75 10 12 0.06264489 
356 2 11 14 0.06262227 
638 142 11 13 0.06261851 
560 418 12 15 0.062348485 
817 102 10 14 0.06228989 
997 180 9 12 0.062270503 
524 179 11 15 0.062175844 
527 363 12 16 0.0620091 
806 117 10 12 0.061832655 
1000 239 10 12 0.061812676 
651 445 24 30 0.061787743 
355 418 11 15 0.06172401 
620 113 11 12 0.06170461 
56 228 11 14 0.06168917 
892 452 34 42 0.061659653 
168 125 10 12 0.061615814 
636 133 11 13 0.061546154 
791 373 13 17 0.061408523 
149 150 10 14 0.061189223 
669 102 9 12 0.061105844 
281 172 8 11 0.061038226 
510 38 11 14 0.060876735 
635 126 12 14 0.060750484 
43 116 11 15 0.060706746 
917 109 11 15 0.060556237 
936 55 11 13 0.060551357 
1012 353 12 17 0.0605179 
632 47 10 13 0.060371835 
144 15 8 11 0.060358904 
919 29 11 13 0.060336474 
945 300 9 13 0.060081318 
527 217 12 15 0.060010042 
228 411 12 15 0.060006652 
30 180 10 12 0.059756715 
998 176 9 11 0.059689753 
423 144 12 14 0.059670746 
30 397 8 10 0.05965428 
1014 380 10 15 0.059531238 
838 406 11 14 0.05940909 
821 54 8 10 0.05936972 
533 106 13 16 0.05935082 
759 390 19 29 0.05933961 
69 383 8 10 0.059227996 
838 55 9 11 0.059200585 
213 232 9 13 0.059132103 
990 350 10 12 0.05905084 
225 173 10 12 0.05888529 
278 277 10 13 0.058870934 
478 433 14 17 0.058821388 
182 223 8 12 0.05876085 
989 436 15 21 0.058756564 
537 335 8 11 0.05870322 
74 430 8 11 0.05861932 
776 306 11 15 0.0582147 
701 384 17 23 0.0580761 
213 142 10 12 0.05790684 
640 460 26 35 0.05782257 
831 168 10 13 0.05774015 
1000 164 11 12 0.05770882 
17 267 10 12 0.05765281 
475 129 13 16 0.057637595 
544 211 12 17 0.057597272 
174 109 10 12 0.05747088 
814 184 8 12 0.05743556 
637 290 11 13 0.05731914 
798 416 20 25 0.057280246 
802 324 11 14 0.057105947 
783 300 12 16 0.05699868 
255 0 9 11 0.056868993 
658 62 12 14 0.056851037 
430 45 10 14 0.056820508 
324 20 13 15 0.056595545 
77 397 10 12 0.056343418 
804 401 14 19 0.056232348 
952 307 10 13 0.056220558 
298 125 8 12 0.056120925 
569 256 9 12 0.056079432 
830 93 10 12 0.05603975 
900 99 10 14 0.055848785 
475 356 12 15 0.055645883 
7 193 13 17 0.055624023 
986 35 14 18 0.05552458 
281 299 10 13 0.05549219 
630 0 11 10 0.055258904 
785 213 15 17 0.05523084 
527 106 11 15 0.055097576 
909 71 10 13 0.05506299 
676 253 13 17 0.054903165 
269 364 11 14 0.05486796 
772 282 11 16 0.0548575 
558 171 11 15 0.05485375 
217 313 13 16 0.054737855 
462 477 14 20 0.05451932 
211 242 11 15 0.054508228 
789 159 9 12 0.054492284 
562 380 11 17 0.054468956 
67 221 13 15 0.05436984 
712 123 9 13 0.054283377 
536 21 10 13 0.054246366 
590 5 9 10 0.054192398 
57 272 10 12 0.054187737 
184 237 10 13 0.054062936 
681 260 13 17 0.054033976 
420 320 11 13 0.0540171 
855 205 10 14 0.05396756 
575 144 11 16 0.05387812 
115 125 12 14 0.05379809 
800 201 10 12 0.05359056 
574 349 10 14 0.053575672 
2 399 9 13 0.05342409 
132 322 12 15 0.053378433 
783 12 8 11 0.053368896 
47 389 9 12 0.05334382 
214 12 8 11 0.05329732 
893 174 9 11 0.053240787 
509 133 10 14 0.05321762 
56 429 10 13 0.053171337 
137 23 9 11 0.05317012 
808 2 10 10 0.05306699 
14 6 9 10 0.053035993 
386 83 13 16 0.05294934 
663 155 10 12 0.05271562 
836 60 9 13 0.052661527 
421 357 10 13 0.052565522 
254 183 10 13 0.052508272 
8 382 8 12 0.05250203 
173 191 10 11 0.052485455 
207 33 11 13 0.05247643 
72 213 10 13 0.052450355 
645 150 10 14 0.052354 
223 453 11 14 0.05219443 
988 29 11 15 0.052155692 
681 62 10 13 0.052093342 
181 399 11 14 0.052090984 
78 283 10 12 0.05204033 
926 214 9 12 0.0519732 
225 167 9 11 0.05185768 
807 161 9 11 0.05181128 
302 159 10 12 0.05171195 
981 119 9 11 0.05142563 
70 183 11 14 0.05114605 
187 175 11 14 0.051127944 
767 251 13 16 0.051122013 
829 21 9 11 0.050955046 
521 101 10 15 0.05091436 
637 472 14 17 0.050737735 
890 206 9 13 0.05068873 
607 27 9 11 0.05068675 
272 98 12 15 0.05065041 
417 91 13 17 0.050576508 
1013 158 9 12 0.05057275 
748 195 12 14 0.050551143 
509 1 9 9 0.050347846 
521 1 9 10 0.050344378 
726 235 12 15 0.050242186 
58 235 10 13 0.050230805 
122 220 14 16 0.05019058 
71 37 8 10 0.050184693 
752 6 9 11 0.050107494 
892 388 10 14 0.05008129 
166 375 12 16 0.04989004 
608 38 10 13 0.049843974 
380 140 13 15 0.049818743 
158 254 11 14 0.049789656 
951 116 9 12 0.049750417 
340 258 12 15 0.049704395 
3 300 11 15 0.049626723 
694 109 9 12 0.0495688 
268 236 11 13 0.04952679 
794 183 11 13 0.049484488 
159 111 8 11 0.04948365 
680 267 14 17 0.049395148 
622 447 16 22 0.049286805 
991 200 9 11 0.049198836 
431 368 12 17 0.049118493 
461 188 14 17 0.049066797 
267 258 13 15 0.048953015 
515 76 10 13 0.04880582 
813 172 9 11 0.048736665 
150 116 10 13 0.04862596 
471 309 9 13 0.048603274 
89 16 9 11 0.048466858 
223 270 12 15 0.048388787 
625 155 12 17 0.04811613 
655 311 10 13 0.048077554 
176 180 10 13 0.048058417 
111 108 10 13 0.048040994 
181 81 13 15 0.047974017 
173 2 10 10 0.04794887 
56 410 12 14 0.04789146 
830 197 9 12 0.047830492 
376 460 13 18 0.047807887 
524 4 11 14 0.04775761 
375 82 12 15 0.047722396 
232 334 13 16 0.04758096 
2 473 10 15 0.04749675 
941 279 9 13 0.047492072 
773 21 9 12 0.04746309 
422 -1 8 8 0.047434557 
839 138 10 12 0.047427513 
247 139 11 14 0.047374826 
415 87 11 14 0.047324944 
853 199 9 13 0.047312435 
972 124 9 11 0.047214568 
117 244 11 13 0.04718515 
36 106 18 23 0.047168918 
508 113 12 16 0.047083046 
224 40 9 12 0.047053326 
289 223 9 12 0.04704189 
864 180 10 12 0.047018934 
639 108 10 13 0.046997957 
113 377 9 12 0.046786867 
820 312 13 17 0.04661283 
24 310 13 15 0.0465655 
492 130 14 18 0.04642434 
952 4 11 13 0.046382908 
597 100 12 15 0.046379603 
220 360 13 17 0.04636815 
469 300 10 13 0.046352252 
864 114 10 13 0.046352066 
41 178 10 12 0.04629384 
120 227 13 17 0.04626795 
582 5 10 12 0.04623167 
609 123 10 13 0.046197556 
491 290 13 16 0.04619083 
523 90 13 15 0.046189897 
754 88 7 10 0.046160296 
632 314 13 16 0.0460923 
208 8 10 11 0.04601653 
94 13 9 12 0.045944363 
600 310 10 13 0.045906197 
802 163 9 12 0.04579179 
257 77 11 14 0.045748007 
183 244 10 13 0.04570425 
461 6 10 11 0.04569449 
940 208 11 13 0.045690726 
702 4 11 13 0.045688707 
103 382 8 11 0.04567602 
721 249 11 15 0.045628987 
741 120 9 12 0.045588445 
119 0 8 9 0.045500968 
21 486 15 18 0.045471106 
62 19 9 11 0.045387544 
687 118 10 14 0.04533196 
404 11 10 14 0.045306467 
639 355 10 14 0.045259207 
23 173 10 13 0.04519378 
616 2 8 10 0.04492402 
302 438 12 15 0.04492346 
128 8 8 10 0.044836428 
928 175 8 10 0.044812392 
129 420 12 14 0.044811435 
182 13 9 12 0.04473934 
217 132 11 13 0.04465696 
605 83 10 12 0.04462886 
930 469 16 23 0.04458827 
604 478 15 22 0.04454038 
76 165 12 15 0.044534575 
951 236 10 12 0.04451958 
393 9 11 15 0.04442698 
256 189 10 13 0.044403665 
813 92 9 11 0.044357594 
802 331 13 17 0.04435022 
7 84 10 14 0.044344842 
533 166 12 14 0.044274367 
997 259 11 13 0.04421505 
889 167 8 11 0.04409651 
596 173 11 13 0.044069767 
396 69 11 15 0.043996926 
695 103 8 11 0.043934334 
241 109 9 12 0.043933168 
49 93 9 12 0.043925468 
295 110 9 13 0.043921374 
129 386 11 13 0.043890867 
646 301 10 12 0.043876734 
168 196 11 14 0.043852948 
848 168 8 11 0.043796323 
62 163 11 14 0.043794192 
590 108 12 13 0.043682676 
390 71 13 16 0.043627728 
886 229 9 11 0.043544874 
439 369 13 16 0.04354063 
789 387 11 13 0.043515056 
423 7 9 12 0.043400247 
565 354 11 15 0.04337753 
333 371 12 15 0.04332234 
73 359 10 13 0.04324507 
480 334 9 12 0.043184172 
469 292 11 14 0.04317726 
516 435 11 15 0.043154962 
912 254 9 11 0.043118667 
856 135 9 12 0.042885043 
815 376 14 19 0.042738196 
316 44 13 17 0.04262688 
459 38 11 13 0.042459585 
56 340 10 14 0.042451426 
974 36 13 17 0.04245063 
85 485 10 14 0.04245013 
761 165 10 14 0.042433504 
342 66 10 15 0.04242629 
255 195 10 13 0.04239888 
56 437 11 13 0.042348 
799 159 10 11 0.042311646 
606 312 9 12 0.042280458 
560 261 8 11 0.04226062 
773 395 14 20 0.042211276 
303 181 12 15 0.04211239 
732 282 11 14 0.042044763 
693 259 15 18 0.04202203 
217 70 12 14 0.041997515 
567 37 9 11 0.041993584 
396 329 12 16 0.041984588 
406 37 9 12 0.04196256 
878 30 9 12 0.04193153 
612 286 11 14 0.041865483 
101 398 9 11 0.041780703 
799 412 13 17 0.04176827 
340 46 10 14 0.04171634 
567 348 11 15 0.041658524 
582 68 11 13 0.041648217 
488 221 9 12 0.041589998 
79 20 8 12 0.04158592 
4 222 11 14 0.041568577 
265 435 11 15 0.041550476 
967 180 8 10 0.04152529 
678 112 9 11 0.04145168 
949 251 10 12 0.04144583 
7 430 7 10 0.041425552 
59 348 11 14 0.041423894 
92 37 10 13 0.04140208 
469 442 15 19 0.041367885 
300 224 14 15 0.04134707 
477 375 12 15 0.04133185 
825 19 9 11 0.041261766 
807 14 9 11 0.041205358 
578 140 12 15 0.04109956 
930 386 11 16 0.041049846 
347 57 15 19 0.040990908 
69 6 10 11 0.04095329 
491 421 12 16 0.0408904 
872 44 12 14 0.040751614 
655 1 10 10 0.040724453 
30 407 8 11 0.040687546 
785 380 10 13 0.04066056 
125 19 11 13 0.040647052 
85 463 8 11 0.040623654 
996 255 10 12 0.04061228 
897 28 10 13 0.040607385 
333 11 9 13 0.040542148 
800 16 9 11 0.0405384 
284 351 10 13 0.040428787 
991 246 11 11 0.04034303 
524 188 11 14 0.040273093 
200 84 10 12 0.040188935 
122 280 14 16 0.040171996 
790 116 8 10 0.0401699 
28 413 10 12 0.040165335 
503 301 11 15 0.040142663 
804 256 10 13 0.04013623 
102 376 8 10 0.040044975 
672 432 13 19 0.04002334 
174 355 12 16 0.04000469 
686 0 8 10 0.039995458 
239 27 10 13 0.039953224 
365 351 10 13 0.03992459 
742 300 13 16 0.0398844 
772 131 10 12 0.039842147 
121 174 10 13 0.039748203 
40 375 10 13 0.039733667 
311 374 9 12 0.039637763 
408 72 11 14 0.039631154 
764 203 11 14 0.039630406 
834 126 10 12 0.039629184 
998 479 12 17 0.03956463 
861 78 10 12 0.039561342 
49 24 10 12 0.03954017 
46 144 13 15 0.039538417 
300 108 11 13 0.03953099 
849 22 9 12 0.039528985 
545 90 10 14 0.03950688 
147 273 12 14 0.03940471 
104 70 10 13 0.03937574 
872 354 13 17 0.03933951 
864 59 11 15 0.03933872 
281 110 10 13 0.03926718 
1013 13 9 14 0.039252907 
473 388 11 14 0.039236385 
359 428 13 16 0.039215967 
844 374 9 14 0.0390798 
929 14 10 12 0.038973894 
46 62 10 13 0.03890152 
204 404 12 16 0.038881343 
616 44 10 12 0.03884632 
160 456 9 12 0.038779866 
765 411 12 16 0.038638216 
770 331 11 16 0.038474787 
462 14 10 12 0.03844762 
417 428 15 20 0.038424883 
724 44 11 14 0.03837647 
549 220 9 12 0.038373627 
214 31 9 12 0.038294442 
136 341 10 14 0.03828433 
565 318 9 12 0.038241446 
94 0 8 9 0.03823033 
848 14 10 12 0.03822746 
694 156 10 13 0.038219023 
662 326 13 17 0.038181953 
951 141 8 10 0.038178653 
415 13 10 12 0.038159583 
250 446 10 13 0.0381523 
264 267 10 13 0.038131915 
167 357 10 13 0.03810835 
550 -1 9 9 0.038060155 
410 343 12 15 0.037994567 
63 517 13 16 0.037970074 
278 167 9 12 0.03794395 
335 121 9 11 0.037942957 
28 214 11 14 0.037915416 
82 244 11 15 0.03788577 
671 96 8 10 0.037880275 
5 116 11 16 0.037872534 
392 332 10 13 0.03770042 
54 389 9 11 0.03764497 
637 45 11 15 0.03761573 
109 70 9 12 0.0375783 
937 3 9 10 0.037544727 
784 36 10 12 0.03751571 
7 47 10 14 0.037510417 
908 465 28 34 0.037476614 
655 303 9 11 0.037363812 
493 214 10 12 0.0373093 
161 460 11 15 0.03728288 
783 193 12 14 0.037260756 
215 357 12 16 0.037183847 
267 245 13 17 0.037167624 
477 4 10 12 0.037133377 
927 221 9 11 0.037104607 
70 79 11 13 0.037104588 
447 362 10 11 0.03708392 
781 22 10 11 0.03707006 
667 53 12 14 0.037051134 
445 253 12 17 0.037034266 
500 281 10 14 0.03702861 
225 397 12 15 0.036980614 
240 168 9 12 0.036967076 
142 151 12 15 0.036960136 
596 107 11 13 0.03694888 
223 236 11 13 0.036925927 
510 62 14 16 0.036890358 
573 46 11 13 0.036866955 
418 49 11 15 0.03680451 
494 22 12 15 0.036781967 
916 127 10 12 0.036684398 
577 13 10 12 0.036665443 
466 190 15 17 0.036639564 
663 38 9 11 0.03658375 
557 68 11 12 0.036548607 
846 51 11 13 0.036492433 
304 171 12 15 0.03648788 
97 212 12 16 0.036407065 
610 11 10 13 0.03640233 
344 111 11 14 0.03638193 
901 308 11 16 0.03633682 
743 274 14 17 0.036307864 
727 229 12 15 0.036301352 
505 71 10 12 0.036287177 
503 35 11 15 0.03627811 
112 131 11 13 0.03627477 
230 85 11 12 0.036256813 
362 355 12 15 0.03621368 
581 149 12 16 0.03620498 
565 430 19 23 0.036199495 
305 218 14 15 0.036192544 
7 20 8 12 0.03617787 
486 20 9 13 0.03615425 
604 69 11 14 0.03611419 
498 4 11 13 0.03610004 
177 142 11 13 0.036056895 
646 38 9 12 0.03594799 
932 396 10 14 0.03593456 
878 254 9 12 0.03588167 
766 419 10 13 0.03583955 
61 436 10 13 0.03579766 
596 179 12 15 0.035756726 
904 49 11 14 0.035633717 
972 246 11 12 0.035606943 
966 278 12 16 0.03554373 
992 357 11 14 0.035479225 
449 340 10 14 0.035462596 
209 292 10 14 0.035443824 
111 216 14 16 0.035443 
569 131 11 15 0.03544066 
959 251 8 11 0.035435535 
724 343 15 19 0.035388477 
756 157 10 13 0.035371356 
344 121 11 14 0.035354972 
150 456 8 11 0.035352953 
133 523 24 31 0.0352317 
837 239 10 13 0.03518066 
607 438 23 29 0.03513782 
192 156 8 12 0.03511193 
581 43 10 13 0.035108138 
840 24 9 12 0.03510588 
773 460 22 35 0.03506317 
855 5 10 11 0.035010226 
151 175 12 16 0.034993384 
32 4 9 11 0.034987856 
89 269 11 14 0.034986973 
893 298 13 16 0.034880515 
126 166 11 14 0.034758054 
573 365 12 15 0.034746066 
38 105 10 14 0.034731217 
262 124 10 11 0.03468446 
983 424 21 26 0.03466517 
877 40 11 13 0.034596827 
148 51 10 14 0.03457869 
295 438 10 12 0.034577113 
972 253 10 12 0.03456168 
166 350 10 13 0.03455999 
141 392 10 14 0.03455888 
493 62 10 13 0.034546703 
743 54 10 11 0.034522675 
296 159 10 13 0.03450582 
639 1 9 10 0.03446013 
5 228 11 13 0.03441978 
535 185 12 16 0.034378912 
622 337 12 14 0.034375854 
659 204 14 16 0.034351334 
468 89 14 17 0.03429344 
103 39 9 13 0.0342508 
322 491 17 24 0.034246504 
204 388 13 17 0.034222424 
823 306 13 17 0.03420619 
239 84 11 13 0.03418869 
441 323 11 14 0.034136735 
858 207 18 22 0.034109756 
889 181 8 11 0.034090642 
841 34 10 12 0.034063287 
1014 147 9 14 0.03406238 
437 46 9 11 0.03405599 
656 117 10 12 0.034019284 
983 244 10 12 0.034004547 
713 35 10 12 0.033940364 
181 459 11 15 0.033925273 
106 164 13 16 0.03389036 
403 138 13 14 0.033841852 
64 308 11 16 0.03377861 
29 47 9 12 0.033768248 
495 455 13 15 0.033758666 
887 223 8 10 0.033705264 
839 198 10 12 0.03367417 
630 177 13 15 0.033668477 
254 86 10 11 0.033666056 
414 354 11 14 0.033658452 
622 301 8 11 0.033656523 
588 354 12 17 0.033608582 
62 224 19 22 0.03359373 
205 368 12 15 0.03357497 
7 1 10 10 0.03356562 
300 3 13 15 0.03356263 
974 261 9 11 0.033510637 
358 15 14 18 0.03348912 
190 314 14 17 0.033470366 
254 393 13 17 0.033458184 
602 357 12 16 0.03345094 
553 101 11 15 0.03340952 
101 390 9 11 0.033403978 
564 402 12 16 0.03339539 
56 1 9 9 0.033389565 
895 38 10 14 0.033366937 
478 91 12 15 0.033350997 
643 197 14 16 0.03332054 
118 328 12 14 0.033318803 
734 54 10 11 0.0332975 
791 253 10 13 0.033280227 
942 67 12 14 0.033267297 
26 1 7 8 0.033169348 
465 21 11 15 0.033106275 
45 190 11 15 0.03310395 
806 36 8 11 0.033009227 
878 342 11 13 0.032985345 
959 118 9 11 0.032984205 
164 414 12 14 0.032948054 
855 443 26 37 0.03290059 
142 116 12 14 0.03288524 
728 52 9 11 0.03283308 
342 52 12 17 0.032829173 
762 298 14 17 0.03282107 
267 71 11 15 0.03280147 
646 141 10 12 0.032780003 
331 365 13 15 0.032752812 
983 376 10 13 0.03273677 
372 92 13 16 0.03273289 
132 212 13 15 0.03272529 
710 346 12 16 0.032709543 
212 372 11 14 0.03270884 
679 55 10 13 0.032627176 
461 149 12 15 0.032604314 
582 315 10 13 0.03256179 
53 166 12 14 0.032537933 
717 340 14 18 0.032465518 
255 53 11 13 0.03242437 
114 290 10 14 0.032423854 
525 39 11 14 0.03237491 
296 172 9 12 0.032360222 
814 141 8 12 0.032346554 
313 125 8 11 0.032313824 
98 416 9 12 0.03226234 
889 65 18 22 0.032208595 
765 219 10 15 0.03217082 
79 488 13 19 0.03213686 
73 269 10 13 0.03204341 
797 309 12 16 0.032034323 
254 236 10 13 0.031994738 
693 37 9 12 0.031974226 
711 30 10 14 0.03197261 
220 245 13 16 0.03196778 
612 158 14 16 0.0319235 
937 209 9 11 0.031916235 
536 0 10 10 0.031868964 
335 257 11 15 0.03185668 
564 4 10 14 0.03183121 
737 203 11 14 0.031807274 
188 84 12 15 0.031782307 
126 327 12 15 0.031782255 
91 283 12 13 0.031736795 
2 438 8 13 0.03169911 
127 32 17 23 0.031618215 
687 43 11 14 0.031546634 
351 373 10 12 0.03154115 
686 53 10 13 0.03153814 
138 268 11 13 0.03151573 
111 459 11 17 0.031496733 
261 182 9 12 0.03146303 
889 74 11 14 0.031455014 
319 311 13 17 0.03143253 
493 182 11 13 0.031419087 
501 114 11 15 0.031411115 
80 215 13 16 0.03139694 
888 138 10 13 0.03135202 
49 397 9 11 0.031258818 
400 135 11 13 0.031238671 
469 413 9 13 0.031187357 
226 324 13 17 0.031151298 
167 179 10 12 0.031133896 
583 205 10 15 0.031131603 
675 460 26 37 0.030990954 
562 408 20 26 0.030959088 
262 375 11 15 0.03092537 
813 263 11 13 0.030882752 
684 161 10 13 0.030803626 
57 14 9 12 0.030796263 
52 146 12 13 0.03078106 
788 356 13 17 0.030773493 
997 133 10 12 0.030761484 
591 13 10 12 0.030759197 
570 415 16 21 0.030750014 
910 388 12 14 0.030720837 
493 300 10 14 0.030707883 
807 480 26 32 0.030706165 
801 6 9 12 0.030700944 
501 2 18 21 0.03068262 
720 52 8 12 0.030680878 
232 92 11 13 0.03066205 
958 204 9 13 0.03059872 
47 99 9 13 0.030564627 
222 382 10 13 0.030560656 
347 463 13 15 0.030559411 
381 490 17 27 0.030543726 
287 11 10 12 0.030464021 
156 155 11 14 0.03044308 
55 313 12 15 0.030396584 
413 423 12 16 0.030395402 
802 135 8 11 0.030391421 
876 349 12 16 0.030376686 
576 318 10 12 0.03036765 
329 164 9 13 0.030345064 
633 452 24 33 0.030333873 
718 409 14 19 0.030326707 
112 187 10 13 0.030303402 
631 142 12 15 0.03030153 
968 435 21 28 0.0302106 
356 58 14 19 0.030205758 
120 67 10 12 0.03018754 
626 291 10 13 0.030182607 
784 388 10 14 0.030180946 
575 51 11 14 0.030176787 
38 209 13 16 0.030174457 
23 37 10 13 0.030170983 
860 155 11 14 0.030145293 
0 464 9 13 0.030092362 
830 159 8 11 0.030090943 
395 43 12 13 0.030086398 
351 381 12 15 0.030081397 
673 70 9 10 0.03006716 
541 163 14 16 0.030025573 
46 54 8 11 0.030010026 
464 98 11 16 0.02999343 
62 127 10 14 0.029990781 
69 389 10 12 0.029957378 
822 405 10 13 0.02994887 
475 84 11 13 0.02994549 
95 49 17 21 0.029940287 
511 48 13 17 0.02991571 
37 158 10 13 0.029885769 
946 342 8 11 0.029873563 
584 76 10 13 0.02986275 
865 26 17 22 0.029820194 
85 345 12 15 0.029794037 
269 44 11 15 0.02979339 
21 191 11 14 0.029755853 
60 399 9 12 0.02970813 
1012 97 10 15 0.029690476 
16 430 9 11 0.029654548 
599 81 11 14 0.02965293 
448 11 11 13 0.029639913 
104 27 9 12 0.029613577 
455 2 10 11 0.029606273 
579 416 14 19 0.029570274 
437 334 11 13 0.029504508 
314 187 11 13 0.029498281 
702 277 10 14 0.029449996 
487 308 12 18 0.029445048 
781 372 13 17 0.029440919 
298 374 9 13 0.029429859 
814 15 9 11 0.0293587 
0 422 8 13 0.029309424 
968 139 9 11 0.029213702 
183 8 9 11 0.029190538 
30 52 10 13 0.029188588 
487 174 9 11 0.029184204 
446 447 18 23 0.02916434 
588 115 13 16 0.029135209 
837 211 11 13 0.029127492 
31 195 13 16 0.029111302 
181 475 11 15 0.029092206 
272 165 10 13 0.02904419 
772 270 12 15 0.029007982 
919 240 9 13 0.02900709 
783 352 13 18 0.028952545 
983 21 12 14 0.02885132 
342 13 10 15 0.02883232 
620 45 11 13 0.028815722 
197 104 10 13 0.028762758 
88 5 8 10 0.02876216 
940 405 13 15 0.028751925 
877 127 12 14 0.028741945 
518 137 12 17 0.028739272 
782 253 10 13 0.028733479 
126 1 9 9 0.028711557 
636 326 12 16 0.028708866 
336 285 18 23 0.028708408 
164 23 13 15 0.028692272 
895 267 11 14 0.028686194 
832 251 12 15 0.028685918 
662 197 12 15 0.028682211 
663 129 10 14 0.028662194 
270 373 11 13 0.028609596 
728 140 11 13 0.028585332 
943 185 8 10 0.028577361 
671 110 9 11 0.028559593 
778 401 12 17 0.028558036 
743 175 11 13 0.028555846 
101 22 11 13 0.028554587 
229 77 9 12 0.02851575 
191 135 10 13 0.028512249 
613 315 9 13 0.028460575 
287 87 10 13 0.028456302 
109 235 13 16 0.028379178 
773 110 11 12 0.028358588 
761 117 9 11 0.028301615 
1006 0 9 9 0.028301064 
383 19 11 14 0.028284416 
926 393 13 19 0.028276764 
966 36 11 14 0.028275687 
774 16 10 12 0.028266909 
887 39 10 13 0.028251795 
439 12 9 11 0.028218333 
193 108 9 12 0.028206894 
46 209 13 16 0.028204866 
681 4 9 12 0.028164051 
161 314 12 15 0.028156418 
741 314 14 17 0.028118124 
789 2 10 10 0.028089248 
869 24 10 12 0.028086586 
829 204 11 13 0.028026978 
98 381 9 11 0.027989184 
422 362 11 16 0.027975196 
245 407 10 12 0.027974004 
843 412 12 19 0.027956663 
718 4 11 12 0.027926171 
333 441 20 26 0.02791853 
319 374 9 12 0.027916046 
599 397 11 16 0.027909312 
941 129 19 23 0.027886545 
204 114 11 14 0.027867094 
508 306 12 16 0.027791725 
552 114 10 14 0.02778171 
947 27 11 15 0.027752312 
508 185 13 19 0.02775019 
640 36 11 13 0.0277388 
340 341 11 15 0.027693314 
735 191 11 14 0.027685432 
506 71 19 23 0.027624173 
89 174 12 16 0.027578019 
160 357 9 12 0.027575998 
900 193 12 15 0.027565686 
694 390 21 28 0.027555635 
983 190 8 11 0.027510058 
87 282 11 13 0.02750271 
284 279 11 14 0.027489506 
207 172 10 13 0.027489182 
291 69 12 14 0.027487919 
917 70 11 13 0.027466124 
690 122 10 14 0.02745891 
562 396 12 16 0.027454866 
254 70 12 14 0.027418455 
735 266 12 17 0.027389335 
808 235 12 14 0.02735893 
613 99 9 13 0.027353922 
164 14 11 12 0.027317852 
564 364 12 15 0.027271744 
932 371 10 13 0.02715973 
414 373 13 15 0.027122842 
692 68 10 12 0.027103545 
688 104 9 11 0.027085854 
900 139 10 13 0.027055286 
253 461 11 14 0.027042452 
168 363 11 15 0.027022876 
621 6 8 11 0.026999451 
814 20 9 12 0.026998172 
622 355 10 13 0.02697211 
658 125 9 12 0.026966752 
672 238 12 15 0.026966704 
136 347 11 14 0.026957195 
243 21 10 13 0.026950015 
898 334 12 16 0.026936878 
261 52 12 14 0.02693389 
955 389 14 17 0.026909707 
22 290 10 13 0.026891844 
702 -1 23 24 0.02688321 
734 6 8 11 0.026858237 
626 287 19 21 0.02683407 
36 465 12 15 0.026832588 
127 307 11 14 0.02681896 
840 268 10 15 0.02681728 
581 52 11 14 0.02678083 
968 231 9 11 0.026779857 
61 215 11 13 0.026767058 
716 216 11 15 0.026745131 
630 5 10 12 0.02674507 
155 531 15 22 0.026718145 
997 37 11 15 0.026706876 
184 300 10 13 0.026673732 
615 40 9 11 0.026662342 
228 179 11 13 0.02663444 
768 112 9 11 0.02662797 
268 148 9 12 0.02662486 
373 452 13 19 0.02661462 
639 56 10 11 0.026589256 
480 175 9 12 0.026554598 
214 383 11 14 0.02653315 
831 -10 22 24 0.026530802 
917 7 10 11 0.026524466 
783 113 10 13 0.026523696 
437 53 10 12 0.026506977 
507 11 11 13 0.02647925 
30 86 9 12 0.026473569 
84 195 13 16 0.026461389 
444 76 10 12 0.026435852 
703 29 11 14 0.026434997 
520 12 11 14 0.026432028 
707 183 15 18 0.026414886 
896 190 10 13 0.026408805 
870 299 10 13 0.026383637 
527 416 12 17 0.02637627 
943 127 11 14 0.026366346 
108 159 10 13 0.026359307 
541 334 8 12 0.026359282 
133 7 9 11 0.026355162 
959 29 9 13 0.026353162 
542 414 11 15 0.026349146 
131 134 11 14 0.026323875 
502 144 13 16 0.026320504 
599 6 9 11 0.02631128 
8 70 9 13 0.02627425 
818 102 18 23 0.026267538 
99 173 12 16 0.026261592 
1014 52 8 12 0.026242265 
807 128 10 11 0.02624087 
336 423 12 15 0.026240256 
767 15 11 14 0.026178908 
199 30 10 12 0.026147787 
55 348 10 13 0.026088439 
705 403 15 22 0.026080923 
254 109 9 13 0.026065389 
485 16 9 11 0.026061691 
534 339 10 12 0.026057974 
950 386 13 16 0.026055519 
295 224 12 15 0.026044434 
559 0 10 11 0.02604191 
470 434 15 19 0.026037639 
267 301 12 13 0.026036218 
101 218 11 14 0.0260297 
844 406 12 14 0.026024884 
41 424 10 14 0.026016355 
901 71 11 13 0.026003115 
219 156 12 14 0.02600141 
638 401 13 19 0.025995685 
53 101 9 12 0.02599494 
364 292 10 13 0.025990816 
581 60 13 16 0.02593895 
550 92 10 13 0.025934419 
588 152 13 16 0.025894467 
-1 295 16 27 0.025893508 
776 89 10 13 0.025877004 
228 390 12 16 0.0258739 
26 490 13 17 0.02585352 
968 28 11 13 0.025819497 
533 283 11 14 0.025817873 
880 243 10 14 0.025798751 
957 125 10 12 0.025747398 
356 163 13 16 0.025697406 
432 126 17 24 0.025693852 
310 424 15 18 0.025693545 
903 181 10 13 0.025683029 
175 71 11 13 0.025641145 
191 297 9 12 0.025631754 
774 344 13 17 0.025594745 
25 539 12 15 0.025583562 
132 513 22 26 0.025565155 
597 151 11 13 0.025532361 
558 36 10 12 0.025514606 
318 294 14 19 0.025512395 
827 14 11 14 0.02550254 
34 349 10 13 0.025488827 
634 159 14 16 0.025463995 
110 172 11 15 0.02545533 
688 93 10 12 0.025443431 
54 22 9 11 0.025433231 
76 229 12 15 0.025412383 
729 119 9 10 0.02538212 
614 219 12 16 0.025381016 
854 14 10 13 0.025369 
836 348 12 15 0.025353918 
903 174 10 12 0.025353301 
488 168 9 13 0.025328247 
58 489 13 18 0.025327409 
53 120 9 12 0.025321411 
654 132 10 14 0.025287826 
696 2 9 10 0.025254184 
785 2 9 11 0.025252413 
116 252 11 13 0.025252089 
501 175 11 13 0.025246648 
925 21 10 13 0.025232337 
710 23 8 10 0.025209652 
591 397 12 15 0.025178244 
264 22 10 13 0.025174024 
652 272 12 14 0.025160046 
255 124 10 12 0.025159515 
549 162 13 18 0.025148137 
266 142 10 14 0.025128905 
604 62 11 13 0.025117774 
919 301 10 14 0.025116099 
692 218 13 16 0.0251112 
402 202 13 16 0.025108794 
324 476 13 19 0.025104512 
100 489 15 19 0.025102165 
881 311 11 16 0.025102051 
347 497 14 17 0.025087299 
560 22 11 14 0.02507435 
620 39 10 12 0.025063794 
997 205 10 14 0.025034567 
5 75 12 16 0.02500617 
481 284 21 25 0.024999626 
310 119 9 12 0.024972755 
356 81 17 22 0.024970502 
189 70 11 13 0.024941668 
269 380 9 12 0.024919739 
397 38 12 14 0.024880648 
712 329 13 18 0.024871072 
106 483 12 15 0.024870092 
872 165 10 12 0.024863105 
78 48 11 12 0.024859592 
686 216 13 17 0.024852091 
513 428 12 16 0.024838833 
805 109 10 14 0.024830444 
615 310 9 12 0.024787704 
648 67 8 11 0.02477293 
750 54 9 10 0.024761125 
671 61 10 13 0.024759732 
57 420 10 14 0.02475844 
777 220 13 17 0.024746574 
385 0 11 11 0.024743762 
299 208 14 16 0.02473135 
29 460 14 17 0.024693193 
727 5 10 13 0.024673576 
72 19 10 12 0.024670057 
845 115 12 14 0.024667315 
285 144 10 12 0.024661535 
1005 162 11 14 0.02463519 
0 46 10 13 0.024630906 
610 221 10 13 0.024600215 
64 93 11 13 0.024599412 
24 29 9 13 0.024568733 
531 133 13 16 0.024556441 
1 227 10 14 0.024555126 
654 442 37 46 0.024548663 
802 140 8 11 0.0245442 
100 14 10 12 0.02453467 
119 82 11 14 0.024520323 
167 117 10 13 0.024510328 
233 19 11 14 0.024499236 
56 66 11 16 0.024467092 
169 155 11 14 0.024460327 
151 15 9 10 0.024452511 
575 266 12 15 0.024439858 
775 187 10 13 0.024436716 
365 372 12 15 0.024434704 
56 6 8 10 0.024404688 
582 343 10 13 0.024388071 
934 269 11 14 0.024363125 
669 35 10 12 0.024356682 
653 64 19 23 0.024345975 
184 35 10 13 0.024340414 
104 157 10 13 0.024338339 
918 181 10 12 0.024317794 
85 365 8 12 0.024317697 
361 108 12 14 0.024311362 
632 66 12 14 0.02430754 
389 426 14 18 0.02430488 
806 213 11 13 0.024300858 
927 325 10 13 0.024296911 
855 419 12 16 0.02426379 
448 483 24 40 0.024254162 
179 109 12 14 0.024213513 
436 340 12 15 0.024147848 
854 166 9 12 0.024123797 
898 285 10 13 0.02412161 
8 314 11 16 0.024119707 
286 334 110 138 0.02409371 
622 53 10 12 0.024068289 
604 196 14 18 0.02406349 
333 159 10 13 0.024062198 
351 -6 20 23 0.024048315 
347 425 12 18 0.024021786 
435 148 14 18 0.02401219 
22 15 8 11 0.024001617 
223 49 12 15 0.023970105 
385 37 11 15 0.023961889 
766 187 12 15 0.023932345 
543 53 10 14 0.023929207 
133 383 18 22 0.023885518 
166 340 12 16 0.023882782 
613 195 14 17 0.023862038 
686 174 11 15 0.023860032 
756 20 11 14 0.023847599 
357 112 12 15 0.023821477 
905 387 11 14 0.023813663 
188 244 10 12 0.023801265 
832 322 13 15 0.023785846 
415 140 11 14 0.023776898 
346 195 11 15 0.023750817 
575 36 11 13 0.023750713 
654 167 12 15 0.023741154 
15 14 9 12 0.023733092 
225 460 15 18 0.023718517 
480 14 9 12 0.023676446 
234 420 12 17 0.023654988 
139 492 16 20 0.023651619 
59 282 13 14 0.023650467 
1004 270 12 15 0.023642406 
509 316 11 14 0.023624985 
580 104 12 13 0.023620248 
863 85 10 13 0.023615716 
772 258 13 15 0.023607321 
555 150 11 14 0.023597486 
858 181 9 12 0.023573773 
918 267 12 15 0.023572082 
868 360 14 18 0.023543835 
459 450 13 18 0.02354214 
532 14 10 14 0.02353085 
142 480 12 16 0.023524651 
503 19 18 22 0.02350254 
181 30 9 12 0.02349231 
957 60 10 13 0.023488881 
755 452 23 32 0.023482135 
132 305 12 15 0.023462119 
117 367 10 12 0.023444124 
862 150 10 13 0.023441471 
177 397 10 14 0.023421446 
717 125 9 13 0.023412662 
908 384 24 30 0.023401665 
281 437 12 14 0.023380041 
885 237 9 13 0.02336958 
592 22 10 13 0.023363564 
827 101 12 15 0.023293596 
566 91 10 14 0.02328786 
718 198 10 12 0.023286419 
118 5 8 10 0.023275273 
644 333 11 15 0.023272412 
140 460 12 16 0.02325781 
613 138 11 15 0.02324435 
993 156 10 13 0.023228668 
919 24 10 12 0.023225741 
998 325 11 14 0.023206586 
932 325 11 14 0.023203917 
630 466 22 30 0.023203144 
917 139 10 13 0.023187106 
398 169 14 17 0.023141248 
213 484 18 26 0.023139961 
464 0 11 11 0.023134146 
494 175 11 13 0.023123784 
795 392 20 26 0.023099892 
229 108 12 14 0.023057567 
1 6 8 12 0.023039294 
732 121 18 21 0.023036372 
386 112 14 17 0.023020647 
917 348 13 17 0.023003852 
198 71 10 13 0.02300173 
570 326 14 16 0.023000391 
197 8 10 12 0.022995757 
282 315 11 15 0.022934955 
989 342 10 13 0.022922218 
679 77 9 12 0.022901991 
886 381 11 13 0.022891833 
425 457 16 21 0.022873592 
15 47 9 13 0.022865595 
911 4 9 12 0.02284574 
401 162 16 19 0.022837082 
815 199 10 13 0.022829903 
197 139 11 14 0.022802914 
221 148 12 13 0.022788987 
268 83 10 13 0.022785144 
869 -6 19 23 0.022777991 
456 474 13 19 0.022777835 
247 456 12 16 0.022758076 
952 203 10 12 0.022748118 
367 266 13 16 0.022743879 
976 199 8 10 0.022743264 
839 260 9 14 0.022742247 
88 270 19 24 0.022741994 
849 458 30 47 0.02271353 
733 417 13 19 0.022709116 
111 207 13 16 0.022707015 
141 109 13 16 0.022668226 
676 142 10 13 0.022643529 
542 13 12 14 0.022624403 
100 332 12 16 0.022599744 
525 166 13 16 0.022581374 
83 164 12 15 0.022580568 
189 36 11 14 0.022563763 
24 423 9 12 0.022548653 
560 271 9 12 0.022543613 
432 50 10 13 0.022538418 
28 430 10 13 0.022533624 
279 45 11 16 0.022532262 
656 47 18 22 0.022528708 
173 85 12 14 0.022513807 
881 191 9 13 0.022512853 
264 231 10 12 0.022475379 
752 226 12 15 0.022468321 
838 70 11 13 0.022450501 
432 69 9 12 0.022437708 
621 308 10 14 0.022435887 
117 188 9 12 0.022435533 
750 141 11 12 0.02239239 
151 163 11 14 0.02239167 
846 92 10 12 0.022382414 
190 125 10 13 0.0223816 
921 104 20 26 0.022380281 
95 117 10 12 0.022377176 
2 428 7 11 0.022357605 
134 188 10 12 0.022328375 
133 111 10 12 0.02229215 
79 5 10 11 0.022279589 
91 494 15 18 0.022275135 
838 342 10 12 0.022252418 
113 373 18 23 0.022229444 
946 61 14 15 0.022219062 
510 178 12 18 0.022212982 
704 22 9 11 0.022208486 
510 374 11 14 0.022200726 
839 452 29 44 0.022188423 
135 152 11 15 0.022170119 
25 441 12 17 0.022168083 
949 125 11 14 0.022150801 
943 318 9 14 0.022146435 
859 270 11 13 0.02212291 
216 250 17 22 0.022109518 
977 0 11 11 0.022097973 
38 163 11 14 0.022084089 
109 76 10 14 0.022075014 
579 124 13 16 0.022033922 
388 59 13 15 0.02203383 
856 30 9 11 0.022010557 
86 70 10 12 0.022010231 
867 207 11 15 0.022003131 
902 219 9 12 0.022000436 
904 117 9 13 0.021992518 
430 248 18 22 0.02197082 
631 326 12 15 0.021963922 
8 29 10 13 0.021951167 
966 396 13 16 0.02191552 
692 180 11 15 0.021912467 
686 75 11 13 0.021885248 
978 135 18 22 0.021863906 
124 52 11 13 0.021860437 
881 267 11 14 0.021851534 
912 28 12 14 0.02185063 
654 198 12 16 0.021847324 
821 47 9 12 0.02184701 
670 113 18 23 0.021843443 
897 94 10 13 0.021841677 
888 397 11 14 0.021840572 
78 108 10 11 0.02183712 
798 335 14 18 0.021825356 
520 357 11 14 0.021825269 
685 357 11 15 0.021811524 
757 33 11 14 0.021810452 
39 61 10 11 0.021804215 
76 99 11 14 0.021804169 
28 29 12 15 0.021800661 
0 25 9 14 0.021787666 
135 115 10 13 0.02178611 
166 7 10 10 0.02177792 
832 259 10 13 0.021775177 
720 12 12 14 0.021774549 
659 184 16 18 0.021751605 
890 315 12 16 0.02174918 
961 35 9 12 0.021739302 
448 2 10 11 0.021731343 
607 432 15 21 0.021730607 
575 69 11 13 0.02172954 
31 102 11 13 0.021719381 
395 99 12 16 0.021702835 
71 31 9 12 0.021693071 
492 221 11 13 0.021652453 
46 221 13 16 0.02164101 
967 387 13 16 0.02162781 
902 269 10 14 0.021619556 
606 159 14 16 0.021610804 
391 183 13 17 0.021605412 
310 45 13 15 0.021595437 
559 351 10 14 0.02158565 
809 188 12 13 0.021583851 
303 11 12 14 0.021579616 
245 169 9 12 0.021561356 
703 95 9 11 0.021557827 
966 271 10 12 0.021550084 
886 14 8 10 0.021531552 
255 118 9 12 0.021519402 
642 286 19 23 0.021505283 
717 170 13 14 0.021494083 
244 286 11 14 0.021471998 
616 301 9 12 0.021461017 
623 0 9 10 0.02145929 
182 315 11 15 0.021454867 
310 75 12 15 0.021453902 
563 310 10 13 0.021443179 
73 404 8 11 0.021427201 
747 254 14 17 0.021426631 
255 465 11 17 0.02140984 
303 150 9 12 0.02136735 
961 79 10 12 0.021366965 
150 264 10 12 0.021359928 
550 70 11 13 0.021358943 
16 230 12 16 0.021335198 
1002 339 12 17 0.021326749 
749 180 10 11 0.021320926 
796 487 31 37 0.021308968 
217 463 12 17 0.021302626 
102 469 12 15 0.021300152 
804 131 19 22 0.021295285 
239 439 12 16 0.021290734 
669 6 9 11 0.02129042 
328 435 13 18 0.021278225 
94 20 10 13 0.021249732 
645 29 11 13 0.021241412 
348 202 12 15 0.021234952 
805 30 10 13 0.02122631 
223 24 9 11 0.02122367 
797 390 11 16 0.021196086 
470 419 10 15 0.021187145 
95 469 10 13 0.021172613 
283 309 10 15 0.02115521 
217 72 20 22 0.021134522 
-1 484 9 14 0.021112023 
590 310 9 12 0.021110386 
639 270 9 11 0.021109495 
643 437 23 30 0.021090964 
487 423 21 27 0.02108275 
283 373 12 15 0.021078188 
694 32 11 12 0.021066826 
453 475 23 32 0.021061627 
139 466 12 16 0.02104657 
1010 158 21 26 0.021036537 
279 94 10 14 0.021019343 
143 8 9 11 0.020992152 
180 353 10 14 0.020989776 
63 139 11 14 0.020974753 
124 8 20 25 0.02097278 
590 54 12 15 0.020965377 
103 6 9 11 0.02096519 
472 279 20 25 0.02095653 
964 211 10 12 0.020936884 
487 461 22 26 0.0209349 
29 382 9 12 0.020918917 
565 76 11 14 0.020917589 
959 212 10 12 0.020898063 
162 460 20 26 0.020888567 
224 399 18 22 0.020887064 
768 115 18 22 0.020881385 
365 147 13 15 0.020876914 
64 244 11 13 0.020859743 
328 129 11 14 0.020834222 
533 158 11 13 0.020832606 
926 316 11 13 0.020818653 
983 199 8 11 0.020808892 
349 262 10 14 0.02079502 
1007 143 11 12 0.020794855 
512 441 12 15 0.020758417 
87 468 9 12 0.02075158 
741 256 14 17 0.020736735 
808 372 11 14 0.020731531 
824 159 8 11 0.020730637 
608 1 9 11 0.020729737 
139 221 14 17 0.0207172 
349 342 12 16 0.020713137 
935 403 11 15 0.02070352 
327 370 11 14 0.020678187 
65 463 14 17 0.020671738 
979 207 20 23 0.02067015 
363 321 11 14 0.020647041 
149 197 11 13 0.020628411 
519 421 11 15 0.020584742 
576 274 10 13 0.020578701 
0 0 8 9 0.02054606 
745 100 10 12 0.020538291 
287 227 10 13 0.02053288 
181 485 12 17 0.020524155 
197 260 11 13 0.020521563 
661 166 11 14 0.020520588 
343 19 12 16 0.020505724 
740 306 15 19 0.020502295 
881 321 11 15 0.020496404 
756 151 11 13 0.020493547 
799 151 9 10 0.020490045 
80 349 10 13 0.020489344 
77 404 9 11 0.020481657 
575 92 11 14 0.020472722 
893 394 10 16 0.020466357 
368 452 10 16 0.020421842 
669 346 11 14 0.020415448 
478 419 11 17 0.020414852 
968 359 10 12 0.020409841 
934 175 7 10 0.020409279 
844 323 10 14 0.020407991 
974 374 12 15 0.020400757 
310 449 12 15 0.020395959 
181 343 10 15 0.020371698 
335 346 11 15 0.020354904 
363 162 16 17 0.020352906 
745 323 15 17 0.020321073 
910 391 15 19 0.02031813 
238 238 18 22 0.020316673 
499 179 14 17 0.020313876 
166 269 10 13 0.020302696 
774 290 10 14 0.020302419 
239 187 11 13 0.020300891 
809 474 17 22 0.020291375 
319 126 8 11 0.020285541 
52 87 10 13 0.0202673 
975 111 10 12 0.020258967 
696 189 10 13 0.02023812 
239 133 10 13 0.020232746 
534 72 12 15 0.02021697 
329 121 10 13 0.020212049 
823 92 12 14 0.02020782 
444 419 11 15 0.020199543 
556 156 11 15 0.020197371 
417 0 10 9 0.020158991 
328 316 13 17 0.02015559 
894 180 9 11 0.020143427 
112 116 10 12 0.020136144 
133 251 12 14 0.020134874 
812 5 9 11 0.020134263 
51 206 11 14 0.020105937 
536 3 12 15 0.02010374 
700 254 14 15 0.020103479 
469 74 17 22 0.020102432 
896 442 21 23 0.0200909 
972 22 11 14 0.02007358 
785 295 10 13 0.0200734 
200 268 12 16 0.020070171 
998 187 11 13 0.020050876 
636 58 17 23 0.02005037 
523 311 12 15 0.020049619 
702 118 10 14 0.020045001 
232 70 9 12 0.020026801 
912 215 10 12 0.020006297 
228 362 12 16 0.020000758 
