0_Parade_Parade_0_239
107
395 285 31 39 0.9992318 
500 375 33 40 0.99899715 
708 291 22 30 0.9975551 
899 278 37 42 0.9968701 
352 293 34 41 0.9948979 
274 303 24 30 0.9947286 
224 316 40 46 0.9839541 
880 326 34 42 0.9836838 
505 290 31 38 0.9699524 
610 293 28 38 0.9527838 
748 293 32 36 0.5913535 
833 309 11 15 0.35120928 
60 76 10 13 0.21393679 
5 300 11 14 0.17674719 
84 60 8 12 0.15779573 
48 298 22 28 0.15631513 
142 356 15 18 0.12630092 
220 388 15 19 0.12593338 
102 63 9 11 0.12547696 
854 310 12 16 0.09664095 
989 233 26 42 0.09176879 
80 71 9 10 0.08939057 
703 257 13 18 0.084071524 
484 278 12 15 0.08377344 
36 79 9 12 0.083729975 
927 38 110 175 0.08026883 
841 109 44 68 0.07021735 
986 313 34 54 0.069751546 
739 293 50 63 0.06882707 
372 324 24 33 0.060915012 
830 304 18 25 0.05482431 
198 5 12 14 0.05458003 
335 287 10 12 0.054325905 
37 306 32 39 0.053153746 
80 76 9 10 0.049924556 
844 309 21 26 0.04557621 
124 52 10 14 0.044241294 
193 27 13 15 0.042893358 
210 229 25 28 0.04181304 
97 67 11 12 0.039898444 
72 70 9 11 0.03801634 
85 288 11 15 0.036457304 
358 321 23 35 0.0364009 
47 77 11 13 0.036256675 
598 253 11 14 0.036203273 
62 434 15 19 0.03560991 
65 285 11 14 0.03519525 
722 -5 53 49 0.034025133 
4 303 14 21 0.03344266 
139 316 13 16 0.033259876 
749 290 20 23 0.03291387 
990 237 14 22 0.0326141 
84 70 8 10 0.032477707 
974 331 24 41 0.031966865 
752 285 18 18 0.031672243 
383 314 15 20 0.031010672 
57 82 10 13 0.030374613 
21 70 10 12 0.030243697 
255 0 22 17 0.029413749 
848 308 12 15 0.029238585 
60 293 12 16 0.029157931 
84 367 19 25 0.029051727 
84 76 9 11 0.028921371 
263 367 28 33 0.028609386 
898 244 22 27 0.028375076 
232 339 35 46 0.028303882 
108 58 11 14 0.027977655 
-1 193 17 33 0.027969278 
791 265 28 37 0.027764106 
710 124 10 13 0.027277159 
333 317 23 34 0.026772028 
477 245 12 17 0.02584652 
822 305 12 17 0.02571909 
525 175 13 16 0.025638131 
670 331 24 34 0.02535467 
70 76 8 12 0.02522931 
41 61 8 11 0.02496515 
482 275 19 28 0.024936873 
705 126 9 11 0.024916075 
966 312 26 35 0.02479347 
62 384 15 20 0.024710407 
5 273 14 20 0.024655554 
710 182 9 11 0.024098549 
4 69 10 13 0.023652935 
672 276 12 17 0.023487285 
174 393 16 24 0.023194708 
954 316 29 36 0.023180947 
706 254 12 15 0.023019884 
519 96 14 17 0.022954036 
54 296 13 17 0.02290459 
8 357 22 28 0.022767622 
996 243 27 49 0.022682842 
54 71 18 23 0.022323143 
44 69 12 15 0.021534082 
377 307 25 35 0.021526936 
789 283 41 52 0.021371644 
104 56 10 13 0.021327365 
337 289 14 19 0.021204665 
22 77 10 12 0.02114974 
999 333 24 41 0.021135692 
637 264 15 18 0.02101224 
852 673 104 102 0.020735856 
14 55 9 10 0.020647535 
814 295 22 30 0.020532958 
1010 136 13 21 0.020226922 
972 350 18 24 0.020200817 
97 38 10 11 0.020114973 
