0_Parade_Parade_0_829
60
488 162 278 415 0.99408734 
415 283 386 546 0.43714756 
-17 3 418 539 0.18792072 
649 1228 103 134 0.15836833 
439 1148 33 46 0.12103083 
407 1202 22 29 0.08279271 
610 63 437 552 0.070373796 
297 241 364 462 0.06847703 
516 1217 16 19 0.057580363 
535 1243 13 19 0.053617593 
750 1106 55 80 0.05275375 
487 1221 12 14 0.050896253 
451 1241 13 17 0.05065723 
427 1248 15 17 0.050110754 
551 1185 18 21 0.044008538 
445 1219 16 19 0.042473815 
-51 319 347 540 0.041755 
538 1237 18 22 0.041510656 
806 582 32 44 0.03951783 
453 1222 24 31 0.038039457 
354 1154 28 30 0.037576497 
597 523 490 523 0.037099104 
630 1021 54 54 0.036294017 
502 965 29 34 0.033663843 
147 208 364 517 0.033196352 
709 1083 97 127 0.0331133 
73 1032 197 242 0.032381244 
451 1218 18 22 0.03214599 
16 1279 56 78 0.031697657 
464 1149 43 54 0.031546198 
826 1096 48 70 0.03153119 
442 1160 45 51 0.030826963 
357 1025 383 464 0.03002309 
476 1180 23 31 0.029721485 
483 1191 14 18 0.029400114 
600 316 417 489 0.02878808 
756 1039 17 19 0.028249988 
508 1212 14 20 0.026861927 
226 969 409 404 0.026742933 
771 1092 55 82 0.025764113 
463 1176 27 34 0.025316767 
547 1080 41 52 0.025076121 
39 1011 137 158 0.024897544 
444 1229 23 30 0.02482075 
412 1282 31 38 0.024276901 
738 1032 14 18 0.024120253 
772 1095 32 41 0.023997335 
572 293 241 328 0.023373159 
696 1004 120 163 0.023070298 
527 1241 14 19 0.02280271 
487 1290 29 39 0.022646667 
776 1055 13 15 0.022570789 
518 1193 13 17 0.02229581 
540 1173 27 37 0.022274854 
498 1197 15 17 0.021100862 
463 616 194 176 0.02096747 
546 1283 15 18 0.020781102 
762 1145 35 48 0.02066724 
433 1244 15 18 0.020227049 
731 1028 25 28 0.020150589 
