0_Parade_marchingband_1_329
375
135 314 22 26 0.9961398 
572 423 19 24 0.98867255 
660 336 18 21 0.98267716 
191 311 21 26 0.9734361 
291 321 17 18 0.9728871 
836 326 20 24 0.9715096 
448 415 20 26 0.9706863 
566 339 16 18 0.96136165 
77 295 22 27 0.96075493 
632 428 20 24 0.95992434 
756 389 22 26 0.95836335 
714 371 23 27 0.94905597 
330 323 16 18 0.94904375 
414 322 14 16 0.9454129 
511 428 18 23 0.93724847 
783 349 20 22 0.93381107 
374 330 12 15 0.93091 
525 321 13 16 0.90529245 
181 393 22 24 0.902535 
251 383 21 25 0.9019586 
640 310 17 20 0.8747476 
212 338 22 26 0.86161363 
328 387 20 21 0.84398836 
896 335 21 26 0.83486724 
798 400 19 23 0.8315587 
589 313 17 22 0.8046097 
706 333 16 19 0.79766136 
748 343 16 19 0.77755094 
683 331 16 20 0.7580794 
338 358 14 17 0.733556 
478 316 18 19 0.71937305 
542 323 15 18 0.7165516 
506 336 14 16 0.69692683 
159 325 21 24 0.69025743 
654 373 15 19 0.6895484 
388 379 22 24 0.6770643 
627 398 15 20 0.6300804 
566 315 21 24 0.59873384 
355 357 14 19 0.55818105 
611 315 16 18 0.5202096 
670 363 15 19 0.47046027 
651 393 20 22 0.4140198 
292 359 13 17 0.39250737 
679 306 13 17 0.3855455 
644 346 15 19 0.38413537 
466 330 13 16 0.37162268 
613 347 14 17 0.36984214 
445 323 13 16 0.36850715 
400 326 10 14 0.35005954 
783 395 12 17 0.3438743 
579 310 20 26 0.33415094 
524 348 14 19 0.30865008 
476 348 11 14 0.3063048 
695 309 14 16 0.30059686 
716 424 20 25 0.28166324 
767 334 14 18 0.26911238 
185 448 17 20 0.26832846 
571 308 17 17 0.2585735 
439 350 13 17 0.2551861 
371 316 14 18 0.251844 
301 450 15 19 0.2485469 
442 361 15 19 0.24659926 
316 338 12 15 0.23004094 
682 387 13 18 0.22628866 
477 342 11 13 0.21334039 
635 352 15 19 0.21262428 
274 306 15 19 0.2119413 
368 431 14 19 0.20590934 
280 379 18 23 0.18318467 
439 325 13 16 0.17547457 
751 302 13 16 0.17360598 
486 395 15 17 0.16146706 
413 308 13 15 0.1584885 
780 297 24 27 0.15169136 
757 431 16 21 0.14723596 
396 355 14 18 0.14281246 
508 356 10 14 0.13717097 
391 347 12 16 0.13678117 
413 289 12 15 0.13554966 
800 442 16 20 0.13499135 
750 149 13 16 0.13278793 
607 345 13 18 0.13218367 
870 323 16 20 0.12751079 
452 324 12 16 0.11707768 
462 308 9 13 0.11697973 
350 281 12 14 0.11543135 
627 292 15 17 0.11498485 
603 312 18 24 0.110308565 
263 425 14 18 0.108296104 
900 371 12 16 0.10797965 
193 353 15 19 0.10772112 
757 316 11 13 0.107682675 
703 372 14 18 0.10379138 
523 360 14 18 0.09989846 
661 432 25 28 0.0995714 
454 330 12 16 0.09866516 
310 332 15 18 0.098579414 
740 387 13 17 0.09557766 
531 347 16 21 0.09557479 
754 307 13 16 0.09499663 
474 352 13 19 0.09455134 
785 392 19 25 0.0895442 
462 317 12 14 0.08903666 
396 426 14 18 0.0874203 
635 290 12 15 0.08655852 
520 407 19 23 0.08338133 
396 339 14 16 0.07919456 
621 330 13 16 0.07546653 
69 299 18 20 0.07512013 
338 330 12 15 0.074742064 
271 331 12 16 0.07458691 
736 344 14 18 0.07187957 
619 322 13 16 0.07059187 
253 371 20 25 0.07037246 
383 361 14 16 0.06895912 
645 333 13 17 0.068540946 
561 322 13 16 0.068451405 
431 325 11 14 0.067854404 
627 332 12 15 0.06763663 
709 343 14 18 0.06735664 
445 339 11 14 0.06669839 
581 121 17 18 0.06601834 
282 367 21 27 0.066014215 
473 282 10 14 0.06519379 
676 357 14 19 0.06442428 
463 390 12 15 0.063500054 
79 270 14 16 0.06348679 
618 311 15 18 0.06308207 
558 159 12 15 0.06285673 
507 347 13 16 0.06258188 
296 315 16 20 0.06072304 
612 328 15 18 0.059474446 
432 271 8 10 0.059213072 
-47 187 456 491 0.058834538 
520 354 14 18 0.057880294 
713 337 14 17 0.057506513 
767 357 13 16 0.057487696 
686 378 14 21 0.057172686 
477 278 11 15 0.056513578 
784 311 19 20 0.055698976 
765 328 12 17 0.054938108 
260 499 24 30 0.05449244 
388 363 15 17 0.054475904 
334 311 12 15 0.054459665 
343 283 10 15 0.053547487 
348 355 17 23 0.05347306 
725 341 12 15 0.05346843 
373 284 11 13 0.053082265 
717 470 14 17 0.052963916 
265 433 15 19 0.051540475 
580 269 12 14 0.051311076 
114 249 16 19 0.051124603 
299 309 12 16 0.050574254 
756 330 20 23 0.050053798 
494 389 14 19 0.049956873 
228 347 12 16 0.049345654 
445 354 21 25 0.049136247 
659 364 19 24 0.04907978 
350 339 13 15 0.04901815 
542 437 13 17 0.048854563 
94 350 14 16 0.04879974 
114 324 13 17 0.04753677 
485 347 12 16 0.04738337 
718 356 14 17 0.047252588 
715 347 13 16 0.04712462 
390 284 11 13 0.046737786 
327 329 13 16 0.046186145 
749 435 23 28 0.04568291 
247 355 13 16 0.045230433 
709 372 17 22 0.045215447 
518 342 12 16 0.045210432 
648 341 20 24 0.045060117 
669 388 14 18 0.044727158 
356 341 12 14 0.044715278 
199 369 14 17 0.044663653 
473 268 9 12 0.04454575 
476 330 15 17 0.044485986 
300 424 16 21 0.043910053 
388 371 18 21 0.043810796 
243 448 16 19 0.04378056 
470 336 14 17 0.043616977 
335 285 12 14 0.043213602 
101 247 17 21 0.042945832 
515 460 26 30 0.042754583 
392 268 9 11 0.04258897 
336 434 15 18 0.04230713 
790 381 14 16 0.04173663 
773 355 14 17 0.041647848 
613 337 20 25 0.04157447 
611 391 16 20 0.041410957 
747 372 15 17 0.040958177 
425 364 14 17 0.040680233 
439 342 12 16 0.040599093 
405 322 14 17 0.040129654 
402 362 15 19 0.040090818 
419 306 12 16 0.0399383 
301 302 11 13 0.039397724 
680 290 14 18 0.039182726 
795 388 16 18 0.039087504 
212 381 14 17 0.038918644 
650 405 18 21 0.038791142 
74 273 24 30 0.038652197 
822 359 21 28 0.038462106 
591 285 11 14 0.038266394 
751 313 14 16 0.03813355 
793 354 14 17 0.038114283 
280 306 19 24 0.03801075 
643 304 13 17 0.037500687 
415 270 10 11 0.03743531 
735 385 13 19 0.037183054 
550 349 11 14 0.036399435 
740 324 11 13 0.03629923 
356 361 21 27 0.03599428 
507 324 14 18 0.03579601 
682 355 12 16 0.03511147 
431 348 11 15 0.034983817 
277 325 11 15 0.034569692 
111 330 14 17 0.034530398 
592 302 10 13 0.034290377 
914 339 12 16 0.03407926 
417 328 14 16 0.033982407 
533 388 13 16 0.033936396 
564 285 12 14 0.033768527 
256 478 33 36 0.03368256 
409 285 13 16 0.033613298 
793 303 16 20 0.033370525 
743 380 14 19 0.033367593 
717 364 17 21 0.03324104 
335 254 478 484 0.033228785 
689 323 15 19 0.032638878 
756 323 15 18 0.032557677 
745 378 23 28 0.032511886 
516 329 14 17 0.032393187 
295 302 11 14 0.032142233 
152 317 22 26 0.032130618 
465 396 15 18 0.031655435 
786 321 16 19 0.031353615 
401 329 15 17 0.03125654 
469 303 9 11 0.03124856 
756 379 18 22 0.031080067 
414 387 13 17 0.031024389 
206 377 15 19 0.030805234 
354 278 13 16 0.03074816 
436 403 17 20 0.03072763 
629 158 12 13 0.030583484 
484 342 11 13 0.030560488 
591 164 11 14 0.030503701 
838 418 13 15 0.030500446 
672 306 14 18 0.030487828 
370 410 15 19 0.030071167 
237 458 15 18 0.030023685 
240 384 23 27 0.029868543 
646 401 16 19 0.029807534 
309 316 12 15 0.029681634 
796 100 17 18 0.029653713 
802 291 14 17 0.029603165 
796 468 12 14 0.029413879 
557 355 11 14 0.029301893 
859 419 16 19 0.029300356 
380 337 12 15 0.029267052 
359 263 11 12 0.029168285 
624 463 32 33 0.02884754 
235 349 13 16 0.028452244 
419 292 11 14 0.02839935 
712 309 10 13 0.028347882 
369 323 14 19 0.028332235 
744 301 12 15 0.027936991 
632 305 19 24 0.02789883 
224 340 14 18 0.027810244 
422 302 10 14 0.027614485 
786 289 25 28 0.027557412 
540 336 15 18 0.027545977 
677 344 15 19 0.02751701 
593 291 10 13 0.027431054 
471 358 14 20 0.027335458 
284 444 14 18 0.027164394 
783 325 23 27 0.027086733 
930 301 9 12 0.026866661 
260 364 15 18 0.026686758 
105 271 29 32 0.026535144 
593 158 11 13 0.026455088 
814 389 12 17 0.026344698 
617 351 15 19 0.026202993 
739 437 16 20 0.026118489 
217 325 16 19 0.02607605 
452 286 14 16 0.026059572 
592 437 11 15 0.026013188 
608 330 12 17 0.025959866 
490 348 13 17 0.025953235 
433 277 9 12 0.02592456 
440 394 22 27 0.0258942 
895 366 13 17 0.025704205 
454 350 15 18 0.025669275 
400 320 10 14 0.025491552 
633 402 15 18 0.025283704 
468 368 17 20 0.025256835 
222 408 14 18 0.025217013 
648 372 14 18 0.025194477 
711 317 12 13 0.025044935 
204 272 15 19 0.024996556 
577 302 15 17 0.024897246 
745 154 12 15 0.024878837 
328 397 19 21 0.024857644 
264 377 19 25 0.02473362 
82 278 26 36 0.024577705 
742 334 13 16 0.024567945 
644 410 15 19 0.024562385 
624 288 11 13 0.024397336 
203 283 16 20 0.024356963 
432 283 11 13 0.02430967 
461 335 15 17 0.024301885 
778 468 16 20 0.024282763 
698 301 13 17 0.024134325 
275 345 15 18 0.024054924 
567 360 11 15 0.023998486 
212 314 14 19 0.023938471 
318 395 12 16 0.02391819 
830 279 22 28 0.023808438 
327 310 12 15 0.023754673 
429 319 11 15 0.023664089 
523 311 15 18 0.023538051 
806 395 19 27 0.023476692 
454 318 12 16 0.02342526 
717 310 9 13 0.02340966 
747 360 16 18 0.02336873 
519 311 12 16 0.023182303 
64 304 14 18 0.023177763 
749 334 16 18 0.02317218 
907 369 16 20 0.023164416 
796 331 14 17 0.023132704 
702 344 14 18 0.023116492 
944 364 11 14 0.02310529 
191 392 18 22 0.023101011 
338 365 17 21 0.023095815 
384 284 9 13 0.023082444 
325 469 15 18 0.0229702 
252 364 17 21 0.022898553 
183 312 17 21 0.022766655 
168 378 14 19 0.022747802 
835 435 17 21 0.02268071 
467 401 16 21 0.022589853 
525 289 14 16 0.022525689 
475 401 16 20 0.02247432 
780 330 15 18 0.022441898 
629 313 13 18 0.022221746 
362 349 15 19 0.02220157 
309 323 13 18 0.022159396 
383 269 9 11 0.022087444 
193 358 21 24 0.02200298 
471 317 12 15 0.021960326 
178 485 15 17 0.021933785 
753 352 15 18 0.021912621 
323 337 13 16 0.021768985 
335 299 11 14 0.021624934 
409 269 10 11 0.021617621 
710 353 14 18 0.021548646 
351 269 9 11 0.021471178 
220 393 14 18 0.021401789 
510 316 13 17 0.021379711 
395 368 20 27 0.021349432 
575 458 28 32 0.02133063 
493 322 11 16 0.02132949 
100 418 17 25 0.021179058 
391 331 12 16 0.021138802 
533 327 15 19 0.021071747 
158 334 23 28 0.021057792 
772 326 14 17 0.020706108 
907 334 15 20 0.02069058 
752 310 22 26 0.020651625 
742 315 11 15 0.02053172 
413 393 16 20 0.020431139 
190 285 12 17 0.020378299 
264 441 14 18 0.02037577 
196 377 15 20 0.020232268 
430 392 15 20 0.020128353 
