0_Parade_Parade_0_194
45
115 422 116 133 0.99978966 
364 253 92 132 0.99929273 
703 237 89 146 0.99888295 
207 346 74 106 0.99215204 
561 280 80 101 0.8735493 
1005 885 17 22 0.22925103 
173 372 90 125 0.2086457 
781 247 110 160 0.17098296 
591 752 14 19 0.0643655 
903 765 10 14 0.05725996 
1009 1047 10 13 0.045667626 
561 751 27 29 0.04452508 
573 748 23 28 0.04232146 
993 1043 11 14 0.040655762 
586 740 21 28 0.04053757 
906 1036 16 21 0.036809817 
1000 885 14 19 0.035116684 
1005 764 8 11 0.03439145 
979 1068 12 16 0.033588096 
927 755 14 16 0.03308747 
1006 966 13 17 0.031439126 
859 948 15 20 0.030497175 
621 740 11 16 0.030304592 
997 1054 9 11 0.02950296 
1001 759 9 11 0.027872685 
144 1188 191 262 0.027832048 
499 278 200 227 0.026883036 
200 348 422 543 0.025817119 
546 902 32 48 0.02532386 
53 671 10 13 0.02502297 
936 782 10 14 0.024632214 
125 672 17 20 0.024549179 
998 681 19 30 0.024423998 
939 884 15 18 0.023231225 
584 740 13 17 0.023128608 
1011 1050 11 16 0.022778941 
994 1038 12 14 0.022522992 
1012 1020 9 12 0.022203134 
445 634 398 476 0.022149965 
975 913 14 20 0.02197904 
-13 589 398 459 0.021648193 
998 1062 9 10 0.021122294 
12 42 26 35 0.02110977 
993 1061 8 11 0.020894252 
654 758 47 58 0.020530248 
