0_Parade_Parade_0_472
237
57 136 33 36 0.99940085 
321 113 41 50 0.9852459 
513 131 34 40 0.97321224 
645 120 16 24 0.9467398 
629 162 18 21 0.8950812 
953 152 19 21 0.8845101 
747 123 14 22 0.8821465 
562 136 16 26 0.8124054 
830 115 20 27 0.7122917 
979 215 16 20 0.6912624 
975 146 18 19 0.6345179 
657 168 17 22 0.60865873 
836 77 14 17 0.5866242 
707 111 21 24 0.5724398 
933 225 17 24 0.54432005 
734 122 13 19 0.4949797 
252 157 14 18 0.48402727 
996 219 13 17 0.3763527 
174 182 16 20 0.3035805 
922 149 14 17 0.27792266 
797 127 16 23 0.27067855 
988 218 13 18 0.2616306 
602 264 43 51 0.25681263 
738 145 17 22 0.22913292 
222 184 9 12 0.21382667 
841 117 24 27 0.20173328 
511 54 27 37 0.19607183 
309 291 17 20 0.19290467 
250 204 13 18 0.1802283 
0 190 9 15 0.17577346 
820 120 15 21 0.17129882 
1002 156 12 15 0.16333906 
804 184 17 18 0.16275844 
942 154 12 15 0.15859433 
844 167 25 32 0.14750242 
692 136 21 27 0.14710453 
258 291 12 17 0.14675361 
831 82 14 18 0.13486022 
610 176 14 18 0.1295735 
401 130 26 29 0.12890983 
500 480 32 37 0.124670155 
245 180 11 15 0.10789945 
968 295 10 13 0.106934376 
235 281 14 18 0.10395169 
890 472 35 41 0.10338821 
846 480 22 27 0.09633473 
741 118 13 23 0.09534847 
820 151 17 22 0.0950999 
679 126 12 15 0.09468727 
202 233 13 18 0.093775816 
937 155 10 13 0.09220618 
216 188 11 13 0.091305606 
215 242 12 15 0.08899785 
810 119 21 25 0.08767951 
962 140 26 28 0.08762154 
248 327 28 34 0.08666081 
602 145 23 26 0.085748516 
723 115 14 19 0.08503647 
668 145 16 21 0.07910481 
687 203 15 23 0.07871078 
726 122 14 20 0.078705154 
448 483 30 35 0.07813296 
220 307 13 18 0.07681067 
996 150 14 17 0.074225605 
602 226 14 18 0.07334889 
700 126 22 28 0.07166838 
661 187 22 28 0.07143429 
239 187 10 15 0.0680136 
804 114 14 18 0.067762196 
968 217 12 16 0.06537697 
213 300 16 21 0.06485364 
684 136 19 27 0.063457765 
31 288 9 12 0.06328573 
827 146 16 21 0.063193984 
587 227 12 17 0.062953785 
87 187 12 15 0.06274576 
273 370 16 17 0.060947094 
987 146 15 18 0.060784087 
969 245 11 16 0.060537256 
655 123 17 20 0.060220525 
23 178 13 17 0.059793487 
108 180 13 15 0.058929376 
933 150 11 15 0.058381863 
597 221 14 19 0.05566934 
263 276 10 13 0.054913927 
847 157 37 46 0.05469206 
195 311 21 25 0.05368272 
353 280 42 52 0.05350314 
626 192 14 18 0.052644443 
855 120 18 21 0.05103907 
994 152 21 26 0.0503065 
216 277 10 13 0.050131276 
740 133 20 28 0.0486323 
801 121 18 24 0.048136827 
674 138 19 26 0.04758874 
232 280 11 13 0.047505554 
250 147 25 31 0.047405545 
0 302 8 13 0.0470597 
115 277 15 17 0.047051955 
244 279 13 16 0.04555163 
226 307 14 17 0.04540974 
892 163 24 35 0.044798113 
397 130 15 20 0.044644922 
221 270 10 13 0.044463452 
703 138 17 20 0.04396733 
250 284 17 23 0.04393851 
978 139 25 29 0.043890867 
901 157 11 15 0.042530365 
950 253 14 18 0.042257752 
681 131 14 18 0.041233983 
74 344 10 12 0.04023602 
624 161 15 21 0.040216 
190 404 28 34 0.04018227 
496 58 33 50 0.040006313 
791 133 24 30 0.039750807 
944 150 22 25 0.0386947 
829 67 20 26 0.037763044 
690 197 15 19 0.03775137 
249 197 10 15 0.037557412 
393 132 11 15 0.037365396 
249 228 9 13 0.037336398 
786 168 15 22 0.03683172 
432 184 13 17 0.036674727 
691 118 22 30 0.035295676 
517 65 27 35 0.03520956 
230 288 12 18 0.034424264 
809 189 16 20 0.03407849 
627 175 15 20 0.03383983 
-1 326 7 13 0.03344045 
206 293 10 12 0.0330901 
611 227 15 18 0.03303083 
0 245 9 14 0.032261416 
825 91 11 15 0.031660657 
670 197 22 29 0.03126273 
923 159 14 18 0.031040015 
596 151 16 20 0.03103217 
830 125 26 33 0.030966694 
828 110 15 22 0.030596346 
229 204 10 12 0.030482152 
232 187 10 13 0.030353036 
539 230 17 18 0.030298846 
205 285 10 13 0.03022792 
972 221 17 20 0.030061828 
798 180 16 20 0.029950464 
962 140 41 48 0.02994724 
70 287 9 12 0.029914828 
134 197 12 16 0.029851666 
895 170 14 22 0.029447759 
167 178 14 19 0.02933005 
833 87 17 18 0.029165456 
743 201 21 31 0.029077515 
465 63 33 49 0.02906858 
971 237 12 16 0.028943844 
733 110 12 16 0.028931089 
764 123 14 20 0.028663559 
230 261 8 10 0.02863345 
831 252 10 12 0.02855132 
57 293 9 11 0.028457943 
77 346 11 14 0.02844325 
788 146 15 20 0.028036222 
62 291 10 12 0.027927462 
484 70 10 14 0.027845778 
1012 153 11 16 0.027710086 
465 91 29 38 0.027659222 
229 182 10 13 0.02765395 
140 196 12 15 0.027608156 
114 182 13 15 0.027396461 
6 301 10 12 0.027205944 
86 323 9 13 0.02711518 
520 153 21 25 0.02710193 
840 81 16 17 0.026882872 
655 219 14 18 0.0268292 
789 137 14 19 0.02663277 
660 152 22 26 0.026448153 
821 109 13 16 0.026395114 
224 261 10 13 0.02605939 
663 175 19 22 0.02581699 
204 240 14 19 0.025812345 
171 393 28 34 0.02558072 
569 132 17 21 0.02549905 
268 274 11 15 0.024992518 
930 150 21 26 0.024938967 
235 182 20 26 0.024714226 
80 326 9 11 0.024641478 
172 174 16 20 0.024264066 
515 55 15 19 0.02424051 
613 209 14 18 0.024222568 
857 163 20 23 0.024156332 
684 118 12 16 0.024143092 
806 163 25 30 0.024110125 
234 308 12 15 0.023967283 
237 193 12 16 0.023926701 
644 177 15 20 0.023820432 
899 157 24 32 0.023643041 
212 220 10 12 0.023521673 
479 74 24 34 0.023388676 
246 172 13 18 0.023252476 
240 175 20 26 0.023180733 
884 153 25 36 0.023143748 
824 134 24 30 0.023076748 
914 242 16 20 0.023058653 
216 270 10 14 0.022990433 
741 213 14 21 0.022985047 
499 118 30 38 0.022984276 
255 254 10 12 0.022944119 
181 283 15 19 0.022907818 
915 152 22 30 0.022868961 
252 166 15 19 0.022840494 
256 324 18 23 0.022805896 
891 180 23 35 0.022686606 
971 202 25 31 0.022487717 
294 288 16 21 0.022452282 
458 265 17 19 0.022375142 
841 69 16 19 0.022350784 
651 175 22 28 0.022299968 
142 227 16 21 0.022274341 
1014 308 8 13 0.022195386 
625 224 16 19 0.022195287 
805 130 22 28 0.022149991 
249 196 22 30 0.022139886 
269 315 10 12 0.021949984 
884 172 23 37 0.021870768 
621 178 14 19 0.021869175 
645 169 14 19 0.02148654 
521 85 17 23 0.021332093 
772 162 23 32 0.021265289 
239 164 11 13 0.021252302 
834 57 17 20 0.021092763 
856 481 18 23 0.020985566 
592 152 26 31 0.020917615 
661 201 15 19 0.02084475 
825 157 16 21 0.020815274 
756 199 13 17 0.02060228 
846 243 28 30 0.02050482 
14 301 8 12 0.020365462 
944 226 14 20 0.020265553 
815 160 14 21 0.020233465 
