0_Parade_marchingband_1_379
228
956 314 13 16 0.87650275 
900 313 13 17 0.85654414 
425 304 33 39 0.83392596 
660 325 14 19 0.78188384 
850 316 13 18 0.7738561 
787 322 12 16 0.7413631 
537 313 21 28 0.71733767 
767 322 11 14 0.6988979 
600 321 13 16 0.64135367 
989 327 10 14 0.61205286 
189 323 21 27 0.5557179 
813 318 16 17 0.5376804 
696 285 23 28 0.48765492 
508 309 9 13 0.27238807 
878 323 10 14 0.24076079 
220 336 15 19 0.19914402 
285 318 28 31 0.18984416 
932 323 10 14 0.1842328 
878 317 10 13 0.17861892 
294 307 29 33 0.17356429 
61 3 14 16 0.16249701 
791 392 12 15 0.15557402 
265 328 17 21 0.15413448 
91 331 17 19 0.15255235 
280 305 28 32 0.14466293 
906 315 12 16 0.13778336 
283 303 17 21 0.13675365 
952 368 9 11 0.12961099 
875 294 12 15 0.12290571 
886 364 9 11 0.12196281 
99 332 16 19 0.116567776 
327 0 15 16 0.11134603 
765 365 11 14 0.11084573 
307 319 17 23 0.10946602 
815 328 14 17 0.108180165 
88 322 17 19 0.10326984 
382 319 23 27 0.1030387 
873 327 9 12 0.098959126 
381 302 24 26 0.09841306 
577 302 10 12 0.09109473 
742 356 14 17 0.08452239 
903 304 10 13 0.0821438 
228 331 14 19 0.080673136 
476 321 13 19 0.08056762 
639 391 13 17 0.07873297 
741 311 9 11 0.07852638 
828 315 12 16 0.07781241 
556 328 14 18 0.077325836 
393 325 15 18 0.07332819 
508 312 13 18 0.0714831 
911 343 9 11 0.0713597 
457 310 26 32 0.0708087 
954 359 8 10 0.0707739 
929 321 9 11 0.070578486 
505 304 10 14 0.06841013 
373 320 13 19 0.068267934 
547 321 21 26 0.06737848 
740 345 22 29 0.063458845 
829 363 11 13 0.06025487 
946 318 10 13 0.057277538 
1014 325 8 11 0.055385713 
819 310 14 17 0.055208784 
946 342 8 10 0.055064112 
823 364 12 14 0.054644853 
517 339 13 16 0.05293253 
380 314 17 20 0.05258963 
916 317 9 13 0.05242986 
819 312 20 25 0.0519795 
106 337 13 15 0.0510676 
298 321 20 23 0.050483514 
273 320 24 29 0.050085817 
996 326 9 12 0.049869016 
236 329 14 21 0.049244992 
310 11 12 13 0.04752678 
318 3 13 15 0.047525734 
99 322 19 22 0.047352083 
699 295 25 29 0.04692418 
536 325 16 21 0.04615051 
861 325 10 13 0.045851003 
741 315 12 14 0.04487061 
230 407 12 14 0.044830594 
798 376 10 11 0.044577256 
333 9 14 16 0.043669105 
856 348 8 11 0.043586798 
788 310 11 14 0.043571718 
752 317 11 15 0.043384492 
758 316 13 17 0.043175474 
663 397 13 15 0.04279947 
984 378 10 12 0.042540014 
919 343 11 13 0.041927937 
664 403 16 19 0.041760262 
841 365 10 13 0.0415833 
955 372 10 14 0.04124108 
198 327 25 30 0.04049923 
554 314 16 20 0.040151894 
439 311 34 38 0.03946322 
749 122 14 20 0.039355334 
392 303 16 20 0.03920205 
810 321 12 16 0.039182168 
716 305 15 18 0.039156247 
85 334 17 20 0.038972538 
999 356 9 12 0.03854033 
824 294 9 12 0.038177572 
999 350 10 12 0.037545968 
848 295 10 13 0.036939867 
219 354 16 19 0.03631734 
776 339 9 12 0.035845462 
468 318 16 22 0.03567812 
308 357 25 33 0.035072703 
339 5 11 14 0.03481816 
418 313 28 35 0.034756772 
844 370 10 14 0.034746207 
839 316 10 14 0.03462931 
636 401 13 18 0.034462214 
853 273 14 18 0.03409116 
242 330 15 20 0.034060415 
1005 342 9 12 0.033990365 
770 317 12 16 0.03356853 
747 349 14 18 0.03352196 
228 354 13 17 0.03291449 
999 344 10 11 0.03257974 
509 346 12 15 0.032490026 
952 319 13 16 0.032325856 
994 357 8 10 0.0319724 
870 203 12 15 0.031924903 
902 215 13 17 0.031011058 
881 383 9 10 0.030918531 
227 345 14 19 0.030758135 
753 263 24 32 0.030366728 
943 350 8 10 0.03033994 
820 301 11 14 0.030246098 
791 355 10 13 0.029407557 
321 0 27 29 0.029403303 
447 317 21 24 0.029328639 
958 380 8 10 0.029283563 
67 1 13 12 0.029263454 
317 115 13 15 0.02914414 
793 381 11 13 0.029108755 
756 286 17 21 0.02888858 
103 358 24 30 0.028574003 
510 333 12 16 0.028481921 
943 373 10 12 0.028130934 
304 324 25 32 0.02808428 
250 326 21 27 0.027880877 
213 332 16 20 0.027688727 
503 338 14 18 0.027610645 
861 357 9 12 0.027280645 
860 343 10 12 0.026952457 
896 376 10 11 0.02680782 
143 354 11 17 0.026524473 
944 367 9 11 0.026509166 
853 301 10 12 0.026453499 
1015 342 8 12 0.026256615 
525 331 12 16 0.026026346 
522 322 24 30 0.025963645 
956 366 10 13 0.025740726 
830 332 12 14 0.025676379 
950 334 9 13 0.025673928 
984 320 9 11 0.025631733 
874 319 18 23 0.025493791 
829 288 11 13 0.025433665 
819 336 14 16 0.02501602 
957 304 10 13 0.024961438 
895 283 11 13 0.024843324 
977 356 9 11 0.024812786 
772 372 11 16 0.024808329 
309 5 28 32 0.024766998 
410 323 16 20 0.02476336 
859 267 13 17 0.02475371 
1007 326 9 10 0.024690708 
563 338 13 16 0.024683623 
965 359 8 11 0.024681844 
782 329 13 16 0.024424994 
372 320 23 30 0.024416717 
622 318 12 15 0.024356188 
714 288 16 22 0.024248973 
353 387 14 17 0.024203872 
930 261 93 114 0.024058629 
334 56 12 16 0.024041558 
654 320 13 16 0.023833131 
211 413 13 14 0.023735572 
926 318 20 24 0.023731748 
927 331 10 13 0.023494458 
749 350 21 27 0.02349265 
1008 320 8 10 0.023459392 
572 312 15 20 0.023138825 
888 350 9 12 0.023022406 
927 391 8 10 0.022899354 
885 314 11 16 0.02288261 
294 20 10 11 0.022878923 
880 375 9 11 0.022698877 
99 339 25 30 0.022639707 
836 311 11 14 0.022565521 
894 236 14 15 0.02237046 
976 341 9 12 0.022287168 
400 322 23 28 0.022270922 
924 348 9 11 0.022165855 
680 314 12 16 0.022112638 
679 289 211 226 0.02208563 
758 341 10 12 0.02179832 
896 320 12 15 0.021781862 
976 350 10 11 0.021686502 
515 310 11 15 0.021643814 
839 348 10 13 0.021477241 
854 263 12 15 0.021443194 
581 296 10 13 0.021424731 
1005 333 10 12 0.021400701 
743 342 12 16 0.021397056 
608 349 11 13 0.0213613 
124 415 10 12 0.021275483 
294 15 9 11 0.021215118 
668 319 21 26 0.021128077 
989 374 11 14 0.021118538 
803 259 24 32 0.021087386 
229 334 23 31 0.02105597 
976 269 27 33 0.021053448 
885 334 11 14 0.020973383 
861 348 10 12 0.020948913 
507 321 14 17 0.02089521 
881 360 9 11 0.020632783 
427 297 21 26 0.020582424 
563 322 13 19 0.02054169 
613 320 12 17 0.020418564 
982 358 7 10 0.020225452 
675 338 13 18 0.020190671 
772 308 11 14 0.020106744 
781 203 21 26 0.020084253 
316 362 16 21 0.020035725 
