0_Parade_marchingband_1_147
103
306 131 54 61 0.9988097 
504 88 76 84 0.99657506 
88 152 30 35 0.98996544 
215 159 44 49 0.98902917 
164 125 40 42 0.96447885 
613 148 35 42 0.88736355 
867 158 38 43 0.8369355 
405 178 57 58 0.5888816 
752 99 15 19 0.45063734 
244 0 15 17 0.32234854 
315 34 19 22 0.2846196 
779 16 14 17 0.23283759 
422 41 55 71 0.21179698 
712 9 12 16 0.18236585 
0 43 10 16 0.17809603 
778 82 16 19 0.15582962 
297 2 17 17 0.13131292 
0 11 17 30 0.1282408 
17 160 26 33 0.115327775 
281 102 15 20 0.10977618 
808 12 14 18 0.10875915 
896 75 14 18 0.1056686 
201 2 15 16 0.09846952 
848 28 12 15 0.09460918 
637 161 37 42 0.0937293 
385 37 24 30 0.08708455 
410 2 20 19 0.07401199 
413 56 16 22 0.0731554 
854 53 11 15 0.071072 
250 59 14 18 0.0706093 
555 7 30 36 0.067025974 
306 0 17 18 0.06286188 
215 -1 14 12 0.059393536 
350 540 11 13 0.050948184 
355 61 16 18 0.050742503 
29 55 21 27 0.050143525 
549 495 62 56 0.04928667 
964 311 55 55 0.04818942 
368 -2 23 16 0.045562733 
829 15 15 19 0.042804353 
885 5 12 14 0.040768214 
824 81 12 15 0.04056148 
928 4 13 16 0.03922817 
418 61 26 35 0.038999956 
264 6 24 28 0.03878677 
393 48 51 68 0.036926206 
714 108 18 21 0.036675774 
591 142 53 64 0.036437657 
965 22 12 16 0.03577178 
749 52 15 20 0.0356401 
27 66 24 30 0.03552269 
123 13 45 56 0.034129586 
314 0 18 19 0.03359254 
181 116 32 45 0.033227418 
884 34 13 17 0.032142114 
955 52 12 15 0.03131258 
700 74 13 16 0.030923143 
609 50 14 18 0.03070019 
798 34 13 14 0.029940726 
268 93 42 54 0.029726077 
401 54 30 34 0.029394533 
938 51 13 17 0.02892934 
373 30 89 107 0.028742298 
846 51 14 18 0.028505795 
163 142 32 40 0.027919805 
425 1 18 20 0.02758829 
320 28 23 30 0.027558818 
419 54 11 17 0.027277226 
24 80 25 34 0.025936052 
699 139 13 16 0.0258555 
393 43 29 36 0.025573911 
797 57 13 16 0.025534404 
442 64 41 47 0.025438603 
912 36 12 16 0.025356106 
276 99 26 32 0.025158258 
952 39 10 12 0.024902033 
476 52 81 100 0.024857547 
649 74 14 18 0.024587294 
380 29 47 57 0.023313478 
926 32 13 18 0.023307214 
338 101 50 67 0.023152301 
836 46 13 16 0.02293472 
0 23 19 33 0.022882866 
198 41 15 18 0.022709819 
952 45 11 15 0.022444736 
716 89 14 16 0.022349749 
629 149 37 41 0.022300208 
50 31 25 29 0.02218349 
260 68 12 15 0.022180112 
650 173 20 26 0.022074357 
828 119 17 19 0.021963287 
906 55 14 19 0.02148122 
744 44 10 13 0.02145909 
41 57 15 20 0.021341821 
386 184 37 44 0.021184828 
211 59 14 17 0.021155702 
386 20 26 33 0.021096498 
246 65 14 17 0.020869829 
816 44 12 14 0.020529017 
851 33 12 14 0.0205124 
421 70 17 21 0.020458203 
957 37 11 13 0.020293154 
400 198 46 51 0.020218337 
