0_Parade_Parade_0_490
402
593 279 50 66 0.99925786 
770 556 110 147 0.99901414 
385 350 58 77 0.99878424 
241 322 54 66 0.99862516 
768 319 62 78 0.9982844 
501 152 33 42 0.9980202 
104 185 45 54 0.99782026 
524 222 37 45 0.9978187 
910 84 29 33 0.9976756 
347 124 32 37 0.9976441 
967 54 26 34 0.9975948 
744 151 36 47 0.9966822 
472 329 51 67 0.9966474 
176 133 30 37 0.9966112 
759 85 33 39 0.99639386 
174 201 48 59 0.99577504 
876 51 22 30 0.9954591 
121 442 81 92 0.99484444 
241 162 29 36 0.99476033 
594 172 40 48 0.9939859 
716 89 32 36 0.99333465 
13 490 67 73 0.99324703 
661 641 47 62 0.9929871 
897 361 75 104 0.99285614 
730 240 41 47 0.9924265 
545 115 28 35 0.9919018 
73 162 30 33 0.99105924 
17 295 42 48 0.9905566 
434 113 23 30 0.9897711 
936 189 51 54 0.98804307 
827 154 40 42 0.9868781 
636 78 23 29 0.9819328 
930 6 21 27 0.9819255 
571 59 22 28 0.9785423 
59 111 17 21 0.9776985 
28 170 25 30 0.97520715 
274 82 22 25 0.9713416 
448 69 20 27 0.9649537 
671 135 37 49 0.96208954 
594 111 25 32 0.95740527 
279 178 38 47 0.9565927 
673 81 24 29 0.9531541 
535 77 21 28 0.9315075 
134 75 16 21 0.9284358 
10 140 18 24 0.92188865 
851 32 19 24 0.913491 
537 21 16 21 0.88012946 
354 58 22 26 0.8799065 
382 185 40 43 0.8778034 
435 215 43 44 0.8684358 
231 455 50 55 0.8657351 
493 675 49 70 0.86152434 
387 98 19 25 0.86139554 
232 92 20 24 0.85944253 
441 41 16 20 0.84499454 
372 239 33 49 0.8441027 
950 22 25 32 0.8359858 
322 342 51 65 0.8273347 
701 24 16 20 0.8152385 
721 42 22 27 0.7968467 
674 10 14 17 0.7916658 
398 282 41 51 0.79074043 
643 20 14 19 0.74442965 
113 145 20 25 0.70691687 
246 57 14 16 0.6953708 
85 62 16 22 0.69173354 
-2 220 19 40 0.6679612 
993 27 16 22 0.63607204 
807 2 16 18 0.5982817 
900 13 21 26 0.59399104 
10 92 14 18 0.5894902 
769 249 29 44 0.52896583 
785 16 15 19 0.52143764 
450 800 30 34 0.5084606 
32 386 24 36 0.49188295 
474 66 18 23 0.48828474 
614 6 16 17 0.4745833 
244 128 18 23 0.422964 
819 31 17 21 0.42283276 
502 94 15 24 0.4159061 
782 49 15 20 0.40389565 
882 0 16 18 0.39595133 
403 238 30 39 0.38029575 
799 56 24 27 0.3731974 
822 93 26 29 0.36424717 
21 384 25 38 0.3544788 
871 229 48 58 0.3433095 
868 220 33 47 0.31975242 
713 148 24 35 0.31548363 
517 22 14 21 0.298525 
8 192 26 35 0.28481907 
567 110 24 33 0.2754334 
597 100 23 29 0.27191457 
916 62 22 27 0.23689386 
123 346 27 40 0.22180744 
383 125 14 19 0.19458608 
993 170 31 44 0.19418748 
479 55 22 27 0.1938024 
924 292 50 64 0.1918834 
509 28 14 18 0.19029696 
755 50 18 21 0.18747613 
607 31 11 15 0.18135408 
656 83 21 29 0.18073806 
404 129 23 29 0.1670433 
206 18 11 14 0.16598323 
734 0 15 17 0.1649017 
613 587 26 36 0.16428085 
0 115 9 18 0.15282945 
546 23 15 19 0.15276791 
792 49 22 28 0.15016204 
814 27 16 20 0.15007982 
381 142 20 28 0.14517826 
16 179 25 30 0.14282396 
534 70 15 20 0.13465266 
843 1 14 14 0.13404784 
3 405 26 40 0.12279059 
823 101 34 36 0.119986 
772 6 16 19 0.11888967 
278 427 46 71 0.11702394 
313 157 29 36 0.115903385 
547 688 54 54 0.11432477 
622 150 26 33 0.114253044 
815 83 24 29 0.11224766 
464 120 27 33 0.10640698 
270 60 12 16 0.09969186 
765 23 15 19 0.0993909 
612 29 12 16 0.09692271 
336 118 29 35 0.09445262 
811 35 23 29 0.0881258 
363 126 24 31 0.08497254 
903 6 15 18 0.08420403 
762 43 15 18 0.082627416 
462 774 27 37 0.08150887 
455 785 30 38 0.07891746 
43 390 18 28 0.077973746 
6 649 48 95 0.07707686 
3 369 25 39 0.075924695 
723 10 13 16 0.07588185 
903 151 35 42 0.073661104 
726 4 13 15 0.07344338 
134 34 13 16 0.072886914 
403 15 14 19 0.07255444 
772 12 20 25 0.072164215 
910 5 22 28 0.071987905 
375 198 44 54 0.07179208 
521 18 19 25 0.071712606 
166 184 45 57 0.07113846 
185 45 10 15 0.07005318 
912 286 33 54 0.0693188 
135 333 27 40 0.06858593 
85 162 32 42 0.068366215 
380 287 49 61 0.06804087 
881 251 46 70 0.06599983 
414 99 14 19 0.0649445 
384 258 45 55 0.064338535 
544 75 22 28 0.063019596 
662 49 16 19 0.062241208 
420 227 41 51 0.062217068 
603 58 16 19 0.060872234 
650 80 17 25 0.06069143 
13 185 16 22 0.0604735 
676 123 29 34 0.059896424 
62 92 16 19 0.05975439 
702 0 11 11 0.05953662 
503 34 15 17 0.057946038 
573 0 12 11 0.05691076 
83 441 27 42 0.05591132 
510 686 58 64 0.0550517 
151 192 30 43 0.053375054 
496 -1 18 18 0.053182635 
963 0 14 12 0.053110186 
720 151 29 39 0.05306847 
754 57 23 27 0.052799236 
341 62 23 29 0.052695427 
392 304 55 70 0.0518585 
196 379 35 49 0.0513649 
197 15 14 19 0.050870344 
241 135 22 31 0.05014558 
168 146 32 40 0.049114563 
642 60 15 18 0.04897492 
10 487 44 50 0.04830965 
608 3 12 15 0.048227362 
282 10 15 18 0.0478616 
770 54 21 24 0.047817405 
380 38 14 19 0.047694553 
567 -1 13 11 0.047479693 
17 392 39 50 0.0470902 
338 116 16 19 0.0466749 
273 157 25 32 0.045716364 
968 108 23 29 0.04552538 
613 15 15 19 0.045341596 
237 134 18 22 0.043917023 
952 284 45 64 0.04355396 
685 50 16 20 0.043484952 
573 44 14 17 0.043415833 
475 277 43 52 0.042211533 
577 107 17 23 0.041707356 
258 463 31 46 0.04159634 
425 825 67 59 0.041513517 
942 32 16 21 0.041490972 
875 38 21 26 0.041360833 
461 269 36 48 0.041162148 
697 661 53 66 0.040621806 
306 65 17 21 0.040524766 
767 9 15 20 0.04033676 
802 43 24 31 0.03918129 
211 15 11 14 0.038782634 
705 12 21 25 0.03874388 
752 73 26 34 0.038526203 
301 434 47 69 0.038509578 
461 752 43 57 0.038412426 
274 151 19 24 0.038263246 
705 29 16 20 0.03796995 
802 73 21 30 0.03794442 
344 217 30 39 0.036941785 
970 126 28 35 0.036922086 
715 26 15 18 0.03676227 
906 -3 21 23 0.036678936 
959 149 28 34 0.036579 
790 10 19 23 0.03647039 
830 0 11 11 0.036079697 
60 100 20 25 0.035970803 
860 33 20 26 0.03595718 
809 70 18 22 0.035849486 
853 22 17 20 0.035782136 
525 81 17 22 0.0356835 
300 59 16 19 0.035657845 
689 137 31 43 0.03563076 
260 432 44 68 0.035369594 
370 136 24 30 0.035152365 
158 55 16 19 0.035091367 
60 455 49 62 0.0350433 
19 98 11 17 0.035038617 
219 42 17 22 0.035028692 
355 349 53 72 0.034553494 
0 183 23 36 0.034552034 
324 23 18 21 0.034368295 
387 239 33 40 0.034349263 
758 37 14 18 0.033219546 
191 107 13 16 0.03318708 
730 43 22 29 0.03302806 
988 36 19 26 0.03291133 
938 17 25 32 0.032795187 
420 199 33 43 0.03257024 
955 12 16 20 0.03240271 
448 778 49 60 0.032339573 
861 242 35 45 0.032142397 
673 613 55 69 0.032063663 
986 2 15 16 0.032050375 
959 19 19 23 0.031987287 
357 292 46 61 0.031827968 
812 21 16 18 0.03168933 
853 0 13 13 0.031491503 
598 29 13 17 0.03130516 
506 38 16 20 0.03129478 
418 92 16 21 0.030873498 
398 0 10 10 0.030651666 
291 163 45 56 0.030249497 
488 51 16 21 0.0301375 
957 63 17 22 0.030055854 
861 0 12 11 0.029992443 
749 53 17 24 0.02984098 
764 64 17 21 0.02957336 
678 69 23 31 0.0294826 
262 50 15 19 0.029461902 
1009 177 15 25 0.02940749 
144 326 29 39 0.029315114 
619 1 14 15 0.029241193 
790 0 11 12 0.029136287 
683 55 21 28 0.029101703 
580 43 15 19 0.029054832 
417 133 17 24 0.028947277 
400 206 42 52 0.028919356 
717 6 15 17 0.028877366 
408 255 47 60 0.028864369 
508 137 39 50 0.028652616 
575 115 26 33 0.02860937 
710 50 14 18 0.028529346 
599 4 12 14 0.028434334 
319 285 26 36 0.02840925 
411 16 14 18 0.028227266 
741 7 15 18 0.028216697 
871 1 15 17 0.028189275 
466 115 20 24 0.028184468 
902 132 34 40 0.028124835 
409 193 31 40 0.028064232 
478 771 28 37 0.027980182 
382 150 27 32 0.02794638 
171 165 32 36 0.027789606 
701 14 15 19 0.02742334 
299 72 15 21 0.027317796 
978 281 30 45 0.027241316 
413 281 50 58 0.027185999 
113 340 28 39 0.027115013 
445 245 40 51 0.027108023 
60 430 41 52 0.026915036 
457 48 22 27 0.026853155 
445 44 21 24 0.02678127 
279 4 14 16 0.026643999 
632 139 24 34 0.02654215 
878 28 15 18 0.026345506 
911 18 17 22 0.026336968 
420 116 25 31 0.02631943 
663 54 24 29 0.026234241 
162 177 33 40 0.026173461 
588 113 19 26 0.02616392 
310 145 28 33 0.025933666 
466 70 22 27 0.025770398 
952 43 25 35 0.025741644 
290 123 16 19 0.02568784 
817 2 16 17 0.025685469 
291 34 14 16 0.02565553 
695 20 16 21 0.025649307 
-1 409 43 57 0.025494134 
767 32 21 26 0.025381595 
0 374 15 26 0.025335442 
241 115 22 27 0.025252823 
477 26 14 17 0.025162105 
349 0 14 13 0.025038099 
992 69 23 27 0.024944918 
986 49 17 24 0.02487392 
204 23 17 22 0.02480689 
190 136 18 25 0.024793865 
915 204 55 64 0.024707224 
793 91 22 29 0.024701709 
621 33 13 18 0.024506988 
293 115 15 20 0.024503177 
957 0 17 19 0.02446382 
681 643 59 67 0.024449792 
534 15 15 19 0.024446256 
708 57 17 22 0.024379386 
469 59 16 23 0.024283143 
308 69 23 27 0.02419054 
454 58 22 27 0.024124486 
541 0 11 10 0.023998661 
683 88 26 30 0.023708371 
747 86 25 33 0.02366982 
144 683 27 38 0.023660991 
648 174 27 37 0.023482595 
55 268 26 37 0.0232925 
371 3 15 17 0.023277504 
586 136 26 33 0.023268262 
3 113 14 20 0.02326454 
862 274 15 22 0.023253784 
190 0 15 13 0.023224639 
703 138 28 38 0.023188338 
456 807 37 44 0.023101173 
358 225 28 43 0.023081366 
11 111 14 20 0.022883067 
177 334 40 59 0.022881802 
809 5 23 24 0.022866739 
275 169 29 41 0.0228642 
368 58 16 21 0.022788776 
554 21 13 19 0.022698345 
398 4 12 14 0.022685822 
-1 326 21 39 0.022637488 
437 269 38 45 0.022632835 
187 126 15 19 0.022626681 
813 368 42 48 0.022513833 
946 167 50 62 0.022489797 
601 93 20 23 0.02237182 
293 66 15 20 0.022333425 
893 210 49 59 0.022275342 
563 98 24 30 0.022184601 
957 59 27 34 0.022166334 
275 69 15 17 0.022149595 
236 106 23 28 0.02214945 
441 28 16 18 0.02214822 
0 98 12 17 0.02214331 
478 51 16 20 0.02213757 
495 43 22 27 0.022032075 
977 111 38 50 0.021999136 
845 248 40 60 0.021933028 
205 40 14 18 0.021744719 
212 195 28 41 0.021719677 
367 293 27 42 0.02170459 
540 39 14 19 0.021524325 
783 0 11 11 0.021444805 
437 23 13 17 0.021385536 
294 59 14 18 0.02132605 
607 109 25 32 0.021318946 
416 802 52 54 0.021316022 
375 29 11 14 0.02130471 
982 0 13 11 0.021181123 
65 199 28 41 0.021150611 
382 171 32 40 0.021112934 
317 420 46 69 0.020918868 
716 35 21 25 0.02087 
681 10 14 18 0.020719653 
722 18 15 18 0.020685287 
493 97 21 28 0.020629097 
237 0 17 19 0.020628573 
1013 115 11 18 0.02061048 
362 211 39 52 0.020473411 
469 45 13 16 0.020467436 
712 46 21 26 0.020418627 
780 160 16 21 0.020408504 
206 29 22 26 0.020368643 
844 6 16 20 0.020344961 
894 289 37 51 0.020304536 
824 36 18 23 0.020252103 
416 602 12 16 0.020212146 
