0_Parade_Parade_0_72
128
132 333 32 43 0.9685269 
665 347 25 36 0.96802294 
459 389 24 28 0.9297512 
774 344 14 19 0.85479784 
206 365 22 26 0.8042721 
413 382 15 20 0.77198327 
625 344 18 21 0.7563913 
347 466 25 31 0.7508205 
256 384 18 22 0.7383761 
627 368 20 27 0.7164443 
496 339 17 20 0.6768511 
736 366 22 26 0.6595101 
546 378 18 23 0.59613216 
790 266 17 19 0.30795723 
86 294 37 39 0.2931367 
2 475 18 21 0.2806841 
567 593 47 46 0.27256894 
349 376 15 18 0.2376617 
56 526 9 12 0.19761105 
23 543 12 15 0.18475172 
66 558 22 25 0.15347832 
541 372 15 24 0.1523211 
73 533 10 11 0.1257191 
347 498 13 15 0.093323395 
159 446 11 13 0.08708615 
136 460 11 15 0.08587099 
451 401 26 32 0.08155192 
539 381 26 35 0.06839881 
347 366 12 14 0.067298725 
580 356 14 18 0.06459264 
642 562 25 33 0.0639229 
550 351 11 13 0.06345513 
578 362 14 19 0.06021486 
343 370 13 17 0.057543945 
159 515 8 11 0.05474983 
81 516 9 11 0.054206945 
572 376 16 22 0.05057087 
556 376 21 27 0.05009325 
699 351 18 26 0.04859124 
168 479 9 11 0.04793872 
454 370 15 21 0.047663998 
23 516 10 13 0.04765059 
778 447 10 13 0.045701887 
541 364 14 19 0.044526506 
104 477 10 13 0.04314524 
565 343 11 13 0.042615384 
831 340 9 12 0.042062253 
632 352 18 21 0.040973708 
790 329 15 19 0.04054543 
619 399 13 17 0.039646655 
808 407 7 10 0.039306402 
543 356 11 15 0.038871203 
154 512 8 11 0.038781285 
684 355 23 29 0.037572805 
583 351 12 14 0.036622666 
204 375 24 28 0.036064044 
85 511 9 11 0.035925213 
344 494 12 15 0.035298843 
567 382 23 31 0.035085227 
805 379 10 14 0.034291435 
669 361 29 37 0.03404362 
205 359 16 20 0.03396973 
245 394 14 17 0.033790298 
342 465 41 49 0.03235835 
61 550 10 13 0.03224369 
453 374 23 32 0.032025237 
94 499 9 12 0.032007188 
167 512 7 10 0.03185681 
532 403 33 36 0.03185478 
186 447 13 16 0.03042772 
738 378 18 23 0.030236613 
602 628 18 22 0.029059406 
268 381 11 17 0.028826825 
766 374 11 14 0.02810008 
139 413 11 14 0.027928628 
83 563 14 17 0.027499042 
784 268 12 15 0.027346654 
559 602 35 43 0.026954157 
12 469 13 17 0.026943276 
777 349 15 19 0.026793525 
185 431 10 13 0.026492756 
104 310 18 22 0.026366146 
800 373 11 14 0.026119573 
494 326 23 26 0.025812324 
173 469 9 13 0.025710039 
356 364 12 15 0.025626179 
558 348 13 15 0.025399162 
666 342 16 21 0.025334429 
76 528 10 12 0.025303766 
784 237 9 11 0.025290117 
126 492 10 12 0.025021788 
200 509 9 11 0.024970343 
590 614 32 36 0.024927024 
592 609 18 20 0.02488021 
96 477 9 11 0.024874149 
554 386 41 49 0.024856126 
31 510 10 13 0.024769511 
390 485 11 14 0.024749579 
69 443 12 14 0.024702206 
80 493 10 14 0.024455668 
108 483 9 12 0.024318093 
341 361 22 25 0.024224322 
56 549 10 13 0.024148976 
343 477 24 30 0.024011005 
64 558 12 15 0.02395483 
540 410 40 42 0.023476766 
22 521 13 16 0.023203494 
347 460 19 21 0.02307412 
411 442 24 36 0.022972303 
88 499 10 13 0.022734543 
622 362 16 22 0.022191092 
532 404 13 20 0.022166677 
111 508 10 11 0.02196514 
803 266 13 17 0.021875113 
247 388 24 27 0.02184219 
3 486 17 22 0.021736756 
1012 364 10 14 0.021407273 
448 419 13 17 0.02135639 
335 365 12 16 0.021090807 
219 387 16 20 0.021077702 
157 412 15 20 0.020978054 
108 369 13 17 0.020967852 
799 461 10 12 0.020910462 
-1 538 21 30 0.020778386 
247 381 13 17 0.020579405 
320 533 10 13 0.020428697 
458 363 17 20 0.020138182 
61 519 9 13 0.020029524 
