0_Parade_marchingband_1_490
931
652 389 15 20 0.9915488 
884 358 15 20 0.9891304 
662 360 14 18 0.9888756 
882 332 14 16 0.9883486 
482 356 16 19 0.98713535 
630 331 14 18 0.9864178 
500 328 14 17 0.98522943 
538 438 17 22 0.9846007 
923 338 13 17 0.9845546 
264 391 13 19 0.9842195 
390 358 15 19 0.98336226 
439 358 14 19 0.98181677 
237 284 12 16 0.9816985 
613 285 12 16 0.9793131 
878 390 16 20 0.97864085 
307 388 14 18 0.9771184 
413 332 12 16 0.9758329 
787 392 14 18 0.9755064 
526 356 15 18 0.97232777 
245 326 13 17 0.9718188 
276 285 11 15 0.97087705 
551 388 16 21 0.97048235 
839 247 11 14 0.96899277 
718 308 12 15 0.9684571 
123 353 14 18 0.9668149 
302 358 14 17 0.9667759 
678 305 14 17 0.96674657 
837 391 15 19 0.9666813 
290 453 16 19 0.9660696 
669 453 18 22 0.96588236 
572 359 13 18 0.9647861 
575 282 12 15 0.9637697 
752 360 14 18 0.9632493 
454 390 16 20 0.9629598 
718 238 10 13 0.95858306 
205 327 13 16 0.9522598 
759 310 13 16 0.9513664 
408 451 17 22 0.9495395 
170 355 13 17 0.9492813 
405 190 10 12 0.9490785 
439 302 14 18 0.9479271 
586 330 14 17 0.9464639 
674 330 13 18 0.94604653 
504 387 16 20 0.9457352 
639 306 13 16 0.9449707 
217 394 15 19 0.9443095 
79 398 13 16 0.9407589 
743 390 15 20 0.94044596 
303 266 12 16 0.93977886 
86 334 13 15 0.9391317 
167 285 11 14 0.9387608 
261 355 14 17 0.9364165 
282 304 13 18 0.9353185 
148 241 12 15 0.9327449 
837 286 11 15 0.929287 
600 389 14 18 0.92912304 
461 284 12 16 0.9267123 
696 391 15 19 0.9259404 
707 358 14 16 0.92482007 
811 230 10 13 0.9231432 
347 358 14 18 0.922637 
686 287 12 14 0.92208487 
205 305 13 17 0.9192761 
201 284 12 15 0.91837066 
405 388 16 19 0.91817766 
432 246 11 14 0.9168521 
358 389 15 18 0.9120943 
293 246 12 15 0.9104792 
357 206 9 11 0.9092295 
328 246 11 14 0.90911454 
369 330 14 18 0.90845764 
704 248 12 15 0.9037333 
313 284 11 15 0.90133154 
287 328 13 17 0.9005617 
563 306 13 16 0.89752895 
932 366 13 17 0.8968885 
835 360 14 18 0.89640534 
422 284 13 15 0.89545316 
668 204 10 13 0.89495486 
750 333 13 16 0.8944145 
628 270 12 16 0.8934587 
493 287 12 16 0.8933749 
544 331 13 16 0.89156 
330 328 13 18 0.8876896 
932 387 14 19 0.88520163 
245 304 12 15 0.88302493 
621 186 10 14 0.87868893 
728 202 10 12 0.8786681 
801 267 12 14 0.87814564 
975 397 13 16 0.87720245 
734 266 12 16 0.8750229 
702 203 9 13 0.87151116 
652 237 10 14 0.86964196 
555 266 13 16 0.8586443 
557 192 9 11 0.8575972 
217 360 14 18 0.8575291 
800 310 12 16 0.85695726 
31 392 14 18 0.8525781 
264 199 9 12 0.85231715 
351 285 11 15 0.8514946 
385 283 12 16 0.8494611 
535 250 12 15 0.84877485 
196 264 11 14 0.845298 
482 306 13 16 0.8451173 
442 266 13 16 0.8407303 
78 359 14 18 0.83991146 
341 190 10 13 0.839871 
697 267 11 14 0.8371805 
360 303 12 17 0.83546644 
224 248 11 14 0.8343037 
125 397 14 18 0.83191895 
545 206 9 11 0.8277991 
686 235 10 14 0.8241382 
838 327 13 17 0.8236131 
592 268 12 15 0.8210649 
375 192 9 11 0.81911194 
575 204 9 13 0.8133933 
789 212 10 13 0.8132097 
373 266 10 14 0.81161183 
529 213 10 13 0.8072646 
714 328 13 17 0.80687326 
400 306 12 16 0.80599064 
669 249 12 15 0.800744 
837 312 14 18 0.7992738 
591 188 8 11 0.7958531 
661 267 11 14 0.7932057 
717 215 10 12 0.78293043 
341 267 12 14 0.78076756 
171 397 13 17 0.76618093 
526 191 7 10 0.76400435 
560 215 12 15 0.75815386 
600 304 13 16 0.75559187 
581 232 10 14 0.7540636 
523 305 13 16 0.75265557 
794 360 13 17 0.7511441 
498 213 10 12 0.7453542 
650 285 12 15 0.744163 
381 232 10 13 0.74066675 
536 285 12 14 0.7401394 
769 271 9 12 0.7389361 
518 267 12 14 0.73620546 
548 232 10 14 0.73019296 
726 286 10 13 0.72914934 
793 330 13 16 0.7288141 
247 214 8 11 0.7287524 
124 327 13 15 0.7276262 
615 357 15 18 0.72466743 
797 287 12 14 0.7225577 
406 265 12 16 0.7213873 
320 304 12 16 0.71470356 
391 206 9 12 0.70994 
164 304 12 16 0.7008756 
436 193 8 11 0.70043194 
454 202 9 12 0.6938858 
745 231 9 12 0.68548 
265 263 12 16 0.6786709 
259 247 10 14 0.67639005 
684 188 10 12 0.67622775 
636 204 9 11 0.6683887 
304 216 9 12 0.6628534 
653 189 9 12 0.6620207 
760 288 10 14 0.6561458 
454 235 9 13 0.65596604 
457 330 14 17 0.65516776 
785 216 10 12 0.6543412 
503 251 11 14 0.64654225 
605 248 12 14 0.64571005 
310 232 10 13 0.6272975 
220 227 9 13 0.62335503 
216 211 9 11 0.6209122 
396 247 12 15 0.60938144 
122 286 12 16 0.59436655 
510 204 9 11 0.589873 
627 220 9 11 0.5856728 
403 215 11 14 0.5852589 
595 219 9 12 0.57033026 
872 297 12 15 0.56507564 
636 250 12 14 0.563602 
481 269 12 15 0.5613127 
188 226 11 13 0.5589507 
436 215 10 14 0.5518299 
772 251 11 13 0.549446 
294 200 9 12 0.54273885 
279 189 9 11 0.5367165 
234 198 8 11 0.52993953 
756 202 10 13 0.51960206 
776 231 10 13 0.51460284 
878 314 10 14 0.51007646 
231 264 11 15 0.50833094 
605 201 9 12 0.50779676 
469 185 7 10 0.50671977 
167 325 12 17 0.50412256 
517 235 10 13 0.5026985 
846 265 10 14 0.4986154 
182 244 12 15 0.4880508 
363 248 11 13 0.4748844 
281 232 9 12 0.46499243 
617 233 12 14 0.46176052 
570 249 12 15 0.4607505 
420 203 9 12 0.45738417 
252 230 9 12 0.44622165 
468 248 10 14 0.42309093 
736 249 11 14 0.4208357 
809 249 11 14 0.4005601 
484 232 9 12 0.39908397 
346 232 10 12 0.39683795 
482 204 10 12 0.39675534 
420 233 10 14 0.39320356 
185 210 10 13 0.3902657 
370 216 10 13 0.38586006 
277 215 9 12 0.3820145 
173 231 9 11 0.37719116 
791 209 9 11 0.37135744 
338 215 8 11 0.36082974 
498 185 8 10 0.358846 
311 188 8 11 0.35786402 
661 219 9 12 0.3410294 
602 205 9 10 0.33671874 
97 404 10 14 0.30590016 
467 215 8 11 0.2989222 
632 247 12 15 0.29242644 
655 461 12 15 0.28676134 
600 238 8 10 0.2591481 
248 221 9 11 0.25000575 
693 221 8 11 0.24867857 
327 200 9 12 0.2484322 
740 269 11 14 0.24129894 
502 232 9 11 0.23167525 
123 306 12 15 0.22832783 
591 251 11 12 0.20837377 
504 309 10 13 0.19767664 
630 289 13 16 0.19717292 
677 270 9 12 0.19582868 
708 286 9 12 0.18475462 
217 221 10 14 0.18209718 
566 239 9 11 0.18128891 
638 270 10 14 0.17885286 
239 205 7 11 0.17798772 
687 326 11 15 0.17737208 
733 288 10 12 0.17153712 
242 213 8 11 0.17006001 
464 309 10 12 0.16807851 
667 291 12 14 0.16401811 
487 250 10 13 0.15930663 
750 221 8 11 0.15661167 
633 238 8 11 0.15294391 
514 269 9 12 0.14865221 
696 307 10 13 0.14731951 
767 329 11 14 0.14605558 
155 260 11 13 0.14602464 
645 221 9 11 0.1459425 
542 307 12 15 0.14408773 
597 285 12 14 0.13937268 
368 263 12 15 0.13852921 
751 216 9 11 0.13585521 
803 289 11 16 0.1354638 
186 222 10 13 0.13339342 
205 231 9 11 0.124563046 
714 270 9 12 0.12452324 
79 366 14 19 0.12426543 
514 222 8 9 0.12339957 
842 309 13 16 0.12232354 
541 269 10 12 0.12221381 
648 327 11 15 0.12163625 
808 331 10 14 0.120824285 
539 277 12 15 0.120767504 
623 252 11 13 0.120651774 
574 269 11 14 0.1190311 
851 266 10 14 0.114556566 
720 262 10 13 0.113917805 
308 219 9 11 0.113752924 
748 270 10 13 0.11281399 
764 302 12 15 0.11240894 
289 250 10 14 0.11229086 
910 370 14 18 0.111469254 
963 379 11 14 0.11029361 
263 237 8 11 0.10944846 
377 234 10 13 0.108235456 
512 231 10 12 0.10791393 
240 365 13 16 0.10722047 
118 468 9 11 0.10625356 
772 274 12 15 0.10439664 
638 230 9 12 0.10371276 
534 232 8 11 0.101433374 
610 222 9 11 0.09994516 
738 308 10 13 0.099150896 
553 254 9 11 0.09616922 
884 269 12 16 0.0912884 
309 278 13 16 0.08911096 
135 271 10 12 0.08891237 
620 306 12 14 0.088719204 
629 216 9 12 0.08748139 
404 245 10 14 0.08624778 
668 268 11 14 0.08584739 
501 206 9 12 0.08583173 
407 236 9 11 0.08574104 
581 305 13 16 0.085651785 
722 237 11 15 0.08563549 
152 268 10 13 0.08555404 
143 227 10 13 0.0854123 
199 248 8 11 0.08533912 
448 232 11 13 0.084570326 
566 337 14 17 0.084098585 
688 256 10 12 0.083927885 
864 337 11 16 0.083210185 
129 331 13 15 0.08293792 
350 252 10 12 0.08253699 
174 379 12 14 0.08252371 
234 203 10 12 0.08246221 
579 206 9 12 0.08243353 
136 314 12 15 0.08178714 
271 279 12 15 0.081530556 
533 237 9 11 0.0810517 
470 231 9 11 0.08041161 
185 240 10 13 0.080234356 
611 413 14 17 0.08023393 
400 267 12 15 0.07963526 
694 214 8 11 0.0796346 
311 252 10 12 0.07962116 
779 275 12 15 0.079516225 
111 314 12 16 0.079322495 
505 199 9 11 0.07922832 
726 325 12 15 0.07797091 
553 354 15 18 0.07779639 
522 262 13 15 0.07760842 
607 324 12 14 0.07746434 
656 262 12 15 0.07709752 
714 356 12 15 0.076890916 
284 365 11 14 0.075899936 
520 253 9 11 0.07538264 
109 340 10 13 0.074797526 
335 262 12 15 0.073719256 
539 373 13 17 0.0731624 
200 361 14 17 0.071973406 
769 261 10 13 0.07095581 
533 308 11 15 0.07078822 
728 254 9 13 0.07068286 
692 237 9 13 0.07065196 
527 231 9 12 0.07059582 
302 237 9 13 0.070307665 
341 186 8 10 0.07015786 
309 462 12 14 0.06940406 
683 185 9 11 0.06880098 
361 268 11 13 0.06861229 
737 302 10 13 0.06851373 
406 208 9 10 0.068205476 
249 234 10 12 0.068152316 
221 209 8 10 0.06788797 
470 236 9 11 0.06745373 
264 232 9 12 0.067350194 
518 242 11 13 0.06715812 
535 315 12 16 0.06684281 
95 400 10 14 0.066735305 
643 269 11 14 0.06659607 
726 261 11 14 0.066556916 
759 236 10 13 0.06629738 
438 237 11 13 0.0662561 
604 455 11 14 0.066194504 
758 221 9 12 0.06510375 
386 207 8 11 0.06471135 
656 308 10 13 0.06470351 
748 234 10 13 0.06427188 
840 280 11 14 0.063901 
472 269 11 14 0.06357657 
649 232 10 13 0.063562915 
658 216 9 12 0.06331828 
630 263 11 14 0.063298255 
390 202 9 10 0.06313769 
893 270 11 14 0.06312579 
608 229 9 12 0.06297635 
264 301 11 14 0.06254769 
353 386 13 18 0.06188456 
805 349 12 16 0.061786864 
254 236 10 12 0.06170395 
280 195 8 10 0.06113849 
608 268 10 13 0.060800392 
133 289 13 17 0.060614612 
853 238 10 12 0.060045544 
422 215 9 12 0.05925676 
273 219 10 11 0.059007276 
81 422 8 11 0.05891655 
218 236 9 12 0.058858465 
72 351 10 13 0.05850944 
125 390 13 17 0.057816647 
570 306 13 16 0.057601355 
528 236 9 12 0.057540644 
246 210 8 10 0.05747907 
290 205 9 11 0.05712135 
200 231 9 11 0.05628718 
297 356 13 16 0.056235813 
676 276 11 13 0.056109615 
640 214 8 11 0.05562498 
177 244 10 14 0.054974686 
495 247 11 13 0.05493684 
388 230 10 13 0.05485558 
624 274 12 15 0.054668017 
232 193 9 12 0.053856365 
171 389 14 18 0.053721983 
533 219 9 12 0.053506278 
937 368 14 18 0.053308483 
691 290 11 15 0.052904263 
296 241 10 13 0.052634932 
638 258 11 15 0.052143116 
768 230 10 13 0.052125704 
613 268 12 13 0.051916175 
830 262 10 12 0.051865254 
456 363 12 17 0.05144352 
468 219 10 12 0.05142008 
699 200 9 12 0.051263787 
790 255 9 11 0.051036716 
712 276 10 13 0.050682448 
707 290 11 15 0.050126154 
704 463 9 11 0.05004195 
346 284 11 15 0.04984536 
676 246 10 14 0.049622968 
165 469 10 13 0.049582798 
463 207 9 11 0.049559344 
189 246 9 13 0.049323503 
615 216 8 10 0.049303327 
351 141 7 9 0.04929294 
824 283 9 12 0.04899767 
294 274 11 14 0.04897693 
543 224 9 10 0.04878387 
513 213 9 12 0.04861922 
631 230 9 11 0.04861079 
528 253 10 12 0.04858295 
478 394 15 19 0.048556328 
189 235 10 12 0.048545945 
462 312 13 17 0.048505783 
213 436 13 17 0.048391003 
866 273 14 17 0.048376933 
376 205 9 11 0.048096284 
723 314 12 16 0.047695722 
512 261 9 13 0.047622666 
470 197 9 11 0.047533136 
532 323 13 16 0.04715966 
640 354 12 15 0.04704193 
809 225 9 12 0.046978306 
723 354 12 15 0.046973053 
791 238 9 11 0.046919364 
646 278 12 15 0.046741612 
317 237 10 12 0.04666836 
711 380 11 16 0.046611372 
739 291 11 14 0.046481945 
797 300 14 17 0.04641557 
55 480 11 13 0.046111487 
399 238 11 12 0.045990683 
616 306 11 15 0.04582224 
622 262 12 14 0.045430344 
608 278 12 15 0.04534595 
279 253 11 13 0.04510348 
734 222 9 12 0.045013975 
755 322 13 18 0.044975404 
663 286 10 13 0.044737365 
500 188 8 11 0.044295017 
636 286 12 14 0.044156305 
573 262 11 12 0.04407029 
354 210 9 12 0.044055685 
661 239 10 12 0.04402337 
895 386 12 17 0.043866 
361 382 16 20 0.043865822 
322 246 9 12 0.043865003 
653 194 11 13 0.04383961 
278 261 11 13 0.043379273 
501 316 13 16 0.043300103 
104 483 11 14 0.043239076 
883 316 11 14 0.04300768 
582 224 8 10 0.042956386 
286 355 12 15 0.042642493 
483 263 12 15 0.04258439 
297 213 9 11 0.04249648 
407 327 12 15 0.042326465 
871 317 11 15 0.042216662 
503 268 11 13 0.04220506 
612 246 10 13 0.042177413 
758 246 10 13 0.042169422 
468 274 12 16 0.042037122 
33 399 15 19 0.041680492 
700 301 11 14 0.041599352 
682 231 11 13 0.041529886 
559 210 9 10 0.041528042 
654 254 10 13 0.041435674 
287 276 11 14 0.04141969 
279 208 8 10 0.04141363 
862 321 14 17 0.04124941 
357 527 13 17 0.0411476 
261 194 17 22 0.041141845 
175 267 10 13 0.040969107 
779 234 11 14 0.040672492 
71 464 11 12 0.040410645 
688 217 10 11 0.040379692 
76 351 13 17 0.04030175 
176 420 10 12 0.04024203 
206 252 9 12 0.040185545 
353 201 18 23 0.04009945 
393 305 12 17 0.040047653 
497 237 9 12 0.039977595 
772 292 12 14 0.039939836 
840 265 11 16 0.039536536 
455 254 10 12 0.03908529 
380 192 8 11 0.039040595 
588 236 10 13 0.03871988 
774 285 10 12 0.038706142 
662 301 11 14 0.0385412 
533 297 12 16 0.03851896 
916 393 14 18 0.03821033 
607 216 8 10 0.038209867 
572 325 13 15 0.03804263 
794 291 12 15 0.037914094 
377 268 11 14 0.03787946 
647 241 12 15 0.037791956 
794 389 14 19 0.03777356 
103 317 12 15 0.037707396 
666 259 13 16 0.03757518 
264 214 9 11 0.037383843 
380 262 11 13 0.037352126 
844 275 12 14 0.03730646 
210 303 12 15 0.03699602 
397 207 9 11 0.036829855 
56 405 11 14 0.03682205 
719 209 9 10 0.03673947 
895 317 10 14 0.036704544 
520 214 8 11 0.036570568 
716 276 12 14 0.036566485 
125 338 15 18 0.03653784 
342 273 12 16 0.036485013 
613 252 10 13 0.036451243 
191 253 9 12 0.03607285 
554 187 17 22 0.035981137 
596 263 11 14 0.035978243 
470 206 8 11 0.03595254 
440 208 8 11 0.035870366 
279 370 13 16 0.035851512 
588 368 14 18 0.035839103 
127 381 10 13 0.035684515 
427 279 13 16 0.035438813 
548 306 13 16 0.035363745 
399 329 13 17 0.03522602 
900 339 11 15 0.035179727 
509 247 10 13 0.03513994 
713 232 8 11 0.03513957 
417 284 12 15 0.035120316 
415 251 11 13 0.034946006 
824 261 9 12 0.034779258 
593 331 13 17 0.034719255 
685 194 11 13 0.03465684 
303 211 17 22 0.034620915 
204 311 15 20 0.034560848 
285 184 8 10 0.034535874 
198 252 10 14 0.034511145 
238 248 9 12 0.034491412 
420 361 13 17 0.034414865 
403 313 13 16 0.034231074 
62 363 12 16 0.03420088 
344 252 11 13 0.034194674 
338 300 13 15 0.03409917 
335 207 8 9 0.03406983 
528 287 11 13 0.033977177 
679 354 11 14 0.03397128 
653 278 12 16 0.03396752 
558 292 12 15 0.033931646 
422 252 10 12 0.033876497 
366 291 13 15 0.033870406 
284 189 9 11 0.03386089 
480 251 10 13 0.033847414 
382 317 14 17 0.03384259 
439 230 10 12 0.03373755 
808 226 17 21 0.033714708 
111 497 11 15 0.03366689 
422 261 11 14 0.033632487 
232 279 12 14 0.033590317 
745 206 9 12 0.03351307 
481 223 8 10 0.03349609 
149 480 12 14 0.033440825 
702 240 10 12 0.03337488 
593 207 8 10 0.033361014 
1005 378 19 29 0.03331202 
746 224 9 11 0.03319057 
486 221 9 11 0.03317673 
399 339 13 15 0.033157293 
311 302 12 16 0.03304085 
717 349 13 16 0.03298855 
845 303 12 14 0.03291619 
265 194 8 10 0.032844745 
599 231 9 11 0.032810703 
339 350 14 17 0.032768473 
98 513 14 16 0.03276123 
561 238 9 12 0.0327418 
582 246 10 12 0.0325319 
455 288 13 17 0.032334037 
407 286 11 13 0.032191772 
125 279 11 14 0.032150082 
447 325 12 16 0.032104265 
253 276 12 15 0.032095224 
169 306 12 15 0.03208012 
158 268 10 13 0.03198594 
519 207 8 11 0.03196973 
180 418 12 14 0.031967267 
407 291 12 15 0.03195592 
722 301 12 15 0.031850003 
738 261 12 16 0.031839743 
698 199 18 23 0.031817596 
769 248 10 13 0.031784408 
95 410 11 14 0.031701084 
560 247 9 11 0.03167397 
464 231 9 11 0.03165019 
501 277 12 14 0.031536825 
668 239 11 13 0.031405438 
450 198 18 23 0.031302717 
253 338 12 17 0.03126782 
743 273 11 13 0.031155663 
740 314 12 16 0.031120649 
342 291 11 14 0.031106256 
150 250 12 16 0.031105079 
680 290 13 16 0.031081175 
369 262 18 23 0.030948976 
347 262 11 13 0.030948818 
731 324 11 14 0.030945214 
670 385 12 17 0.030823106 
359 220 9 12 0.030793218 
912 286 10 12 0.030783031 
178 355 11 16 0.030773716 
343 403 14 16 0.03074903 
486 330 12 16 0.030668018 
244 208 18 24 0.030661209 
864 270 11 15 0.03066072 
149 274 11 14 0.030622166 
497 231 9 11 0.030615943 
672 274 10 13 0.030597683 
481 212 9 12 0.030592103 
556 253 11 12 0.030479738 
216 270 10 13 0.030478148 
725 199 17 22 0.030388547 
252 223 9 11 0.030236669 
884 310 10 13 0.030028325 
467 315 13 17 0.030009426 
796 212 9 12 0.03000452 
154 242 11 14 0.029970443 
402 185 18 22 0.02994157 
854 290 12 15 0.02988663 
565 291 13 16 0.029872028 
212 469 10 14 0.029835874 
222 277 11 14 0.029707171 
564 230 10 12 0.02969695 
205 356 12 17 0.029636249 
308 227 18 22 0.0296117 
295 193 8 10 0.029483624 
132 338 13 16 0.029479383 
132 362 12 16 0.029457139 
397 274 12 15 0.029450199 
757 213 9 12 0.029438965 
577 224 8 10 0.029333632 
723 282 17 22 0.029303107 
461 356 13 16 0.029221797 
342 220 8 10 0.029206026 
742 345 14 18 0.029189965 
159 374 11 14 0.02918662 
342 207 8 10 0.029184543 
746 215 9 11 0.029166019 
569 284 13 15 0.02897034 
662 457 16 20 0.028969241 
223 268 10 13 0.028965335 
525 208 18 23 0.028957058 
598 292 12 15 0.028937962 
311 196 9 12 0.028918108 
553 224 8 10 0.02889654 
432 210 18 23 0.0288781 
99 282 15 20 0.028857538 
447 284 11 14 0.028819133 
710 206 8 10 0.028740536 
327 276 11 14 0.028688045 
177 402 13 17 0.028639713 
239 231 9 12 0.028610975 
290 199 9 11 0.028597474 
170 235 10 13 0.028287062 
270 204 8 11 0.028273279 
454 220 9 11 0.028218236 
763 347 13 17 0.028206134 
336 197 9 12 0.02812408 
367 238 9 12 0.028122976 
278 227 17 22 0.028108586 
807 338 12 16 0.028069654 
664 199 18 22 0.028058866 
974 150 8 11 0.027959576 
350 223 10 11 0.027899822 
799 273 13 17 0.027789233 
270 231 10 13 0.027751189 
620 312 14 18 0.027661426 
167 269 9 12 0.027649546 
608 290 13 15 0.027402377 
232 212 9 12 0.02734754 
711 263 9 12 0.027263904 
528 247 10 12 0.027065517 
727 244 10 13 0.026966235 
383 253 10 12 0.026925376 
889 414 15 17 0.026914475 
322 205 9 11 0.026743367 
759 251 10 14 0.026723048 
636 238 11 12 0.026677301 
370 195 9 12 0.026628187 
735 239 9 11 0.026595997 
976 407 12 15 0.026555795 
651 184 9 11 0.026548542 
642 349 14 17 0.026457341 
721 290 12 14 0.026443576 
404 252 10 13 0.02639532 
268 236 10 12 0.026367309 
760 230 10 12 0.026346458 
512 412 12 15 0.026315965 
603 427 13 18 0.026306858 
599 432 14 19 0.02623427 
233 288 12 16 0.026169203 
770 487 9 11 0.026115132 
721 254 10 13 0.026105516 
585 253 9 12 0.026094534 
727 279 10 13 0.026093753 
589 229 10 13 0.026024463 
333 284 13 15 0.026013974 
416 229 18 23 0.025979722 
247 348 11 15 0.025970757 
708 386 13 17 0.025970519 
880 263 10 12 0.025963468 
392 267 12 14 0.025875656 
162 278 10 12 0.025857052 
754 291 11 14 0.025856325 
110 347 12 15 0.025843758 
487 213 10 12 0.025837224 
373 355 12 16 0.025825214 
509 302 12 15 0.025811521 
264 360 14 18 0.025804227 
118 279 13 16 0.025796125 
683 231 18 22 0.025784925 
515 263 19 23 0.025771903 
410 263 12 15 0.025706692 
778 214 10 12 0.025673807 
534 208 8 10 0.02564088 
759 382 11 14 0.02562489 
297 268 11 15 0.025450524 
642 312 14 18 0.025448712 
504 456 12 13 0.025393186 
540 301 12 15 0.025308918 
676 613 13 17 0.025302187 
832 266 11 15 0.025292361 
121 438 10 13 0.025278294 
956 324 11 13 0.02522359 
694 272 13 16 0.025066514 
632 198 17 23 0.025035432 
263 219 10 12 0.025019554 
559 286 11 14 0.025014954 
432 187 17 23 0.024951266 
298 251 12 14 0.024948768 
110 334 11 15 0.024935607 
680 183 18 22 0.02492612 
541 201 18 23 0.024922432 
372 361 12 16 0.024908662 
512 232 18 23 0.024821982 
509 353 14 18 0.02481551 
127 422 8 11 0.024634082 
752 528 9 11 0.024623046 
172 336 15 19 0.02456374 
785 208 17 22 0.02452237 
139 269 12 14 0.024516813 
431 267 11 14 0.024499543 
306 190 8 10 0.024497492 
327 364 13 16 0.024474286 
203 279 13 16 0.024428304 
286 485 10 13 0.024416517 
841 437 11 15 0.024354108 
344 246 9 11 0.024310553 
791 299 12 15 0.024206698 
894 338 11 15 0.024146317 
644 253 11 13 0.024088554 
629 300 13 16 0.02408609 
541 262 10 12 0.024051908 
798 239 9 11 0.02402312 
745 463 9 12 0.023951266 
623 215 17 22 0.023937184 
31 407 12 16 0.023860224 
130 388 13 17 0.023837691 
737 229 9 12 0.023830496 
416 221 9 11 0.023730224 
745 337 13 17 0.02372186 
703 230 9 12 0.02361775 
551 272 13 16 0.023592709 
214 275 12 15 0.02359051 
869 285 12 15 0.023521356 
322 199 9 11 0.023503877 
333 239 10 13 0.023501568 
103 334 11 14 0.023490524 
942 412 11 14 0.023475302 
360 262 11 13 0.02346345 
824 255 9 12 0.023447638 
653 440 13 17 0.023386944 
1009 420 12 15 0.0233707 
480 226 17 22 0.023353288 
340 324 13 17 0.023347812 
952 320 10 12 0.023339614 
462 237 9 12 0.023327487 
494 315 13 17 0.023319988 
226 264 10 12 0.023292638 
981 346 12 13 0.023276037 
185 223 17 21 0.023250641 
771 300 11 15 0.023204478 
615 206 9 11 0.023188429 
335 292 14 16 0.023089314 
552 196 9 12 0.023088511 
814 285 11 13 0.02307792 
750 252 10 13 0.022972431 
232 237 8 11 0.022940576 
930 339 11 15 0.022842934 
415 411 12 15 0.022805963 
899 277 12 14 0.022788018 
63 356 10 14 0.022674484 
289 198 20 24 0.02262032 
443 294 14 17 0.02261694 
941 311 11 14 0.02261548 
416 278 11 14 0.022595271 
244 292 13 17 0.022591848 
661 413 11 15 0.02258634 
871 263 10 12 0.022558564 
525 395 15 19 0.022532955 
622 207 9 11 0.02251745 
734 214 9 11 0.022475643 
342 315 13 17 0.022449046 
510 418 14 18 0.02243676 
73 362 13 18 0.022411896 
339 185 16 23 0.022400193 
132 379 12 15 0.022345394 
873 306 12 15 0.022344446 
577 234 11 14 0.022308545 
423 267 12 14 0.022286268 
752 419 11 13 0.022277245 
169 288 13 17 0.022259135 
425 246 10 13 0.022257475 
456 279 12 15 0.022214644 
167 378 12 15 0.022185896 
591 215 17 22 0.022184988 
339 306 14 17 0.022182656 
571 199 18 23 0.022180561 
580 348 14 17 0.022164175 
701 276 10 13 0.022127127 
376 285 11 14 0.02212285 
180 348 11 17 0.022115156 
755 345 16 19 0.02211068 
373 187 17 22 0.022094047 
520 197 9 12 0.022090381 
269 254 10 13 0.022083048 
453 260 11 14 0.022013389 
389 314 13 17 0.02198613 
570 206 8 11 0.021961432 
389 201 18 23 0.021937454 
439 337 13 17 0.0218237 
564 269 11 15 0.021822114 
315 231 11 14 0.021785941 
509 274 12 14 0.021784496 
146 516 14 17 0.02173894 
833 252 11 13 0.02170252 
798 418 11 13 0.02169506 
232 315 12 16 0.021658283 
276 378 14 17 0.021616815 
229 222 10 12 0.021613084 
632 307 14 16 0.02154557 
605 260 11 14 0.02151609 
592 285 11 14 0.021479469 
596 190 8 11 0.021461463 
354 289 13 17 0.021424897 
479 198 17 24 0.021410933 
279 356 12 16 0.021389239 
282 329 12 17 0.021379331 
253 348 14 18 0.02137146 
310 206 9 11 0.021321172 
172 318 13 17 0.021320164 
691 229 10 14 0.021317486 
766 224 9 11 0.02127712 
237 193 9 11 0.021246025 
842 290 13 15 0.021244558 
989 402 11 15 0.021244531 
605 238 9 11 0.021214724 
353 200 8 9 0.021201598 
208 223 10 13 0.021173988 
661 229 9 13 0.021171834 
522 185 18 23 0.021171058 
327 193 8 9 0.021115825 
793 308 11 16 0.02108744 
432 302 13 16 0.02103499 
688 267 12 14 0.021026274 
714 210 17 22 0.020977162 
124 444 9 12 0.020959146 
582 269 11 14 0.020956373 
344 227 17 22 0.020922344 
582 213 9 10 0.020920934 
374 290 11 15 0.020910801 
511 347 12 16 0.02089748 
268 419 11 13 0.020843234 
535 330 13 17 0.020799186 
183 290 12 16 0.020764738 
452 383 16 19 0.020726295 
358 275 12 15 0.020724984 
390 394 13 20 0.02066617 
605 329 13 17 0.020644723 
745 468 14 16 0.020624934 
798 350 13 16 0.020583104 
492 308 12 15 0.020567827 
208 350 10 14 0.020542357 
422 316 13 16 0.020535428 
869 332 13 17 0.020524587 
923 352 14 18 0.020515922 
221 420 11 13 0.02050446 
230 231 9 12 0.020501597 
937 315 12 15 0.020492373 
141 417 12 14 0.020458095 
449 231 19 23 0.020452203 
301 199 8 11 0.020419633 
419 324 13 19 0.02039564 
594 324 13 17 0.020383855 
590 302 13 16 0.020381892 
865 299 11 14 0.020376395 
111 343 20 25 0.020323502 
455 214 9 11 0.020310689 
937 392 15 18 0.020301867 
771 308 11 14 0.020283133 
517 340 13 17 0.020278968 
586 183 19 23 0.020272616 
84 341 15 19 0.02025895 
769 248 17 21 0.020246426 
214 208 17 22 0.020096198 
255 282 12 15 0.020094384 
367 210 19 23 0.020074582 
282 284 12 15 0.020046726 
629 364 12 17 0.020038655 
654 315 12 15 0.020035189 
