21_Festival_Festival_21_22
1804
209 493 33 46 0.9950277 
980 406 13 15 0.8893319 
660 327 12 15 0.76734966 
687 327 10 12 0.7505889 
916 398 12 16 0.6839444 
413 347 10 13 0.6771337 
808 469 22 29 0.6134414 
526 352 8 10 0.6061929 
293 363 12 14 0.5805483 
335 438 20 28 0.5734098 
316 495 19 26 0.5563446 
267 372 14 16 0.5413843 
351 379 14 17 0.53927875 
644 331 11 13 0.5271115 
892 373 11 13 0.52657783 
559 456 25 32 0.51793647 
535 415 14 20 0.50598437 
558 370 10 13 0.5017962 
354 449 16 23 0.49859515 
834 506 23 31 0.47882044 
256 327 9 12 0.4576186 
694 364 10 13 0.45643938 
327 441 20 28 0.4516493 
763 519 28 37 0.44056296 
231 457 24 29 0.4398799 
721 350 10 13 0.43183485 
667 350 12 14 0.4236717 
785 361 15 17 0.42143342 
942 333 10 12 0.41871494 
878 386 11 14 0.41471094 
902 336 8 10 0.4122749 
374 429 20 29 0.40893874 
653 407 13 15 0.40677348 
743 410 12 15 0.4049659 
152 278 9 12 0.40142533 
254 370 10 14 0.4003329 
0 358 15 22 0.39336866 
34 316 12 15 0.39220777 
573 312 8 11 0.38736737 
275 554 18 23 0.38039595 
577 382 10 14 0.3384838 
612 403 12 16 0.33813915 
990 318 8 11 0.33677828 
887 461 12 17 0.3261671 
868 426 10 15 0.3253001 
568 262 8 10 0.32527947 
947 435 13 16 0.31851867 
940 385 15 16 0.31622928 
855 375 11 15 0.31045094 
888 374 10 14 0.30884755 
608 318 9 11 0.30387285 
709 338 10 13 0.30214965 
160 511 23 31 0.30130294 
118 265 8 11 0.29784444 
752 351 10 12 0.2950279 
344 441 17 26 0.29443935 
284 400 16 19 0.2916481 
566 347 11 13 0.28521577 
938 495 19 28 0.2819323 
871 381 10 13 0.2784914 
308 309 11 14 0.2782518 
931 403 12 16 0.27706483 
733 334 9 13 0.2756817 
1015 352 8 11 0.27378744 
560 296 8 10 0.27277628 
290 411 15 18 0.27138636 
495 374 9 11 0.26980448 
667 390 13 15 0.2649255 
552 366 11 15 0.26395518 
119 292 10 12 0.26319695 
709 386 13 16 0.26249063 
980 435 13 19 0.2619737 
68 283 12 14 0.26140428 
546 302 7 10 0.25960985 
640 373 11 14 0.25821376 
824 344 11 13 0.25695953 
93 271 9 12 0.25649658 
815 375 10 12 0.25151697 
404 429 18 21 0.25068367 
919 277 7 10 0.24842203 
946 351 9 12 0.24839464 
276 424 15 22 0.24797758 
967 319 8 11 0.24564564 
784 374 12 16 0.24487388 
554 454 19 27 0.24008009 
712 397 12 14 0.2386589 
824 312 9 11 0.2371892 
854 309 9 12 0.23651178 
741 432 14 20 0.23469724 
360 333 9 12 0.2334317 
392 350 9 12 0.2330575 
168 296 10 12 0.23149717 
752 308 11 13 0.23047864 
606 339 10 12 0.2300124 
803 363 10 14 0.22914958 
645 435 13 17 0.22847372 
322 294 8 10 0.22845452 
718 317 9 11 0.22743171 
895 493 18 31 0.22621165 
733 365 11 16 0.22562304 
390 295 8 10 0.224759 
911 421 11 14 0.2237348 
854 303 8 11 0.22264412 
970 302 8 11 0.22110601 
704 342 10 12 0.21772146 
710 364 10 12 0.21738885 
982 527 21 32 0.21649516 
9 326 11 13 0.21648736 
728 389 13 17 0.21624978 
342 333 9 12 0.21593681 
501 327 9 12 0.21592684 
169 345 29 32 0.21488616 
799 319 9 13 0.21363084 
600 301 8 10 0.21276638 
798 289 8 10 0.21259087 
957 303 8 10 0.21126993 
519 333 9 11 0.20720613 
42 277 9 11 0.20695454 
337 342 9 10 0.2060076 
270 356 10 12 0.20276994 
744 293 8 10 0.2017838 
323 491 15 25 0.2011628 
516 405 11 15 0.20018548 
987 442 12 16 0.19961582 
813 297 9 11 0.19874328 
334 320 8 10 0.19716549 
320 362 11 13 0.19601844 
2 270 9 12 0.19501433 
750 288 8 10 0.19285291 
400 301 8 10 0.19156384 
766 349 9 12 0.19090465 
661 442 17 22 0.18725207 
672 315 10 12 0.18722689 
591 358 13 15 0.1865913 
384 325 8 12 0.18594895 
953 319 8 10 0.18554348 
13 318 10 12 0.1853629 
137 287 9 10 0.18408976 
341 311 8 10 0.18168098 
162 301 10 12 0.18148732 
727 369 12 15 0.1796472 
789 324 10 12 0.179177 
903 300 8 11 0.17847647 
585 343 8 10 0.17825374 
39 299 11 13 0.17822146 
617 350 9 12 0.17680779 
902 394 11 15 0.17663983 
489 461 22 31 0.17626709 
1007 333 9 11 0.17613113 
600 341 9 11 0.17612575 
944 328 9 12 0.17588274 
744 277 7 9 0.17516309 
806 344 9 12 0.17513002 
942 442 13 17 0.17485894 
382 318 8 11 0.17327772 
976 350 9 11 0.17301252 
359 405 14 17 0.17283903 
792 341 11 13 0.17273329 
749 460 20 27 0.1726697 
620 347 10 13 0.1717795 
125 288 8 11 0.17172447 
376 398 12 15 0.17134719 
694 342 8 12 0.1705426 
629 192 10 11 0.17028193 
1013 309 8 10 0.16827898 
701 384 14 16 0.16796267 
581 431 12 16 0.16793507 
689 342 9 12 0.1679169 
510 344 9 11 0.16759397 
379 310 7 10 0.16673884 
113 268 10 12 0.16647932 
648 342 10 13 0.16638584 
562 300 7 10 0.16523418 
433 504 16 22 0.16457696 
660 415 15 20 0.16424526 
886 328 8 10 0.16403791 
743 310 9 11 0.16381809 
265 304 8 9 0.16331807 
713 318 8 10 0.16309802 
338 278 8 10 0.16254607 
312 334 9 12 0.16219957 
601 297 8 9 0.16187781 
527 279 8 11 0.16095741 
722 475 17 22 0.1604853 
948 387 13 16 0.15986583 
978 379 13 16 0.15969656 
77 268 9 13 0.15841831 
635 443 15 20 0.15748236 
368 378 11 14 0.15676132 
552 398 10 13 0.15659739 
639 359 10 13 0.15628019 
935 420 14 17 0.15476674 
360 357 11 16 0.15434612 
135 263 8 10 0.154051 
555 404 12 16 0.15257968 
736 289 7 9 0.15036345 
448 311 8 9 0.14969362 
1002 349 8 11 0.14917399 
343 327 9 11 0.14902231 
654 309 9 12 0.1489289 
575 327 8 10 0.1487759 
393 356 9 12 0.14826173 
781 302 8 11 0.14739208 
183 468 20 35 0.14657333 
872 318 9 11 0.14508848 
684 394 12 17 0.14507131 
584 294 8 11 0.14431317 
979 498 14 20 0.1442058 
733 327 8 11 0.1439643 
590 335 8 11 0.14377299 
928 303 7 10 0.14363 
439 305 8 10 0.14282686 
614 286 7 10 0.1417551 
101 285 9 12 0.14128958 
573 422 10 14 0.14116071 
488 367 10 12 0.14081042 
984 305 7 9 0.14055273 
583 326 8 10 0.13991638 
918 393 11 13 0.13985382 
767 296 8 11 0.13924488 
646 359 9 12 0.13923863 
266 310 9 11 0.13920254 
703 419 15 18 0.13912582 
323 264 7 9 0.1388478 
815 333 9 11 0.1382025 
573 427 14 17 0.13782983 
281 320 7 10 0.13782609 
590 287 8 10 0.13754624 
0 392 12 20 0.13719352 
526 365 10 12 0.13710232 
648 295 7 10 0.13707192 
286 386 14 16 0.13701633 
41 271 9 11 0.13678542 
632 286 8 10 0.13658306 
845 465 16 19 0.13634658 
434 474 16 25 0.1354925 
594 373 13 13 0.13372988 
928 333 8 10 0.13368487 
410 343 9 12 0.13365448 
393 518 25 28 0.13348058 
777 302 8 11 0.1333668 
162 215 6 9 0.13308096 
289 335 8 10 0.13304812 
13 332 10 12 0.13293903 
735 294 8 10 0.132828 
623 265 8 10 0.13269283 
850 310 8 11 0.13212804 
519 459 12 17 0.13212755 
451 357 10 13 0.13180844 
1014 389 8 12 0.13167922 
536 343 9 12 0.13138321 
185 353 15 19 0.13131611 
0 277 7 12 0.13079253 
723 355 11 14 0.1306547 
897 318 7 9 0.13009216 
883 518 22 29 0.13002466 
293 334 8 9 0.12905692 
790 459 15 24 0.12886752 
425 289 8 11 0.12884636 
756 411 14 19 0.12858266 
534 277 9 11 0.12852663 
790 349 13 15 0.12775569 
688 320 10 11 0.1275229 
417 304 8 10 0.12636974 
959 340 9 11 0.12625581 
24 285 10 11 0.12530893 
567 270 8 10 0.12501411 
4 267 10 13 0.12489375 
985 325 9 10 0.12468232 
951 412 11 13 0.12417419 
573 348 10 13 0.122902706 
849 355 10 13 0.12250185 
974 508 14 20 0.122461736 
809 299 9 12 0.122290574 
614 325 8 11 0.12206802 
479 277 8 9 0.12148935 
967 296 8 10 0.12128817 
652 348 10 12 0.12124442 
266 358 10 12 0.12116732 
935 444 12 17 0.120624356 
988 342 10 12 0.12040665 
329 324 8 11 0.119836524 
585 272 10 11 0.11893671 
617 342 9 11 0.11845469 
999 365 10 13 0.11754072 
937 336 8 10 0.11753284 
664 287 7 9 0.11751515 
688 312 9 10 0.117226265 
879 294 7 10 0.11715421 
310 287 7 9 0.1167568 
22 279 10 11 0.11630578 
960 325 9 11 0.1162006 
1011 484 13 19 0.11593802 
596 363 12 13 0.11572839 
864 288 6 9 0.1155526 
653 358 9 11 0.1149893 
920 334 8 10 0.11483719 
289 325 9 11 0.114534535 
647 316 10 13 0.114285335 
799 272 8 10 0.11423263 
782 284 7 10 0.11406815 
550 326 8 11 0.11405844 
569 459 27 35 0.11397371 
401 295 8 10 0.11386766 
984 309 8 10 0.11376261 
960 335 8 9 0.113739505 
297 295 8 11 0.11355731 
681 297 7 10 0.11315297 
94 275 11 13 0.11192717 
965 540 22 29 0.111318216 
304 288 7 9 0.11095737 
5 293 9 13 0.110823125 
981 540 16 22 0.110474855 
607 294 7 9 0.1104273 
538 318 8 11 0.11032046 
257 321 8 11 0.11012624 
75 314 38 42 0.109553434 
430 286 8 11 0.109393515 
610 288 7 9 0.10938157 
520 367 11 14 0.10893934 
677 424 12 16 0.10892691 
562 278 8 9 0.10837073 
976 399 12 15 0.10715599 
417 477 20 29 0.106524006 
516 399 10 14 0.1062929 
871 323 12 15 0.1062631 
623 279 7 10 0.10625921 
7 264 10 12 0.10616614 
53 283 10 13 0.10613102 
382 334 9 13 0.10599071 
303 350 9 11 0.10519222 
777 284 9 10 0.10498243 
791 320 10 12 0.10488543 
358 437 21 29 0.10453378 
374 278 8 10 0.104309656 
565 388 11 13 0.104179546 
432 282 7 8 0.1039179 
309 280 8 9 0.10383822 
798 342 10 12 0.10355562 
969 309 8 10 0.10350167 
972 510 23 35 0.1028344 
935 303 8 10 0.1028011 
293 326 9 12 0.10271552 
303 387 11 15 0.10244374 
851 350 11 16 0.102205254 
324 359 10 14 0.102189675 
989 350 9 11 0.102090284 
324 386 11 14 0.10162152 
590 341 8 11 0.10030885 
338 391 15 18 0.10002253 
880 310 8 10 0.099436074 
531 499 20 26 0.09899672 
489 319 7 10 0.098814614 
135 271 9 10 0.098758735 
600 326 8 10 0.0987146 
750 316 9 12 0.09854959 
544 325 8 10 0.09850584 
921 304 8 9 0.098343395 
749 326 8 10 0.0980525 
1001 342 8 11 0.097717226 
720 313 8 10 0.0974975 
428 326 10 14 0.09738759 
696 382 13 15 0.09721325 
1012 278 8 12 0.09704782 
521 388 9 12 0.09686578 
137 293 9 11 0.09684718 
234 467 27 35 0.096500136 
365 302 8 12 0.09647137 
512 402 11 16 0.09565888 
304 302 8 9 0.09531998 
353 289 8 9 0.09514479 
622 334 8 11 0.0951074 
702 348 9 12 0.09488832 
896 301 8 10 0.09486963 
73 262 9 13 0.09476194 
590 293 8 11 0.09468864 
936 309 8 9 0.09454599 
704 302 7 10 0.09391742 
377 303 7 10 0.09372441 
861 377 12 16 0.09352154 
848 295 7 9 0.0935117 
815 394 14 17 0.0934633 
696 303 6 9 0.09336613 
383 365 9 11 0.09306154 
247 325 9 13 0.0928369 
136 279 8 9 0.09262509 
555 411 15 18 0.09249019 
764 433 15 20 0.09241742 
266 388 13 16 0.09238554 
504 279 7 8 0.09234187 
137 301 9 12 0.092301816 
639 308 8 11 0.09207479 
128 278 8 9 0.0919223 
479 332 9 11 0.091152884 
462 304 7 10 0.09075288 
962 288 7 9 0.09060162 
1009 328 10 12 0.09054855 
820 380 12 15 0.09026541 
663 343 10 12 0.09012933 
950 394 12 15 0.08993617 
463 309 8 10 0.08961261 
527 327 7 9 0.0896051 
500 412 12 14 0.089017846 
812 349 10 12 0.088571236 
975 357 10 12 0.08846714 
956 356 12 13 0.08845512 
1009 164 14 22 0.08841263 
678 365 10 12 0.0881963 
7 286 9 12 0.087917045 
750 385 12 15 0.08778655 
480 356 8 11 0.08661433 
535 374 10 12 0.08634934 
332 539 26 28 0.0863074 
909 382 10 11 0.08620515 
929 487 22 33 0.08588908 
392 300 8 10 0.08588311 
653 437 19 26 0.08573947 
853 333 11 13 0.08548411 
1007 350 9 11 0.08495682 
462 466 14 21 0.08485737 
933 411 13 16 0.08477402 
536 295 8 9 0.08459813 
936 319 8 10 0.08433878 
1010 311 8 10 0.08432486 
200 277 9 11 0.08396382 
609 324 9 10 0.083743624 
142 304 8 9 0.08367676 
862 293 8 10 0.083578356 
643 419 14 17 0.083574526 
330 320 8 10 0.08349272 
554 288 7 9 0.08310145 
218 394 17 19 0.08281458 
543 296 8 9 0.08279679 
895 394 12 14 0.08270244 
496 429 12 18 0.082245305 
350 294 8 10 0.0822012 
561 348 11 13 0.08203845 
976 343 8 11 0.082007244 
679 410 11 15 0.081936054 
687 370 10 13 0.08171972 
739 365 11 16 0.081678465 
401 288 8 9 0.08163326 
318 451 24 28 0.08153453 
846 316 10 12 0.081424154 
552 264 6 8 0.08136628 
726 302 8 10 0.08122359 
640 413 12 14 0.08118334 
497 332 8 11 0.08103743 
693 311 8 10 0.08074262 
185 272 7 8 0.08065645 
498 421 14 16 0.08063274 
103 271 8 11 0.08051488 
616 295 7 10 0.08028293 
650 279 7 9 0.08009295 
289 271 8 11 0.08005538 
653 277 8 11 0.079955325 
137 310 10 12 0.0799491 
633 303 9 10 0.07958572 
432 304 8 11 0.07941913 
270 433 23 29 0.07937575 
894 453 22 26 0.07935159 
1013 397 11 18 0.07896025 
561 334 8 9 0.078821175 
809 311 7 10 0.07872621 
527 285 8 10 0.07872243 
718 324 9 12 0.07867442 
286 319 9 12 0.078639336 
486 403 10 14 0.07856599 
510 304 7 9 0.07849846 
17 279 8 11 0.0784799 
735 357 10 14 0.078266144 
712 313 8 9 0.078032814 
693 370 12 13 0.07798248 
757 350 10 13 0.07787701 
214 399 16 20 0.07771563 
965 287 9 9 0.077389635 
367 253 8 11 0.07736125 
595 433 17 20 0.07714863 
385 429 15 24 0.07692905 
787 407 15 21 0.076831535 
912 344 7 9 0.07681443 
673 300 8 10 0.07680225 
847 391 9 13 0.07678894 
849 279 8 9 0.07678504 
896 312 8 9 0.07663209 
494 310 8 10 0.07660531 
510 480 17 23 0.0765092 
46 272 8 10 0.076471575 
165 215 7 9 0.07639467 
551 309 8 10 0.076374374 
758 405 12 16 0.07623389 
767 301 9 11 0.07622418 
365 309 8 11 0.076194495 
721 295 7 9 0.076172195 
700 362 12 14 0.076014414 
718 343 10 12 0.075833395 
391 288 7 9 0.07580451 
429 319 9 11 0.075648256 
265 377 13 17 0.07549194 
537 312 8 10 0.07526248 
592 473 24 30 0.07523986 
565 277 8 10 0.075187095 
439 341 10 15 0.07510098 
151 247 7 9 0.07502775 
126 222 7 9 0.074902266 
482 302 8 10 0.07470763 
717 452 16 20 0.074604355 
959 320 9 10 0.0743727 
600 311 8 11 0.07414232 
183 278 8 9 0.07393164 
668 344 11 12 0.073674336 
990 380 11 16 0.07356269 
736 301 8 11 0.07307495 
553 277 7 9 0.07301693 
137 184 6 8 0.07282663 
452 318 9 10 0.07273573 
501 395 12 16 0.072316356 
788 447 15 22 0.072263904 
790 336 11 12 0.07217202 
579 386 11 14 0.07217021 
273 326 7 10 0.07197924 
239 380 11 14 0.07197325 
22 292 9 12 0.07192414 
829 316 9 12 0.071878396 
838 357 10 13 0.071836546 
309 499 17 24 0.07182583 
590 433 13 18 0.07151878 
641 440 15 21 0.07151315 
821 387 11 16 0.07145556 
927 398 10 14 0.07112926 
272 318 7 10 0.07102234 
793 272 7 10 0.070952594 
603 317 8 11 0.07094872 
142 310 8 11 0.07085512 
793 287 8 11 0.07079937 
766 342 8 11 0.07060467 
472 317 6 10 0.07054878 
630 229 8 10 0.07036565 
881 305 7 10 0.07034877 
919 310 7 9 0.07022549 
1014 344 9 12 0.070203185 
807 277 8 10 0.070105046 
622 222 8 11 0.070067436 
337 303 8 9 0.06995652 
305 314 10 13 0.06995545 
645 411 13 15 0.06972862 
471 312 7 10 0.06958835 
615 335 9 11 0.06957239 
656 304 9 11 0.06956967 
763 462 15 21 0.06951194 
672 370 12 15 0.06949109 
522 279 8 10 0.06944228 
541 347 8 11 0.069290645 
263 343 8 10 0.069233574 
275 356 10 13 0.069139965 
353 342 8 10 0.069089614 
309 305 8 9 0.069019884 
928 320 8 9 0.06885039 
408 355 10 12 0.06858528 
616 280 7 10 0.06849088 
193 471 21 34 0.06847922 
319 311 10 13 0.068477705 
965 324 9 12 0.06846684 
724 443 14 17 0.06825029 
613 319 8 11 0.068210065 
709 471 14 23 0.06805486 
357 277 9 12 0.067937054 
582 348 9 11 0.067865 
678 313 9 10 0.06763684 
983 272 8 11 0.0675272 
926 367 10 13 0.06749445 
622 247 8 10 0.06739045 
279 401 12 17 0.06737124 
440 281 7 9 0.0673331 
941 405 12 14 0.066850804 
990 312 8 10 0.06677851 
521 382 10 13 0.0664874 
614 379 10 14 0.06647988 
899 336 7 10 0.0664514 
687 296 7 8 0.06641525 
280 334 9 11 0.06617743 
950 417 13 16 0.06605283 
984 336 8 11 0.066025294 
677 358 11 13 0.06594858 
588 277 9 12 0.06589252 
552 360 9 11 0.0658628 
471 344 8 11 0.06585263 
368 296 7 9 0.065435275 
715 388 12 16 0.06502615 
952 273 7 10 0.06491865 
383 273 7 9 0.064702466 
705 336 10 12 0.06455783 
803 499 16 21 0.06444937 
573 333 9 11 0.06434554 
31 320 12 14 0.06423522 
617 301 7 9 0.0641186 
342 302 8 9 0.06406006 
885 500 23 33 0.06405311 
942 341 10 11 0.06401193 
255 287 8 10 0.063678 
879 326 9 11 0.06367576 
637 304 8 11 0.06366523 
829 348 9 12 0.06352879 
372 374 12 16 0.063517176 
1013 303 9 12 0.06331864 
408 279 7 9 0.063252926 
101 279 10 12 0.06296299 
1001 335 8 11 0.06296114 
838 394 14 16 0.06295564 
410 264 7 8 0.06291563 
159 197 7 9 0.06284466 
567 334 9 10 0.062826544 
648 287 8 10 0.062803105 
319 382 12 15 0.062795095 
721 302 8 9 0.06278665 
394 272 7 9 0.06276845 
683 332 9 11 0.06271562 
558 287 8 9 0.06263752 
887 303 9 11 0.062612824 
358 287 7 9 0.06246621 
585 336 8 11 0.062289637 
983 287 7 9 0.062158454 
171 231 7 10 0.06209191 
525 406 10 14 0.06208993 
311 350 8 11 0.061988775 
610 530 20 22 0.061928578 
22 337 10 13 0.061877273 
905 328 6 9 0.06174677 
766 453 14 18 0.061681848 
522 329 8 10 0.06131486 
636 222 8 10 0.061307695 
714 486 38 52 0.06117096 
262 333 7 9 0.06103391 
176 238 7 10 0.06079412 
551 332 8 10 0.0606867 
422 304 7 10 0.060657606 
855 315 9 11 0.060628183 
653 317 9 12 0.060542885 
299 363 10 13 0.06049649 
862 310 9 12 0.060376856 
979 476 17 20 0.06026474 
969 279 8 10 0.060262468 
888 319 7 9 0.060080525 
615 428 12 16 0.059891608 
1008 401 11 16 0.059864514 
624 286 7 10 0.059696734 
375 272 8 10 0.05954133 
495 304 8 9 0.059505135 
887 457 21 25 0.059491817 
312 340 9 12 0.059464462 
343 295 9 11 0.059331186 
494 320 8 10 0.059035104 
425 330 11 15 0.058952756 
592 301 8 10 0.058924533 
521 318 7 9 0.058880527 
471 332 8 12 0.05881587 
161 438 33 35 0.058670074 
887 333 8 10 0.058666494 
643 378 12 15 0.058666162 
943 319 7 9 0.05865051 
576 358 10 13 0.058570947 
734 349 10 13 0.05845048 
775 308 9 11 0.058339242 
935 297 7 9 0.058317926 
356 385 11 15 0.05819592 
776 296 9 10 0.05816471 
602 439 18 24 0.057915844 
551 428 10 14 0.057878375 
878 521 17 23 0.05781966 
902 319 7 9 0.05779976 
1007 316 8 10 0.05779236 
448 351 10 13 0.057708606 
623 205 9 11 0.05769938 
400 309 8 10 0.05768613 
1011 332 10 12 0.05764844 
594 487 20 25 0.057614375 
987 536 24 30 0.057505634 
916 279 8 10 0.057379488 
745 318 8 9 0.057194263 
407 311 7 9 0.057125952 
725 311 8 10 0.057095055 
383 278 6 9 0.05706714 
940 427 15 17 0.05688419 
626 229 8 10 0.056776457 
808 372 10 13 0.056715697 
930 553 18 18 0.056698415 
682 402 14 18 0.05656119 
952 277 7 11 0.056369524 
184 246 7 9 0.05636071 
743 303 8 11 0.05630173 
622 216 8 10 0.05619154 
317 334 9 11 0.056140065 
735 320 7 9 0.05607268 
370 279 8 10 0.055972107 
631 325 9 12 0.055949666 
527 333 8 10 0.055931486 
31 262 8 10 0.055877123 
160 297 10 12 0.0557443 
378 316 9 11 0.055696797 
814 551 26 25 0.055678666 
432 309 8 10 0.055658188 
415 279 7 9 0.05555273 
887 311 8 9 0.055547953 
302 295 8 10 0.055492442 
512 370 12 14 0.05548845 
766 371 10 15 0.055354822 
903 417 13 15 0.05535356 
928 328 8 11 0.05530684 
983 350 9 11 0.055159584 
475 449 14 18 0.055112973 
896 296 8 10 0.055095956 
420 406 11 16 0.05505816 
1014 295 9 11 0.054986153 
991 366 10 12 0.054983996 
784 403 13 18 0.05495986 
506 344 8 10 0.054889824 
896 349 8 10 0.054885056 
552 271 7 10 0.054743964 
210 558 16 19 0.05471236 
692 333 9 12 0.054581705 
500 403 14 18 0.054557376 
600 336 9 11 0.0543475 
49 283 10 12 0.054331955 
977 431 11 16 0.054211907 
398 334 9 12 0.054209534 
714 402 13 17 0.054138653 
758 365 11 15 0.054107215 
729 480 17 23 0.05408835 
759 304 8 10 0.054043423 
149 310 9 12 0.0540322 
126 199 7 9 0.054026578 
417 287 7 10 0.053873233 
311 328 9 11 0.053821813 
301 359 9 12 0.053760793 
841 311 7 10 0.053648014 
400 256 8 9 0.053559057 
278 261 8 9 0.05347306 
529 345 8 10 0.05337979 
816 312 8 10 0.053328354 
425 320 8 10 0.053321626 
585 319 8 11 0.05326258 
136 257 7 9 0.053143974 
896 484 11 17 0.053103134 
837 332 10 13 0.05301485 
294 506 13 17 0.05299223 
607 313 8 10 0.052968606 
377 339 9 11 0.052893728 
278 416 20 23 0.052881714 
496 295 7 10 0.052861057 
385 295 8 10 0.052822847 
558 328 8 10 0.05278048 
609 462 23 29 0.052669678 
925 451 14 18 0.052662734 
841 317 9 12 0.052516304 
919 319 7 9 0.05251541 
136 208 7 10 0.052464396 
967 411 11 14 0.052447427 
401 278 8 10 0.052155852 
366 399 11 14 0.052150212 
536 288 8 9 0.05205987 
570 315 8 11 0.052024536 
898 341 8 10 0.05184629 
293 370 11 12 0.051682334 
646 389 12 14 0.05151796 
294 271 8 11 0.051480528 
622 357 10 12 0.051423468 
12 262 8 11 0.051398158 
761 341 9 11 0.051129285 
353 349 7 10 0.051099956 
1015 366 9 13 0.0509971 
431 338 11 16 0.050909493 
837 327 9 12 0.050773647 
262 318 8 10 0.05077104 
474 273 7 10 0.050768796 
619 433 13 18 0.050532743 
592 311 8 11 0.050409053 
607 271 9 10 0.050404504 
989 426 11 15 0.05027547 
25 271 8 11 0.05023108 
751 279 7 9 0.050227445 
679 248 7 9 0.050180487 
484 441 14 17 0.050175082 
286 312 8 10 0.050083827 
174 277 8 10 0.05007675 
392 311 8 10 0.04997435 
849 459 17 20 0.049941577 
337 273 9 11 0.04985197 
129 273 7 9 0.049828127 
872 288 8 10 0.049820967 
705 319 8 10 0.04982065 
833 332 9 13 0.04977751 
364 327 11 13 0.049746484 
621 535 28 38 0.049675174 
975 363 11 13 0.049625084 
910 390 11 13 0.0495595 
793 292 9 11 0.049485277 
500 375 10 12 0.04945429 
623 296 7 9 0.04944808 
761 295 9 10 0.049391888 
496 378 10 12 0.04937753 
488 442 24 35 0.049276013 
565 434 13 16 0.04922023 
155 280 12 15 0.04905075 
1014 318 8 11 0.048959535 
772 440 14 20 0.048826016 
7 278 9 11 0.04881186 
289 396 16 19 0.048805255 
326 311 7 10 0.04872733 
816 317 9 10 0.048597272 
0 286 9 13 0.04855622 
728 296 7 9 0.048504863 
418 294 8 9 0.04843511 
566 420 13 16 0.04838836 
699 453 13 18 0.04829943 
951 355 11 14 0.048282266 
437 465 21 28 0.048273597 
242 452 16 23 0.048199166 
405 508 22 33 0.0481853 
569 327 9 11 0.048180886 
719 288 7 8 0.048077594 
425 279 6 8 0.04802817 
524 371 11 14 0.047946535 
624 199 8 11 0.04773891 
989 323 9 11 0.047707852 
337 336 9 11 0.047684662 
150 303 8 10 0.047651626 
75 252 9 12 0.047345884 
998 286 8 10 0.047278807 
946 499 21 29 0.047177706 
953 309 9 10 0.04712387 
640 387 10 14 0.04708634 
711 296 6 9 0.04703603 
855 296 9 10 0.047016837 
410 476 17 23 0.04698628 
415 271 7 9 0.046908148 
863 395 10 14 0.046900492 
256 343 8 10 0.046885684 
742 386 11 15 0.04684587 
998 373 10 12 0.046734028 
215 481 29 36 0.046728823 
712 189 10 12 0.04671943 
956 406 11 15 0.046687867 
17 294 9 11 0.04658751 
327 453 25 32 0.046578374 
514 525 23 38 0.046542633 
982 278 8 9 0.04648378 
619 403 12 16 0.04641571 
622 253 7 9 0.046336383 
158 193 7 8 0.046299417 
941 395 13 16 0.046211127 
472 460 25 30 0.04616368 
657 245 8 11 0.046146985 
696 347 9 11 0.046138044 
699 372 13 14 0.046114083 
653 365 11 12 0.046097856 
144 279 8 11 0.04606914 
504 303 8 9 0.04599058 
669 410 13 17 0.04596744 
304 344 8 10 0.04591179 
769 458 15 19 0.045868464 
631 239 7 9 0.04559173 
638 280 10 11 0.045591604 
381 390 9 14 0.045566034 
598 349 9 13 0.0455603 
270 395 11 14 0.045502402 
960 295 8 9 0.045498908 
93 265 8 10 0.045449223 
374 263 8 9 0.04544793 
936 326 8 12 0.045437273 
926 357 9 12 0.045378756 
265 350 9 11 0.04536906 
597 462 25 31 0.045317497 
703 326 9 11 0.04531647 
533 364 9 12 0.045267973 
928 271 7 9 0.04510225 
928 445 12 15 0.04502041 
169 166 7 9 0.045019444 
485 380 11 13 0.04500834 
493 368 10 12 0.044986613 
605 429 13 17 0.0449725 
847 287 8 10 0.04486742 
605 365 9 12 0.044860203 
534 336 9 10 0.04484449 
406 295 7 9 0.04482043 
168 278 9 11 0.04472864 
995 434 23 34 0.044705696 
481 312 7 9 0.04470401 
542 311 8 9 0.044641916 
897 523 17 22 0.04455759 
572 262 8 10 0.04450587 
781 442 16 22 0.044377107 
409 271 7 9 0.04437656 
490 341 8 10 0.044348158 
501 381 10 12 0.044261765 
919 350 8 10 0.044206385 
978 287 7 9 0.044131506 
576 396 11 15 0.0441062 
30 269 9 11 0.04407029 
533 406 14 18 0.044064708 
6 299 10 13 0.043901037 
632 295 7 9 0.043888986 
386 287 7 9 0.043875393 
562 272 8 10 0.043789268 
665 505 25 31 0.043598533 
870 311 8 10 0.04358962 
706 297 7 9 0.04356893 
871 304 8 10 0.043553635 
578 294 8 10 0.043514185 
815 467 19 22 0.04351055 
716 381 10 14 0.043488197 
496 396 11 15 0.043484207 
589 317 9 12 0.043468565 
694 440 13 19 0.043458316 
301 488 22 32 0.04345014 
494 357 9 11 0.043138307 
337 296 8 10 0.04310978 
975 296 8 9 0.043099944 
351 336 9 11 0.04309707 
196 332 12 15 0.04303205 
293 495 21 32 0.042977963 
918 344 8 10 0.042922806 
484 492 12 17 0.04280474 
932 472 16 24 0.042766586 
162 208 7 9 0.04276267 
398 374 10 13 0.042737823 
601 287 7 9 0.042694565 
659 405 12 17 0.04258428 
197 184 8 10 0.042556282 
783 333 9 11 0.04249973 
668 438 13 20 0.042448703 
804 427 12 19 0.04241181 
888 368 11 14 0.042410646 
279 324 9 11 0.042391866 
22 316 10 14 0.042339053 
536 263 8 9 0.042325154 
744 407 19 24 0.042235997 
861 333 10 13 0.04223085 
382 373 9 13 0.042193994 
991 259 9 11 0.04215623 
768 308 8 11 0.042141948 
730 487 25 33 0.042116705 
161 220 7 9 0.04208027 
565 365 11 13 0.041996047 
248 445 21 32 0.041893613 
999 301 8 10 0.04180785 
726 381 12 14 0.041787453 
151 273 9 11 0.04176298 
905 487 27 31 0.04152852 
410 509 36 50 0.041443944 
951 326 8 11 0.04142982 
561 342 10 13 0.041386753 
249 371 12 16 0.041349016 
750 333 9 11 0.04126703 
294 317 9 12 0.04123257 
522 286 6 9 0.041229293 
122 206 7 10 0.0411416 
744 440 16 20 0.04110815 
72 248 8 11 0.04107975 
783 417 13 18 0.04105739 
566 356 11 15 0.041052982 
929 308 7 10 0.041017264 
423 272 7 8 0.04097959 
637 349 10 13 0.04092432 
506 348 9 13 0.04089818 
684 417 12 16 0.04088232 
608 357 9 12 0.040837366 
29 334 12 13 0.04062503 
542 374 9 12 0.040587984 
574 404 12 15 0.04057973 
999 295 8 11 0.04051511 
984 436 20 26 0.040468417 
847 332 12 16 0.04043865 
759 399 11 13 0.040421594 
834 278 7 10 0.040421054 
735 428 14 20 0.040377732 
726 318 8 11 0.04037547 
559 389 11 13 0.040371016 
552 294 8 10 0.040362224 
465 347 8 11 0.040358733 
287 276 9 11 0.04035429 
929 297 7 9 0.04030582 
707 411 15 18 0.04022528 
958 309 7 9 0.04015326 
1005 340 9 12 0.040116332 
238 322 12 16 0.039829947 
740 358 10 12 0.039811973 
916 450 14 19 0.03974467 
974 308 9 11 0.039712 
583 301 8 10 0.039640594 
854 327 9 11 0.03963356 
309 552 15 17 0.039566014 
693 318 8 11 0.0395461 
510 381 11 13 0.039501395 
481 296 7 10 0.039396394 
976 336 8 10 0.039375827 
557 358 11 12 0.03937255 
389 530 26 32 0.039355446 
343 364 9 11 0.039293587 
504 295 7 10 0.03928741 
798 429 14 22 0.039219346 
428 291 9 12 0.039218612 
274 378 12 16 0.039196536 
511 319 7 9 0.03917776 
638 285 8 11 0.039175402 
608 382 10 13 0.039101 
513 264 7 9 0.039081156 
151 325 10 14 0.039080307 
505 287 8 9 0.039058316 
250 263 8 10 0.039006464 
364 432 19 23 0.038985357 
137 231 7 9 0.038957935 
739 310 8 10 0.03891352 
236 485 19 25 0.038906686 
633 348 9 12 0.038848408 
614 354 10 13 0.038803738 
902 278 7 10 0.03876291 
25 262 9 10 0.03863682 
366 317 8 10 0.038575634 
989 336 10 12 0.038556848 
675 471 14 20 0.0385333 
191 264 7 10 0.03841589 
510 326 7 10 0.03839884 
1009 476 14 20 0.03839342 
652 397 13 16 0.03829608 
586 288 8 11 0.038187396 
649 301 9 11 0.03815067 
519 270 7 10 0.038119644 
687 360 10 12 0.03807138 
552 319 8 11 0.03806941 
269 521 14 19 0.038031388 
818 373 12 17 0.038009945 
622 366 11 14 0.038005974 
897 406 9 12 0.037925784 
880 366 10 13 0.03791027 
581 403 12 17 0.03789184 
739 272 7 10 0.037889984 
784 487 14 20 0.03783505 
168 222 7 9 0.03777684 
398 272 8 9 0.03774421 
999 280 7 9 0.037732016 
561 255 7 10 0.03772053 
582 457 25 33 0.03771968 
369 261 9 11 0.03770857 
862 303 9 12 0.03767287 
528 312 7 8 0.037648365 
957 435 9 14 0.03759071 
856 286 8 10 0.037565082 
186 266 7 9 0.037560478 
631 438 13 17 0.03736206 
827 379 14 18 0.037263818 
66 248 7 9 0.037260924 
143 271 8 10 0.03724645 
624 329 8 11 0.037241172 
982 366 9 12 0.037138835 
254 375 12 17 0.037025686 
992 288 7 10 0.036923006 
466 459 16 21 0.036869727 
543 396 12 15 0.03676521 
449 270 8 9 0.03673448 
200 246 87 139 0.0366985 
630 520 40 46 0.03667396 
368 284 9 11 0.03665512 
320 289 8 10 0.036652777 
488 289 7 8 0.036646415 
528 273 8 10 0.03657736 
1000 357 10 12 0.03653819 
638 240 8 9 0.03653022 
166 208 7 8 0.036508683 
169 161 7 9 0.036409777 
147 330 26 36 0.036404774 
901 274 8 9 0.03631969 
952 297 7 8 0.03631141 
914 318 7 10 0.036270484 
903 383 11 13 0.03623539 
941 410 14 16 0.036229245 
38 264 8 10 0.036206152 
539 405 14 18 0.036117803 
120 277 10 11 0.03610904 
758 280 8 10 0.03610473 
100 289 12 14 0.036041144 
677 351 10 12 0.036037564 
914 312 7 9 0.036031898 
541 288 8 9 0.03601382 
360 294 7 9 0.03595484 
295 264 8 10 0.03595212 
660 382 13 16 0.03593841 
483 451 15 19 0.03593023 
111 286 9 13 0.035927612 
966 435 12 16 0.035898812 
189 334 11 14 0.035875995 
1004 366 10 12 0.03585555 
768 335 8 11 0.035810146 
289 370 10 12 0.035774108 
719 363 10 13 0.035731573 
781 296 8 10 0.035710443 
910 443 13 19 0.035560567 
608 517 19 21 0.035503928 
991 373 11 15 0.035468835 
398 427 15 22 0.035392314 
62 292 12 14 0.03537643 
327 334 7 10 0.03534973 
899 366 11 13 0.035285372 
839 279 7 9 0.035284452 
591 350 11 13 0.035260074 
785 320 10 13 0.035250228 
710 459 12 17 0.035219282 
910 297 8 10 0.035216626 
937 383 11 14 0.035214618 
887 289 8 9 0.035185598 
489 336 8 10 0.035152737 
956 419 11 15 0.03512816 
704 198 9 10 0.03511245 
273 256 8 10 0.03507969 
534 507 24 29 0.035061847 
560 311 7 9 0.035058443 
473 288 7 9 0.035053868 
929 409 11 14 0.034999274 
738 278 7 9 0.034987845 
537 324 9 11 0.03498472 
109 276 10 13 0.03497328 
272 334 8 10 0.034939058 
438 320 9 10 0.034921795 
920 327 8 11 0.03486808 
318 395 13 16 0.034823623 
640 507 40 48 0.034808703 
200 207 6 8 0.03479892 
676 462 13 18 0.034789827 
752 343 8 10 0.034727573 
343 287 8 10 0.034703854 
55 294 12 14 0.03470364 
997 380 11 16 0.034686536 
907 413 12 14 0.034651205 
1005 547 16 21 0.03463041 
798 335 10 12 0.03452457 
941 311 8 9 0.03447621 
38 356 15 21 0.034445856 
589 403 12 16 0.03441746 
9 319 11 13 0.034404445 
566 382 11 14 0.03427581 
975 278 8 10 0.034228757 
774 526 29 35 0.03422691 
950 333 8 10 0.034220316 
864 316 9 11 0.034182977 
450 265 7 9 0.03416038 
914 425 12 15 0.03415833 
655 287 7 10 0.034127627 
164 305 12 14 0.034061503 
1000 402 10 15 0.034045026 
474 556 16 18 0.0339812 
414 264 7 9 0.033973232 
489 312 7 9 0.033952344 
360 454 17 21 0.033951066 
1010 283 9 11 0.03382601 
966 333 8 9 0.033797406 
691 396 12 15 0.033793047 
175 272 7 10 0.033783235 
968 344 8 10 0.033754233 
694 296 6 8 0.03374352 
841 286 8 10 0.033740308 
278 387 12 17 0.033692077 
716 426 12 17 0.033689983 
406 287 8 10 0.033670615 
902 311 7 10 0.033637367 
183 241 7 9 0.033625163 
319 537 28 31 0.03361061 
297 412 14 16 0.033583034 
409 342 19 24 0.03352151 
1012 335 19 27 0.033484507 
168 247 7 9 0.03348159 
993 294 7 10 0.033456232 
214 191 8 10 0.033431116 
887 295 8 10 0.033418294 
240 276 8 12 0.033396237 
601 279 7 10 0.033390872 
554 255 7 9 0.033358593 
862 387 11 15 0.033358175 
581 395 12 15 0.033356145 
794 401 16 21 0.033353977 
622 312 9 10 0.03335172 
455 310 8 10 0.0333476 
309 271 9 10 0.03323443 
904 349 8 10 0.03323373 
632 427 11 15 0.03322888 
848 372 10 15 0.03322018 
781 308 9 11 0.03318895 
304 271 8 10 0.03318049 
498 456 14 23 0.03310212 
591 439 14 22 0.033081092 
-1 509 22 45 0.03305556 
465 327 8 11 0.033052497 
846 364 10 14 0.032977633 
919 357 10 12 0.032936353 
150 263 8 9 0.0329238 
815 343 10 13 0.032918982 
969 513 15 20 0.03291405 
987 411 11 14 0.032913685 
522 355 10 13 0.032908827 
33 301 10 13 0.032841194 
320 299 9 11 0.032834247 
510 288 7 9 0.032812 
755 381 12 14 0.032807335 
638 429 12 16 0.03277402 
505 309 7 10 0.032764025 
421 440 15 18 0.032737065 
392 332 9 13 0.032713864 
833 272 7 9 0.032693714 
292 383 12 14 0.032651424 
421 429 12 17 0.03264596 
575 287 8 10 0.032609336 
539 423 14 17 0.03255591 
590 263 9 11 0.032533627 
28 279 9 11 0.032523766 
733 439 15 20 0.03250682 
832 303 9 10 0.032494746 
443 340 12 15 0.032485805 
482 316 7 10 0.032476302 
317 411 15 17 0.032435227 
328 487 16 24 0.03239932 
488 304 7 8 0.03227985 
746 447 17 21 0.032270376 
158 175 8 10 0.032229282 
480 402 12 17 0.032083772 
882 373 10 14 0.03205971 
573 413 12 17 0.03199252 
150 316 10 12 0.03198647 
999 316 9 12 0.031966764 
142 231 8 9 0.03196321 
438 325 10 12 0.031947765 
733 457 13 18 0.031944565 
453 468 15 22 0.031878173 
812 367 13 15 0.031878144 
630 370 12 16 0.03185681 
256 292 8 11 0.031712882 
605 387 11 15 0.03166988 
311 293 8 10 0.031660702 
343 449 24 34 0.031658314 
725 427 12 17 0.031638328 
893 470 24 31 0.03160573 
487 352 9 11 0.031599365 
806 318 8 11 0.03158468 
874 293 8 10 0.0315811 
528 319 7 10 0.03151705 
494 405 12 16 0.031490654 
403 395 11 17 0.031475477 
466 333 8 12 0.031441122 
174 199 8 10 0.031422965 
607 408 15 17 0.031365134 
912 349 7 10 0.031355843 
258 545 27 35 0.031353097 
553 366 18 22 0.031296257 
803 506 24 31 0.031241588 
364 419 14 19 0.031200364 
560 379 10 13 0.031191507 
742 184 10 13 0.03116757 
794 417 15 23 0.031167537 
366 502 23 38 0.031147793 
494 351 9 12 0.03111888 
737 493 38 53 0.031088743 
257 302 7 10 0.031079743 
735 467 21 30 0.031069515 
0 252 8 12 0.03104373 
800 276 9 10 0.030970654 
591 378 13 15 0.03096773 
569 453 18 22 0.030924905 
976 272 8 11 0.030898754 
237 374 11 15 0.030872744 
945 279 8 10 0.030819545 
327 301 7 10 0.030779166 
375 296 7 9 0.030774752 
142 183 6 9 0.030747656 
854 280 7 9 0.030747648 
480 287 6 9 0.030747568 
775 334 9 11 0.03070996 
224 492 28 36 0.030671166 
191 215 7 9 0.030627983 
707 504 16 23 0.03061888 
705 517 20 32 0.030603753 
467 534 25 33 0.03058601 
565 296 8 11 0.030562147 
608 278 9 10 0.030538205 
147 247 7 9 0.03053648 
53 271 8 11 0.030532895 
798 359 11 15 0.030523539 
22 300 9 12 0.030523298 
519 303 7 9 0.030488625 
590 327 8 10 0.030461002 
148 338 13 17 0.030454189 
803 483 23 30 0.030453188 
345 544 17 21 0.03041323 
832 362 11 15 0.03037462 
306 280 7 8 0.030345889 
382 380 9 12 0.030342767 
185 216 7 9 0.030297972 
761 335 8 11 0.030241637 
474 458 16 20 0.030213708 
807 332 11 13 0.030167257 
337 285 8 9 0.030138219 
277 255 8 11 0.030061923 
127 215 7 10 0.029985564 
420 501 21 32 0.029981695 
129 190 8 10 0.029972533 
851 337 13 17 0.029912736 
667 326 10 13 0.029902183 
968 348 9 13 0.029898308 
279 303 9 11 0.029894749 
990 355 10 12 0.02988574 
210 416 19 24 0.029860204 
599 501 25 30 0.029786857 
542 514 24 30 0.029748818 
174 350 34 41 0.029723704 
305 532 21 31 0.0296857 
296 341 7 10 0.029678589 
678 391 11 15 0.029636906 
400 340 8 12 0.02962633 
607 445 22 29 0.029603316 
319 327 8 11 0.029576736 
518 264 7 9 0.02957302 
154 192 7 9 0.029539304 
534 358 9 12 0.029532865 
824 497 26 35 0.029528275 
326 287 8 9 0.02951218 
551 392 11 13 0.029487569 
489 324 8 12 0.029448368 
307 382 13 15 0.029328896 
417 407 21 29 0.029268712 
224 223 9 11 0.029245565 
783 341 10 12 0.029235307 
295 312 9 10 0.029227857 
304 306 18 22 0.029166227 
710 302 8 10 0.029120421 
444 352 20 23 0.029113796 
245 477 22 33 0.02911173 
711 348 10 12 0.029096406 
328 280 8 10 0.029093275 
985 263 8 10 0.029060815 
487 295 8 9 0.029052177 
512 270 7 9 0.029005023 
715 467 20 27 0.02897456 
768 354 10 14 0.02892168 
391 318 8 10 0.028918097 
361 316 9 11 0.02889513 
487 358 8 11 0.028891588 
529 295 7 9 0.028871218 
169 192 7 9 0.028842796 
674 440 13 20 0.028810857 
543 264 7 9 0.028805574 
141 315 10 12 0.028797371 
356 427 15 19 0.028777363 
228 201 205 238 0.028761003 
389 326 10 12 0.028755786 
154 197 8 11 0.028753303 
680 463 23 32 0.028728982 
608 351 10 12 0.028720481 
263 272 8 10 0.028714545 
668 417 13 19 0.028712928 
216 424 18 20 0.028707204 
175 223 7 8 0.0286909 
774 377 12 16 0.028676562 
136 213 7 9 0.028673425 
885 358 10 11 0.02865372 
902 405 13 15 0.028611295 
526 396 10 15 0.028594641 
157 332 10 15 0.028535895 
175 204 8 10 0.028490841 
608 431 20 25 0.02841876 
864 325 9 12 0.02841612 
557 443 14 20 0.028405702 
309 531 13 17 0.028299266 
40 282 10 13 0.02827329 
870 395 11 15 0.028256092 
607 398 13 17 0.02818808 
699 468 21 28 0.028131086 
392 279 7 9 0.028072303 
564 372 10 13 0.028070575 
861 466 14 21 0.028027687 
838 458 16 18 0.028019411 
494 415 21 27 0.027973574 
201 480 16 23 0.027931456 
726 434 13 19 0.027918166 
686 322 17 21 0.027887087 
647 395 13 16 0.027879827 
468 444 24 30 0.027870327 
193 240 6 8 0.027869992 
383 359 10 12 0.027865812 
652 426 14 21 0.027850503 
1008 296 8 10 0.027839495 
964 427 14 17 0.027816609 
824 547 25 31 0.02780574 
991 303 7 9 0.02778649 
382 302 7 10 0.02776263 
392 379 9 13 0.027759617 
466 318 8 10 0.027718438 
689 302 8 9 0.027676845 
864 422 18 23 0.027670458 
472 294 7 9 0.027655818 
351 319 8 10 0.02761745 
244 396 14 18 0.027598863 
982 446 14 19 0.027587315 
920 296 7 10 0.027587293 
155 336 13 19 0.027548237 
838 379 12 16 0.027498618 
25 256 8 10 0.027486581 
2 227 10 15 0.027485898 
31 257 8 9 0.027482912 
755 452 15 20 0.027475404 
340 339 10 12 0.02735651 
878 319 8 10 0.027325975 
823 303 7 9 0.02728915 
504 320 8 9 0.027282203 
253 395 11 15 0.027265232 
541 380 10 12 0.027260564 
311 482 23 29 0.027239889 
848 273 8 9 0.027228966 
566 394 11 14 0.027177332 
640 295 8 9 0.027170561 
912 436 12 16 0.027144792 
999 312 8 10 0.027143402 
220 466 30 32 0.02714274 
500 471 21 30 0.027090212 
448 293 7 10 0.027089586 
419 427 23 29 0.027081186 
243 354 11 16 0.027068304 
445 334 11 14 0.027042717 
603 544 25 29 0.027041614 
911 335 7 10 0.027011184 
632 542 31 31 0.026972083 
301 392 13 18 0.026971582 
632 357 10 14 0.026934007 
144 161 7 8 0.026933664 
101 361 30 40 0.026932279 
407 303 8 10 0.026911737 
905 453 17 22 0.026892986 
654 373 11 14 0.026883705 
259 439 24 31 0.026860224 
599 263 8 10 0.026855515 
438 491 21 32 0.02684337 
282 312 8 10 0.026828352 
533 379 11 13 0.026729397 
504 272 7 9 0.026704382 
799 313 8 10 0.026695201 
509 388 11 14 0.026600484 
562 263 7 9 0.026583008 
167 456 28 33 0.026558816 
28 149 12 16 0.026536971 
638 247 7 9 0.02651634 
407 317 8 10 0.026513916 
911 358 9 12 0.026513647 
424 309 8 9 0.02650556 
925 391 10 13 0.02644739 
520 312 7 8 0.026441688 
563 412 14 18 0.026436271 
864 280 7 9 0.026423575 
535 302 9 11 0.026342534 
407 416 23 30 0.02627296 
549 419 12 16 0.026254643 
255 311 8 10 0.026183192 
349 326 7 10 0.026178572 
428 515 41 55 0.026135175 
713 324 9 12 0.026121443 
342 318 8 10 0.02609639 
16 284 9 11 0.026084019 
696 183 10 13 0.026078325 
513 404 19 25 0.026049037 
422 493 40 54 0.026042754 
264 367 11 14 0.026042331 
215 277 45 90 0.02601279 
848 326 9 11 0.026005458 
634 320 8 11 0.025992159 
589 494 16 24 0.025988981 
544 358 8 11 0.025945013 
582 357 9 14 0.025934653 
53 372 35 46 0.025932105 
958 428 11 16 0.02592984 
841 264 8 9 0.025921997 
366 457 24 28 0.025909737 
759 327 8 11 0.025860662 
266 536 39 42 0.025845129 
135 188 7 9 0.02583918 
170 237 7 10 0.02583546 
773 355 11 15 0.025812566 
238 286 11 16 0.025797402 
572 270 9 11 0.025794862 
911 327 7 10 0.025786217 
1004 503 16 21 0.02578175 
149 502 27 37 0.025748618 
841 508 26 35 0.025723811 
278 247 8 10 0.025632164 
695 418 12 16 0.025615485 
354 434 16 23 0.025599029 
997 260 8 11 0.02558138 
537 493 16 23 0.025542855 
559 248 7 9 0.02549398 
417 371 11 16 0.025474913 
792 301 9 11 0.025466586 
493 341 9 11 0.025447663 
378 444 15 24 0.025434783 
698 261 9 11 0.025422601 
751 363 12 16 0.025385382 
594 465 17 23 0.02538347 
123 200 7 9 0.025376512 
788 435 16 21 0.025278095 
350 409 14 17 0.025249353 
166 332 29 31 0.025237564 
556 427 15 18 0.025170617 
585 263 8 10 0.02516569 
906 285 8 10 0.025147833 
812 356 11 13 0.025128974 
628 205 10 12 0.025098188 
454 287 7 9 0.02506495 
375 255 9 11 0.025064025 
226 399 15 20 0.025044573 
141 324 11 16 0.025036454 
511 310 7 9 0.024996104 
815 286 9 11 0.024959452 
973 319 9 11 0.024952658 
630 388 11 14 0.024918208 
170 272 9 11 0.024886861 
22 310 10 13 0.024880707 
654 379 12 16 0.02482823 
688 191 8 10 0.024822354 
928 420 12 15 0.02481506 
740 457 15 22 0.02480395 
424 411 26 34 0.024794286 
358 339 8 11 0.024786353 
312 365 11 13 0.02476094 
810 491 25 32 0.02475095 
559 442 24 32 0.024748044 
566 405 12 15 0.02473162 
630 378 12 16 0.02470208 
657 240 9 11 0.024699656 
82 140 233 298 0.02469593 
846 344 20 26 0.0246834 
990 247 9 11 0.024668075 
1 297 10 13 0.024662333 
776 116 136 168 0.024660157 
322 464 23 31 0.024646444 
728 339 10 13 0.024639497 
510 293 7 10 0.024637897 
126 206 7 10 0.024630906 
126 309 10 12 0.024582108 
202 485 26 39 0.024565905 
140 332 14 19 0.024553802 
716 184 13 15 0.02454178 
168 284 9 12 0.024506327 
7 310 11 13 0.024503842 
191 246 7 9 0.02448901 
169 198 7 10 0.024474742 
15 312 11 13 0.02445166 
416 325 9 11 0.024436237 
495 507 23 35 0.024426473 
381 418 15 20 0.024409482 
797 458 23 31 0.024313929 
1006 320 19 25 0.024296867 
79 364 44 53 0.024278278 
616 374 10 13 0.024272624 
287 338 9 11 0.024241626 
446 304 8 10 0.024192119 
1008 300 19 27 0.024176845 
985 312 18 24 0.024154605 
302 543 15 22 0.024149666 
184 221 7 9 0.0241346 
911 302 8 9 0.024125647 
357 417 15 20 0.024123449 
605 372 10 13 0.024116889 
60 299 14 16 0.024080213 
729 289 7 9 0.024078853 
182 284 10 11 0.024075503 
758 287 8 10 0.024073476 
758 435 15 19 0.02406651 
528 425 12 19 0.024042469 
921 372 10 13 0.02403644 
448 287 8 10 0.024018168 
532 397 13 16 0.024007661 
479 381 10 13 0.023999358 
689 454 25 30 0.023998292 
925 463 17 22 0.02394966 
10 379 16 23 0.023945604 
470 538 13 18 0.023889247 
638 272 9 10 0.02386749 
791 278 8 10 0.02386528 
1000 327 8 10 0.023862626 
730 467 16 23 0.023857016 
769 515 19 26 0.023841137 
861 453 11 16 0.023835132 
850 520 13 19 0.023824181 
243 388 13 15 0.023819944 
334 402 12 17 0.023811834 
589 449 13 19 0.023805503 
254 264 7 9 0.023794053 
655 264 10 10 0.023786964 
582 255 8 10 0.023785 
417 364 9 13 0.02378066 
944 286 7 9 0.023757236 
625 240 8 11 0.023722596 
316 514 31 33 0.02367185 
631 280 9 10 0.023657015 
703 523 13 19 0.02363426 
870 340 11 13 0.023625707 
76 276 11 15 0.023622049 
562 382 19 24 0.02361078 
458 254 9 11 0.023554904 
397 327 9 11 0.023536868 
142 263 8 11 0.023515813 
615 311 8 11 0.0235129 
387 238 8 10 0.023501804 
782 398 12 17 0.023410467 
529 264 8 9 0.023395319 
851 472 15 19 0.023382917 
790 359 18 23 0.023360668 
144 239 8 10 0.023354314 
928 351 8 11 0.02334518 
943 303 7 10 0.023319798 
975 536 15 23 0.02330953 
968 264 8 10 0.023299845 
717 409 12 16 0.023254616 
854 481 26 33 0.02316455 
517 342 9 11 0.023150273 
153 340 33 41 0.023145324 
5 322 19 23 0.023139577 
486 505 13 21 0.023124536 
359 351 8 11 0.023086607 
607 265 8 10 0.023086203 
619 264 7 10 0.023046196 
119 282 18 23 0.023037774 
176 217 7 9 0.023021886 
476 435 16 19 0.023017317 
265 527 24 33 0.023013825 
290 525 23 33 0.022986215 
335 346 10 12 0.02296655 
313 357 10 12 0.022944834 
959 496 24 30 0.022931673 
967 363 11 13 0.022924393 
701 498 18 21 0.022921367 
620 542 17 22 0.022911396 
361 253 10 12 0.022851776 
715 513 28 39 0.022809533 
868 377 19 23 0.022755392 
77 247 8 11 0.022743406 
872 519 27 37 0.022736365 
701 186 25 29 0.022727605 
199 240 6 9 0.02271545 
721 371 11 15 0.022714593 
134 322 24 31 0.022709666 
247 310 9 11 0.02268656 
691 470 17 23 0.022678943 
302 529 13 19 0.02267209 
575 279 8 10 0.02266007 
306 481 17 21 0.022651264 
718 345 17 23 0.02263036 
822 335 10 12 0.02260275 
661 303 9 11 0.022570143 
193 232 7 9 0.022558555 
845 479 14 19 0.02243812 
471 386 11 15 0.022434484 
888 369 18 22 0.022398842 
709 371 11 14 0.022392286 
1 317 9 12 0.022368103 
638 215 9 11 0.022362651 
589 387 13 15 0.02235528 
697 257 9 10 0.02235354 
957 362 12 14 0.022340536 
282 277 8 11 0.0223368 
174 285 9 11 0.022316756 
639 316 10 14 0.022290885 
656 295 7 8 0.022268685 
423 339 10 14 0.02220092 
516 502 23 31 0.022192603 
350 299 8 11 0.022161454 
887 350 9 12 0.022155492 
373 421 15 19 0.0221463 
871 412 11 17 0.02213932 
414 334 9 12 0.022125987 
743 351 10 12 0.022115711 
382 254 9 11 0.022099199 
238 401 14 18 0.022093449 
654 222 7 9 0.022073729 
678 252 8 10 0.022064267 
1003 265 21 26 0.022037141 
767 378 12 15 0.021991072 
529 303 7 10 0.021984953 
944 296 8 9 0.021976195 
897 411 10 14 0.021941705 
544 333 8 10 0.021925677 
841 294 8 10 0.021923753 
407 363 9 13 0.021907687 
878 289 9 10 0.021870237 
653 506 17 20 0.02186253 
658 536 17 24 0.021858832 
886 393 12 15 0.021810057 
237 328 11 16 0.02179145 
335 374 10 13 0.02178539 
574 376 10 12 0.02176875 
512 494 22 29 0.021757027 
130 263 8 10 0.021747716 
780 461 20 26 0.021724334 
708 430 16 21 0.021708252 
660 518 17 24 0.021679986 
704 190 9 11 0.021663688 
1004 425 14 19 0.02163755 
480 373 9 13 0.021616003 
318 352 8 11 0.021607196 
668 379 15 18 0.021566834 
945 407 20 23 0.02155719 
814 279 8 9 0.021539299 
838 303 8 9 0.021534124 
679 340 11 13 0.021522226 
184 200 7 9 0.021504726 
434 335 18 24 0.021450914 
457 530 24 33 0.02144749 
710 181 21 26 0.02144728 
185 206 7 9 0.021432482 
484 432 23 29 0.021414956 
619 469 21 28 0.021391258 
177 244 7 10 0.021378428 
215 198 8 11 0.0213677 
152 223 6 8 0.021366829 
896 386 19 23 0.021357581 
56 315 11 15 0.021333821 
43 294 11 14 0.02132228 
495 289 7 8 0.021321233 
568 306 18 22 0.021315614 
846 264 8 9 0.021313386 
7 256 9 12 0.021311864 
377 514 26 31 0.02127031 
661 366 11 13 0.021262117 
22 323 11 13 0.021261487 
915 273 7 9 0.021243019 
599 388 13 15 0.02123736 
617 271 6 9 0.02122756 
579 422 13 16 0.02120809 
659 453 16 19 0.021207308 
411 438 18 21 0.021206746 
669 478 15 21 0.02118422 
717 442 14 19 0.021116775 
217 224 8 10 0.021100495 
897 529 28 32 0.021078447 
663 293 8 10 0.021046981 
66 289 15 17 0.021042455 
769 280 8 10 0.02103387 
398 317 8 10 0.021033198 
264 393 11 15 0.020988898 
1004 382 14 17 0.020950265 
802 399 15 21 0.020944478 
223 331 30 40 0.020916963 
119 257 7 9 0.020906681 
806 287 8 10 0.020892182 
662 309 8 11 0.020885862 
422 322 19 25 0.020877566 
255 347 10 13 0.020875413 
518 450 20 26 0.020868095 
367 444 21 28 0.02086376 
856 512 27 35 0.020861266 
513 335 8 10 0.020842256 
869 349 12 15 0.02082977 
122 160 7 9 0.020792983 
520 295 7 8 0.020781524 
30 292 9 13 0.02078021 
177 445 27 33 0.02075424 
478 342 8 11 0.020732544 
406 257 8 10 0.02071588 
310 418 13 16 0.02067336 
511 457 12 20 0.020654157 
583 266 18 23 0.020640822 
653 271 11 13 0.020626407 
143 254 8 10 0.020623853 
270 344 8 10 0.020608777 
44 323 11 14 0.020567924 
317 371 13 15 0.02053538 
684 533 27 40 0.020527296 
352 357 9 13 0.020511756 
295 276 8 10 0.020508079 
685 426 11 15 0.020504724 
286 505 24 32 0.020494096 
965 420 13 16 0.020486144 
358 272 9 12 0.020451218 
392 263 8 9 0.02044461 
223 303 26 40 0.020439044 
839 466 14 18 0.020417988 
145 224 6 8 0.02040882 
568 285 7 10 0.02039404 
792 311 8 9 0.020393506 
215 208 8 9 0.020373207 
842 452 18 20 0.020362707 
39 359 25 33 0.020360269 
308 428 23 30 0.020327073 
104 264 8 10 0.020306258 
308 522 28 33 0.0202977 
1013 469 10 16 0.020289047 
854 384 12 16 0.020251894 
455 504 15 21 0.020247946 
514 459 20 28 0.020234488 
465 272 7 9 0.020199427 
912 285 8 10 0.020187087 
341 426 15 19 0.020170748 
468 434 16 20 0.020162439 
1009 286 20 27 0.020139374 
809 239 195 228 0.0201248 
369 271 8 10 0.020117184 
170 182 6 9 0.02011023 
501 494 21 28 0.020108037 
328 342 9 10 0.020090817 
327 268 7 10 0.020043043 
327 350 9 10 0.020034539 
941 376 12 14 0.020007614 
