21_Festival_Festival_21_562
32
611 121 49 59 0.99388003 
52 241 25 30 0.38514102 
743 235 363 447 0.33336678 
354 281 27 30 0.29459533 
402 272 26 33 0.17742248 
167 129 54 73 0.13636318 
655 336 362 496 0.111548245 
780 315 245 262 0.102317415 
937 252 50 48 0.09778934 
351 291 15 18 0.07145494 
915 225 12 17 0.06820552 
443 349 423 502 0.06547843 
525 205 9 12 0.051714733 
1009 612 9 12 0.050540157 
485 127 8 10 0.04922101 
136 142 30 47 0.044900123 
1002 366 22 45 0.03535263 
410 502 195 266 0.033197954 
210 293 29 44 0.031429794 
96 329 62 60 0.031132236 
846 397 14 16 0.030080743 
178 131 15 18 0.02896283 
1004 341 21 38 0.028202297 
970 242 27 29 0.026799511 
393 278 12 14 0.025968947 
483 140 10 13 0.025922205 
378 284 13 17 0.0253633 
822 395 13 16 0.023115372 
381 609 46 39 0.023016412 
964 251 32 35 0.022564426 
1 337 11 20 0.022014663 
167 100 55 68 0.02052591 
