21_Festival_Festival_21_210
47
755 187 81 108 0.9959705 
13 369 24 33 0.9958787 
121 378 23 27 0.9885612 
391 162 67 116 0.9818117 
228 390 22 27 0.8392222 
68 395 19 24 0.69677925 
181 388 13 18 0.39950287 
240 391 15 22 0.24567705 
180 163 22 28 0.24276327 
858 386 61 84 0.20009172 
331 259 13 18 0.19079785 
221 397 20 24 0.12137365 
272 278 31 38 0.10993269 
604 292 30 36 0.108077615 
128 164 28 32 0.09612046 
278 263 28 38 0.08981163 
115 139 27 30 0.07602772 
288 259 18 22 0.071490236 
219 320 15 20 0.07148485 
157 413 16 22 0.03953536 
156 368 17 23 0.039060667 
148 395 17 21 0.03904404 
683 268 11 13 0.035494745 
141 401 16 18 0.03473475 
211 162 15 23 0.034288168 
82 394 15 21 0.034097046 
65 367 16 20 0.033742335 
119 152 32 35 0.03330472 
700 259 11 12 0.030359924 
387 530 15 17 0.02982684 
496 397 34 44 0.029204516 
986 316 37 58 0.028928805 
77 443 46 53 0.026907835 
180 396 16 21 0.026767293 
105 436 47 52 0.025361113 
694 259 12 13 0.024959011 
1 616 14 20 0.024557235 
89 393 18 21 0.023021841 
1000 407 10 13 0.022591466 
287 255 13 15 0.022014186 
148 409 17 21 0.021978082 
762 40 25 30 0.021434767 
297 -48 536 395 0.021336038 
342 542 9 11 0.021301603 
424 522 13 16 0.020638956 
1 125 9 14 0.020510927 
168 163 26 35 0.020261401 
