21_Festival_Festival_21_201
183
773 307 29 46 0.98298246 
905 308 19 23 0.89968556 
677 298 24 29 0.8825698 
43 381 25 37 0.8442828 
218 429 19 23 0.77915543 
553 313 20 25 0.7334479 
276 362 17 20 0.6889969 
394 368 22 31 0.67550236 
506 350 22 30 0.54586166 
719 379 23 28 0.50532 
12 434 13 18 0.49444005 
613 330 16 23 0.47591263 
290 343 16 24 0.42144755 
242 384 16 19 0.41380075 
403 341 16 20 0.3906529 
640 296 16 23 0.36374724 
438 345 14 20 0.34977847 
377 339 15 20 0.26749486 
575 344 14 19 0.26678076 
8 58 383 475 0.26540875 
481 52 223 269 0.26535884 
665 314 12 15 0.25650778 
904 147 66 58 0.22021562 
389 -37 368 434 0.16078939 
650 328 14 17 0.16016296 
11 399 16 20 0.15916178 
246 400 21 28 0.14780313 
628 317 12 14 0.14582124 
281 350 19 24 0.1431188 
329 403 25 33 0.13529621 
603 314 14 17 0.13134202 
113 292 106 78 0.12745997 
453 319 11 14 0.119984046 
3 196 108 175 0.11115308 
13 410 14 18 0.11000492 
22 134 222 283 0.1049707 
361 392 27 33 0.10160324 
430 327 11 13 0.09844348 
405 333 15 17 0.097650655 
574 352 13 18 0.092491105 
267 377 30 33 0.09079882 
451 330 14 20 0.0904007 
596 323 13 15 0.08896829 
592 377 10 12 0.08796661 
507 337 22 28 0.087257184 
939 307 19 25 0.08194432 
619 326 13 16 0.075165264 
107 270 82 66 0.07367316 
444 338 15 20 0.07352918 
477 327 17 22 0.072573595 
890 122 103 101 0.0714176 
657 -76 398 497 0.06819791 
260 389 28 32 0.067951865 
592 324 10 13 0.06161317 
492 332 12 15 0.0602675 
980 254 28 40 0.05816915 
645 406 11 14 0.057265773 
386 345 40 53 0.05721525 
147 318 45 38 0.053411324 
639 81 111 131 0.05284115 
467 292 27 32 0.052254915 
57 241 124 108 0.05185951 
463 201 27 36 0.05149352 
447 423 37 54 0.051081374 
238 390 23 28 0.047307946 
300 372 26 30 0.047136985 
406 367 21 31 0.04648495 
602 320 22 27 0.04477325 
362 331 24 31 0.043145962 
921 140 42 41 0.043068554 
673 291 19 21 0.04258203 
400 333 12 16 0.042465016 
957 107 57 70 0.041174058 
569 349 12 16 0.041075777 
633 416 9 12 0.040672895 
899 282 17 22 0.040639378 
666 305 24 30 0.04040371 
1 424 9 13 0.040051762 
593 380 13 15 0.039911434 
-1 660 82 120 0.039743293 
-43 348 351 478 0.03939907 
661 340 14 20 0.039213188 
436 333 12 14 0.03880769 
469 226 450 443 0.037564132 
450 325 11 15 0.03646447 
575 361 12 17 0.034912586 
656 444 15 17 0.034905825 
256 400 19 23 0.03403789 
318 400 41 53 0.034013335 
654 438 11 14 0.033842545 
771 300 15 22 0.033734545 
856 383 13 18 0.03357397 
486 318 13 16 0.033127885 
498 328 24 27 0.03293584 
803 176 55 52 0.032802813 
630 358 13 17 0.032696754 
422 139 25 32 0.032673765 
610 315 12 15 0.032287233 
971 243 27 42 0.031827264 
474 104 136 146 0.03115454 
315 119 18 22 0.03081913 
582 74 115 144 0.03073476 
380 339 21 29 0.030187698 
447 376 21 33 0.02991224 
940 83 52 70 0.029901123 
346 109 29 33 0.029551374 
679 284 25 28 0.029393494 
203 433 40 55 0.029145235 
31 434 12 15 0.0290556 
417 94 106 134 0.0286454 
482 321 23 30 0.028080016 
641 125 67 81 0.028040418 
549 296 27 35 0.027685741 
351 382 29 37 0.027678166 
899 178 49 67 0.02766945 
467 379 14 17 0.027604576 
629 358 20 28 0.027570883 
350 314 46 58 0.027525783 
661 331 12 17 0.027166042 
95 425 27 36 0.027024005 
5 429 15 18 0.026982857 
915 271 24 31 0.026693705 
120 331 67 54 0.026497493 
758 366 26 33 0.02647891 
638 413 11 14 0.026364349 
667 321 14 17 0.026353078 
432 339 15 19 0.025987238 
947 210 40 54 0.025976827 
364 373 15 21 0.025854707 
319 290 12 15 0.02579083 
453 169 49 67 0.025770985 
207 424 24 31 0.025686247 
573 298 15 18 0.02559436 
370 410 18 24 0.025581554 
637 321 11 16 0.025504211 
634 300 10 15 0.025403319 
888 268 28 37 0.024606975 
226 398 13 15 0.024504097 
920 171 57 80 0.024463315 
8 410 23 29 0.024169136 
541 355 12 16 0.02411008 
781 70 240 267 0.023977501 
328 452 47 61 0.023954386 
754 300 39 47 0.023836216 
99 346 38 36 0.023737581 
772 253 16 22 0.023455983 
471 311 28 33 0.023429539 
323 128 13 17 0.023425017 
655 328 20 28 0.023021622 
202 385 17 20 0.022936946 
993 284 28 41 0.02283755 
515 333 14 19 0.022749841 
750 284 16 17 0.02251558 
441 115 60 78 0.022451801 
228 399 26 29 0.022403594 
419 369 16 23 0.022331238 
365 352 14 19 0.022290649 
670 287 15 19 0.022288263 
139 364 35 35 0.022256428 
457 325 19 27 0.022034416 
4 421 13 15 0.021918753 
492 318 14 16 0.021913223 
500 420 12 17 0.021864092 
297 336 26 31 0.02167386 
635 443 11 15 0.021354822 
659 487 13 17 0.021324836 
331 364 16 20 0.021184215 
180 316 373 453 0.021136578 
471 326 14 19 0.021131681 
669 77 56 76 0.021079289 
523 323 15 18 0.021055821 
323 417 44 59 0.020973014 
188 407 30 40 0.02084238 
371 461 43 49 0.020785466 
597 338 13 16 0.020697169 
339 207 29 40 0.020610116 
366 389 42 51 0.020529268 
812 304 26 40 0.020473532 
503 339 14 18 0.020454075 
347 407 30 36 0.020426154 
670 358 12 16 0.02035887 
310 398 28 36 0.020251933 
404 347 26 35 0.020183448 
