21_Festival_Festival_21_219
415
560 278 84 114 0.99157906 
769 363 11 14 0.43291995 
718 344 8 10 0.31296483 
788 359 11 13 0.2577197 
794 335 8 10 0.24867368 
839 350 10 12 0.20867085 
868 406 15 19 0.20251971 
807 359 10 12 0.19963424 
711 381 9 10 0.18494286 
807 334 9 10 0.17700703 
768 340 11 14 0.17547221 
276 548 10 13 0.1717649 
12 559 9 10 0.16331807 
847 326 9 10 0.15189134 
838 242 11 14 0.14783864 
702 352 8 10 0.13402198 
832 351 10 12 0.13220483 
906 375 9 11 0.13143364 
718 348 9 11 0.12973008 
783 320 7 9 0.12786809 
294 563 10 13 0.12040548 
825 325 8 11 0.11986325 
317 540 8 10 0.11947502 
230 542 7 10 0.10976452 
752 372 9 11 0.109222725 
706 380 8 11 0.10904618 
822 302 8 10 0.10620674 
784 364 13 14 0.10234242 
774 182 8 10 0.10102889 
259 555 11 14 0.09259182 
837 372 10 12 0.09131162 
831 320 7 9 0.09123967 
800 169 12 15 0.09111991 
830 286 8 10 0.09092135 
797 335 9 11 0.09067005 
807 329 9 10 0.089234 
753 342 10 11 0.08901453 
751 356 11 13 0.088607736 
806 342 11 13 0.088452764 
783 325 8 10 0.08818463 
813 349 10 13 0.08506884 
1012 316 10 14 0.08425625 
830 325 8 10 0.08211097 
806 349 12 14 0.081809096 
328 518 9 11 0.08019731 
734 166 10 13 0.079998 
1014 278 8 11 0.079544485 
47 520 7 9 0.07570951 
841 296 7 10 0.07480553 
735 352 10 12 0.074653596 
982 271 9 10 0.0744689 
780 409 15 18 0.07444115 
807 318 8 9 0.07434168 
825 334 8 11 0.0741729 
272 544 9 12 0.07300714 
26 562 8 10 0.07285311 
798 403 13 17 0.07205596 
753 349 10 13 0.07201782 
145 544 8 11 0.07183613 
46 470 8 11 0.06975615 
792 328 8 10 0.0685993 
16 536 8 10 0.068391055 
785 371 11 12 0.06757096 
772 347 11 13 0.06753656 
334 524 8 10 0.06747564 
762 327 8 10 0.06740734 
823 349 9 12 0.06670739 
30 561 8 10 0.065965906 
765 326 9 9 0.06575511 
840 344 10 12 0.06561502 
703 357 8 10 0.06482921 
889 279 8 9 0.063081354 
0 524 8 10 0.06291907 
788 409 14 17 0.062337182 
842 326 8 10 0.062237572 
128 542 8 10 0.061788492 
698 350 9 11 0.061782856 
777 318 8 10 0.061714754 
792 319 8 10 0.06120758 
824 342 9 11 0.06115444 
314 537 9 10 0.060721785 
848 367 9 12 0.06072068 
31 527 8 9 0.060567237 
759 335 9 12 0.06044594 
182 536 7 9 0.059485164 
309 565 9 12 0.05937808 
921 297 9 12 0.05933399 
177 534 8 10 0.05930294 
840 300 9 11 0.058042917 
918 335 12 13 0.05741754 
746 327 8 10 0.05731077 
990 246 9 11 0.056953758 
757 340 9 13 0.056838308 
729 332 9 11 0.05622506 
801 348 10 12 0.055797588 
302 561 9 11 0.05563348 
726 351 10 12 0.054882254 
848 332 9 11 0.054847665 
863 365 10 13 0.054817136 
799 341 9 12 0.054498866 
208 549 7 9 0.053717703 
830 334 8 10 0.052946474 
865 335 8 11 0.051756937 
89 549 9 11 0.051507197 
226 543 8 11 0.050923496 
811 355 11 13 0.05092213 
782 351 10 12 0.05034283 
712 349 9 10 0.050333325 
94 548 8 11 0.04969003 
729 327 7 10 0.04910971 
41 519 7 9 0.048994213 
722 356 9 11 0.048876636 
799 362 11 13 0.048873957 
17 519 7 8 0.04873983 
878 336 9 11 0.048282076 
820 373 12 14 0.04818569 
1008 145 12 16 0.048106086 
829 343 9 11 0.04792121 
239 559 10 11 0.047886662 
832 239 9 12 0.047570482 
87 567 10 12 0.047341865 
775 312 8 10 0.047245555 
992 287 8 11 0.046929147 
600 220 482 562 0.046806 
709 329 8 10 0.046517063 
832 371 10 13 0.046357263 
740 351 11 12 0.046344984 
844 350 9 11 0.04626737 
800 313 8 11 0.04609666 
466 460 17 20 0.045615166 
922 280 9 11 0.045398373 
918 380 11 12 0.045033738 
834 264 7 9 0.04472194 
7 520 7 9 0.044449132 
804 182 10 12 0.044293083 
831 311 8 11 0.0442081 
976 144 9 11 0.04419627 
778 324 9 10 0.04416317 
1008 247 8 9 0.044053137 
800 229 8 12 0.04357923 
745 333 9 11 0.04355785 
247 550 8 10 0.043537807 
193 533 8 10 0.043315876 
831 281 8 10 0.0430579 
751 335 10 12 0.043005187 
94 568 9 12 0.042871278 
738 372 9 12 0.04284165 
792 312 9 11 0.042800352 
121 374 10 13 0.042511843 
752 182 9 12 0.04241593 
925 299 9 11 0.042382378 
758 357 9 13 0.041828636 
841 320 8 10 0.04157872 
826 240 8 10 0.0415551 
301 627 14 13 0.041484434 
289 559 9 11 0.040976882 
767 320 8 9 0.040776238 
769 175 9 12 0.04067503 
69 399 9 11 0.040069923 
302 536 8 9 0.039852813 
825 280 9 11 0.03982704 
6 422 7 11 0.03970551 
906 310 8 11 0.039632898 
845 301 9 11 0.03931662 
89 544 8 11 0.03875387 
25 462 9 10 0.038619027 
815 312 8 10 0.038229804 
868 270 10 12 0.03761645 
183 541 8 10 0.03760042 
789 350 11 14 0.03756024 
1 429 8 12 0.036982886 
767 354 19 23 0.03675655 
13 553 8 10 0.036105823 
773 337 11 12 0.035900045 
246 543 9 11 0.035886966 
277 575 10 12 0.035805486 
768 200 9 12 0.035798457 
855 366 9 12 0.035528023 
263 542 10 12 0.03537555 
956 268 12 13 0.035290904 
713 390 10 12 0.03520629 
903 303 7 9 0.035174605 
721 320 8 9 0.03514956 
62 431 9 10 0.03514281 
703 365 8 9 0.035130218 
48 524 7 10 0.03512254 
983 264 8 10 0.03488141 
145 560 9 11 0.034691192 
23 519 7 9 0.034562707 
873 340 10 12 0.034501392 
1008 277 9 11 0.034443323 
311 560 9 11 0.034421887 
309 520 8 10 0.034406077 
824 355 10 13 0.034358997 
935 405 12 15 0.0343394 
838 199 7 9 0.034233067 
508 45 12 13 0.034048133 
128 537 7 10 0.033829555 
785 292 8 11 0.033602078 
435 438 18 19 0.033237427 
885 397 11 13 0.033110555 
73 377 7 9 0.0330011 
1000 261 8 11 0.03291611 
742 367 11 14 0.032899495 
200 545 7 9 0.032843467 
759 382 9 12 0.03283185 
781 340 10 12 0.032768548 
838 286 8 10 0.032701448 
1009 270 9 11 0.03225681 
709 184 14 16 0.03222506 
790 184 8 10 0.032195076 
845 342 9 11 0.03219476 
801 189 9 11 0.03216201 
993 293 8 10 0.032100476 
17 440 8 11 0.0319962 
1000 256 9 10 0.03174746 
815 318 7 9 0.03171485 
918 349 10 11 0.03166433 
71 567 8 10 0.031629268 
831 293 7 9 0.031592164 
40 463 8 10 0.031517684 
14 443 8 11 0.03130262 
698 356 9 12 0.031179406 
807 278 7 9 0.031057294 
830 303 8 10 0.03074939 
862 359 10 12 0.030705974 
921 310 10 12 0.030585052 
902 398 8 11 0.030514682 
517 451 11 14 0.030368926 
191 543 8 10 0.030339105 
985 311 9 11 0.03021185 
784 286 8 11 0.030192811 
914 334 10 12 0.030190175 
903 357 10 12 0.03015646 
352 527 7 10 0.030118711 
751 320 8 9 0.030117769 
65 552 7 9 0.029828778 
823 296 9 10 0.029810484 
706 333 8 10 0.029613277 
816 378 12 14 0.029458337 
872 335 9 11 0.029418154 
838 262 8 10 0.029206935 
87 513 7 9 0.029196806 
57 405 8 11 0.029190965 
718 337 8 9 0.029174553 
832 270 8 9 0.029057065 
742 180 10 13 0.029037511 
839 281 8 10 0.028984739 
856 358 8 11 0.028931959 
208 528 9 10 0.028917208 
72 521 7 9 0.028674861 
54 558 8 10 0.028384449 
392 527 8 10 0.028372178 
23 431 7 9 0.028346347 
26 367 8 10 0.02820336 
813 342 11 13 0.028164731 
783 183 8 11 0.028127847 
81 513 7 9 0.027970236 
758 365 10 12 0.02792147 
709 357 8 10 0.027913678 
31 463 8 10 0.027859066 
744 342 10 11 0.027846018 
1001 390 8 10 0.02779859 
13 563 10 11 0.02775069 
836 236 20 26 0.027693419 
334 568 10 11 0.027688757 
910 351 10 11 0.027665837 
789 244 8 12 0.027565956 
25 422 8 10 0.027454905 
217 551 7 9 0.027416404 
310 526 8 10 0.027373562 
79 537 8 10 0.027327124 
130 550 7 9 0.027163064 
817 394 11 13 0.027101988 
9 536 8 10 0.02696979 
1014 252 8 12 0.026916439 
97 439 8 10 0.026896086 
904 367 9 13 0.026809262 
481 427 12 15 0.026706463 
40 486 8 10 0.02663543 
118 520 8 10 0.02651548 
313 549 9 12 0.026472177 
710 333 8 10 0.026370088 
893 279 7 9 0.026168266 
864 328 8 9 0.02613746 
326 511 9 12 0.026132591 
945 240 8 11 0.026030943 
863 389 12 14 0.025938177 
88 495 9 12 0.02589676 
716 208 13 15 0.025828669 
908 318 9 10 0.025768075 
560 447 6 9 0.025661137 
105 367 7 10 0.025616065 
703 422 9 11 0.025598412 
63 377 8 10 0.025506113 
772 370 12 13 0.025418442 
24 456 9 11 0.02541814 
1013 248 8 11 0.025409585 
276 553 11 15 0.025400344 
24 542 10 12 0.025266401 
897 295 8 10 0.02518609 
824 307 8 11 0.025184821 
1007 263 10 11 0.025154067 
320 528 8 10 0.025135789 
209 532 9 11 0.02510378 
0 502 7 11 0.025006112 
223 550 9 11 0.024991047 
784 334 9 11 0.024976132 
80 541 7 10 0.024815934 
785 254 9 13 0.02481475 
713 396 10 12 0.02481447 
758 166 8 11 0.024780039 
569 456 7 8 0.024713604 
791 302 8 11 0.024464855 
961 406 10 12 0.024460975 
241 543 8 10 0.024449525 
74 542 7 10 0.024434341 
760 320 8 9 0.02443169 
840 166 8 10 0.024324622 
38 559 8 10 0.024237037 
702 343 9 11 0.024229832 
839 310 8 10 0.024156306 
32 521 8 9 0.024140265 
151 559 8 11 0.024107073 
906 150 8 11 0.024089163 
903 288 7 9 0.023862703 
197 528 9 11 0.023855696 
41 567 8 11 0.023823248 
528 437 8 9 0.023820942 
775 303 8 10 0.023786968 
945 142 9 12 0.023785159 
5 470 8 11 0.023774989 
1000 279 8 10 0.023719879 
1015 283 9 13 0.023609977 
733 328 8 9 0.023560008 
757 183 9 11 0.023366936 
41 432 8 10 0.0233517 
798 222 9 13 0.023261765 
517 398 10 12 0.023247942 
263 564 10 12 0.023234287 
512 462 11 14 0.023230605 
881 284 8 10 0.023211539 
114 519 8 10 0.022924386 
902 350 10 12 0.022920053 
81 569 8 11 0.02291306 
878 271 10 12 0.022742428 
822 367 12 13 0.022656955 
776 187 8 10 0.022628957 
8 511 7 10 0.0226078 
533 437 8 9 0.022583801 
193 527 9 11 0.022562224 
686 183 11 13 0.022540908 
899 341 10 11 0.022518309 
806 272 7 10 0.022498254 
38 367 8 10 0.0224561 
990 189 9 11 0.02244228 
847 356 9 12 0.022427747 
853 319 9 10 0.02235482 
135 544 8 10 0.022293368 
881 278 8 10 0.022172172 
787 382 12 12 0.022165269 
40 512 7 9 0.022159599 
97 365 7 10 0.02213516 
46 433 8 9 0.022132963 
998 134 9 12 0.022090161 
319 565 9 11 0.0220416 
897 287 7 9 0.02200166 
242 551 8 10 0.021902494 
816 295 10 12 0.021853881 
143 521 7 9 0.021841986 
79 475 11 13 0.021778142 
807 380 11 14 0.021774113 
902 295 7 10 0.021732671 
848 310 8 10 0.021713482 
310 471 7 9 0.021702027 
454 458 24 27 0.021659434 
88 476 8 11 0.021645116 
766 336 18 23 0.021614876 
577 448 7 9 0.021597287 
544 446 8 9 0.021561444 
824 129 7 8 0.021458916 
825 244 8 11 0.021428902 
782 354 20 23 0.021355307 
330 438 9 10 0.021331318 
824 270 8 10 0.02130379 
798 391 12 15 0.021236338 
967 381 8 11 0.021186555 
949 346 14 15 0.021154497 
98 399 7 8 0.021152707 
82 550 7 11 0.02105706 
694 375 8 11 0.021031601 
813 335 9 10 0.021025993 
687 211 13 16 0.020955008 
6 525 7 9 0.020875577 
696 343 9 12 0.020833433 
47 438 7 9 0.02081434 
770 311 8 11 0.020786868 
22 438 7 10 0.020710647 
87 556 9 11 0.020682482 
923 327 15 15 0.020666536 
329 567 9 11 0.02063662 
168 533 8 10 0.020617895 
545 442 8 8 0.020505788 
864 311 10 12 0.020438608 
872 143 8 11 0.020435046 
271 566 10 13 0.02040294 
976 319 11 12 0.020373069 
994 128 8 9 0.02033242 
232 520 9 10 0.020272043 
55 553 8 9 0.020261701 
112 479 7 10 0.020260768 
435 177 32 39 0.020156717 
801 395 14 18 0.020093327 
977 359 9 11 0.020054951 
984 398 8 11 0.020048944 
