21_Festival_Festival_21_225
39
666 210 46 61 0.99913955 
749 283 49 61 0.999067 
626 470 52 60 0.9987197 
849 306 48 61 0.9982665 
381 442 50 64 0.99807715 
492 181 94 115 0.9643943 
962 235 11 14 0.3213523 
746 519 43 38 0.18223074 
267 604 30 32 0.17008497 
268 672 24 28 0.11328808 
245 675 15 18 0.08639067 
267 615 17 20 0.06136013 
277 701 13 15 0.05232491 
420 428 28 37 0.04169075 
185 674 17 21 0.04138851 
973 234 12 15 0.036887992 
239 682 11 16 0.035471354 
293 692 22 29 0.032210995 
269 652 12 14 0.03214373 
589 438 45 55 0.030782554 
283 690 12 16 0.030719772 
410 263 36 33 0.02878684 
280 608 20 21 0.026225392 
756 534 38 31 0.024711408 
280 675 16 20 0.02457646 
270 658 13 15 0.024069022 
285 661 13 15 0.02405675 
459 428 11 13 0.023988292 
1012 258 11 15 0.023464516 
274 616 29 32 0.023435246 
282 699 14 17 0.022687014 
268 685 15 19 0.022381242 
205 678 11 15 0.022286188 
285 650 13 16 0.022108793 
433 439 17 21 0.021048928 
1007 305 19 31 0.020939063 
1012 310 11 17 0.020935353 
613 450 49 59 0.020849353 
298 638 26 31 0.020750185 
