21_Festival_Festival_21_797
93
644 128 105 135 0.9999486 
315 325 53 61 0.9992138 
503 256 51 72 0.99901855 
418 216 52 66 0.9989975 
287 198 29 41 0.9970283 
84 241 52 62 0.99521744 
836 160 41 53 0.988736 
102 334 48 56 0.9652977 
781 285 50 64 0.9630946 
171 298 43 41 0.92920417 
295 236 49 57 0.9190309 
36 183 29 44 0.84352374 
659 67 40 48 0.4456418 
182 75 24 41 0.43737867 
263 451 16 23 0.3892854 
508 200 35 41 0.32905978 
805 292 52 60 0.22999474 
927 144 39 49 0.15923442 
272 300 38 47 0.12256837 
826 303 39 42 0.08886574 
136 450 15 20 0.085489996 
451 366 48 50 0.08373104 
899 174 27 37 0.08103123 
764 59 26 41 0.07720558 
961 146 30 45 0.062159915 
799 76 13 17 0.0572307 
280 439 12 14 0.0567016 
680 72 48 63 0.056694385 
297 203 37 38 0.054702125 
391 209 26 42 0.05382021 
164 286 35 45 0.049208328 
522 198 30 33 0.04886695 
694 12 31 40 0.046982832 
450 149 15 19 0.046813674 
913 145 34 40 0.0453096 
196 204 25 40 0.04436583 
282 283 44 55 0.04122492 
396 219 15 23 0.04109926 
182 281 33 43 0.040642057 
585 92 11 14 0.039554857 
249 57 47 59 0.037484955 
75 171 13 18 0.036734443 
39 283 40 54 0.03595252 
957 297 28 38 0.03585101 
278 1288 33 38 0.035435606 
706 75 32 52 0.033419054 
367 128 11 12 0.0321429 
179 60 44 63 0.031021534 
842 66 15 17 0.03092636 
174 101 15 20 0.03072652 
707 461 39 50 0.030361852 
323 157 30 31 0.030160004 
171 84 25 36 0.02931234 
533 157 17 20 0.027169514 
341 223 25 33 0.02654728 
532 111 14 17 0.025384024 
706 7 31 37 0.025227973 
908 128 27 34 0.025018573 
440 377 38 41 0.024905762 
160 44 46 66 0.024543548 
421 390 17 21 0.024522386 
147 24 48 65 0.024512354 
683 21 34 39 0.024446024 
149 64 35 38 0.024346836 
271 9 143 147 0.02401258 
388 317 38 44 0.023970746 
471 100 10 12 0.023895824 
505 216 51 68 0.0235809 
358 226 15 22 0.023513492 
398 159 46 52 0.023369841 
360 192 13 18 0.023369368 
594 499 27 29 0.023227943 
203 214 15 24 0.02299955 
777 73 16 21 0.02280555 
614 69 23 35 0.022399709 
324 225 32 40 0.022245504 
833 54 24 28 0.0221055 
930 -1 31 26 0.022050232 
805 40 25 28 0.021859573 
392 232 28 41 0.021749264 
125 261 27 39 0.021520264 
943 154 37 51 0.021419004 
535 201 19 22 0.021181885 
745 219 30 43 0.021114921 
528 195 20 22 0.020988919 
289 219 39 48 0.020915795 
375 330 42 53 0.020856835 
339 202 25 31 0.020766532 
900 104 16 22 0.020741114 
159 90 44 55 0.02042094 
78 577 15 20 0.020303434 
222 25 226 240 0.020299515 
143 79 33 33 0.020171318 
