21_Festival_Festival_21_777
143
576 469 18 21 0.8755955 
671 485 15 18 0.6961691 
494 473 19 21 0.62000644 
905 520 16 18 0.43048298 
257 390 34 45 0.17926128 
687 465 13 15 0.17533717 
587 475 12 16 0.16776682 
916 446 16 18 0.1497846 
495 447 11 15 0.12961774 
573 499 13 16 0.10607736 
911 376 14 17 0.104205176 
529 470 13 16 0.09821863 
863 444 14 18 0.09354548 
656 522 11 15 0.09225119 
859 157 15 20 0.07882528 
725 581 16 17 0.07589359 
701 517 12 14 0.07564039 
856 148 25 34 0.0739745 
144 98 389 535 0.07100365 
674 479 14 18 0.06978207 
852 524 12 14 0.06789905 
1015 44 8 12 0.06748629 
696 519 12 14 0.067193344 
776 571 11 13 0.06469267 
663 479 9 14 0.06203221 
857 59 9 14 0.059180353 
590 481 12 15 0.056090575 
468 378 107 136 0.05419577 
687 492 10 14 0.053960655 
725 560 11 13 0.052481562 
590 454 11 14 0.052038718 
567 476 10 15 0.049984172 
596 482 11 14 0.048128046 
311 13 42 63 0.046024814 
904 53 14 19 0.04423484 
919 491 11 13 0.04383863 
720 559 10 12 0.04321616 
639 476 12 15 0.04288588 
546 533 9 12 0.042668078 
847 521 11 14 0.04046465 
257 257 60 73 0.040330525 
445 485 13 16 0.039594393 
257 6 40 61 0.03922603 
1014 124 9 14 0.038749516 
860 56 8 12 0.038255904 
27 557 15 26 0.03808511 
840 519 8 11 0.0371941 
844 588 13 15 0.036017265 
868 412 14 18 0.03583346 
1014 203 9 14 0.035451423 
753 491 18 21 0.03543775 
916 523 12 16 0.034892403 
13 555 27 41 0.03402744 
572 462 15 18 0.033937942 
516 468 11 14 0.033918645 
578 494 13 16 0.033392325 
685 484 11 15 0.03333985 
579 463 14 17 0.03329401 
557 99 396 547 0.033283934 
825 591 9 11 0.033142485 
683 591 7 9 0.032664392 
655 512 11 13 0.03261793 
340 666 15 16 0.03180039 
688 584 8 10 0.031714715 
485 480 13 16 0.031634264 
872 396 11 14 0.030881055 
489 452 11 14 0.030658195 
335 125 343 481 0.030485991 
640 527 9 12 0.029199196 
884 32 12 16 0.029191775 
479 566 8 10 0.028976161 
512 546 9 12 0.028572064 
269 14 22 35 0.028491931 
640 534 9 12 0.02830341 
514 462 12 14 0.027847033 
257 496 40 55 0.027775634 
877 21 24 34 0.027661407 
642 640 7 9 0.027626352 
744 597 10 14 0.027472654 
738 582 12 14 0.027421681 
607 482 10 13 0.027207384 
551 669 11 13 0.02719239 
730 565 11 12 0.027126703 
766 567 10 12 0.02684598 
903 528 14 15 0.026500765 
606 470 10 13 0.026425898 
725 570 16 19 0.026324268 
656 532 11 14 0.026104528 
644 534 10 12 0.02569719 
16 182 9 11 0.025617879 
661 508 12 14 0.025612736 
686 588 8 11 0.02548664 
214 464 12 16 0.025468864 
679 468 13 15 0.02545204 
497 543 9 10 0.02543849 
664 598 7 8 0.025432993 
870 406 12 16 0.025349401 
669 471 11 12 0.025258528 
567 508 14 16 0.025150571 
874 133 26 36 0.02487187 
971 174 26 32 0.024788769 
664 461 10 12 0.024767458 
694 454 11 12 0.02455956 
575 479 13 17 0.024493512 
722 261 27 33 0.024248254 
615 605 9 12 0.024001088 
657 516 14 16 0.023806123 
712 502 9 11 0.023627784 
720 588 11 13 0.023528628 
670 516 10 12 0.023269365 
861 588 12 15 0.023108372 
486 466 22 25 0.022856489 
860 0 86 110 0.022512322 
624 478 11 14 0.022424286 
964 155 17 22 0.022303613 
222 675 12 12 0.022233 
641 600 8 9 0.022132898 
834 354 14 17 0.022119816 
663 502 11 14 0.021821702 
669 509 11 13 0.021788772 
892 73 22 35 0.021639336 
860 601 12 15 0.021495907 
900 509 25 31 0.02133228 
654 492 11 14 0.02129686 
664 471 9 12 0.02123084 
512 430 10 12 0.021222176 
747 376 24 30 0.02115006 
709 510 9 13 0.021124905 
598 454 10 14 0.02110659 
748 387 48 57 0.021095263 
671 542 9 11 0.020921994 
655 541 10 12 0.020920346 
535 500 10 13 0.02090341 
861 581 11 13 0.020803548 
695 514 19 24 0.020480594 
452 487 12 15 0.020435369 
568 461 12 15 0.020376328 
543 453 11 15 0.020350931 
748 398 26 30 0.020321986 
479 471 11 13 0.020103877 
573 454 12 14 0.020078495 
125 409 11 15 0.020040074 
894 545 31 37 0.020023488 
