21_Festival_Festival_21_140
170
430 459 22 30 0.93585247 
517 494 46 52 0.77498657 
347 481 19 21 0.5327969 
342 475 15 20 0.2980795 
948 447 14 19 0.2768064 
796 660 95 125 0.21365725 
214 765 15 24 0.21084163 
305 445 14 18 0.16747154 
1003 513 22 42 0.13222164 
433 1221 62 75 0.12914197 
126 634 12 15 0.10434617 
424 446 22 31 0.091482066 
423 420 13 17 0.09113041 
120 721 9 11 0.09054988 
427 518 26 39 0.09047899 
693 720 39 50 0.09040988 
364 475 15 22 0.089062594 
22 754 11 16 0.07937313 
468 404 12 14 0.07093011 
435 420 16 19 0.06987912 
172 443 12 16 0.069850825 
820 650 54 88 0.06707016 
54 643 10 12 0.06656427 
122 364 16 19 0.06655691 
390 415 12 15 0.065602 
338 439 16 20 0.064656086 
102 694 10 14 0.061602376 
462 428 13 15 0.059993707 
262 461 24 27 0.059721444 
347 471 17 20 0.057776216 
427 418 17 20 0.057539713 
124 355 15 17 0.053472407 
28 856 13 18 0.05061636 
391 584 11 15 0.049740195 
14 950 13 18 0.048717014 
46 655 12 14 0.04836546 
673 432 24 28 0.048118662 
725 427 10 13 0.04643611 
303 438 12 14 0.046010833 
137 701 9 12 0.045264013 
629 667 13 18 0.045189846 
123 724 10 12 0.044504493 
117 736 10 12 0.042823125 
48 619 7 11 0.042285662 
914 563 25 27 0.042197105 
301 460 11 13 0.04186173 
348 546 38 41 0.041433454 
319 445 11 15 0.041319165 
741 477 9 11 0.04108836 
142 696 9 12 0.040666286 
108 1241 14 18 0.040660027 
181 512 64 52 0.040393047 
486 1193 13 16 0.040290173 
910 572 23 27 0.040166266 
782 665 67 93 0.039800245 
95 734 8 12 0.039635472 
118 635 13 15 0.039266735 
295 529 12 17 0.039080583 
802 553 17 22 0.039050583 
337 477 13 18 0.037839476 
86 717 9 14 0.037787385 
849 564 26 31 0.037647516 
976 461 25 32 0.037324008 
477 426 13 17 0.03683739 
441 425 13 17 0.036581244 
883 555 13 16 0.035390172 
338 1155 33 32 0.03479686 
85 636 11 15 0.03421235 
389 434 14 17 0.034135763 
423 451 14 21 0.03410727 
437 512 27 41 0.033233356 
334 826 10 14 0.03322569 
982 1196 29 49 0.033162702 
425 429 24 30 0.033012345 
990 503 29 48 0.032603066 
196 694 13 16 0.032303635 
16 954 17 21 0.031382035 
483 429 14 19 0.031264137 
243 1240 43 41 0.031047247 
466 408 16 19 0.029947417 
108 366 40 50 0.029302703 
891 415 13 14 0.02924441 
876 558 15 16 0.029222697 
29 849 10 13 0.028592803 
385 510 17 22 0.028456248 
344 614 12 16 0.027799448 
791 491 9 12 0.027596783 
80 860 11 13 0.027467936 
79 870 11 14 0.02743662 
25 847 10 13 0.027300239 
85 710 11 14 0.027245471 
465 418 17 21 0.027220951 
80 812 10 14 0.026947884 
342 895 24 29 0.026929561 
754 509 10 11 0.02673922 
755 482 13 17 0.026675172 
768 507 9 12 0.026581116 
294 443 12 17 0.026183337 
415 428 11 14 0.026130477 
799 484 11 14 0.025974397 
619 402 14 16 0.025963489 
39 645 10 12 0.025529625 
908 585 18 22 0.025472699 
48 377 12 18 0.025266219 
385 583 11 14 0.025060087 
242 706 17 21 0.02504922 
325 512 16 21 0.024975307 
280 443 12 16 0.024790902 
756 490 10 14 0.02472741 
113 634 11 16 0.024639232 
965 457 26 32 0.024363821 
556 446 43 55 0.024358662 
327 876 35 38 0.024266193 
150 707 11 14 0.024265695 
743 473 9 12 0.02419627 
300 469 11 14 0.024184795 
318 439 11 14 0.024054483 
771 682 28 46 0.02404211 
818 561 15 19 0.02398099 
443 529 16 20 0.023970392 
130 630 13 16 0.023829073 
312 711 444 521 0.023705054 
852 579 29 31 0.023560338 
168 438 21 26 0.023311794 
803 568 17 21 0.02320237 
792 542 9 12 0.023078838 
288 804 11 16 0.023023514 
798 502 10 14 0.022938332 
440 456 25 31 0.022871392 
650 462 15 18 0.022773806 
205 764 27 42 0.022758737 
652 453 12 12 0.022746328 
130 364 12 15 0.022687912 
72 449 17 18 0.0226148 
967 455 40 51 0.022211403 
100 436 13 16 0.02215527 
796 558 16 20 0.02204528 
187 824 24 29 0.02183853 
464 426 23 28 0.021813285 
101 686 11 15 0.021732124 
65 884 11 15 0.021636752 
280 829 10 13 0.021612147 
300 843 12 15 0.021557735 
1006 1255 14 21 0.0215008 
668 435 18 21 0.021381846 
736 473 10 12 0.02134262 
295 438 9 14 0.021258838 
169 743 81 103 0.021237409 
457 658 15 17 0.021212397 
5 959 14 22 0.021042237 
851 559 19 22 0.021029275 
621 654 23 32 0.021005234 
800 468 11 15 0.020977197 
96 692 13 18 0.02089307 
771 629 48 78 0.020887319 
388 581 20 25 0.02084676 
752 477 12 14 0.020841487 
423 434 12 17 0.020790651 
110 718 12 14 0.020511458 
99 690 22 28 0.020465925 
454 521 42 48 0.020399824 
507 498 37 39 0.020199452 
47 645 10 14 0.02018348 
626 642 14 18 0.02017484 
953 448 22 29 0.020141581 
805 468 10 13 0.020113152 
294 444 20 28 0.020077124 
88 723 9 13 0.020045187 
418 421 11 14 0.020039681 
86 421 16 18 0.02002612 
