21_Festival_Festival_21_275
266
999 346 14 19 0.9832817 
966 330 16 20 0.9633304 
258 267 28 53 0.8895306 
564 338 28 29 0.8362395 
-7 196 48 81 0.7851615 
686 231 9 12 0.6534032 
619 335 23 25 0.646821 
919 347 10 12 0.60687697 
236 271 33 46 0.4529475 
350 296 24 41 0.41696256 
742 334 12 15 0.36368147 
903 348 9 11 0.34718207 
661 419 13 15 0.29450175 
882 342 8 11 0.2922498 
139 216 18 24 0.28259754 
995 405 13 15 0.2724016 
863 344 8 11 0.26293674 
446 505 14 19 0.24336968 
873 333 7 10 0.20976107 
633 336 15 19 0.17674461 
753 229 9 11 0.17083639 
737 338 10 13 0.15494017 
229 227 16 21 0.13484794 
926 371 12 15 0.1330711 
537 303 28 35 0.13276145 
915 403 10 13 0.1253763 
625 289 16 19 0.12359079 
961 392 8 10 0.12045173 
924 348 9 11 0.11792081 
472 482 14 16 0.11650408 
31 197 53 75 0.11622046 
310 332 36 44 0.11437533 
877 335 9 10 0.111254685 
788 95 10 12 0.104499206 
901 388 9 11 0.10401695 
958 425 8 11 0.09713555 
943 405 9 13 0.09316234 
944 349 9 11 0.09209193 
703 452 12 16 0.09064796 
687 105 10 12 0.089333594 
401 137 9 11 0.08884883 
679 236 9 11 0.085838094 
375 299 32 39 0.08330236 
314 310 49 62 0.08299215 
971 356 12 14 0.08207339 
747 334 11 13 0.08169744 
644 108 10 14 0.07760059 
896 342 8 11 0.07566573 
668 315 10 14 0.07496433 
351 388 52 70 0.06947799 
721 429 11 15 0.06741107 
1012 405 9 13 0.06475232 
313 339 19 22 0.06317782 
948 348 10 12 0.060105547 
936 399 8 12 0.059658792 
847 349 7 9 0.05921955 
833 351 9 11 0.058888067 
806 95 11 13 0.058748703 
766 442 17 19 0.058535174 
354 297 40 50 0.057869673 
937 405 8 11 0.05746147 
869 348 8 10 0.057126332 
120 209 27 36 0.057080816 
847 93 8 11 0.05505033 
515 324 17 23 0.054498605 
540 309 16 19 0.054220095 
730 308 9 12 0.053855818 
706 238 9 12 0.053427245 
683 271 11 14 0.053336535 
515 297 17 20 0.052639816 
753 431 10 13 0.05214057 
663 43 46 50 0.05198725 
822 340 8 11 0.051143352 
733 93 12 15 0.050425008 
196 449 32 37 0.050309923 
712 300 11 12 0.050061196 
716 334 11 14 0.049673565 
146 278 14 16 0.049577698 
643 339 13 17 0.049486652 
333 300 43 55 0.049384847 
1007 406 10 12 0.049158882 
471 408 36 49 0.049035486 
762 401 8 12 0.04827615 
47 216 55 71 0.048080537 
588 451 14 18 0.047998704 
1001 337 10 12 0.047853775 
234 228 24 30 0.0477053 
766 308 10 13 0.047313396 
722 255 8 10 0.04712344 
444 309 25 32 0.046805583 
682 230 9 13 0.046624854 
859 343 7 10 0.046302114 
952 424 9 12 0.045821644 
683 332 14 17 0.045765173 
980 422 10 14 0.04572598 
557 322 31 40 0.045630433 
265 264 18 33 0.04552362 
785 261 10 12 0.045205735 
677 333 14 18 0.044620045 
438 278 10 13 0.04459096 
818 341 8 10 0.043123294 
870 424 7 9 0.043055177 
470 345 12 16 0.04299651 
532 329 15 19 0.042752318 
913 348 9 12 0.042589072 
940 399 10 12 0.042530175 
684 421 13 16 0.042489503 
62 136 35 45 0.04194465 
-17 324 159 229 0.041861296 
815 375 8 12 0.041625354 
899 348 8 11 0.041464534 
735 436 8 11 0.040462002 
871 359 7 9 0.040326796 
1008 455 9 13 0.040232755 
993 398 12 14 0.039226405 
459 272 16 25 0.03903087 
598 504 13 18 0.038970515 
508 475 17 18 0.038127832 
674 237 9 11 0.037915453 
749 340 11 13 0.037662383 
727 434 10 13 0.037363864 
1004 260 9 13 0.03714754 
768 14 49 58 0.036882747 
1006 462 12 18 0.036847167 
845 375 7 10 0.036835626 
671 312 9 13 0.036568906 
719 397 13 16 0.03629847 
189 435 51 61 0.03599707 
142 282 15 22 0.03585148 
712 337 12 15 0.035587907 
697 302 9 11 0.035298634 
937 392 9 11 0.035283253 
709 363 13 16 0.035084255 
206 272 24 41 0.034707732 
745 451 10 12 0.03446464 
748 446 10 13 0.03392052 
619 395 27 36 0.03360976 
898 385 8 11 0.03332627 
775 317 11 13 0.03307463 
725 254 10 12 0.032840062 
980 428 11 14 0.03278526 
517 303 39 50 0.032775525 
762 254 9 11 0.03266801 
581 441 24 28 0.03257974 
936 341 9 13 0.032206267 
509 299 25 33 0.03189154 
720 247 10 12 0.03188479 
716 364 10 15 0.031834494 
541 302 44 53 0.03180957 
660 322 13 17 0.0315672 
705 403 15 19 0.03150005 
936 350 9 11 0.031496163 
55 148 53 66 0.030881602 
896 407 8 11 0.030876867 
690 195 13 15 0.030838916 
948 406 10 13 0.030499008 
1012 411 10 14 0.030426014 
966 402 11 14 0.030355997 
841 93 10 12 0.03025197 
974 362 11 13 0.030198902 
523 326 16 21 0.030078957 
445 253 44 53 0.029829923 
885 382 9 11 0.029740468 
759 343 9 11 0.029654687 
787 285 10 13 0.029611316 
615 284 11 15 0.029519405 
832 344 8 10 0.029424641 
612 279 22 28 0.029117463 
963 397 11 13 0.028977182 
733 304 9 11 0.028951889 
993 347 13 17 0.028932897 
766 343 9 12 0.028788354 
830 397 10 13 0.028305653 
936 357 10 12 0.028253863 
723 261 8 9 0.02793749 
761 308 10 13 0.02788414 
787 292 10 14 0.027725304 
694 288 8 10 0.027604649 
1016 380 9 13 0.027569134 
604 297 13 16 0.027332615 
780 316 11 13 0.027327169 
615 299 12 14 0.027250217 
984 347 12 15 0.027076475 
837 350 8 10 0.026715359 
725 332 11 14 0.026625616 
788 300 9 12 0.026303029 
744 270 9 12 0.026289934 
782 312 10 11 0.02627466 
709 110 11 14 0.026088951 
602 288 15 17 0.026033044 
887 398 9 11 0.026030952 
831 392 9 11 0.025978873 
503 315 26 35 0.025688857 
604 309 11 13 0.025175098 
462 347 14 17 0.025035307 
704 255 8 10 0.024954533 
888 390 8 11 0.024881512 
999 269 8 11 0.02474809 
635 291 12 16 0.024614507 
709 92 9 12 0.024476852 
641 254 9 11 0.024435556 
544 536 15 20 0.024352396 
950 412 8 11 0.024333304 
77 225 56 69 0.024272302 
623 303 13 16 0.024114719 
775 383 9 12 0.024054773 
952 398 9 11 0.023801109 
516 285 12 13 0.023711124 
584 344 18 21 0.02370336 
846 383 8 10 0.023363192 
878 358 8 10 0.023189407 
1005 235 10 13 0.023189265 
574 621 28 33 0.022984844 
559 339 44 47 0.022975424 
652 310 13 15 0.022923341 
665 209 194 230 0.022817155 
1013 342 11 16 0.022777043 
662 311 19 24 0.022767307 
646 314 13 17 0.022714224 
926 357 10 12 0.02269802 
960 384 8 10 0.022596577 
628 403 14 18 0.022559205 
69 394 108 146 0.022373253 
892 336 10 12 0.022139892 
999 461 19 34 0.022096036 
773 310 11 12 0.022062842 
626 411 15 18 0.022031095 
855 389 7 9 0.02200166 
710 54 11 13 0.021986881 
679 61 195 282 0.021933509 
701 318 11 15 0.021898521 
801 100 13 16 0.021847097 
741 436 9 11 0.021781852 
426 289 473 425 0.021744257 
816 401 8 11 0.021684462 
301 301 13 16 0.021653585 
823 124 10 12 0.021651099 
930 398 8 12 0.021621175 
676 310 11 14 0.02159075 
885 347 8 11 0.02156504 
519 277 10 13 0.021482022 
383 134 9 11 0.021383518 
428 507 12 15 0.021315426 
620 276 24 29 0.021302685 
914 343 20 23 0.021296185 
735 254 9 12 0.021265725 
806 89 10 12 0.02107146 
674 457 13 19 0.020988075 
927 310 8 10 0.020876495 
725 236 14 16 0.02087433 
706 422 12 15 0.020811388 
931 405 8 10 0.020647379 
869 371 9 12 0.020626277 
532 278 33 40 0.020611884 
998 373 10 14 0.020567415 
622 295 22 26 0.020552063 
982 341 10 14 0.020536171 
902 408 8 11 0.020475706 
717 296 8 11 0.020470014 
941 354 10 13 0.020462207 
864 118 7 9 0.020312678 
495 291 43 54 0.020307511 
903 354 10 12 0.020275936 
730 87 20 26 0.02020543 
802 107 10 12 0.020199105 
974 320 10 12 0.020041704 
