21_Festival_Festival_21_395
180
762 415 36 46 0.9844274 
544 124 36 46 0.97287977 
408 265 31 38 0.9597516 
514 275 40 52 0.9448162 
560 398 41 51 0.9234187 
309 425 32 40 0.7057608 
685 264 34 43 0.6748882 
978 501 21 27 0.58287865 
174 493 21 27 0.48336285 
666 428 32 39 0.47616 
660 505 23 33 0.44437122 
744 586 52 77 0.36463365 
873 450 27 34 0.27429432 
77 484 17 22 0.24246046 
656 496 24 29 0.22733316 
645 464 31 37 0.21655051 
94 534 17 22 0.20302583 
420 588 17 21 0.19580229 
843 478 36 45 0.19228023 
962 489 15 22 0.18278702 
221 555 54 58 0.18115944 
132 492 15 21 0.1763194 
824 492 58 74 0.15601261 
20 467 12 15 0.14481933 
919 474 18 22 0.12537792 
294 262 24 28 0.11928129 
91 540 24 31 0.10680323 
658 262 23 42 0.10488245 
111 491 14 19 0.10360934 
56 488 10 13 0.10045789 
408 176 29 44 0.09832458 
12 572 25 40 0.08307961 
730 560 56 77 0.0818391 
940 492 23 30 0.07799917 
919 471 13 16 0.07645496 
42 475 11 15 0.074824095 
82 466 99 124 0.07267099 
873 463 30 39 0.07249544 
673 409 41 55 0.071013 
712 459 32 37 0.07031648 
0 500 13 21 0.06949225 
989 500 22 30 0.067909434 
551 278 29 41 0.06521405 
751 424 43 61 0.06419115 
647 480 31 41 0.061547864 
240 409 28 37 0.05931235 
903 479 26 29 0.057371825 
66 445 13 15 0.056903176 
362 597 26 31 0.05594375 
759 484 50 75 0.055632688 
70 438 11 12 0.05562002 
933 459 18 21 0.05416952 
894 502 55 61 0.05255027 
97 529 26 32 0.050343648 
97 553 17 23 0.049258187 
881 474 54 54 0.048377555 
213 409 40 48 0.0481477 
853 503 62 71 0.04788633 
986 646 15 23 0.045425184 
538 401 45 50 0.04540599 
852 468 48 52 0.045240365 
924 494 31 36 0.044876803 
4 494 13 17 0.044182938 
13 520 11 15 0.042911015 
38 449 10 13 0.04271541 
407 572 26 31 0.042586926 
4 486 10 13 0.041681785 
944 494 12 16 0.04141996 
194 578 70 57 0.040327866 
327 169 11 14 0.039117537 
167 496 16 21 0.03890141 
869 481 94 105 0.03850075 
77 563 15 19 0.038408082 
551 592 27 39 0.0380321 
950 491 26 35 0.037867278 
739 566 32 45 0.03680103 
282 546 26 35 0.03560203 
21 559 13 20 0.035506837 
60 465 14 17 0.03535065 
13 529 16 23 0.035149407 
25 492 10 13 0.035147514 
968 414 48 66 0.034673285 
2 544 13 16 0.03463601 
811 501 101 115 0.03448979 
404 378 33 40 0.03439977 
976 495 44 74 0.034116823 
81 479 25 28 0.03405874 
64 449 13 17 0.03329257 
743 482 34 53 0.03318494 
183 605 71 57 0.033158656 
172 500 28 37 0.033154678 
98 505 15 20 0.032684017 
851 461 35 35 0.032496262 
251 544 46 53 0.031697102 
961 492 24 33 0.031566583 
86 557 16 19 0.031300563 
314 176 17 18 0.031231184 
152 441 17 21 0.03104432 
86 553 27 34 0.03097559 
356 644 18 21 0.030524416 
529 268 37 49 0.030200828 
460 384 32 35 0.029885905 
544 237 43 56 0.029816728 
210 404 28 35 0.029794747 
60 474 14 16 0.029641366 
69 563 13 18 0.029350312 
150 457 91 115 0.029241307 
900 487 17 21 0.029183995 
748 529 58 81 0.028950961 
113 490 21 28 0.028950052 
929 444 27 31 0.028808722 
695 272 31 50 0.02873396 
92 447 171 210 0.028427858 
4 477 11 14 0.027928911 
14 558 13 19 0.027805958 
370 595 16 18 0.02780529 
468 381 48 57 0.027744837 
954 458 74 126 0.027715612 
169 483 45 58 0.027646603 
62 627 44 45 0.027567603 
723 572 35 49 0.0274784 
941 448 10 13 0.027307523 
380 598 14 17 0.027182927 
670 265 28 43 0.027043182 
998 496 20 30 0.02698549 
886 471 26 33 0.02686888 
395 343 28 33 0.026777865 
763 448 32 45 0.026711067 
876 444 18 25 0.02670986 
376 389 31 35 0.026513882 
992 521 32 44 0.026508812 
904 461 25 29 0.02647335 
590 485 40 56 0.026191887 
40 481 11 14 0.026136253 
564 574 37 52 0.025690954 
893 454 46 47 0.025437402 
869 455 18 22 0.025358556 
225 409 18 22 0.024752388 
192 524 95 104 0.02460722 
121 552 33 36 0.024584416 
95 586 26 32 0.024496583 
33 447 10 13 0.024368463 
287 377 38 49 0.02428106 
30 501 12 16 0.024265347 
681 602 12 16 0.024112053 
706 275 14 19 0.024070142 
738 441 28 40 0.023988955 
94 477 24 28 0.023860702 
138 563 26 32 0.023758011 
940 452 14 18 0.023652818 
730 390 15 19 0.023558207 
403 556 16 20 0.023457775 
912 482 31 35 0.023129415 
4 513 14 21 0.023030322 
47 492 13 17 0.022893341 
94 525 14 21 0.022782806 
30 485 10 14 0.022767343 
728 549 28 43 0.022732148 
312 549 26 35 0.022507805 
920 444 44 51 0.022466158 
922 474 28 34 0.0224362 
54 480 21 25 0.022417905 
161 391 28 33 0.02238819 
935 446 13 16 0.022240832 
91 526 51 67 0.02201154 
730 454 29 40 0.021872237 
748 432 27 42 0.02153466 
30 476 11 14 0.02143339 
125 498 22 30 0.02137925 
401 559 24 34 0.021292383 
740 585 33 56 0.02121098 
854 490 36 49 0.021039745 
583 400 30 41 0.02093776 
456 101 12 16 0.020879995 
955 477 15 18 0.020757478 
15 537 20 31 0.020471528 
17 465 19 24 0.020451505 
499 597 28 48 0.020231256 
11 557 21 31 0.020110536 
298 253 19 22 0.020101182 
