21_Festival_Festival_21_605
99
937 258 31 39 0.99951875 
178 113 62 80 0.99930954 
806 76 64 87 0.9992854 
447 31 79 110 0.9985397 
312 64 72 94 0.99804556 
634 56 67 96 0.99777883 
985 185 19 24 0.95687014 
993 267 28 35 0.934866 
87 268 18 28 0.8900056 
7 249 15 22 0.8442396 
53 280 13 17 0.77167153 
36 233 13 17 0.753534 
60 239 15 22 0.7447672 
757 162 25 31 0.65238494 
42 261 10 14 0.5659073 
31 230 13 16 0.38475704 
72 319 12 14 0.27126035 
78 161 12 14 0.2587524 
935 207 18 21 0.23196128 
1 230 8 12 0.21002598 
6 222 9 12 0.20021623 
63 230 13 17 0.14763735 
84 316 11 14 0.11960622 
63 302 13 15 0.11743227 
88 264 13 19 0.10080745 
124 275 11 16 0.090246044 
964 226 14 19 0.09012277 
7 240 9 13 0.08957467 
56 268 11 15 0.08941321 
999 297 13 18 0.08766039 
75 244 10 14 0.085577376 
12 222 9 11 0.073877074 
932 219 25 30 0.07358866 
148 193 12 15 0.07250956 
60 266 11 14 0.071838625 
994 286 27 39 0.069538794 
77 235 12 15 0.06927405 
961 194 13 17 0.06251249 
48 208 9 11 0.062177576 
64 235 16 21 0.06185 
3 223 9 13 0.06169813 
56 262 10 13 0.058261406 
64 223 12 13 0.055828117 
38 256 17 23 0.05483377 
48 278 13 18 0.05124128 
959 95 40 50 0.051203106 
69 222 11 13 0.049413353 
45 254 11 14 0.048606455 
896 263 33 45 0.047215424 
1001 287 17 21 0.04313307 
41 596 28 39 0.042676102 
2 256 10 17 0.041303527 
30 226 10 12 0.041261446 
31 206 9 11 0.039464567 
48 242 10 15 0.039154705 
36 301 12 15 0.03759 
933 232 27 34 0.034895945 
652 249 123 119 0.034753103 
40 282 12 16 0.03438866 
47 193 8 10 0.03402393 
52 213 9 11 0.03351149 
24 223 9 12 0.032855798 
22 214 8 10 0.03201155 
66 245 15 20 0.031830467 
880 254 38 51 0.031239845 
78 521 16 20 0.031069327 
26 228 11 14 0.03061931 
42 191 8 10 0.030599374 
135 199 9 11 0.029936722 
64 205 9 11 0.028990483 
728 426 62 55 0.028430263 
14 207 9 10 0.028349292 
128 199 9 12 0.027471514 
56 246 11 17 0.027462736 
13 240 10 14 0.02732471 
0 270 9 15 0.027274217 
0 327 9 14 0.02659049 
20 282 11 14 0.025938917 
76 223 11 13 0.025785858 
65 216 10 12 0.0254489 
53 208 9 11 0.025136355 
911 263 26 37 0.02467742 
0 204 7 11 0.024531437 
44 324 10 13 0.023912292 
720 284 61 61 0.023763131 
542 99 387 467 0.022977691 
4 299 10 14 0.022451246 
78 312 20 23 0.022362145 
994 262 19 20 0.022355568 
131 272 13 19 0.022201477 
66 307 15 17 0.021860661 
37 293 12 15 0.021671796 
4 331 11 14 0.02155251 
395 809 133 130 0.021472689 
122 206 8 12 0.021467024 
876 178 39 56 0.021432681 
16 276 11 14 0.021096902 
955 233 23 29 0.020887943 
1010 266 14 18 0.020567844 
