21_Festival_Festival_21_340
654
701 293 13 16 0.69665027 
593 256 10 12 0.6461807 
252 358 14 20 0.6089141 
62 291 411 484 0.59480774 
361 263 10 12 0.5388641 
416 232 10 12 0.53081244 
462 263 9 11 0.4726326 
171 371 15 21 0.4720755 
566 264 8 11 0.46758687 
101 321 11 14 0.44700325 
706 239 9 10 0.38677475 
237 338 12 17 0.32298678 
472 248 9 12 0.3166941 
561 267 11 14 0.3129605 
481 231 10 12 0.30725208 
429 283 11 14 0.3050806 
400 223 8 10 0.29738054 
456 232 9 11 0.29267952 
73 343 8 10 0.27970436 
96 318 12 15 0.27292675 
479 262 11 15 0.26899728 
441 262 9 12 0.26272354 
660 279 10 12 0.26186785 
440 267 10 13 0.25461426 
310 244 9 11 0.25279614 
55 304 8 11 0.24518976 
380 238 9 11 0.23840794 
97 280 9 11 0.22766627 
222 338 13 18 0.22498375 
582 294 12 17 0.22251573 
121 302 11 13 0.2218865 
454 278 12 15 0.21717343 
73 277 8 10 0.20182987 
328 255 8 10 0.20137575 
399 253 9 11 0.1999266 
177 285 10 14 0.19261798 
143 275 8 11 0.18541354 
335 260 8 10 0.18410322 
77 343 9 12 0.18242185 
318 301 13 15 0.17890309 
445 253 11 13 0.17590334 
655 262 9 11 0.1746115 
237 277 8 11 0.17017524 
551 263 10 12 0.1679063 
128 352 10 13 0.16118628 
23 349 10 14 0.15556473 
622 260 10 12 0.15339445 
503 259 11 16 0.1508319 
142 304 9 12 0.15071437 
167 263 9 11 0.14920291 
368 231 8 10 0.14695989 
230 327 10 13 0.14287566 
126 325 9 12 0.14069675 
124 270 8 11 0.13819742 
87 304 8 10 0.13617456 
49 302 8 10 0.13570121 
659 334 12 14 0.13516563 
167 331 10 13 0.13186873 
294 264 10 11 0.13130343 
22 344 8 11 0.12997116 
30 351 10 13 0.12797396 
352 247 8 11 0.1266994 
182 343 11 13 0.12353769 
165 354 11 12 0.123321705 
71 372 10 12 0.123111896 
78 287 8 10 0.12264745 
119 309 10 13 0.1210896 
20 354 12 16 0.11951408 
695 253 8 10 0.1188259 
736 246 8 10 0.11845482 
168 269 8 10 0.11790952 
191 280 9 10 0.116215296 
79 309 8 10 0.11574561 
94 363 9 11 0.11539163 
617 261 10 11 0.11528159 
80 305 8 10 0.11519518 
174 347 13 15 0.114846386 
329 239 8 10 0.114111274 
266 298 13 16 0.113722734 
306 276 9 12 0.11361762 
56 332 9 12 0.111188285 
111 270 8 11 0.11089918 
189 342 10 12 0.10843848 
166 256 8 9 0.1082037 
120 317 9 12 0.10629327 
61 333 8 11 0.10624914 
396 143 27 29 0.10586825 
241 302 11 14 0.10567353 
351 239 8 9 0.10563064 
351 310 10 12 0.10433945 
137 310 9 12 0.10342597 
383 271 10 12 0.10215255 
71 349 10 13 0.1017253 
73 273 7 10 0.10169229 
142 287 9 12 0.101531714 
607 278 9 12 0.100849174 
136 255 9 11 0.10023293 
62 319 8 10 0.100057214 
382 233 7 9 0.10004863 
708 242 10 12 0.09967777 
227 338 15 18 0.09876736 
144 358 11 14 0.09640049 
205 350 10 13 0.09584369 
176 265 8 10 0.09444886 
655 270 9 11 0.091555275 
89 363 9 12 0.09087303 
136 318 9 12 0.09063573 
557 60 12 14 0.09052351 
351 252 8 10 0.09002028 
375 315 12 15 0.08936492 
278 291 10 13 0.08926234 
559 255 7 9 0.088538595 
85 308 9 11 0.08842767 
73 286 8 11 0.08688391 
63 356 9 12 0.08661539 
112 255 8 9 0.08433682 
56 271 8 10 0.08423319 
290 262 8 11 0.08401985 
81 317 8 11 0.082754225 
85 263 9 10 0.08247559 
33 343 9 12 0.0816402 
304 271 8 11 0.0812668 
220 302 10 13 0.07997368 
552 256 9 11 0.07987888 
333 240 9 10 0.07922519 
238 273 9 10 0.07852672 
152 247 6 8 0.0764324 
167 246 7 9 0.07595881 
78 333 7 10 0.07575081 
135 293 8 11 0.07571484 
183 264 7 10 0.07399236 
537 255 8 11 0.073411256 
47 325 8 12 0.073279016 
356 247 9 10 0.07308359 
378 270 8 11 0.072959535 
200 358 10 12 0.072919 
488 309 11 14 0.072792225 
193 257 8 9 0.07152754 
142 260 7 9 0.07078006 
125 264 7 9 0.07059109 
304 310 11 15 0.07025649 
222 276 8 11 0.07010931 
63 293 9 11 0.06924834 
330 260 8 11 0.06855278 
75 387 15 21 0.068088695 
20 332 10 13 0.06805185 
41 304 7 9 0.067971796 
161 351 10 13 0.06746226 
335 244 8 11 0.06657001 
327 277 8 10 0.065651745 
655 285 9 12 0.06521669 
49 332 10 13 0.06491743 
176 239 8 9 0.06490539 
610 273 7 9 0.06487819 
127 319 9 12 0.06454991 
71 291 9 12 0.0643993 
192 241 7 8 0.064290084 
430 313 12 16 0.06387428 
322 254 7 10 0.0636446 
101 283 8 10 0.06347783 
701 232 21 24 0.063334085 
208 263 8 9 0.06310625 
433 222 9 11 0.06271607 
310 271 8 11 0.062020116 
161 254 8 10 0.061642252 
312 302 10 14 0.061593957 
191 262 8 10 0.061086863 
309 315 11 15 0.061073586 
120 287 9 11 0.060843553 
319 321 14 18 0.060177375 
774 93 43 63 0.059855606 
77 278 8 11 0.05976336 
309 308 11 15 0.059493348 
37 341 8 12 0.059360627 
329 247 8 10 0.058956414 
704 260 10 13 0.05850194 
198 248 7 9 0.05843495 
74 335 8 10 0.05782857 
536 259 10 14 0.057822727 
611 277 10 12 0.05771369 
365 279 8 11 0.057462025 
319 295 12 14 0.05715539 
388 271 11 12 0.05708415 
476 246 11 13 0.057037957 
222 353 12 16 0.056709077 
75 309 7 10 0.05663631 
146 240 7 9 0.05648251 
48 297 7 9 0.055839527 
321 307 15 17 0.055511035 
736 253 10 12 0.05544579 
307 246 8 10 0.05516818 
168 367 14 17 0.0551571 
296 255 8 10 0.05513347 
741 247 8 10 0.05488871 
24 309 8 11 0.0546935 
613 271 9 10 0.054543946 
78 292 8 10 0.05440206 
298 331 15 19 0.05435197 
126 331 10 13 0.054276377 
172 333 11 14 0.054256544 
543 262 10 13 0.053825036 
233 287 10 10 0.05381213 
272 270 8 9 0.053726606 
30 304 8 10 0.053629763 
279 279 8 11 0.053509347 
97 271 8 9 0.053159002 
438 214 8 10 0.05279733 
545 267 10 13 0.052371755 
392 239 8 10 0.052117154 
301 264 8 10 0.051935364 
398 236 9 12 0.051891595 
183 325 10 13 0.051851153 
127 296 9 12 0.05171862 
627 284 12 14 0.051518265 
344 254 8 11 0.051336706 
391 255 10 12 0.0513176 
199 263 8 9 0.051120497 
602 279 9 11 0.05108165 
497 260 12 17 0.05082393 
377 242 10 13 0.05073629 
199 342 9 13 0.05063589 
416 272 9 11 0.050534595 
79 328 8 11 0.05008317 
352 314 11 15 0.049985055 
160 248 7 8 0.049826484 
310 322 12 15 0.04959702 
182 332 11 13 0.04951563 
672 239 8 10 0.049493287 
197 254 8 10 0.049312327 
78 367 8 11 0.048848983 
61 327 9 12 0.048793685 
566 312 23 32 0.04863404 
233 273 8 11 0.048541 
320 288 9 11 0.048434343 
176 281 8 10 0.0484323 
735 259 9 11 0.04841802 
584 275 11 13 0.048404995 
141 319 8 12 0.04832346 
152 240 6 9 0.048103474 
279 241 8 9 0.04807537 
375 232 9 11 0.04773039 
721 285 9 11 0.047653425 
293 294 9 13 0.047651287 
783 237 57 73 0.047626846 
338 224 7 9 0.0472656 
201 348 10 13 0.047068447 
565 44 10 13 0.046974726 
277 272 8 9 0.04679848 
678 246 8 11 0.046687827 
121 294 10 12 0.046409808 
504 274 12 15 0.046177987 
65 342 8 11 0.046100874 
18 342 8 11 0.04603755 
737 284 10 13 0.045979522 
723 269 11 12 0.04578544 
73 328 9 11 0.045724943 
418 233 12 16 0.045657404 
721 276 10 12 0.04563594 
233 239 7 9 0.045510508 
403 253 10 12 0.045118835 
103 367 9 11 0.044939686 
327 271 8 11 0.04489455 
320 270 8 11 0.04469938 
381 244 10 12 0.04464287 
678 285 8 11 0.04445942 
121 275 9 11 0.044312134 
289 258 7 9 0.044267118 
376 262 9 12 0.04425327 
734 242 9 10 0.04415918 
695 339 14 18 0.0441553 
22 287 8 10 0.04405378 
399 217 9 11 0.043617222 
384 254 9 11 0.04327331 
287 279 8 10 0.043191995 
246 295 10 12 0.04313252 
249 286 9 10 0.042894267 
30 309 8 10 0.04280358 
437 274 11 15 0.042688172 
453 255 10 12 0.04234382 
96 264 7 9 0.04222183 
459 235 11 13 0.0421927 
761 261 9 11 0.042101532 
591 251 16 22 0.042006645 
357 317 11 15 0.04191586 
61 303 8 10 0.041792627 
135 323 9 13 0.041632872 
125 308 11 14 0.041567538 
46 320 8 10 0.041394047 
49 279 8 10 0.041383207 
26 302 9 12 0.041333877 
160 238 7 9 0.04131331 
673 246 9 11 0.040935535 
205 342 11 15 0.040877823 
137 288 9 11 0.040840283 
514 239 9 10 0.040726054 
239 294 9 11 0.040648356 
708 256 10 11 0.040582146 
169 278 8 10 0.040173814 
349 278 8 10 0.040116686 
264 265 7 9 0.040019542 
50 308 8 10 0.039967254 
97 332 9 12 0.039932847 
216 307 10 13 0.039883323 
204 392 13 19 0.03981383 
232 262 7 9 0.039786838 
222 295 8 10 0.039781418 
456 270 11 13 0.039752875 
197 279 8 10 0.03971076 
537 50 11 14 0.039648756 
31 319 8 11 0.03963931 
40 320 9 11 0.039428413 
360 256 9 12 0.03931425 
272 277 9 12 0.039205745 
289 237 8 10 0.039081857 
425 327 11 15 0.038932588 
160 232 7 9 0.038922783 
313 264 8 10 0.038915925 
381 309 12 16 0.03884159 
194 246 7 8 0.038622554 
273 285 10 13 0.038618013 
424 278 11 15 0.03856798 
688 247 9 11 0.038449742 
678 279 9 11 0.03838496 
349 231 9 10 0.038181216 
470 260 11 14 0.03801653 
101 311 11 14 0.03798367 
423 254 8 11 0.037970036 
63 262 7 9 0.03788735 
192 270 8 10 0.03786947 
677 252 8 11 0.037609585 
175 300 10 13 0.037393 
225 328 10 13 0.037376847 
730 240 8 10 0.037371196 
24 317 7 11 0.037305195 
180 352 13 15 0.037119567 
96 313 9 11 0.037107963 
303 254 8 10 0.037074782 
290 268 9 11 0.03704688 
183 320 9 12 0.036899652 
730 246 8 10 0.036804594 
199 286 8 10 0.03674008 
25 294 8 11 0.03629157 
278 312 14 17 0.03616892 
175 317 9 11 0.03611381 
62 362 10 15 0.036015723 
45 262 8 10 0.035792686 
369 235 9 11 0.035664394 
103 271 8 10 0.035575107 
391 147 15 18 0.035525456 
33 285 9 11 0.035485223 
231 291 11 12 0.035285372 
454 299 11 13 0.035267256 
137 272 9 11 0.03526666 
672 254 10 12 0.035232443 
136 303 9 12 0.035184626 
472 220 8 11 0.03490521 
472 277 9 13 0.03490389 
749 271 9 11 0.03473966 
70 379 14 19 0.034644656 
59 264 7 9 0.03463583 
697 298 9 13 0.034622576 
81 257 7 8 0.034432504 
366 307 17 19 0.034299288 
577 292 12 17 0.034249555 
22 327 9 12 0.034191307 
71 257 7 9 0.034110025 
662 239 9 10 0.034013614 
279 256 8 9 0.033965625 
311 284 9 11 0.033908673 
319 264 7 10 0.033758726 
651 332 22 28 0.03366064 
184 281 8 10 0.033630814 
513 316 11 16 0.033538956 
55 370 11 15 0.033502202 
276 297 13 16 0.033484407 
512 245 9 12 0.033459555 
122 355 11 14 0.033352185 
240 330 17 21 0.033305984 
119 255 8 9 0.033224266 
390 260 11 12 0.0330793 
56 286 8 10 0.03302652 
255 278 8 11 0.033012606 
335 230 8 10 0.032684434 
541 254 10 12 0.032622863 
965 349 11 14 0.03262042 
726 263 9 11 0.03259393 
271 265 8 9 0.03258169 
353 262 8 10 0.03258018 
236 326 13 17 0.032377135 
516 320 13 20 0.03237016 
162 270 8 10 0.03235225 
71 262 7 9 0.03232577 
168 309 11 15 0.032285858 
198 362 10 13 0.03213996 
439 209 8 10 0.03212915 
480 224 9 10 0.032113913 
55 278 8 10 0.031854227 
508 254 11 15 0.03184686 
387 313 15 18 0.03181479 
761 256 8 10 0.031758085 
463 256 10 12 0.031704657 
358 257 18 23 0.03164522 
207 310 9 11 0.03164508 
432 269 11 13 0.031552244 
48 271 8 10 0.031303372 
105 249 7 9 0.031176165 
263 269 8 10 0.031158669 
678 240 8 10 0.03111524 
345 276 9 11 0.031094132 
205 269 9 11 0.031063046 
112 262 8 11 0.031052446 
448 299 10 13 0.031044435 
58 320 7 9 0.030978752 
447 294 10 13 0.030892225 
111 250 7 8 0.03083323 
441 247 10 12 0.030830825 
721 254 8 10 0.03075739 
590 269 10 12 0.030607454 
434 285 12 14 0.030481007 
396 325 14 20 0.030455118 
327 286 8 11 0.030273326 
188 325 9 12 0.030133653 
649 271 10 12 0.030078698 
625 280 10 13 0.0300768 
74 304 7 10 0.030008608 
405 247 9 11 0.030004254 
57 295 7 10 0.029810073 
110 317 9 13 0.029777348 
448 275 11 13 0.029727038 
416 254 9 11 0.02969442 
446 214 8 10 0.02961307 
173 310 9 12 0.029522713 
163 262 7 10 0.029362092 
941 366 11 14 0.02936176 
655 256 9 11 0.029351614 
58 355 10 15 0.029347444 
358 240 8 10 0.029178714 
183 239 8 10 0.029140793 
450 230 10 12 0.029065287 
232 320 10 12 0.028968915 
421 270 10 12 0.02895335 
134 339 10 14 0.0288981 
257 264 7 9 0.028855557 
350 303 10 13 0.028854927 
478 257 19 25 0.028844781 
480 329 9 12 0.02878144 
592 28 10 12 0.028761711 
184 245 7 9 0.028744597 
77 355 10 13 0.028733656 
670 261 9 11 0.028693 
540 31 11 13 0.028672146 
287 294 10 13 0.02861586 
135 247 7 8 0.028552845 
344 304 9 11 0.02845293 
351 271 8 10 0.028273722 
133 362 13 17 0.028223725 
319 320 24 27 0.027995463 
174 327 10 13 0.027969975 
496 158 9 12 0.027956964 
175 375 18 22 0.02794776 
216 287 9 11 0.027839318 
565 257 9 10 0.027805 
216 256 7 10 0.027750429 
105 253 8 10 0.027726691 
62 270 8 11 0.027702793 
184 256 7 10 0.02767813 
424 261 9 11 0.027662093 
153 254 8 10 0.027578643 
648 286 12 13 0.027511613 
702 255 11 13 0.02748933 
527 23 8 9 0.027400931 
562 259 17 22 0.02733159 
540 36 13 16 0.02730188 
330 233 7 10 0.027275437 
535 286 11 13 0.027239604 
679 270 8 11 0.027224096 
65 289 7 10 0.027212244 
371 298 14 19 0.027083952 
198 300 10 13 0.026964813 
104 348 10 13 0.026945345 
176 245 8 9 0.026703443 
167 240 8 10 0.026686694 
345 247 8 10 0.026613235 
247 280 8 10 0.0265929 
183 269 8 10 0.026538493 
21 374 10 15 0.026492998 
202 232 6 8 0.026444506 
39 335 9 12 0.026385335 
274 246 7 9 0.026352394 
87 269 7 10 0.026284227 
365 284 10 11 0.026274351 
422 245 9 12 0.026167 
391 299 11 14 0.026145613 
173 281 19 23 0.026066726 
199 270 9 10 0.02602973 
312 295 11 14 0.026006838 
307 332 13 17 0.025981227 
703 232 10 10 0.02589107 
176 338 20 23 0.025864892 
190 319 9 11 0.025836397 
345 307 12 15 0.025807464 
367 225 8 10 0.02571581 
320 240 8 9 0.025691338 
121 241 7 8 0.025672318 
646 276 12 14 0.02561044 
598 237 8 11 0.025439512 
216 294 9 12 0.025246276 
258 270 8 11 0.025179485 
40 280 8 11 0.025119076 
269 294 22 25 0.025118321 
598 269 8 10 0.025025567 
391 329 13 16 0.025018904 
218 273 8 11 0.025007136 
535 37 10 14 0.02487503 
106 322 11 15 0.024868807 
391 246 9 12 0.024846915 
206 287 8 10 0.024826104 
707 286 10 13 0.02473477 
425 279 19 22 0.02465683 
135 388 13 16 0.024647959 
540 285 12 14 0.024632752 
87 279 8 11 0.024616264 
180 290 9 13 0.024582265 
87 318 9 12 0.024530206 
278 244 7 10 0.024427908 
94 302 8 10 0.02428501 
72 316 9 12 0.024267413 
285 286 9 11 0.024265677 
461 223 10 11 0.024246788 
111 275 8 11 0.024204819 
312 251 9 11 0.024177544 
57 351 9 12 0.024159435 
125 361 14 16 0.024157431 
361 231 9 10 0.024110692 
380 321 13 16 0.02408936 
661 200 106 114 0.023952192 
229 335 22 27 0.023926431 
718 246 10 12 0.02381939 
465 245 9 12 0.023809886 
94 274 18 23 0.02377393 
146 246 7 8 0.023766192 
355 309 12 16 0.023703521 
120 247 8 9 0.023695664 
572 263 10 12 0.023662005 
30 381 11 17 0.023567198 
128 246 7 10 0.023548147 
507 267 10 15 0.02353421 
96 254 7 9 0.02351474 
31 336 10 13 0.023477467 
149 271 9 11 0.023468 
597 28 10 12 0.023450328 
489 303 10 14 0.023439236 
715 238 11 11 0.02342625 
574 268 10 14 0.023399862 
135 241 7 8 0.023362948 
128 241 7 8 0.023361877 
182 301 9 13 0.023309777 
178 232 7 9 0.023247221 
239 262 7 9 0.02321751 
263 302 13 19 0.023189817 
125 350 20 24 0.023076726 
238 315 12 15 0.023009742 
334 287 9 12 0.022927117 
162 331 11 15 0.022901967 
629 365 14 17 0.02288202 
494 253 12 17 0.022836832 
280 262 7 9 0.022824693 
216 241 7 8 0.022813406 
206 334 10 13 0.022768779 
431 227 10 12 0.022760874 
892 328 14 18 0.022743678 
542 278 10 12 0.022729576 
167 292 9 12 0.02266676 
357 299 12 16 0.022600416 
264 240 7 9 0.02258955 
39 310 8 9 0.02256663 
511 229 11 13 0.022555336 
581 288 11 14 0.022504333 
537 248 8 10 0.022406768 
294 287 8 11 0.022393199 
183 224 7 8 0.022390919 
471 268 10 13 0.022353206 
609 262 10 11 0.022332156 
529 88 33 53 0.022321153 
306 311 20 24 0.022304298 
245 271 9 10 0.022249496 
221 287 9 11 0.022244388 
336 292 9 12 0.022220688 
361 283 10 11 0.02221342 
41 268 8 12 0.022182299 
209 257 8 9 0.022178946 
563 52 13 17 0.022178054 
345 230 8 10 0.02217034 
273 241 8 9 0.022035308 
296 247 8 10 0.022025967 
274 254 7 9 0.022023894 
636 335 29 36 0.022015145 
84 349 10 12 0.022001022 
735 292 9 11 0.021983206 
489 295 10 12 0.02196077 
485 251 12 15 0.021946883 
199 310 9 11 0.021921718 
471 284 10 15 0.021910751 
225 240 6 9 0.021896297 
346 239 7 10 0.021807736 
770 203 96 130 0.021793388 
688 302 9 11 0.02176016 
233 245 8 10 0.0216331 
510 33 9 12 0.02159056 
342 223 8 10 0.021584367 
688 335 24 29 0.021544473 
679 263 7 9 0.021540575 
102 341 10 13 0.021529695 
535 266 10 14 0.021489467 
87 256 8 9 0.021404013 
142 351 19 25 0.021363847 
395 222 9 10 0.021151418 
205 300 10 13 0.02102932 
397 268 11 14 0.021022474 
704 279 10 13 0.020975105 
141 385 13 17 0.020969097 
30 293 8 11 0.020967834 
527 39 10 13 0.020816792 
671 270 8 10 0.020740928 
79 272 7 9 0.020731973 
652 291 10 12 0.020697832 
407 229 11 13 0.020689825 
239 256 8 10 0.020674422 
88 296 7 9 0.020669451 
159 293 9 10 0.020549795 
732 217 98 111 0.020518083 
626 261 11 13 0.020514643 
594 249 9 11 0.020502925 
575 276 10 13 0.020472944 
533 50 23 28 0.02046532 
696 259 10 11 0.020451928 
263 275 10 13 0.020445254 
661 271 10 11 0.020339638 
129 230 7 9 0.02032613 
177 223 7 8 0.020323507 
456 224 10 12 0.020301165 
126 339 12 17 0.020267203 
343 287 9 12 0.020257529 
36 357 8 13 0.020229282 
317 328 15 20 0.020187177 
600 40 11 13 0.02017876 
485 247 10 12 0.0201773 
126 287 9 11 0.020167284 
334 277 8 11 0.020144425 
257 248 8 9 0.020121552 
253 316 12 14 0.020099804 
574 286 11 14 0.020044373 
559 249 8 11 0.020037426 
661 261 10 12 0.020010898 
