21_Festival_Festival_21_218
71
541 211 31 42 0.9872825 
571 193 33 50 0.9849931 
304 117 32 49 0.9718978 
949 141 39 48 0.9699411 
858 116 42 58 0.961277 
97 155 43 56 0.94944996 
318 190 30 42 0.66276664 
637 170 37 46 0.5472027 
433 255 18 19 0.40322062 
528 246 26 35 0.32069576 
785 170 58 86 0.28477517 
36 366 16 22 0.24287115 
649 181 39 57 0.19451308 
553 208 32 41 0.1789829 
797 220 35 45 0.11357203 
669 186 43 62 0.087646164 
715 147 98 106 0.07995922 
691 198 15 20 0.07679737 
469 341 54 97 0.07513739 
681 193 26 38 0.05995905 
401 231 27 33 0.05728962 
533 229 28 38 0.056702673 
473 261 17 22 0.056591604 
641 169 21 27 0.054480836 
967 144 32 38 0.054228924 
317 626 41 44 0.04752908 
419 244 14 17 0.047310177 
668 171 12 18 0.04502935 
433 239 27 30 0.043627787 
531 244 15 20 0.04335818 
466 222 37 49 0.04044949 
414 236 43 49 0.040211618 
830 244 92 125 0.03637039 
363 229 18 21 0.03488699 
322 187 22 22 0.03228884 
491 229 28 39 0.031805225 
461 230 26 37 0.031744257 
417 241 25 29 0.029880274 
36 360 41 67 0.02945392 
437 297 13 16 0.029089332 
448 231 27 34 0.027897237 
622 186 24 40 0.02741646 
190 108 46 62 0.027251411 
641 193 30 47 0.0269618 
146 194 18 21 0.02684372 
474 246 26 35 0.02598493 
460 238 16 22 0.025346832 
426 354 14 18 0.024870647 
45 40 24 34 0.024803353 
446 348 14 18 0.024636395 
288 125 36 48 0.02412339 
987 611 31 38 0.023813283 
246 71 24 31 0.02363239 
460 217 16 19 0.023054669 
506 329 16 21 0.021998828 
565 504 31 37 0.021923844 
630 171 26 35 0.021632787 
141 185 29 35 0.021538995 
986 154 17 21 0.02134693 
75 196 19 26 0.021283787 
470 289 15 20 0.02112323 
461 366 15 21 0.020972745 
79 176 31 44 0.020904582 
988 20 34 75 0.020814313 
6 367 44 66 0.020796241 
354 328 31 30 0.020609299 
461 375 15 23 0.02025894 
0 434 35 75 0.020247852 
404 246 17 21 0.020237315 
427 -1 47 43 0.0201966 
18 376 27 39 0.020116415 
