21_Festival_Festival_21_811
30
876 265 33 37 0.99791723 
95 347 35 39 0.99707794 
597 258 33 36 0.9888416 
750 264 28 31 0.6622672 
484 268 34 37 0.41992745 
774 472 64 57 0.17511365 
539 385 23 27 0.13016704 
490 444 11 15 0.052147005 
232 392 29 29 0.0511499 
781 284 11 15 0.045979153 
376 325 28 30 0.04396981 
614 264 19 23 0.04237392 
797 463 40 42 0.038072664 
761 269 25 30 0.03628458 
371 360 30 39 0.034802876 
545 379 19 22 0.031100908 
460 261 12 16 0.028908163 
777 489 36 39 0.028535726 
757 461 112 98 0.027758686 
379 366 15 19 0.027492095 
375 371 13 18 0.02667945 
369 325 44 51 0.02663579 
555 371 14 19 0.0247492 
756 514 14 14 0.024223324 
551 309 10 11 0.023458986 
534 391 16 20 0.02342579 
801 280 9 11 0.022645427 
748 508 14 15 0.022629939 
897 565 11 14 0.021811318 
554 384 17 23 0.020936472 
