21_Festival_Festival_21_193
989
204 438 35 48 0.99028987 
714 459 22 38 0.91879267 
629 440 21 34 0.8923583 
816 429 20 29 0.8243347 
44 501 46 67 0.81682676 
206 382 15 22 0.72788316 
394 458 19 36 0.6929589 
377 409 15 21 0.64765775 
333 407 17 22 0.5588457 
171 392 15 22 0.533972 
746 373 10 13 0.4999441 
236 411 20 27 0.46137312 
433 468 31 43 0.4556337 
361 374 9 12 0.43949342 
398 370 13 15 0.43459263 
599 386 12 15 0.41941133 
955 436 26 35 0.40177664 
341 366 10 12 0.37076718 
35 382 16 19 0.36752468 
326 341 9 11 0.36219046 
262 480 42 53 0.3610376 
734 359 8 10 0.33886576 
741 404 10 15 0.31588522 
974 368 10 12 0.30146363 
537 418 15 17 0.29275402 
817 374 9 11 0.29141825 
277 347 9 11 0.2833577 
303 360 9 12 0.2827011 
375 368 9 12 0.2731987 
505 348 8 11 0.27218804 
736 198 9 12 0.2691233 
360 359 9 12 0.26767185 
813 397 13 16 0.26176116 
342 351 8 10 0.26081833 
791 385 9 11 0.26020208 
340 461 24 25 0.2539289 
558 359 8 11 0.25207767 
676 375 12 14 0.24709237 
530 401 14 20 0.23614427 
531 412 14 18 0.22687562 
254 350 9 10 0.22603117 
132 380 13 19 0.22598204 
189 350 9 11 0.22510302 
48 422 23 37 0.22259107 
271 328 10 13 0.21521625 
857 426 20 30 0.21417408 
183 398 20 27 0.2125966 
658 375 9 12 0.2118928 
103 373 12 17 0.2113933 
367 351 8 10 0.21054393 
230 395 15 19 0.20483424 
932 514 29 55 0.20174973 
844 372 10 13 0.20112267 
831 354 10 13 0.19866799 
216 360 10 12 0.19781013 
598 365 8 11 0.19380443 
671 361 8 10 0.19261543 
3 368 21 30 0.18808973 
50 336 15 18 0.1854214 
993 404 16 21 0.1846754 
467 381 15 17 0.18072313 
765 381 10 12 0.18038899 
572 388 12 16 0.1797529 
776 378 10 12 0.17854792 
690 419 13 20 0.17675711 
840 451 27 36 0.17079581 
943 379 13 15 0.169686 
336 351 9 10 0.16762447 
660 380 10 13 0.16704342 
797 411 14 17 0.16575459 
312 386 11 15 0.16517778 
903 390 10 13 0.1644914 
468 432 21 26 0.16185053 
351 343 8 11 0.16175793 
385 347 9 11 0.16169327 
233 402 17 22 0.159546 
5 360 17 21 0.15747246 
870 375 12 13 0.15578896 
461 366 9 11 0.15505975 
638 388 14 17 0.15504184 
279 375 11 15 0.1546264 
261 365 10 13 0.1540801 
918 390 12 15 0.15149474 
73 322 15 17 0.15092316 
174 359 11 14 0.15067951 
854 392 11 15 0.14828648 
673 379 11 14 0.14814185 
390 347 9 11 0.14738722 
295 343 11 12 0.14735928 
462 361 8 10 0.14701088 
359 364 10 12 0.14605322 
636 436 15 25 0.14504266 
439 359 8 11 0.14385913 
260 343 9 11 0.14336312 
565 387 14 16 0.1415806 
686 357 9 11 0.1405893 
376 390 10 12 0.1403507 
945 449 39 49 0.14027655 
687 561 60 87 0.13985577 
448 350 7 9 0.13888569 
807 372 8 10 0.1387492 
569 351 8 9 0.13822918 
701 375 8 11 0.13751343 
237 349 9 10 0.1367591 
678 398 12 14 0.1364231 
200 336 8 10 0.13572896 
612 416 16 19 0.13488346 
437 373 9 11 0.13294305 
502 395 9 12 0.13159771 
868 418 15 21 0.12922308 
528 397 11 16 0.12828353 
609 364 10 12 0.12823041 
18 427 24 32 0.12762856 
725 344 7 8 0.12646113 
328 382 9 12 0.12487973 
447 382 9 12 0.12398897 
958 349 10 12 0.12373227 
626 591 45 69 0.12323446 
417 353 8 8 0.12298522 
341 373 11 13 0.12228295 
199 384 15 21 0.122250564 
864 370 11 14 0.12206423 
749 367 10 12 0.121593095 
447 363 8 11 0.121120766 
613 359 9 12 0.12111116 
711 388 12 15 0.11653733 
190 344 10 11 0.11627055 
553 358 9 11 0.11611505 
456 372 10 13 0.114996016 
496 385 11 15 0.11495625 
240 359 9 11 0.114401475 
120 323 12 14 0.112767406 
584 365 11 13 0.1122517 
730 359 8 9 0.11154857 
192 328 7 9 0.11150125 
590 402 10 15 0.11088001 
694 398 8 13 0.10928184 
651 409 13 19 0.108307734 
137 365 10 14 0.10802344 
14 515 37 46 0.107709214 
142 362 11 15 0.10659819 
630 409 14 19 0.10613561 
661 426 15 20 0.10608882 
216 349 8 10 0.10587289 
277 332 10 12 0.10510724 
780 411 11 16 0.10452842 
178 394 15 22 0.103115745 
501 389 9 13 0.10300714 
583 384 9 12 0.10195922 
317 383 11 14 0.10158527 
255 355 11 14 0.101192564 
927 381 9 11 0.10084679 
480 343 7 8 0.100787275 
560 386 13 16 0.10041528 
248 408 17 24 0.10037416 
987 356 11 13 0.100209564 
213 326 8 9 0.09982255 
469 395 15 18 0.09967996 
256 345 10 12 0.09965446 
407 342 8 10 0.099344105 
404 367 10 12 0.099006414 
939 388 15 18 0.09789609 
88 323 13 17 0.09788714 
860 391 12 14 0.09735783 
301 343 9 11 0.09735748 
350 328 8 10 0.09698483 
711 384 10 13 0.09633866 
567 372 10 13 0.09567619 
697 378 9 12 0.09543031 
409 334 8 11 0.09538091 
1014 345 8 11 0.09502763 
648 365 9 11 0.094715394 
712 613 70 69 0.09460761 
847 433 24 31 0.09455708 
731 418 17 20 0.094034255 
310 334 8 10 0.0937599 
567 367 9 11 0.09262315 
256 366 12 15 0.091971755 
267 386 13 17 0.0918241 
234 329 9 10 0.09176177 
703 360 8 10 0.090183064 
173 348 10 12 0.08986344 
936 395 13 17 0.0895897 
815 454 29 34 0.08929028 
470 350 7 9 0.08920127 
220 412 16 22 0.088959165 
239 364 10 12 0.08889227 
351 334 8 10 0.08883203 
965 359 9 11 0.0883824 
254 371 13 16 0.08794665 
675 425 17 18 0.08789857 
360 351 7 9 0.08779822 
797 343 8 11 0.08753434 
640 381 11 13 0.08731086 
351 349 8 10 0.086721964 
260 315 10 12 0.08670456 
504 365 8 11 0.08668498 
54 362 16 18 0.085800625 
219 381 12 18 0.08463738 
614 370 12 15 0.08428628 
537 394 15 18 0.08426666 
452 396 10 14 0.08414569 
803 433 24 33 0.08368832 
259 371 14 18 0.08315869 
765 387 11 12 0.08271456 
980 408 16 21 0.08228836 
578 425 16 21 0.081530295 
181 380 12 15 0.08143168 
381 367 10 12 0.08062344 
960 358 10 12 0.0806137 
961 396 10 14 0.08042706 
840 333 9 11 0.08017064 
734 411 14 18 0.0801487 
225 334 9 11 0.07981804 
310 366 10 12 0.079171695 
159 327 9 11 0.078229696 
685 398 12 15 0.07813246 
875 607 39 53 0.07799881 
102 356 10 12 0.07746313 
235 388 14 17 0.07740357 
29 428 25 33 0.07715692 
766 375 10 12 0.07706371 
807 396 13 16 0.07702912 
249 371 11 15 0.07681145 
367 390 8 11 0.07662709 
519 361 8 9 0.07658508 
190 355 9 11 0.07615024 
574 382 12 14 0.0760278 
622 394 12 17 0.07587974 
364 379 10 13 0.07567723 
401 345 7 10 0.07555579 
367 335 8 9 0.075547345 
640 376 9 10 0.075539656 
460 438 23 32 0.07542416 
466 344 6 9 0.07534838 
417 357 9 11 0.07529765 
584 349 8 10 0.07524566 
963 418 15 18 0.075032435 
960 365 9 11 0.073999174 
486 367 10 13 0.07386388 
445 388 12 16 0.07382912 
918 400 16 18 0.073790304 
572 374 11 13 0.073775604 
536 357 8 9 0.07351662 
490 355 9 11 0.07336465 
293 261 11 13 0.07325127 
590 366 10 12 0.07301301 
709 372 9 11 0.07249318 
788 441 17 24 0.07245646 
633 356 8 11 0.07205211 
874 378 12 15 0.07204694 
845 367 11 13 0.07174422 
643 436 15 23 0.07157548 
843 378 13 18 0.071277186 
488 406 11 16 0.07118529 
739 344 7 9 0.070714295 
490 427 16 24 0.070704006 
698 476 30 39 0.07060308 
206 350 8 10 0.07056394 
590 384 10 12 0.070477895 
167 362 10 14 0.070422195 
637 356 8 10 0.07038207 
790 366 9 11 0.070306376 
800 372 10 12 0.07023697 
607 408 14 18 0.070002474 
285 372 10 13 0.06962947 
662 367 9 11 0.06944237 
478 366 10 12 0.06938061 
650 359 8 11 0.069205575 
358 441 15 21 0.06918745 
782 381 10 13 0.06904446 
137 384 15 21 0.06903562 
327 395 11 15 0.06896054 
190 391 21 28 0.06873874 
797 350 9 10 0.0684347 
71 340 12 14 0.06839644 
947 417 15 18 0.068354316 
456 367 10 11 0.068245545 
78 348 13 16 0.068140514 
650 499 28 44 0.06794619 
300 394 12 15 0.067920044 
311 343 8 10 0.067867555 
414 335 8 10 0.0671401 
819 395 11 15 0.066990875 
684 435 16 20 0.066751875 
981 511 43 74 0.066539414 
417 472 33 35 0.06627276 
605 383 10 13 0.066270456 
397 396 13 17 0.06622839 
375 345 7 9 0.0660758 
342 359 9 11 0.06596617 
374 380 12 14 0.065926254 
695 358 9 11 0.06532006 
471 376 11 12 0.06531735 
294 366 10 12 0.0646196 
966 329 7 8 0.06422589 
500 383 9 12 0.06414916 
701 380 9 11 0.06413397 
399 467 27 32 0.06405477 
346 327 8 10 0.0639981 
342 378 11 13 0.06380039 
816 378 12 15 0.06369068 
375 394 11 16 0.06352783 
421 366 8 10 0.06347581 
527 373 10 13 0.0629032 
35 433 33 40 0.06268014 
509 345 8 10 0.06260981 
456 360 8 10 0.062287856 
200 350 9 11 0.06209966 
484 429 15 23 0.06144745 
957 418 13 18 0.0600142 
398 377 12 15 0.059819046 
620 402 14 20 0.059786253 
686 413 14 20 0.059660453 
437 335 8 10 0.059416387 
408 327 8 9 0.059268918 
803 410 12 17 0.058508836 
963 426 16 22 0.058503464 
812 421 15 21 0.05839779 
751 360 9 11 0.058369096 
455 345 7 9 0.05825957 
316 412 11 15 0.05825208 
962 333 8 10 0.058142208 
478 360 9 10 0.058109146 
726 376 10 11 0.058096334 
727 351 8 9 0.05800273 
761 374 9 12 0.057767406 
863 326 10 12 0.05742345 
543 500 22 36 0.056744523 
678 367 9 10 0.056734256 
270 377 13 18 0.056700416 
725 379 13 15 0.056546327 
612 403 14 18 0.056409147 
543 357 7 10 0.056072213 
165 333 9 12 0.056066845 
625 512 25 36 0.055797487 
438 381 11 15 0.0557018 
393 372 10 13 0.05565901 
159 387 24 29 0.055493392 
222 350 8 9 0.05548997 
589 425 14 20 0.05539887 
104 350 11 13 0.055381726 
228 411 17 23 0.055034492 
289 296 8 12 0.054979816 
640 445 22 33 0.05497575 
439 351 8 9 0.054975502 
345 343 9 11 0.054890815 
289 367 10 12 0.054819737 
61 370 14 17 0.0546723 
368 344 9 11 0.054435555 
782 343 8 10 0.054345008 
621 371 11 14 0.054325264 
682 352 8 10 0.054121368 
361 317 9 10 0.054026786 
385 332 9 11 0.05393862 
896 413 10 14 0.05355455 
336 372 9 13 0.05345132 
365 358 8 11 0.05327526 
776 335 7 9 0.053026136 
780 374 10 12 0.053014584 
415 366 10 11 0.052569345 
528 367 9 11 0.052549873 
720 406 10 16 0.05237448 
574 351 8 9 0.052345265 
710 367 8 10 0.05227194 
764 447 15 22 0.052183803 
512 365 9 11 0.052091766 
900 413 12 15 0.05173513 
684 389 11 13 0.051698953 
733 397 13 16 0.05166093 
759 367 8 10 0.051658653 
757 404 12 15 0.051602535 
337 511 29 32 0.051566 
354 456 16 22 0.05134401 
1012 371 10 15 0.051194053 
274 344 10 12 0.05057767 
618 409 18 24 0.050574835 
102 367 12 15 0.05026218 
289 342 8 11 0.05002993 
646 406 13 18 0.049943093 
282 379 12 16 0.0497808 
684 381 10 13 0.049761616 
422 352 7 9 0.049749456 
381 383 10 12 0.04963923 
584 360 8 10 0.04957589 
693 488 15 20 0.04953756 
968 366 10 12 0.04948188 
214 320 8 10 0.049396824 
722 345 7 9 0.04929981 
25 169 12 16 0.04917706 
52 345 15 17 0.049113013 
424 343 8 9 0.04907062 
478 234 14 19 0.048976667 
740 424 14 18 0.04890103 
785 386 11 15 0.048892792 
453 350 7 8 0.048481703 
438 364 10 12 0.048449192 
109 365 12 15 0.0483468 
391 328 8 10 0.04829405 
846 386 13 18 0.048230555 
517 364 9 12 0.048198935 
551 354 8 9 0.048153218 
806 320 8 10 0.04810661 
1007 350 10 12 0.04808731 
395 411 12 17 0.04803602 
438 386 14 17 0.047988657 
237 332 9 11 0.04796708 
184 334 8 10 0.047961507 
431 343 8 10 0.04794388 
742 359 9 11 0.047933962 
45 174 11 13 0.047690134 
796 389 12 13 0.047615696 
460 371 10 12 0.04720991 
908 389 13 15 0.047063936 
385 411 15 18 0.047057875 
700 483 14 20 0.04699294 
312 348 9 9 0.046932843 
956 426 15 22 0.04688818 
361 335 7 9 0.046832867 
497 479 21 31 0.046803735 
334 396 13 15 0.04667925 
528 391 9 13 0.046546828 
454 402 11 16 0.046502367 
302 416 14 20 0.04646518 
681 359 8 10 0.046266213 
374 350 8 10 0.046141937 
544 353 7 9 0.046139363 
713 350 8 9 0.046122916 
590 371 10 12 0.046094645 
206 343 8 10 0.046016544 
775 404 13 17 0.046011753 
773 368 10 11 0.045915093 
305 286 10 13 0.045856114 
934 333 9 10 0.045854382 
726 387 14 17 0.04580749 
380 394 15 19 0.04576497 
738 490 29 40 0.045749206 
246 365 11 15 0.045730248 
728 365 9 9 0.045727096 
317 254 9 12 0.045697283 
98 423 18 23 0.04566412 
719 360 7 9 0.045534875 
937 397 20 25 0.0454142 
61 419 22 35 0.045315746 
495 374 7 9 0.04526484 
652 442 15 20 0.045232292 
630 382 9 13 0.045172703 
278 409 13 19 0.045158993 
777 343 7 10 0.045117274 
624 382 11 13 0.04503436 
246 358 9 13 0.044979136 
773 416 16 21 0.044963606 
212 416 19 21 0.044802986 
967 350 9 11 0.044716623 
40 352 10 12 0.04449921 
550 374 8 11 0.04447045 
407 391 9 14 0.044362042 
398 349 9 9 0.04435859 
69 175 9 11 0.043842312 
18 314 14 20 0.04379584 
438 344 8 9 0.04364524 
719 469 28 34 0.043530025 
560 364 9 11 0.043400884 
632 367 7 10 0.043263413 
330 349 9 10 0.043226458 
756 435 15 21 0.04312487 
420 381 11 15 0.04308105 
318 365 11 13 0.042871244 
671 173 9 12 0.04275391 
400 360 9 10 0.04265867 
529 351 7 10 0.04264944 
599 348 9 11 0.04263703 
635 404 15 19 0.042632814 
268 393 12 16 0.042626455 
871 411 14 20 0.042476054 
310 371 11 13 0.04247095 
661 394 13 16 0.042465173 
284 388 11 14 0.04237166 
449 345 8 9 0.04236345 
287 336 8 10 0.042343844 
322 335 8 11 0.042338263 
718 349 8 9 0.04230065 
236 488 47 59 0.042270716 
157 363 12 16 0.042258367 
390 394 15 19 0.042211436 
312 406 10 15 0.042086307 
92 420 14 20 0.042032227 
577 203 10 14 0.042031113 
140 346 12 15 0.04196586 
796 384 10 11 0.04170905 
128 382 21 29 0.041689374 
45 347 13 17 0.0414091 
270 470 33 39 0.04135403 
75 331 13 15 0.041099016 
330 396 21 26 0.041096535 
534 391 12 15 0.04098974 
474 385 15 19 0.04098158 
808 466 29 33 0.04093468 
358 344 8 10 0.040921368 
670 387 12 16 0.040874306 
332 380 12 14 0.040783517 
243 413 24 32 0.04073138 
668 433 14 18 0.040607404 
526 381 10 12 0.040518247 
703 366 9 10 0.04035318 
968 434 18 24 0.0403271 
215 375 12 15 0.040276706 
20 440 34 39 0.040233377 
339 398 14 15 0.04021465 
57 356 15 18 0.040199477 
183 343 9 12 0.040165357 
661 350 8 9 0.040074613 
677 388 14 16 0.039894868 
168 342 9 13 0.039548036 
192 403 18 24 0.03934673 
945 523 41 59 0.039320335 
993 414 22 27 0.039208923 
573 367 9 11 0.039105557 
391 366 9 12 0.039039757 
677 174 10 12 0.03894545 
836 357 11 12 0.038940113 
472 365 9 11 0.038863692 
583 371 12 13 0.038786832 
884 393 13 18 0.038550775 
871 405 13 16 0.038272727 
1013 411 10 15 0.03826605 
246 334 8 10 0.038264327 
757 360 8 11 0.038124785 
682 533 53 77 0.038076255 
189 389 12 17 0.038066592 
725 404 13 17 0.03800304 
232 357 10 12 0.037875954 
429 396 14 19 0.037688863 
11 313 15 22 0.037354693 
433 336 8 9 0.037345964 
353 359 8 11 0.03732604 
415 342 7 9 0.03730784 
421 373 9 12 0.037129845 
0 378 13 21 0.037083622 
1002 411 15 17 0.0369765 
687 364 9 10 0.036971908 
598 402 13 18 0.036970813 
149 361 14 18 0.036943752 
303 291 12 15 0.036792953 
953 350 7 11 0.036776487 
317 372 12 14 0.036641937 
126 338 10 13 0.03659713 
414 388 11 14 0.0364868 
322 341 8 11 0.036480673 
800 357 9 11 0.036458712 
510 373 10 12 0.036452644 
405 403 11 15 0.0364362 
542 365 9 11 0.036414493 
731 482 27 38 0.036335845 
62 338 11 16 0.036247093 
303 370 12 15 0.036183205 
851 418 17 22 0.0359411 
1005 364 12 15 0.0359033 
475 402 16 18 0.035855643 
935 381 10 13 0.035809487 
933 453 27 37 0.035723433 
861 420 16 23 0.0357154 
363 434 15 21 0.035643294 
326 365 9 12 0.0356339 
433 352 8 9 0.035605993 
774 349 9 12 0.03557546 
756 428 13 18 0.035558295 
542 376 10 10 0.03547618 
727 339 8 9 0.035409622 
279 441 26 32 0.035402082 
588 441 15 26 0.035388265 
946 386 14 16 0.03537477 
69 333 22 26 0.03536507 
944 367 8 10 0.03529998 
327 405 14 19 0.03529266 
934 364 10 11 0.03517354 
606 350 8 9 0.035140466 
996 443 27 35 0.035104398 
337 357 10 12 0.03499786 
27 501 36 56 0.034976278 
749 403 11 16 0.03488532 
962 328 7 10 0.034863714 
573 486 22 28 0.034854993 
793 343 8 10 0.034853738 
952 359 8 10 0.034852423 
248 496 58 72 0.034799837 
923 410 14 17 0.03470851 
1009 345 9 11 0.034689344 
477 471 16 22 0.03463803 
660 411 13 17 0.034413833 
238 344 9 12 0.034232665 
710 455 16 30 0.034225225 
328 376 10 12 0.034223013 
369 329 8 10 0.034138113 
896 389 11 15 0.034122925 
0 126 24 36 0.03407315 
711 360 8 9 0.03400613 
88 311 20 28 0.03400267 
696 367 8 10 0.033992942 
979 372 11 13 0.033950854 
671 395 12 16 0.033572298 
388 403 15 19 0.033518773 
438 328 8 9 0.03350857 
652 457 17 25 0.033498973 
735 352 9 10 0.033468246 
327 386 11 15 0.033449434 
1004 356 12 15 0.03344886 
878 365 9 11 0.033413865 
739 444 16 20 0.033383176 
534 366 9 11 0.033344354 
705 352 7 9 0.033283953 
668 420 16 20 0.033200536 
409 320 8 10 0.03309724 
421 387 11 15 0.03301635 
791 373 10 12 0.032875407 
651 412 20 26 0.032856423 
51 368 16 18 0.032725073 
638 428 13 18 0.03272078 
737 228 11 15 0.032611977 
753 469 31 39 0.032600526 
638 368 9 10 0.032545127 
790 416 14 18 0.03246539 
108 358 11 12 0.03245509 
503 375 9 10 0.032434296 
799 394 13 18 0.03239255 
382 360 10 11 0.03219846 
66 378 14 18 0.03202012 
894 428 12 16 0.0319931 
306 252 10 12 0.031945787 
208 357 9 13 0.031933732 
199 320 8 10 0.031917226 
153 325 10 11 0.03177837 
818 401 15 18 0.03175627 
868 367 11 13 0.031715944 
208 423 28 34 0.031708125 
911 335 9 10 0.03163882 
815 369 9 11 0.031629115 
806 358 9 11 0.031448912 
671 402 13 17 0.031436555 
69 365 14 17 0.031409428 
265 326 10 12 0.03138707 
375 327 8 10 0.031337757 
655 395 12 16 0.03129449 
51 417 16 25 0.031292833 
471 345 6 9 0.03127827 
376 360 8 10 0.031217277 
921 385 9 11 0.03120126 
276 453 30 37 0.03117062 
624 358 9 11 0.031169638 
338 442 16 20 0.031132206 
893 374 11 13 0.031117918 
927 343 9 10 0.031032423 
541 380 11 13 0.031013696 
646 375 8 10 0.030905368 
270 439 24 26 0.030903276 
900 463 27 33 0.030629493 
223 405 14 18 0.0306023 
869 387 12 16 0.030599374 
345 334 9 11 0.030593121 
735 375 9 11 0.030504769 
613 379 11 14 0.030503305 
368 406 19 25 0.03049125 
977 447 18 23 0.030478345 
431 193 13 17 0.03044339 
339 451 17 20 0.030411348 
995 500 27 54 0.030352537 
536 380 10 13 0.030182019 
560 354 8 10 0.030154934 
199 357 9 11 0.030150605 
318 351 8 9 0.030132273 
988 411 17 24 0.030114956 
850 399 22 27 0.03002973 
743 369 17 22 0.029963963 
748 426 13 18 0.029874625 
695 353 8 10 0.029827096 
442 478 18 26 0.029689984 
863 378 13 16 0.029622534 
597 394 14 17 0.02956125 
279 384 12 17 0.029514242 
361 388 11 13 0.02943424 
30 444 46 59 0.029429695 
707 480 15 22 0.02942444 
351 319 8 10 0.02941912 
854 364 11 15 0.029405054 
77 364 14 17 0.029380525 
952 365 8 10 0.029374635 
583 397 12 16 0.029374065 
832 439 28 31 0.029367963 
664 359 9 11 0.029317511 
175 380 13 17 0.0292887 
912 515 41 65 0.029187305 
960 317 7 9 0.029149856 
668 412 15 18 0.029074999 
944 351 9 10 0.029068077 
923 449 23 29 0.029041937 
336 359 19 24 0.028984388 
287 326 9 11 0.028954634 
391 380 11 13 0.028813876 
328 269 8 11 0.02876329 
968 444 19 26 0.028758978 
507 431 17 24 0.028745858 
888 380 9 12 0.028728958 
595 420 13 19 0.028638035 
959 391 11 14 0.028568018 
709 409 14 18 0.028553288 
629 394 13 17 0.028547907 
236 370 13 17 0.028540306 
974 348 8 11 0.028526342 
82 420 23 31 0.028467812 
367 395 10 13 0.028305601 
529 357 7 10 0.028299546 
769 350 9 11 0.028258463 
85 366 11 14 0.028213078 
943 343 9 11 0.028166741 
120 608 33 43 0.028127441 
287 359 10 12 0.028050503 
593 361 8 10 0.028015256 
303 381 10 13 0.027978444 
312 253 9 12 0.027965698 
687 344 8 8 0.027865756 
790 483 28 39 0.027844138 
740 235 9 12 0.027831078 
817 440 29 34 0.027726442 
351 374 9 12 0.027664851 
367 501 23 31 0.02762922 
398 389 13 17 0.027607583 
224 329 8 11 0.027604027 
275 496 37 47 0.027475486 
423 396 11 16 0.02735064 
751 352 9 10 0.027298246 
437 415 15 22 0.027293777 
236 381 14 16 0.027255269 
765 403 13 16 0.027226985 
155 396 19 21 0.027219722 
959 371 10 12 0.02714411 
136 342 22 26 0.0271301 
655 367 9 11 0.027102727 
53 326 11 16 0.027092064 
969 410 21 25 0.027077906 
413 396 11 14 0.027059846 
509 380 13 15 0.026913296 
690 440 15 20 0.026877854 
675 412 16 20 0.026852567 
451 378 12 15 0.02684641 
45 372 16 18 0.026832735 
554 519 27 36 0.02683034 
767 367 10 12 0.026791627 
940 410 18 20 0.02672931 
499 430 17 24 0.02670295 
615 352 8 10 0.026696326 
297 360 10 11 0.026680557 
548 396 11 16 0.026674831 
704 484 33 46 0.026637787 
264 332 10 13 0.026627617 
457 336 6 8 0.02661539 
325 415 15 21 0.026581794 
258 253 10 12 0.026560104 
535 375 9 11 0.026558079 
785 357 9 11 0.026552934 
65 311 22 30 0.026527833 
136 357 11 14 0.026495142 
40 466 50 76 0.026493806 
643 395 12 16 0.026486417 
303 280 9 12 0.026329057 
790 358 9 11 0.02631932 
488 342 7 9 0.026266422 
224 318 9 10 0.02621419 
406 359 9 10 0.026134234 
477 372 10 12 0.026118599 
624 350 9 12 0.02608616 
705 343 8 9 0.026077734 
941 423 16 19 0.026046941 
356 505 28 33 0.025966093 
678 195 12 15 0.025936894 
975 343 9 11 0.025911871 
319 324 9 12 0.02590125 
186 329 9 11 0.025859125 
743 351 8 10 0.025846649 
351 364 9 12 0.025763385 
15 223 10 11 0.025668794 
376 319 8 9 0.02562897 
444 456 25 40 0.025609454 
121 329 21 26 0.025570022 
635 507 26 41 0.02554727 
868 396 13 17 0.025485914 
782 397 10 14 0.025470488 
675 433 18 20 0.025441824 
779 466 16 19 0.025427159 
448 336 7 8 0.025424248 
60 348 12 16 0.025374044 
845 427 17 21 0.025317742 
474 448 16 20 0.025311925 
260 374 20 24 0.025293102 
84 379 15 19 0.025216462 
368 444 21 34 0.025212435 
800 566 53 80 0.025127139 
136 340 11 16 0.025110362 
772 385 14 16 0.025099367 
960 313 7 9 0.025082583 
609 370 11 15 0.025070164 
774 358 8 11 0.025042973 
894 381 10 13 0.025041793 
732 379 10 14 0.025030531 
784 423 23 27 0.025018955 
673 334 8 10 0.024969522 
2 520 37 54 0.024947805 
326 235 9 12 0.024947263 
1002 351 9 11 0.024880728 
780 444 20 29 0.02487245 
641 343 8 10 0.02487211 
985 353 10 11 0.02486053 
834 333 9 11 0.024844108 
315 408 18 26 0.024841303 
183 357 10 12 0.0247776 
630 373 9 12 0.02475881 
747 432 20 26 0.024741909 
704 388 11 14 0.024724249 
623 446 17 26 0.024681276 
397 418 13 16 0.024618618 
809 345 8 10 0.024606828 
294 395 13 15 0.024601713 
439 422 23 30 0.024511479 
718 383 10 13 0.024444038 
991 343 8 10 0.024441145 
248 343 8 11 0.024434524 
495 394 12 16 0.024317184 
544 205 10 14 0.024291316 
463 396 13 17 0.024223125 
1011 355 12 16 0.024199903 
972 463 31 36 0.024178078 
1012 379 11 15 0.024174213 
781 424 13 18 0.024164375 
367 318 9 11 0.024161417 
84 373 12 15 0.02414621 
802 318 8 11 0.024143655 
723 441 15 19 0.024114652 
296 267 10 12 0.024098078 
766 412 14 16 0.024093837 
854 391 21 24 0.024062064 
-4 492 47 67 0.024057027 
541 211 12 15 0.024045901 
517 388 12 13 0.023834461 
946 422 21 27 0.023833908 
860 452 27 37 0.02380995 
782 349 9 11 0.023766743 
424 454 27 41 0.023764504 
464 337 7 8 0.023760632 
407 349 8 10 0.023694163 
799 337 9 10 0.023683138 
191 334 9 11 0.023650948 
838 383 14 19 0.023582116 
876 387 14 19 0.023542594 
784 367 9 11 0.023523215 
646 427 12 18 0.023506563 
535 491 24 36 0.023484627 
737 337 7 10 0.023452703 
744 337 7 10 0.023432264 
605 423 16 21 0.023417437 
999 456 27 40 0.023385622 
432 381 10 14 0.023318842 
549 380 11 14 0.02328462 
206 375 12 16 0.023269644 
300 269 10 11 0.023264648 
919 333 8 10 0.023254648 
19 356 12 16 0.023248963 
635 415 16 19 0.023246862 
911 441 26 31 0.023230413 
206 335 9 11 0.02322822 
79 377 13 18 0.02319322 
652 424 21 26 0.023180764 
367 366 9 12 0.023149833 
180 365 11 13 0.023124252 
44 431 19 25 0.023068009 
71 154 10 14 0.023056827 
308 425 13 19 0.023031823 
140 370 14 18 0.0230314 
45 326 12 13 0.023009041 
290 435 18 22 0.022976534 
550 452 22 28 0.022956274 
335 318 8 11 0.022949554 
494 367 9 12 0.022933174 
783 337 7 9 0.022909814 
148 339 13 16 0.022891551 
836 351 10 13 0.022841528 
686 483 15 19 0.022758743 
973 382 13 15 0.022758223 
588 398 18 25 0.02272857 
232 343 9 12 0.022672817 
712 345 8 10 0.022640405 
859 410 14 19 0.022561083 
784 435 13 18 0.022557465 
269 367 10 12 0.02254799 
814 343 8 11 0.022536073 
80 321 22 27 0.022486398 
317 393 12 16 0.022482233 
654 351 9 10 0.022452103 
725 409 20 26 0.022447046 
809 325 8 11 0.022428019 
250 349 8 12 0.022410529 
296 422 21 29 0.022402946 
790 405 12 17 0.022324478 
549 387 12 17 0.022268718 
643 556 78 105 0.022234486 
125 62 13 16 0.022228878 
654 369 18 22 0.022177326 
592 359 19 24 0.022138307 
566 358 9 11 0.022131393 
300 354 18 23 0.022090893 
911 402 11 15 0.02206353 
357 353 19 24 0.022027772 
957 401 12 16 0.021981096 
338 434 15 19 0.021972824 
305 336 8 9 0.021941531 
787 452 18 24 0.0219268 
86 413 13 19 0.021905446 
239 474 34 41 0.02186218 
719 365 8 10 0.021850659 
853 381 11 15 0.02182856 
269 411 14 21 0.021744942 
569 346 8 9 0.02167505 
982 397 12 16 0.021614823 
150 392 16 21 0.021534994 
361 447 15 25 0.021514622 
814 327 8 10 0.02144581 
318 359 10 12 0.02139108 
934 341 10 11 0.021389509 
389 448 16 29 0.021373833 
447 375 10 12 0.02137193 
730 352 18 24 0.021350881 
244 397 12 17 0.021331923 
877 395 20 27 0.021330332 
291 299 11 14 0.0213201 
0 334 11 15 0.021314142 
578 492 23 35 0.021304345 
430 387 13 16 0.021298615 
78 154 13 18 0.02126494 
309 359 10 13 0.021242402 
419 441 24 34 0.021224488 
558 393 13 17 0.021182392 
751 345 7 8 0.021171527 
254 396 13 17 0.021141617 
945 356 9 12 0.021137858 
458 354 20 23 0.02112295 
561 373 10 13 0.021093622 
900 403 13 17 0.021006178 
448 425 22 32 0.020967275 
810 479 18 22 0.020948702 
893 419 14 18 0.020944772 
79 251 11 15 0.020919522 
257 463 35 40 0.020879915 
11 350 14 16 0.020829936 
737 480 17 22 0.020811504 
197 365 11 13 0.020808822 
56 341 21 27 0.020808613 
485 387 11 16 0.020803625 
197 406 24 28 0.020785177 
73 508 31 43 0.020776188 
996 427 24 35 0.020742208 
415 373 11 13 0.02073437 
495 342 8 10 0.020682001 
95 364 10 14 0.020679751 
237 455 16 22 0.020664923 
317 434 15 17 0.020656558 
574 430 16 23 0.020598741 
689 475 24 32 0.020558776 
209 364 10 13 0.02055282 
792 434 19 24 0.020547727 
531 245 13 14 0.02053762 
123 397 17 21 0.020526206 
432 328 9 9 0.020510988 
223 343 9 11 0.020453727 
773 327 8 10 0.020384762 
510 388 12 14 0.020247249 
47 364 15 18 0.02024594 
701 394 12 16 0.020245904 
958 466 36 40 0.020244123 
399 399 19 26 0.020200783 
20 383 14 20 0.02019911 
446 570 49 63 0.020158501 
593 349 9 10 0.020147266 
10 371 23 30 0.02013913 
50 377 15 18 0.02010117 
831 363 10 12 0.020057196 
282 427 17 19 0.020040859 
677 335 8 9 0.02004029 
230 319 9 11 0.020040095 
725 423 16 20 0.020016626 
580 448 24 30 0.02001477 
708 385 19 24 0.020005636 
