21_Festival_Festival_21_254
53
494 234 97 124 0.99992645 
227 365 56 71 0.99593794 
47 506 21 26 0.7084243 
213 494 28 36 0.6901466 
718 497 19 27 0.26559788 
1 519 16 24 0.25131947 
622 163 44 52 0.14504553 
318 281 15 20 0.07964362 
716 508 16 24 0.07138792 
90 275 31 38 0.06972382 
901 283 15 19 0.06892343 
789 534 11 14 0.056323603 
756 512 12 17 0.055140823 
170 487 25 27 0.054652724 
788 540 12 17 0.047655065 
749 508 14 20 0.04662639 
742 508 13 18 0.04625373 
369 415 51 80 0.04472147 
227 512 200 307 0.040023383 
90 97 18 22 0.035588037 
5 574 22 35 0.035572983 
978 258 15 18 0.032754477 
34 511 26 33 0.030869948 
442 1120 32 44 0.030194322 
629 164 13 16 0.029626803 
957 325 53 68 0.02956842 
146 265 29 33 0.02860692 
1006 243 13 16 0.02847488 
11 527 15 20 0.028284512 
924 281 14 21 0.028181106 
871 351 16 19 0.02816647 
1 508 15 18 0.028081192 
749 183 15 20 0.027088396 
908 277 24 30 0.02644287 
1004 249 20 33 0.025797276 
202 233 24 27 0.025179967 
528 764 31 41 0.023878314 
624 158 29 35 0.023194429 
975 262 24 32 0.023089474 
345 562 348 494 0.022734003 
973 341 31 34 0.022527348 
731 505 16 20 0.022401892 
211 490 20 24 0.021627972 
607 144 49 60 0.021574318 
896 263 27 32 0.021216609 
163 495 30 30 0.021101043 
684 532 13 16 0.021000043 
767 514 11 16 0.020883864 
470 1350 12 13 0.020785654 
762 451 14 17 0.020616222 
613 143 27 36 0.020529222 
44 501 18 22 0.020272491 
52 535 23 30 0.020221313 
