21_Festival_Festival_21_373
249
78 183 38 49 0.99695635 
872 181 16 20 0.9777735 
833 171 16 22 0.8822722 
605 214 12 15 0.87221646 
933 166 19 22 0.8092051 
551 218 15 22 0.7446326 
683 221 13 16 0.73986346 
397 243 31 30 0.7065932 
398 202 22 28 0.6901068 
809 248 18 21 0.6691224 
746 189 9 12 0.6285581 
799 188 11 14 0.5666732 
860 218 19 20 0.49604356 
727 187 8 10 0.49163666 
645 209 15 23 0.45506868 
565 191 9 12 0.44190577 
494 243 17 19 0.34651524 
600 270 23 29 0.32805678 
492 257 17 21 0.31886747 
601 191 9 11 0.3156346 
542 204 11 14 0.31306118 
526 220 11 17 0.25974807 
582 181 8 10 0.24877869 
842 179 15 18 0.2064442 
645 191 8 11 0.20525578 
402 256 20 21 0.18420129 
783 202 11 15 0.15746146 
38 196 10 11 0.15533885 
406 207 28 33 0.14142804 
745 186 8 11 0.13966548 
509 205 11 14 0.13647722 
532 217 13 19 0.1354759 
605 364 12 14 0.13333885 
655 275 10 11 0.12468557 
728 246 10 13 0.11751917 
590 236 10 12 0.116114475 
612 236 12 15 0.11545983 
472 265 15 21 0.11470521 
710 182 8 10 0.113862716 
595 268 19 23 0.11093594 
656 291 10 12 0.10308424 
630 288 12 15 0.102162994 
644 195 10 14 0.10097109 
541 210 14 20 0.09615866 
533 274 17 20 0.08722308 
438 195 14 17 0.087207034 
734 184 8 10 0.084642865 
538 268 13 16 0.08394354 
817 182 9 12 0.08285258 
366 190 12 16 0.08204853 
516 189 10 11 0.08147311 
787 204 12 15 0.0810255 
694 197 8 9 0.08055501 
792 228 10 13 0.079770714 
558 255 14 17 0.074252315 
749 205 9 12 0.071210235 
608 217 13 16 0.070032254 
603 286 17 21 0.06998309 
808 223 12 15 0.069671445 
551 190 9 11 0.06813342 
853 224 19 19 0.066125356 
576 197 12 14 0.06471261 
745 194 10 13 0.064085364 
673 200 7 9 0.064032786 
578 201 17 22 0.06374703 
480 184 9 12 0.063175276 
718 214 9 12 0.06300894 
582 403 15 16 0.061469894 
487 188 9 10 0.06088244 
718 267 10 12 0.057379525 
824 179 12 16 0.05611685 
535 89 8 11 0.05596602 
851 184 12 17 0.05594403 
601 185 8 10 0.055841666 
5 197 9 13 0.055470288 
530 92 8 11 0.055245884 
377 283 33 43 0.055188198 
654 190 9 11 0.052627254 
575 245 11 14 0.052180257 
420 210 16 20 0.051631197 
777 204 10 13 0.051377494 
561 307 17 21 0.050823886 
729 238 9 13 0.050643682 
587 265 18 23 0.050427746 
505 79 7 8 0.049750183 
461 183 8 11 0.04798051 
693 214 10 12 0.04795432 
389 205 16 22 0.047813687 
429 204 14 19 0.047681555 
696 193 7 10 0.046877366 
548 196 11 14 0.046711884 
65 199 10 13 0.046360493 
2 191 8 11 0.04590146 
555 234 15 19 0.04569981 
576 175 9 11 0.044090904 
691 197 8 10 0.043431323 
706 184 7 9 0.042912416 
0 30 8 14 0.042054575 
719 231 8 10 0.041864846 
679 216 11 14 0.04179174 
586 202 16 21 0.041315142 
689 182 8 10 0.04075866 
689 192 8 10 0.040319763 
678 191 8 10 0.040252827 
408 227 27 32 0.04006584 
584 237 10 14 0.040059455 
706 255 9 12 0.03999645 
664 198 9 11 0.039012585 
710 320 11 13 0.038014807 
611 274 21 29 0.037951842 
601 175 9 10 0.03715976 
526 275 15 19 0.03698215 
32 199 9 11 0.036581405 
636 174 9 11 0.03622851 
552 241 14 17 0.036138713 
513 184 9 11 0.03585341 
793 187 12 14 0.035687312 
742 186 18 22 0.03562625 
721 220 9 12 0.03557913 
803 183 10 13 0.035072703 
702 260 10 14 0.03491645 
468 327 13 19 0.033994164 
495 87 7 9 0.03367647 
517 183 9 11 0.03352566 
773 180 10 12 0.032784373 
849 171 14 17 0.032742083 
640 217 15 18 0.032697987 
544 88 8 10 0.032624207 
390 250 29 31 0.032594334 
759 216 10 12 0.032519072 
621 202 13 16 0.032356635 
920 215 11 14 0.032347977 
596 229 12 16 0.031629544 
621 323 11 14 0.031488236 
563 234 12 18 0.031399067 
7 202 9 13 0.030953152 
496 183 8 10 0.030905876 
804 221 21 29 0.030397935 
933 182 14 18 0.030396435 
713 212 10 14 0.030293453 
515 197 12 15 0.030240742 
487 102 8 9 0.030106854 
664 205 10 13 0.029888945 
537 204 11 15 0.029857045 
677 198 8 10 0.029824046 
751 219 10 14 0.029689096 
679 207 9 11 0.029586677 
553 242 21 27 0.029499495 
638 243 10 14 0.02933015 
627 189 11 13 0.028875869 
562 225 13 18 0.02863289 
944 168 15 20 0.028384024 
662 192 8 10 0.028311413 
889 646 9 11 0.027910482 
909 203 11 14 0.027862811 
502 182 8 11 0.027776085 
362 189 22 26 0.027695153 
623 184 10 11 0.027252655 
641 202 14 21 0.027162274 
727 231 9 12 0.027109304 
568 172 10 12 0.026956607 
837 183 22 28 0.026914978 
566 185 10 12 0.026914658 
681 271 9 12 0.026914034 
354 180 436 482 0.026911996 
542 221 17 21 0.026855709 
621 189 13 15 0.026479898 
695 182 8 10 0.026398225 
637 335 9 11 0.026385289 
393 177 10 11 0.026382044 
640 184 8 10 0.026315296 
788 317 23 29 0.02593188 
808 237 43 49 0.02574454 
928 140 10 12 0.02559412 
711 177 8 10 0.02556272 
485 262 17 21 0.025244074 
575 239 10 14 0.025118368 
687 206 10 12 0.025058644 
643 223 15 17 0.024931379 
503 208 14 18 0.024920527 
732 334 11 12 0.024790969 
397 260 27 34 0.024727676 
693 206 10 12 0.024497477 
782 142 9 11 0.024441808 
759 204 10 12 0.024356863 
570 372 18 21 0.024342827 
1006 124 12 16 0.024241488 
603 196 10 14 0.024094798 
638 583 10 11 0.024029657 
471 184 8 10 0.024027577 
812 235 17 22 0.023968916 
660 276 10 12 0.023856472 
404 268 16 21 0.023798501 
629 184 10 11 0.023565248 
582 260 15 19 0.023465205 
607 252 11 14 0.023389673 
734 213 8 11 0.023359485 
649 276 11 13 0.023336876 
574 189 10 13 0.023281634 
835 251 16 20 0.023264233 
722 188 9 11 0.023255741 
605 155 10 13 0.023245998 
45 198 9 11 0.023129383 
705 245 9 12 0.023073541 
416 243 15 18 0.022973036 
497 81 7 8 0.02296539 
703 190 7 9 0.022883212 
783 191 11 13 0.02264743 
713 230 9 12 0.022643957 
410 263 14 18 0.022568505 
592 167 8 11 0.022500621 
725 222 8 11 0.022325004 
328 146 31 36 0.022228206 
448 608 9 11 0.022143913 
567 45 8 10 0.021948373 
606 227 14 18 0.0218285 
560 185 19 23 0.021771843 
605 261 13 15 0.021711605 
829 197 13 17 0.021608347 
117 195 14 20 0.021515936 
722 184 8 10 0.021503286 
681 244 10 13 0.021437712 
456 175 9 11 0.021250686 
416 215 26 33 0.021203611 
728 197 10 12 0.021131894 
616 190 11 14 0.021089004 
670 204 9 12 0.0210874 
431 253 11 15 0.021055367 
697 395 10 13 0.021046467 
733 205 9 11 0.021027828 
788 197 13 16 0.020754455 
541 240 13 18 0.02074646 
763 197 12 14 0.020698205 
14 200 8 11 0.02052896 
34 192 10 11 0.02050095 
598 503 10 12 0.020481478 
719 235 10 13 0.020472419 
393 220 31 39 0.02042 
262 20 10 13 0.020399464 
821 246 27 30 0.020387562 
567 30 8 9 0.020367632 
654 184 9 12 0.02033616 
570 244 20 26 0.020229507 
487 252 15 20 0.02018755 
763 244 13 16 0.020128187 
596 263 15 17 0.020107282 
614 308 10 13 0.020050256 
492 188 9 11 0.020043492 
508 95 112 148 0.020009685 
