21_Festival_Festival_21_107
365
180 221 57 69 0.70012784 
597 188 44 54 0.6823943 
845 189 17 22 0.5447715 
1000 192 16 18 0.48320594 
942 262 20 26 0.44675717 
999 256 16 22 0.41890183 
603 243 44 55 0.41364047 
789 200 27 33 0.37833276 
920 185 17 21 0.32440934 
837 259 23 26 0.27995256 
476 199 49 60 0.27224165 
952 206 10 13 0.23476525 
948 188 12 14 0.21092752 
981 237 15 18 0.20512125 
908 173 11 14 0.1888419 
928 266 21 26 0.178874 
965 196 12 15 0.17555232 
743 274 21 26 0.17548823 
970 217 13 16 0.17079754 
706 326 18 21 0.16382492 
690 226 31 39 0.16326673 
781 176 13 16 0.16180678 
917 238 14 17 0.16063716 
906 179 12 15 0.15399797 
970 256 16 19 0.14606771 
636 264 29 42 0.14497267 
964 237 12 15 0.14491378 
301 127 12 15 0.14277215 
966 270 12 17 0.12971029 
967 212 12 15 0.12292705 
197 530 46 59 0.11752662 
942 235 13 15 0.11530059 
956 208 13 17 0.1128771 
846 236 16 22 0.11227242 
827 227 17 20 0.1103073 
974 197 11 14 0.110197425 
1001 282 12 16 0.10725978 
654 275 27 37 0.105117515 
927 258 15 18 0.103295125 
198 109 13 17 0.10307713 
948 195 11 14 0.10188215 
862 218 14 18 0.10047159 
962 243 14 18 0.09877695 
564 226 26 33 0.09741893 
862 155 16 18 0.0941935 
966 249 15 18 0.09339294 
881 181 11 14 0.093225196 
832 368 13 16 0.0922814 
965 203 12 15 0.090186656 
904 186 11 15 0.08896314 
1010 260 10 15 0.08788446 
779 280 23 31 0.08687735 
975 204 11 14 0.08538303 
979 199 10 13 0.083968714 
400 366 37 48 0.082631215 
297 127 20 25 0.08069464 
898 154 17 20 0.08012742 
957 163 12 13 0.07963112 
726 315 15 23 0.075785026 
987 226 13 16 0.075115226 
87 243 54 75 0.07468314 
940 220 13 15 0.07389636 
785 172 14 17 0.07347749 
318 415 30 37 0.07209805 
938 228 15 18 0.069946036 
991 215 11 13 0.06895633 
1004 183 11 12 0.06821071 
1014 276 10 16 0.06594537 
907 212 14 18 0.06538184 
883 185 13 15 0.065156356 
990 220 13 16 0.06449385 
337 130 24 28 0.0642276 
778 237 16 21 0.064203195 
902 217 15 18 0.0639199 
1014 157 9 14 0.06391038 
1014 163 9 14 0.06290721 
240 105 15 20 0.062727556 
972 243 15 18 0.0620026 
816 201 13 20 0.061592024 
842 315 16 18 0.061379526 
1012 215 9 12 0.061244275 
761 336 15 21 0.059099536 
819 218 13 17 0.058681007 
14 77 11 16 0.058642242 
941 242 15 17 0.057286244 
0 152 12 21 0.057249743 
1012 238 9 13 0.057045203 
140 539 40 47 0.056533843 
708 371 22 28 0.05626042 
94 122 13 16 0.056206312 
1005 242 14 17 0.055741172 
752 331 22 31 0.055526298 
947 252 15 19 0.054987047 
801 164 12 14 0.05398782 
763 572 13 15 0.053857107 
367 476 15 18 0.05362978 
891 273 15 18 0.05362027 
932 292 15 19 0.05347959 
176 83 90 120 0.05295495 
894 161 15 18 0.052909844 
1006 176 9 11 0.052236453 
925 212 12 15 0.052219078 
50 132 16 19 0.051347304 
1001 236 10 14 0.05115608 
969 265 15 18 0.051040057 
789 340 14 20 0.049795847 
586 236 44 54 0.048738424 
768 329 27 32 0.048395187 
920 244 16 17 0.04831607 
560 222 43 52 0.04818147 
1013 268 10 15 0.04749634 
859 201 13 17 0.047336843 
180 520 23 35 0.047085706 
1004 218 13 14 0.046964526 
812 238 13 15 0.046887495 
876 243 18 21 0.046244826 
609 279 38 49 0.045960225 
987 242 12 16 0.045841843 
833 155 18 21 0.04512019 
679 284 24 31 0.04501838 
878 509 11 12 0.045007948 
954 267 15 19 0.0444352 
990 264 14 19 0.044299692 
561 194 46 52 0.043562 
925 203 13 16 0.043449193 
598 228 40 45 0.042956516 
723 242 23 30 0.042814713 
287 133 10 13 0.042415507 
667 287 26 34 0.042269915 
940 172 11 13 0.04203023 
942 250 14 17 0.042004142 
858 282 18 21 0.04183114 
702 300 14 17 0.04159002 
670 66 93 112 0.04146583 
319 114 14 17 0.04122589 
844 245 24 28 0.041092135 
933 171 12 14 0.040590066 
819 254 16 19 0.040032502 
691 291 14 19 0.039971698 
995 219 14 16 0.039731365 
69 421 38 32 0.039472584 
975 288 15 18 0.039455067 
831 293 14 19 0.03932051 
867 282 15 19 0.039119888 
888 220 12 15 0.0389865 
811 211 20 28 0.03874901 
1014 171 10 13 0.03813713 
951 157 11 14 0.038057152 
886 196 13 15 0.037912592 
829 254 21 27 0.037843764 
997 227 14 17 0.03758155 
869 172 12 13 0.03754321 
726 228 26 35 0.0369856 
926 172 15 16 0.03675653 
818 297 22 29 0.036595184 
704 283 13 16 0.03659132 
919 267 21 28 0.03657669 
971 275 12 14 0.036095485 
924 292 16 22 0.03572011 
805 169 14 18 0.035525393 
55 6 40 53 0.035506852 
300 119 11 13 0.03537028 
795 335 14 20 0.035307042 
222 330 33 54 0.03526927 
652 284 16 24 0.035244927 
727 257 14 16 0.034963343 
807 276 15 18 0.034702785 
837 187 16 20 0.034584865 
848 262 19 23 0.034398794 
850 190 20 25 0.034121852 
878 173 11 14 0.033871386 
775 173 15 17 0.033812888 
908 181 20 25 0.033672903 
700 224 38 48 0.033638492 
931 251 14 18 0.0335868 
903 167 19 26 0.033562776 
575 236 32 46 0.03354703 
804 307 13 16 0.03337076 
885 173 12 15 0.03331225 
631 285 28 42 0.033216886 
762 169 14 16 0.03312989 
833 234 24 27 0.03299319 
152 84 12 17 0.032765355 
620 257 36 49 0.032470237 
549 214 33 44 0.03242014 
878 250 24 28 0.032328952 
204 102 56 74 0.03231912 
965 228 13 16 0.03222294 
888 203 11 13 0.031996705 
7 171 27 36 0.03158031 
933 212 12 16 0.031451672 
732 279 23 27 0.03134643 
796 212 24 31 0.031064335 
892 180 12 14 0.030890953 
998 175 10 12 0.030830113 
931 196 11 14 0.03061311 
958 188 11 16 0.030439474 
1011 94 11 15 0.030418307 
971 190 12 15 0.030163372 
978 257 15 21 0.029918108 
834 331 16 23 0.029893138 
860 297 15 19 0.029863406 
851 231 21 26 0.02986302 
270 316 26 30 0.029859733 
909 167 10 14 0.029786965 
874 233 17 19 0.029748421 
456 179 79 104 0.029577758 
848 270 24 27 0.029104432 
980 180 11 13 0.029099904 
944 202 12 16 0.029099848 
998 180 20 25 0.029068833 
700 292 15 19 0.028873883 
356 453 12 16 0.028825298 
342 54 9 13 0.02879532 
800 159 10 13 0.02862159 
867 214 15 18 0.028620506 
640 297 29 40 0.02860231 
718 234 11 16 0.028582178 
983 222 11 14 0.028528884 
152 78 11 14 0.028497607 
179 517 46 62 0.028444523 
767 240 14 19 0.028443852 
735 328 23 32 0.028418906 
700 351 17 21 0.028361533 
1006 249 19 28 0.028360998 
944 184 19 23 0.028326914 
807 241 15 17 0.028220763 
874 225 15 18 0.028156457 
227 196 16 20 0.028129827 
611 13 13 16 0.028079968 
578 238 17 24 0.027984189 
958 217 13 16 0.02797962 
393 329 17 20 0.027944436 
676 296 15 20 0.027873844 
822 190 10 13 0.027850347 
917 126 13 13 0.027778206 
734 234 13 17 0.027759308 
963 163 11 13 0.02774245 
589 26 46 67 0.027680459 
454 154 29 36 0.02742651 
984 166 11 13 0.0270601 
907 298 15 17 0.02697177 
977 158 9 11 0.026910095 
881 222 22 26 0.026792541 
295 0 346 441 0.026742548 
893 171 12 15 0.026635 
720 90 13 17 0.026606128 
928 168 11 12 0.026459068 
313 394 29 32 0.026445223 
973 247 21 25 0.026309118 
918 212 13 16 0.026282763 
591 262 44 55 0.02626327 
911 241 15 17 0.026236705 
845 183 14 17 0.026165724 
904 195 11 13 0.026149327 
747 285 18 22 0.026142422 
91 128 14 17 0.026066665 
978 297 13 17 0.025971992 
780 218 12 15 0.02595805 
260 464 14 18 0.025904302 
324 109 13 17 0.025898514 
889 216 20 23 0.025758108 
967 193 18 22 0.025726141 
45 564 12 14 0.025623897 
844 228 16 19 0.025581209 
724 321 21 32 0.0255375 
890 163 22 27 0.025481176 
991 292 11 16 0.025475765 
744 270 13 16 0.025429789 
313 425 48 60 0.0253611 
385 378 34 37 0.025354892 
988 251 22 28 0.025345173 
956 249 15 17 0.025343062 
85 132 14 17 0.025297148 
892 212 14 17 0.025236525 
226 536 49 62 0.025157642 
786 138 16 21 0.025142703 
998 316 21 30 0.025138672 
705 285 23 25 0.025118768 
861 323 15 20 0.024942249 
955 60 27 33 0.024935627 
704 65 26 37 0.024834543 
674 296 26 33 0.024730215 
674 281 16 22 0.024710778 
989 169 12 15 0.024708657 
620 300 29 40 0.024643775 
1013 189 9 15 0.024570307 
757 323 16 21 0.024352511 
598 296 33 41 0.024316391 
835 170 14 15 0.024294622 
653 252 12 15 0.024267768 
354 462 28 34 0.02417983 
932 280 16 20 0.024115812 
1014 179 10 13 0.023988537 
324 120 12 17 0.023924494 
946 147 12 15 0.023857083 
726 290 14 19 0.023823913 
889 244 15 19 0.023765666 
971 226 13 17 0.02375998 
878 166 10 13 0.023751028 
127 85 12 15 0.02370678 
709 278 14 16 0.023522876 
795 284 15 21 0.023119606 
837 307 17 22 0.023117142 
887 165 11 14 0.023070643 
780 139 14 20 0.023013936 
932 177 12 16 0.023005292 
821 233 24 27 0.022928342 
176 311 54 73 0.02292397 
810 270 16 19 0.022789683 
96 62 181 210 0.022692608 
824 183 9 11 0.022605166 
698 241 18 22 0.022569932 
944 181 11 14 0.022480307 
82 139 14 16 0.02240107 
269 149 10 12 0.022363067 
214 103 15 23 0.022355275 
636 286 17 26 0.022353051 
765 230 24 32 0.022318844 
917 225 23 26 0.022173453 
901 242 12 17 0.022130571 
883 281 17 19 0.022038555 
887 174 20 25 0.022032296 
829 163 24 27 0.021945372 
836 285 15 18 0.021927131 
830 556 11 13 0.021902489 
860 259 14 17 0.021785052 
896 494 11 12 0.021749571 
941 154 13 15 0.021724835 
56 92 26 33 0.021710137 
805 322 14 16 0.021698805 
868 247 24 28 0.021681586 
933 204 11 15 0.021565592 
833 220 18 19 0.021518085 
775 220 26 33 0.021515371 
506 200 29 37 0.021511434 
306 124 15 19 0.02150902 
163 524 42 55 0.021463023 
14 9 23 37 0.021345982 
916 172 11 14 0.02127648 
690 319 27 34 0.021262305 
712 320 17 25 0.021253293 
567 202 27 34 0.021211296 
23 558 12 14 0.02118347 
645 402 33 50 0.021095507 
974 180 11 14 0.020981075 
866 148 17 21 0.020948509 
830 187 13 16 0.020836933 
981 212 10 13 0.020820163 
603 15 25 38 0.020786813 
201 129 26 33 0.020663405 
795 195 18 23 0.020649653 
908 206 12 15 0.020638429 
951 172 11 14 0.020466603 
753 290 17 21 0.020463295 
652 312 13 20 0.02042264 
804 314 14 17 0.02038663 
957 171 11 13 0.020382011 
830 176 24 29 0.0203531 
759 125 11 14 0.020284982 
761 193 17 21 0.020244649 
809 302 24 32 0.020157846 
389 345 17 19 0.020140693 
965 183 14 16 0.020060323 
760 335 25 34 0.020014873 
