21_Festival_Festival_21_943
254
738 191 9 10 0.8232635 
112 194 12 16 0.7036572 
807 190 9 12 0.625422 
888 180 10 14 0.62081325 
293 187 15 17 0.57279253 
353 179 9 13 0.51684433 
761 184 8 12 0.47574106 
69 195 11 13 0.46648443 
492 190 8 11 0.4273806 
831 196 9 11 0.40007758 
134 195 9 12 0.35364228 
153 196 9 11 0.30721554 
938 199 8 9 0.29541317 
544 187 10 12 0.26777175 
711 192 12 14 0.25302646 
548 183 12 14 0.2447876 
256 189 8 12 0.22671306 
191 196 9 11 0.20969623 
104 180 10 15 0.19237718 
260 188 12 16 0.18804307 
214 189 8 11 0.16797437 
169 192 9 10 0.16608132 
855 197 8 10 0.16457303 
811 190 10 12 0.16028517 
157 198 9 11 0.15768647 
398 188 13 14 0.12766083 
129 191 11 12 0.12696974 
400 216 9 13 0.12457944 
592 437 13 15 0.12401523 
85 189 11 13 0.11796071 
186 190 8 12 0.11309591 
640 197 9 12 0.10835805 
597 430 13 15 0.1081235 
693 219 12 15 0.10647142 
167 196 9 11 0.10604319 
765 187 9 12 0.104051515 
325 191 9 12 0.10362187 
319 190 11 14 0.10177676 
385 185 8 11 0.1015014 
687 220 13 16 0.09973371 
648 197 9 11 0.09881031 
519 184 8 11 0.0986332 
239 168 9 12 0.09642429 
231 185 7 10 0.09507137 
109 231 14 16 0.09150142 
800 195 11 13 0.08660091 
1005 222 9 11 0.084108986 
911 278 27 28 0.08336284 
882 179 9 14 0.082980834 
173 191 9 10 0.0827254 
253 184 10 13 0.08236982 
741 193 9 13 0.08222319 
569 192 9 10 0.07768586 
814 196 8 10 0.07640698 
337 188 9 12 0.07553041 
118 231 9 12 0.07520084 
617 228 10 14 0.07255 
997 199 9 11 0.07165708 
976 207 9 12 0.07032809 
168 223 9 12 0.07025631 
276 184 12 17 0.070137866 
250 184 8 11 0.06832377 
514 183 7 10 0.06646211 
224 185 8 10 0.06571668 
257 194 9 12 0.06542362 
637 222 13 18 0.06462607 
270 185 13 17 0.0643023 
238 198 9 12 0.06405165 
304 173 9 12 0.06329705 
399 195 12 15 0.06310137 
93 189 11 14 0.062515646 
64 190 12 15 0.06234162 
827 198 9 11 0.061802015 
508 197 10 13 0.060973752 
943 223 7 9 0.059998997 
214 185 10 11 0.059970316 
898 337 17 20 0.05852204 
619 223 10 13 0.057880107 
835 196 9 11 0.057561163 
662 442 15 16 0.057559527 
513 189 9 11 0.057501756 
155 192 11 12 0.057369065 
81 191 8 12 0.056770787 
868 301 30 31 0.055508815 
622 442 15 17 0.055110265 
558 183 8 11 0.05481911 
214 214 9 12 0.05471325 
567 217 10 12 0.05374893 
525 190 9 11 0.053182732 
701 207 11 14 0.052657902 
236 189 10 11 0.051826056 
420 187 12 17 0.05156899 
352 185 9 12 0.05146885 
391 188 9 12 0.05122939 
997 204 9 11 0.050551426 
209 196 10 11 0.04979594 
945 230 7 10 0.04883807 
1014 214 8 11 0.048283774 
505 182 8 10 0.04743826 
193 202 9 12 0.047237676 
798 205 10 12 0.046994414 
602 425 12 15 0.046616353 
300 181 12 17 0.046295065 
169 213 9 12 0.044583336 
893 185 9 13 0.044528183 
109 253 14 17 0.04406079 
311 187 10 14 0.043111157 
239 219 10 14 0.042821452 
664 227 12 15 0.041657466 
100 203 13 17 0.041277006 
873 191 9 12 0.04057097 
189 186 10 12 0.04026012 
1000 215 8 10 0.040245697 
935 215 8 11 0.040041234 
344 182 10 12 0.0399475 
98 210 13 16 0.039509796 
745 224 10 13 0.03926205 
1008 203 11 13 0.039127696 
792 238 8 10 0.03762639 
334 238 9 13 0.037281133 
86 183 11 14 0.03653764 
647 201 11 14 0.03636313 
652 192 9 11 0.036052056 
341 187 9 12 0.035998214 
851 197 8 10 0.03599732 
700 240 16 17 0.03595647 
54 181 8 12 0.035895824 
753 183 9 11 0.03587155 
285 182 15 19 0.035770852 
184 185 9 11 0.035450835 
525 182 9 12 0.035364438 
679 217 23 26 0.03471655 
699 219 12 14 0.03456228 
774 183 9 11 0.034240775 
209 184 9 12 0.034235884 
630 219 25 30 0.034157373 
642 236 14 20 0.033546206 
238 184 9 10 0.033151727 
104 174 20 25 0.03300801 
583 414 10 13 0.032717388 
676 440 16 18 0.03260093 
870 294 15 18 0.03255025 
727 196 10 12 0.032291144 
239 202 9 13 0.032216366 
393 218 11 15 0.031649437 
175 185 9 10 0.031627934 
492 194 10 13 0.031221665 
158 203 11 13 0.03108635 
223 228 9 12 0.031053515 
521 198 8 10 0.030901633 
166 205 10 14 0.030847516 
538 189 9 11 0.030461408 
793 223 7 10 0.030119916 
772 320 16 22 0.029968966 
638 203 10 13 0.029788684 
358 187 9 12 0.02967005 
88 189 22 28 0.029500686 
482 189 9 12 0.029388465 
197 191 8 11 0.029316803 
422 156 10 12 0.0292932 
509 204 9 11 0.029226964 
848 191 9 11 0.02906455 
208 204 10 12 0.02868204 
649 438 22 26 0.028575202 
668 439 16 19 0.02822669 
213 205 9 12 0.028155584 
278 62 452 429 0.028135668 
84 234 12 18 0.027998215 
885 176 17 23 0.027975501 
1000 227 9 11 0.027849697 
478 155 10 13 0.027479086 
299 193 13 15 0.027432384 
638 215 9 12 0.02719032 
215 219 10 13 0.027105508 
572 196 8 10 0.027061215 
172 195 11 13 0.026992915 
196 198 8 10 0.026888378 
830 202 9 12 0.026654165 
686 205 11 12 0.026537066 
81 184 20 25 0.02653223 
773 188 9 11 0.0265143 
877 188 10 13 0.026309744 
1013 204 9 14 0.026289763 
576 222 10 12 0.026248151 
398 201 10 14 0.025796963 
798 211 9 12 0.025718754 
825 203 9 11 0.025479669 
172 263 12 14 0.025174126 
781 358 12 14 0.025072277 
734 185 17 22 0.02505828 
559 187 9 11 0.024832467 
729 191 8 10 0.024827098 
943 239 9 11 0.024696564 
367 190 11 14 0.02450265 
634 198 10 13 0.024319144 
69 232 16 20 0.024109451 
222 223 9 12 0.024104677 
693 243 14 16 0.023985915 
616 218 20 25 0.023883581 
917 214 7 10 0.023831407 
179 288 17 20 0.023731258 
691 214 21 25 0.023710182 
392 203 11 13 0.023687232 
501 259 11 12 0.023638409 
929 254 8 10 0.023601692 
582 222 9 12 0.023527367 
272 178 19 26 0.023490053 
950 232 8 10 0.023467598 
394 183 21 24 0.023446131 
674 261 14 16 0.023418847 
741 185 10 13 0.023324726 
77 194 11 14 0.023308886 
913 231 8 9 0.023302183 
668 221 24 26 0.023280857 
767 207 9 12 0.023269882 
715 378 17 18 0.023166725 
485 155 11 11 0.023160163 
703 307 13 14 0.023083566 
230 245 8 11 0.0228737 
732 386 16 17 0.022650722 
588 415 10 13 0.022623245 
628 448 14 17 0.022609584 
95 216 11 16 0.022577826 
487 185 11 14 0.02255474 
862 198 7 9 0.022494162 
247 174 10 11 0.02235654 
800 185 9 11 0.022292199 
70 200 11 14 0.022235803 
367 218 11 15 0.022112012 
0 218 17 32 0.022084426 
116 201 10 14 0.022040216 
197 205 9 11 0.022037735 
504 190 9 10 0.021934634 
865 208 7 9 0.021861069 
244 167 11 13 0.021700036 
96 183 10 13 0.021602277 
142 197 8 11 0.021584703 
663 197 12 13 0.0215146 
938 221 7 9 0.021422213 
526 197 8 10 0.021368738 
168 185 9 11 0.021353582 
937 194 9 11 0.021302879 
870 215 8 10 0.021291206 
621 198 9 12 0.021289539 
802 185 18 23 0.02128365 
912 222 7 9 0.021094134 
543 194 10 12 0.020893104 
233 168 8 12 0.020836104 
62 235 12 17 0.020591157 
764 315 26 35 0.020488765 
893 227 10 13 0.020396544 
60 471 16 19 0.020362485 
793 189 8 11 0.020023948 
92 229 13 16 0.020020243 
