21_Festival_Festival_21_660
408
400 351 334 447 0.9985643 
382 0 35 33 0.37053183 
316 15 17 18 0.30487543 
219 87 15 18 0.26300183 
274 41 18 21 0.22299463 
300 173 12 13 0.19671802 
20 122 12 17 0.18517536 
143 577 14 17 0.17993347 
302 253 12 14 0.176134 
25 612 18 22 0.17342457 
85 212 11 14 0.16223557 
332 379 13 15 0.15331255 
160 317 10 14 0.13405095 
824 496 30 32 0.13403696 
5 539 16 19 0.13396183 
119 641 14 18 0.129439 
1 171 10 15 0.12664875 
110 147 17 21 0.12525688 
88 605 11 14 0.12130823 
220 140 12 16 0.118788354 
261 51 14 18 0.115491696 
283 249 14 16 0.114777476 
257 975 26 29 0.11132804 
543 354 326 464 0.111297935 
174 553 15 18 0.1084272 
370 5 33 36 0.09910961 
72 651 12 19 0.0984113 
622 12 11 12 0.09637353 
238 242 11 15 0.09523804 
317 643 14 15 0.09493942 
158 559 10 12 0.093112774 
284 92 13 16 0.091542415 
196 606 9 12 0.08840176 
154 671 8 11 0.088381186 
258 54 23 27 0.08456456 
152 564 10 12 0.07853227 
1 633 16 22 0.0773645 
301 3 16 17 0.07729892 
60 566 13 16 0.07720232 
218 128 14 20 0.0768956 
39 182 10 14 0.07332402 
299 628 15 19 0.07287086 
230 567 10 13 0.07113891 
293 275 10 13 0.070984416 
41 249 13 16 0.070223026 
143 511 11 12 0.06944641 
3 167 10 13 0.0678629 
267 102 15 18 0.06764048 
76 449 12 14 0.06649166 
1 110 9 14 0.065577924 
262 373 13 16 0.06549413 
179 277 17 20 0.064576365 
278 94 15 18 0.0640983 
324 81 11 14 0.062270146 
71 626 16 20 0.06216029 
268 221 12 14 0.06144059 
102 730 16 20 0.06059776 
73 114 14 18 0.05836858 
293 170 22 25 0.058303922 
17 402 10 13 0.05825735 
171 668 13 17 0.0580032 
145 114 9 12 0.057508253 
247 46 11 13 0.05633474 
147 587 15 19 0.055923466 
159 631 13 18 0.054780062 
248 9 10 11 0.05411502 
151 515 11 13 0.05366794 
244 83 15 19 0.053618196 
366 247 11 14 0.052866433 
848 434 27 28 0.052369118 
102 556 12 12 0.052340053 
309 1012 12 15 0.051526975 
326 201 12 16 0.05073179 
343 149 9 12 0.050448105 
174 542 11 13 0.050365787 
243 33 14 17 0.050334778 
340 135 12 14 0.050303336 
119 123 11 14 0.04953067 
1002 165 9 12 0.049402844 
45 673 17 18 0.049162056 
133 574 15 19 0.048638716 
2 115 13 18 0.04821331 
377 155 9 11 0.048126854 
168 121 12 15 0.04792348 
141 651 13 15 0.047383714 
54 829 20 27 0.047331095 
186 219 17 22 0.046561275 
21 161 13 18 0.046460163 
207 612 9 11 0.04466467 
291 19 16 20 0.04445638 
253 142 13 15 0.0442591 
26 250 13 16 0.044215515 
115 143 13 15 0.04416538 
214 614 9 12 0.043957572 
12 609 12 17 0.043674257 
275 26 23 29 0.043617114 
109 603 14 17 0.043361757 
126 692 13 16 0.043051347 
109 652 13 15 0.04300708 
229 34 13 16 0.042918224 
161 646 21 27 0.04203451 
85 126 16 17 0.041997906 
310 11 16 19 0.041846797 
320 11 23 29 0.04138896 
344 686 25 29 0.041364823 
21 400 13 17 0.041244846 
1013 376 8 11 0.040614177 
226 122 15 19 0.040478077 
292 194 16 18 0.040215284 
309 180 11 14 0.040157653 
162 738 14 17 0.04005229 
360 424 12 17 0.039825164 
89 183 10 14 0.039607245 
271 38 14 18 0.039600413 
206 940 22 27 0.03932544 
284 24 17 20 0.03922608 
189 332 10 12 0.038959168 
342 467 12 16 0.038835738 
31 174 9 12 0.03838424 
126 211 10 14 0.038271055 
106 575 25 32 0.03766141 
43 646 29 33 0.037232645 
135 589 12 15 0.03718752 
281 428 10 12 0.03688838 
292 258 15 18 0.03685564 
45 254 14 18 0.03676231 
231 206 12 13 0.03648224 
163 277 15 18 0.036323324 
291 87 13 17 0.036287766 
964 158 9 11 0.036214437 
9 603 21 28 0.036198437 
294 249 13 17 0.036020674 
147 661 46 56 0.035744876 
192 528 10 11 0.03549745 
254 986 26 31 0.035423923 
143 594 13 15 0.035221275 
176 588 9 12 0.035182923 
301 276 12 16 0.035145007 
29 519 10 12 0.034991376 
31 180 13 16 0.034978665 
252 13 11 14 0.034902308 
350 201 12 16 0.03487556 
294 13 13 17 0.034782175 
169 550 9 12 0.034752727 
294 594 11 13 0.034477916 
184 652 12 16 0.0344354 
269 366 14 16 0.034150556 
157 309 14 17 0.033934224 
231 611 11 12 0.03389978 
326 97 10 15 0.033794973 
42 562 16 20 0.033507366 
162 662 24 29 0.033485398 
326 1 14 13 0.03340371 
316 365 14 17 0.03323994 
251 514 17 21 0.033210453 
166 557 11 14 0.03306182 
252 208 14 18 0.032876644 
181 693 12 17 0.0328272 
317 462 13 14 0.032756787 
197 348 10 14 0.032376807 
316 5 17 17 0.03237161 
295 669 39 51 0.032125045 
259 83 13 15 0.031945817 
29 769 23 32 0.031933103 
156 277 15 17 0.031900197 
262 366 12 15 0.031827115 
332 167 10 12 0.03160647 
0 3 11 15 0.031542975 
267 46 18 22 0.03148206 
354 195 13 17 0.03143147 
149 180 13 15 0.031334702 
116 602 14 16 0.031263333 
235 108 16 18 0.031138914 
133 631 13 17 0.031057103 
321 0 23 25 0.030963752 
1007 344 7 10 0.030951379 
309 91 15 21 0.030713521 
276 364 14 17 0.03065926 
64 833 15 20 0.030610576 
168 674 12 15 0.03042274 
143 566 10 13 0.030333309 
307 633 15 18 0.030295823 
104 604 11 14 0.030252043 
203 24 14 18 0.03023716 
259 72 16 18 0.030164223 
214 124 13 20 0.030114396 
425 174 7 10 0.029768838 
93 461 13 15 0.02972818 
649 333 415 525 0.029699346 
461 49 16 18 0.029633248 
362 251 12 15 0.02951348 
984 3 16 18 0.02950626 
396 707 18 21 0.02949357 
181 749 10 14 0.029441636 
191 20 10 14 0.029404309 
286 364 12 14 0.029314209 
291 687 28 35 0.029251566 
288 393 14 17 0.029220669 
1013 380 9 13 0.029198417 
284 189 12 17 0.029183155 
152 323 11 14 0.029006008 
96 367 10 12 0.029002834 
245 18 15 18 0.028997557 
284 82 22 27 0.028997488 
287 268 12 15 0.028932113 
128 636 21 25 0.028912943 
213 638 11 14 0.028863864 
147 635 16 17 0.02885293 
238 141 11 13 0.028836435 
108 591 17 21 0.028619034 
122 187 14 18 0.02858472 
328 170 11 13 0.028564343 
170 251 17 22 0.028416475 
213 990 26 32 0.028203761 
238 90 14 17 0.028171662 
227 142 12 14 0.028088417 
380 158 10 10 0.028073553 
245 351 11 13 0.02805623 
44 183 10 12 0.02805512 
300 624 12 14 0.028043903 
307 145 14 16 0.028026849 
284 259 15 18 0.027955152 
83 738 14 19 0.027882254 
55 620 11 14 0.027751267 
190 29 9 13 0.027729912 
72 585 15 17 0.027655885 
206 608 9 11 0.027628945 
0 123 9 15 0.027551137 
359 140 9 11 0.027420677 
225 35 11 14 0.027405152 
98 556 10 12 0.0273906 
284 173 12 15 0.027273187 
1013 175 8 11 0.02723494 
117 574 24 27 0.027179947 
222 170 12 18 0.027075356 
165 258 13 18 0.026887815 
255 364 12 15 0.02682432 
977 166 10 12 0.02669079 
220 910 12 15 0.026685085 
980 182 9 10 0.026637236 
328 375 13 15 0.026614854 
281 47 14 18 0.026487751 
315 1013 13 15 0.026472878 
175 397 14 15 0.026394732 
87 599 10 14 0.0262183 
79 206 14 17 0.026185768 
39 63 12 14 0.02614662 
34 756 13 17 0.026145758 
184 331 11 14 0.026095988 
966 78 12 13 0.026046438 
234 120 17 20 0.026013058 
293 697 17 20 0.025965074 
375 143 10 12 0.025839247 
100 645 13 14 0.025818018 
29 524 12 15 0.025667347 
156 596 13 15 0.025612868 
935 241 10 12 0.025490448 
295 421 10 13 0.025428206 
165 179 14 18 0.025373908 
187 278 13 15 0.025182415 
179 581 12 15 0.025176948 
239 491 16 19 0.025125848 
1001 343 8 9 0.025112681 
1007 18 11 14 0.02510648 
247 204 15 18 0.025047392 
205 218 14 18 0.025036717 
178 557 16 20 0.025021048 
296 83 23 30 0.025008053 
235 100 15 16 0.024995314 
137 174 8 11 0.024973392 
26 124 12 17 0.024891458 
60 597 13 17 0.024880916 
1001 293 9 10 0.02480189 
270 251 15 18 0.024775317 
38 176 9 13 0.024739325 
34 586 18 21 0.024697874 
242 299 12 14 0.024690587 
83 569 15 19 0.024550764 
156 341 13 15 0.02450871 
52 244 17 18 0.024485284 
299 1013 22 27 0.02446299 
309 85 11 14 0.024412867 
118 85 10 14 0.02436306 
105 563 11 14 0.024265356 
371 11 17 19 0.024215467 
251 84 14 17 0.02413679 
187 190 13 16 0.024041474 
104 597 12 14 0.024013512 
92 712 17 20 0.023990422 
821 468 13 16 0.02387195 
225 84 14 19 0.023861635 
223 559 12 14 0.02370877 
1010 375 8 10 0.023654839 
199 334 9 11 0.023612054 
241 21 21 26 0.023503635 
307 173 10 13 0.02347758 
232 701 8 11 0.023471804 
253 46 10 13 0.023458611 
122 597 14 16 0.023457196 
308 2 14 12 0.023372302 
259 140 13 15 0.0233116 
149 305 14 18 0.023307567 
68 732 11 15 0.023299336 
172 214 14 18 0.023289535 
164 323 13 16 0.023276385 
245 283 15 17 0.023155121 
148 297 14 18 0.023080273 
164 562 13 17 0.023061745 
268 149 16 20 0.023055678 
143 560 10 12 0.023034774 
92 840 22 30 0.023022128 
254 257 15 19 0.022986846 
220 275 13 16 0.022957392 
92 599 11 13 0.022924654 
185 42 107 121 0.022844376 
42 65 14 18 0.022824556 
78 121 13 16 0.022738157 
156 675 11 15 0.022705363 
984 359 9 12 0.022700794 
1001 205 8 11 0.022693675 
967 376 8 11 0.022688182 
179 668 12 15 0.022675619 
349 57 13 15 0.02262483 
274 346 21 28 0.022623174 
148 650 13 16 0.02260936 
314 379 14 17 0.02259877 
173 301 17 22 0.022595635 
16 165 12 16 0.022569364 
102 639 12 14 0.022536969 
255 371 13 17 0.022450292 
141 642 16 19 0.022355812 
206 573 12 13 0.022287104 
287 198 23 29 0.022285622 
184 548 15 18 0.022262624 
173 326 13 15 0.022230469 
361 120 8 11 0.022183908 
423 195 13 18 0.022180013 
130 531 377 469 0.022122119 
165 598 11 14 0.022040717 
448 131 13 16 0.022036951 
28 636 12 14 0.022017423 
326 277 13 16 0.021956723 
34 611 15 19 0.02195219 
244 129 14 18 0.021952083 
317 0 13 12 0.021934645 
279 132 12 14 0.02192455 
317 147 11 13 0.021915289 
80 603 11 14 0.021897074 
141 289 15 20 0.021881042 
1006 88 9 11 0.02184255 
254 76 14 16 0.021798512 
1009 349 8 11 0.021796325 
238 250 13 17 0.02172377 
229 107 15 18 0.021675441 
251 966 41 48 0.021636384 
1000 334 9 10 0.021606753 
339 6 25 30 0.021602988 
277 267 14 17 0.02160175 
62 813 12 16 0.021543598 
104 650 22 27 0.021443509 
324 208 12 15 0.02139588 
328 683 27 33 0.021378214 
142 590 24 29 0.021350482 
253 355 13 15 0.021343213 
240 14 11 12 0.021274421 
91 183 16 20 0.021267943 
160 261 12 15 0.021237645 
174 740 11 15 0.021237189 
318 213 11 15 0.021145515 
222 115 14 21 0.021143036 
238 343 10 13 0.021141637 
284 178 13 19 0.021137135 
526 31 9 12 0.021134147 
163 300 20 26 0.02113318 
1007 173 9 12 0.021093259 
345 204 12 13 0.02106318 
286 479 12 14 0.021053152 
4 704 15 21 0.02105314 
243 115 15 20 0.020988327 
406 108 11 12 0.020954143 
238 237 20 25 0.020917019 
43 586 13 17 0.020914737 
68 235 15 17 0.020892203 
131 687 12 14 0.020800285 
5 555 15 18 0.020793023 
216 701 10 11 0.020788137 
212 53 11 14 0.020775802 
383 119 8 10 0.020767735 
294 325 11 15 0.020765638 
45 603 15 20 0.020762013 
105 141 12 15 0.020691257 
238 258 14 16 0.0206854 
246 930 24 26 0.020652153 
189 532 13 15 0.020624934 
386 199 18 22 0.020597085 
118 553 13 16 0.020571103 
149 339 12 14 0.02055244 
208 373 9 11 0.020551693 
336 151 10 13 0.020538857 
36 560 16 19 0.020443913 
372 102 10 12 0.020440051 
51 563 19 26 0.02023289 
297 168 12 14 0.02019637 
337 685 43 50 0.020196127 
198 671 10 13 0.020187484 
148 138 15 18 0.02017809 
0 158 8 14 0.020155061 
106 556 13 15 0.02009661 
