21_Festival_Festival_21_42
2808
140 1277 16 18 0.99358267 
626 1332 14 18 0.98636043 
764 1195 12 17 0.97127885 
755 1316 13 18 0.96667415 
772 1223 14 18 0.96628124 
800 1287 15 20 0.965137 
899 1205 14 18 0.96510535 
703 1290 14 19 0.96478736 
593 1162 15 18 0.96108156 
2 1187 13 19 0.9597777 
19 1165 12 16 0.9455528 
640 1259 12 16 0.9443116 
157 1083 12 16 0.9309059 
683 1269 13 16 0.92879695 
173 1219 14 18 0.9277656 
669 1289 13 17 0.9273247 
696 1318 16 19 0.91872925 
538 1283 13 18 0.9118336 
63 1225 13 17 0.9068536 
37 1274 15 18 0.89750636 
58 1266 14 18 0.89299506 
252 1321 15 18 0.8912357 
773 1317 15 19 0.88645005 
294 1146 14 18 0.88566846 
645 1148 12 15 0.8845805 
839 1055 9 12 0.88378257 
104 1332 15 19 0.8680494 
917 1134 10 13 0.86462736 
78 1327 13 16 0.8605604 
147 1150 12 15 0.8578648 
727 1177 13 16 0.85687727 
75 1273 14 17 0.8562739 
616 933 9 13 0.85090667 
260 1029 12 15 0.8467683 
700 1076 11 14 0.84668106 
204 980 12 15 0.8457698 
159 1268 13 16 0.83797985 
171 1037 12 15 0.81586903 
767 1276 15 18 0.8043779 
97 1166 13 17 0.79758996 
207 1014 13 15 0.78941166 
742 1195 12 15 0.7819911 
601 1267 13 16 0.7777201 
48 1212 12 15 0.7749348 
110 1257 13 17 0.7716838 
660 1328 14 18 0.7657251 
253 982 11 13 0.76388615 
124 1091 12 15 0.7636111 
81 1227 11 15 0.75866747 
875 1326 15 19 0.7511171 
727 1274 13 18 0.74834925 
793 1013 9 12 0.7424091 
252 942 10 12 0.74143267 
557 975 10 13 0.7393588 
149 1114 13 16 0.7318758 
229 1054 10 13 0.7227311 
700 1191 14 16 0.72022295 
867 1174 10 13 0.71621627 
47 1235 14 16 0.7160606 
340 1039 12 14 0.70745665 
101 1292 12 15 0.70594084 
591 1206 13 16 0.7005644 
709 1218 13 16 0.6983392 
629 896 10 11 0.6979509 
177 1012 12 15 0.6922919 
663 1261 13 16 0.6904204 
19 1101 12 16 0.68249905 
199 1085 10 14 0.6770641 
175 1160 14 17 0.67410606 
972 1045 12 16 0.6641004 
0 1316 12 20 0.6385278 
22 1050 12 15 0.62311286 
38 1072 11 13 0.61648583 
363 992 11 14 0.6162091 
311 835 8 11 0.60229975 
688 1101 10 14 0.59958404 
687 997 12 15 0.59525955 
874 901 9 12 0.59504145 
248 1142 11 14 0.59436655 
582 843 10 13 0.5885088 
607 885 10 12 0.5879868 
643 1173 11 15 0.58681875 
255 917 12 15 0.5807659 
632 870 9 11 0.5744439 
339 1221 13 16 0.56658006 
61 964 9 11 0.5627194 
220 1123 9 11 0.5589669 
494 1207 10 13 0.5540723 
440 963 12 16 0.5487992 
101 895 11 15 0.5480071 
319 1164 12 15 0.5385629 
277 1185 11 14 0.53790057 
801 872 7 9 0.5375345 
944 1158 9 12 0.53286666 
573 1202 11 13 0.53160745 
748 1261 11 16 0.53059405 
987 1164 13 18 0.5277144 
648 1044 10 15 0.52735424 
69 1024 11 13 0.52412176 
887 1027 11 14 0.5235327 
112 1232 13 16 0.5209052 
108 1206 13 16 0.51632524 
686 1048 13 16 0.5148632 
342 1136 10 12 0.5135864 
117 923 10 12 0.5118495 
605 990 10 12 0.50991565 
126 1129 14 17 0.50680226 
823 1063 8 11 0.49779516 
665 941 8 12 0.4915009 
256 861 10 12 0.49138522 
655 1190 13 16 0.4910499 
601 943 9 11 0.49037945 
567 1064 10 13 0.48692295 
736 1101 9 12 0.4845279 
92 1068 11 14 0.48297518 
776 902 8 11 0.48085898 
711 881 10 12 0.47507516 
317 783 8 11 0.4724559 
165 1201 14 18 0.47035682 
813 1013 8 11 0.4685862 
612 1022 10 13 0.4660818 
207 1054 12 14 0.46464553 
657 1307 13 16 0.46316692 
143 867 8 11 0.4624761 
89 1045 12 15 0.45875028 
190 959 9 12 0.45543247 
327 823 9 11 0.4473208 
639 938 11 13 0.44387123 
304 1214 12 15 0.4421683 
108 1113 12 15 0.4396854 
510 806 8 11 0.4379195 
542 863 8 11 0.43701786 
272 949 10 13 0.43512475 
821 943 10 13 0.42945397 
636 1086 14 17 0.42763916 
41 1336 14 17 0.42676407 
181 994 11 13 0.42577842 
648 886 8 10 0.42373034 
118 1012 8 11 0.4230332 
141 1173 12 15 0.42246297 
240 998 11 15 0.42225334 
230 839 9 12 0.41844895 
630 1026 10 13 0.41790724 
102 1016 8 10 0.4163462 
111 1055 11 14 0.41041407 
829 948 9 11 0.4095493 
93 1097 12 16 0.40844417 
177 981 9 11 0.40736377 
710 1155 11 14 0.40576702 
381 1296 13 16 0.40491337 
859 1221 11 15 0.40370405 
668 1139 11 13 0.40040126 
99 991 11 13 0.39143887 
631 926 9 11 0.39106637 
200 1126 11 12 0.38980687 
637 1068 11 14 0.38962576 
253 847 8 11 0.38896552 
248 815 9 12 0.38809553 
733 877 9 12 0.3875705 
620 1311 10 13 0.38724786 
725 1340 14 18 0.38683057 
902 1326 15 21 0.3865891 
450 1007 9 12 0.3799692 
39 1098 12 15 0.3747284 
168 1109 12 15 0.37273335 
468 1255 13 17 0.37151843 
629 916 10 12 0.3672205 
79 1254 10 13 0.36657125 
119 1161 13 16 0.3660504 
119 1046 12 14 0.3656804 
0 1260 12 18 0.36447257 
102 951 10 10 0.36435106 
695 837 10 12 0.36184433 
116 1007 9 11 0.36126328 
572 1020 10 12 0.36047614 
230 950 11 12 0.35705826 
689 877 8 11 0.3549201 
836 1093 10 13 0.3547979 
569 966 10 12 0.35478076 
120 1191 10 13 0.3541617 
222 909 11 13 0.3533563 
230 804 8 10 0.35230562 
277 851 9 12 0.35077545 
253 815 8 10 0.3488019 
613 958 9 11 0.34788534 
311 799 9 11 0.34579584 
255 854 9 11 0.34061915 
647 997 11 12 0.33986226 
331 1180 11 13 0.339505 
672 1226 12 17 0.33944824 
649 846 10 12 0.33709306 
825 1003 9 11 0.33698067 
214 846 10 13 0.33659533 
101 932 10 12 0.33500826 
644 1122 10 14 0.333975 
225 933 9 12 0.33152807 
271 941 10 13 0.32930782 
63 848 9 10 0.32857874 
617 973 9 12 0.3282556 
457 727 7 9 0.32806966 
661 791 8 10 0.3268406 
628 1197 10 12 0.3250119 
136 1062 10 12 0.32421097 
612 1230 11 13 0.32201478 
200 912 9 11 0.32113075 
393 696 10 11 0.32047164 
632 983 9 12 0.32023767 
605 997 9 12 0.31923315 
48 1054 10 12 0.31550708 
381 1221 12 15 0.3150465 
269 887 9 11 0.31388062 
218 911 8 11 0.31294882 
260 959 11 14 0.30966762 
656 1062 11 13 0.3083337 
288 916 9 10 0.30796683 
703 1103 9 11 0.30550024 
605 869 10 12 0.30450708 
476 700 8 11 0.30325842 
591 752 9 11 0.30314168 
710 896 8 11 0.2992297 
259 923 12 13 0.298959 
689 791 8 11 0.29830706 
128 1073 11 14 0.29802784 
671 847 9 12 0.29571682 
277 831 8 11 0.29465917 
724 1166 10 13 0.2921439 
254 1011 12 14 0.29191983 
53 1060 9 12 0.29046726 
575 983 10 11 0.29002258 
0 1062 7 12 0.28607017 
790 957 8 11 0.28521907 
231 1024 10 13 0.28502733 
846 976 9 12 0.2849914 
230 962 14 16 0.2847608 
647 776 8 10 0.28283206 
393 671 7 9 0.2816526 
446 1182 14 17 0.27888167 
516 1149 12 15 0.2785782 
143 972 10 13 0.27763674 
584 1000 10 11 0.27754384 
200 795 8 10 0.27408585 
439 1146 11 15 0.27337205 
597 1246 10 13 0.2732099 
639 839 8 10 0.27230892 
225 821 9 12 0.2702533 
198 855 8 10 0.26748264 
769 938 10 13 0.2660585 
204 895 12 14 0.26595423 
696 1244 12 15 0.26532242 
200 1276 14 18 0.26440758 
701 1012 9 11 0.26332366 
228 904 10 12 0.26161832 
181 1021 10 12 0.26149583 
346 696 9 10 0.26124755 
285 814 9 11 0.26085111 
262 909 11 13 0.2608232 
583 878 9 11 0.25736582 
121 885 10 12 0.25715837 
201 1047 9 11 0.25586343 
790 949 8 11 0.2540032 
684 1072 10 13 0.25325468 
6 1054 9 12 0.25306797 
701 870 8 11 0.25279796 
134 1006 8 11 0.25274673 
78 1310 11 15 0.25121796 
591 1078 8 11 0.2507987 
288 822 8 11 0.25048873 
600 1066 10 14 0.25048587 
716 1217 14 17 0.24954729 
600 1132 9 11 0.24922651 
733 1157 9 13 0.248862 
476 1014 9 11 0.24842735 
644 935 10 11 0.24689424 
158 1243 12 14 0.24586333 
484 1245 14 17 0.24578363 
557 957 9 12 0.24554949 
207 1007 10 12 0.24330403 
604 1125 10 12 0.24305663 
880 1000 9 11 0.24217072 
294 846 10 12 0.24212253 
921 987 10 13 0.24209705 
671 1234 12 17 0.24014433 
124 879 9 12 0.23874791 
511 1236 13 19 0.23455535 
598 1308 13 17 0.23324245 
744 909 8 10 0.2320551 
617 814 8 10 0.23203889 
580 951 10 12 0.23193981 
161 1068 11 13 0.23147933 
601 990 9 11 0.23082328 
530 702 8 9 0.23007086 
712 856 9 11 0.22879839 
254 1147 10 13 0.22836974 
281 814 7 10 0.22722383 
757 1096 9 11 0.22541995 
687 1205 11 14 0.22485909 
530 997 8 10 0.22477962 
262 800 8 10 0.22432339 
302 814 8 10 0.22424175 
440 1234 11 14 0.22394095 
369 704 8 10 0.22353847 
397 678 8 9 0.22336209 
78 1008 10 11 0.22132207 
273 782 8 10 0.22102778 
677 934 10 12 0.22070481 
721 1212 15 17 0.22055021 
63 1335 11 14 0.22014317 
78 1029 9 12 0.22002505 
267 892 10 12 0.21850936 
127 998 8 11 0.21847685 
76 1055 9 13 0.21837747 
729 855 9 11 0.2182675 
207 1034 11 14 0.21808748 
627 695 7 9 0.21731573 
721 1125 9 12 0.21656866 
164 1245 12 14 0.21412452 
185 966 9 11 0.2124431 
396 1146 10 13 0.21147579 
727 860 10 12 0.21124491 
846 959 9 12 0.20960878 
695 806 8 10 0.20951079 
188 1150 12 15 0.20828038 
601 734 9 11 0.20770717 
285 1225 13 16 0.20726502 
228 982 12 14 0.20664333 
751 918 9 12 0.20648646 
127 991 8 11 0.20648403 
164 1179 13 14 0.2064712 
753 1094 9 13 0.20589711 
614 910 7 10 0.20574017 
686 871 10 12 0.20565483 
565 909 9 12 0.20439221 
206 925 9 12 0.20431812 
222 1233 13 17 0.20238495 
254 784 7 10 0.20086315 
150 912 9 12 0.2000831 
693 800 7 9 0.19824708 
294 840 9 10 0.19824049 
169 1030 11 14 0.19807015 
287 871 11 13 0.19770113 
525 623 7 9 0.19727756 
69 958 9 11 0.19646756 
654 920 8 10 0.19639196 
725 823 8 11 0.19597724 
97 877 9 11 0.19530578 
287 893 10 12 0.19487719 
629 807 8 10 0.19467299 
702 1265 12 14 0.19310382 
653 925 9 11 0.19274431 
728 848 8 9 0.1920493 
572 864 8 11 0.19193383 
706 895 7 10 0.19179404 
535 1022 11 13 0.19081962 
606 864 9 10 0.19056214 
646 781 8 10 0.19026376 
199 1006 9 12 0.1897464 
161 1046 9 12 0.18972278 
133 1068 10 14 0.18902895 
43 1094 11 15 0.18844241 
673 816 8 11 0.18758577 
655 1054 9 12 0.18687005 
231 783 9 10 0.18661913 
71 1245 10 14 0.18649097 
437 1300 12 15 0.1862163 
266 903 9 11 0.18591078 
97 885 9 12 0.18584818 
724 917 10 13 0.18554194 
653 990 10 12 0.18396378 
393 1142 10 13 0.18343236 
39 1281 15 19 0.18332396 
575 1254 13 16 0.18320435 
622 783 9 10 0.18232894 
583 915 9 12 0.18189983 
228 830 9 11 0.1817736 
605 949 8 10 0.18170486 
178 1214 11 16 0.18167236 
536 1044 10 12 0.18141198 
609 1026 10 13 0.18118186 
822 867 8 10 0.18069538 
358 1025 12 15 0.17945224 
128 1228 10 13 0.17866708 
461 1326 14 20 0.1778658 
628 1229 13 16 0.17678334 
712 1085 9 11 0.17676075 
639 885 9 11 0.17525232 
55 1036 9 12 0.17476244 
747 949 8 11 0.17462595 
88 1063 12 15 0.17345501 
664 839 8 10 0.17320901 
192 1063 12 14 0.17249429 
691 839 7 9 0.1721753 
574 869 8 10 0.1718626 
672 880 9 13 0.17133373 
534 696 7 10 0.17122577 
606 879 10 13 0.17109852 
268 1004 11 11 0.17103979 
179 1133 11 13 0.17084451 
223 988 11 14 0.1703861 
351 1022 12 15 0.16989909 
465 717 8 10 0.16957968 
303 848 8 11 0.16732143 
799 966 9 12 0.16688712 
627 1215 10 12 0.16688642 
224 1009 10 12 0.16665332 
406 1011 10 12 0.16540888 
640 825 9 11 0.16536038 
223 816 8 10 0.16495012 
831 1085 11 14 0.16455328 
212 1007 10 11 0.16450068 
335 727 7 9 0.16417283 
279 1218 13 17 0.16412823 
185 876 10 13 0.16398858 
530 807 7 9 0.16386646 
290 1260 11 16 0.16383204 
601 871 9 11 0.16329321 
664 879 9 13 0.16284677 
639 720 7 8 0.16199443 
104 1253 13 16 0.1606623 
686 863 8 10 0.16060172 
278 878 9 12 0.16054985 
599 728 7 10 0.16051996 
702 1340 13 16 0.1603226 
301 806 9 11 0.16028519 
375 663 7 9 0.15977016 
128 952 9 12 0.1595864 
636 1235 12 15 0.15887904 
185 854 9 11 0.15719584 
317 894 8 11 0.15592727 
585 1029 9 11 0.15572461 
158 872 8 10 0.15569568 
493 816 9 11 0.15542161 
663 1135 11 13 0.15487605 
677 879 9 11 0.15430222 
481 678 8 10 0.15422186 
274 847 10 12 0.15421021 
662 820 9 11 0.15386172 
631 875 10 12 0.15353408 
397 716 9 11 0.1530151 
111 917 11 13 0.15170325 
323 1004 12 15 0.15157028 
302 711 7 10 0.1513603 
443 1142 12 15 0.15127072 
585 681 7 9 0.15084237 
318 789 9 10 0.15065737 
657 1313 16 19 0.15020129 
646 814 8 10 0.15012152 
601 663 8 10 0.14988236 
486 680 8 10 0.14926963 
613 1244 11 14 0.14922458 
95 1200 9 12 0.1488793 
143 916 8 10 0.14881803 
249 1187 11 14 0.14877304 
196 1067 10 14 0.14820723 
615 726 7 10 0.14814809 
164 1051 11 13 0.14742483 
247 1044 11 13 0.1469747 
589 1054 9 13 0.14409214 
678 803 8 11 0.1440125 
440 1199 11 14 0.14390713 
236 969 11 15 0.14318359 
213 869 9 12 0.14264949 
592 1230 9 12 0.14140856 
337 711 8 10 0.14133479 
125 1342 11 14 0.14122228 
536 680 7 10 0.14032917 
631 998 9 11 0.1401969 
437 1132 12 16 0.13990211 
45 1323 13 16 0.13989055 
93 1286 14 17 0.13981865 
607 928 9 11 0.1394873 
189 1030 12 14 0.13941675 
469 717 9 11 0.13852544 
678 854 8 10 0.13805528 
526 1125 11 14 0.13805488 
96 1237 11 13 0.13802055 
663 1350 13 13 0.13753983 
112 982 9 11 0.13727742 
310 926 8 12 0.13673659 
605 790 8 11 0.13652778 
284 989 11 15 0.13596871 
732 884 11 12 0.13514636 
24 1074 10 15 0.13442077 
528 678 7 9 0.13439053 
238 928 10 13 0.13438366 
432 702 7 10 0.13424633 
607 903 10 11 0.13411495 
223 1045 10 14 0.13389763 
528 1311 10 14 0.13373041 
7 878 10 12 0.13338026 
891 1023 10 12 0.13297394 
263 1005 11 12 0.13281512 
317 1316 13 15 0.13277848 
688 1021 10 12 0.13275006 
183 894 9 12 0.13260688 
335 1139 12 15 0.13225731 
156 1325 12 15 0.13193287 
785 1093 9 12 0.1312142 
480 1147 11 12 0.13118166 
630 783 8 10 0.13109641 
502 694 7 9 0.13054495 
566 901 9 12 0.13053946 
726 828 7 10 0.13032357 
205 933 8 13 0.13005209 
621 1164 11 14 0.13003674 
472 1162 12 16 0.12987626 
648 829 9 10 0.12965044 
77 1258 14 18 0.12955107 
240 856 9 10 0.12934375 
479 663 8 9 0.12926528 
606 1003 8 11 0.12918407 
573 1209 11 14 0.12915006 
313 901 9 12 0.12889758 
296 851 8 11 0.12872674 
639 765 7 9 0.12731667 
84 1206 11 13 0.12705004 
330 773 8 9 0.12598427 
3 1254 12 15 0.12492395 
700 838 9 11 0.12457038 
726 816 8 10 0.12427674 
318 1237 12 16 0.123752475 
380 1212 14 18 0.12333999 
278 1143 10 14 0.123106524 
518 607 7 8 0.122984335 
216 768 9 11 0.12298166 
506 800 8 11 0.12257154 
255 1020 13 15 0.1225499 
661 798 8 11 0.12202562 
887 877 9 12 0.121909715 
664 761 7 9 0.12169186 
129 1004 9 11 0.12146938 
432 1134 10 14 0.12127894 
591 710 7 9 0.12117574 
623 1191 12 15 0.12107571 
728 894 9 11 0.1210337 
693 879 8 10 0.12050554 
176 1086 11 13 0.12046169 
695 813 9 10 0.120253205 
617 759 8 10 0.12014431 
744 1087 9 11 0.11998533 
478 1124 11 13 0.119645685 
705 878 8 10 0.11926099 
287 1025 12 16 0.11905416 
229 933 9 11 0.118895315 
281 807 9 11 0.118697986 
402 1014 9 10 0.1182342 
181 1244 14 16 0.11792269 
625 807 8 10 0.11783067 
205 956 8 12 0.11753747 
256 789 7 10 0.11721251 
790 1095 8 12 0.11681089 
142 1096 10 13 0.11671715 
90 1094 9 14 0.11671473 
200 936 10 12 0.116682485 
533 728 8 11 0.11667597 
640 742 8 10 0.116623886 
175 1062 10 11 0.116605215 
602 854 8 11 0.1156876 
172 1169 14 17 0.11562219 
642 808 7 9 0.11539469 
328 816 8 10 0.11536579 
515 1138 14 17 0.11491843 
646 808 8 10 0.11472365 
598 704 8 11 0.11450098 
599 933 9 12 0.114442155 
521 1260 10 14 0.114078276 
611 1069 12 14 0.114026085 
686 1199 10 14 0.11395675 
794 1344 17 18 0.11390044 
725 1118 9 12 0.113857955 
542 885 12 15 0.113781214 
236 1028 9 12 0.1137505 
440 647 7 10 0.11372662 
86 1157 9 12 0.11368172 
327 797 7 10 0.113615304 
632 790 7 9 0.11343378 
648 743 8 9 0.11331853 
662 863 8 10 0.11331729 
216 974 9 12 0.11319768 
759 1125 10 13 0.11317781 
627 1244 11 13 0.11309846 
361 775 8 10 0.11254246 
619 1125 11 14 0.11250686 
45 972 8 10 0.11222113 
52 1141 9 12 0.11217789 
326 845 10 11 0.11207112 
231 1342 11 14 0.11204311 
584 828 8 10 0.111977205 
192 911 7 11 0.111813426 
87 1196 9 12 0.11110474 
325 995 13 17 0.11106299 
178 988 10 14 0.11097607 
845 856 9 11 0.1106231 
551 694 7 10 0.11061344 
672 743 7 8 0.11051802 
270 986 11 14 0.10976996 
205 918 9 11 0.10966186 
238 876 10 13 0.10965684 
232 862 8 10 0.10965203 
679 938 10 13 0.10960081 
637 1109 11 12 0.1095429 
768 957 8 10 0.108970255 
244 1002 11 14 0.10887522 
287 736 6 8 0.10861505 
370 632 7 10 0.10845345 
693 824 9 10 0.10830921 
581 767 7 9 0.108293064 
280 799 7 9 0.10828054 
604 1132 9 12 0.10786643 
119 893 8 11 0.10782337 
570 991 8 10 0.1077776 
633 720 7 9 0.10763231 
662 815 9 11 0.10750538 
177 820 8 11 0.10716639 
238 1014 9 12 0.10661654 
583 686 7 8 0.106562264 
531 937 12 15 0.106515 
601 904 8 11 0.10623575 
119 1086 13 16 0.105739616 
737 903 8 11 0.10565482 
176 1069 9 12 0.10476027 
304 862 8 10 0.10404778 
405 1190 10 13 0.10389199 
293 791 8 10 0.10386005 
350 744 8 9 0.103770554 
689 823 8 10 0.10344227 
199 1179 14 17 0.10321471 
271 823 9 10 0.10292251 
268 1020 10 14 0.10272807 
31 1075 10 13 0.102651924 
93 1348 15 17 0.102513194 
492 1199 11 15 0.10226499 
205 791 9 11 0.1022396 
646 910 8 10 0.10216634 
222 928 10 12 0.10194559 
646 758 8 10 0.10184838 
791 893 11 14 0.10172429 
588 865 8 10 0.101632744 
590 1059 10 12 0.101624556 
437 703 8 11 0.10151277 
152 1242 10 14 0.10151116 
687 680 8 10 0.1014304 
143 998 8 10 0.101276256 
568 998 9 11 0.10122036 
722 847 7 9 0.10076386 
697 863 9 11 0.10064866 
81 1211 12 15 0.10050692 
695 831 9 11 0.100411296 
214 877 8 11 0.100209296 
182 974 9 11 0.10015888 
230 919 8 10 0.09968276 
678 822 8 10 0.09965283 
100 1244 14 16 0.09947406 
287 753 7 9 0.099470444 
72 1059 10 13 0.09931897 
608 1206 11 13 0.099257275 
177 1127 10 12 0.09916076 
15 1050 11 15 0.09898282 
686 856 8 11 0.09897946 
223 1039 9 12 0.098775834 
527 551 10 13 0.09871759 
682 863 8 10 0.098347865 
103 910 9 11 0.097628795 
278 776 7 10 0.09761515 
543 868 8 10 0.09744841 
229 1007 9 11 0.0973422 
29 1338 13 20 0.09705974 
646 824 10 11 0.096382126 
664 807 7 9 0.09600881 
367 1210 10 14 0.095959745 
328 852 8 12 0.09559138 
392 666 7 8 0.09554489 
184 1027 11 13 0.09554003 
464 679 8 11 0.09532475 
865 877 8 11 0.09498605 
102 942 12 15 0.094813645 
364 1027 10 13 0.094771504 
118 1079 9 11 0.09471635 
625 912 9 11 0.094460085 
647 751 8 10 0.09444479 
633 776 8 10 0.09443496 
744 894 9 10 0.094287895 
99 1021 9 12 0.09425888 
654 743 6 9 0.09425129 
257 800 9 11 0.09422268 
609 1076 9 13 0.09422235 
526 1126 22 27 0.09416223 
631 1005 9 12 0.09388869 
605 1068 12 15 0.09388146 
724 1143 11 13 0.093872994 
214 785 8 10 0.09376844 
592 1237 10 13 0.093738504 
783 1291 12 13 0.093713835 
744 863 8 10 0.09346524 
376 720 8 10 0.0934532 
624 725 8 10 0.09343962 
292 892 9 13 0.09308117 
668 1157 10 12 0.09180877 
254 805 8 10 0.09172948 
239 871 11 12 0.09134589 
713 1236 10 13 0.09119974 
222 846 10 12 0.09115877 
257 760 7 8 0.09112581 
526 1148 11 14 0.09093305 
725 1111 8 10 0.09084438 
883 1200 10 12 0.09048927 
94 1074 10 13 0.09047482 
623 1156 13 15 0.09037662 
111 988 9 12 0.090260595 
110 899 10 13 0.0902243 
784 998 8 10 0.08990697 
707 1100 10 12 0.08990527 
290 791 7 10 0.08953558 
256 913 10 12 0.08951513 
626 701 7 9 0.08951272 
310 822 8 10 0.08946497 
610 711 7 9 0.08928779 
597 752 8 10 0.08928139 
575 671 7 9 0.08902597 
305 832 9 11 0.08900939 
277 926 9 11 0.08859861 
143 991 7 10 0.088573664 
630 700 7 10 0.08840132 
488 712 7 9 0.08832261 
265 823 7 9 0.08798239 
697 903 7 9 0.087784395 
320 713 8 9 0.087422796 
662 900 8 11 0.08738513 
648 926 10 12 0.08738305 
223 916 9 11 0.08737179 
573 987 10 12 0.08721056 
293 1219 11 15 0.087176 
556 1207 9 12 0.087048195 
551 503 7 9 0.086795345 
711 1094 10 12 0.08675933 
232 885 9 11 0.08675034 
641 712 7 8 0.08659612 
438 1294 13 16 0.08647911 
444 966 14 18 0.08588091 
586 711 7 9 0.08558993 
232 880 9 11 0.08539938 
744 887 8 10 0.08529622 
311 727 7 9 0.08521476 
638 799 7 9 0.08499339 
746 1190 11 16 0.08487056 
321 717 7 9 0.084668316 
335 703 7 9 0.08465224 
701 1238 10 15 0.08452992 
257 867 10 12 0.08451179 
320 1186 11 13 0.08445925 
191 1141 12 15 0.08420016 
285 808 8 10 0.0841727 
135 1094 9 13 0.08405688 
198 1240 11 16 0.08381189 
160 1181 12 14 0.083721146 
654 840 9 11 0.08362857 
590 823 9 11 0.083454005 
76 1247 11 14 0.08344463 
326 751 8 10 0.08336685 
553 711 8 9 0.08305877 
841 1016 8 9 0.083054304 
664 1244 11 13 0.08297368 
479 670 8 10 0.082416795 
127 963 9 11 0.08238172 
750 911 7 10 0.082150824 
434 1228 11 14 0.08176097 
198 956 11 13 0.08160481 
102 967 8 11 0.08126066 
365 775 8 10 0.08117507 
368 720 6 10 0.08115337 
586 789 8 11 0.08104453 
117 981 8 10 0.080966644 
272 880 8 11 0.08086045 
607 892 9 12 0.08077391 
0 1099 9 13 0.080727704 
591 1142 10 12 0.080708906 
183 861 10 12 0.08060668 
273 925 9 12 0.080555215 
351 959 10 12 0.08048747 
439 1128 10 12 0.080455154 
86 980 9 11 0.08038531 
147 1101 13 15 0.08024939 
640 761 8 10 0.080232814 
6 873 9 11 0.08018249 
622 744 9 11 0.079792544 
327 744 8 9 0.079785526 
305 801 8 10 0.07969208 
272 1140 9 13 0.07957901 
598 1038 10 13 0.079548754 
277 1176 13 15 0.07953021 
319 831 8 10 0.07938091 
105 915 9 12 0.07925713 
616 750 10 11 0.07911453 
677 886 8 10 0.07908483 
337 718 8 10 0.07900879 
593 704 8 11 0.07885263 
620 1118 11 13 0.078826375 
225 1023 9 12 0.07873977 
576 743 7 10 0.078651875 
230 1046 11 16 0.07862438 
719 860 9 13 0.07861443 
336 855 8 11 0.07859098 
592 1200 10 13 0.07855498 
333 918 10 12 0.078545555 
675 1177 14 17 0.07850567 
686 684 8 10 0.07839694 
510 998 10 13 0.07839233 
149 1018 10 13 0.07838633 
609 908 9 12 0.07836746 
652 830 9 10 0.07830487 
82 1275 11 17 0.07827269 
397 1205 9 13 0.07815584 
636 956 10 13 0.07805629 
819 1062 9 11 0.07801417 
290 840 9 10 0.0778595 
351 781 8 10 0.07779687 
360 678 8 9 0.07772282 
663 936 9 12 0.07766546 
174 1104 11 13 0.077629745 
530 1138 15 18 0.077627935 
656 895 8 10 0.07761689 
69 1269 13 17 0.07759909 
556 1212 9 13 0.07749454 
119 965 7 9 0.07746958 
584 883 9 11 0.07739758 
602 798 9 11 0.07738205 
535 910 8 11 0.07737535 
444 1133 12 15 0.07734978 
710 1225 12 16 0.07732785 
591 880 8 11 0.07724487 
426 701 8 11 0.07717471 
235 1021 11 14 0.07711277 
306 821 8 10 0.07711193 
632 744 7 10 0.077092364 
297 814 8 11 0.07709125 
191 1133 11 13 0.077089205 
204 911 9 12 0.07708328 
519 574 7 10 0.07706493 
662 1254 13 16 0.07700864 
262 830 9 12 0.07690885 
309 1314 15 19 0.07686976 
177 1138 11 13 0.07662109 
400 1249 12 15 0.0765461 
236 1204 15 18 0.076522745 
599 655 7 9 0.07644737 
542 1109 12 16 0.07640529 
32 830 10 12 0.07636901 
32 1226 10 14 0.076325715 
166 1043 11 15 0.0761871 
510 615 8 10 0.07613369 
615 965 8 11 0.07597136 
556 1134 12 15 0.07566421 
624 720 9 11 0.07542146 
294 783 9 10 0.07538669 
622 750 8 10 0.07521694 
649 891 8 11 0.07520355 
84 1190 11 15 0.075163335 
311 919 9 12 0.07511189 
202 975 9 12 0.07503652 
637 988 9 11 0.074984446 
127 1120 12 15 0.074922256 
623 980 9 11 0.074871905 
694 885 9 10 0.07485744 
288 828 8 10 0.0746642 
607 846 8 10 0.07456095 
606 838 8 11 0.07454427 
584 703 8 10 0.0745242 
466 712 7 11 0.074514285 
601 669 8 10 0.07450573 
497 725 8 11 0.07447462 
15 1094 12 16 0.07445769 
292 912 10 12 0.07445244 
602 740 8 10 0.07444754 
146 855 8 10 0.07435352 
529 801 7 8 0.07429444 
830 1080 10 12 0.07417249 
881 878 10 11 0.07411563 
153 1188 10 14 0.07407407 
695 1005 9 12 0.073946916 
152 870 9 12 0.07388249 
616 744 10 10 0.07356277 
657 784 7 8 0.07345176 
334 680 8 9 0.073423795 
255 1067 12 15 0.07335945 
526 1068 10 12 0.07310253 
428 1306 14 18 0.072978914 
529 1029 10 12 0.07295893 
767 951 9 11 0.07288058 
345 1085 10 13 0.072569974 
296 798 8 10 0.07237581 
334 686 7 9 0.07225409 
499 1210 11 14 0.07215895 
531 1147 12 13 0.07212503 
42 968 8 10 0.0721169 
575 688 8 9 0.0717519 
615 820 9 12 0.07171206 
253 839 9 12 0.07170246 
635 1076 14 16 0.07166388 
277 782 7 10 0.071639515 
581 852 10 12 0.071634434 
120 999 8 11 0.07149519 
158 995 10 12 0.07144707 
578 877 9 12 0.0714307 
584 718 8 10 0.07133169 
327 839 9 12 0.071259506 
394 712 9 10 0.07122655 
232 856 9 11 0.07116363 
696 870 9 11 0.07113547 
287 864 10 12 0.07109111 
844 1282 11 15 0.07090071 
229 1205 12 15 0.070885606 
81 1154 10 13 0.07087223 
520 672 8 10 0.070869274 
624 1012 10 12 0.070785865 
834 1100 9 12 0.07074358 
171 1243 14 17 0.07065614 
814 1321 16 21 0.07062556 
255 895 9 11 0.07051738 
314 735 7 9 0.07050427 
235 959 11 14 0.070470765 
432 989 10 14 0.070410565 
108 1199 12 13 0.07039875 
633 799 7 9 0.070335895 
121 960 7 10 0.07029896 
627 1221 11 14 0.070263125 
375 725 8 10 0.070212774 
278 791 7 9 0.0702056 
425 696 8 11 0.07018585 
329 728 8 9 0.0699202 
159 1062 11 13 0.069898844 
471 735 8 11 0.06987629 
376 1023 9 10 0.06983719 
145 1015 10 13 0.06981684 
837 871 9 12 0.06975429 
360 686 8 10 0.069722705 
465 684 8 11 0.06970328 
792 964 9 11 0.06969855 
574 694 8 10 0.069568254 
288 1154 13 16 0.0695681 
613 928 10 13 0.06935076 
613 904 8 11 0.06913969 
646 904 9 11 0.069092885 
525 495 8 10 0.06906926 
288 1070 10 13 0.069055535 
817 864 10 12 0.068875186 
23 1338 13 18 0.06881778 
62 1251 11 14 0.068658836 
313 1251 10 16 0.06860838 
938 1156 10 13 0.06860178 
535 877 9 12 0.0684992 
208 1102 9 12 0.06830674 
85 894 8 11 0.06825273 
605 734 8 11 0.0682295 
376 656 7 10 0.06817209 
329 696 7 9 0.0681661 
280 862 9 11 0.06812683 
600 929 10 12 0.06797712 
260 988 11 13 0.06794304 
583 871 9 9 0.06793303 
3 1342 11 14 0.06786635 
231 927 10 12 0.06780547 
688 830 8 11 0.06777286 
857 1054 10 12 0.06774287 
579 918 9 12 0.06766467 
114 1210 13 17 0.06761135 
375 709 7 9 0.06752922 
544 622 7 9 0.06751196 
664 765 6 9 0.06746941 
221 854 9 11 0.06744381 
560 1006 9 12 0.06743883 
511 632 7 10 0.0672799 
286 926 9 10 0.06723113 
252 1341 16 19 0.06722224 
190 849 9 10 0.067138925 
150 974 9 10 0.06706141 
748 942 11 15 0.06700712 
475 662 8 10 0.06692915 
415 640 7 10 0.06692342 
204 1047 12 14 0.06682993 
158 909 9 12 0.06675724 
269 1014 11 13 0.066736475 
613 884 10 12 0.06671539 
608 688 7 9 0.06654692 
126 1051 9 13 0.066534236 
533 1244 10 14 0.066434994 
462 956 10 13 0.06641714 
141 980 9 12 0.06639838 
138 917 9 11 0.0662859 
689 815 7 9 0.06616288 
194 1007 10 12 0.06581584 
151 887 9 11 0.06574118 
403 1261 14 17 0.065639265 
463 1103 7 10 0.06532819 
264 999 12 14 0.065146305 
590 1220 10 13 0.06513181 
553 1248 8 11 0.065122925 
721 840 8 10 0.06496961 
303 776 8 10 0.06496022 
270 1133 9 13 0.064801455 
361 720 8 10 0.06477314 
44 1069 10 13 0.064736895 
614 711 8 9 0.06471739 
639 879 8 11 0.064707816 
724 1132 12 13 0.064684756 
115 1060 11 15 0.064679116 
132 1118 11 13 0.06461187 
671 830 9 10 0.064602315 
615 696 7 8 0.06444987 
719 1207 13 16 0.06441711 
626 1023 10 12 0.064389944 
623 1229 11 14 0.06431718 
169 936 10 12 0.06416179 
590 679 7 9 0.06401958 
536 871 9 11 0.06399999 
373 705 7 10 0.063872114 
327 757 8 10 0.063861765 
667 1252 15 18 0.06385156 
684 1230 13 16 0.06344697 
681 871 9 11 0.06342269 
679 1263 11 15 0.06341933 
570 1198 11 14 0.06334311 
334 696 7 9 0.06328468 
260 1066 11 15 0.06313539 
609 694 7 9 0.06307645 
680 830 8 10 0.06292479 
113 1012 10 12 0.06291541 
335 814 7 10 0.062776916 
583 696 8 9 0.06276996 
600 847 9 11 0.06275692 
318 736 6 9 0.062485065 
669 840 8 10 0.062428594 
584 1072 10 12 0.06236346 
689 884 9 11 0.06232153 
231 1038 11 13 0.06229092 
917 1046 8 11 0.06212318 
787 1229 11 15 0.0620632 
615 917 8 10 0.06205572 
657 1133 10 11 0.06201762 
183 849 9 11 0.06198402 
783 1030 7 10 0.061973203 
815 966 8 10 0.061930098 
660 1336 13 17 0.061918132 
614 853 9 10 0.0618855 
664 685 8 11 0.061759897 
869 878 8 10 0.061732765 
606 1245 12 15 0.06167995 
162 1188 15 17 0.06152383 
608 1037 10 14 0.061484586 
277 983 11 15 0.061326742 
558 822 8 11 0.061252974 
230 943 11 12 0.0612147 
529 1313 15 21 0.061188847 
608 775 7 10 0.06118234 
33 1091 12 15 0.061175838 
179 1226 13 15 0.061164524 
639 737 9 10 0.061153438 
288 887 10 12 0.06100754 
473 697 9 11 0.060963087 
533 992 8 12 0.060827583 
326 1184 12 15 0.060813725 
0 1326 11 18 0.060807634 
119 942 8 11 0.06070798 
417 1129 8 10 0.060690135 
760 1190 13 17 0.06061006 
762 832 7 9 0.06056728 
519 980 10 12 0.060559478 
622 813 8 11 0.060485125 
666 1325 13 16 0.060471013 
702 812 7 10 0.060409352 
137 927 8 10 0.060327142 
632 951 10 11 0.060298778 
311 1151 9 12 0.06026401 
608 1085 10 12 0.06023456 
606 854 8 11 0.060142517 
119 1019 9 11 0.060040426 
597 766 8 10 0.06003822 
473 1126 9 11 0.05995163 
49 1047 9 12 0.059806813 
313 790 8 10 0.059777644 
836 1053 8 11 0.05977542 
576 956 9 12 0.059551187 
569 678 8 9 0.059502866 
377 1224 10 15 0.059476905 
166 1022 11 14 0.059448346 
754 1260 13 16 0.05937854 
660 1055 10 13 0.059350494 
360 662 7 9 0.059327114 
671 761 8 10 0.05925581 
337 860 8 10 0.059252672 
646 861 9 12 0.0592314 
304 752 6 8 0.059017923 
609 718 8 10 0.058993842 
295 941 9 11 0.058967184 
609 1092 8 11 0.05894733 
693 1105 11 13 0.05893863 
621 759 8 9 0.058860563 
199 860 9 11 0.058853313 
87 1284 12 17 0.058832146 
717 1157 10 13 0.05875701 
255 1253 12 18 0.058729254 
663 1075 10 12 0.058699656 
398 1198 9 11 0.058681265 
642 1091 13 16 0.058661066 
537 884 11 14 0.05849724 
527 630 8 9 0.058494743 
113 1076 10 12 0.058489427 
52 1218 12 16 0.05848408 
108 1242 15 17 0.058432117 
725 1251 11 16 0.0584268 
430 1006 8 10 0.05828844 
248 839 9 12 0.05802363 
161 1262 15 17 0.05779686 
326 1172 12 16 0.057774916 
599 876 10 12 0.05757457 
131 955 10 14 0.05753461 
489 1210 11 14 0.057528876 
226 838 10 12 0.057523903 
158 980 8 10 0.057513695 
225 958 11 12 0.05743912 
462 1126 9 10 0.057287253 
244 1202 14 20 0.057282094 
625 689 7 9 0.05725515 
187 1242 13 16 0.057195876 
283 753 7 10 0.05717811 
317 909 9 12 0.057069767 
533 749 8 10 0.057005998 
238 838 10 12 0.05698155 
88 1039 11 14 0.05684667 
673 927 9 10 0.056835998 
206 1068 10 13 0.056724407 
250 788 8 10 0.056712776 
149 862 9 11 0.056712575 
866 873 7 9 0.05668873 
616 774 8 10 0.056623433 
623 776 8 10 0.05661615 
184 885 9 12 0.056454275 
844 1333 12 17 0.056439713 
636 965 10 12 0.056403082 
260 1012 12 13 0.056391202 
37 1263 13 17 0.056264788 
843 986 13 16 0.05621732 
444 1127 10 12 0.05617814 
21 1057 12 15 0.056176953 
247 854 8 11 0.056090776 
662 784 7 9 0.05582053 
786 1005 9 12 0.055629876 
728 869 10 12 0.055602998 
657 899 10 13 0.055569947 
54 1133 9 13 0.05541539 
81 1195 11 14 0.055249214 
636 949 11 13 0.05522671 
231 758 7 9 0.055180937 
312 1155 11 14 0.055175446 
920 848 8 9 0.05509629 
668 1147 14 16 0.055072196 
53 1332 12 16 0.055062845 
36 1225 13 16 0.05499019 
686 902 8 11 0.054977376 
760 838 8 10 0.05482436 
775 1309 19 22 0.054781336 
560 760 7 10 0.054777145 
214 999 11 12 0.05472166 
725 924 10 13 0.054271717 
660 1069 11 13 0.054216187 
656 878 10 12 0.054159757 
631 750 7 9 0.054157227 
209 864 9 12 0.05414383 
672 737 6 8 0.054095015 
617 664 8 10 0.054047056 
252 1136 11 13 0.05404409 
273 920 9 11 0.053947058 
702 705 8 10 0.053912822 
716 1226 13 16 0.053865816 
632 942 10 11 0.053847507 
633 760 8 9 0.053762175 
54 1014 8 11 0.05370978 
280 870 10 12 0.053692963 
588 917 8 11 0.053687405 
662 1164 12 15 0.053465288 
721 1170 12 15 0.05340199 
97 972 9 12 0.053385545 
502 689 7 9 0.053385522 
703 965 9 11 0.05338388 
570 694 7 9 0.053308956 
829 1069 9 10 0.053283606 
2 1056 9 13 0.05321228 
536 685 7 9 0.053204462 
73 1314 13 16 0.053182196 
672 806 8 10 0.05317934 
631 975 10 12 0.05313711 
107 1297 13 15 0.053007577 
113 1068 10 13 0.052955426 
665 1285 14 17 0.052833617 
358 1205 13 18 0.052767076 
350 688 8 9 0.05276581 
545 695 7 10 0.0526905 
430 697 7 10 0.052646942 
352 777 7 9 0.0526418 
70 1045 10 13 0.052607924 
164 1237 13 16 0.05259134 
734 847 7 10 0.052575946 
277 933 10 12 0.052565996 
615 828 9 11 0.052559298 
282 758 6 8 0.05243096 
248 1020 10 13 0.052354638 
231 870 9 10 0.05233828 
520 1124 11 14 0.05231233 
680 894 8 11 0.052295167 
311 719 7 8 0.052287713 
658 871 7 10 0.052239638 
374 669 7 10 0.05216985 
247 1052 11 13 0.0521481 
654 736 7 9 0.05210657 
693 1094 11 14 0.052036908 
601 688 8 9 0.052020915 
582 647 7 8 0.05201596 
366 655 7 9 0.05199393 
330 1140 10 14 0.051983893 
206 1000 10 12 0.051971845 
741 1292 13 17 0.051933672 
319 743 7 8 0.051788304 
654 885 8 10 0.051777475 
823 1057 7 10 0.05172507 
235 1339 12 16 0.051699158 
402 1008 8 10 0.051673222 
50 1242 13 16 0.051668547 
158 1248 14 17 0.051616143 
712 1242 10 14 0.051550917 
652 1158 10 12 0.051496178 
614 719 9 12 0.05148663 
274 789 8 9 0.0513692 
846 1227 11 13 0.051368613 
641 843 9 13 0.051329847 
32 1086 10 13 0.051266614 
426 996 9 12 0.051260844 
734 1152 10 13 0.05125564 
400 1191 10 12 0.05120148 
358 957 9 12 0.051161703 
551 823 9 10 0.05111344 
401 788 9 13 0.05106897 
611 1035 12 14 0.051067866 
502 652 8 10 0.051045816 
238 860 9 11 0.05100655 
94 1160 14 17 0.05098826 
718 1252 12 17 0.050948523 
656 822 9 11 0.050908808 
303 1228 11 13 0.050900165 
582 1244 10 14 0.050874997 
606 743 8 10 0.050851744 
220 973 11 13 0.050831273 
221 1093 8 11 0.050697424 
553 718 9 11 0.05066847 
424 734 8 10 0.050616786 
732 860 9 11 0.050603323 
199 1000 11 13 0.05057855 
103 1199 9 12 0.050576586 
615 703 7 9 0.050572243 
31 1101 11 14 0.050510738 
518 688 7 9 0.050379694 
634 766 9 10 0.0503452 
639 1168 11 14 0.050277177 
662 870 8 10 0.050269775 
553 678 8 9 0.05023265 
335 838 9 12 0.050206166 
589 911 7 11 0.05011046 
233 742 7 10 0.050085396 
54 1160 9 13 0.050069563 
689 955 11 14 0.049971767 
150 967 9 11 0.04992452 
577 703 8 9 0.04968798 
688 951 9 12 0.049661387 
505 622 7 9 0.049609356 
596 756 8 11 0.04948801 
628 1012 11 13 0.049425803 
567 960 10 12 0.04930859 
661 1182 13 17 0.049301345 
432 708 8 10 0.049244836 
416 645 8 10 0.049217127 
46 1181 11 14 0.04913783 
401 1172 10 14 0.0491049 
569 1015 10 14 0.049104888 
201 1052 10 13 0.049014483 
169 949 10 13 0.049014058 
197 1037 12 14 0.04898672 
470 601 8 8 0.048955277 
668 1164 11 12 0.048925936 
388 1210 12 17 0.048909303 
720 1281 12 16 0.04884785 
601 838 9 12 0.04872287 
577 664 7 9 0.04867293 
365 791 8 11 0.048666503 
502 599 7 10 0.04860012 
119 1041 11 12 0.048580363 
237 893 8 11 0.048515327 
648 841 9 11 0.048445795 
574 975 9 11 0.048423506 
449 662 8 10 0.04839579 
316 1152 9 12 0.04838214 
230 1013 10 11 0.048370205 
499 1325 13 17 0.048360992 
132 951 10 12 0.04833592 
206 1118 10 13 0.048290357 
636 894 9 10 0.048158277 
648 791 7 8 0.048121657 
757 1015 9 12 0.04807742 
68 1338 13 17 0.048064493 
521 648 7 10 0.047831252 
641 775 7 10 0.047677685 
142 1238 11 15 0.04762637 
551 852 12 15 0.047548857 
593 776 7 8 0.04752888 
459 1333 15 21 0.047520857 
566 781 8 11 0.047506787 
41 1268 13 17 0.047494985 
273 836 8 11 0.047479663 
277 1006 9 10 0.0474253 
886 873 9 11 0.04740804 
175 1076 11 15 0.04740244 
623 1235 11 16 0.047367573 
360 796 8 10 0.047350783 
297 744 7 9 0.04731329 
225 879 8 10 0.04726146 
15 1337 12 17 0.04725303 
608 1233 12 15 0.047242396 
704 899 8 11 0.047201402 
695 672 8 10 0.047198758 
574 1192 12 16 0.047192857 
456 731 9 11 0.0471869 
693 1020 10 13 0.047151607 
577 647 7 9 0.047140233 
615 688 6 9 0.04712248 
0 1273 10 14 0.04709098 
615 736 7 8 0.047066744 
253 1194 11 16 0.047062524 
345 782 8 10 0.04699042 
62 972 9 10 0.046956953 
144 1109 13 16 0.046931975 
134 1148 10 14 0.0468778 
710 1251 13 17 0.046848387 
99 1028 11 14 0.046714343 
201 448 6 8 0.04671415 
280 995 11 13 0.04671336 
313 752 7 9 0.04667895 
343 815 8 10 0.046658512 
103 956 9 10 0.04652216 
281 894 9 11 0.046465255 
714 718 8 10 0.046372175 
558 815 8 10 0.046305723 
596 1075 11 13 0.046300933 
733 894 9 11 0.04627835 
552 688 8 10 0.04625365 
567 896 9 12 0.046212368 
71 1330 13 17 0.046204686 
225 861 8 11 0.046176843 
244 1325 16 20 0.04617644 
708 1279 12 14 0.04613773 
32 824 9 11 0.046065327 
321 751 7 9 0.046057507 
329 702 6 9 0.04597773 
615 1120 10 13 0.04588077 
433 1078 8 10 0.045876827 
303 783 9 10 0.045865566 
695 1122 10 12 0.045855228 
86 900 8 12 0.045798752 
666 845 9 11 0.045782983 
367 671 8 10 0.04577283 
606 632 7 9 0.045744028 
543 1053 8 11 0.045699228 
246 1109 9 14 0.04567961 
435 987 14 16 0.045648076 
454 1134 11 13 0.045616947 
296 751 7 8 0.045552887 
330 734 8 9 0.04553964 
140 1166 14 16 0.045539435 
558 966 10 13 0.045462552 
863 852 8 11 0.04537329 
703 910 8 11 0.045243803 
325 792 9 11 0.045243453 
320 1009 10 14 0.045190938 
111 959 8 10 0.0451777 
171 939 11 13 0.045152232 
701 1250 12 15 0.045139384 
631 671 7 9 0.04511719 
181 1103 11 13 0.045049265 
610 919 8 9 0.045013975 
374 1213 12 16 0.045002796 
574 999 9 11 0.044965506 
687 1014 11 15 0.04493807 
702 844 8 11 0.04493521 
749 894 8 10 0.044919733 
686 1118 12 15 0.044864826 
642 782 7 9 0.044769593 
291 1227 11 13 0.044767156 
133 1230 9 12 0.04473747 
698 719 8 11 0.044723753 
554 952 9 12 0.044703886 
613 1016 10 12 0.044696655 
187 910 8 10 0.044686705 
724 1245 11 15 0.04450727 
489 766 7 10 0.044477798 
329 878 10 12 0.044387985 
818 946 10 12 0.044376772 
12 879 9 11 0.04437302 
935 1151 11 13 0.044281416 
876 1173 10 13 0.044262487 
282 1185 12 16 0.044234116 
606 783 7 10 0.04415751 
608 1223 10 13 0.04407364 
94 1086 10 14 0.044068985 
796 1008 10 12 0.04406878 
284 1232 14 18 0.043978706 
613 1211 10 12 0.043973565 
470 1093 8 10 0.043922916 
703 1151 11 14 0.04389444 
607 679 8 9 0.04389365 
680 1204 12 15 0.043870635 
216 926 10 11 0.043869603 
554 964 10 12 0.043800697 
677 848 9 11 0.043752663 
591 869 8 10 0.0436582 
805 1047 8 11 0.04358468 
885 1005 10 12 0.043549348 
679 838 8 10 0.04353137 
681 900 9 12 0.043521956 
267 909 10 12 0.043517657 
133 1139 11 15 0.043513007 
593 1037 9 12 0.04351165 
127 1235 10 14 0.04350792 
397 672 7 10 0.043477584 
559 678 7 9 0.043420117 
497 687 8 10 0.043376967 
752 958 8 10 0.04336874 
649 800 8 9 0.043337952 
422 1132 10 12 0.04329637 
663 727 7 9 0.043293893 
142 886 10 12 0.04326831 
182 870 12 14 0.043230183 
632 736 7 9 0.04319319 
632 931 10 12 0.043168355 
137 1178 12 14 0.04314563 
743 1092 10 12 0.043042496 
461 726 8 10 0.04302188 
640 1038 10 14 0.043006707 
623 878 10 12 0.04296263 
489 836 9 13 0.042935032 
391 1205 12 15 0.04293082 
122 1195 12 16 0.0428961 
55 1119 8 11 0.042884383 
250 946 11 14 0.04286786 
462 734 9 10 0.04286058 
694 677 8 10 0.042853884 
152 1298 14 16 0.042847045 
496 703 8 10 0.042837035 
313 909 9 12 0.042835947 
124 1209 13 16 0.042811424 
536 1051 10 13 0.042795837 
559 830 8 11 0.04276711 
360 725 8 10 0.042749293 
839 860 9 12 0.04274303 
904 1179 11 14 0.042729914 
237 886 9 11 0.04272645 
36 1342 16 19 0.04267536 
943 1169 13 18 0.042657778 
520 614 9 11 0.04258431 
580 982 9 11 0.04249322 
471 725 8 10 0.042473596 
519 653 8 9 0.042405378 
329 687 8 9 0.04223859 
872 1291 14 18 0.042231504 
535 671 7 9 0.042224664 
569 718 7 9 0.042163614 
740 1149 10 13 0.042074252 
624 788 7 10 0.042065244 
318 775 9 11 0.04206086 
840 1038 8 11 0.042036735 
496 560 9 10 0.042023297 
208 876 10 11 0.042019226 
838 877 9 10 0.041989006 
344 759 9 11 0.041870702 
152 996 9 11 0.0418535 
150 1092 10 14 0.0418459 
296 1213 11 15 0.04184258 
302 744 7 8 0.04182982 
655 1183 12 15 0.041807488 
143 1143 13 16 0.041800074 
512 671 7 10 0.041789 
646 881 9 11 0.041783385 
638 927 9 12 0.041713253 
345 749 8 10 0.041648086 
341 711 8 11 0.041636188 
342 831 7 10 0.041612014 
160 1013 9 12 0.04161175 
273 816 8 10 0.041513328 
237 1046 11 14 0.0414934 
161 1008 8 11 0.041486446 
574 1091 10 12 0.041429047 
696 842 9 12 0.041403685 
561 640 7 9 0.041377094 
553 672 7 10 0.04135735 
527 1244 11 16 0.041351173 
242 816 9 11 0.04133768 
893 878 7 10 0.041331045 
51 1207 11 14 0.041324265 
624 711 6 9 0.041223336 
366 695 8 11 0.041193757 
717 1243 12 14 0.04115747 
760 1315 18 22 0.04113515 
727 971 10 14 0.041070726 
196 965 11 12 0.041067023 
725 933 9 11 0.0410644 
589 1024 9 13 0.041037638 
652 1141 11 15 0.04102813 
540 1124 14 18 0.04099895 
585 784 8 10 0.04097615 
306 728 7 8 0.040963195 
535 1017 9 12 0.04094819 
655 910 9 12 0.04083196 
896 1125 8 10 0.04082633 
743 1165 9 12 0.040811542 
614 953 9 11 0.040651537 
487 718 8 10 0.04064384 
705 886 8 10 0.04062025 
471 606 8 9 0.040615488 
74 933 8 11 0.0406146 
465 600 7 10 0.040574864 
470 712 8 10 0.040564988 
110 1047 12 14 0.040563494 
346 1134 11 13 0.040543437 
448 622 8 10 0.040488366 
255 820 8 11 0.04041245 
530 731 10 13 0.040359087 
622 887 8 10 0.040347528 
430 631 8 10 0.0403327 
724 1225 11 15 0.04029857 
609 728 8 9 0.040290717 
431 734 8 10 0.040278044 
327 1135 10 12 0.040194772 
53 1021 9 12 0.040179156 
718 1149 11 14 0.040118672 
792 888 9 11 0.040014338 
615 767 8 10 0.0400104 
448 656 8 9 0.039973017 
54 1195 11 13 0.039957013 
678 928 8 11 0.039954804 
98 927 10 12 0.039936736 
628 1162 11 14 0.03993126 
238 784 7 9 0.039908275 
700 924 9 13 0.039881643 
566 640 7 8 0.039866783 
319 797 8 11 0.039865434 
304 717 8 10 0.039781686 
765 831 8 10 0.039749503 
406 1180 10 13 0.039702 
833 877 8 11 0.039688587 
170 1177 13 15 0.03960646 
291 783 7 9 0.039487638 
736 814 8 11 0.03948084 
360 671 8 10 0.039456878 
102 1230 11 14 0.039405484 
921 853 9 11 0.039317768 
362 656 7 10 0.039290037 
561 735 8 11 0.0392828 
126 1149 13 16 0.039277587 
493 614 9 10 0.039276768 
546 831 8 11 0.039197322 
590 783 8 10 0.0391625 
528 1003 9 12 0.039158367 
697 1072 12 14 0.039117344 
393 1198 9 12 0.03908449 
140 1067 10 13 0.039005574 
599 774 7 9 0.038982514 
662 1171 12 15 0.038916763 
269 975 11 13 0.03888681 
688 845 9 10 0.038707763 
592 990 8 10 0.038651537 
224 964 13 16 0.038630683 
495 709 7 10 0.038609568 
647 1099 12 15 0.038590778 
511 504 8 10 0.038588073 
637 974 9 12 0.038583435 
609 704 7 10 0.0385321 
639 998 9 11 0.03852265 
287 799 8 10 0.03850554 
720 1179 11 14 0.03841143 
70 963 8 11 0.038379867 
518 963 11 14 0.03835033 
782 1088 10 12 0.03834793 
701 916 10 13 0.03830317 
149 1179 11 15 0.03828902 
735 840 8 10 0.038281325 
454 998 11 13 0.038253356 
590 1070 11 14 0.03823618 
632 887 9 12 0.038226523 
717 855 9 11 0.03821726 
150 1039 11 13 0.038166225 
326 1117 10 12 0.038160294 
70 878 8 11 0.03814 
542 680 7 9 0.038122468 
158 1039 10 13 0.038034678 
840 1204 10 13 0.038013082 
73 1006 9 10 0.038005807 
753 1109 9 12 0.037999198 
649 736 8 11 0.037982404 
193 941 10 13 0.03798066 
217 1085 10 13 0.03797876 
318 838 9 11 0.037968826 
79 1035 10 13 0.037955947 
114 976 9 11 0.0379392 
246 861 9 11 0.03793909 
558 1052 10 13 0.037884463 
544 837 11 14 0.0378804 
454 671 7 9 0.037860736 
365 958 10 12 0.037853055 
159 1196 13 17 0.03781674 
842 1020 8 10 0.03767044 
461 1154 13 16 0.037666738 
433 1128 8 12 0.037650596 
305 694 8 9 0.0376324 
675 1241 12 17 0.037587613 
844 1219 12 15 0.037570566 
328 925 11 13 0.03754825 
496 764 10 12 0.037520178 
678 816 8 10 0.037492268 
855 1215 13 16 0.037462346 
257 831 9 11 0.037451807 
109 934 10 12 0.03743559 
447 518 7 9 0.0373322 
176 846 8 10 0.037274957 
27 1105 13 16 0.037230864 
342 1031 12 15 0.037228554 
368 725 7 9 0.037205677 
742 1182 11 15 0.03720452 
740 1251 15 20 0.037177507 
601 695 7 8 0.037175663 
511 810 8 11 0.037101388 
181 1117 11 13 0.03706058 
629 812 9 10 0.037055094 
432 961 14 17 0.037036233 
489 614 9 11 0.036976904 
286 933 10 12 0.036969338 
524 617 9 10 0.036955487 
780 1230 14 17 0.03693986 
514 687 7 9 0.03692384 
652 1004 11 13 0.036909115 
655 948 10 11 0.036906417 
696 648 8 9 0.036870264 
118 1340 12 16 0.036775395 
24 1021 10 13 0.036765356 
426 630 7 10 0.036732 
41 484 9 10 0.0367172 
720 925 10 13 0.036712967 
153 875 9 12 0.036702864 
345 957 10 13 0.036672603 
723 1236 12 15 0.036669128 
513 703 8 10 0.036666583 
252 1054 12 14 0.03662063 
705 1213 12 16 0.036611315 
594 727 8 9 0.036603242 
346 744 8 10 0.036583662 
292 876 8 12 0.036567234 
743 855 7 9 0.036549643 
110 942 10 13 0.036505487 
710 1181 11 14 0.036480732 
514 965 9 13 0.036443263 
694 1139 9 11 0.036433037 
414 1213 9 11 0.036379606 
14 1059 11 14 0.036371034 
497 758 10 13 0.036362372 
864 1013 8 10 0.036311682 
717 1093 8 11 0.0362564 
526 1055 11 13 0.03625152 
456 721 7 9 0.036171652 
109 911 10 13 0.03616385 
864 848 8 10 0.036144678 
196 1139 10 14 0.036131244 
766 1101 9 11 0.036111575 
55 940 10 12 0.03608972 
623 950 9 11 0.036085103 
680 663 8 10 0.036057368 
653 776 8 9 0.036044087 
827 1085 10 13 0.036040515 
527 1321 12 19 0.03599612 
654 807 8 9 0.035968438 
808 1008 9 12 0.03596228 
38 1324 14 18 0.035924662 
560 647 6 9 0.035896737 
585 734 7 9 0.035849877 
517 568 8 11 0.035815153 
745 799 9 10 0.0357901 
591 719 8 9 0.035789575 
384 694 8 11 0.035785623 
315 742 6 9 0.035698548 
657 798 8 9 0.035689823 
682 679 7 10 0.03567686 
592 952 8 10 0.035643876 
256 765 8 10 0.035630513 
374 632 7 9 0.035621796 
526 821 12 14 0.035596035 
541 616 8 10 0.03556451 
456 1127 10 12 0.03556151 
705 1193 14 18 0.03554023 
679 783 8 10 0.035527155 
165 1062 11 14 0.035506755 
550 1054 9 12 0.035504468 
727 797 9 11 0.03547442 
494 528 7 9 0.03543235 
449 678 9 11 0.03542914 
599 722 7 8 0.0354231 
101 873 7 10 0.035394803 
533 742 8 10 0.03538923 
209 785 8 10 0.035386324 
655 1201 12 15 0.035325434 
262 1142 9 13 0.035313345 
124 1322 11 15 0.035236545 
640 686 7 9 0.035234988 
346 1221 10 14 0.035223264 
814 1101 8 11 0.035200253 
108 1344 13 15 0.03514003 
687 1245 13 17 0.035086345 
224 752 7 9 0.035041317 
134 1011 9 12 0.03498396 
226 800 9 11 0.034926087 
671 1173 13 17 0.034860224 
562 1068 11 14 0.034839727 
318 862 8 10 0.03471602 
558 1011 10 13 0.034693945 
511 487 8 10 0.034656595 
334 733 7 10 0.03463328 
758 960 8 9 0.03462766 
55 1125 10 14 0.034624547 
213 1036 9 12 0.03460971 
720 932 9 12 0.03457036 
151 892 10 12 0.03455116 
808 1324 11 16 0.034541674 
664 776 7 8 0.03449559 
636 1101 14 16 0.034444004 
518 694 8 9 0.034433503 
159 887 8 12 0.03442298 
502 636 8 10 0.03429119 
503 631 8 10 0.034250673 
97 918 9 11 0.034239072 
672 776 7 9 0.034220684 
622 767 8 9 0.034093767 
567 971 10 12 0.034088384 
245 1339 15 19 0.034058366 
168 956 10 12 0.03405815 
263 836 9 11 0.0339839 
599 649 7 9 0.033970326 
577 840 9 12 0.033969834 
748 1181 12 16 0.033961732 
80 1085 10 13 0.033887524 
274 1181 20 24 0.033880938 
983 1159 14 18 0.033864163 
225 939 10 11 0.033863492 
518 1005 9 11 0.03386038 
585 727 7 10 0.03380925 
622 663 7 10 0.03378555 
105 1046 9 12 0.033728596 
145 1123 11 14 0.033680156 
749 902 8 12 0.03366314 
709 1080 9 13 0.033654362 
607 985 11 13 0.03363002 
470 678 9 11 0.033586804 
528 1036 10 12 0.03357319 
482 486 8 11 0.03356156 
651 1293 14 17 0.03352958 
432 638 8 10 0.033516724 
528 812 11 12 0.03351193 
640 704 6 9 0.03350942 
417 735 8 10 0.033491 
272 1348 13 15 0.033464864 
667 743 6 8 0.03344807 
840 994 10 14 0.03343389 
289 776 7 9 0.033394367 
192 952 9 12 0.033373505 
449 720 7 9 0.033364512 
289 729 7 9 0.033347663 
615 1261 11 14 0.03329876 
270 1058 12 16 0.033260092 
729 900 8 11 0.033253975 
633 824 8 10 0.033207685 
551 704 8 10 0.03317335 
109 1120 13 16 0.03316894 
551 630 7 9 0.033155397 
143 823 9 11 0.033133004 
253 996 12 14 0.03312548 
113 966 8 10 0.033124227 
425 728 8 11 0.03312105 
681 1196 11 14 0.03311073 
116 1182 13 15 0.033103935 
182 815 8 10 0.03307578 
235 1052 11 13 0.033068847 
553 614 8 10 0.03305844 
105 1284 12 16 0.033013858 
492 1180 12 16 0.03299713 
566 1003 10 13 0.03293125 
605 880 20 23 0.032890365 
735 807 8 9 0.03286607 
655 1247 10 13 0.0328648 
720 684 8 11 0.032769695 
743 1174 10 12 0.032769226 
566 1072 11 14 0.032768335 
664 854 9 11 0.032703478 
165 1164 14 16 0.032674376 
430 1055 10 12 0.032673355 
173 1055 10 12 0.03266165 
864 1168 12 14 0.03265314 
551 591 8 9 0.032651827 
460 1132 10 13 0.03264552 
126 1014 9 11 0.032634728 
65 871 9 10 0.032591917 
653 1099 10 13 0.032589987 
197 837 9 11 0.03258779 
582 1157 9 13 0.032541845 
288 941 9 12 0.032520983 
390 871 12 17 0.032480657 
537 639 7 9 0.03246881 
500 762 10 12 0.032463077 
571 1067 10 14 0.03246224 
513 599 8 10 0.032455567 
578 1196 12 15 0.032440104 
204 1078 10 13 0.032405056 
345 689 8 9 0.03239284 
87 1086 9 12 0.032369528 
366 780 8 10 0.032366034 
663 655 8 9 0.032355145 
833 869 9 12 0.032318413 
482 683 9 11 0.032304402 
768 1253 11 13 0.0322933 
-2 1077 8 14 0.032266743 
311 861 8 11 0.032259516 
732 1251 14 17 0.03225129 
600 783 8 10 0.03224019 
0 839 9 14 0.032209266 
85 1338 13 17 0.03213807 
294 863 8 11 0.03211854 
509 622 8 9 0.032094624 
172 1115 12 14 0.032082904 
745 915 10 13 0.032055523 
587 751 8 10 0.032053806 
576 1037 8 11 0.03202701 
732 1287 15 19 0.03200663 
380 719 8 9 0.032006603 
547 841 14 17 0.032006375 
158 1207 12 16 0.03199901 
101 972 9 10 0.031985365 
299 1242 13 16 0.03197374 
212 978 10 14 0.03195933 
113 1158 12 16 0.031957496 
442 1093 8 11 0.0319544 
610 758 8 10 0.03195024 
666 1316 14 16 0.0319336 
92 1278 14 17 0.031923972 
250 806 9 11 0.031922292 
453 1197 11 14 0.03190885 
861 1232 12 15 0.031892583 
59 846 9 11 0.03188188 
359 780 9 11 0.031823274 
341 855 8 11 0.031789597 
689 806 8 10 0.031757545 
631 678 7 9 0.031736232 
582 513 7 9 0.031676915 
863 998 10 12 0.03161486 
522 1070 10 12 0.031593647 
683 685 8 11 0.031584017 
200 1011 11 13 0.031580098 
639 725 8 9 0.031570435 
54 983 10 12 0.031539556 
336 809 7 9 0.031516474 
250 800 8 10 0.03150816 
545 592 7 9 0.03150709 
574 1219 11 13 0.031505156 
430 502 9 10 0.031480286 
645 1041 18 23 0.031457398 
806 1111 9 12 0.031430095 
47 1159 12 15 0.031426404 
665 680 8 10 0.03140116 
846 847 7 9 0.03138714 
126 872 8 10 0.031357225 
541 581 8 10 0.031347513 
63 1180 9 12 0.03134474 
549 871 9 10 0.031311296 
142 927 8 10 0.031308476 
202 1173 13 16 0.031291835 
796 1020 10 12 0.031221734 
654 931 9 11 0.031189375 
713 926 9 12 0.03116699 
280 900 9 11 0.031120561 
48 463 8 10 0.031115508 
689 672 7 9 0.031111313 
710 1142 11 13 0.031098107 
49 445 9 10 0.031096227 
168 1227 13 16 0.03109206 
456 767 8 10 0.031019948 
673 765 8 9 0.031011853 
264 1134 9 12 0.03099997 
526 639 7 9 0.030996976 
606 1198 12 15 0.030953595 
580 941 11 13 0.030940542 
701 710 8 10 0.030925144 
537 575 8 10 0.030901976 
534 664 7 10 0.030894378 
518 1251 11 17 0.030885374 
674 801 8 10 0.030870112 
862 1005 11 13 0.03086772 
664 832 9 11 0.030840509 
831 864 9 10 0.030824276 
423 1310 13 18 0.030814687 
590 1148 14 16 0.030790145 
310 1101 8 11 0.030785333 
138 868 9 11 0.030781012 
653 958 10 12 0.030777039 
134 1056 10 12 0.030775998 
840 887 8 10 0.030730011 
624 735 8 9 0.030718211 
904 847 8 9 0.030701447 
334 871 8 10 0.030690236 
668 1339 12 15 0.030668937 
225 885 9 11 0.030634694 
742 1242 13 18 0.030610576 
240 845 8 10 0.030595496 
702 1183 14 18 0.03057971 
149 1252 13 15 0.030575281 
595 1348 12 14 0.030552685 
583 1035 10 13 0.03054808 
321 814 8 10 0.030547872 
489 1173 10 14 0.030547526 
166 1206 18 22 0.030546531 
432 662 8 11 0.03053947 
246 934 11 14 0.030519055 
567 983 10 13 0.030518878 
288 742 6 9 0.030483332 
304 994 10 14 0.030483276 
824 992 8 10 0.030438859 
116 1332 11 16 0.030367227 
330 680 8 10 0.030341925 
704 1165 13 15 0.030326204 
566 735 7 9 0.030306462 
718 896 8 10 0.030292608 
608 750 8 10 0.03027479 
913 1167 9 12 0.030253557 
336 830 8 11 0.030240253 
577 760 9 11 0.03021539 
696 655 8 9 0.030211935 
623 669 7 10 0.030199647 
373 1305 15 17 0.03019402 
180 821 9 11 0.030165814 
439 741 8 9 0.030163797 
253 1210 11 17 0.03015091 
665 662 7 10 0.030150719 
344 775 8 10 0.030150514 
154 1079 11 14 0.030141123 
182 1036 11 14 0.030139716 
191 837 10 12 0.030121282 
450 671 8 10 0.030112743 
607 832 9 11 0.03010525 
696 662 8 10 0.03009062 
213 1109 9 12 0.030081064 
382 712 8 9 0.030054733 
561 1000 8 10 0.030001981 
640 903 8 10 0.029971411 
626 871 9 11 0.029967915 
7 1048 10 13 0.029956268 
587 1003 11 13 0.029951835 
701 726 8 9 0.029940477 
245 875 9 13 0.029939607 
513 678 7 9 0.029898051 
521 823 9 11 0.029873699 
277 885 8 11 0.029870894 
551 1132 12 17 0.029866444 
321 696 7 9 0.029859718 
246 1194 14 20 0.029813774 
878 1179 11 14 0.029807895 
416 693 8 11 0.029802134 
496 534 6 9 0.029766675 
108 1213 14 19 0.029759668 
721 790 8 10 0.02975602 
555 971 17 21 0.029745737 
476 1250 13 17 0.029738938 
583 991 9 11 0.029730003 
236 1326 20 26 0.029722108 
235 1037 12 14 0.029716616 
937 1040 8 11 0.02968828 
691 992 11 14 0.029664045 
814 1095 8 11 0.029654672 
400 734 8 10 0.029654056 
555 1332 14 16 0.029630952 
575 678 7 10 0.029617367 
583 1229 9 13 0.029593319 
514 572 9 12 0.029550876 
728 807 8 10 0.029550454 
261 791 8 9 0.029550338 
526 575 8 9 0.029526293 
643 1165 14 17 0.02951348 
488 725 8 11 0.02950889 
657 719 7 9 0.029505156 
654 750 7 9 0.02949421 
33 796 9 11 0.02946688 
289 1161 10 13 0.02943615 
495 600 9 10 0.029411938 
368 615 7 9 0.029404901 
668 1076 10 12 0.029399227 
646 768 8 9 0.029394161 
574 894 9 12 0.029384565 
576 1027 9 12 0.029381083 
207 939 9 12 0.029377183 
404 877 14 16 0.029356683 
279 1020 11 14 0.029346002 
248 1059 11 13 0.02931554 
681 973 9 11 0.029294925 
175 1317 13 18 0.029289693 
842 846 8 9 0.029286247 
341 837 8 11 0.029275117 
348 700 8 10 0.029265732 
320 870 6 9 0.029262863 
788 999 9 11 0.029261492 
541 576 8 11 0.029244136 
653 1172 11 14 0.029220048 
454 1264 13 19 0.02920805 
399 1180 10 13 0.029201698 
574 812 9 11 0.02918729 
247 974 11 14 0.029170265 
557 1246 9 12 0.029167118 
744 868 9 11 0.02916603 
200 876 10 12 0.029148443 
624 990 10 12 0.029147862 
80 965 8 10 0.02912597 
683 1100 10 14 0.029115587 
142 1005 9 10 0.029090082 
595 1187 12 15 0.029047167 
387 1219 11 16 0.02901607 
719 988 10 12 0.028951582 
503 519 8 9 0.028938552 
143 959 9 11 0.028895564 
189 997 10 13 0.028862499 
474 671 8 10 0.028835753 
127 821 9 12 0.028804468 
64 952 10 12 0.02879825 
646 711 7 11 0.028787987 
68 847 8 11 0.028782014 
727 840 7 10 0.028747577 
38 1254 11 15 0.02874546 
21 1041 13 14 0.028713759 
249 911 9 12 0.02868814 
191 860 9 12 0.028675878 
601 676 8 10 0.02866015 
141 1132 11 14 0.02865224 
511 664 8 10 0.028628767 
263 931 10 13 0.028626857 
674 1141 11 13 0.028587732 
232 1094 9 10 0.028578062 
656 985 9 11 0.028576689 
325 1243 10 14 0.028560633 
319 768 8 10 0.028559884 
283 1213 13 16 0.028551048 
262 973 11 13 0.028533965 
613 1251 11 14 0.028525949 
604 1062 11 15 0.02851873 
584 1222 9 12 0.028515931 
353 671 7 10 0.028493593 
510 1125 10 13 0.02847558 
445 978 11 14 0.028431978 
547 823 8 11 0.02842065 
749 799 9 10 0.028406886 
149 901 11 13 0.028388103 
895 1328 15 20 0.028385252 
720 912 10 12 0.02838109 
304 934 10 13 0.028329862 
974 1163 15 18 0.028319841 
289 852 8 11 0.028303089 
825 855 8 10 0.028296443 
534 1116 12 16 0.028296165 
602 894 8 11 0.028295334 
767 980 11 13 0.02829489 
597 1085 10 12 0.028282594 
333 742 8 10 0.028239172 
703 1096 11 13 0.028195236 
386 671 7 9 0.028188027 
72 1156 8 12 0.028184675 
584 1048 10 13 0.02818417 
262 759 7 8 0.028158324 
68 1233 12 16 0.028145218 
54 1066 10 13 0.028142553 
142 874 12 13 0.028125565 
881 872 8 9 0.028124716 
438 677 8 10 0.0280993 
568 743 7 9 0.02809883 
321 845 9 11 0.028080534 
490 606 8 10 0.02805896 
576 922 10 13 0.02803567 
170 1233 15 18 0.027986271 
625 800 8 10 0.027984386 
841 978 13 15 0.027958924 
671 918 9 12 0.027949715 
583 655 8 10 0.027944498 
385 735 8 10 0.02793075 
440 600 8 10 0.027928866 
591 1133 10 13 0.027925469 
593 1250 11 14 0.027914247 
236 1187 12 15 0.027878338 
319 807 8 9 0.027860079 
560 661 8 9 0.027820593 
387 1228 11 14 0.027803019 
121 872 8 10 0.027793689 
64 1043 11 14 0.027778696 
197 829 10 11 0.027757604 
568 713 7 9 0.027751956 
879 1021 11 14 0.027713288 
478 657 8 10 0.027708737 
576 748 8 10 0.027696071 
408 639 9 11 0.027663875 
226 948 20 23 0.027575966 
535 1190 11 14 0.027566668 
710 1108 10 12 0.027547609 
390 1096 7 10 0.027543506 
743 879 9 11 0.027526587 
656 727 7 9 0.027522588 
671 671 7 9 0.027516386 
527 592 8 10 0.02747898 
321 998 11 16 0.027474627 
701 808 8 10 0.02746457 
584 759 8 11 0.027430506 
448 758 7 9 0.027428195 
606 805 9 12 0.02742502 
718 719 7 9 0.02742343 
464 749 9 11 0.027413221 
903 839 7 9 0.027385833 
942 860 9 11 0.027364355 
315 1163 10 15 0.027357755 
551 1325 13 17 0.027349738 
385 616 7 8 0.027333936 
119 1324 11 14 0.027331298 
832 1108 9 12 0.027326558 
558 526 9 11 0.027316839 
757 1111 11 12 0.027277924 
206 888 12 13 0.027258301 
517 600 8 9 0.027245319 
743 830 8 10 0.02720554 
560 655 8 10 0.027151065 
191 1126 11 13 0.02713453 
188 1024 11 13 0.027105985 
455 759 7 9 0.02710437 
377 687 8 10 0.027090093 
433 989 21 26 0.027087046 
807 967 8 10 0.027077228 
809 1102 9 11 0.027069326 
615 979 9 12 0.027040219 
623 940 8 11 0.027035596 
702 784 7 10 0.027018776 
583 663 8 9 0.02701717 
360 769 8 10 0.026972497 
741 1108 9 11 0.02694806 
226 758 7 9 0.02694109 
494 806 7 9 0.026900562 
756 923 9 13 0.02689379 
211 1029 11 14 0.026878435 
569 1091 11 15 0.026868097 
856 1046 10 13 0.026851432 
426 1095 8 10 0.026843043 
432 655 8 10 0.026838733 
599 985 9 12 0.02683784 
193 1043 11 12 0.026837043 
367 1300 10 13 0.026835125 
113 998 9 11 0.026816119 
590 685 8 9 0.026805192 
686 896 8 10 0.026802296 
116 901 9 11 0.026794137 
663 647 8 10 0.026793703 
310 855 9 11 0.026790276 
294 728 8 9 0.026783496 
506 670 9 10 0.02677688 
305 790 8 9 0.026747525 
341 717 7 10 0.02673066 
514 709 8 11 0.02670469 
196 1080 18 23 0.026664088 
758 1182 11 15 0.02666319 
750 869 9 11 0.026659498 
877 907 9 11 0.026655922 
784 975 10 13 0.026595231 
617 1306 16 22 0.026583089 
303 758 8 9 0.026575167 
487 543 8 11 0.026573785 
519 1139 21 26 0.02656649 
582 934 11 13 0.026562428 
351 1204 12 16 0.02652454 
600 830 8 11 0.026520852 
592 656 7 9 0.026515566 
231 788 8 9 0.026495842 
646 1130 11 13 0.026474386 
689 1140 9 11 0.026473712 
698 895 8 10 0.026463423 
219 749 7 11 0.026449336 
292 996 10 13 0.026440138 
836 1049 17 22 0.026436284 
141 1184 13 16 0.026427409 
117 1117 11 14 0.026419638 
143 893 9 11 0.02641754 
437 671 8 10 0.026377175 
245 1030 10 12 0.026367059 
631 1102 11 15 0.026364386 
559 559 8 9 0.026339682 
873 1266 13 17 0.026326077 
927 877 8 10 0.026281117 
348 1141 11 13 0.026279865 
658 655 7 9 0.026250118 
256 1327 15 18 0.026214214 
635 1028 10 12 0.026207438 
622 1251 12 15 0.026146367 
334 769 9 11 0.02609611 
54 478 8 10 0.02608328 
502 702 7 9 0.026048435 
459 990 12 14 0.026045335 
613 1266 11 14 0.026037771 
138 893 8 11 0.026032839 
6 1092 12 17 0.026027098 
480 1113 8 11 0.02602388 
393 686 9 10 0.026017746 
725 989 10 12 0.026009783 
248 1012 11 15 0.026001459 
485 663 8 11 0.025999008 
260 1164 11 13 0.025973976 
64 877 10 12 0.02596125 
410 580 8 10 0.025959563 
692 1060 11 13 0.025959503 
135 1000 8 10 0.025921663 
431 982 11 15 0.025916986 
415 689 7 9 0.025908394 
825 1078 10 13 0.025896652 
743 822 9 9 0.025896568 
550 878 9 12 0.025895387 
68 1347 15 15 0.025887933 
520 581 8 10 0.025884498 
286 1115 14 15 0.025879677 
412 1226 12 16 0.025862744 
854 871 9 10 0.025842577 
557 837 10 13 0.02582976 
154 980 8 11 0.025829492 
672 862 9 10 0.025814611 
742 847 7 11 0.025799386 
625 678 8 10 0.025776517 
361 711 7 9 0.025772072 
654 1163 11 14 0.025750473 
816 959 9 12 0.02571376 
360 648 7 9 0.025711091 
656 759 8 10 0.025700826 
638 864 8 11 0.025682671 
472 1018 11 14 0.025682256 
574 1004 9 11 0.025667213 
679 1125 9 12 0.025655065 
343 952 10 13 0.025646554 
871 1014 10 12 0.025630437 
584 774 7 9 0.025595475 
384 638 7 10 0.025568683 
692 1210 11 14 0.025561985 
135 816 7 11 0.025561046 
697 1081 13 16 0.025552887 
684 940 10 13 0.025516769 
558 687 8 9 0.025501018 
559 584 8 9 0.025475208 
214 797 9 10 0.02547022 
576 774 9 10 0.025446694 
591 1082 10 13 0.02544518 
786 1098 10 13 0.025440514 
276 1014 10 14 0.025439447 
361 813 8 11 0.025435073 
695 856 10 11 0.02543464 
134 1235 10 14 0.025428692 
213 1101 9 12 0.025420563 
52 1229 12 15 0.025397891 
1013 1077 10 15 0.025395406 
630 1201 10 14 0.025384521 
55 880 9 12 0.02537176 
863 1036 8 11 0.025356567 
526 536 7 9 0.025345089 
173 958 9 11 0.02533309 
546 598 7 9 0.025313884 
739 1285 13 17 0.025299096 
537 608 8 10 0.025249043 
232 893 10 11 0.025237564 
666 670 8 9 0.02523303 
707 1258 14 17 0.025216538 
863 862 9 10 0.02520983 
13 1084 10 14 0.025202742 
732 1142 11 13 0.025188068 
224 1208 12 17 0.025186008 
459 1170 14 18 0.025181385 
641 1142 12 16 0.025180457 
112 1189 10 13 0.025161643 
657 943 9 12 0.025141925 
605 670 7 10 0.025134778 
570 673 8 10 0.02513423 
5 477 9 11 0.025131408 
355 1014 12 14 0.025107553 
804 1330 21 27 0.025075097 
343 1130 10 12 0.02502707 
735 958 9 11 0.025007877 
654 1127 11 12 0.025002822 
496 997 9 12 0.024987586 
275 954 11 14 0.024974775 
189 871 9 11 0.024966689 
224 1342 12 16 0.024956448 
616 1165 12 16 0.0249527 
62 1346 13 14 0.024948176 
264 879 9 11 0.024945172 
552 1028 8 11 0.024921002 
622 830 8 11 0.02491557 
208 433 7 8 0.024913305 
195 798 8 10 0.024912622 
440 606 8 10 0.024908315 
213 942 9 12 0.024904484 
249 937 17 21 0.024888102 
96 1007 8 11 0.024877192 
546 1284 11 15 0.024876766 
113 1181 10 13 0.024864031 
845 952 10 13 0.02484887 
758 844 10 12 0.024842635 
553 585 8 10 0.024836136 
551 566 8 9 0.024792885 
540 1026 10 15 0.024790872 
536 591 8 10 0.024784302 
946 1163 12 16 0.02476894 
463 623 8 10 0.024753401 
97 957 8 11 0.024746252 
546 629 8 9 0.024734369 
39 1216 18 23 0.024720281 
63 1015 10 12 0.024695061 
520 1292 11 15 0.024693254 
62 1006 10 12 0.024690473 
691 1274 12 16 0.024685586 
772 949 10 12 0.024678338 
528 1014 9 11 0.024677256 
941 1152 17 23 0.024663908 
697 1262 21 22 0.02466335 
657 815 8 11 0.02465901 
45 479 10 11 0.02465626 
98 968 8 11 0.02465332 
223 895 10 11 0.024633337 
703 824 8 10 0.024600973 
570 687 7 10 0.024576668 
362 694 8 10 0.024555618 
534 1239 9 12 0.024537422 
308 827 18 23 0.024527654 
292 1252 12 17 0.024475856 
742 923 11 14 0.024473656 
880 883 10 11 0.024433738 
628 1251 13 16 0.024414832 
450 726 7 9 0.024405736 
678 1186 13 17 0.024403762 
593 673 7 8 0.024395281 
51 1038 9 12 0.024390437 
780 905 11 14 0.024378303 
329 873 8 9 0.02435081 
336 783 8 9 0.024345439 
608 1014 10 13 0.02433953 
342 689 19 24 0.02433855 
204 1131 10 13 0.02433463 
725 1260 13 16 0.024333904 
638 918 9 12 0.02431923 
301 940 9 11 0.024307365 
647 1188 13 15 0.024306139 
162 1076 13 16 0.024302633 
218 816 8 10 0.024287065 
887 861 10 11 0.024284542 
185 440 6 8 0.024250155 
141 949 10 11 0.02424058 
829 991 10 13 0.02423782 
526 489 9 10 0.024216276 
493 680 8 9 0.02420419 
678 766 8 10 0.024196187 
389 664 19 25 0.024170987 
938 855 9 11 0.024160579 
351 711 7 10 0.024141222 
112 888 9 11 0.02414092 
568 656 7 8 0.024132324 
886 992 8 10 0.02413167 
312 777 19 23 0.024123766 
149 1029 11 13 0.024108408 
383 727 7 9 0.024105681 
611 927 18 25 0.02407614 
343 678 7 9 0.024018722 
220 994 11 13 0.024014829 
389 735 8 10 0.024013296 
409 687 8 10 0.023999346 
296 768 8 9 0.023990145 
631 725 7 10 0.023973633 
368 853 8 10 0.023971867 
272 842 17 23 0.023971103 
180 1206 12 16 0.023970269 
663 1136 19 21 0.02396017 
486 510 8 11 0.023958517 
744 967 9 12 0.023947654 
543 856 10 13 0.023945581 
263 784 8 9 0.023941163 
614 1101 10 14 0.023927333 
526 1303 10 14 0.023920294 
654 703 8 10 0.023917934 
715 882 10 13 0.023916204 
870 1237 9 11 0.023903362 
569 1251 10 14 0.02390143 
670 1091 11 14 0.023897238 
898 838 8 10 0.02388822 
533 1004 9 13 0.023839645 
327 711 7 9 0.023834584 
376 616 6 8 0.02383444 
672 870 9 11 0.023833103 
133 1244 12 17 0.023820587 
309 817 8 9 0.02381377 
721 798 8 11 0.023811674 
393 788 10 12 0.023773534 
768 930 18 24 0.023763243 
655 784 19 23 0.023755278 
439 720 8 10 0.02371443 
525 1268 9 12 0.02371187 
863 1170 17 22 0.02370754 
845 1021 8 10 0.023695758 
548 1113 11 15 0.023693996 
465 654 7 10 0.023671238 
230 777 9 11 0.023663 
286 1142 12 16 0.02364357 
69 852 9 11 0.023641521 
159 1230 11 14 0.023593811 
489 600 8 10 0.023590386 
626 898 9 12 0.02357351 
640 1129 11 14 0.023565065 
395 874 16 18 0.023563197 
669 842 18 23 0.023555066 
709 1204 12 17 0.023517333 
625 996 8 10 0.023516076 
145 1036 10 14 0.023495806 
563 1062 10 13 0.023454333 
66 1290 15 18 0.02344199 
631 688 6 9 0.02344061 
395 1209 13 17 0.023437206 
470 1246 11 16 0.02342842 
666 735 7 9 0.02341076 
626 1019 18 23 0.023404373 
943 880 8 10 0.02338054 
535 916 9 11 0.023375206 
579 608 8 10 0.023374377 
317 888 10 12 0.023366554 
823 1013 9 10 0.023360407 
524 980 10 13 0.023354903 
585 1057 12 16 0.023350455 
479 709 8 10 0.023332644 
86 1300 11 14 0.023310838 
446 998 12 16 0.02330206 
313 712 7 10 0.023295412 
801 1054 9 10 0.02324999 
801 1062 9 12 0.023247931 
255 775 8 9 0.023243822 
543 639 8 10 0.023228118 
728 873 18 23 0.023223048 
613 1093 8 11 0.02319528 
914 1128 10 13 0.023188414 
443 1153 12 16 0.023165751 
440 1186 12 16 0.023161005 
376 1164 9 13 0.023143103 
435 646 8 10 0.023142235 
660 1126 12 14 0.023140727 
478 1238 11 16 0.023140647 
255 1155 11 13 0.023101442 
473 656 8 11 0.023097971 
845 887 8 9 0.02309744 
272 870 9 11 0.023094116 
842 1210 20 24 0.023078725 
528 1113 23 30 0.023077426 
70 1066 10 14 0.023057647 
531 1022 10 14 0.023056788 
137 886 8 12 0.023024775 
191 438 7 8 0.023022607 
411 1261 13 18 0.023018274 
672 1214 11 14 0.023003606 
103 1008 9 10 0.02295766 
372 1207 12 16 0.02294695 
344 767 8 10 0.02292456 
291 1019 12 18 0.022895787 
599 955 9 12 0.022880936 
151 1260 12 15 0.022876034 
552 1023 8 11 0.022873633 
137 912 9 12 0.022871202 
626 926 8 12 0.022862356 
456 646 8 10 0.02285792 
653 851 10 12 0.022856668 
806 1063 8 10 0.022830756 
687 786 9 11 0.022804698 
156 1110 10 14 0.022799231 
855 1006 9 12 0.022794044 
215 1119 18 21 0.022783358 
200 1020 11 13 0.022777446 
744 954 9 12 0.02276709 
321 704 8 9 0.022760013 
822 879 9 11 0.022745045 
38 1063 11 12 0.02273683 
491 1207 18 22 0.022712313 
252 856 19 23 0.02270444 
452 1139 12 14 0.022701712 
658 863 8 10 0.02269779 
196 1148 11 15 0.022692194 
321 1037 10 13 0.022659598 
107 1052 10 14 0.022653716 
217 1078 9 11 0.022646127 
647 719 7 8 0.022636741 
584 1011 9 12 0.02261677 
607 1018 18 21 0.022601184 
504 996 11 14 0.022596667 
424 625 8 10 0.022579538 
616 1129 11 14 0.022577947 
614 647 8 10 0.022568963 
887 910 8 11 0.022557924 
142 943 9 12 0.022555372 
533 556 9 11 0.022551803 
461 798 9 12 0.022543151 
679 669 8 10 0.022536097 
101 1279 13 17 0.022529924 
182 838 9 11 0.022505341 
462 774 7 10 0.022500766 
561 775 8 11 0.022497311 
380 1164 12 15 0.02249262 
685 909 9 11 0.022469912 
109 949 9 10 0.022467101 
532 551 9 12 0.022448279 
456 638 7 10 0.022420341 
49 982 8 11 0.022412349 
505 503 9 11 0.022404142 
709 874 17 23 0.02239144 
301 1208 12 16 0.02238727 
509 1059 9 12 0.022385418 
657 767 8 9 0.02238123 
37 1158 11 15 0.022381047 
872 1004 10 13 0.022375163 
750 1038 10 13 0.022372706 
680 1066 18 23 0.022364093 
442 1261 95 109 0.02236238 
702 789 8 9 0.022361161 
525 647 7 9 0.022359 
904 1209 14 17 0.02233173 
431 1177 11 15 0.022313714 
439 652 8 11 0.022308806 
281 727 7 9 0.02230136 
264 941 9 11 0.022295693 
468 686 9 10 0.022294719 
177 839 8 12 0.02228122 
349 1212 11 14 0.022257986 
159 1174 12 16 0.022242947 
888 857 8 9 0.022234147 
552 816 8 10 0.022223331 
430 728 7 9 0.02221671 
739 1157 11 14 0.02219359 
312 1245 10 16 0.022173675 
190 814 8 11 0.022167323 
616 1188 10 14 0.022155885 
190 1196 10 14 0.022141375 
326 719 7 10 0.022128003 
328 807 8 11 0.022122057 
434 670 8 10 0.022116981 
686 664 8 9 0.022103827 
646 1062 11 14 0.02209924 
13 1345 13 15 0.022097796 
47 440 9 10 0.022082798 
303 705 8 10 0.022066781 
561 740 9 11 0.022066731 
87 870 9 11 0.022035379 
214 841 10 11 0.022035168 
464 757 8 10 0.022023091 
481 491 8 11 0.022014363 
78 991 9 10 0.022012414 
227 1049 17 21 0.022006817 
925 855 8 10 0.021997001 
303 1045 11 12 0.021990517 
397 684 8 10 0.021977652 
191 807 8 10 0.021971533 
748 886 10 12 0.02196601 
29 853 10 12 0.021965489 
121 1198 19 25 0.02195689 
200 886 11 13 0.021944838 
335 672 7 10 0.021935608 
126 1168 12 16 0.021932425 
606 637 8 10 0.021924183 
272 801 7 8 0.021911671 
615 797 8 10 0.021900585 
504 812 10 11 0.021893555 
426 709 8 11 0.021891313 
234 996 10 13 0.021888822 
818 1057 8 10 0.021876855 
575 1240 20 25 0.02186112 
902 1125 8 10 0.02185157 
439 759 9 11 0.02184285 
121 950 8 10 0.021826264 
237 901 9 11 0.021825666 
591 1196 19 23 0.021824786 
770 902 10 12 0.021823833 
945 884 8 10 0.021813575 
492 832 10 11 0.021807736 
717 1289 11 16 0.021801805 
413 1220 12 15 0.02178507 
809 1094 8 11 0.021775829 
547 890 11 14 0.021773655 
799 1280 13 17 0.021771945 
817 878 9 11 0.021771383 
433 1144 11 17 0.021755695 
615 655 8 9 0.021752479 
363 1206 19 25 0.021749275 
798 960 9 10 0.02174703 
366 812 9 11 0.021724654 
62 829 8 10 0.021702228 
569 503 8 10 0.021696348 
61 488 9 10 0.021696266 
633 1064 18 22 0.021695174 
154 1304 16 22 0.021678103 
135 822 8 10 0.021669772 
517 1315 21 30 0.02165397 
567 1218 12 16 0.021649757 
5 1174 12 16 0.021640152 
383 688 7 10 0.021631863 
9 1119 10 12 0.021616463 
138 974 9 11 0.021613436 
684 973 12 14 0.021610327 
591 1045 10 14 0.02160647 
626 890 18 22 0.021600792 
789 1008 18 23 0.021595659 
359 1157 10 13 0.021585278 
296 935 9 12 0.021584636 
685 1179 12 17 0.021548243 
556 1109 11 15 0.021544604 
276 1060 11 13 0.021532105 
905 926 9 11 0.02151713 
232 1182 12 14 0.021516196 
464 521 8 9 0.021504706 
582 924 10 11 0.021475896 
750 821 8 10 0.021470185 
213 1180 13 17 0.021459835 
55 1008 9 11 0.021459436 
759 1282 13 15 0.021455444 
540 1189 12 16 0.021454893 
22 1080 12 17 0.021440761 
79 888 9 12 0.021423211 
165 1015 10 12 0.021420527 
662 719 7 9 0.021411749 
205 1002 20 22 0.021408927 
640 1153 11 16 0.021383012 
496 638 8 9 0.02138032 
751 816 9 10 0.021379555 
636 935 19 22 0.021369526 
297 705 7 8 0.02136458 
697 908 9 11 0.021361986 
478 607 8 9 0.021357872 
430 970 13 18 0.021356365 
549 1298 12 17 0.02135426 
321 1029 10 12 0.021344582 
508 1321 12 18 0.021339137 
257 1033 12 15 0.02133761 
368 963 9 12 0.021333033 
592 1294 9 12 0.021327555 
490 819 9 12 0.021325245 
62 1157 10 14 0.02132409 
193 775 7 9 0.021282254 
745 937 18 25 0.021258472 
760 998 7 10 0.021248326 
390 606 7 9 0.021245725 
538 843 9 12 0.021243863 
199 870 10 12 0.021240713 
425 1099 9 11 0.021235658 
487 695 8 10 0.021231135 
613 1224 11 14 0.021225361 
700 998 11 13 0.021217743 
663 711 6 9 0.021214342 
127 984 7 9 0.02121255 
785 943 10 12 0.021210248 
214 885 8 11 0.021206507 
278 1117 11 13 0.021194464 
464 743 9 11 0.02119325 
304 868 9 11 0.02118654 
151 960 9 11 0.02117588 
609 1225 19 22 0.021173112 
640 749 9 10 0.021158278 
535 655 7 9 0.021136032 
154 1313 18 25 0.021110794 
456 956 12 16 0.021094542 
14 1067 12 15 0.021085804 
759 1266 12 17 0.021066735 
278 704 7 9 0.021065475 
831 855 8 10 0.021064723 
684 980 12 16 0.02105075 
537 1105 21 26 0.02104457 
680 694 8 9 0.02103709 
520 527 8 9 0.021033814 
219 1180 11 16 0.0210253 
95 986 18 21 0.021024015 
672 781 7 10 0.021013182 
603 885 9 12 0.021008825 
149 837 9 12 0.021000328 
565 759 8 11 0.02099362 
344 871 9 11 0.020993602 
524 1289 13 17 0.020989848 
479 599 8 10 0.020979155 
433 740 9 10 0.020922773 
733 918 10 12 0.020899568 
646 687 7 9 0.020887386 
296 776 8 10 0.020885745 
865 883 9 11 0.020876987 
193 1075 11 14 0.020836044 
221 767 8 10 0.020823888 
598 822 7 10 0.020820407 
627 919 19 24 0.020815475 
592 934 10 13 0.020813972 
861 1069 10 12 0.02081152 
312 940 9 12 0.020801391 
15 1159 13 18 0.020798363 
321 823 9 11 0.020796215 
85 1031 9 11 0.020795075 
657 662 8 10 0.020791622 
215 990 11 12 0.020786755 
597 1054 11 15 0.020780796 
128 1062 10 12 0.020767327 
551 599 8 9 0.020763908 
568 1014 18 24 0.020756468 
478 1197 10 14 0.020754298 
819 938 17 23 0.020707611 
644 1229 10 15 0.020703105 
178 990 18 22 0.020695731 
79 445 9 10 0.020685578 
23 478 10 11 0.020683924 
710 908 10 13 0.020677043 
543 1121 22 31 0.02066227 
502 1317 22 28 0.020657282 
535 632 7 8 0.020639358 
85 1245 11 15 0.020630414 
390 689 18 24 0.02062234 
573 900 9 12 0.020616116 
191 433 7 8 0.020611368 
591 697 8 9 0.020605465 
112 919 19 22 0.020583235 
703 734 6 8 0.020582365 
593 984 8 11 0.020582307 
814 1032 8 10 0.02056975 
477 1228 12 16 0.020566931 
545 512 8 10 0.02056383 
454 678 9 11 0.020554123 
208 1275 15 20 0.020550624 
687 1199 19 23 0.020545753 
286 971 10 13 0.020534448 
272 806 7 9 0.020531021 
612 870 9 12 0.020510182 
789 974 10 13 0.020499421 
733 1261 13 16 0.020484976 
681 655 8 10 0.020473149 
215 1131 11 14 0.020467589 
95 1338 18 23 0.020466024 
615 893 9 12 0.02044652 
614 1197 10 14 0.02044136 
439 663 8 10 0.020439839 
144 901 10 12 0.020421943 
568 749 7 10 0.020404646 
407 655 8 10 0.020390248 
319 688 9 10 0.020377265 
320 757 8 10 0.020369632 
453 663 8 9 0.020353388 
613 990 9 12 0.020345805 
501 1315 14 17 0.020326423 
830 1081 17 23 0.020320293 
407 670 9 11 0.020302238 
735 799 7 10 0.02030088 
177 863 8 12 0.020299315 
57 840 9 11 0.020286605 
61 1118 9 12 0.020285295 
767 1077 11 13 0.020281658 
768 964 10 12 0.020269118 
845 1267 11 15 0.020262452 
186 1229 13 17 0.0202607 
69 1016 10 11 0.020252772 
229 814 8 11 0.020251654 
135 1165 11 16 0.020249838 
501 1179 12 16 0.020248523 
576 656 7 9 0.020247443 
127 973 8 11 0.020223696 
670 678 8 10 0.020216402 
397 1249 20 23 0.020207906 
629 855 9 11 0.020202713 
181 926 10 12 0.020201989 
766 1260 12 16 0.020195965 
628 978 18 22 0.020194927 
287 1091 10 11 0.02018545 
457 715 110 139 0.020182392 
536 647 8 9 0.020173218 
504 534 7 9 0.020154698 
825 1091 10 11 0.020144382 
596 1063 19 23 0.02014075 
819 1318 20 28 0.020139672 
116 1186 18 22 0.020136848 
600 864 19 22 0.020121805 
871 999 10 13 0.020117166 
583 671 7 9 0.020115579 
518 989 9 12 0.020113548 
521 631 8 10 0.020101404 
702 970 11 14 0.020096507 
552 607 8 10 0.020096118 
168 966 9 11 0.02009216 
531 1324 23 29 0.020092 
181 1062 9 12 0.020091763 
102 1146 13 15 0.02008164 
248 987 12 13 0.020068264 
437 1285 15 19 0.020061895 
801 1339 16 20 0.020049142 
496 992 9 11 0.020029036 
103 1189 10 12 0.020008666 
23 1126 11 13 0.020006951 
434 1168 20 25 0.020006848 
590 893 10 12 0.020006774 
312 767 8 9 0.020002438 
