21_Festival_Festival_21_976
54
148 44 26 33 0.9983127 
358 69 30 35 0.9978278 
533 265 60 76 0.99749964 
814 100 37 53 0.98889226 
766 44 20 27 0.97043455 
321 15 20 26 0.968193 
472 33 23 25 0.95562 
525 9 19 24 0.9550959 
22 19 18 24 0.91665214 
364 3 14 19 0.8876586 
161 4 18 20 0.783101 
878 15 20 26 0.64633286 
313 535 79 68 0.50311244 
950 5 15 19 0.19885512 
839 0 15 18 0.14599867 
834 95 34 43 0.06154211 
130 39 13 17 0.053013533 
759 47 17 22 0.04767022 
820 42 23 31 0.04660858 
872 7 37 50 0.045788445 
725 44 12 15 0.041675147 
36 221 414 557 0.041258484 
555 60 13 17 0.03459558 
851 85 29 41 0.03413518 
494 0 13 18 0.031883836 
250 252 39 39 0.031608272 
341 45 13 16 0.029904597 
298 43 16 18 0.029314209 
378 80 17 21 0.028811347 
827 46 27 34 0.028329993 
350 11 12 16 0.02740897 
2 -2 23 26 0.02720149 
0 78 46 62 0.026653955 
758 100 14 19 0.02570865 
810 45 21 30 0.025348729 
274 509 130 125 0.025170248 
888 17 16 22 0.024864413 
0 63 16 21 0.024551596 
336 0 11 12 0.024284191 
717 42 15 17 0.024170442 
842 -2 25 28 0.023039531 
407 0 12 12 0.022927623 
730 45 12 16 0.022899782 
767 39 14 17 0.021566182 
802 50 16 19 0.021486823 
748 36 11 15 0.021401688 
822 91 31 39 0.021398576 
329 13 22 28 0.021185378 
381 21 13 19 0.020907758 
902 54 14 22 0.020789502 
60 6 15 16 0.020574033 
349 19 13 16 0.02036411 
16 3 25 29 0.020343302 
347 528 75 63 0.020208966 
