21_Festival_Festival_21_640
18
172 223 11 14 0.111403055 
47 437 22 28 0.08831666 
122 433 24 34 0.051944777 
50 426 15 17 0.049674466 
619 594 13 15 0.047145862 
171 246 13 16 0.03784947 
124 428 14 17 0.036784925 
1002 190 8 11 0.035477962 
43 430 36 47 0.03513551 
667 483 10 14 0.034594003 
261 182 22 30 0.034574628 
965 245 13 17 0.029806277 
269 149 11 16 0.02941254 
748 437 14 17 0.028238712 
670 589 12 15 0.025308471 
620 602 14 16 0.024720157 
0 365 8 14 0.020885043 
110 232 11 14 0.020447427 
