53_Raid_policeraid_53_272
55
904 191 18 23 0.92959094 
582 236 21 27 0.8803214 
314 237 16 23 0.73109305 
333 225 15 21 0.48555017 
592 238 20 24 0.29735145 
667 9 49 52 0.13944753 
64 295 11 13 0.08026941 
379 300 12 15 0.078576475 
325 226 18 25 0.06782922 
400 317 9 12 0.060710218 
365 331 11 14 0.05175712 
292 264 21 25 0.043527365 
155 250 44 58 0.043073826 
298 242 25 31 0.04285307 
924 194 15 19 0.04243411 
119 298 11 14 0.04059485 
331 239 16 20 0.038514867 
364 297 11 14 0.038203828 
599 142 221 333 0.037017565 
580 229 17 25 0.036941014 
637 363 10 14 0.03649287 
104 89 87 110 0.03452351 
339 222 13 19 0.03424125 
298 230 24 27 0.0336471 
340 243 12 17 0.033146143 
349 225 13 19 0.032845788 
380 318 10 13 0.029956106 
363 266 14 17 0.029875275 
291 221 22 27 0.029555181 
364 316 11 12 0.02888808 
956 1 11 10 0.028583461 
662 156 136 187 0.028461542 
600 126 394 498 0.02827439 
119 264 8 10 0.027837092 
567 301 11 14 0.027707668 
120 271 9 11 0.02694689 
140 302 9 10 0.026643267 
321 234 16 21 0.02538769 
262 301 9 12 0.025144566 
276 215 46 60 0.02467505 
516 247 15 18 0.024162415 
604 225 15 22 0.023486016 
284 308 37 53 0.02318285 
84 296 9 12 0.022537148 
277 269 11 14 0.022473274 
939 181 16 19 0.02187295 
972 1 10 10 0.021649076 
298 304 25 30 0.021603685 
136 256 45 62 0.021462662 
688 437 40 40 0.021050524 
923 228 16 20 0.020967225 
376 283 9 11 0.02093349 
100 295 10 12 0.02062365 
268 237 14 17 0.020513382 
379 307 12 14 0.020260317 
