53_Raid_policeraid_53_736
75
376 176 36 43 0.93383855 
491 185 39 49 0.5880921 
150 348 23 28 0.2800545 
277 207 28 35 0.2612112 
120 226 27 32 0.19988742 
614 309 47 58 0.18140645 
190 231 30 33 0.13251932 
476 192 44 54 0.07891292 
78 323 24 27 0.07634474 
186 233 20 24 0.06959932 
154 209 16 19 0.06922822 
171 245 24 31 0.06108014 
252 242 27 36 0.06094244 
459 198 40 52 0.04927599 
207 211 10 13 0.048321817 
213 221 12 17 0.048155237 
264 216 39 52 0.045887522 
108 218 28 34 0.045098793 
308 495 25 34 0.044536483 
106 212 15 18 0.04248693 
656 371 50 72 0.042273406 
229 247 17 20 0.042050697 
103 215 22 29 0.04074714 
257 243 17 21 0.040689446 
690 188 9 11 0.038029388 
743 553 14 17 0.037414968 
83 336 17 19 0.03692171 
310 322 15 20 0.0369215 
414 277 14 19 0.036547273 
344 447 10 12 0.033854436 
259 326 16 19 0.03178653 
88 325 16 19 0.031650115 
80 278 24 30 0.03159511 
162 267 24 30 0.03154723 
200 220 22 30 0.031383377 
90 357 14 17 0.031345446 
579 450 14 17 0.031015601 
101 224 14 19 0.030069074 
77 281 15 19 0.029325707 
194 226 19 22 0.029294044 
276 284 39 51 0.029237121 
105 233 28 30 0.028892867 
622 614 8 10 0.02878874 
448 211 32 43 0.028757 
820 321 54 66 0.0283133 
91 292 15 18 0.027811 
130 232 25 33 0.027532512 
603 299 36 45 0.026237551 
289 204 33 41 0.026016101 
79 268 11 16 0.02599483 
132 219 15 21 0.025728388 
216 242 25 30 0.024805633 
170 261 18 22 0.024785392 
308 310 24 30 0.024734218 
92 288 29 32 0.023909746 
336 240 18 18 0.023614896 
220 289 17 20 0.023178684 
195 218 16 20 0.023167295 
392 185 33 44 0.023091953 
255 239 14 16 0.023062859 
139 244 23 29 0.022997878 
157 277 26 35 0.022942279 
628 330 43 48 0.022588784 
439 340 14 15 0.022514606 
121 319 26 30 0.022426102 
154 254 27 31 0.022191359 
358 438 10 12 0.021978728 
723 515 13 14 0.021858271 
119 209 27 35 0.021451086 
190 219 14 17 0.021205654 
703 240 11 13 0.021152433 
208 230 18 23 0.021067291 
95 226 12 18 0.020675652 
181 239 16 21 0.020511411 
119 244 29 33 0.02037019 
