53_Raid_policeraid_53_674
67
843 64 33 38 0.98245484 
69 58 28 29 0.9766293 
279 54 55 61 0.97325754 
499 63 44 51 0.97218597 
638 92 26 30 0.9141078 
173 97 12 15 0.5414819 
162 100 14 17 0.51027405 
119 102 11 14 0.17196156 
687 132 13 17 0.13131906 
356 110 26 31 0.12432774 
128 95 9 12 0.12056796 
353 103 17 18 0.10514051 
126 99 11 15 0.102334976 
174 86 9 12 0.08681244 
179 95 12 18 0.06791078 
118 92 10 13 0.062161934 
654 294 17 21 0.059358224 
158 110 13 16 0.059051875 
897 104 8 10 0.055104204 
131 98 12 15 0.052998573 
347 105 27 29 0.051017493 
91 90 12 15 0.04650694 
153 106 13 17 0.045617506 
681 127 23 27 0.044026792 
651 84 16 23 0.043837693 
363 98 15 17 0.04335562 
452 108 11 13 0.04210717 
166 95 14 19 0.039073016 
198 94 41 50 0.03855136 
445 101 13 16 0.037063688 
370 99 15 18 0.036400456 
434 96 15 19 0.03586929 
547 124 20 22 0.035458926 
902 109 11 13 0.034923233 
45 203 46 71 0.03456185 
81 47 10 12 0.033256587 
212 99 14 19 0.03313038 
197 98 13 16 0.03308575 
176 115 10 13 0.03280665 
901 103 10 12 0.031926963 
112 88 11 13 0.030640373 
345 109 12 16 0.030231157 
362 105 18 19 0.029205468 
79 77 26 32 0.028166726 
325 128 15 18 0.027374376 
121 95 19 23 0.026534848 
839 404 10 12 0.026005635 
542 123 13 15 0.025925584 
172 104 13 17 0.02589048 
194 96 25 29 0.0255598 
380 101 11 15 0.025348302 
648 101 18 23 0.02531007 
430 93 13 18 0.025212713 
446 118 14 16 0.025046548 
132 228 29 39 0.024828885 
223 404 46 53 0.024780214 
303 67 54 60 0.0246207 
356 95 15 17 0.02451292 
660 79 10 14 0.024254216 
205 97 16 20 0.024236724 
693 127 11 14 0.02414137 
660 122 13 15 0.023875736 
113 88 21 26 0.022733115 
127 89 9 12 0.021399615 
476 378 16 17 0.021227717 
112 98 14 18 0.02084637 
90 65 14 19 0.020747405 
