53_Raid_policeraid_53_207
102
478 159 24 41 0.71166676 
121 113 27 33 0.10740102 
327 272 7 10 0.10035054 
311 294 9 11 0.08148009 
322 271 7 10 0.081093304 
949 51 10 13 0.066554435 
748 34 25 27 0.06303616 
280 262 9 11 0.06255867 
312 335 8 10 0.059806135 
126 121 15 19 0.058538765 
279 377 8 10 0.056441844 
312 313 9 10 0.056247834 
318 289 7 9 0.051128577 
313 428 9 11 0.04803011 
304 373 8 9 0.048006807 
312 288 9 10 0.047403406 
498 163 23 32 0.046587057 
318 428 8 10 0.046426985 
264 311 8 9 0.046093978 
408 350 13 16 0.0460928 
863 28 12 18 0.045932803 
775 54 10 13 0.04533902 
298 304 7 9 0.04418265 
320 349 8 10 0.04244078 
431 198 12 14 0.042358726 
295 385 7 10 0.042305227 
280 257 9 10 0.040109426 
311 409 7 9 0.03918693 
288 343 9 10 0.037545122 
321 302 7 9 0.03657953 
296 352 8 9 0.036451805 
565 455 13 18 0.0363243 
306 295 8 9 0.03620867 
312 360 8 11 0.036202732 
264 375 8 10 0.036058273 
280 288 8 10 0.03586371 
256 366 10 11 0.034566913 
303 367 9 11 0.03391735 
297 335 8 10 0.0325509 
386 240 9 11 0.03210585 
297 286 7 9 0.031520452 
129 399 7 9 0.031099461 
298 278 9 11 0.030662255 
439 194 13 17 0.030589 
255 341 8 10 0.029457828 
303 384 8 10 0.029345585 
295 359 9 10 0.029209753 
936 96 8 10 0.029197384 
1 408 7 11 0.028874759 
298 326 9 11 0.028752545 
257 358 9 10 0.028492874 
234 48 9 11 0.027907351 
256 337 9 10 0.027797583 
287 290 7 9 0.02774934 
278 335 10 11 0.027632048 
279 381 7 10 0.027601467 
225 352 7 10 0.02748755 
144 46 8 12 0.027216244 
328 295 7 9 0.026959147 
289 384 9 10 0.026764587 
413 170 16 20 0.026760755 
317 294 8 11 0.026477031 
425 206 11 13 0.026271435 
415 161 25 30 0.02601326 
263 354 8 10 0.025861485 
408 316 13 17 0.025780158 
297 402 7 8 0.025453625 
286 391 9 11 0.02464225 
223 401 8 10 0.024635535 
296 310 8 9 0.024557091 
617 279 9 11 0.024099782 
5 408 8 11 0.023647953 
312 270 8 11 0.023620132 
127 417 7 9 0.02316736 
135 95 10 12 0.0231506 
516 277 12 15 0.02310321 
255 352 9 10 0.023037825 
318 333 7 10 0.02303353 
303 264 7 9 0.022773432 
309 191 10 12 0.022745628 
286 257 8 10 0.022567144 
303 287 7 9 0.022490848 
303 319 8 11 0.02248849 
215 389 7 9 0.022372102 
272 364 9 11 0.02216549 
312 298 10 12 0.022110531 
32 408 9 10 0.021914732 
280 424 8 10 0.021900099 
528 316 12 15 0.021754276 
225 357 9 11 0.021688042 
787 48 14 16 0.021661898 
161 55 8 10 0.021421483 
280 328 8 10 0.021241305 
311 278 8 9 0.02116068 
223 405 7 10 0.021146057 
297 406 8 10 0.020793526 
462 164 29 35 0.020654818 
297 263 8 11 0.02062347 
279 318 8 9 0.0204073 
302 335 8 11 0.020394169 
529 420 10 14 0.020041315 
438 184 24 30 0.020031378 
