53_Raid_policeraid_53_543
62
582 193 94 117 0.9990268 
730 227 49 62 0.9803874 
163 162 22 29 0.9472167 
-3 177 41 89 0.93688196 
78 260 40 48 0.9120871 
531 285 19 23 0.8208276 
393 255 29 39 0.7605667 
485 290 21 25 0.70314246 
50 165 20 24 0.6755216 
791 230 46 69 0.6156115 
218 233 26 39 0.23707418 
89 197 15 19 0.17823318 
542 345 13 16 0.10900209 
522 283 20 26 0.09750206 
22 168 48 72 0.09519657 
449 284 22 27 0.08145839 
461 292 13 18 0.070708014 
768 223 49 68 0.06797779 
546 288 13 17 0.0623658 
294 282 13 17 0.059175584 
535 342 13 17 0.058061678 
368 194 14 21 0.057829145 
390 193 15 20 0.052087218 
715 236 39 45 0.047873247 
540 340 23 28 0.04619743 
550 308 12 16 0.04168247 
558 283 15 17 0.040278405 
928 276 57 57 0.035522345 
40 179 49 62 0.03499569 
1007 257 15 19 0.03339762 
83 200 25 29 0.033133883 
68 186 43 50 0.0316421 
939 636 61 58 0.03014068 
1002 232 21 28 0.028141368 
465 295 15 20 0.027891263 
266 185 16 19 0.027853768 
384 197 23 32 0.027496157 
141 214 11 15 0.02744472 
951 243 29 28 0.027405826 
375 255 36 38 0.027167197 
792 225 27 49 0.026927112 
498 291 14 20 0.02659051 
557 412 14 18 0.025953332 
498 626 15 17 0.025296113 
522 330 40 47 0.025129111 
320 179 11 16 0.02508879 
671 208 34 52 0.024430819 
520 357 13 15 0.024347411 
969 246 19 23 0.023868725 
153 298 29 34 0.023720315 
163 409 62 77 0.023506792 
953 658 31 32 0.023412334 
556 291 23 31 0.022829127 
325 177 12 16 0.022157004 
520 331 23 33 0.021823887 
519 279 14 18 0.02178611 
924 247 22 28 0.02123414 
276 275 11 14 0.021180453 
194 415 48 70 0.021049134 
301 266 13 15 0.020758547 
551 307 25 31 0.020548519 
139 280 47 59 0.020281324 
