53_Raid_policeraid_53_696
131
554 254 21 29 0.77352047 
421 219 23 31 0.6600097 
452 245 22 27 0.56659657 
345 224 24 30 0.5571824 
162 112 33 40 0.51984 
863 267 25 29 0.49686038 
269 204 25 31 0.41670126 
369 235 23 28 0.37653404 
270 330 120 163 0.3472717 
493 247 21 27 0.30500233 
371 221 23 27 0.25931245 
196 364 15 19 0.22093824 
559 244 23 28 0.21909723 
437 282 27 33 0.20868315 
123 223 19 22 0.1897046 
648 270 20 23 0.18965392 
869 280 19 22 0.18773676 
533 346 26 28 0.1786454 
350 196 14 16 0.14642727 
415 228 23 31 0.13330734 
776 250 37 43 0.119479984 
67 336 31 40 0.1180772 
193 212 33 41 0.11665194 
217 395 16 21 0.114435345 
668 358 24 30 0.11386009 
459 397 23 31 0.1131874 
816 34 49 59 0.111495055 
361 222 23 28 0.10552284 
517 281 17 23 0.10168331 
850 23 18 23 0.101022065 
832 285 24 29 0.09951606 
892 281 16 22 0.09550554 
339 207 14 17 0.09348478 
841 26 28 37 0.07724019 
790 175 34 38 0.07711306 
167 108 50 58 0.07287585 
259 187 42 50 0.070923455 
59 257 30 33 0.0641929 
348 210 14 17 0.057179417 
40 331 23 32 0.053050768 
882 282 23 29 0.052765846 
187 187 52 69 0.051788725 
673 273 33 35 0.051716138 
132 371 59 80 0.04926974 
613 278 26 27 0.049253557 
539 257 22 29 0.048921216 
980 7 42 71 0.047825094 
441 278 18 22 0.047145925 
831 15 29 37 0.046196945 
811 271 44 53 0.04564621 
789 442 15 21 0.043626055 
155 124 49 59 0.043158762 
790 15 91 110 0.043065436 
67 244 32 39 0.043051 
174 158 61 78 0.043043654 
442 294 31 38 0.041026954 
784 252 50 55 0.040986374 
825 0 27 31 0.038095955 
560 350 48 66 0.037741687 
863 249 30 38 0.037697617 
333 359 22 33 0.03740084 
930 242 47 57 0.037362568 
721 0 19 17 0.036212385 
810 39 34 42 0.035604734 
427 212 19 23 0.035510153 
899 54 17 20 0.035422474 
230 401 13 17 0.035318233 
121 225 29 35 0.035229933 
791 226 15 18 0.033980418 
769 219 31 34 0.033946153 
909 248 44 53 0.033731323 
350 207 21 27 0.033650447 
730 245 30 34 0.033633124 
848 276 26 32 0.033278096 
387 227 15 20 0.033276234 
772 233 36 45 0.032810785 
354 393 16 19 0.03256287 
593 302 19 22 0.03190154 
262 303 32 40 0.031739134 
345 200 19 24 0.031452022 
862 263 18 22 0.030679282 
302 357 68 96 0.030544879 
868 284 27 33 0.030412247 
717 459 13 16 0.0302893 
664 340 37 44 0.03022722 
540 345 47 60 0.029647196 
47 322 39 52 0.029284233 
842 360 25 30 0.02852719 
809 247 32 42 0.028247146 
798 221 27 29 0.026438586 
792 176 20 23 0.026129711 
783 58 27 32 0.026070641 
214 349 11 14 0.025647838 
254 272 36 45 0.025355576 
785 274 32 39 0.025242843 
86 387 47 60 0.025102751 
781 233 84 103 0.024833003 
929 260 26 35 0.024828414 
360 211 22 26 0.024753649 
805 181 31 38 0.024573442 
876 274 38 51 0.02424078 
893 264 27 33 0.024092969 
411 103 411 411 0.023878153 
950 236 54 67 0.023848256 
548 242 24 32 0.023664372 
732 234 46 54 0.02363201 
783 224 30 30 0.023520654 
846 256 40 51 0.023291573 
459 240 15 18 0.023194196 
491 259 18 23 0.0231794 
498 239 15 17 0.023166312 
156 143 60 75 0.023043184 
906 0 27 24 0.022754924 
531 262 22 27 0.022399407 
738 261 19 22 0.022111371 
240 367 8 11 0.02202447 
426 226 27 34 0.021970006 
899 0 19 18 0.02192227 
246 374 9 11 0.021555351 
811 48 18 22 0.021444509 
845 273 15 18 0.021415576 
803 217 50 60 0.021317115 
809 225 29 35 0.021255702 
248 368 8 10 0.020892907 
504 253 16 23 0.020857332 
191 339 14 18 0.020845503 
541 284 13 18 0.020802824 
894 44 27 35 0.020745995 
815 224 17 20 0.020479197 
782 422 10 14 0.020331958 
74 354 19 25 0.020048996 
