53_Raid_policeraid_53_445
78
531 274 108 142 0.9999417 
119 166 44 55 0.9883692 
764 160 40 50 0.98423135 
368 132 48 57 0.983189 
214 198 42 54 0.97519636 
509 188 40 48 0.9700963 
976 155 38 51 0.96600646 
423 160 36 48 0.92558086 
822 132 45 54 0.8954488 
64 182 41 51 0.89365906 
615 145 45 59 0.84813213 
217 275 34 41 0.6666212 
305 200 37 48 0.6190448 
439 159 36 43 0.39931935 
328 250 42 51 0.39304942 
946 159 27 37 0.38913268 
19 425 59 83 0.16416705 
838 106 16 19 0.15225679 
415 249 37 45 0.11563685 
717 179 30 38 0.09019147 
772 268 23 33 0.084175564 
0 117 43 75 0.07684328 
836 111 24 30 0.07593378 
108 617 32 36 0.070422255 
568 94 17 22 0.06963069 
139 149 25 31 0.0670926 
255 198 34 44 0.05930427 
292 401 25 32 0.05738142 
130 542 34 45 0.052835282 
550 130 25 32 0.051298477 
540 132 25 32 0.051199887 
284 202 40 53 0.05041585 
321 181 42 54 0.050310522 
-1 240 21 33 0.047546316 
840 388 41 37 0.0442142 
826 101 46 58 0.04421092 
85 293 29 35 0.044171624 
100 622 51 46 0.04161345 
317 222 45 55 0.04065574 
840 90 25 30 0.03963278 
233 195 43 53 0.038361445 
110 88 14 19 0.03812166 
830 100 25 31 0.03797263 
319 359 17 24 0.035539314 
119 223 364 435 0.035441607 
273 242 43 57 0.034400463 
108 625 18 22 0.03411203 
657 126 32 41 0.033669505 
497 250 35 49 0.03344944 
157 290 39 48 0.033166282 
393 142 45 56 0.032173082 
281 286 29 39 0.031209795 
223 294 23 27 0.030148478 
469 98 24 33 0.030050853 
36 423 40 46 0.029813204 
716 557 60 74 0.029236661 
597 91 16 18 0.02869021 
978 147 29 37 0.02794823 
591 106 24 30 0.025098111 
470 222 25 32 0.024295889 
204 183 42 55 0.024247596 
956 155 35 50 0.024077639 
335 165 45 57 0.023292819 
301 370 169 239 0.023150131 
308 238 93 110 0.022915708 
296 253 25 37 0.022238912 
814 261 37 52 0.022091318 
538 98 18 24 0.021896359 
372 197 40 46 0.021799475 
522 179 29 40 0.02177692 
754 250 47 63 0.021757288 
86 630 16 23 0.021033695 
302 267 50 62 0.020943385 
25 70 16 22 0.020774078 
509 99 17 23 0.020748034 
389 115 25 35 0.020635152 
894 217 45 54 0.020261303 
146 551 34 41 0.020238038 
