53_Raid_policeraid_53_858
56
292 222 25 34 0.99861646 
113 218 56 71 0.9979792 
829 127 46 62 0.9793412 
410 245 22 27 0.9754842 
51 215 22 29 0.9634072 
494 141 40 54 0.33242106 
357 221 20 27 0.14328642 
46 431 29 44 0.119492665 
519 184 38 49 0.11626502 
59 215 25 32 0.11395373 
507 159 43 54 0.11145226 
726 144 35 50 0.09067351 
739 158 30 39 0.076560736 
99 186 32 34 0.07436928 
733 134 26 36 0.07432327 
547 200 42 48 0.067454495 
363 274 16 21 0.06528568 
179 230 48 63 0.06146547 
236 528 62 89 0.059674233 
188 518 14 17 0.055845007 
380 216 14 19 0.05329222 
925 58 54 91 0.052299652 
56 423 23 39 0.04859784 
44 217 39 49 0.045427974 
75 216 15 21 0.04367901 
372 217 15 20 0.043042503 
361 192 14 20 0.043005154 
193 496 91 133 0.04020758 
445 425 16 22 0.039986707 
107 196 48 61 0.0373533 
37 420 33 42 0.036356036 
330 124 106 134 0.03548517 
733 158 17 29 0.034724366 
649 379 36 49 0.031746697 
90 179 26 33 0.03102886 
386 213 13 17 0.030931592 
869 142 18 22 0.030726805 
123 188 15 17 0.03021871 
458 232 30 41 0.02958216 
56 433 44 56 0.029377399 
278 126 10 14 0.028609887 
90 443 37 53 0.028183011 
197 97 11 15 0.027535351 
531 180 49 58 0.027191661 
17 78 10 13 0.026438931 
828 330 89 140 0.02602792 
32 233 41 53 0.025896361 
405 232 35 46 0.025758112 
193 245 52 57 0.025040546 
77 208 24 33 0.023716975 
207 162 12 16 0.02353671 
18 443 28 35 0.022941386 
556 195 54 67 0.022621619 
425 278 25 36 0.021715105 
90 197 33 39 0.021565292 
20 62 9 11 0.020535335 
