53_Raid_policeraid_53_928
26
767 132 46 56 0.9934602 
244 194 92 70 0.987648 
705 134 32 56 0.9559069 
662 134 47 58 0.13472041 
285 188 66 64 0.107230194 
815 507 59 79 0.07658484 
23 299 9 12 0.06715375 
681 138 49 59 0.057393115 
870 242 24 28 0.04730359 
811 214 41 52 0.047225572 
318 435 137 181 0.04009986 
930 140 12 16 0.03861056 
663 727 10 13 0.03432831 
860 252 24 28 0.03252553 
980 15 10 13 0.030083941 
26 508 10 13 0.029864907 
881 247 16 20 0.027661698 
660 745 12 14 0.0264777 
252 209 52 45 0.026376199 
962 507 16 20 0.024019537 
8 527 8 10 0.023311824 
623 23 9 11 0.021756437 
718 39 9 10 0.02165182 
109 646 14 17 0.021345347 
729 31 7 9 0.020287333 
987 104 12 18 0.02015349 
