53_Raid_policeraid_53_256
49
572 120 72 75 0.9906632 
644 87 65 76 0.97448516 
970 93 46 67 0.9387397 
835 126 43 74 0.9071213 
91 36 38 66 0.62205976 
795 241 29 47 0.15897153 
380 103 48 60 0.15075067 
830 190 26 40 0.14559871 
751 55 22 31 0.14288443 
757 201 34 38 0.11253996 
623 99 59 66 0.104907244 
406 77 33 37 0.092869595 
929 128 50 68 0.09236773 
951 112 45 66 0.074798234 
377 100 24 40 0.05299173 
811 131 50 73 0.04738117 
647 545 28 28 0.045848664 
663 3 28 28 0.042103883 
391 82 50 59 0.041744266 
751 190 29 38 0.040161885 
991 101 36 60 0.039835226 
748 138 43 57 0.03777747 
152 271 10 13 0.032124538 
708 134 46 62 0.030217338 
746 50 37 52 0.030094823 
535 104 49 67 0.029956099 
510 33 58 75 0.029127132 
764 146 53 60 0.029016506 
418 65 49 56 0.028921982 
396 96 62 67 0.028139181 
345 358 32 36 0.028076297 
811 197 43 53 0.027613161 
432 98 54 61 0.026616443 
823 246 47 61 0.026461352 
29 35 42 64 0.026449189 
366 280 25 31 0.025833096 
777 226 41 56 0.025526138 
810 169 43 60 0.024285765 
332 352 16 19 0.02334366 
455 102 51 69 0.022684636 
829 91 15 21 0.02251544 
822 90 15 20 0.022209883 
402 58 80 93 0.021417772 
841 203 16 25 0.021392843 
819 85 26 32 0.020967124 
788 261 29 48 0.0208149 
885 122 81 94 0.020646473 
447 78 49 63 0.020145204 
280 381 44 63 0.020095764 
