53_Raid_policeraid_53_43
35
766 89 49 56 0.9980506 
654 39 31 37 0.9979532 
470 123 38 41 0.9979049 
617 127 42 58 0.98691607 
90 92 35 37 0.9858169 
264 129 36 40 0.7786916 
356 127 21 32 0.21381776 
14 211 11 16 0.14094794 
209 274 43 43 0.13229123 
147 200 55 74 0.103819735 
338 126 16 24 0.06847055 
495 281 41 55 0.06123818 
259 104 47 57 0.047228284 
344 122 24 33 0.044579644 
322 201 24 34 0.040599275 
648 138 48 54 0.036698096 
673 140 39 49 0.030078394 
363 140 16 22 0.029072192 
296 374 26 31 0.028938593 
359 202 41 52 0.025730994 
166 219 49 68 0.025641346 
328 129 23 29 0.025370387 
231 181 52 72 0.02465093 
0 286 11 18 0.023891177 
273 146 34 43 0.023466438 
511 278 29 38 0.023445655 
175 160 30 34 0.023185953 
370 136 15 21 0.022299306 
393 437 43 34 0.02222415 
861 765 11 13 0.022188418 
497 309 34 42 0.021485759 
5 0 33 31 0.021196695 
525 771 11 12 0.020902686 
808 91 30 43 0.020777825 
246 157 52 75 0.020762036 
