53_Raid_policeraid_53_597
39
456 178 220 293 0.9999522 
49 175 43 59 0.24585217 
636 731 106 130 0.21763495 
267 817 229 277 0.18315426 
991 806 22 29 0.099480934 
431 864 18 22 0.08149181 
188 636 358 507 0.07789658 
260 470 12 16 0.07705712 
576 670 161 241 0.07656007 
714 791 17 21 0.06825683 
877 680 99 135 0.06736267 
252 497 16 20 0.045069493 
175 547 26 32 0.040870998 
529 961 106 92 0.039981328 
530 109 50 63 0.039935634 
-2 870 27 52 0.03766159 
212 497 12 16 0.036904663 
251 505 15 21 0.034861937 
512 -43 402 515 0.034542616 
659 648 407 409 0.03434537 
919 722 60 84 0.032579627 
704 350 18 22 0.03032025 
399 687 364 476 0.028614752 
794 770 118 147 0.027599718 
225 337 14 19 0.027180692 
755 732 200 227 0.026409065 
285 867 138 160 0.026298687 
245 498 15 19 0.02404628 
597 1007 54 64 0.022604015 
259 494 16 21 0.022108164 
1003 789 20 32 0.021952735 
946 793 16 24 0.021561429 
237 511 15 19 0.021559548 
833 701 108 130 0.02151617 
226 162 14 19 0.02099838 
998 751 26 37 0.020921284 
449 889 53 80 0.020890292 
685 1065 17 17 0.020811306 
25 905 25 33 0.020065766 
