8_Election_Campain_Election_Campaign_8_76
44
357 229 31 38 0.9993994 
345 295 34 44 0.9993318 
643 232 29 38 0.9992459 
711 310 31 39 0.9991742 
683 288 34 44 0.9989485 
515 250 32 40 0.99855596 
151 304 39 42 0.99855524 
614 272 32 43 0.99855226 
444 228 35 42 0.9981665 
554 256 28 38 0.9968028 
782 288 31 41 0.99638665 
709 227 29 36 0.9960782 
842 273 40 51 0.9955497 
71 309 36 45 0.99519867 
256 283 38 47 0.99502015 
413 279 35 44 0.9926611 
20 290 41 49 0.98629725 
297 221 28 37 0.9816036 
392 236 25 32 0.94431597 
193 305 31 41 0.6287782 
578 246 27 34 0.42286023 
206 236 24 30 0.41731417 
268 270 31 39 0.2767341 
604 221 24 32 0.16295227 
986 385 15 18 0.1220414 
957 362 12 13 0.070644476 
967 344 12 18 0.06911461 
973 348 11 16 0.050776195 
966 357 10 14 0.04434705 
651 181 21 25 0.037683748 
959 340 12 16 0.03292569 
613 180 22 26 0.032623738 
202 295 35 47 0.031821184 
965 335 10 13 0.030286556 
525 43 21 28 0.0275785 
274 267 21 25 0.025026374 
960 334 9 12 0.02453007 
920 316 12 15 0.022643518 
960 327 8 11 0.022343481 
27 -58 486 498 0.022288028 
190 312 16 24 0.022171203 
330 264 17 19 0.02171866 
617 4 13 14 0.021289544 
415 267 28 34 0.020074131 
