8_Election_Campain_Election_Campaign_8_452
75
422 386 54 67 0.997556 
787 322 85 99 0.9944999 
969 392 50 69 0.99199355 
639 291 77 83 0.9916747 
74 449 44 50 0.9802301 
361 404 43 56 0.93233865 
152 447 41 48 0.879701 
8 490 34 40 0.3049055 
0 452 31 48 0.1743546 
321 381 16 21 0.1355437 
527 393 25 36 0.07600544 
392 380 13 15 0.074831635 
143 456 35 49 0.070788674 
111 459 28 36 0.0660963 
286 321 13 15 0.06332681 
484 542 47 60 0.059079062 
351 410 33 43 0.05484087 
310 180 9 11 0.049196225 
60 455 27 36 0.047985714 
106 140 8 11 0.04782418 
292 246 11 13 0.044841774 
334 349 9 10 0.039485414 
287 312 9 11 0.03739806 
332 398 25 36 0.036701314 
60 429 14 17 0.03643679 
290 252 9 11 0.03462028 
280 183 8 11 0.033744775 
367 387 12 16 0.033622216 
732 350 45 63 0.033524342 
222 281 11 15 0.03330795 
331 380 12 16 0.03309873 
749 371 12 16 0.032121025 
500 391 41 61 0.032046646 
71 143 8 10 0.03171423 
344 175 8 11 0.030874232 
242 393 30 40 0.030504754 
245 293 9 12 0.029948736 
525 378 23 36 0.029413227 
748 475 43 64 0.028901987 
164 456 43 49 0.028800732 
340 364 15 19 0.028602002 
278 239 9 11 0.027506908 
204 542 31 44 0.027167344 
125 460 27 38 0.02708248 
381 401 34 48 0.02688681 
58 440 26 36 0.026807893 
294 240 10 11 0.026684942 
287 223 8 10 0.026209455 
128 157 9 11 0.025123201 
265 303 9 10 0.024951423 
249 215 8 11 0.024693629 
-3 414 24 43 0.024370236 
278 244 9 12 0.024259636 
239 413 39 49 0.023868546 
58 430 22 30 0.02367434 
5 461 46 59 0.023466209 
222 200 8 10 0.02345782 
302 204 10 12 0.023386573 
0 131 9 14 0.023255417 
490 403 30 47 0.023109645 
225 160 9 10 0.02308051 
246 174 9 11 0.022582559 
283 316 22 26 0.022577496 
308 199 9 11 0.022463568 
247 190 9 11 0.022328274 
262 191 9 10 0.021697884 
278 156 9 12 0.021422368 
272 246 9 11 0.021376096 
361 380 26 34 0.021344509 
30 479 43 53 0.021080088 
450 391 51 66 0.020693319 
281 303 9 10 0.020530168 
198 468 36 40 0.020473333 
263 220 9 11 0.02024061 
287 230 9 10 0.02017746 
