8_Election_Campain_Election_Campaign_8_157
170
163 420 33 45 0.99934584 
268 441 21 25 0.9826707 
219 456 21 27 0.9654638 
-1 471 20 30 0.95479375 
326 460 23 36 0.9347828 
805 461 12 16 0.70887 
726 415 17 21 0.6960986 
405 460 13 18 0.45743442 
645 443 12 15 0.3753338 
333 433 13 15 0.32553467 
1004 340 15 22 0.22069502 
630 424 13 14 0.2131828 
766 439 23 31 0.19414586 
585 547 18 20 0.17181326 
686 451 14 18 0.16238274 
606 464 15 20 0.15705755 
921 448 8 9 0.15694007 
583 450 22 30 0.14490685 
894 389 9 11 0.14287227 
583 403 13 16 0.13676503 
666 441 14 21 0.13354105 
662 438 13 19 0.123328194 
906 441 7 10 0.122272514 
653 441 12 18 0.107069485 
920 262 17 20 0.106814645 
612 461 12 16 0.101891756 
774 360 8 11 0.09519838 
854 436 11 15 0.09266019 
792 370 10 13 0.08327569 
991 306 11 13 0.07951231 
536 446 9 13 0.07893673 
820 453 10 13 0.07649478 
360 266 12 15 0.07384638 
309 460 26 31 0.073123276 
903 452 11 13 0.07202432 
434 440 25 30 0.07178553 
464 395 13 18 0.07172827 
685 443 14 18 0.07062245 
830 463 9 12 0.067964114 
894 448 7 10 0.06566873 
890 447 8 11 0.0649808 
874 351 9 11 0.062931284 
447 275 11 14 0.06277075 
702 421 9 10 0.062476642 
951 386 11 14 0.062401187 
503 464 13 18 0.060970593 
690 457 14 16 0.06096961 
909 446 9 11 0.058869693 
810 460 11 14 0.058363605 
946 253 10 12 0.056486286 
617 483 11 17 0.05504635 
958 448 11 12 0.054317255 
832 437 11 15 0.053773142 
662 489 14 20 0.05303099 
830 113 31 38 0.051029254 
915 247 25 29 0.04740892 
932 236 10 13 0.045505807 
338 433 13 18 0.0447629 
816 454 10 14 0.044400144 
594 458 21 28 0.042640463 
909 452 11 13 0.042101033 
678 441 14 18 0.040725198 
358 273 13 15 0.040617872 
399 463 14 19 0.040615793 
826 185 19 36 0.039907068 
790 450 13 17 0.03907702 
693 438 11 14 0.03849691 
799 306 12 16 0.038246382 
919 250 15 18 0.038023405 
887 342 9 10 0.037877303 
438 449 24 34 0.037801545 
797 452 14 18 0.037270814 
397 474 11 16 0.03708819 
734 441 16 19 0.03703093 
719 453 13 17 0.03630221 
655 430 9 13 0.03566236 
894 397 8 10 0.03561485 
940 437 10 12 0.035143297 
851 323 12 17 0.034548964 
572 415 10 12 0.03424264 
405 449 20 28 0.034079842 
772 453 16 19 0.03329361 
230 540 20 30 0.033181913 
559 457 14 20 0.0331735 
557 451 25 31 0.033120368 
951 454 11 12 0.032929834 
769 364 8 10 0.032795 
612 474 14 19 0.032758392 
461 413 12 16 0.032601114 
508 439 10 13 0.032541636 
639 438 11 15 0.0324488 
759 376 8 10 0.0321007 
625 348 10 12 0.031893216 
617 438 16 20 0.0318872 
562 437 38 47 0.03181449 
680 451 12 16 0.031662054 
936 445 11 13 0.031382244 
653 327 13 17 0.031376544 
885 410 10 13 0.03125735 
822 461 11 13 0.031145526 
623 425 15 18 0.031085161 
530 503 39 53 0.031010972 
895 453 9 10 0.03048263 
589 440 22 32 0.03031483 
811 315 14 18 0.03019661 
56 607 9 12 0.029683445 
662 360 15 19 0.028862704 
985 300 10 12 0.028045593 
863 455 11 12 0.027883288 
687 432 8 11 0.027815383 
556 438 10 15 0.027534444 
502 441 13 18 0.027467951 
822 447 11 14 0.027453983 
105 527 23 30 0.026769357 
774 323 9 13 0.026491562 
477 440 14 16 0.026385143 
912 236 26 28 0.026339706 
465 459 24 27 0.026270548 
863 470 11 12 0.025898576 
900 388 10 12 0.025709268 
890 384 9 13 0.025569966 
800 464 13 15 0.025474476 
832 432 10 12 0.024927292 
777 447 16 21 0.024922136 
832 338 12 17 0.024846 
1004 445 12 16 0.024651363 
801 310 25 30 0.024572117 
489 449 22 29 0.024445415 
943 389 13 16 0.024047578 
574 443 13 16 0.02390304 
829 454 11 13 0.023546897 
233 524 22 33 0.023405053 
672 471 10 12 0.023346802 
449 463 14 20 0.023336714 
846 309 21 33 0.023099838 
574 450 16 22 0.023029957 
726 444 12 16 0.022871904 
547 441 22 30 0.022816772 
764 340 10 14 0.022768278 
832 308 10 13 0.022712486 
503 432 10 11 0.022679599 
570 366 215 213 0.022675503 
944 455 10 11 0.022167526 
455 389 21 27 0.022065219 
680 458 12 16 0.021942329 
849 470 8 12 0.021931838 
917 333 13 14 0.021893902 
805 313 15 19 0.02175181 
236 559 13 18 0.02173658 
793 301 42 50 0.021696528 
479 455 24 29 0.02167578 
349 442 12 17 0.021337932 
766 324 10 13 0.021259572 
789 340 11 15 0.021234525 
537 449 13 17 0.021199707 
867 459 11 13 0.021140156 
597 471 16 20 0.021096611 
616 398 11 15 0.021055052 
614 482 20 29 0.021010134 
732 408 12 14 0.020944335 
543 352 12 16 0.020886034 
676 470 11 13 0.020833591 
889 439 7 10 0.02059875 
519 292 9 12 0.020573266 
760 324 9 12 0.020448543 
343 430 22 29 0.020429885 
342 440 12 16 0.020325096 
944 460 10 13 0.020251721 
781 326 8 12 0.020225875 
549 484 11 13 0.020154292 
