8_Election_Campain_Election_Campaign_8_244
27
388 99 106 148 0.99992776 
102 65 138 169 0.99988663 
507 128 120 166 0.99959046 
650 73 89 110 0.99958485 
849 141 89 107 0.99912125 
784 118 66 87 0.9976592 
255 158 81 97 0.9930414 
735 138 49 68 0.9490443 
2 168 56 76 0.8768428 
967 91 62 148 0.8339588 
699 112 76 100 0.23420101 
341 357 42 50 0.12410577 
926 115 89 134 0.09544775 
22 164 62 73 0.07854312 
362 173 27 41 0.06233806 
342 75 409 520 0.058918424 
820 245 25 37 0.048620958 
813 224 43 62 0.038787793 
748 102 14 20 0.03423063 
993 202 30 47 0.03399024 
444 114 107 148 0.03119419 
359 361 31 35 0.023978194 
341 146 49 73 0.022672998 
978 170 44 79 0.022570038 
364 188 17 22 0.021758711 
730 143 33 45 0.021727612 
334 124 87 118 0.020035459 
