8_Election_Campain_Election_Campaign_8_347
55
212 131 33 43 0.9967002 
754 167 24 35 0.9913818 
923 587 12 15 0.91490376 
22 571 14 20 0.8943714 
1010 572 11 16 0.5984075 
967 577 14 16 0.45809883 
175 562 13 17 0.30721918 
887 579 14 17 0.1683338 
965 586 13 15 0.12269392 
145 565 15 18 0.088057645 
41 660 11 14 0.08613858 
1007 565 17 25 0.08555356 
960 587 10 13 0.08525881 
759 283 12 14 0.084012054 
892 575 11 14 0.082385354 
1001 640 9 12 0.077651866 
53 513 12 16 0.07378148 
933 556 10 12 0.0691522 
16 574 14 19 0.05580379 
933 614 11 14 0.050580125 
951 598 12 14 0.04739109 
967 634 10 13 0.04666606 
951 588 10 12 0.044423923 
34 572 15 19 0.041916907 
167 563 14 18 0.041840278 
852 572 11 16 0.03822683 
330 177 56 67 0.036501043 
778 677 29 45 0.031523116 
957 596 11 15 0.031361725 
1014 639 9 11 0.03123061 
929 613 10 13 0.03069644 
117 516 11 17 0.030558852 
1004 644 10 12 0.02931441 
930 588 10 13 0.02905572 
675 334 13 16 0.027568514 
108 520 16 20 0.026979793 
966 593 11 13 0.026750926 
463 579 13 17 0.02586715 
913 621 9 11 0.025387315 
911 590 9 13 0.02415373 
43 656 10 12 0.024141738 
901 572 10 14 0.023759544 
477 586 15 19 0.023528289 
929 542 9 11 0.02334989 
912 616 9 11 0.023116406 
31 74 113 144 0.023066677 
935 607 10 13 0.02276672 
938 613 11 14 0.022158254 
45 603 13 15 0.02212706 
158 564 12 15 0.022104954 
962 660 12 16 0.02193218 
1012 582 13 18 0.020765742 
397 613 9 11 0.020712543 
134 564 15 19 0.020093642 
961 656 10 12 0.020091025 
