8_Election_Campain_Election_Campaign_8_437
149
731 50 24 29 0.9871235 
649 52 25 30 0.9866876 
364 65 22 26 0.97553545 
571 52 23 29 0.9714498 
522 35 14 17 0.96670717 
438 65 21 25 0.9663332 
755 145 14 18 0.96599156 
215 160 14 19 0.9609563 
682 259 24 30 0.95576054 
581 256 21 25 0.95089066 
641 146 14 18 0.93814236 
132 263 19 23 0.9319342 
258 164 21 26 0.92348266 
475 252 23 28 0.909445 
250 267 21 25 0.90057117 
282 61 15 18 0.8956371 
587 148 15 19 0.885225 
88 160 14 18 0.8610252 
149 161 15 18 0.85941553 
149 64 15 18 0.85332006 
698 144 14 19 0.8530831 
26 157 14 18 0.85129654 
215 62 15 19 0.8230771 
88 66 14 18 0.81456864 
701 58 16 22 0.7493021 
621 58 16 21 0.7397501 
369 254 21 26 0.7081504 
22 70 14 18 0.6664733 
611 4 26 26 0.5563237 
530 378 44 42 0.46026772 
410 67 15 20 0.43879965 
490 98 26 32 0.392242 
125 151 13 17 0.36535862 
692 4 25 25 0.3626922 
63 150 13 17 0.32846937 
695 44 22 30 0.3171858 
258 51 13 18 0.31326687 
352 153 25 32 0.2597598 
784 58 13 19 0.22498916 
627 261 13 18 0.20416495 
158 224 15 18 0.19890454 
302 172 14 19 0.18823127 
495 143 23 30 0.18183969 
190 153 11 16 0.15666963 
615 47 20 27 0.13620634 
447 314 32 54 0.12935568 
352 143 18 22 0.11815146 
491 90 18 21 0.1109327 
424 144 18 20 0.106878705 
733 268 12 17 0.09812611 
191 55 12 16 0.097779565 
293 119 21 25 0.09613034 
75 143 15 18 0.0930092 
627 336 24 33 0.0916249 
829 82 213 292 0.0877066 
204 144 14 17 0.0874865 
126 55 13 18 0.08408048 
755 303 437 472 0.08393452 
516 81 14 19 0.06901185 
22 323 542 537 0.06551216 
250 120 15 17 0.062752016 
531 40 16 19 0.060473915 
484 57 16 20 0.05618636 
483 42 16 17 0.050317366 
139 47 16 20 0.049776267 
63 58 13 17 0.049701322 
593 344 38 47 0.04941062 
495 140 15 22 0.047343995 
226 120 14 17 0.046512444 
791 394 11 12 0.045647226 
404 50 23 32 0.045317654 
172 270 10 15 0.045235872 
195 58 13 15 0.0440237 
197 148 12 16 0.04391817 
524 261 11 16 0.043674238 
284 224 18 21 0.043613087 
777 1 21 19 0.043535028 
294 275 10 13 0.042832557 
766 156 12 15 0.03955606 
422 150 25 32 0.038862735 
476 13 16 19 0.038685538 
461 311 29 48 0.03649895 
480 19 23 25 0.036320955 
129 50 20 25 0.03597894 
701 137 20 26 0.03551149 
230 25 14 19 0.034408513 
460 36 14 18 0.034174602 
628 268 15 20 0.033963095 
12 183 15 19 0.033021938 
492 152 31 37 0.032758027 
617 343 28 40 0.03269236 
623 210 24 27 0.032246556 
477 49 18 24 0.031771872 
639 60 353 434 0.03172728 
45 223 21 32 0.031098569 
119 129 12 15 0.030730335 
544 3 13 15 0.029978354 
730 211 24 27 0.028900223 
68 53 13 17 0.028715063 
4 148 12 17 0.028544258 
410 23 17 20 0.028542923 
709 154 13 15 0.028538197 
99 121 13 16 0.028143315 
871 432 136 129 0.028068772 
502 89 22 28 0.027848374 
158 215 12 15 0.027573219 
594 152 15 19 0.027566588 
531 61 16 17 0.027384007 
651 146 15 19 0.027252141 
622 247 21 30 0.02715119 
22 150 16 20 0.027059693 
402 209 25 29 0.027022671 
480 31 23 26 0.026811926 
542 116 23 27 0.026714232 
143 60 15 20 0.026664607 
117 230 15 17 0.026550077 
190 199 10 13 0.02610582 
727 254 21 29 0.026049374 
127 191 9 13 0.025769355 
799 411 13 16 0.025655983 
702 2 18 20 0.025576714 
447 330 13 19 0.02532977 
184 150 12 16 0.024966326 
438 326 26 39 0.02423508 
435 141 14 18 0.02384457 
374 138 13 18 0.023602163 
360 143 18 23 0.02350089 
462 341 26 38 0.023362804 
199 143 12 15 0.0228248 
159 197 11 15 0.022656003 
585 357 32 40 0.022610528 
524 60 14 17 0.022430282 
485 71 15 20 0.02192272 
518 253 20 28 0.021877484 
364 239 36 45 0.021853935 
675 348 16 23 0.021772109 
486 79 22 27 0.021686545 
489 65 16 19 0.021590078 
691 36 20 25 0.021350805 
76 51 13 17 0.021315888 
2 143 20 28 0.020993272 
676 216 363 434 0.020974759 
388 333 15 24 0.020966325 
775 43 22 29 0.020810185 
264 51 15 19 0.020549046 
763 141 13 18 0.020462437 
560 354 42 48 0.020324936 
504 102 17 23 0.020275544 
140 141 13 16 0.020223666 
