8_Election_Campain_Election_Campaign_8_498
54
683 37 128 157 0.9999064 
70 116 89 115 0.99954957 
924 253 106 175 0.9994598 
481 176 53 70 0.9985378 
574 141 69 80 0.998415 
399 149 46 61 0.9962017 
347 150 55 76 0.9952821 
262 140 81 99 0.992059 
197 176 68 79 0.98822427 
535 157 45 60 0.9732397 
882 205 48 58 0.95770127 
768 134 66 85 0.94587916 
725 85 102 132 0.51210004 
0 374 19 38 0.2939125 
537 146 31 44 0.2382333 
505 168 47 64 0.19313204 
905 174 32 37 0.13382809 
963 149 58 72 0.123609796 
0 -2 25 26 0.083635695 
26 190 55 64 0.08176916 
448 166 30 45 0.07105089 
886 165 26 30 0.061851084 
306 146 61 79 0.057977654 
930 439 96 158 0.057664715 
18 358 25 34 0.05591531 
461 166 46 62 0.051182427 
465 620 30 33 0.04060476 
536 143 22 25 0.04030327 
893 169 33 33 0.039281085 
966 166 38 39 0.03851188 
0 333 14 27 0.03848765 
533 140 75 96 0.03520018 
666 153 14 18 0.033525504 
5 172 25 38 0.033044983 
217 138 51 59 0.032264393 
921 131 99 127 0.031200599 
532 147 17 25 0.029729826 
873 188 77 93 0.028742362 
436 183 39 58 0.028377112 
909 179 91 112 0.027557116 
874 210 36 41 0.02725365 
657 146 24 32 0.027098754 
873 161 46 54 0.025801925 
717 437 22 30 0.024242615 
35 155 90 101 0.024133619 
39 344 14 18 0.023852063 
227 130 34 40 0.02328589 
908 164 51 61 0.023270553 
453 170 16 24 0.023072029 
669 94 24 40 0.021725697 
12 170 48 61 0.021670502 
990 151 32 44 0.02050645 
179 169 14 18 0.020417226 
231 162 62 79 0.020309253 
