8_Election_Campain_Election_Campaign_8_86
78
121 172 51 73 0.99925345 
11 154 54 74 0.998769 
378 216 40 59 0.99591345 
577 235 52 67 0.994041 
213 230 39 53 0.96828955 
475 274 37 47 0.95997304 
344 262 31 40 0.93216604 
462 253 26 32 0.6777741 
641 104 109 147 0.670792 
499 672 18 19 0.15348712 
662 10 116 179 0.14252259 
844 94 114 135 0.1288534 
808 45 184 244 0.11344176 
308 267 24 33 0.10087551 
619 273 356 442 0.09698185 
226 669 17 18 0.07860014 
320 269 21 31 0.07545582 
570 198 15 22 0.070984535 
996 325 26 38 0.064833224 
321 622 8 11 0.06274183 
473 264 19 23 0.058934662 
914 279 14 19 0.05748369 
877 125 64 90 0.057180453 
473 265 29 35 0.055566918 
333 268 24 32 0.05192184 
279 615 11 15 0.05055741 
33 250 12 15 0.049453348 
142 567 24 35 0.047830503 
812 225 26 31 0.04756455 
838 241 13 18 0.047152825 
318 612 10 13 0.039446447 
308 575 10 12 0.038596757 
847 305 11 15 0.037822675 
829 235 13 19 0.037668563 
311 604 13 18 0.03606991 
448 635 30 36 0.03517101 
305 280 24 33 0.035100214 
819 315 12 13 0.03509731 
301 604 12 18 0.034388375 
149 566 12 16 0.034232844 
812 312 15 16 0.034051802 
335 601 11 15 0.03398716 
139 651 16 19 0.03387628 
296 608 11 15 0.033112593 
688 31 59 94 0.03240528 
268 670 19 19 0.03062954 
81 175 39 56 0.030044127 
325 614 11 14 0.029384522 
131 644 13 18 0.028576499 
455 256 15 23 0.02827054 
990 362 32 41 0.0282683 
272 276 27 31 0.028200163 
756 475 117 144 0.027910147 
416 618 28 38 0.027907442 
568 198 27 34 0.027796004 
793 263 17 18 0.027683146 
304 620 10 13 0.026660303 
68 175 17 22 0.026574932 
435 639 50 52 0.025418164 
134 648 15 20 0.02536114 
823 231 23 30 0.02534192 
916 153 36 53 0.02480913 
893 296 53 62 0.024648748 
939 330 27 37 0.024164097 
915 0 84 121 0.023852475 
844 322 95 110 0.023633193 
209 625 14 18 0.02350448 
802 407 10 12 0.023401007 
665 186 67 85 0.023117203 
892 355 16 18 0.023019101 
-3 235 40 59 0.021567738 
500 595 13 18 0.02151409 
358 270 18 25 0.02127648 
870 319 62 70 0.021102484 
421 654 15 19 0.021088976 
800 229 12 15 0.020715686 
875 22 115 166 0.020318918 
7 108 47 71 0.020101814 
