8_Election_Campain_Election_Campaign_8_32
67
109 239 28 35 0.9993331 
468 280 26 34 0.9990901 
872 287 26 32 0.9987637 
560 306 22 29 0.9983368 
663 274 25 31 0.9980184 
221 261 29 36 0.9977848 
321 292 23 28 0.99771535 
723 276 22 29 0.9973406 
951 271 27 36 0.9970784 
365 288 23 29 0.9960078 
615 292 23 30 0.9954999 
35 262 25 34 0.98203593 
912 264 29 35 0.9757981 
793 290 24 33 0.97303414 
957 252 24 29 0.68860525 
988 254 22 27 0.5354645 
886 517 10 12 0.36050123 
862 517 8 12 0.25006163 
124 517 10 12 0.17150721 
741 0 64 42 0.10388905 
477 521 12 14 0.09294394 
861 382 13 16 0.09182001 
830 502 10 12 0.070927635 
843 447 13 18 0.06974037 
875 541 13 14 0.0692371 
665 394 28 26 0.06523873 
819 380 15 17 0.062840484 
33 252 17 21 0.05257767 
816 524 12 13 0.050638687 
926 510 9 12 0.049090922 
438 514 13 15 0.04741053 
695 278 24 31 0.040688585 
120 511 9 11 0.040038213 
904 531 9 11 0.03960621 
873 504 7 10 0.039394494 
914 519 8 9 0.0392909 
135 505 8 10 0.038184755 
880 511 8 10 0.036075372 
117 501 8 11 0.03498727 
827 380 13 16 0.034714725 
831 516 9 11 0.034027673 
119 498 8 10 0.033781815 
108 520 8 10 0.033199016 
799 532 10 14 0.031670414 
60 545 15 17 0.028851502 
422 329 20 26 0.028551228 
109 525 8 11 0.026383806 
478 533 12 14 0.026283065 
813 388 12 14 0.024851503 
863 522 10 13 0.023334693 
869 527 8 10 0.023050394 
412 336 12 17 0.023038113 
128 503 8 9 0.022754405 
1005 495 13 16 0.0225998 
924 504 10 12 0.022585107 
158 396 12 16 0.022311786 
859 428 29 30 0.022261923 
501 405 48 66 0.021966668 
821 521 10 11 0.021742215 
967 517 8 9 0.021494484 
837 538 12 14 0.021483213 
830 478 10 13 0.02097155 
435 519 15 17 0.02070138 
856 386 13 15 0.02066129 
1 548 13 15 0.020519814 
484 522 11 13 0.02014066 
73 510 9 11 0.02005211 
