8_Election_Campain_Election_Campaign_8_252
442
293 441 52 67 0.9984518 
492 378 25 33 0.99620974 
412 391 29 37 0.99560696 
140 453 84 97 0.9951395 
922 309 28 36 0.99163085 
853 302 14 16 0.96022487 
897 297 15 18 0.92892593 
670 350 15 19 0.9280711 
877 311 15 19 0.92256606 
884 333 17 21 0.91007143 
365 387 26 32 0.8684434 
790 335 16 20 0.8469562 
608 365 12 15 0.73751175 
651 363 14 18 0.72025514 
755 334 13 16 0.67483455 
38 424 10 12 0.6622902 
86 449 21 27 0.6252431 
823 353 15 23 0.61312133 
110 423 12 14 0.55465776 
711 298 14 15 0.54401016 
301 379 15 18 0.53250307 
846 331 18 20 0.4259435 
676 377 12 15 0.3817904 
655 301 9 12 0.36047527 
712 323 12 16 0.3601872 
984 288 24 28 0.34459293 
623 359 11 13 0.32253858 
726 452 26 34 0.2935235 
952 314 15 21 0.28922987 
910 302 10 13 0.28675732 
769 316 12 14 0.27405185 
633 344 11 14 0.27236786 
737 335 10 12 0.2630223 
576 356 12 15 0.25033918 
671 403 13 16 0.2486569 
178 407 12 15 0.22421917 
79 412 11 14 0.21607226 
242 397 9 12 0.21575946 
711 384 13 18 0.2145555 
52 477 25 34 0.1983708 
683 333 11 14 0.1895599 
705 351 11 13 0.17281394 
296 404 12 16 0.1716166 
283 389 11 14 0.17018308 
33 422 11 14 0.16979855 
648 342 10 14 0.16748382 
466 377 15 18 0.16437042 
726 354 14 17 0.1630915 
97 410 11 15 0.16233565 
372 364 15 19 0.15886812 
263 388 8 11 0.15344344 
663 304 9 11 0.15334578 
475 346 11 14 0.15326513 
654 339 11 14 0.15159327 
1 426 11 16 0.1505895 
432 367 11 13 0.14609295 
239 391 9 12 0.13880175 
487 334 11 14 0.13580962 
745 301 11 12 0.13395283 
728 314 9 13 0.13224839 
542 350 11 13 0.12837324 
305 403 25 32 0.12424634 
868 292 11 14 0.1215047 
686 363 13 17 0.121360265 
773 297 14 15 0.11886361 
297 379 12 15 0.11823309 
838 275 11 15 0.117843434 
494 339 11 14 0.1157034 
78 419 13 18 0.11481624 
519 341 11 13 0.112918824 
632 410 13 19 0.11268726 
508 335 13 15 0.11214574 
766 322 13 17 0.110747 
648 358 12 15 0.10987496 
837 243 13 17 0.09871153 
662 323 10 12 0.09774357 
269 453 45 58 0.097418256 
948 386 25 31 0.09681154 
231 380 8 10 0.09606116 
459 358 11 14 0.09605693 
732 348 13 17 0.09471265 
300 390 14 19 0.09463537 
895 305 12 15 0.09403771 
913 300 13 17 0.092977345 
851 345 17 21 0.092555955 
306 374 14 18 0.092491955 
1008 274 12 17 0.09229466 
658 334 12 14 0.09135427 
209 391 8 11 0.08775946 
477 333 12 15 0.0865933 
527 335 11 14 0.08596906 
844 243 14 18 0.084449925 
278 368 7 10 0.08333995 
306 384 14 17 0.08241045 
272 373 9 11 0.08167473 
271 398 8 11 0.07861689 
36 430 15 18 0.07678701 
715 319 12 15 0.076483995 
63 436 11 15 0.0760465 
237 382 8 10 0.07583946 
831 353 18 23 0.07531773 
105 421 11 16 0.07493372 
226 380 7 10 0.07408657 
580 361 12 15 0.073164396 
0 461 8 13 0.073010646 
823 295 10 14 0.072935276 
453 392 14 19 0.07248452 
71 426 15 19 0.07239371 
258 384 8 11 0.0715297 
763 329 13 18 0.071308196 
349 387 11 16 0.070911035 
384 325 12 15 0.070701525 
654 318 9 12 0.07057619 
541 385 25 31 0.0701474 
739 339 11 14 0.06963775 
501 340 12 15 0.06851887 
376 394 16 20 0.06838839 
684 369 13 18 0.068095066 
848 306 13 17 0.06802225 
739 368 15 18 0.06784333 
426 392 24 31 0.06729045 
668 303 8 12 0.06451445 
48 444 10 14 0.06382674 
404 350 9 13 0.06358083 
614 359 12 15 0.06304138 
981 296 16 19 0.063018814 
198 400 9 10 0.06298532 
112 404 10 11 0.06296371 
768 299 12 13 0.06184353 
771 355 12 17 0.061451312 
839 342 24 27 0.06136636 
114 428 12 14 0.06083425 
129 395 9 12 0.06015371 
281 385 8 10 0.06002688 
750 464 32 35 0.05975359 
309 367 9 12 0.05962673 
891 341 16 21 0.059581585 
650 348 12 15 0.059420705 
747 307 12 14 0.058970813 
308 405 15 19 0.05861868 
739 348 12 15 0.05792529 
961 246 8 10 0.057682674 
980 283 35 49 0.057374507 
686 359 10 13 0.057129823 
316 388 12 16 0.056962166 
407 364 12 15 0.056807082 
216 375 8 10 0.05616508 
297 400 21 27 0.05611131 
657 306 11 14 0.05572054 
295 395 14 18 0.055642612 
805 327 11 13 0.055131935 
845 311 14 19 0.054289494 
647 335 9 12 0.052870266 
193 398 9 11 0.052650813 
581 44 10 12 0.052459445 
693 359 9 13 0.051454734 
377 369 13 17 0.050597597 
117 400 9 11 0.04957098 
29 485 13 17 0.049159434 
273 369 9 11 0.04880135 
298 387 12 15 0.048515122 
445 392 13 18 0.04773726 
648 324 9 12 0.047703303 
157 347 9 11 0.047673225 
301 386 25 32 0.047597535 
164 398 10 11 0.047307223 
285 384 9 12 0.046681926 
719 362 12 16 0.046449836 
445 465 34 54 0.04622164 
422 349 10 13 0.04616377 
841 368 17 19 0.04591793 
24 421 11 15 0.045861162 
784 405 25 36 0.045769025 
650 319 9 12 0.04552878 
1008 330 13 19 0.04511888 
306 375 24 31 0.044959705 
779 294 11 14 0.04474682 
883 323 16 22 0.0445786 
404 356 12 14 0.044482116 
64 479 15 24 0.044303954 
265 395 9 12 0.04304173 
893 314 12 16 0.04299505 
52 443 13 16 0.042934142 
794 344 14 18 0.042747084 
44 433 12 17 0.04242161 
33 419 18 22 0.0423096 
245 404 9 12 0.042184476 
118 435 10 13 0.041262995 
903 241 9 12 0.04101769 
570 351 11 14 0.040965155 
920 287 9 12 0.040668752 
915 304 25 32 0.040659446 
279 417 46 57 0.04064551 
277 373 8 10 0.04047132 
360 366 9 11 0.039733775 
287 401 12 16 0.039638568 
227 411 13 15 0.039407503 
687 303 9 12 0.039388217 
655 324 10 13 0.039387714 
688 318 9 12 0.039361052 
43 486 33 39 0.039325107 
734 437 46 45 0.039221756 
822 571 47 60 0.039129343 
898 244 8 11 0.0390969 
72 423 24 30 0.03898796 
539 398 27 37 0.038798105 
772 391 22 32 0.038660683 
368 345 11 13 0.03843095 
316 392 15 20 0.038355093 
535 362 12 16 0.038287923 
705 301 9 12 0.03817875 
572 348 20 26 0.03791616 
925 284 12 14 0.037904207 
586 357 12 15 0.03787839 
673 410 14 17 0.037822068 
685 326 9 12 0.03781237 
268 390 9 11 0.037811432 
866 286 10 13 0.037655976 
600 374 10 14 0.037614107 
814 315 12 16 0.037352722 
798 327 12 15 0.037046462 
763 338 13 17 0.036939472 
910 295 12 15 0.03666924 
438 360 9 12 0.036416452 
15 428 10 14 0.03628841 
374 348 9 12 0.03628158 
716 304 13 16 0.03611882 
182 400 11 12 0.036100216 
720 381 21 29 0.036032263 
280 394 13 15 0.036025524 
30 484 27 30 0.036022868 
677 341 11 14 0.035628587 
15 487 26 32 0.035446636 
833 250 11 14 0.035266966 
696 302 9 13 0.035242707 
175 389 9 10 0.03511552 
45 490 18 19 0.03503873 
841 354 18 20 0.034983817 
575 400 24 32 0.034979124 
604 375 14 20 0.034696836 
726 301 10 13 0.034560576 
525 0 12 11 0.034525923 
789 357 12 15 0.034519427 
499 331 21 24 0.034457102 
797 353 12 15 0.034223918 
998 286 21 29 0.034177084 
670 383 15 19 0.034034867 
413 356 11 13 0.033996716 
444 371 13 17 0.03392299 
459 384 16 19 0.033921175 
291 407 22 27 0.03386509 
916 294 11 14 0.033747938 
244 492 39 57 0.033671577 
716 329 12 14 0.033347886 
890 323 16 22 0.033326432 
216 381 8 10 0.03325111 
599 344 8 12 0.032984495 
73 411 12 15 0.032966822 
753 412 45 47 0.03282063 
758 355 12 16 0.03269267 
473 376 16 21 0.03266597 
448 347 11 14 0.032560155 
232 390 9 11 0.03214953 
1011 338 11 16 0.031899046 
270 381 9 12 0.031898886 
812 323 12 14 0.031889863 
802 331 13 17 0.031883616 
83 426 11 16 0.031830233 
845 462 22 27 0.03182293 
852 308 15 19 0.031802732 
161 393 9 10 0.031570982 
207 396 10 12 0.03156032 
832 458 11 15 0.031468984 
659 369 14 17 0.031165639 
671 356 20 24 0.031101659 
204 415 10 12 0.03102549 
279 359 7 9 0.030816304 
531 337 13 16 0.030673634 
709 305 14 16 0.030637428 
732 371 23 27 0.030629663 
685 350 9 12 0.03062237 
733 461 40 33 0.03053107 
6 498 13 17 0.030454695 
921 365 24 31 0.030431954 
166 404 11 13 0.030393342 
966 306 11 14 0.030111197 
559 371 13 16 0.030082475 
630 339 18 23 0.030007465 
460 363 12 16 0.02991585 
579 417 18 25 0.029908013 
709 343 12 14 0.029876387 
960 253 8 10 0.029874405 
565 365 12 16 0.029681267 
616 358 18 23 0.029654773 
399 352 12 17 0.02965293 
574 25 8 9 0.02959472 
470 341 20 24 0.029449806 
54 417 46 53 0.029440504 
436 370 14 17 0.02930401 
729 308 14 17 0.029233811 
535 37 11 13 0.029118152 
365 466 27 46 0.028855123 
733 364 14 17 0.028734306 
820 315 12 17 0.02861181 
840 314 12 18 0.0286018 
368 360 11 15 0.028431527 
488 330 21 24 0.028390499 
591 375 10 12 0.028375864 
454 100 11 13 0.028309833 
638 353 11 16 0.02830808 
900 459 17 22 0.028144483 
265 376 8 10 0.02797964 
444 325 16 20 0.027972698 
191 405 9 12 0.02782399 
664 349 14 17 0.027592683 
285 412 16 19 0.027587451 
939 291 12 14 0.027433377 
6 416 22 26 0.027351012 
312 383 28 35 0.02720038 
833 236 12 16 0.027139882 
37 441 13 16 0.027085721 
1006 279 16 23 0.026978392 
190 412 9 11 0.026840555 
416 349 11 13 0.0266297 
492 346 14 16 0.026349839 
704 346 18 23 0.026273007 
12 497 15 20 0.026269691 
342 385 15 20 0.026160004 
378 377 15 21 0.026129872 
902 296 18 23 0.026016498 
868 329 14 19 0.025894852 
772 347 13 18 0.02572098 
706 316 10 14 0.025708022 
640 335 9 11 0.02570174 
150 407 10 12 0.025646197 
360 393 14 18 0.02564021 
784 362 12 15 0.025506618 
452 340 13 17 0.025496539 
569 24 9 12 0.025418868 
631 389 11 15 0.025386408 
402 377 26 33 0.025365978 
822 384 14 18 0.025356341 
614 445 12 16 0.025310647 
55 413 10 13 0.025299193 
387 331 11 14 0.025158387 
688 308 10 13 0.025142241 
766 361 13 15 0.025128927 
488 353 13 16 0.025109999 
280 399 41 50 0.025016429 
553 377 30 29 0.024978131 
257 377 8 9 0.02492884 
952 394 41 45 0.024917964 
716 390 16 21 0.024698855 
975 299 11 16 0.02469236 
419 341 13 16 0.024687381 
839 281 11 15 0.024664791 
730 400 29 32 0.024520876 
968 386 37 41 0.02449631 
621 405 21 31 0.0244467 
526 363 14 16 0.024411915 
950 302 14 20 0.024401957 
724 430 31 43 0.024348823 
694 307 10 13 0.024310978 
755 342 15 20 0.024174146 
729 388 27 31 0.024141155 
653 334 20 24 0.02413797 
79 402 21 25 0.024079554 
368 356 23 31 0.023938421 
909 245 9 10 0.023878574 
373 332 11 14 0.023786385 
829 229 11 13 0.02374805 
438 393 21 31 0.023709796 
149 275 15 18 0.02367506 
396 391 25 30 0.023582041 
144 412 12 15 0.023455698 
399 333 11 14 0.023325989 
144 284 11 15 0.023201764 
326 382 28 36 0.023120962 
284 394 21 27 0.023020603 
749 315 10 13 0.022939079 
461 340 13 15 0.022804642 
835 374 16 19 0.02276899 
10 452 23 31 0.022706708 
885 255 9 11 0.022485306 
120 390 8 11 0.022403613 
793 414 16 23 0.022261104 
881 231 7 10 0.022207104 
250 445 46 57 0.022151588 
222 394 12 15 0.022145452 
703 343 12 15 0.022092132 
213 390 11 13 0.022074245 
279 385 20 23 0.021923216 
22 490 15 19 0.021915294 
825 299 13 16 0.021904645 
615 369 21 30 0.021859834 
742 296 20 24 0.021852173 
157 276 16 20 0.021793358 
721 464 28 41 0.021720473 
613 436 11 15 0.021663802 
66 479 26 34 0.021648727 
190 390 10 11 0.021643745 
206 404 10 12 0.021631135 
726 342 11 15 0.02161487 
581 373 11 13 0.021613332 
697 296 9 12 0.021526026 
0 426 18 27 0.02151827 
684 402 12 16 0.021470146 
95 449 17 23 0.021469934 
717 352 19 25 0.021467695 
200 419 11 13 0.021456024 
734 301 11 14 0.021440322 
101 444 12 17 0.021428382 
845 272 10 13 0.021427331 
51 431 20 27 0.021371828 
547 414 34 35 0.0213535 
551 393 31 34 0.02133392 
387 393 14 20 0.021306135 
380 317 21 27 0.021200648 
13 490 13 18 0.021157866 
1001 212 10 13 0.021008318 
779 307 14 17 0.02089195 
653 379 12 17 0.020840885 
592 24 7 9 0.020810425 
315 379 14 19 0.02078846 
790 301 11 15 0.02077678 
957 261 9 12 0.020749962 
-5 186 47 73 0.020708995 
538 358 15 19 0.020670647 
96 484 30 41 0.020660274 
438 328 15 18 0.020543654 
714 433 23 36 0.020531518 
693 316 9 13 0.020523177 
369 325 24 29 0.020500978 
668 323 10 14 0.020361733 
286 368 7 10 0.020289624 
451 366 20 26 0.020283192 
438 387 16 22 0.020274268 
13 420 13 16 0.020247152 
521 333 19 24 0.020166328 
766 346 13 18 0.020155504 
455 351 21 25 0.02012308 
111 433 11 14 0.020010022 
