8_Election_Campain_Election_Campaign_8_133
37
856 190 29 37 0.9992512 
20 112 32 43 0.99901736 
903 187 28 34 0.99608624 
946 184 25 30 0.976837 
727 178 33 36 0.9622082 
203 90 76 157 0.9442724 
630 168 25 32 0.8975671 
897 243 18 21 0.20868711 
944 219 17 19 0.19818805 
640 170 17 23 0.09446087 
379 127 42 47 0.09215586 
432 174 29 29 0.08654638 
300 140 25 33 0.06217337 
410 168 32 39 0.046100665 
650 171 12 16 0.04489462 
360 135 28 35 0.041366905 
485 210 11 14 0.041126613 
482 197 12 15 0.03778982 
426 185 33 33 0.035177093 
384 153 60 51 0.03277967 
960 186 19 24 0.031818036 
899 163 14 15 0.0293901 
943 203 24 31 0.028106019 
638 174 25 34 0.028001303 
429 197 13 14 0.027631953 
414 192 61 51 0.024488116 
292 125 44 59 0.024148166 
402 172 61 51 0.022369355 
5 138 15 23 0.02161636 
230 111 92 121 0.021523485 
424 203 37 32 0.021331817 
969 185 15 22 0.020660087 
439 191 31 35 0.020559626 
632 164 14 21 0.0203188 
398 139 32 38 0.020275963 
477 189 12 17 0.020260777 
76 133 99 137 0.020147765 
