8_Election_Campain_Election_Campaign_8_297
99
498 279 35 44 0.9968459 
643 260 41 53 0.9962135 
159 457 49 57 0.9912122 
786 246 46 53 0.97901756 
599 273 33 43 0.9753396 
924 301 30 39 0.9378 
414 322 28 32 0.92031157 
710 232 24 32 0.5982153 
485 158 11 14 0.51409924 
538 270 23 29 0.4485542 
940 303 30 43 0.36322618 
581 279 30 35 0.30948818 
718 141 11 15 0.27993762 
402 296 27 31 0.16847916 
405 237 14 17 0.15665105 
199 451 33 38 0.15258838 
713 197 15 17 0.14599395 
821 184 11 12 0.12808423 
405 309 31 35 0.12572268 
507 137 24 31 0.11304607 
117 203 22 30 0.10327818 
397 233 24 27 0.08888291 
370 310 24 30 0.08036512 
691 140 14 16 0.07637258 
715 230 15 22 0.07562884 
326 313 10 13 0.07540488 
767 196 12 16 0.071464464 
584 35 12 17 0.07140844 
73 461 34 43 0.068898015 
766 305 27 36 0.06354332 
516 143 14 20 0.063102275 
451 336 19 23 0.058072478 
795 181 12 15 0.056636408 
395 282 15 17 0.055553894 
392 290 27 31 0.05529898 
460 231 16 19 0.051349126 
564 131 10 12 0.0501506 
399 300 14 17 0.050128035 
670 152 15 20 0.04839697 
484 148 22 28 0.047096103 
380 271 17 20 0.04705379 
384 259 11 14 0.046735678 
557 133 13 15 0.046626635 
325 230 10 13 0.045175016 
770 203 12 14 0.04515371 
405 164 16 19 0.044844247 
389 274 27 31 0.04410612 
443 274 15 18 0.04352824 
566 293 23 32 0.04320031 
452 273 13 17 0.04269605 
489 126 9 11 0.04206638 
439 267 12 15 0.04134073 
541 617 15 22 0.040319543 
397 248 13 17 0.03960649 
490 155 12 17 0.037819836 
178 263 324 443 0.036642723 
421 252 11 14 0.03649255 
467 229 12 16 0.035466 
768 175 10 12 0.03426172 
245 515 48 33 0.03342897 
606 67 27 31 0.032829326 
749 116 13 13 0.032810554 
574 285 24 33 0.03250253 
438 260 12 16 0.032076772 
398 205 11 12 0.031355843 
492 139 22 31 0.030646676 
551 138 13 15 0.03035013 
480 160 14 16 0.030146506 
404 244 27 31 0.030131256 
706 244 24 34 0.029984225 
174 465 56 56 0.029315162 
433 250 24 30 0.028479595 
181 482 101 89 0.027699998 
167 196 12 16 0.02767782 
381 300 14 18 0.026411055 
351 376 12 16 0.02640349 
412 253 14 15 0.026271934 
402 309 18 24 0.02552691 
984 405 11 16 0.025286285 
870 314 16 20 0.024944741 
636 124 11 13 0.02370347 
612 301 16 21 0.023444807 
1011 233 13 19 0.023016442 
744 112 12 14 0.022997461 
380 255 26 33 0.0228834 
720 234 16 23 0.022870878 
523 145 21 30 0.022808762 
863 429 30 40 0.022767378 
523 237 20 27 0.02222402 
502 142 16 22 0.021976478 
377 296 25 31 0.021844914 
346 373 22 30 0.021502336 
388 175 12 16 0.021317435 
355 384 12 17 0.021137323 
789 183 15 18 0.020869633 
886 178 15 19 0.020756707 
631 117 14 17 0.020583794 
392 321 49 49 0.02041824 
889 302 27 39 0.020327888 
