23_Shoppers_Shoppers_23_43
125
356 231 63 80 0.9989832 
166 231 57 72 0.9989427 
158 392 66 87 0.9959336 
941 122 27 31 0.99562377 
572 146 45 58 0.99551326 
64 147 39 50 0.9898245 
925 199 48 68 0.97482175 
72 212 38 62 0.91301507 
790 133 38 50 0.88987345 
862 148 37 47 0.7941531 
605 124 31 42 0.78042376 
24 146 24 32 0.75882906 
723 341 41 46 0.6256768 
960 86 30 38 0.49353737 
969 108 28 41 0.3767558 
441 327 41 54 0.375658 
376 139 32 42 0.33987236 
746 223 23 32 0.27964407 
679 227 22 29 0.23298293 
230 151 29 39 0.19447644 
832 398 23 33 0.17037989 
100 158 25 37 0.15239595 
355 353 44 47 0.11709257 
687 236 21 30 0.10909511 
824 195 59 56 0.1073817 
547 131 27 38 0.10345523 
455 104 32 41 0.10219657 
189 501 44 56 0.096532345 
751 334 48 51 0.09556995 
212 148 25 39 0.0944033 
793 35 10 12 0.08898111 
340 133 26 36 0.08416934 
449 94 25 38 0.077171244 
883 149 25 35 0.07177778 
823 382 52 62 0.06622681 
841 162 60 62 0.06566391 
890 139 23 30 0.06562495 
956 120 26 32 0.06534999 
672 104 17 20 0.06341153 
741 177 13 18 0.061104286 
796 31 11 14 0.060717657 
944 88 30 36 0.056897603 
959 301 51 71 0.0565646 
311 216 50 62 0.050345447 
984 119 16 23 0.045987383 
816 135 48 53 0.04580975 
234 148 18 24 0.045779195 
975 93 18 24 0.045350857 
489 334 31 41 0.045328576 
469 113 31 35 0.04412878 
245 451 48 54 0.043614313 
54 141 29 38 0.043204654 
808 370 79 110 0.040921234 
322 162 15 20 0.040366 
168 130 22 33 0.039244745 
773 102 11 14 0.037839044 
281 270 44 59 0.037650734 
35 143 26 34 0.03720645 
696 244 23 30 0.03600437 
742 214 39 52 0.033963956 
772 14 9 12 0.033243816 
701 94 26 28 0.03262702 
438 390 34 56 0.03258089 
200 156 39 49 0.032528434 
703 350 50 59 0.032459572 
942 250 81 115 0.032176584 
1003 65 15 20 0.032168914 
166 127 16 24 0.032103747 
162 145 38 52 0.031795725 
252 152 30 32 0.031531848 
682 251 21 29 0.03089839 
309 149 22 28 0.03066565 
256 202 59 72 0.030537836 
736 251 22 31 0.030259196 
442 91 22 31 0.030238418 
305 147 18 22 0.029271584 
856 139 32 42 0.02912737 
73 160 43 59 0.029053422 
2 473 50 92 0.028998252 
44 218 56 77 0.028620731 
551 133 14 19 0.028378598 
520 130 27 30 0.028172188 
427 337 38 50 0.027872222 
923 92 24 31 0.027631886 
906 137 18 22 0.027598497 
265 153 19 21 0.02753395 
615 121 20 25 0.027404405 
531 125 37 49 0.02728177 
345 134 46 54 0.026734477 
984 113 28 35 0.026596084 
549 118 30 37 0.026532235 
851 377 37 35 0.026447536 
739 168 22 30 0.026055554 
530 136 15 19 0.025928577 
584 121 49 60 0.025092917 
682 353 50 60 0.025084913 
258 235 57 75 0.024876337 
695 362 28 37 0.024716454 
171 139 26 37 0.023922516 
43 148 44 56 0.02376434 
105 155 17 24 0.023715824 
653 104 16 17 0.023547161 
17 156 34 42 0.023458244 
831 215 37 38 0.023189558 
517 471 28 46 0.023168132 
324 432 38 35 0.022608025 
465 328 40 53 0.022560708 
-2 186 37 60 0.022155743 
81 146 31 41 0.021696348 
180 165 34 42 0.021600217 
301 141 15 18 0.021576172 
560 117 47 57 0.021053556 
951 218 55 73 0.020913266 
117 276 45 60 0.02082725 
332 128 25 35 0.020796841 
228 128 25 33 0.020689724 
253 170 56 66 0.020642761 
549 100 25 33 0.02056034 
704 272 41 47 0.020549532 
789 124 28 40 0.02048619 
446 62 25 30 0.02045064 
278 220 56 71 0.020273263 
3 97 28 37 0.020063668 
756 0 11 13 0.020026969 
112 161 18 24 0.02002302 
