23_Shoppers_Shoppers_23_461
66
743 145 22 29 0.980736 
689 141 17 22 0.9484134 
651 187 16 20 0.87651795 
339 29 73 127 0.76065415 
918 142 14 19 0.20296681 
604 171 13 20 0.1607275 
617 194 25 31 0.15188496 
700 194 17 20 0.13572118 
550 184 14 19 0.12402661 
531 188 15 18 0.08568458 
830 217 10 13 0.0720162 
569 153 17 21 0.07151312 
715 168 16 19 0.06739265 
944 611 11 12 0.05547422 
676 185 17 19 0.053203374 
541 229 12 15 0.052616104 
433 181 10 13 0.05023114 
723 168 15 20 0.046829045 
690 195 21 28 0.042355902 
689 209 15 18 0.04203775 
539 188 15 17 0.041803226 
783 253 11 14 0.040144894 
308 60 97 141 0.03977391 
705 219 16 20 0.039661534 
912 175 12 15 0.03947467 
683 182 12 15 0.03888808 
694 179 40 53 0.038478296 
455 182 10 12 0.036113817 
795 268 23 30 0.0359319 
599 173 21 30 0.034366235 
629 191 13 17 0.0321239 
600 179 40 51 0.03186427 
990 149 13 17 0.031794243 
215 55 108 121 0.031459477 
827 221 10 12 0.031068526 
1010 163 14 21 0.030782606 
678 189 21 27 0.028812366 
485 208 16 18 0.028784452 
467 194 11 14 0.0280315 
787 221 18 22 0.02776908 
716 156 15 18 0.027506076 
668 184 19 25 0.026376082 
990 159 15 18 0.02558821 
774 170 14 17 0.024643077 
932 149 12 15 0.02459375 
612 165 13 18 0.024233576 
672 196 13 17 0.023645088 
924 228 14 17 0.023640556 
697 203 23 30 0.023598112 
438 172 9 11 0.023183012 
440 168 9 11 0.022665277 
652 220 26 36 0.022571737 
448 188 10 13 0.022138236 
712 146 25 30 0.022062697 
536 224 23 30 0.021963086 
829 235 11 16 0.021916946 
821 180 9 12 0.02179274 
691 210 22 28 0.02159393 
924 152 14 17 0.021521086 
655 148 11 14 0.021206615 
369 8 53 104 0.02087001 
522 85 411 407 0.02056672 
779 164 15 18 0.020516966 
791 162 14 20 0.020296529 
768 101 27 32 0.020294879 
653 143 9 12 0.020149352 
