23_Shoppers_Shoppers_23_60
60
145 508 22 33 0.963152 
393 584 15 22 0.84185714 
270 547 17 24 0.7727512 
519 588 10 11 0.3996061 
100 518 23 26 0.360151 
205 552 14 19 0.28349605 
651 596 10 14 0.20073049 
470 588 11 15 0.19657868 
122 802 19 22 0.1958189 
559 576 11 13 0.16657817 
476 588 11 16 0.15005565 
576 571 13 16 0.1367821 
0 667 18 45 0.11137802 
464 588 11 15 0.10662966 
227 548 15 20 0.10238124 
517 591 14 16 0.07329871 
107 510 17 20 0.06815542 
494 588 9 13 0.06700312 
563 578 12 15 0.06653089 
167 626 24 35 0.06326013 
218 551 20 27 0.060304843 
629 581 12 16 0.05850414 
670 598 9 11 0.05447538 
502 584 10 12 0.054253854 
512 588 10 13 0.05421507 
555 585 15 17 0.049287595 
695 607 8 10 0.042517576 
553 579 12 15 0.040576067 
383 584 17 21 0.038383875 
581 575 11 16 0.037266523 
522 583 10 13 0.03627272 
262 551 18 22 0.035051294 
202 608 17 22 0.035049554 
656 614 7 10 0.03359458 
485 586 13 17 0.03192651 
640 598 10 13 0.0316753 
470 658 14 16 0.031288695 
198 609 30 40 0.030330634 
690 608 9 11 0.029663071 
648 601 10 13 0.029593976 
150 503 14 19 0.029324986 
488 736 9 11 0.02754735 
208 551 23 30 0.026644371 
135 511 18 23 0.026638217 
666 606 7 10 0.02617145 
623 585 14 16 0.025537862 
645 589 18 25 0.025099603 
456 588 11 16 0.024614772 
741 608 8 11 0.022764262 
519 533 9 14 0.0217207 
462 584 19 25 0.021460064 
719 616 7 9 0.021362916 
513 611 9 13 0.021228127 
203 623 16 22 0.021037037 
590 580 15 18 0.020994179 
56 772 9 11 0.02073543 
545 572 9 12 0.020366693 
87 677 11 16 0.020276183 
516 579 19 23 0.020076998 
586 526 16 19 0.020022374 
