23_Shoppers_Shoppers_23_328
94
477 207 29 38 0.99925166 
314 213 35 40 0.99872005 
127 338 88 96 0.9898397 
576 185 13 17 0.9425841 
622 185 13 17 0.8808533 
546 191 15 19 0.753901 
327 169 25 29 0.63550764 
338 198 27 37 0.40037638 
137 595 31 41 0.35987768 
24 427 11 13 0.28713512 
157 667 24 26 0.11881892 
544 237 11 15 0.10442444 
75 431 16 19 0.10427958 
645 215 10 11 0.077998534 
978 477 15 19 0.07049336 
647 188 12 16 0.06938831 
703 258 221 259 0.0669056 
665 326 9 11 0.061135687 
1012 166 11 17 0.060822167 
1 446 10 16 0.05967147 
918 235 14 19 0.05789136 
324 202 33 42 0.05266216 
652 293 10 14 0.049872458 
997 231 8 11 0.047028016 
402 552 32 31 0.046906967 
1004 478 16 19 0.04438635 
517 220 15 16 0.04295549 
604 194 13 15 0.04097054 
560 184 11 13 0.040560994 
758 231 8 10 0.03997558 
597 205 13 15 0.039402407 
3 438 12 15 0.03938652 
1 457 10 16 0.039303213 
995 256 14 17 0.03835967 
1000 302 11 13 0.037849303 
774 228 9 12 0.037496373 
468 511 14 15 0.03725257 
806 157 13 14 0.0371441 
638 196 10 14 0.03658677 
23 434 11 14 0.03650532 
596 194 15 17 0.035599362 
1002 326 13 16 0.034898397 
61 225 12 14 0.034790773 
810 119 9 11 0.034275018 
645 220 10 13 0.032887258 
1013 180 11 16 0.032634545 
540 219 12 15 0.031459536 
525 201 13 15 0.031378794 
1015 317 10 13 0.030720813 
622 213 10 14 0.030071707 
108 221 10 12 0.029244885 
997 236 9 11 0.029019114 
13 438 10 12 0.028891543 
100 214 15 18 0.028418716 
699 340 17 21 0.028141454 
648 183 10 13 0.027994175 
-1 441 17 25 0.027917547 
377 219 12 16 0.027485661 
971 258 13 16 0.02690962 
485 197 28 36 0.026552126 
648 252 12 15 0.026261173 
1015 258 10 15 0.025826413 
842 74 13 17 0.02572069 
5 430 13 15 0.025340036 
978 331 12 16 0.02511927 
676 144 23 28 0.0249547 
113 237 9 12 0.024394851 
557 201 13 17 0.023541415 
802 158 10 12 0.023505205 
892 98 13 18 0.02331541 
794 112 8 11 0.022615794 
616 207 9 12 0.022577792 
984 246 9 11 0.022529133 
12 247 11 13 0.022412665 
76 277 12 15 0.022265477 
92 398 27 32 0.022250732 
814 163 9 12 0.022202307 
427 243 13 16 0.021952553 
553 193 14 16 0.021861684 
40 437 12 15 0.021837162 
535 189 11 14 0.021700224 
648 207 9 12 0.021645691 
396 243 15 17 0.02135526 
94 214 15 16 0.021245522 
568 185 12 17 0.02109375 
912 295 25 30 0.02093273 
441 233 24 28 0.020878542 
1003 470 15 18 0.020858955 
1006 245 9 12 0.020784007 
544 199 13 16 0.020468654 
815 135 8 10 0.02045068 
13 451 11 15 0.020417774 
1000 526 12 13 0.020081036 
666 300 11 13 0.020060694 
