23_Shoppers_Shoppers_23_607
351
238 297 181 240 0.9996916 
170 1219 12 15 0.4684306 
175 1433 12 15 0.38738874 
189 1225 13 16 0.3605664 
89 1455 9 12 0.28786686 
212 1417 10 12 0.261663 
477 1482 12 16 0.24962641 
884 450 66 47 0.22998689 
148 1238 11 13 0.21849932 
116 1268 10 13 0.19878697 
206 1199 8 11 0.19840014 
206 1382 9 10 0.17606533 
229 1411 9 12 0.166328 
713 639 405 426 0.16506533 
609 995 446 580 0.15397424 
317 1206 9 12 0.1519746 
129 1236 9 12 0.13200846 
175 1284 10 13 0.12957816 
348 1290 11 15 0.12766105 
373 940 10 12 0.1171108 
102 1309 10 13 0.11651197 
368 1305 12 15 0.11433612 
453 916 11 14 0.113354586 
445 1276 10 13 0.10872114 
370 920 9 11 0.10483499 
232 1342 10 11 0.10331585 
151 1269 9 12 0.099402666 
391 926 9 11 0.09822748 
136 1219 10 13 0.0959695 
96 1309 10 13 0.09067376 
516 1286 13 16 0.087090306 
173 1200 9 11 0.08272621 
330 1177 13 17 0.08203324 
536 1341 12 15 0.08027107 
453 1270 10 12 0.07911955 
503 1333 10 13 0.07814035 
215 1193 9 11 0.076452784 
271 1269 10 13 0.07450753 
421 948 8 11 0.074501805 
543 1292 13 16 0.07110046 
143 1200 9 10 0.070786275 
129 1415 9 11 0.06829676 
277 1268 11 14 0.067628294 
160 1226 10 13 0.06760736 
113 1262 11 13 0.06675014 
119 1220 9 12 0.06667196 
112 1254 9 11 0.06655167 
467 1333 12 14 0.064282596 
847 646 47 58 0.064255945 
191 1415 10 12 0.06358975 
103 1454 10 12 0.06268333 
133 1415 8 11 0.06260136 
169 1206 9 11 0.06255733 
225 1408 10 12 0.061992515 
418 1253 9 12 0.061195556 
472 935 9 11 0.06052725 
103 1230 10 13 0.05686482 
199 1453 11 13 0.055371106 
134 1238 9 12 0.054069746 
304 1228 8 11 0.05190433 
448 1271 10 13 0.05190372 
88 1415 9 11 0.05181772 
168 1199 9 11 0.051192783 
246 1303 9 12 0.05095516 
352 1204 10 12 0.05068595 
377 1277 9 12 0.049916282 
144 1496 8 11 0.049868673 
175 1413 10 11 0.049583405 
135 1299 11 14 0.04956224 
392 920 9 10 0.049462542 
254 1422 7 11 0.048598178 
417 943 9 12 0.048278034 
489 924 9 11 0.048124608 
432 1309 9 12 0.047716293 
225 1357 8 11 0.04663757 
262 1277 10 12 0.046255622 
309 1222 10 13 0.046249088 
72 1427 8 12 0.045976274 
173 1423 11 12 0.04584756 
253 1368 8 10 0.04505339 
134 1320 10 13 0.04468492 
236 1279 10 12 0.04412735 
199 1443 11 14 0.04407042 
106 1412 12 14 0.043412447 
398 918 7 10 0.043312423 
349 909 10 11 0.04331015 
387 926 8 11 0.04310859 
89 1421 8 10 0.04296732 
238 1205 9 12 0.04253928 
449 917 9 12 0.04219981 
240 1302 9 12 0.042028595 
174 1363 11 13 0.041991115 
385 1228 8 11 0.04163569 
326 1290 11 15 0.041416682 
358 1203 9 12 0.041260857 
229 1302 11 14 0.041187678 
112 1248 9 11 0.041164733 
175 1316 9 11 0.040865857 
116 1255 9 12 0.040781826 
208 1192 9 12 0.04026585 
193 1406 9 10 0.04006352 
266 1429 8 11 0.03943954 
352 1199 8 11 0.039204482 
95 1511 11 13 0.03883027 
301 1482 10 13 0.03882416 
198 1406 9 11 0.03881148 
336 1245 9 12 0.038801607 
266 1271 9 11 0.038652346 
142 1302 8 11 0.03832287 
424 1471 8 12 0.038051162 
136 1430 9 12 0.037935965 
222 1245 9 12 0.037527863 
483 1482 11 14 0.037516616 
159 1445 9 12 0.037486006 
124 1389 12 13 0.037483122 
214 1397 10 12 0.03724258 
132 1230 10 12 0.036714617 
327 1230 8 10 0.036661413 
262 1238 9 12 0.03664045 
441 918 8 11 0.03659916 
184 1182 8 11 0.03653495 
192 1373 8 11 0.036381494 
329 1224 8 10 0.03585009 
93 1269 9 13 0.035653047 
117 1247 8 10 0.035289243 
249 1367 8 10 0.035137 
424 912 7 9 0.035132382 
231 1286 10 11 0.03500285 
156 1469 10 14 0.034527622 
109 1231 10 13 0.034524735 
127 1205 8 10 0.03361302 
174 1239 9 11 0.033367753 
333 1223 8 11 0.033125877 
128 1256 9 11 0.033090238 
104 1293 8 11 0.03289884 
548 1270 11 15 0.032809038 
143 1308 8 11 0.03278242 
384 1453 9 12 0.032624535 
175 1271 11 13 0.032598097 
489 1317 10 12 0.032392535 
424 1316 10 12 0.03217288 
141 1216 9 11 0.03207842 
370 935 9 12 0.032041907 
497 1333 10 12 0.031917047 
159 1191 8 10 0.03167477 
170 1286 9 11 0.031563364 
88 1448 10 13 0.031436402 
103 1251 10 12 0.03139207 
172 1243 11 13 0.031330675 
201 1253 9 13 0.031330034 
245 1485 10 11 0.031166708 
401 1431 9 12 0.031140119 
416 1331 11 14 0.03105924 
94 1429 11 15 0.031014463 
429 1470 10 11 0.03096756 
221 1192 9 11 0.030839497 
176 1454 10 11 0.030757977 
230 1262 9 12 0.030682178 
149 1198 8 11 0.030550336 
432 1368 9 12 0.030541247 
377 1428 9 12 0.030334784 
71 1447 8 11 0.03029311 
150 1232 9 12 0.030057238 
184 1504 9 11 0.02976437 
255 1261 8 11 0.029459221 
256 1302 9 12 0.029295046 
480 1454 10 12 0.029233906 
94 1263 8 11 0.02919222 
118 1199 8 10 0.029164877 
238 1438 10 12 0.029154811 
183 1221 11 15 0.029137049 
143 150 11 14 0.029108748 
128 1324 9 12 0.028909665 
456 1289 10 12 0.028444847 
190 1190 10 13 0.02835761 
206 1253 10 15 0.028305745 
150 1262 11 14 0.028239207 
224 1287 9 11 0.028195452 
351 1225 8 11 0.028177323 
544 1519 10 12 0.027785921 
200 1432 8 11 0.027662316 
165 1443 10 13 0.02765032 
127 1200 8 10 0.027474154 
127 1404 10 12 0.0273288 
224 1300 12 15 0.027324228 
111 1399 8 11 0.0272859 
190 1341 9 11 0.027272832 
221 1213 9 11 0.027259186 
208 1398 9 12 0.02722473 
134 1287 10 13 0.027223447 
320 1231 9 10 0.027105795 
98 1224 7 10 0.027040433 
190 1233 11 14 0.026795182 
509 1340 10 12 0.0267413 
470 1511 10 12 0.026657412 
269 1430 10 12 0.026657034 
143 1500 8 10 0.026570505 
277 1306 10 13 0.026435208 
191 1197 8 11 0.026309287 
93 1413 11 13 0.026283026 
111 1219 9 11 0.026193919 
183 1396 9 12 0.026182467 
473 1480 12 14 0.026131121 
447 924 9 12 0.026051361 
383 910 8 10 0.025996199 
380 1373 9 11 0.025962794 
199 1375 9 11 0.025961386 
232 1346 11 13 0.025900036 
215 1430 9 10 0.025768416 
119 1228 9 11 0.025708279 
257 1222 9 11 0.025696289 
182 1360 9 12 0.025691919 
196 1222 10 13 0.025618622 
168 1364 10 13 0.02556954 
311 1284 8 11 0.025568914 
430 919 7 9 0.025518678 
124 1396 12 14 0.025488028 
98 1228 9 12 0.025436433 
352 1360 8 10 0.025406769 
136 1342 9 11 0.025333386 
310 1279 8 11 0.025251545 
507 1333 11 15 0.025238233 
238 1199 9 12 0.025104543 
225 1293 10 12 0.025103731 
295 1213 9 10 0.025090156 
258 1245 8 12 0.0250493 
430 1315 9 13 0.024914525 
406 912 7 9 0.02489052 
276 1286 10 13 0.024887115 
301 1335 9 11 0.02483996 
233 1432 8 10 0.024787817 
437 1307 10 12 0.024785444 
149 1255 11 13 0.024710983 
262 1245 9 11 0.024683489 
234 1199 8 11 0.024546346 
237 1237 12 14 0.024520008 
262 1221 9 12 0.024462309 
104 1407 12 13 0.02443033 
420 1351 9 10 0.02437988 
103 1418 14 18 0.024232138 
233 1436 10 12 0.024225358 
135 1421 9 11 0.024144523 
246 1479 10 12 0.024047108 
439 1283 10 13 0.023997769 
305 1414 8 11 0.023951868 
239 1212 8 10 0.023861358 
367 1296 10 12 0.023819234 
408 1411 10 12 0.023764465 
184 1340 10 13 0.023760788 
126 1214 9 12 0.02375453 
224 1262 10 12 0.023687331 
296 1221 9 12 0.023652874 
103 1221 9 13 0.023549091 
191 1279 9 12 0.02353241 
298 1228 8 11 0.023515584 
272 1324 8 11 0.023436734 
154 1446 9 10 0.023428882 
297 1335 9 11 0.023416258 
305 1223 9 13 0.023391943 
119 1302 8 11 0.023386836 
238 1255 9 11 0.023347007 
166 1224 11 14 0.02334491 
249 1414 9 12 0.02333762 
191 1245 9 11 0.0233255 
190 1333 10 12 0.023308733 
261 1301 9 12 0.023229185 
137 1199 8 10 0.023180997 
303 1274 9 13 0.023108514 
169 1316 9 11 0.023084488 
206 1386 10 13 0.0230654 
352 1341 10 13 0.02304757 
420 1328 10 12 0.023039948 
145 1232 9 11 0.023034621 
105 1215 9 11 0.022933362 
151 1183 7 9 0.02289593 
198 1333 9 11 0.022891637 
264 1253 9 11 0.022771938 
465 1325 10 13 0.022729976 
133 1487 7 10 0.0227107 
232 1214 9 11 0.022655338 
208 1219 9 13 0.022637162 
144 1261 9 13 0.022632848 
168 1435 11 16 0.0226317 
87 1370 10 12 0.022625277 
112 1274 10 12 0.022618087 
273 1319 9 11 0.022597075 
414 936 7 9 0.0225054 
103 1479 8 10 0.022495922 
360 1277 10 12 0.022430178 
114 1197 8 11 0.022393858 
272 1263 10 13 0.02234434 
340 1245 9 11 0.022290722 
375 1269 10 14 0.02228069 
190 1399 10 13 0.022238333 
193 1349 9 12 0.02221001 
360 1254 10 12 0.022198405 
152 1191 8 9 0.022168884 
185 1333 10 13 0.022151519 
153 1274 9 12 0.022143157 
128 1183 7 9 0.022020092 
135 1435 10 13 0.021958565 
383 934 8 10 0.021904498 
190 1215 9 11 0.021854555 
88 1311 9 13 0.021820355 
177 1183 8 10 0.0217989 
249 1461 9 11 0.021760719 
73 1491 10 12 0.021684973 
97 1304 9 12 0.021675263 
183 1316 10 12 0.021643369 
466 934 9 11 0.021638578 
110 1236 10 12 0.021485839 
527 1519 10 11 0.021425016 
547 1295 13 17 0.021283915 
409 1455 8 10 0.021217663 
449 912 8 11 0.021180509 
206 1405 8 11 0.02109373 
449 1263 8 10 0.021093426 
216 1437 10 12 0.02105969 
169 1421 9 11 0.021030746 
108 1455 9 11 0.020995593 
596 1446 15 19 0.020947503 
142 1179 10 13 0.020941382 
489 1277 9 12 0.020940002 
239 1335 9 11 0.020928686 
144 1240 11 14 0.020899836 
77 1422 9 13 0.020876106 
135 1308 10 12 0.020865222 
159 1438 11 15 0.02080843 
471 918 9 10 0.020707022 
314 1201 8 10 0.020685442 
320 1438 9 12 0.020666782 
414 1405 11 14 0.020652603 
453 1265 10 11 0.020546544 
297 1272 9 12 0.020541163 
112 1336 10 12 0.020539919 
157 1464 10 12 0.020378146 
196 1413 9 12 0.020377612 
254 1372 8 10 0.020376151 
240 1326 9 10 0.020374661 
198 1191 11 13 0.020362878 
101 1517 10 12 0.020277252 
92 1457 11 13 0.020257786 
401 913 7 10 0.020250369 
336 912 7 9 0.020224046 
472 912 8 10 0.02021104 
126 1221 10 12 0.020086085 
185 1177 7 9 0.020074075 
120 1183 7 10 0.020073641 
431 1339 10 13 0.020070987 
400 1309 9 12 0.020059468 
256 1428 7 10 0.020057391 
