23_Shoppers_Shoppers_23_599
83
145 28 39 78 0.85614467 
658 50 35 51 0.77707326 
607 530 25 32 0.6644394 
572 431 20 26 0.400168 
961 171 18 23 0.3506274 
803 467 22 27 0.3272973 
790 219 25 32 0.2715729 
497 406 25 29 0.18082595 
670 48 39 44 0.16877002 
93 45 54 72 0.16435765 
482 413 12 15 0.16065358 
644 428 14 18 0.11615913 
263 54 11 13 0.09985948 
607 423 23 30 0.09645265 
312 55 9 11 0.08248156 
220 29 14 20 0.080007315 
546 412 13 17 0.07148011 
264 49 9 12 0.07146581 
117 35 53 79 0.07098924 
538 210 28 29 0.06045447 
532 421 16 18 0.05960108 
388 88 11 13 0.057248134 
570 542 25 30 0.055965904 
588 471 18 20 0.055717528 
685 425 16 18 0.055478245 
359 244 11 14 0.054514043 
673 105 53 82 0.05075271 
548 406 10 13 0.050525565 
604 412 13 15 0.04869806 
662 50 55 76 0.04654209 
172 100 31 44 0.04257987 
579 404 11 13 0.041704495 
480 408 12 14 0.037378117 
467 524 12 14 0.0352004 
650 429 13 16 0.034933135 
995 237 25 37 0.034244698 
259 52 21 25 0.03263552 
578 589 18 20 0.031903032 
785 370 16 20 0.031494297 
507 451 22 26 0.030632345 
493 410 18 21 0.030291194 
699 526 12 16 0.030149365 
786 358 13 15 0.029799402 
701 458 14 18 0.029479682 
-2 137 35 62 0.029201176 
836 498 23 29 0.028547129 
455 405 24 28 0.028288709 
638 551 14 17 0.028273884 
571 217 52 58 0.028262949 
310 72 8 11 0.027345983 
600 404 12 14 0.026984295 
271 77 10 13 0.026449012 
268 47 10 12 0.026198942 
464 411 14 17 0.024823004 
695 531 11 13 0.024455264 
874 500 18 20 0.024038238 
156 57 43 71 0.023798378 
572 422 16 18 0.02301567 
343 53 11 13 0.022978853 
536 410 20 24 0.022840519 
615 399 10 12 0.022594955 
505 237 27 33 0.02251422 
615 510 12 13 0.022476062 
320 78 8 9 0.02220099 
613 515 13 15 0.0221796 
203 36 10 14 0.022048155 
403 186 15 19 0.021804083 
88 6 30 44 0.02151029 
611 412 14 15 0.021350728 
931 247 86 131 0.021322872 
700 436 12 16 0.021268992 
345 11 12 15 0.020982563 
352 243 13 17 0.020949535 
258 238 17 20 0.020948187 
501 535 15 18 0.02089866 
437 408 13 18 0.020886878 
500 421 17 20 0.020833341 
468 420 12 17 0.020806247 
410 93 9 12 0.020725971 
607 525 12 16 0.02056311 
653 468 15 18 0.020492049 
250 211 30 35 0.02048655 
515 411 14 18 0.020235239 
