23_Shoppers_Shoppers_23_817
66
468 658 616 407 0.5538524 
97 424 213 362 0.378954 
366 15 377 509 0.21847539 
356 611 12 15 0.16458854 
461 668 12 16 0.1274669 
414 653 16 21 0.11626423 
353 540 12 15 0.11204721 
382 606 14 17 0.11036681 
459 428 373 496 0.08102697 
111 629 410 486 0.07947817 
642 13 205 289 0.07539111 
334 604 12 15 0.07303981 
300 565 11 15 0.07064455 
415 631 24 31 0.0654059 
327 544 12 16 0.055481132 
411 405 15 20 0.053620473 
369 385 17 19 0.052064795 
347 409 24 32 0.048121992 
365 586 15 18 0.045833614 
372 675 21 29 0.04483596 
398 655 15 20 0.04102725 
404 649 20 28 0.040692043 
334 583 11 15 0.040159494 
691 520 11 12 0.03908528 
468 645 29 36 0.03726397 
455 599 16 20 0.03721916 
393 490 14 16 0.03668493 
381 626 15 19 0.03641879 
561 -90 339 445 0.035897665 
134 376 390 487 0.035235185 
402 364 14 17 0.034952376 
321 447 17 19 0.034754824 
462 654 25 35 0.033935048 
365 623 22 29 0.03376355 
404 396 25 33 0.033311605 
554 492 18 23 0.031886373 
-32 496 426 546 0.03129617 
337 690 451 533 0.03125009 
318 637 11 15 0.030994644 
619 5 136 238 0.03065851 
387 620 15 19 0.03008535 
769 30 183 224 0.029832875 
423 597 12 15 0.029284146 
324 495 16 21 0.029159052 
341 443 15 19 0.028409755 
286 554 27 37 0.028205352 
427 475 14 17 0.02760267 
428 566 11 15 0.02745553 
334 403 40 51 0.027131157 
402 383 16 20 0.02693361 
318 748 120 190 0.026501413 
333 541 11 15 0.023935169 
397 366 24 31 0.023869421 
326 439 24 30 0.023618186 
319 573 12 15 0.022543533 
717 622 10 12 0.022331698 
439 550 11 14 0.022266744 
456 664 22 27 0.021998713 
326 568 8 10 0.021866577 
426 635 16 21 0.021154331 
449 523 13 17 0.021051405 
533 469 15 17 0.020822195 
362 612 12 15 0.020686947 
311 572 11 16 0.020590844 
230 872 469 519 0.020558612 
393 382 28 33 0.020337526 
