23_Shoppers_Shoppers_23_880
38
190 99 76 155 0.96949995 
736 200 99 124 0.94010407 
693 721 83 63 0.23664929 
225 168 259 217 0.21443546 
387 542 541 379 0.20467713 
-88 306 498 459 0.14642179 
404 182 44 56 0.13447316 
233 112 83 139 0.13183835 
473 863 583 503 0.10153153 
266 140 110 147 0.07538179 
155 446 493 405 0.07144577 
159 92 389 368 0.06197997 
44 460 241 232 0.055206385 
285 202 140 109 0.05152501 
-51 485 400 517 0.044134144 
341 223 82 63 0.04171587 
557 640 82 61 0.04036366 
389 144 53 85 0.038083304 
412 165 15 22 0.033373844 
381 195 59 57 0.031479105 
390 220 66 58 0.030394027 
433 208 18 23 0.03032889 
634 470 410 434 0.029494427 
683 712 135 113 0.028738586 
416 101 30 32 0.027561324 
214 46 21 28 0.027456243 
595 648 47 37 0.02742979 
346 74 103 149 0.02701466 
432 196 30 36 0.026984004 
314 618 138 117 0.026523653 
409 120 56 69 0.025809078 
423 115 32 39 0.025732595 
542 636 255 191 0.023166822 
205 50 13 19 0.021819243 
556 641 48 40 0.021804847 
49 491 177 120 0.02150765 
206 74 71 104 0.020883419 
572 644 134 106 0.020598069 
