23_Shoppers_Shoppers_23_500
28
436 122 42 65 0.99680066 
507 138 36 42 0.91541666 
802 60 96 102 0.74428946 
280 78 44 51 0.35176295 
251 88 39 41 0.28185526 
502 206 22 29 0.13569042 
217 630 22 23 0.0867848 
88 204 28 34 0.08003246 
257 70 54 63 0.059380732 
51 231 17 20 0.04775198 
878 39 59 84 0.044343792 
857 61 66 80 0.040659606 
107 268 30 34 0.035978492 
194 138 66 53 0.035018 
706 249 212 250 0.0331423 
211 681 19 22 0.030124178 
704 149 125 105 0.029665114 
763 86 139 125 0.029177077 
298 59 32 60 0.028591763 
407 127 31 52 0.028367855 
-1 223 25 47 0.025203222 
184 204 29 30 0.024827432 
305 616 32 41 0.024753481 
190 323 337 476 0.022294229 
744 75 225 231 0.020612383 
673 131 366 409 0.020586468 
15 207 38 51 0.020279117 
22 222 16 24 0.02008578 
