23_Shoppers_Shoppers_23_197
488
447 106 141 177 0.9994867 
695 199 351 445 0.60530555 
418 1081 37 41 0.5459878 
54 1494 14 19 0.5168707 
429 1504 17 20 0.46223772 
812 515 203 304 0.36301047 
50 1149 16 20 0.32862946 
290 426 38 62 0.29666033 
899 1005 130 161 0.27972433 
12 1336 14 17 0.2796952 
336 1462 13 16 0.2752839 
776 407 346 471 0.2619906 
7 1499 12 17 0.21883367 
132 1500 14 22 0.2135671 
259 666 15 19 0.20956658 
277 641 11 14 0.20599313 
7 1414 11 14 0.20234638 
421 1476 13 16 0.20173614 
77 1383 10 12 0.20143235 
820 942 208 268 0.20118365 
114 1146 13 16 0.19319777 
209 1500 15 19 0.17096789 
860 1002 123 124 0.16794603 
354 1465 17 19 0.1626808 
28 1432 14 17 0.16196238 
343 1386 14 20 0.15851296 
86 1412 12 14 0.15781423 
354 1474 16 18 0.15300395 
42 1359 12 13 0.14882822 
316 675 10 13 0.1463653 
367 1494 13 15 0.13615185 
384 1398 11 14 0.13607977 
407 1511 12 15 0.13590652 
405 1490 15 16 0.13308372 
143 1300 13 16 0.12941785 
14 1310 11 14 0.1278311 
86 1308 13 15 0.12565 
363 1469 15 18 0.12331747 
104 1370 11 14 0.121082336 
162 1258 11 14 0.120076135 
287 1253 13 15 0.11773296 
31 1460 13 18 0.10989709 
120 1226 13 17 0.107127346 
293 669 24 27 0.10392937 
141 1211 10 13 0.10342809 
38 1497 13 17 0.10123504 
245 1470 11 15 0.09615193 
814 1472 8 12 0.09586117 
113 1506 14 17 0.09514953 
45 1390 10 13 0.09497351 
69 1148 11 14 0.09221085 
2 1419 11 15 0.09209157 
94 1471 14 19 0.08861004 
894 624 126 186 0.088102624 
469 1450 13 16 0.088060126 
173 1310 13 17 0.087582625 
101 531 417 488 0.08755458 
308 674 15 18 0.08749963 
37 1395 12 15 0.08599846 
340 1503 11 13 0.08520414 
61 1398 11 13 0.084654965 
663 1379 12 14 0.08422635 
352 1480 13 16 0.08283776 
396 1475 11 14 0.08260063 
274 1474 13 16 0.081001975 
133 1330 13 15 0.07997494 
54 1342 10 13 0.07676885 
358 1455 12 13 0.076533824 
36 1380 11 12 0.075119115 
68 1479 13 17 0.075118504 
372 1492 12 15 0.0739248 
71 1459 12 16 0.073732086 
380 1486 11 14 0.07286654 
175 1378 12 16 0.072268225 
307 714 30 40 0.07213828 
57 1366 9 12 0.071273826 
4 1427 12 15 0.07106438 
323 1501 12 14 0.07006086 
313 1354 10 13 0.0699917 
235 1373 12 14 0.069338515 
69 1276 10 13 0.0686693 
322 1508 14 15 0.06854929 
55 1405 10 12 0.067741655 
16 1267 12 16 0.06659398 
59 1094 11 14 0.06625312 
411 1483 14 16 0.065449275 
317 1358 10 12 0.06536459 
133 1155 13 17 0.065331474 
430 1438 12 14 0.065264046 
30 645 32 37 0.06500793 
71 1341 12 15 0.06374159 
187 1368 15 22 0.06372376 
654 1407 13 15 0.06315621 
61 1391 9 11 0.06304268 
217 710 31 40 0.06271503 
5 1366 13 17 0.06083154 
147 1344 14 17 0.06050774 
370 1470 13 15 0.05927107 
342 1242 11 13 0.058519434 
367 1186 12 16 0.057902306 
15 1110 10 13 0.05775992 
21 1403 11 14 0.05764815 
333 1517 15 15 0.05746198 
25 1428 12 17 0.057111688 
57 1154 14 18 0.05704977 
48 1474 12 16 0.05698663 
401 1444 12 14 0.056875743 
732 277 128 175 0.056344394 
70 1405 10 12 0.055705514 
61 1148 13 17 0.055401877 
53 1413 11 15 0.05463515 
457 1481 16 19 0.05373862 
39 1390 11 14 0.05371125 
335 1508 13 15 0.052842416 
359 1111 20 28 0.052518744 
288 1212 11 13 0.052090105 
426 794 49 62 0.051598597 
1 1443 12 17 0.05157196 
145 1246 15 20 0.051382676 
369 1362 13 15 0.05121043 
273 692 15 20 0.050713997 
33 1397 11 14 0.05066371 
6 1308 12 16 0.05059423 
96 1449 13 17 0.04967288 
1 1117 9 13 0.049370814 
120 1440 10 11 0.049241465 
286 1497 14 17 0.048731692 
444 1059 11 13 0.048633285 
132 1167 16 19 0.04832278 
44 1495 14 19 0.048207 
861 1007 67 73 0.048067868 
1 1437 10 15 0.04803168 
301 1458 12 15 0.04797354 
79 1430 10 11 0.04779421 
158 1233 14 18 0.04776744 
31 1126 11 14 0.047621038 
12 587 17 22 0.047435783 
316 1385 16 19 0.04728899 
5 585 13 19 0.04688142 
292 1283 11 14 0.046480197 
182 1029 24 30 0.046382427 
72 1441 12 14 0.046051074 
77 553 42 54 0.045952182 
47 1141 13 15 0.04584056 
606 834 11 14 0.045502413 
268 1451 14 15 0.0451369 
284 1367 15 19 0.045099437 
70 1411 11 15 0.045038734 
52 1485 15 19 0.04503777 
457 830 51 81 0.045004312 
67 1399 11 13 0.04492982 
5 845 10 13 0.044764902 
76 1362 12 14 0.044312075 
157 1468 10 13 0.044194166 
348 1114 12 17 0.044094626 
59 1480 20 24 0.044043783 
92 1156 13 17 0.043626655 
30 1345 13 17 0.04291223 
35 1434 14 18 0.042690266 
732 890 365 444 0.041862786 
260 1338 12 14 0.041204173 
131 1371 12 16 0.040832363 
388 1160 10 13 0.04082998 
9 1314 12 15 0.040787935 
36 1413 12 14 0.04073508 
236 1358 13 15 0.04068469 
18 1339 12 16 0.04057986 
806 1452 9 12 0.04049142 
101 1421 11 14 0.040088862 
631 1355 14 15 0.03995646 
94 1422 10 12 0.039808106 
30 1422 11 13 0.03971268 
111 1356 11 13 0.039700475 
47 1420 11 15 0.03959363 
0 1518 13 18 0.03935058 
282 663 43 53 0.039304115 
397 1501 13 15 0.03910776 
358 1372 14 16 0.03895709 
249 1308 12 16 0.038865767 
459 1438 12 17 0.038320795 
294 789 13 15 0.038195472 
80 1405 11 14 0.037947416 
46 1407 10 12 0.03792704 
77 1373 13 15 0.037885007 
230 1359 11 14 0.03782861 
177 1185 11 15 0.037770286 
259 1431 13 16 0.03746037 
494 1223 24 32 0.03744909 
291 1402 14 15 0.037364323 
172 1292 13 16 0.037325907 
40 1307 10 12 0.03726551 
35 1463 14 17 0.037046574 
60 1236 14 18 0.036767118 
80 1411 12 15 0.036727674 
4 1499 21 26 0.03672231 
130 1338 14 17 0.036641445 
180 1373 16 21 0.03651676 
325 1313 9 10 0.036219023 
279 1349 10 12 0.036127705 
336 1455 10 13 0.03605819 
340 1493 11 14 0.036044136 
12 573 11 14 0.03599751 
5 1358 12 15 0.03577795 
369 1419 11 14 0.03576411 
933 1075 87 102 0.035638288 
133 1276 11 16 0.03551188 
103 1294 10 13 0.035397008 
352 1462 12 15 0.03534831 
456 823 109 169 0.034982793 
169 1315 14 19 0.034878183 
450 1278 16 20 0.034788653 
355 1406 16 21 0.034583364 
535 1368 9 10 0.034484915 
9 1492 15 18 0.034450844 
52 1451 12 15 0.03425622 
33 612 51 60 0.03405348 
403 1498 15 16 0.033910006 
79 1278 12 15 0.0339036 
399 1294 10 13 0.033664193 
63 1186 14 19 0.03364858 
320 1495 10 13 0.033602323 
318 1430 11 13 0.03346758 
276 1323 10 13 0.033301942 
572 822 15 16 0.03319657 
271 1470 13 15 0.033160076 
379 1380 11 14 0.032856528 
146 1295 13 16 0.032806087 
37 1403 12 15 0.032598704 
56 1390 10 12 0.032517962 
532 1435 23 26 0.032517314 
364 1369 13 17 0.032352243 
150 1325 10 11 0.032227248 
363 1501 11 14 0.032155916 
36 1420 13 15 0.032098558 
159 1034 23 29 0.03209777 
648 1278 57 71 0.031957734 
164 1380 15 19 0.031718258 
196 1128 14 17 0.031685207 
357 1437 11 13 0.031520117 
185 528 25 30 0.03142824 
807 1011 123 109 0.031263556 
170 1034 25 33 0.031114649 
107 1366 12 14 0.03108989 
73 1387 11 12 0.031069761 
390 1126 11 15 0.031048687 
681 1348 10 12 0.030903284 
104 1415 10 12 0.03088089 
142 1326 9 13 0.030858435 
291 1340 14 15 0.030484173 
465 1115 29 35 0.030402863 
104 1255 11 14 0.030393861 
669 1390 10 12 0.030366521 
947 620 17 21 0.030357443 
343 1443 12 14 0.030302076 
112 1431 9 11 0.030225558 
127 1343 11 14 0.030118704 
76 1498 14 18 0.029989919 
97 1428 9 13 0.029832117 
0 1414 18 25 0.029764995 
264 1460 10 13 0.029698502 
93 1221 12 15 0.02968186 
535 1373 9 10 0.02964482 
462 1383 11 14 0.02961891 
322 1270 12 13 0.029448986 
311 1387 13 16 0.029428303 
21 850 11 14 0.029387679 
416 1473 21 26 0.029253433 
253 1497 13 16 0.029246392 
12 1326 12 16 0.029214846 
248 1094 9 12 0.029205961 
25 1422 10 13 0.029128911 
485 837 16 24 0.029117502 
180 1351 16 22 0.029031476 
347 1235 12 15 0.029015405 
150 1219 11 14 0.028920952 
0 1298 11 18 0.028912863 
32 1375 11 13 0.028744116 
390 1508 12 14 0.028708644 
160 1383 12 15 0.028627379 
285 1433 12 16 0.028484566 
47 1412 11 14 0.028387593 
96 1151 10 14 0.028377721 
340 1475 13 16 0.028318161 
196 982 397 492 0.028081398 
273 1320 10 12 0.02796752 
16 586 27 30 0.027942598 
157 1325 11 13 0.027870094 
654 209 208 308 0.02776923 
384 1364 11 14 0.02774903 
364 1411 13 17 0.02771237 
381 1477 11 14 0.027639262 
312 1301 10 13 0.027633958 
15 1263 21 27 0.02757149 
221 1107 10 12 0.027539363 
116 1152 13 17 0.027514243 
320 1290 12 15 0.027463622 
89 1474 13 17 0.027382294 
639 1428 10 12 0.027376097 
328 1466 14 17 0.027295602 
1004 599 17 20 0.027221953 
6 1229 14 19 0.027206296 
318 1484 10 12 0.02718497 
461 651 14 17 0.026993906 
293 1348 13 14 0.026974838 
319 1496 19 24 0.026972158 
217 1499 15 21 0.026958039 
282 795 15 17 0.026940776 
262 1293 13 17 0.026718669 
46 1307 10 12 0.026699517 
341 1485 11 14 0.026698982 
277 1499 15 17 0.026695155 
615 1390 12 14 0.02667919 
288 1234 12 14 0.02663412 
285 1120 22 28 0.026424943 
320 1411 13 17 0.026411196 
323 1364 12 14 0.026399737 
47 1347 11 14 0.026298393 
322 1382 17 19 0.026266709 
834 1472 9 12 0.026215442 
664 1387 12 14 0.026189065 
235 722 17 21 0.026176287 
327 1172 12 15 0.026060771 
0 1468 11 17 0.026030215 
671 1286 37 45 0.025997171 
302 1397 12 14 0.025951473 
275 1301 13 15 0.025920333 
69 1489 14 19 0.025885649 
566 860 11 13 0.025679415 
139 1275 11 15 0.025298098 
189 1124 15 21 0.02524283 
74 1195 13 16 0.02522229 
267 1508 14 15 0.025094245 
225 1359 11 14 0.025091682 
301 1350 12 13 0.025062388 
180 1360 18 25 0.024960218 
365 1484 13 15 0.02484947 
364 1504 14 17 0.024842478 
141 1351 13 17 0.024801044 
325 1495 11 14 0.024775675 
289 1123 12 18 0.024698563 
125 1376 13 16 0.024571842 
255 1323 11 15 0.024559468 
101 1146 11 15 0.024499338 
118 1196 13 16 0.024478221 
120 1343 10 12 0.02442566 
508 1438 10 12 0.02440093 
47 1384 9 12 0.024395134 
64 1459 12 17 0.024383817 
149 1033 22 30 0.02433804 
286 680 48 58 0.024334323 
129 1366 13 14 0.0241178 
52 1227 23 31 0.024069622 
144 1317 10 13 0.024021653 
502 658 14 17 0.024018029 
16 1405 10 14 0.024015883 
55 1371 10 13 0.023990564 
33 1389 11 14 0.023946801 
251 1468 13 16 0.023897838 
385 1126 11 14 0.023880748 
268 1286 10 13 0.023646962 
618 1282 99 100 0.02360371 
44 1459 13 16 0.023567198 
823 1050 28 33 0.023537569 
317 1436 10 13 0.02353289 
988 782 29 40 0.023497608 
825 1455 10 13 0.023463119 
513 1277 9 12 0.023461554 
334 1151 10 13 0.023448661 
212 1152 12 16 0.02337588 
59 1170 15 19 0.023252564 
133 1357 13 16 0.023226969 
215 1375 10 13 0.023158226 
474 827 27 41 0.023138339 
2 1370 11 16 0.023100108 
628 1348 15 16 0.023090651 
278 1342 11 14 0.022939183 
14 1102 9 11 0.022918003 
294 1237 11 14 0.022890685 
109 1488 16 17 0.022888849 
35 1349 11 14 0.02286574 
237 1111 11 14 0.02281943 
276 1446 11 14 0.022774285 
666 1376 11 12 0.022722863 
111 1285 11 14 0.022714693 
359 1493 12 15 0.022693897 
303 1446 11 14 0.022649383 
402 1509 21 24 0.022645932 
310 1484 10 12 0.02259158 
229 1431 15 17 0.022576243 
138 1228 12 14 0.02256517 
101 1429 10 13 0.022554433 
332 1472 15 17 0.02253137 
151 1234 13 17 0.022528417 
9 1101 9 12 0.022526808 
388 1003 15 20 0.02245699 
42 1437 13 16 0.022430005 
149 1318 9 12 0.022423018 
16 639 32 38 0.022416187 
287 1397 13 16 0.022359211 
103 1287 12 14 0.022352856 
285 1227 13 15 0.022319926 
339 1467 21 25 0.022305204 
60 616 48 59 0.022303635 
117 1042 25 30 0.02228165 
133 1346 12 16 0.022232607 
349 858 14 20 0.022227308 
414 1402 15 20 0.022190902 
417 1065 32 41 0.022184845 
63 1454 11 15 0.02217555 
101 1350 11 13 0.022109983 
114 1498 22 27 0.022072565 
388 1516 13 15 0.022044828 
23 1374 10 13 0.02203277 
98 1458 15 18 0.022022884 
311 1445 11 12 0.022018932 
0 1443 18 29 0.021938415 
285 1347 14 15 0.021936568 
333 1387 13 18 0.021891301 
334 1485 13 14 0.02185684 
806 946 15 20 0.021835022 
44 571 15 21 0.021786315 
503 1325 12 15 0.021778105 
271 445 34 46 0.02174632 
127 1489 26 35 0.021694915 
567 536 106 118 0.021674607 
93 1302 12 14 0.021674357 
72 1093 11 15 0.021647766 
312 1439 10 12 0.021647695 
424 1502 14 18 0.021624673 
336 1135 10 12 0.02160628 
346 1518 14 15 0.021494642 
103 1245 10 14 0.021478757 
148 1214 12 13 0.021462077 
358 1445 12 14 0.021457417 
381 1372 12 15 0.021454798 
144 1437 9 12 0.021450834 
19 1516 16 17 0.021382293 
245 1356 13 16 0.021369984 
425 1437 12 14 0.021305012 
435 1444 11 13 0.021280061 
134 1307 13 15 0.021256825 
335 1351 11 14 0.021256808 
111 1398 9 11 0.021255475 
373 1462 12 14 0.02122868 
381 1470 11 13 0.021177579 
167 1222 11 13 0.021146456 
285 1308 13 15 0.021138677 
4 1396 12 15 0.021126168 
173 1364 13 18 0.021120233 
293 1479 13 15 0.021120222 
379 1408 16 18 0.02110225 
385 1403 13 16 0.021088986 
108 1289 12 16 0.021083921 
13 1068 9 11 0.021071352 
383 1141 11 12 0.020978378 
192 1186 11 14 0.020977253 
4 1473 13 17 0.020926956 
231 1110 11 14 0.02091346 
109 1412 11 12 0.020862306 
361 1461 16 19 0.020821286 
241 1337 14 18 0.020729104 
179 509 32 40 0.02072108 
188 1199 10 12 0.020716934 
63 1493 20 25 0.020711772 
-1 1352 8 11 0.020667013 
516 1399 12 15 0.02066145 
20 1344 13 17 0.02066048 
663 1399 10 12 0.020636246 
258 1495 12 13 0.020589259 
742 1410 12 14 0.020568892 
335 1211 14 16 0.02051715 
293 1244 11 15 0.020502254 
421 802 81 96 0.020480074 
262 1516 14 16 0.020474348 
273 640 20 24 0.020437678 
7 1485 12 14 0.020376509 
373 1412 14 15 0.020304916 
455 797 214 298 0.020300416 
203 599 35 38 0.020259222 
277 684 25 31 0.02023889 
87 1427 10 13 0.020230765 
157 1248 20 25 0.020181967 
75 1437 12 15 0.02014165 
174 501 13 17 0.020100592 
267 1149 25 32 0.020059863 
279 1307 10 12 0.020035183 
131 587 29 32 0.020013412 
41 1156 11 16 0.02000813 
