23_Shoppers_Shoppers_23_271
89
500 226 48 67 0.9990803 
18 279 35 40 0.9990632 
602 234 57 65 0.9987262 
266 274 23 30 0.9914683 
167 312 28 28 0.93076915 
168 377 21 22 0.25057504 
482 469 42 48 0.23189902 
121 342 16 19 0.21489997 
926 345 7 10 0.20812437 
865 326 10 13 0.16884297 
840 315 15 17 0.1386055 
110 376 18 20 0.12978192 
166 411 13 18 0.12391385 
109 406 15 19 0.117294855 
975 316 9 11 0.110215895 
868 327 12 16 0.09901225 
160 317 38 45 0.08172281 
950 351 9 11 0.07974554 
480 341 44 41 0.067182764 
157 577 38 50 0.066649 
1014 202 8 13 0.0658174 
937 359 9 11 0.06491175 
424 319 29 37 0.059513353 
0 300 11 16 0.0512067 
958 439 11 14 0.04840563 
1001 456 8 9 0.044503905 
164 306 18 23 0.04120777 
109 382 23 27 0.04117818 
447 311 29 40 0.03883097 
985 412 8 10 0.037417904 
974 423 7 9 0.037111796 
921 347 9 11 0.035934523 
82 406 21 27 0.03531231 
957 415 9 11 0.033592157 
363 314 16 20 0.033386134 
461 299 15 20 0.0317164 
109 394 23 28 0.030299218 
212 315 15 18 0.03009381 
845 333 12 15 0.029681819 
942 422 8 11 0.029228246 
416 390 20 30 0.028909743 
921 367 8 10 0.02858827 
970 422 7 9 0.027912099 
453 302 25 31 0.027851045 
1008 288 8 10 0.027756402 
970 317 9 11 0.027534558 
883 -5 104 142 0.027258493 
945 341 10 11 0.026747117 
953 422 9 11 0.026737938 
442 444 25 29 0.02601778 
151 347 12 17 0.025862942 
967 352 8 10 0.025791764 
373 306 15 20 0.025697494 
998 324 12 14 0.02534497 
936 352 8 11 0.025130503 
942 415 8 11 0.02510493 
155 367 28 34 0.02473924 
135 362 28 35 0.024718877 
937 431 9 13 0.024291283 
980 316 10 13 0.024242735 
852 318 12 15 0.024189802 
875 324 13 15 0.02405502 
833 429 15 18 0.023933224 
436 315 28 40 0.023716625 
784 327 10 11 0.023455296 
962 366 8 10 0.02343523 
989 413 9 10 0.023156837 
992 326 10 13 0.02293499 
944 352 9 11 0.022562562 
860 341 11 13 0.02224454 
141 354 13 16 0.02202888 
151 339 24 31 0.02194121 
868 318 22 26 0.021861285 
0 300 17 30 0.021578938 
962 359 8 9 0.021477642 
425 326 18 23 0.02138534 
935 362 10 13 0.021365657 
569 503 10 12 0.021070516 
958 432 8 10 0.021012632 
158 400 20 29 0.020998612 
949 343 9 12 0.02099858 
840 330 12 15 0.02091439 
840 350 10 12 0.020824246 
854 347 10 12 0.020656494 
847 340 12 14 0.020382993 
380 307 13 17 0.020271152 
975 415 7 9 0.020225668 
910 343 9 10 0.020177934 
1015 341 10 16 0.020020982 
