33_Running_Running_33_786
197
506 127 31 34 0.9993612 
503 459 35 41 0.99521756 
522 238 30 34 0.9936727 
130 375 26 31 0.99345607 
732 454 29 42 0.99082434 
917 450 21 31 0.9850289 
314 374 16 19 0.97934407 
943 352 14 19 0.95516264 
901 119 12 16 0.8766598 
953 113 15 20 0.8731214 
47 465 12 15 0.83551747 
883 337 15 20 0.7643396 
91 456 12 16 0.7208538 
333 255 16 18 0.69807005 
339 461 16 21 0.6103141 
979 342 13 18 0.55501103 
144 463 10 14 0.5290636 
181 370 17 22 0.3879156 
962 152 28 30 0.38586727 
73 102 30 38 0.30728164 
887 153 16 18 0.23632692 
919 134 9 11 0.23269476 
511 340 9 12 0.21521942 
112 247 9 12 0.19946024 
877 341 15 19 0.1821575 
992 365 12 14 0.17624639 
848 137 7 10 0.1740873 
712 354 23 31 0.1723593 
534 399 11 13 0.17124726 
350 113 31 37 0.16484931 
804 137 13 16 0.15930513 
278 229 15 17 0.14724644 
77 383 15 22 0.13623413 
927 143 11 14 0.1308544 
84 383 15 21 0.1302273 
985 346 13 16 0.11748776 
444 331 10 13 0.10631131 
949 131 12 16 0.10495576 
367 334 11 15 0.10109568 
946 155 12 17 0.099278465 
712 332 17 20 0.094518326 
951 117 23 28 0.084936604 
58 387 25 28 0.07806245 
989 370 15 18 0.07565125 
913 133 8 12 0.074327014 
870 149 10 13 0.07311266 
101 378 15 20 0.07071723 
117 246 10 12 0.0705925 
236 469 14 20 0.06995714 
7 267 9 13 0.06903761 
47 237 10 13 0.06839963 
956 373 10 12 0.06266807 
945 162 14 19 0.06255727 
297 270 11 14 0.06222294 
879 141 11 15 0.06207955 
370 253 11 15 0.06068965 
109 237 10 12 0.05866612 
247 455 11 13 0.058044903 
946 139 14 18 0.057755217 
89 378 20 28 0.054188922 
930 146 11 15 0.052016634 
215 252 27 35 0.05198434 
709 337 21 26 0.051744908 
947 146 14 19 0.05111478 
896 131 12 15 0.04903814 
548 338 11 14 0.048868053 
944 133 12 15 0.047313444 
906 123 11 15 0.047200322 
502 397 12 14 0.04621926 
299 276 10 12 0.045822524 
272 334 9 13 0.044640586 
857 513 9 11 0.043101415 
642 289 19 21 0.04295823 
894 139 13 16 0.0429462 
699 120 29 35 0.04281093 
507 336 10 12 0.041467693 
975 335 10 15 0.04033628 
883 140 13 17 0.03979606 
160 251 12 13 0.039610725 
982 398 16 22 0.03938714 
136 247 7 10 0.039342824 
920 139 11 14 0.03811919 
919 148 10 14 0.038083307 
412 178 14 19 0.03760154 
95 181 24 27 0.03748263 
872 339 13 18 0.037164304 
43 273 14 17 0.03708274 
87 106 30 37 0.037006892 
105 234 10 13 0.036836624 
989 357 13 16 0.036351617 
106 246 10 13 0.035996996 
924 155 13 17 0.035428308 
925 134 9 12 0.03530309 
762 233 17 19 0.034827344 
927 506 11 15 0.034657627 
49 233 9 12 0.03452749 
66 376 23 27 0.034470495 
884 135 10 12 0.03445956 
531 396 10 13 0.03431845 
872 144 10 12 0.034203123 
962 110 14 18 0.034070805 
965 391 9 12 0.033684187 
179 379 18 22 0.03358452 
293 252 23 28 0.03347919 
443 348 17 23 0.03291244 
551 397 10 13 0.032064635 
1005 400 11 13 0.031825222 
72 113 13 17 0.031750143 
13 270 8 11 0.031715892 
869 154 10 14 0.03142693 
512 237 26 31 0.031130282 
59 365 24 28 0.031078955 
47 448 21 27 0.03102652 
981 150 25 31 0.03089488 
48 430 25 29 0.030499635 
422 163 12 15 0.02982922 
849 151 8 10 0.029269617 
899 138 12 14 0.029157143 
42 244 13 18 0.028639654 
662 162 34 41 0.028627902 
639 234 13 16 0.028551083 
143 457 18 24 0.028425982 
950 132 24 29 0.02834427 
992 378 14 18 0.027998097 
994 145 24 33 0.02789053 
963 118 22 26 0.027842887 
431 413 11 14 0.02775884 
42 458 20 26 0.027474767 
559 526 12 14 0.027277837 
125 246 8 11 0.026785541 
990 335 11 13 0.02676758 
933 134 10 13 0.026553515 
416 174 23 31 0.0264128 
356 125 18 21 0.026262252 
1008 284 8 13 0.026127849 
670 121 16 21 0.026027732 
883 108 12 16 0.025987333 
247 449 10 12 0.025973408 
886 520 10 11 0.025921086 
925 142 20 24 0.025762474 
623 215 42 49 0.025493752 
616 294 12 16 0.025482306 
119 241 10 13 0.025473148 
955 132 40 45 0.02532482 
956 367 10 13 0.02518072 
105 384 16 22 0.024906056 
876 380 10 13 0.024889525 
322 448 39 53 0.024883624 
413 405 8 10 0.024861638 
687 327 13 15 0.024790423 
988 130 13 17 0.02470455 
94 384 25 31 0.024579758 
930 498 16 21 0.024495242 
970 324 9 13 0.024192171 
286 225 10 13 0.024166757 
7 212 11 15 0.02413955 
484 415 11 12 0.023821654 
637 96 15 18 0.023779597 
51 373 24 31 0.023676496 
721 338 17 21 0.023595512 
921 326 9 11 0.023464931 
861 293 11 12 0.023459129 
627 291 14 16 0.023315238 
690 331 13 15 0.023229161 
999 402 11 15 0.02322396 
420 182 14 18 0.023206802 
627 278 39 44 0.023160683 
982 107 13 17 0.023104241 
1008 279 8 11 0.022463482 
329 253 14 16 0.022386285 
983 363 10 13 0.022290299 
970 116 14 18 0.0222238 
518 408 8 12 0.022018572 
911 139 10 13 0.021840451 
529 392 8 11 0.02149398 
865 151 9 11 0.021465177 
496 398 12 14 0.021168109 
293 246 15 16 0.021125922 
75 101 18 23 0.02111484 
49 418 26 29 0.020828249 
714 251 16 21 0.020817436 
964 103 12 15 0.020808365 
324 368 10 13 0.020804383 
238 461 13 18 0.02072598 
991 328 9 10 0.020700278 
975 216 11 14 0.020671217 
442 158 43 50 0.020605959 
698 102 34 37 0.020592032 
933 154 11 16 0.02045456 
572 414 13 15 0.020380212 
972 108 12 16 0.020229226 
98 113 18 24 0.02022857 
971 223 18 19 0.020217456 
242 454 9 12 0.020213688 
13 276 9 11 0.02017961 
974 324 9 12 0.020108892 
16 425 27 34 0.02001382 
