33_Running_Running_33_286
53
479 291 53 72 0.99892104 
70 342 11 14 0.11111558 
23 485 9 12 0.09104068 
148 485 9 11 0.08628909 
661 471 8 9 0.07566997 
865 477 7 9 0.0734939 
848 472 9 11 0.06876662 
823 485 8 10 0.061106186 
656 479 9 11 0.047910023 
873 476 8 10 0.044899914 
606 472 6 10 0.042939626 
920 472 7 9 0.042904556 
696 478 9 11 0.041803014 
818 472 7 9 0.038239222 
162 488 8 9 0.036367543 
889 471 8 9 0.035908476 
674 479 9 10 0.03421506 
716 476 10 13 0.03396713 
1005 368 13 19 0.033911694 
71 493 8 10 0.032915596 
818 479 7 10 0.032789122 
166 488 7 10 0.032406848 
677 473 8 10 0.03171768 
432 477 115 129 0.030780647 
853 472 8 10 0.030487318 
597 429 10 13 0.030111413 
657 465 7 9 0.029968759 
873 392 8 10 0.02990485 
638 472 8 9 0.029339239 
612 432 9 11 0.029291512 
855 592 11 14 0.027900666 
711 473 10 12 0.027352287 
792 471 7 10 0.026878197 
608 430 9 12 0.026809413 
696 576 10 12 0.025800673 
702 475 11 13 0.025574654 
54 493 8 10 0.025380082 
1008 407 10 13 0.025066426 
85 486 8 10 0.024938611 
647 481 8 11 0.02491661 
744 590 9 13 0.024700724 
806 479 8 9 0.02433914 
689 600 8 10 0.023959033 
733 480 8 10 0.023656111 
818 484 9 11 0.023465335 
674 471 8 11 0.023389095 
831 472 8 9 0.022148354 
866 409 8 10 0.021938957 
640 479 8 11 0.021769775 
703 575 9 12 0.021558389 
1010 988 9 13 0.021556832 
661 479 8 10 0.020378804 
230 387 11 13 0.020349866 
