33_Running_Running_33_341
39
510 256 68 93 0.99668944 
814 606 30 45 0.06868888 
450 992 8 10 0.06809739 
431 980 11 12 0.042516947 
432 952 9 10 0.037979532 
914 870 10 11 0.036957875 
439 974 8 11 0.03428463 
548 526 36 36 0.033990026 
1012 875 10 15 0.03305929 
433 999 9 11 0.032888103 
799 1007 8 10 0.031719092 
456 0 118 140 0.030858131 
351 1014 10 11 0.030555172 
437 1004 11 12 0.030077586 
432 958 9 10 0.030070713 
942 839 9 11 0.029641062 
759 992 9 10 0.028831175 
4 1069 12 15 0.026807744 
910 832 8 9 0.026316136 
768 1005 9 11 0.025296852 
767 998 9 11 0.02450258 
416 997 10 11 0.024317266 
703 1059 9 12 0.024016364 
118 285 30 35 0.022954827 
409 918 8 10 0.022676196 
864 353 216 267 0.022588 
680 947 9 12 0.022164326 
766 992 8 9 0.02214099 
441 967 9 10 0.022018094 
432 988 10 12 0.02187744 
912 864 10 12 0.021818677 
471 999 9 10 0.021050626 
769 1013 9 12 0.020803189 
511 998 9 10 0.020285748 
456 951 9 11 0.02025171 
936 837 9 11 0.020228656 
672 1053 10 11 0.020112341 
16 1191 56 63 0.02006325 
711 1063 10 13 0.020047305 
