33_Running_Running_33_517
26
504 147 45 59 0.9993662 
870 117 62 84 0.9993185 
92 90 67 81 0.99912304 
693 139 48 64 0.99878937 
337 141 46 64 0.9986933 
553 111 41 50 0.9909924 
427 71 44 58 0.9875902 
435 118 27 33 0.20119499 
967 132 9 12 0.17426002 
937 160 42 54 0.13223998 
746 419 12 15 0.05657555 
576 493 11 14 0.056538697 
644 179 13 17 0.050430533 
644 168 15 19 0.042659484 
271 147 9 11 0.034725163 
954 103 10 14 0.033512954 
63 363 41 35 0.03096177 
931 156 27 35 0.028584093 
1 196 10 15 0.027223513 
270 183 10 13 0.025181094 
926 146 14 20 0.024491938 
288 151 10 12 0.023818709 
650 178 12 15 0.023787137 
320 154 12 15 0.022884274 
947 154 31 36 0.020175392 
298 199 14 18 0.02011822 
