33_Running_Running_33_771
23
418 339 109 135 0.9999248 
330 136 99 134 0.99987996 
122 395 43 62 0.30232263 
14 544 79 123 0.21258634 
27 15 202 273 0.15912549 
338 804 428 560 0.1431989 
393 855 157 157 0.11147291 
130 521 88 118 0.09534222 
364 861 236 283 0.08457113 
854 171 165 260 0.06160854 
355 864 58 82 0.055241555 
-44 -104 361 435 0.047532443 
101 371 55 79 0.042988773 
24 943 56 73 0.031602442 
133 595 47 61 0.030508704 
163 342 29 35 0.030474355 
699 -2 108 114 0.029521318 
181 717 59 86 0.027538724 
151 588 29 37 0.025526926 
-4 471 162 251 0.023724392 
63 343 94 126 0.022836711 
983 477 40 71 0.020997532 
130 368 53 74 0.02021916 
