13_Interview_Interview_Sequences_13_864
29
555 99 49 54 0.810029 
609 134 43 48 0.76832145 
538 93 45 54 0.4657027 
739 235 51 53 0.16411607 
316 124 41 49 0.11463026 
514 93 49 57 0.07692143 
788 128 15 19 0.07250426 
587 118 49 58 0.06635537 
727 244 38 41 0.059984047 
748 235 30 35 0.05679259 
722 254 62 73 0.043445423 
389 387 49 50 0.03597795 
576 116 33 46 0.033394743 
784 118 10 13 0.033155914 
518 607 51 55 0.032451544 
523 520 39 57 0.031638883 
789 118 12 14 0.03032397 
-32 -49 454 482 0.030247202 
733 230 13 17 0.02858273 
517 84 33 42 0.027938789 
16 275 10 14 0.027678566 
406 391 11 13 0.025109597 
552 619 43 51 0.02510024 
736 232 26 34 0.024256064 
784 124 12 17 0.023923734 
899 129 106 154 0.023479326 
863 0 44 49 0.0230675 
109 419 14 21 0.023044059 
533 80 36 46 0.020067088 
