13_Interview_Interview_2_People_Visible_13_189
60
251 224 45 56 0.99884963 
172 215 59 71 0.99874085 
752 241 39 47 0.99795794 
511 217 49 65 0.99794084 
396 217 46 61 0.99762267 
570 183 40 51 0.99735487 
815 253 43 54 0.9918401 
676 244 39 54 0.9914179 
920 248 42 50 0.97875994 
756 618 18 21 0.31101355 
733 240 23 35 0.20817912 
989 143 13 15 0.089602105 
648 264 24 30 0.08597783 
415 110 11 13 0.06621632 
996 675 11 12 0.06180952 
594 115 14 17 0.055996682 
530 83 16 21 0.05530628 
790 244 26 36 0.052988444 
653 113 16 19 0.047406618 
685 134 14 19 0.047169626 
352 261 18 20 0.041371435 
712 270 22 28 0.039997727 
333 274 14 18 0.03946842 
732 255 15 21 0.03921886 
742 236 33 42 0.03472549 
589 109 15 17 0.03399076 
569 79 15 19 0.033181667 
901 259 26 37 0.033123188 
694 93 11 15 0.031333186 
404 103 12 14 0.030729385 
204 222 34 53 0.028986724 
851 244 25 33 0.028889008 
300 261 24 29 0.028352953 
983 141 13 16 0.027681889 
993 643 12 15 0.027366087 
997 117 9 11 0.026506985 
1007 674 11 15 0.026056278 
1007 201 12 17 0.025985822 
477 67 13 14 0.025866153 
424 83 13 18 0.025520694 
308 100 17 21 0.025120247 
422 101 10 13 0.024571551 
821 656 15 17 0.023979094 
603 96 14 18 0.023699103 
633 167 26 29 0.022563592 
986 6 35 44 0.022440396 
601 81 14 17 0.022436358 
996 141 14 17 0.022221485 
212 649 29 34 0.021092609 
834 683 13 16 0.021057487 
598 90 13 16 0.021014191 
646 105 15 20 0.020769496 
592 87 11 13 0.020591421 
658 258 28 41 0.020568624 
691 104 15 20 0.020420264 
426 90 13 16 0.02036313 
997 707 10 12 0.020209033 
797 820 10 13 0.020166246 
510 679 13 18 0.020083215 
668 185 13 16 0.020024883 
