13_Interview_Interview_Sequences_13_7
66
475 246 28 32 0.9993753 
104 244 26 31 0.99916077 
636 190 40 52 0.99798656 
254 202 37 52 0.99654007 
861 241 24 28 0.9580232 
383 262 23 26 0.9056998 
916 253 22 26 0.35044494 
768 295 12 14 0.25785196 
549 281 22 29 0.2577667 
770 335 11 13 0.18778756 
888 288 25 30 0.1659333 
770 340 13 17 0.13788919 
878 277 14 17 0.12757896 
120 277 28 28 0.12341244 
850 276 15 18 0.09843983 
783 280 12 17 0.08789428 
842 272 18 21 0.084617324 
971 237 18 22 0.08380814 
774 310 13 15 0.07654099 
289 172 8 10 0.07092472 
953 221 12 15 0.05976389 
232 216 20 32 0.05571557 
578 413 21 29 0.054512173 
781 352 12 16 0.04818692 
928 287 25 25 0.04739977 
857 324 12 16 0.04357452 
862 232 12 13 0.04343604 
888 294 14 20 0.04169637 
942 249 13 15 0.040889703 
750 341 23 29 0.04043789 
872 243 16 21 0.04011845 
912 257 15 20 0.039261058 
734 385 28 37 0.038843725 
883 269 14 18 0.03843876 
574 302 11 13 0.035706054 
767 305 15 18 0.034765434 
872 280 14 18 0.03452344 
107 279 30 30 0.032464687 
944 217 22 27 0.031354316 
910 248 10 13 0.031348094 
562 290 13 16 0.031076161 
995 253 26 36 0.029973367 
895 258 11 14 0.029687691 
386 295 17 23 0.029463792 
326 219 30 37 0.028868515 
872 221 9 11 0.02872063 
876 239 11 13 0.02837927 
903 247 11 15 0.027391363 
971 230 14 16 0.027061334 
858 280 13 17 0.026464472 
135 283 19 24 0.025611965 
886 250 12 18 0.025137845 
749 335 10 12 0.024623105 
360 404 10 14 0.024017174 
421 337 12 17 0.023886777 
881 280 23 29 0.023296854 
949 249 14 17 0.022953307 
838 287 26 37 0.022718776 
716 343 23 30 0.0224096 
888 274 24 31 0.022104703 
674 259 24 30 0.022011848 
741 396 15 21 0.021923605 
436 283 12 14 0.021539267 
716 338 17 19 0.020938575 
951 125 11 13 0.020769615 
148 313 22 31 0.0205001 
