13_Interview_Interview_On_Location_13_138
120
332 223 19 23 0.9151371 
97 260 19 23 0.86022377 
437 292 23 29 0.7324125 
674 277 16 20 0.69800526 
495 244 16 25 0.65700233 
330 272 19 22 0.33701771 
413 247 11 13 0.2570183 
234 130 32 40 0.21597277 
348 375 47 58 0.21564534 
246 386 92 123 0.18275578 
53 336 42 44 0.17656098 
423 316 50 54 0.16248213 
213 180 12 13 0.13654721 
369 306 25 38 0.13439307 
356 272 12 15 0.10869459 
164 138 18 21 0.099453 
443 282 28 30 0.09811623 
10 531 48 45 0.09679829 
384 259 12 17 0.094112925 
436 302 30 42 0.073591806 
408 251 12 15 0.06643518 
318 309 21 29 0.055551905 
512 253 22 27 0.05215582 
357 303 28 34 0.051184464 
324 278 26 30 0.050145965 
596 279 13 14 0.049736835 
416 333 39 42 0.049274404 
505 250 15 18 0.04545639 
332 195 16 19 0.043606583 
447 292 30 39 0.04219501 
235 164 12 15 0.042142857 
299 151 16 19 0.04157242 
724 317 12 15 0.040950216 
581 268 10 12 0.040865242 
406 258 12 16 0.040039044 
327 199 14 18 0.037234355 
741 390 37 36 0.036195796 
286 414 65 92 0.035847694 
226 406 69 82 0.03501289 
322 317 29 35 0.034789257 
430 295 18 23 0.034425866 
410 349 36 42 0.03380627 
481 249 21 29 0.033636015 
412 275 15 18 0.033418447 
700 309 50 54 0.03283835 
516 244 13 17 0.03270418 
612 307 15 17 0.031571236 
140 585 36 37 0.03124913 
609 310 11 13 0.030735452 
607 293 9 11 0.030548284 
333 357 49 55 0.030204054 
309 283 16 17 0.030132677 
326 328 43 47 0.02994574 
365 276 13 17 0.029429201 
408 240 10 12 0.029405244 
447 311 31 41 0.029329391 
163 148 19 22 0.028983112 
52 495 28 37 0.028800221 
42 435 44 56 0.028545098 
604 286 10 12 0.02838405 
226 148 29 35 0.02793433 
458 283 25 29 0.027306758 
250 140 13 17 0.027106173 
414 379 35 40 0.026849205 
317 284 14 16 0.026760105 
199 111 12 16 0.026386578 
206 171 24 28 0.026350306 
220 181 12 14 0.026339099 
239 251 12 17 0.026286626 
509 294 13 15 0.025883801 
421 302 28 33 0.02579752 
502 254 24 30 0.025763007 
407 241 19 24 0.025615456 
523 253 13 17 0.025265384 
346 14 58 79 0.02513263 
479 387 34 37 0.02507557 
223 199 12 13 0.02484221 
402 266 24 26 0.024250844 
678 288 45 52 0.024163634 
598 292 11 13 0.024120908 
342 174 12 13 0.024090374 
157 336 209 197 0.024006227 
335 266 20 24 0.023689544 
478 314 12 16 0.023665007 
409 326 34 35 0.023378827 
590 271 9 11 0.023333365 
462 294 27 36 0.023232672 
336 318 31 34 0.023133587 
266 146 28 33 0.023010945 
191 115 12 16 0.022834502 
237 169 13 15 0.022726376 
285 171 11 13 0.022545733 
322 298 27 35 0.022332042 
556 269 13 14 0.022316284 
401 254 23 27 0.022274125 
652 283 11 13 0.022154782 
471 269 23 29 0.022109881 
270 206 9 12 0.021884443 
450 302 16 22 0.021787558 
378 312 28 38 0.021652361 
498 239 17 20 0.021591052 
647 271 8 10 0.021586457 
469 315 13 19 0.021513214 
337 301 27 34 0.021373281 
343 342 33 34 0.021363737 
609 296 23 26 0.021292899 
383 256 21 28 0.02122548 
658 351 32 38 0.021199035 
54 287 397 392 0.020989163 
195 108 24 29 0.02097664 
228 182 12 13 0.02095749 
434 273 27 34 0.020796983 
413 265 25 32 0.020726083 
620 293 12 14 0.020724691 
262 221 11 15 0.020694405 
206 173 14 17 0.020567138 
648 284 9 11 0.020478738 
401 337 38 41 0.02034403 
508 239 14 17 0.020180415 
347 300 16 20 0.020059027 
