13_Interview_Interview_Sequences_13_541
82
485 250 21 30 0.9794475 
752 327 9 13 0.27942693 
960 80 12 15 0.23188968 
131 120 17 22 0.10752466 
186 107 24 29 0.08768259 
483 305 14 18 0.06449159 
120 307 20 23 0.06192869 
127 105 23 31 0.053491548 
485 355 13 15 0.04797484 
69 88 16 21 0.046210133 
186 272 15 19 0.04593508 
687 108 13 14 0.04588671 
139 126 15 21 0.04398722 
92 97 23 31 0.043304786 
97 88 22 29 0.040387787 
384 443 29 31 0.04027834 
96 229 25 31 0.0393511 
896 117 11 14 0.039260298 
221 153 14 17 0.03882744 
958 76 19 24 0.038403317 
479 355 14 18 0.03757424 
754 278 8 11 0.03642798 
533 298 11 15 0.03625639 
28 85 21 27 0.03488472 
187 100 16 20 0.0347694 
753 329 13 16 0.034739256 
344 253 11 14 0.033883777 
519 300 11 14 0.0330904 
478 298 16 20 0.032877665 
415 154 11 14 0.031896677 
795 105 23 29 0.031697925 
156 84 13 16 0.030979702 
215 90 12 16 0.030944481 
93 119 16 21 0.030360028 
181 106 17 21 0.030310212 
511 86 11 13 0.029486926 
189 118 24 30 0.029088685 
76 159 16 19 0.028433558 
525 298 13 17 0.028175913 
280 156 12 16 0.027828434 
473 234 37 47 0.02619958 
813 272 10 12 0.026199311 
132 92 15 19 0.026088817 
489 296 16 21 0.02597503 
527 293 11 14 0.025762258 
276 201 17 22 0.025669945 
414 325 11 14 0.024836011 
541 348 10 12 0.024590239 
63 98 13 18 0.024419494 
881 132 11 14 0.023599582 
433 127 40 52 0.023463083 
951 81 14 18 0.02340428 
489 8 192 224 0.023252353 
79 294 11 14 0.023114122 
509 367 16 19 0.023028884 
181 281 15 19 0.022903048 
119 114 25 32 0.022564773 
745 325 12 16 0.022404216 
829 235 10 13 0.022297364 
886 126 10 14 0.022062134 
466 361 27 32 0.021984821 
146 128 15 19 0.021857819 
680 109 11 13 0.021845117 
91 231 17 21 0.021806564 
888 117 10 14 0.021517644 
334 108 13 16 0.02139143 
479 122 41 54 0.02137403 
267 149 11 14 0.02119846 
598 195 13 16 0.02117688 
218 146 22 28 0.021152345 
500 296 14 18 0.021025084 
691 103 12 14 0.020997835 
188 95 13 16 0.020791912 
107 223 18 24 0.02073384 
508 355 16 20 0.0207286 
61 91 22 29 0.020627236 
98 107 24 34 0.020568457 
885 88 16 18 0.02040432 
366 347 98 110 0.02024145 
63 107 24 31 0.02013421 
100 170 22 27 0.020061988 
83 106 25 33 0.02003161 
