13_Interview_Interview_On_Location_13_521
46
896 12 114 139 0.9998919 
880 213 34 41 0.9978388 
702 44 94 147 0.99599886 
177 220 37 48 0.9920774 
75 340 64 73 0.39301494 
605 327 10 13 0.22903205 
111 287 12 15 0.14747636 
635 324 11 13 0.10513702 
7 255 32 39 0.07999084 
418 77 96 136 0.065885775 
98 349 39 46 0.06443946 
528 305 12 16 0.058758397 
644 269 9 13 0.04509955 
330 247 429 477 0.04454167 
536 272 7 9 0.04393799 
574 317 8 11 0.0399642 
481 327 9 10 0.037997734 
599 294 9 11 0.035870735 
590 278 9 11 0.03319937 
638 287 9 11 0.031338222 
550 302 10 14 0.029761553 
456 310 10 12 0.028701773 
497 312 9 12 0.028590765 
593 294 9 11 0.028197981 
342 400 101 134 0.0277524 
519 222 9 11 0.026421944 
524 299 22 27 0.025469981 
501 312 11 13 0.025201771 
713 341 28 35 0.024020731 
518 280 9 11 0.023795746 
633 264 7 9 0.023652375 
108 285 20 24 0.02314411 
549 412 42 51 0.022668032 
457 303 9 11 0.022474788 
640 265 8 10 0.022207348 
606 293 9 10 0.021878146 
689 278 8 10 0.021599587 
430 310 11 12 0.021421382 
539 219 12 15 0.021110753 
425 285 9 11 0.021036107 
591 327 9 11 0.02089074 
590 344 9 11 0.020790612 
211 225 15 21 0.02067983 
590 214 9 11 0.02053336 
585 261 8 10 0.020487998 
543 307 10 13 0.020184156 
