13_Interview_Interview_Sequences_13_55
47
613 136 160 319 0.99973994 
542 370 56 78 0.9991541 
628 428 24 40 0.3603085 
995 448 26 38 0.21155813 
23 278 14 21 0.20642914 
59 262 17 20 0.12813796 
52 435 21 33 0.12619211 
297 455 30 35 0.11688952 
0 428 45 56 0.09904585 
21 274 25 33 0.080811255 
632 293 111 157 0.063213535 
937 256 89 182 0.06314205 
259 575 15 18 0.06058359 
307 631 14 14 0.057162214 
622 411 40 69 0.05668332 
350 92 198 235 0.055676248 
0 289 13 20 0.053611252 
10 207 43 51 0.049825054 
145 338 42 55 0.042195093 
315 465 13 18 0.038852286 
479 349 44 57 0.03747157 
9 256 42 56 0.034772437 
46 266 11 15 0.03430162 
119 284 20 30 0.033879634 
446 344 23 35 0.032004695 
173 195 29 32 0.031804778 
636 499 114 122 0.031508997 
27 270 15 18 0.02967756 
71 211 50 61 0.029350637 
461 388 42 58 0.029115643 
444 106 202 279 0.028511338 
117 557 120 112 0.027822848 
481 411 29 41 0.027255507 
11 272 23 32 0.02602016 
757 138 151 259 0.024812741 
855 141 150 278 0.024281323 
983 455 32 37 0.023667062 
1009 459 14 26 0.023558136 
84 231 30 36 0.023487661 
527 364 49 72 0.022267725 
351 594 12 19 0.021919092 
140 584 74 72 0.02161501 
105 283 42 52 0.02154808 
52 284 14 17 0.02138907 
58 252 27 35 0.021188738 
927 139 94 198 0.020639956 
405 446 12 16 0.02017145 
