13_Interview_Interview_On_Location_13_791
21
380 397 404 426 0.9998876 
585 981 400 460 0.1303635 
357 109 34 38 0.08577711 
287 180 216 270 0.056011885 
673 163 173 193 0.05322361 
637 1026 239 297 0.05250554 
372 106 34 43 0.04899826 
179 330 464 395 0.045884766 
392 103 30 41 0.045618277 
494 1238 22 29 0.040985063 
570 394 348 479 0.036324617 
256 680 70 68 0.031571504 
43 441 374 424 0.029213032 
364 1351 26 32 0.027439041 
82 937 418 427 0.025557553 
236 675 431 532 0.024257 
16 -58 356 494 0.021628452 
283 -16 498 385 0.021478742 
210 116 353 414 0.02128748 
292 487 152 193 0.020985566 
155 598 135 152 0.020709231 
