13_Interview_Interview_Sequences_13_929
32
486 155 60 78 0.9992803 
791 168 85 108 0.99604344 
176 169 67 86 0.99444556 
67 161 80 108 0.9575466 
773 255 52 56 0.19130802 
446 326 113 150 0.17008834 
70 272 27 31 0.14937042 
4 73 54 74 0.14676157 
847 301 96 127 0.11165013 
888 294 103 143 0.068012156 
595 373 11 14 0.06533496 
10 179 56 82 0.063491985 
238 328 46 47 0.059122317 
599 291 12 14 0.051258206 
545 301 11 13 0.044479508 
-5 238 95 150 0.034090314 
589 310 9 11 0.03342825 
25 166 78 104 0.032496944 
595 318 12 14 0.029399335 
526 338 10 13 0.028150575 
767 221 88 97 0.026497994 
5 196 93 130 0.02585763 
629 386 13 16 0.025482869 
725 250 34 37 0.025428692 
1 182 30 52 0.025025574 
604 412 12 15 0.02373294 
623 389 12 14 0.023166345 
74 480 30 34 0.022785423 
773 278 31 41 0.022082968 
835 311 65 99 0.021224586 
641 359 18 21 0.020587517 
636 387 16 18 0.020020686 
