13_Interview_Interview_On_Location_13_426
23
306 291 89 114 0.99478394 
130 42 403 533 0.13011822 
272 316 342 449 0.1241101 
277 287 14 17 0.08229501 
456 297 13 19 0.08002041 
118 282 197 249 0.054600757 
407 388 214 293 0.054498658 
975 383 9 13 0.05105571 
861 408 9 10 0.046199948 
52 282 14 17 0.04016136 
-10 109 352 501 0.036247782 
212 380 100 128 0.03370221 
474 508 65 64 0.028773854 
58 295 26 28 0.028079368 
937 424 8 11 0.027737323 
274 325 16 20 0.024937019 
215 408 63 80 0.0245316 
377 270 17 19 0.02395993 
51 280 26 31 0.02369613 
429 468 134 137 0.022963699 
25 84 233 321 0.021982012 
390 292 31 44 0.021040624 
5 495 30 41 0.020983482 
