13_Interview_Interview_Sequences_13_495
60
538 71 42 50 0.97680646 
494 120 27 31 0.9557439 
431 142 33 36 0.9461396 
351 126 26 32 0.8652431 
411 144 26 31 0.80162513 
401 117 26 33 0.6822428 
109 123 23 29 0.5684169 
305 128 26 31 0.42139944 
340 308 13 18 0.122238636 
592 98 14 19 0.10700264 
0 118 24 41 0.08747432 
179 133 13 16 0.080674656 
363 81 16 20 0.077400945 
409 138 20 27 0.07697762 
109 41 15 22 0.074270815 
119 127 16 22 0.074096374 
369 80 19 22 0.06716662 
53 116 31 38 0.056213092 
2 105 41 59 0.05320959 
155 100 12 16 0.050080717 
188 138 15 20 0.046724338 
195 140 14 19 0.046207115 
383 173 27 31 0.043713987 
427 150 23 25 0.04283008 
370 84 26 30 0.04108438 
582 89 23 32 0.03951465 
103 44 23 31 0.03890798 
103 132 25 34 0.03191728 
397 124 18 23 0.03130826 
73 129 17 21 0.030806303 
383 103 22 27 0.03063452 
48 87 28 34 0.030548353 
91 171 17 22 0.030008214 
123 124 22 29 0.029578477 
367 67 24 29 0.028533826 
132 122 14 17 0.027498068 
103 114 14 16 0.025003703 
108 146 24 30 0.024721045 
106 152 15 20 0.024711616 
370 98 26 29 0.02455254 
98 110 40 51 0.023958394 
46 84 45 59 0.02381523 
20 116 28 34 0.022944411 
179 144 16 20 0.022350445 
97 168 18 22 0.022093665 
203 141 13 18 0.021903094 
503 114 20 26 0.02173917 
392 106 25 32 0.02169399 
690 267 15 17 0.021465968 
654 96 39 59 0.021453919 
327 260 10 13 0.021352135 
94 139 12 16 0.020880286 
185 154 17 20 0.02075834 
175 137 15 18 0.020716453 
407 151 18 23 0.02065194 
343 119 25 33 0.020553634 
115 258 23 32 0.02040759 
102 130 17 21 0.020329228 
86 98 23 29 0.020320142 
285 104 22 28 0.020307768 
