13_Interview_Interview_Sequences_13_3
209
177 39 350 466 0.9996605 
830 359 26 31 0.6213675 
846 12 55 67 0.5666901 
617 267 13 17 0.42560953 
862 398 24 29 0.34193724 
898 419 25 37 0.33748987 
650 387 18 22 0.27792144 
648 278 10 13 0.21404272 
959 72 15 17 0.21105145 
682 234 16 20 0.19477354 
583 277 13 17 0.16784355 
889 427 35 51 0.149891 
724 235 10 13 0.13976781 
920 532 32 40 0.13029632 
852 20 33 43 0.11973945 
734 185 13 17 0.10525078 
731 399 17 20 0.10514802 
972 129 15 19 0.100709915 
736 306 12 16 0.09315822 
848 383 39 52 0.08729953 
855 156 16 21 0.08376913 
947 110 15 19 0.07736584 
813 204 14 18 0.075962946 
710 394 23 29 0.073888004 
829 372 32 40 0.07358899 
699 514 14 17 0.06933296 
725 439 25 32 0.06847517 
720 229 11 16 0.06698483 
686 277 11 14 0.06654463 
838 398 25 34 0.06514389 
659 322 22 27 0.06489415 
638 309 10 14 0.0618826 
703 370 14 19 0.061681136 
759 124 11 13 0.06156276 
690 236 12 15 0.060241714 
677 189 9 12 0.059752647 
720 434 42 51 0.05731844 
988 470 23 34 0.05618152 
880 24 31 44 0.055613857 
1002 69 16 22 0.05513627 
584 243 12 15 0.05404453 
834 490 17 23 0.05141285 
694 369 24 29 0.051330034 
684 267 13 16 0.050809506 
678 275 12 15 0.050118163 
694 259 13 18 0.049850617 
631 260 11 14 0.049743384 
775 381 22 29 0.049087234 
675 325 11 15 0.047790978 
679 305 11 15 0.046509188 
702 400 16 21 0.044944532 
894 282 13 16 0.04470619 
790 419 44 51 0.044489227 
949 124 15 20 0.044263385 
692 241 13 17 0.04357282 
563 42 16 19 0.042639688 
843 423 15 20 0.042212162 
910 92 13 17 0.040849537 
733 254 11 12 0.040357627 
75 553 13 16 0.039998826 
997 256 16 21 0.03994915 
848 409 24 34 0.039807342 
946 247 26 33 0.038626313 
577 269 10 14 0.03837004 
707 366 13 16 0.03779024 
631 243 12 15 0.037774228 
765 394 12 16 0.03729948 
732 437 16 20 0.03725169 
583 271 11 15 0.03722155 
790 180 12 15 0.03691717 
638 385 25 29 0.03596306 
763 386 24 32 0.035811737 
917 391 23 31 0.035736796 
728 253 10 12 0.03514639 
689 396 26 30 0.035069615 
747 312 29 35 0.034755833 
656 245 11 13 0.034427896 
614 343 24 30 0.034265067 
717 223 10 14 0.03416623 
627 346 16 20 0.034077488 
631 251 12 17 0.03376039 
1011 255 12 21 0.033124454 
613 325 11 13 0.033099774 
975 430 13 17 0.03293931 
644 305 14 18 0.032913383 
792 347 25 28 0.032719877 
897 436 20 28 0.032564078 
650 282 12 14 0.0324677 
866 399 39 52 0.031748574 
719 245 11 14 0.03127734 
797 253 12 16 0.031196276 
639 438 29 35 0.030623438 
998 452 15 18 0.03057385 
636 150 11 17 0.030558607 
994 452 25 31 0.03030708 
693 304 15 19 0.02998767 
557 38 27 30 0.029973028 
965 471 16 22 0.029771436 
867 24 57 71 0.029703274 
604 5 23 27 0.029666787 
625 30 11 14 0.029645864 
620 352 15 18 0.029604858 
1007 103 12 16 0.029446907 
841 366 28 34 0.029264385 
653 328 15 20 0.029256009 
692 274 13 19 0.029054053 
585 124 11 14 0.02895615 
648 332 12 16 0.028600415 
843 348 44 57 0.02857409 
859 412 20 26 0.028430691 
632 307 12 15 0.028422067 
828 355 19 23 0.028378915 
987 252 22 27 0.028220255 
667 251 12 16 0.028144158 
834 458 14 18 0.027620776 
836 395 19 24 0.027444046 
655 378 27 33 0.027308295 
985 460 38 59 0.027232597 
795 173 10 13 0.027025785 
646 270 12 16 0.026921134 
0 140 9 12 0.02656334 
724 243 12 15 0.02645225 
876 308 10 12 0.026415167 
672 364 29 32 0.026350943 
634 413 44 54 0.026225097 
909 428 27 43 0.026211925 
719 388 26 31 0.025976725 
893 426 17 23 0.025890218 
848 158 13 16 0.025820954 
884 343 15 18 0.025811696 
676 356 42 51 0.025798729 
718 324 15 19 0.02575679 
607 250 13 16 0.025688164 
605 286 13 17 0.02562601 
637 293 11 14 0.025391188 
991 253 12 17 0.025353855 
892 387 23 29 0.025252651 
973 477 16 23 0.025245674 
759 393 14 18 0.025235226 
691 377 17 22 0.02516899 
134 399 16 23 0.02506334 
730 183 11 15 0.025018051 
805 424 26 31 0.024934156 
717 389 14 18 0.024707295 
636 260 20 25 0.024670886 
734 239 11 13 0.024331631 
700 243 11 15 0.02428589 
685 242 105 123 0.02410479 
650 315 24 30 0.024072468 
737 393 17 22 0.023965554 
701 238 10 13 0.023955107 
686 261 13 17 0.02391469 
608 214 10 12 0.023873935 
626 392 27 32 0.023835419 
569 221 10 12 0.023763131 
613 352 15 19 0.023723671 
10 198 26 40 0.023689356 
890 16 31 41 0.023650557 
710 235 13 17 0.02363865 
572 133 9 13 0.0235792 
740 388 24 31 0.023489943 
834 346 30 38 0.022948604 
693 251 13 17 0.022909295 
671 275 13 16 0.022893079 
768 190 11 14 0.022872036 
711 243 12 15 0.02286444 
686 377 44 47 0.022802925 
819 190 13 17 0.022800606 
633 339 16 20 0.022746813 
812 134 10 12 0.022668624 
824 419 25 32 0.022510035 
854 27 14 20 0.022419903 
736 246 11 13 0.022258513 
666 369 17 21 0.022218972 
621 259 20 26 0.022196973 
749 308 13 16 0.021977345 
577 243 11 14 0.02185735 
690 262 21 28 0.02180738 
661 244 12 16 0.021734202 
729 183 22 27 0.021673964 
748 388 13 17 0.021623956 
739 183 14 16 0.02154839 
866 344 17 22 0.021471096 
711 213 9 12 0.021432102 
646 290 15 18 0.021358768 
898 25 18 24 0.021283716 
991 427 13 17 0.02125172 
674 269 21 26 0.021111157 
640 285 10 12 0.021108681 
668 331 24 29 0.021077229 
924 95 43 58 0.02097635 
714 405 96 122 0.020951845 
623 326 26 33 0.020919153 
675 238 23 28 0.020837272 
847 173 11 14 0.02074833 
903 87 48 60 0.0207272 
652 315 40 50 0.020714168 
885 387 42 55 0.020661497 
696 190 10 12 0.020558111 
860 11 15 18 0.020556943 
649 368 27 34 0.020552173 
879 178 12 15 0.020446267 
677 351 27 32 0.020411013 
601 159 10 13 0.020365473 
641 276 11 14 0.020348972 
676 397 28 33 0.020347599 
768 356 42 48 0.020310543 
869 337 25 32 0.020118518 
736 299 20 26 0.020070532 
