13_Interview_Interview_On_Location_13_921
145
753 390 27 36 0.99966645 
660 387 25 33 0.99892527 
201 391 20 26 0.97411036 
936 385 19 30 0.95124 
790 409 14 17 0.30188397 
583 362 13 14 0.17273936 
151 351 11 14 0.16875502 
184 396 12 16 0.14798827 
644 353 15 20 0.14171137 
813 327 10 12 0.13861884 
639 397 12 16 0.13404454 
707 387 16 20 0.11330925 
964 331 14 18 0.09462633 
730 353 17 21 0.08974258 
808 408 12 17 0.0867709 
590 381 12 16 0.085815534 
112 358 14 18 0.08454538 
91 358 18 21 0.082672685 
686 380 15 18 0.07601152 
988 466 13 17 0.0758365 
559 355 10 12 0.06409034 
288 508 12 14 0.06358691 
260 416 10 13 0.06138628 
458 415 12 15 0.06071805 
454 391 12 15 0.05979911 
596 383 11 14 0.058001924 
630 334 9 11 0.057988323 
702 358 11 15 0.056374937 
640 339 12 14 0.054644965 
94 385 13 16 0.054597232 
222 398 12 15 0.0534802 
152 371 11 14 0.050867666 
551 352 9 11 0.050404076 
726 338 14 17 0.04944611 
622 373 10 14 0.04890491 
636 399 20 25 0.04846397 
644 335 10 12 0.04651827 
127 364 11 14 0.046151064 
641 336 8 10 0.046095278 
707 357 10 13 0.0460023 
149 396 10 14 0.044243854 
189 388 22 29 0.043881766 
837 380 9 11 0.04361547 
149 416 12 17 0.043601714 
787 398 12 15 0.042513207 
570 374 15 18 0.04229923 
783 398 20 26 0.042165164 
72 377 8 11 0.041847937 
790 390 11 13 0.041151382 
525 359 7 10 0.04103684 
798 364 39 51 0.040995747 
848 374 9 11 0.04068487 
257 418 10 14 0.040313717 
639 350 13 16 0.039825194 
832 379 9 12 0.03948668 
190 364 12 16 0.038578402 
661 335 9 11 0.037863232 
966 379 14 20 0.036361072 
434 306 13 14 0.036315996 
645 371 13 16 0.035213728 
863 351 11 14 0.035166197 
971 330 12 17 0.03466317 
155 356 10 12 0.034628347 
974 348 11 15 0.03459953 
687 407 16 21 0.03430973 
702 410 14 17 0.03391816 
732 334 10 13 0.03390432 
126 360 10 13 0.03377145 
738 359 17 20 0.03355818 
659 341 11 14 0.03228515 
813 391 14 18 0.032235876 
808 377 26 30 0.03206224 
230 397 11 14 0.031951293 
498 361 15 17 0.03167586 
566 357 9 11 0.031453997 
544 387 12 17 0.031414796 
970 386 14 21 0.03029698 
820 381 10 13 0.029427093 
653 346 14 19 0.028987514 
183 357 12 14 0.028914824 
726 346 16 20 0.028903376 
143 357 11 13 0.028850082 
631 351 9 12 0.028459063 
543 342 8 10 0.028434938 
703 380 14 18 0.027530966 
638 359 15 19 0.027344473 
575 359 10 11 0.02707929 
542 375 9 12 0.0270689 
132 382 13 15 0.02692582 
141 390 12 14 0.026734278 
685 357 11 14 0.026680492 
715 374 11 15 0.026476456 
694 373 12 15 0.026341127 
223 411 13 17 0.026138587 
521 358 8 11 0.025954586 
559 343 8 10 0.025923911 
542 380 11 14 0.02586417 
642 372 23 28 0.0258029 
178 358 9 12 0.025776409 
150 344 12 14 0.025701579 
622 366 9 13 0.025464658 
695 357 13 16 0.024941245 
636 336 21 25 0.024566952 
581 378 13 16 0.024566654 
960 336 13 18 0.024456723 
246 421 11 12 0.024436716 
626 341 9 12 0.024308005 
167 340 9 12 0.024307635 
240 382 10 12 0.024284909 
600 357 10 14 0.024171874 
565 352 9 12 0.024049379 
971 338 13 18 0.023878012 
419 344 14 19 0.023324192 
113 388 10 13 0.023079488 
794 430 12 14 0.023012841 
712 379 13 17 0.022925343 
805 296 8 10 0.022822846 
182 379 12 16 0.022552399 
75 379 11 14 0.02225633 
520 363 9 12 0.022001104 
254 405 8 10 0.021958461 
962 346 16 22 0.021954466 
624 358 8 12 0.021913752 
557 362 12 14 0.021737395 
670 333 9 11 0.021639029 
544 356 10 13 0.021594338 
181 351 21 27 0.021557245 
128 371 12 14 0.02150424 
281 399 10 12 0.021381205 
240 420 10 12 0.021361092 
650 360 13 17 0.021253122 
144 349 12 15 0.021239074 
821 365 10 14 0.021071715 
691 383 15 19 0.021045765 
545 351 8 11 0.021034725 
258 370 14 18 0.020952675 
442 352 15 18 0.02086222 
662 364 12 15 0.020817908 
143 395 12 15 0.020610528 
847 364 10 14 0.020604823 
805 401 21 26 0.020269636 
146 346 19 23 0.020256862 
671 343 11 14 0.020189652 
845 356 11 14 0.020156978 
278 373 12 15 0.020046877 
