13_Interview_Interview_Sequences_13_937
29
214 338 551 628 0.999966 
731 811 200 276 0.489155 
818 613 90 101 0.41812083 
462 337 370 476 0.23337618 
232 194 419 519 0.14630605 
942 642 28 41 0.09422435 
688 19 179 246 0.08688089 
870 75 149 235 0.08087735 
581 134 375 481 0.0731626 
774 132 217 340 0.07274862 
730 49 35 39 0.06575447 
720 54 118 127 0.064650446 
845 640 104 99 0.052482 
650 736 336 424 0.043932762 
518 -67 425 481 0.04255976 
95 589 465 419 0.040956885 
723 52 64 65 0.037371807 
922 640 46 62 0.028910058 
856 608 63 82 0.02806558 
36 881 14 18 0.028060254 
919 39 102 152 0.025852524 
790 496 165 213 0.025306476 
704 34 102 104 0.024315923 
880 632 53 67 0.024043918 
890 148 162 242 0.023617161 
752 59 64 69 0.022473095 
618 1065 217 233 0.022286544 
13 938 27 33 0.02155459 
806 32 153 235 0.020678999 
