13_Interview_Interview_On_Location_13_569
72
258 375 343 480 0.99769944 
759 609 26 30 0.7772649 
858 648 36 42 0.70907164 
730 707 32 37 0.6815246 
787 682 20 31 0.52353233 
902 682 32 38 0.4442533 
811 698 24 31 0.44162217 
678 139 247 272 0.38950557 
646 35 402 462 0.24146232 
719 337 62 61 0.17764065 
740 214 159 165 0.1463479 
789 620 15 24 0.12944768 
774 613 24 31 0.1275988 
679 316 38 47 0.12662843 
767 665 41 54 0.12517618 
811 626 28 38 0.105714664 
818 692 18 22 0.09435013 
572 727 414 572 0.087454945 
766 730 27 36 0.08334096 
796 603 46 59 0.08043825 
832 727 47 47 0.072382376 
693 332 56 60 0.07070029 
858 687 27 32 0.059279557 
707 290 129 119 0.054063987 
808 606 26 32 0.053127445 
742 705 45 55 0.052040447 
702 360 31 42 0.047023658 
791 618 26 33 0.04481848 
793 653 15 19 0.04411197 
793 694 27 37 0.042335615 
893 689 28 33 0.041388523 
819 660 23 28 0.039658923 
323 25 466 501 0.038846254 
750 263 30 38 0.037892964 
803 705 19 24 0.03365179 
775 602 25 29 0.03346155 
812 664 17 20 0.032864578 
796 679 25 36 0.03270546 
780 652 15 20 0.031812686 
778 728 27 38 0.030630732 
772 655 15 19 0.030163715 
668 531 380 454 0.02986784 
816 710 26 31 0.029773086 
845 604 16 17 0.029267011 
828 631 24 31 0.028928276 
822 698 19 23 0.028071158 
743 713 21 24 0.027646206 
745 769 18 22 0.0273809 
777 663 25 34 0.027380407 
745 343 36 40 0.026253002 
813 626 45 57 0.026146688 
418 846 423 534 0.02555672 
787 732 16 23 0.024931176 
778 614 48 62 0.024023611 
849 719 32 34 0.023931947 
849 235 26 34 0.023614252 
829 733 28 34 0.023241196 
785 654 21 28 0.022869324 
771 671 17 23 0.022789728 
730 333 33 41 0.022715528 
817 251 73 91 0.022497112 
705 236 57 50 0.022253335 
709 232 125 119 0.022150248 
803 737 16 22 0.022008955 
822 640 27 34 0.021482447 
699 328 35 43 0.021189282 
726 659 34 38 0.020965891 
709 687 77 96 0.020931803 
596 297 52 60 0.020818628 
867 232 26 31 0.02063796 
779 310 15 17 0.020353317 
860 655 20 23 0.020152671 
