13_Interview_Interview_On_Location_13_394
18
697 148 81 118 0.9987631 
602 230 80 101 0.9926292 
266 102 86 122 0.2029679 
502 559 9 12 0.17433345 
473 559 9 12 0.117395796 
214 86 102 134 0.083936505 
414 434 29 35 0.06974616 
378 363 92 121 0.060120773 
170 104 93 111 0.040376928 
218 331 100 144 0.037859228 
187 115 55 74 0.03676474 
388 403 54 72 0.035865363 
634 218 61 83 0.031040229 
670 194 31 49 0.028856933 
168 88 174 231 0.028249994 
160 117 53 69 0.026583917 
649 177 87 122 0.023606252 
475 562 11 14 0.023265805 
