13_Interview_Interview_2_People_Visible_13_461
29
155 151 65 102 0.9519526 
87 168 66 98 0.6147103 
62 458 16 18 0.46402684 
111 160 79 101 0.12153793 
45 452 15 16 0.09083329 
627 44 388 448 0.07559972 
53 455 17 21 0.059216097 
77 380 9 11 0.058866803 
51 446 15 17 0.03855442 
187 163 54 80 0.03713626 
425 175 32 41 0.035914928 
728 115 230 270 0.034167532 
70 242 59 58 0.034152873 
282 580 12 15 0.03201979 
115 387 13 15 0.031582024 
110 382 12 15 0.03040205 
62 374 12 15 0.030042408 
103 381 11 14 0.027600124 
69 376 12 13 0.025596593 
217 548 30 44 0.025259132 
470 553 14 17 0.025252687 
9 358 10 13 0.024064459 
104 375 10 12 0.02300167 
26 416 99 117 0.02185154 
110 446 14 15 0.021760171 
167 482 11 15 0.02085759 
579 596 119 128 0.020690888 
63 191 102 110 0.020041414 
53 374 13 16 0.020019868 
