13_Interview_Interview_On_Location_13_401
31
415 111 46 59 0.9993026 
218 82 50 64 0.9991591 
659 91 37 47 0.9980161 
571 65 37 48 0.9963404 
343 228 45 61 0.9960263 
533 157 45 57 0.9952781 
791 149 41 53 0.99445087 
483 61 37 50 0.9891641 
830 84 42 56 0.9852761 
374 71 36 45 0.98450756 
643 278 42 54 0.97081923 
350 151 41 45 0.96620184 
719 141 12 17 0.16735347 
386 46 16 19 0.104399756 
443 304 26 33 0.059468877 
133 314 11 15 0.05643247 
127 310 11 16 0.0473868 
78 327 15 19 0.046552267 
198 365 60 63 0.037874058 
150 319 52 73 0.037710622 
499 201 23 31 0.029635709 
387 44 25 32 0.028470745 
712 140 21 28 0.027564839 
141 202 12 15 0.02670301 
379 37 40 58 0.02602558 
440 300 40 57 0.025892995 
411 268 32 39 0.02567747 
437 291 12 15 0.025172424 
736 36 8 11 0.02207378 
72 326 11 14 0.0202044 
313 63 29 34 0.020201853 
