13_Interview_Interview_2_People_Visible_13_409
23
301 129 365 494 0.9994004 
470 875 88 108 0.99508935 
690 306 83 122 0.32182944 
218 274 15 19 0.18484175 
116 662 437 427 0.12689154 
782 1184 116 126 0.083145715 
71 250 14 18 0.06663012 
933 288 25 32 0.0610814 
145 260 15 21 0.052149054 
851 37 94 125 0.05119973 
485 522 455 527 0.04023951 
423 839 429 393 0.04009448 
854 98 92 124 0.03228198 
996 183 15 19 0.02653746 
958 234 14 18 0.025972378 
102 70 361 449 0.025663974 
15 726 172 265 0.024481755 
876 188 28 36 0.02305683 
294 218 114 142 0.02296739 
659 895 361 445 0.022416431 
11 617 338 461 0.022331845 
950 235 14 18 0.02195803 
182 740 243 292 0.020606067 
