13_Interview_Interview_On_Location_13_610
31
314 153 168 258 0.99877876 
567 225 149 258 0.9756193 
665 792 220 257 0.2206907 
540 583 386 475 0.13043281 
264 1147 11 15 0.112264104 
151 1014 326 478 0.07970553 
82 721 458 402 0.07250667 
265 1133 10 12 0.05623367 
245 1150 8 11 0.05491603 
142 147 94 149 0.051291883 
148 196 59 89 0.042820904 
503 186 349 454 0.040262986 
379 197 177 242 0.03641832 
136 1270 108 151 0.03572421 
537 269 112 194 0.034944694 
297 1142 10 12 0.03296054 
588 689 246 293 0.032404535 
269 1127 9 11 0.032191936 
147 1164 221 282 0.03214491 
267 1142 14 17 0.030552542 
332 1158 13 16 0.029070199 
312 113 368 459 0.026756806 
301 1148 9 11 0.0264759 
379 1109 124 141 0.02548059 
303 1158 11 13 0.024939744 
233 119 185 263 0.024882525 
94 1277 98 143 0.024651604 
246 1156 8 11 0.024353338 
-7 528 380 478 0.02358182 
966 349 12 13 0.02097423 
763 1161 14 17 0.020408992 
