13_Interview_Interview_2_People_Visible_13_475
21
322 197 232 344 0.99987864 
634 215 146 201 0.9920844 
0 4 99 142 0.33736923 
166 134 312 441 0.11909445 
49 657 95 153 0.102073364 
513 523 136 174 0.08590545 
62 666 61 85 0.08350651 
19 690 128 212 0.059650768 
254 660 404 446 0.042504802 
10 579 165 237 0.040894333 
40 678 48 67 0.03554072 
113 922 419 537 0.03318794 
536 501 201 276 0.031505514 
559 107 31 37 0.031390157 
6 770 114 187 0.027712613 
44 685 64 94 0.026561763 
409 144 262 389 0.024269119 
377 11 99 115 0.023398168 
0 7 30 43 0.022849502 
-3 -16 159 236 0.02169399 
174 756 202 294 0.02151452 
