13_Interview_Interview_On_Location_13_313
122
829 336 25 31 0.99912244 
219 444 28 35 0.9990778 
772 332 24 31 0.99871874 
451 496 28 36 0.9986156 
598 370 25 34 0.99842036 
878 318 25 34 0.99830294 
177 371 24 31 0.99676955 
309 347 22 29 0.9965758 
295 476 27 33 0.995909 
801 364 23 30 0.99577856 
623 340 22 29 0.99529356 
739 332 23 31 0.99414486 
590 477 23 31 0.9928558 
659 338 24 30 0.9927753 
38 353 30 35 0.99179757 
561 363 22 29 0.9817155 
264 355 21 27 0.97946334 
656 477 28 32 0.97493356 
962 348 24 33 0.97114366 
363 349 23 29 0.96290344 
212 361 22 30 0.95868796 
155 355 19 26 0.9566157 
116 348 23 26 0.95282876 
414 365 21 27 0.9518665 
494 362 24 29 0.95033395 
932 346 23 28 0.9498281 
519 362 20 27 0.9424404 
807 321 21 26 0.89930546 
53 355 29 35 0.88364965 
595 300 14 17 0.69449985 
441 358 22 28 0.5677389 
729 302 11 13 0.5429283 
207 346 25 31 0.53943497 
196 349 15 19 0.5248737 
392 358 18 23 0.48864385 
92 335 15 21 0.36961094 
704 330 11 15 0.33805677 
638 322 20 24 0.3124275 
706 293 12 16 0.309799 
654 288 14 16 0.23028466 
708 362 17 24 0.21399279 
204 347 17 22 0.17522281 
284 332 22 27 0.16422369 
-1 331 21 32 0.16124558 
117 496 15 21 0.11898986 
65 354 19 24 0.11353498 
211 342 17 18 0.11144512 
539 307 14 17 0.10391868 
993 396 23 27 0.09351732 
547 292 12 15 0.08920301 
450 366 17 22 0.089178234 
65 362 23 31 0.088041514 
205 341 15 18 0.08534758 
479 450 14 18 0.08168218 
672 480 26 28 0.07832899 
454 385 15 18 0.07513914 
448 372 23 28 0.07171926 
282 348 20 28 0.066362776 
540 298 16 19 0.06615203 
338 364 13 17 0.065635875 
507 480 19 23 0.06451992 
195 331 16 19 0.06287605 
271 345 20 27 0.06278044 
73 375 14 19 0.062714584 
787 126 15 17 0.060834683 
732 297 12 15 0.05903002 
531 321 22 29 0.058905534 
515 488 17 23 0.055626754 
194 338 20 25 0.053590953 
172 336 15 18 0.05103817 
95 327 13 19 0.046298377 
196 326 13 16 0.0452582 
361 434 15 17 0.04519715 
863 567 8 9 0.043167222 
239 353 15 21 0.03927087 
165 427 20 29 0.037846822 
325 338 13 18 0.037537087 
23 360 16 19 0.0372696 
85 340 17 22 0.037138388 
238 322 21 26 0.03473891 
456 353 21 26 0.032272756 
262 347 19 22 0.032115497 
775 619 13 18 0.032113247 
355 432 24 30 0.03197622 
286 403 20 26 0.031940233 
726 299 19 23 0.03158303 
943 335 12 15 0.031173294 
535 314 15 20 0.03056793 
49 329 16 17 0.030128144 
34 340 14 17 0.029885476 
0 343 12 21 0.029629422 
819 574 10 12 0.029435264 
532 301 22 29 0.02942249 
375 354 22 28 0.029355487 
857 567 9 11 0.028894676 
281 516 27 29 0.0287715 
389 510 27 36 0.02868284 
704 289 10 14 0.027798083 
659 469 16 21 0.027595656 
926 352 19 23 0.026598135 
255 350 23 30 0.026229305 
699 334 21 29 0.025932454 
696 330 15 18 0.025354477 
224 346 15 21 0.025216965 
666 466 29 34 0.025059951 
69 344 24 29 0.024778249 
951 459 10 15 0.024005774 
757 366 13 17 0.023758551 
556 289 11 16 0.023682753 
508 333 14 16 0.023189569 
269 481 15 16 0.023011426 
217 333 17 19 0.022958934 
223 388 25 29 0.022566877 
457 368 16 21 0.02234036 
836 555 11 15 0.022191813 
638 340 22 28 0.021517891 
835 385 21 25 0.02135441 
175 334 22 26 0.020914417 
968 579 12 15 0.020518538 
541 287 21 24 0.020381365 
439 359 38 44 0.0202669 
785 128 21 26 0.02015165 
