13_Interview_Interview_2_People_Visible_13_327
21
358 191 187 275 0.99969816 
587 146 169 260 0.9995751 
444 174 156 246 0.1898823 
474 722 61 55 0.11306321 
925 201 27 31 0.09012786 
420 709 35 34 0.08143772 
464 706 19 21 0.06361942 
888 197 36 46 0.06321581 
476 722 33 35 0.042125884 
447 728 34 37 0.036124915 
452 696 49 50 0.03172399 
118 181 44 57 0.030934777 
994 189 25 35 0.02564077 
140 738 48 48 0.025527306 
935 237 27 32 0.025404546 
249 345 16 20 0.023632864 
506 720 35 38 0.022030447 
867 233 12 16 0.021450521 
928 180 11 12 0.021050878 
877 214 26 29 0.020959847 
930 194 19 23 0.020126192 
