13_Interview_Interview_2_People_Visible_13_223
109
572 106 31 37 0.9983298 
280 105 31 37 0.99735665 
651 317 40 49 0.99421304 
118 315 41 52 0.9935324 
293 374 28 35 0.9928706 
457 374 27 34 0.9926588 
121 43 40 52 0.9908506 
865 319 37 47 0.98989445 
823 106 31 39 0.97766614 
418 46 43 53 0.9692486 
697 63 38 47 0.93154633 
548 355 18 24 0.7285565 
530 331 11 14 0.26645476 
245 418 15 21 0.18276268 
738 356 18 22 0.14608976 
365 329 12 16 0.1422516 
643 57 24 32 0.09792877 
740 330 17 20 0.08576811 
874 74 24 30 0.0785615 
308 94 23 32 0.07671848 
806 73 19 26 0.072754286 
828 88 15 18 0.07271087 
557 330 13 16 0.06934371 
550 331 13 16 0.06873846 
631 71 22 30 0.0685655 
542 331 12 16 0.060597185 
813 68 13 16 0.05864538 
384 299 25 32 0.058443587 
727 42 29 41 0.055054784 
1 59 11 15 0.048200015 
845 155 21 30 0.048153225 
803 155 26 31 0.04720511 
730 333 27 33 0.044822235 
248 415 23 32 0.043867283 
834 332 24 30 0.04325732 
866 127 15 18 0.0415048 
245 151 23 29 0.040193334 
317 110 25 35 0.039931666 
280 356 18 22 0.039187737 
576 297 22 30 0.03869195 
4 54 11 14 0.038596865 
785 82 15 21 0.03734419 
797 74 19 29 0.037267957 
576 304 13 20 0.034233328 
592 72 23 29 0.033710755 
740 264 16 19 0.03313459 
226 25 16 20 0.033051226 
108 150 31 31 0.03298902 
594 328 26 30 0.03296539 
605 77 12 15 0.032718066 
221 325 23 30 0.032305945 
357 28 28 37 0.031684022 
506 349 14 18 0.030734867 
535 162 27 31 0.03044218 
543 334 24 29 0.030370416 
470 325 25 32 0.029835017 
293 97 28 36 0.028657135 
542 264 15 18 0.028470395 
829 88 23 29 0.028435834 
630 338 15 18 0.028327039 
868 145 18 22 0.027948815 
789 297 30 39 0.027758747 
528 325 18 23 0.027646014 
406 52 32 44 0.027494002 
833 97 27 36 0.027207527 
848 112 24 34 0.026941173 
107 124 39 40 0.02635394 
818 77 20 26 0.026236802 
772 97 15 20 0.026146926 
869 53 40 49 0.026106188 
774 192 17 21 0.026045784 
196 457 21 26 0.0252644 
704 47 35 43 0.025256127 
411 363 23 30 0.0250021 
826 122 21 26 0.024900503 
908 323 26 37 0.024849838 
621 65 24 34 0.024792675 
122 160 16 17 0.024524387 
447 335 28 33 0.024404159 
149 316 26 35 0.024228817 
270 104 25 34 0.023754243 
844 76 11 14 0.023506442 
346 322 13 16 0.023420308 
239 169 23 29 0.022779165 
979 348 11 14 0.022755096 
435 338 16 19 0.022314005 
696 41 29 38 0.022301821 
539 153 17 22 0.022264585 
751 51 29 42 0.02208734 
608 70 21 29 0.022033587 
0 250 12 18 0.021810407 
440 380 13 16 0.021762455 
109 427 16 19 0.021732843 
616 110 28 33 0.021505566 
611 76 12 16 0.021480357 
643 71 18 25 0.021467337 
508 318 13 17 0.021319788 
842 97 17 21 0.02122865 
592 305 29 37 0.021162601 
756 80 14 19 0.021137482 
117 306 31 41 0.021040834 
262 343 22 28 0.020934088 
53 256 16 20 0.020724228 
738 58 38 53 0.020639483 
502 318 23 30 0.020560294 
845 329 26 34 0.020494392 
554 325 22 26 0.020485785 
697 324 25 36 0.020193988 
740 368 14 17 0.020010684 
