13_Interview_Interview_2_People_Visible_13_254
32
369 128 98 164 0.999252 
446 27 99 138 0.9992285 
729 219 50 69 0.99908733 
623 4 73 72 0.41452757 
403 86 102 167 0.24626756 
229 126 42 57 0.1257604 
727 162 12 17 0.08629064 
782 161 24 37 0.07110689 
650 101 16 20 0.052386254 
217 14 35 46 0.042998806 
539 165 53 62 0.038391493 
517 227 43 58 0.03661424 
658 106 17 22 0.03480419 
208 24 54 73 0.03373943 
574 -1 42 35 0.03260564 
700 152 12 16 0.0321514 
198 100 87 104 0.029954711 
680 116 23 30 0.028693812 
695 150 13 16 0.027734203 
603 126 43 56 0.026175315 
529 135 47 65 0.02559348 
769 -4 42 38 0.024112094 
682 155 10 13 0.023939222 
184 39 86 136 0.023487734 
516 117 38 49 0.022188257 
756 164 10 13 0.022082439 
576 142 48 54 0.021335773 
765 182 9 12 0.021244558 
652 91 15 18 0.02102693 
430 170 93 118 0.021005567 
649 113 24 30 0.020728277 
199 212 111 112 0.020069208 
