13_Interview_Interview_On_Location_13_56
18
469 203 98 131 0.9998462 
749 16 138 153 0.33930245 
563 153 251 323 0.31600925 
357 11 84 97 0.22623374 
75 142 80 131 0.14510447 
682 244 15 21 0.02940675 
705 154 14 16 0.029378697 
783 477 29 43 0.028104998 
731 56 103 126 0.02639393 
889 682 29 46 0.0263884 
575 -43 355 471 0.026354618 
925 706 51 57 0.025893427 
783 539 26 34 0.022539472 
733 89 13 16 0.022091296 
162 84 134 182 0.021669602 
711 199 9 12 0.02090887 
109 107 111 166 0.020708002 
944 513 28 44 0.020256555 
