13_Interview_Interview_Sequences_13_373
65
486 183 74 97 0.99520975 
327 49 15 18 0.18951611 
355 52 14 21 0.16579844 
668 565 17 20 0.09839341 
557 450 29 30 0.079181224 
536 462 42 38 0.07198603 
360 399 24 30 0.06344953 
368 110 10 14 0.050629973 
709 107 32 43 0.050294865 
632 228 22 28 0.043156046 
817 558 8 10 0.042904917 
865 368 9 11 0.04281352 
280 132 12 15 0.04138548 
864 568 7 9 0.040674653 
832 552 7 9 0.035321113 
854 550 8 11 0.03525426 
1012 373 9 13 0.035173442 
872 573 8 10 0.03447713 
775 558 10 12 0.034075204 
318 36 38 47 0.033878446 
914 566 8 9 0.033849396 
815 590 9 12 0.03330896 
335 49 25 29 0.032251853 
897 565 8 11 0.030205298 
880 566 9 10 0.029876621 
319 50 14 16 0.029428333 
822 560 8 9 0.029237526 
909 600 8 10 0.029237391 
582 446 13 16 0.029107258 
902 583 7 10 0.02862042 
913 318 8 11 0.027808376 
357 20 11 14 0.027610358 
917 559 9 11 0.027573511 
857 576 8 10 0.027380563 
210 244 19 23 0.027212594 
898 583 7 9 0.027103834 
839 568 7 8 0.026336081 
340 51 13 16 0.025275676 
629 478 34 45 0.02523763 
341 76 25 37 0.02519076 
804 582 10 13 0.025035786 
342 107 12 17 0.024953073 
856 558 8 9 0.02486948 
540 454 66 53 0.024387565 
806 535 7 9 0.024244187 
837 527 8 10 0.024191575 
294 102 11 13 0.024161931 
777 544 9 10 0.024148941 
662 556 28 33 0.024047397 
774 552 10 11 0.023693895 
841 558 7 9 0.022121258 
742 517 10 13 0.021849424 
251 76 13 18 0.021719413 
402 378 14 15 0.021591974 
896 560 8 10 0.021292228 
838 575 7 9 0.021103451 
886 289 8 10 0.02091147 
263 88 26 34 0.020787828 
855 528 7 9 0.020690557 
858 566 8 9 0.020547006 
572 460 65 66 0.020521691 
777 563 10 13 0.020363849 
453 13 9 12 0.020167798 
789 535 9 10 0.020115517 
286 239 26 30 0.020019222 
