13_Interview_Interview_Sequences_13_867
139
387 265 243 334 0.9997404 
284 399 34 51 0.99405485 
881 429 22 29 0.9771245 
214 453 22 33 0.9411563 
998 369 14 20 0.9112433 
173 418 20 28 0.907706 
21 456 22 30 0.86640894 
92 54 80 108 0.8614795 
240 415 23 29 0.8549147 
920 468 21 31 0.8158051 
11 439 17 22 0.48278016 
846 448 10 12 0.36700496 
0 419 12 17 0.3354035 
883 327 19 22 0.32847416 
12 446 24 31 0.25657114 
557 71 8 11 0.24561624 
877 471 13 16 0.22981788 
1004 365 15 21 0.17006841 
984 437 10 12 0.1598573 
1011 365 11 18 0.15934621 
943 361 15 20 0.1570231 
598 64 12 14 0.15520966 
174 598 10 13 0.14833611 
107 386 17 20 0.14595823 
937 435 11 15 0.12565401 
972 384 15 17 0.115000084 
116 385 16 21 0.10688248 
488 96 9 12 0.094491385 
756 7 10 11 0.0930092 
869 64 16 20 0.09024015 
830 438 11 13 0.08500194 
945 408 14 18 0.08488904 
227 422 23 29 0.08399852 
577 73 8 11 0.07824025 
978 382 12 15 0.077478595 
397 174 10 12 0.07051598 
875 414 41 48 0.07010583 
960 309 30 38 0.06812798 
861 395 13 14 0.06711228 
829 6 11 12 0.064689614 
806 23 9 11 0.06301967 
249 420 24 33 0.061651614 
2 424 14 18 0.058886882 
945 474 17 19 0.05812281 
772 2 15 16 0.055862326 
982 356 11 13 0.05433111 
955 386 12 16 0.05365942 
7 434 15 22 0.053190332 
437 351 380 471 0.05191759 
125 450 12 17 0.051441718 
453 111 8 11 0.05131414 
947 281 53 70 0.04999086 
780 4 11 12 0.04979427 
808 4 9 10 0.048217826 
923 462 15 22 0.047629323 
62 304 14 17 0.047512002 
596 315 367 438 0.046552267 
882 420 19 26 0.046530876 
987 354 11 13 0.045547687 
820 23 12 12 0.04520433 
22 284 13 17 0.043696042 
836 0 12 12 0.04357266 
182 421 18 23 0.043354187 
398 125 14 17 0.04244513 
29 418 15 17 0.04080083 
714 362 219 269 0.040399496 
817 28 10 11 0.04020845 
555 116 11 13 0.038718916 
27 290 12 14 0.038508102 
826 438 10 12 0.036920052 
332 153 14 18 0.036860403 
750 11 11 15 0.036313903 
312 403 24 32 0.035865374 
416 141 11 14 0.03480882 
628 41 11 12 0.034180567 
248 64 13 18 0.03392247 
718 24 11 13 0.03332925 
519 70 10 13 0.03307178 
931 465 26 29 0.03302326 
168 421 16 24 0.032597505 
204 398 17 20 0.032236546 
379 139 11 14 0.032190315 
575 115 9 12 0.03194523 
977 362 14 17 0.031048695 
469 96 9 12 0.030893203 
262 46 9 11 0.030613067 
518 97 14 17 0.029895626 
189 527 10 13 0.029800557 
822 469 11 13 0.029669603 
977 357 12 14 0.029280836 
843 443 18 22 0.028681612 
493 95 9 11 0.02863712 
771 67 13 17 0.028560525 
78 452 14 17 0.0285027 
456 126 9 11 0.027842255 
983 461 12 15 0.027821068 
966 380 15 19 0.027474714 
4 531 12 14 0.02684118 
391 131 11 13 0.02642809 
223 431 14 20 0.026422998 
959 354 12 15 0.026184862 
815 6 9 11 0.0258521 
867 320 30 34 0.025569566 
755 240 137 176 0.02533714 
525 60 13 14 0.025269812 
788 7 10 12 0.025093958 
524 69 14 17 0.025020842 
910 457 43 48 0.02471666 
133 392 14 22 0.024442093 
822 457 11 12 0.02443716 
883 3 13 14 0.024044847 
125 382 20 29 0.023993088 
375 135 12 14 0.02393265 
943 394 21 25 0.023720592 
970 371 22 28 0.023495818 
853 438 11 12 0.023462014 
791 325 110 139 0.02301953 
821 11 14 14 0.022615757 
513 71 9 11 0.022528766 
206 456 39 44 0.022519073 
15 424 22 28 0.022494458 
530 71 14 17 0.02232791 
260 389 11 14 0.021949092 
965 444 10 12 0.021908626 
31 458 19 26 0.021795558 
969 323 18 23 0.021738304 
191 607 11 12 0.021625925 
925 265 90 112 0.021601189 
257 416 17 24 0.021532737 
629 -5 104 109 0.021421906 
823 463 10 13 0.02138686 
519 106 11 15 0.021315942 
809 436 8 11 0.021227706 
835 437 11 12 0.021048466 
862 51 28 37 0.020556917 
480 114 10 13 0.020430738 
14 420 10 14 0.02028288 
36 285 11 14 0.02025026 
983 440 14 16 0.02001966 
