13_Interview_Interview_On_Location_13_537
29
793 444 59 107 0.8686028 
188 373 510 615 0.79405665 
138 586 450 570 0.26238605 
485 808 95 117 0.1557292 
619 845 119 102 0.14383914 
956 587 29 36 0.13872835 
295 457 282 371 0.08600793 
0 195 443 451 0.079260945 
21 820 549 530 0.06541212 
508 821 116 142 0.057238206 
907 581 109 141 0.057202894 
905 538 31 33 0.051740944 
579 855 132 136 0.0494126 
993 973 29 49 0.04444909 
734 416 105 131 0.036513302 
976 971 48 84 0.033011217 
922 923 17 22 0.031134192 
902 499 52 67 0.030303977 
324 373 214 308 0.027929332 
947 575 29 37 0.023542665 
924 458 55 78 0.023473443 
638 889 89 80 0.023168072 
759 568 216 220 0.022974467 
968 591 28 39 0.021758746 
524 836 71 86 0.021543592 
956 948 72 145 0.020822007 
670 857 77 73 0.020669812 
866 556 30 33 0.020060418 
808 481 39 63 0.020003445 
