13_Interview_Interview_2_People_Visible_13_325
91
290 124 39 50 0.99653316 
368 632 33 38 0.863593 
227 519 12 15 0.81747055 
179 525 10 14 0.61767316 
88 508 8 11 0.5595576 
498 581 15 17 0.48794708 
456 572 11 14 0.43857908 
102 524 8 11 0.37878424 
67 487 16 21 0.3717915 
149 64 42 51 0.2804589 
103 520 9 11 0.26050377 
257 65 34 44 0.24323517 
160 526 7 9 0.21607077 
424 571 8 10 0.19182806 
197 533 7 10 0.15393822 
110 513 8 10 0.12534074 
153 8 27 32 0.117955655 
-2 237 415 456 0.115447685 
138 526 8 10 0.10994941 
243 13 17 21 0.10680712 
439 564 9 12 0.07674309 
177 521 10 12 0.07605782 
411 619 15 18 0.07289722 
428 567 10 12 0.07012019 
109 517 8 11 0.06545438 
486 604 13 15 0.06082816 
141 520 8 10 0.05860803 
439 573 8 10 0.056681715 
70 479 14 18 0.05504305 
91 509 10 12 0.05218037 
126 552 8 10 0.04934251 
122 550 8 11 0.04250434 
62 494 16 20 0.041565467 
86 514 10 14 0.04070103 
235 47 14 18 0.040167402 
653 406 10 12 0.038135454 
662 391 8 10 0.037495654 
194 528 8 11 0.036147233 
154 527 8 10 0.035970397 
453 567 18 23 0.035591077 
160 531 9 11 0.0346357 
408 613 13 17 0.03410093 
645 413 11 13 0.03407179 
105 513 9 11 0.03330325 
80 516 11 14 0.033190157 
63 336 279 269 0.033061914 
407 618 25 33 0.032487456 
260 22 17 20 0.0322092 
372 653 31 37 0.031735186 
83 14 33 43 0.03166658 
418 624 16 20 0.031117829 
458 639 10 13 0.029679976 
92 505 9 11 0.028904134 
655 398 10 12 0.028205585 
294 582 12 17 0.028203234 
449 580 12 15 0.028174954 
450 573 10 12 0.028036743 
455 644 13 16 0.02784823 
50 44 31 39 0.026622342 
137 532 9 11 0.026432041 
428 629 11 14 0.026009044 
191 519 8 11 0.026000705 
96 519 10 13 0.025552437 
273 73 18 25 0.025184754 
487 584 14 18 0.02442376 
223 529 13 15 0.024256906 
268 67 16 23 0.024165194 
126 510 9 10 0.024146525 
125 504 9 11 0.023949781 
134 552 8 10 0.023931649 
119 544 9 11 0.023370631 
128 556 8 10 0.022809746 
91 34 37 43 0.022550415 
280 550 9 11 0.022367347 
472 612 11 13 0.022203578 
231 10 29 33 0.022170382 
253 23 16 19 0.021711411 
82 509 10 11 0.021631306 
697 366 10 12 0.021115176 
279 34 46 54 0.021043476 
152 534 8 10 0.020979686 
207 526 9 12 0.020756917 
489 576 22 26 0.020603742 
102 530 10 12 0.020478476 
503 614 10 12 0.020464823 
406 623 16 20 0.020430606 
117 533 8 10 0.020383636 
111 526 8 11 0.020368572 
87 44 51 63 0.020142963 
71 471 12 15 0.020094005 
119 510 8 10 0.020055925 
