13_Interview_Interview_On_Location_13_636
145
187 38 57 78 0.99936336 
800 115 31 41 0.99613863 
724 110 32 44 0.9812034 
332 42 25 30 0.07505844 
674 104 8 11 0.06982007 
696 119 11 14 0.06414834 
802 89 14 17 0.062022462 
690 64 9 10 0.055301663 
820 92 14 18 0.052752655 
455 28 13 15 0.04809814 
623 69 9 11 0.04694752 
752 147 21 28 0.04680788 
726 20 9 12 0.044875473 
711 141 11 16 0.042569935 
693 148 14 18 0.041921083 
694 140 11 14 0.041781478 
686 123 10 13 0.04050681 
61 598 26 32 0.04045094 
678 70 8 10 0.03788941 
671 63 9 11 0.037882973 
881 600 7 10 0.037867986 
718 64 8 10 0.03679736 
680 39 7 9 0.036477204 
721 38 7 10 0.036304068 
642 94 7 9 0.03528005 
698 123 13 16 0.035270184 
463 78 10 13 0.035056632 
695 131 11 13 0.035021376 
664 62 9 11 0.034768824 
649 80 7 9 0.034580983 
654 70 9 10 0.034329146 
560 23 9 10 0.033791903 
677 103 9 11 0.033723686 
676 139 12 15 0.03342353 
657 39 8 10 0.033357054 
697 55 8 10 0.032233465 
690 69 9 11 0.03213977 
593 55 9 10 0.032052845 
705 78 8 11 0.03200219 
689 76 9 11 0.031523336 
638 78 8 10 0.031202646 
669 138 13 17 0.03120044 
721 21 9 11 0.031123232 
608 71 8 10 0.03037258 
679 64 8 9 0.030336266 
440 28 12 14 0.030264487 
608 30 9 11 0.030235454 
664 80 8 10 0.030218335 
665 56 8 9 0.0293867 
657 104 8 10 0.029363995 
664 139 11 15 0.029114362 
647 15 8 11 0.028837008 
672 47 8 10 0.02877094 
624 45 8 10 0.02873754 
674 70 8 9 0.028671874 
583 14 8 10 0.02787917 
613 30 8 10 0.027866038 
444 6 11 11 0.027734239 
624 6 9 10 0.027703725 
679 124 10 13 0.027614376 
711 21 9 11 0.027219161 
694 118 20 27 0.027151385 
568 7 9 11 0.027136268 
798 585 11 12 0.027020255 
886 600 9 10 0.026684044 
681 54 9 11 0.026680877 
650 71 8 10 0.02664597 
711 5 11 12 0.026588975 
608 24 9 11 0.02655246 
518 86 8 10 0.026436048 
671 80 7 9 0.026250118 
662 38 7 10 0.026053505 
686 148 14 17 0.025856266 
657 46 8 10 0.025742663 
686 47 8 10 0.0257004 
727 14 10 13 0.025548635 
456 21 12 14 0.025438417 
879 86 11 13 0.025379568 
430 101 22 26 0.025374271 
640 15 9 12 0.025326272 
560 14 8 11 0.025172992 
666 86 7 10 0.025164394 
641 39 8 10 0.025124948 
703 94 8 10 0.02510702 
876 147 11 13 0.025036633 
543 14 10 13 0.024805486 
505 115 11 16 0.024684476 
528 70 9 11 0.024563374 
933 288 29 33 0.02441959 
575 23 8 10 0.024268689 
744 54 8 10 0.024230149 
461 117 14 17 0.024116032 
646 93 8 10 0.023997147 
850 55 8 9 0.023923093 
956 2 14 15 0.023887482 
735 38 9 11 0.023835005 
655 108 9 12 0.023797693 
665 133 11 15 0.023794934 
632 55 7 10 0.023749873 
624 77 9 12 0.023738999 
650 62 9 11 0.023736821 
686 30 8 9 0.023640258 
869 348 15 18 0.023559542 
623 64 9 10 0.023248926 
696 39 8 10 0.023219733 
686 132 12 15 0.022852948 
811 89 19 24 0.022576611 
799 595 9 12 0.022538684 
469 54 10 13 0.022422168 
719 16 9 11 0.022244021 
852 77 10 13 0.022195484 
728 72 8 10 0.022123521 
648 87 7 10 0.022064598 
683 126 22 26 0.022056667 
710 15 10 11 0.021911018 
881 55 8 10 0.021785736 
598 22 9 11 0.021781018 
892 328 18 22 0.021655263 
680 45 9 11 0.021621978 
815 12 9 12 0.021563701 
645 133 10 13 0.021504313 
680 88 9 10 0.021448899 
624 15 8 11 0.02144399 
807 607 9 11 0.021287492 
767 54 10 12 0.021268027 
664 29 9 12 0.021248668 
695 109 11 13 0.021226766 
785 53 9 12 0.021202913 
703 140 20 28 0.021198926 
699 140 13 16 0.02114842 
581 152 22 26 0.021108367 
583 47 8 10 0.021074476 
648 31 8 10 0.021017965 
681 94 9 11 0.020957762 
653 87 8 9 0.020922353 
676 145 15 16 0.020860964 
536 7 8 10 0.020832133 
696 47 8 9 0.02067644 
585 31 8 11 0.020659342 
543 8 9 10 0.020629982 
238 7 45 56 0.020601656 
669 30 9 10 0.020385873 
593 22 8 10 0.020304136 
695 104 9 11 0.020107768 
974 12 24 31 0.020055123 
