34_Baseball_Baseball_34_356
28
573 239 140 169 0.9993218 
541 0 39 49 0.31062424 
507 302 53 72 0.21666852 
582 30 94 148 0.13009025 
550 4 49 65 0.11070936 
13 393 191 322 0.09238718 
496 614 55 76 0.072424866 
-9 649 358 475 0.07105605 
589 21 54 83 0.06400514 
365 505 432 510 0.05720032 
376 1127 58 74 0.04349134 
522 39 210 293 0.040765222 
573 8 55 69 0.03493986 
538 19 88 116 0.027660688 
595 6 34 47 0.02575449 
505 41 95 127 0.02569847 
471 25 32 32 0.024323324 
444 23 149 244 0.022610262 
384 1203 61 62 0.022552812 
330 853 397 531 0.022341281 
60 298 183 291 0.022113537 
462 63 95 129 0.022046627 
188 1245 15 18 0.021805441 
516 86 58 71 0.02175065 
457 17 28 36 0.021450736 
835 165 159 256 0.021365931 
405 17 34 40 0.021235578 
44 42 174 294 0.020970322 
