34_Baseball_Baseball_34_391
31
58 261 24 28 0.983951 
553 134 31 36 0.3572899 
749 74 41 76 0.2643785 
634 114 42 44 0.22129282 
779 73 59 84 0.16317208 
85 317 13 16 0.09689187 
85 345 9 12 0.075594716 
517 208 58 64 0.06538187 
558 110 40 54 0.065111205 
86 354 30 38 0.05879624 
569 97 40 53 0.053753566 
427 342 31 33 0.04765883 
589 62 45 54 0.047613468 
70 332 11 12 0.04646929 
370 372 27 36 0.041256577 
419 352 31 36 0.03896861 
639 74 50 67 0.037917662 
784 84 89 103 0.03499056 
584 85 45 57 0.032465287 
616 87 81 97 0.03238412 
121 131 16 19 0.032035396 
530 234 65 71 0.031401027 
395 362 44 45 0.02933046 
645 65 86 122 0.028945167 
64 327 10 12 0.028095301 
419 620 60 63 0.025938401 
53 92 11 15 0.024998097 
858 433 105 115 0.02423663 
544 209 70 71 0.023462135 
459 341 11 12 0.02301522 
719 55 69 118 0.021598328 
