34_Baseball_Baseball_34_350
261
605 276 14 16 0.8887137 
655 275 13 16 0.7914022 
623 263 11 14 0.48593172 
189 137 9 12 0.40772727 
585 262 12 14 0.39318085 
217 95 12 13 0.3922888 
973 101 10 13 0.3874932 
840 118 8 11 0.3644882 
907 95 10 11 0.3553397 
595 334 10 13 0.26083297 
606 287 13 16 0.25741827 
119 7 10 13 0.24873105 
801 143 10 14 0.2396359 
784 97 10 12 0.23387729 
428 493 26 25 0.2126997 
89 117 10 12 0.18729179 
896 117 8 10 0.18539916 
359 31 8 11 0.16699329 
673 262 11 14 0.16579887 
684 21 11 13 0.15235862 
400 9 9 12 0.14132224 
897 30 8 11 0.1344135 
553 112 8 11 0.13232335 
906 99 11 13 0.12964095 
909 6 10 12 0.12309638 
486 126 9 12 0.12024249 
636 312 13 16 0.11874342 
508 30 8 10 0.11829295 
526 88 9 10 0.11694018 
620 366 11 13 0.11533722 
921 89 8 10 0.102820225 
205 125 9 10 0.100653164 
962 118 8 11 0.09687024 
997 62 8 11 0.09303946 
482 94 11 12 0.092873424 
408 31 10 12 0.09225081 
15 63 8 11 0.091186896 
615 255 8 10 0.09074885 
694 284 11 13 0.09017343 
237 119 9 10 0.08915145 
649 274 12 17 0.08820774 
885 88 8 10 0.08759268 
121 142 8 10 0.08578915 
641 268 10 14 0.083433844 
542 134 9 11 0.082332626 
753 22 9 11 0.08177085 
204 120 9 11 0.08014309 
132 63 11 13 0.07881349 
666 4 10 12 0.07719512 
646 269 12 16 0.076768376 
935 110 7 9 0.0743267 
406 9 9 11 0.07262167 
9 61 9 12 0.0722457 
174 125 7 10 0.06988699 
599 35 9 11 0.068847224 
17 7 9 11 0.06825805 
329 7 9 11 0.06706357 
958 4 9 10 0.0652703 
857 151 9 12 0.06411604 
646 264 9 12 0.06317154 
864 95 7 9 0.06280367 
999 56 9 11 0.062098082 
567 105 8 12 0.06092822 
921 120 9 10 0.0607745 
556 117 9 11 0.060423017 
611 269 15 17 0.059750315 
505 24 9 12 0.0594407 
871 97 9 10 0.05925056 
96 0 9 9 0.05848513 
801 4 9 11 0.05812639 
73 96 10 13 0.057941232 
660 279 12 15 0.057650063 
998 84 9 11 0.057596788 
89 22 8 10 0.056378186 
566 31 10 11 0.056322403 
5 120 9 12 0.055227194 
602 7 9 10 0.05485409 
345 7 10 11 0.05441963 
56 53 9 11 0.053949844 
594 131 8 11 0.053150397 
453 13 9 10 0.052325923 
134 28 9 11 0.051062215 
646 317 11 14 0.049011927 
813 109 9 10 0.048973598 
71 100 10 13 0.04884249 
579 317 12 16 0.04833401 
957 29 9 10 0.048073012 
954 31 9 11 0.04772655 
608 153 9 12 0.047359332 
688 284 12 14 0.04705489 
902 109 10 12 0.046376996 
757 22 8 10 0.04632267 
553 159 8 10 0.045957614 
666 274 14 18 0.04568052 
30 28 8 10 0.045523524 
934 104 7 10 0.045293514 
495 127 9 12 0.044070307 
910 135 9 11 0.0437518 
692 287 15 19 0.04355219 
54 26 12 13 0.0435282 
899 117 10 10 0.043226395 
549 5 10 11 0.043058075 
922 125 8 10 0.04204411 
913 142 10 12 0.041790817 
861 154 9 11 0.04178314 
739 90 15 19 0.041356977 
791 181 9 10 0.041249435 
38 102 9 10 0.0410536 
994 185 7 10 0.040999662 
1008 46 9 11 0.040904563 
487 121 9 11 0.03976348 
349 14 8 10 0.039187446 
926 94 9 11 0.039109837 
749 94 12 14 0.03871884 
687 278 11 14 0.038601078 
538 31 8 11 0.03856004 
615 33 8 10 0.037713576 
865 31 9 12 0.03761126 
816 176 10 12 0.037141796 
929 112 8 9 0.037060373 
5 45 8 12 0.037034098 
622 283 10 14 0.0369277 
857 95 8 9 0.036729235 
498 133 9 10 0.036706578 
839 101 9 10 0.03602301 
215 89 19 24 0.035668608 
832 112 7 10 0.035601147 
616 261 12 15 0.03538696 
653 319 14 17 0.035120152 
425 111 11 13 0.035097197 
874 63 8 10 0.035092708 
641 339 10 13 0.035041124 
846 32 9 12 0.03463341 
473 134 9 12 0.034387067 
953 0 9 10 0.03357329 
587 272 14 16 0.0332177 
440 37 8 11 0.03320231 
382 0 10 9 0.033054907 
990 126 8 10 0.032899816 
40 111 8 10 0.032879446 
135 166 11 15 0.032785174 
47 47 12 13 0.032456104 
630 32 8 10 0.03213198 
552 268 11 13 0.03192098 
108 155 12 14 0.03159388 
21 63 9 12 0.03145845 
891 117 9 11 0.030952241 
61 55 11 13 0.030679502 
675 274 13 16 0.030664528 
64 71 11 13 0.030630928 
330 12 11 14 0.030555682 
16 110 9 10 0.0304363 
649 324 11 14 0.030332413 
901 29 8 10 0.030309742 
352 56 10 13 0.030032782 
598 132 9 10 0.029945174 
558 111 8 11 0.029797407 
894 7 8 10 0.029460866 
738 12 8 11 0.02937544 
621 274 12 14 0.02935724 
509 36 10 13 0.02919339 
834 117 9 11 0.02912341 
890 111 8 11 0.028987983 
902 24 9 11 0.028911576 
864 137 8 10 0.028723456 
1007 157 7 10 0.028255986 
853 15 10 12 0.02805681 
459 224 574 374 0.027794335 
644 340 14 15 0.027510682 
679 119 8 10 0.027378839 
143 36 10 11 0.027227571 
95 13 10 12 0.027083633 
644 309 10 14 0.027039621 
600 271 11 16 0.026850024 
595 344 14 17 0.02645343 
567 97 10 12 0.026408527 
782 36 9 11 0.02628649 
7 56 7 11 0.026261931 
374 37 8 10 0.026111191 
597 330 11 14 0.026082238 
1007 52 10 12 0.026014408 
26 29 9 11 0.025965724 
391 7 10 12 0.025944822 
911 39 8 10 0.025674762 
184 128 9 10 0.025344372 
572 255 10 13 0.025327805 
422 5 9 11 0.02522305 
109 24 10 11 0.025138484 
301 57 13 16 0.025133213 
37 96 9 12 0.024971599 
637 304 14 17 0.024724707 
72 27 11 14 0.024532074 
732 77 40 52 0.024464663 
129 29 8 11 0.024456201 
652 315 26 29 0.024394793 
630 324 11 15 0.024355898 
930 101 8 11 0.024267966 
788 100 8 11 0.024254285 
903 90 17 22 0.02407947 
983 0 9 8 0.023931732 
660 317 15 18 0.023781523 
182 129 19 25 0.023657102 
628 274 12 15 0.023425749 
541 30 9 11 0.02338977 
17 104 8 10 0.023300625 
54 88 9 11 0.023210542 
700 279 9 13 0.02313099 
382 6 11 11 0.023074586 
994 85 9 11 0.023070857 
610 254 8 11 0.023002647 
48 28 10 12 0.022959234 
238 124 9 10 0.022860754 
969 96 10 13 0.022823036 
488 62 11 11 0.022801569 
954 24 9 11 0.022752572 
800 22 10 13 0.022711543 
150 32 8 9 0.02254413 
1002 157 8 11 0.022504466 
694 326 12 14 0.022391733 
953 36 9 10 0.022378843 
905 90 9 11 0.022357322 
987 127 7 10 0.02235576 
1015 136 7 11 0.022302035 
54 38 10 13 0.022252424 
666 108 9 12 0.022154547 
526 120 7 9 0.022088543 
149 86 12 13 0.02203945 
668 318 13 15 0.02191535 
606 32 8 11 0.02185998 
638 333 12 15 0.021672262 
907 106 12 13 0.021608017 
993 57 9 11 0.021505147 
605 334 10 12 0.021439953 
731 84 25 33 0.021399098 
509 42 11 13 0.02137158 
653 308 12 14 0.0212188 
896 35 9 11 0.021138487 
653 302 10 13 0.021111034 
700 328 12 14 0.02105265 
126 37 10 12 0.021028431 
214 135 10 11 0.020899931 
675 412 13 16 0.020873366 
967 107 12 15 0.02077561 
1 61 9 13 0.02076326 
23 69 8 11 0.020744074 
933 21 8 11 0.02073567 
238 112 8 11 0.020714585 
376 0 9 10 0.020656189 
538 25 8 11 0.020619228 
96 5 11 13 0.020497713 
755 94 11 13 0.020486355 
128 65 12 15 0.02048358 
791 31 10 12 0.02048188 
151 92 10 12 0.020452337 
267 234 31 41 0.02039414 
897 150 10 11 0.020360228 
999 188 8 11 0.020287968 
642 311 20 25 0.020234002 
232 123 10 11 0.020226078 
966 125 8 9 0.020156844 
671 256 18 24 0.020008793 
