5_Car_Accident_Accident_5_287
50
850 35 16 20 0.9729897 
895 65 14 18 0.21289217 
84 188 13 18 0.20944919 
381 96 8 10 0.09047678 
31 190 24 33 0.08357649 
158 138 10 14 0.07962008 
684 117 10 12 0.065137245 
659 129 45 57 0.06203042 
303 201 14 21 0.057143882 
222 210 22 33 0.056689594 
150 159 10 14 0.052433122 
460 -8 123 146 0.044626784 
405 152 14 16 0.043994486 
439 6 10 12 0.042839114 
911 45 13 16 0.042830795 
366 175 12 15 0.041387573 
394 165 14 15 0.040532213 
825 110 9 12 0.038447194 
925 25 14 17 0.03559388 
389 127 10 12 0.034284838 
685 112 10 12 0.0331292 
856 167 41 59 0.031927343 
156 50 74 116 0.030791055 
159 38 443 455 0.030316746 
887 61 11 16 0.02964038 
401 550 10 11 0.029514505 
415 131 11 13 0.028754437 
680 101 9 9 0.028647317 
154 134 8 11 0.027995331 
736 100 8 10 0.027838493 
476 32 10 13 0.02759107 
782 92 12 15 0.027331334 
759 118 9 10 0.025846211 
782 137 12 14 0.02580074 
397 156 13 15 0.025468964 
191 197 10 12 0.025145724 
750 117 9 11 0.024997354 
34 -10 208 227 0.024631733 
817 54 8 10 0.024384122 
152 120 9 12 0.024194874 
750 111 8 11 0.023390615 
150 125 9 12 0.021667823 
361 176 11 12 0.021661323 
888 28 11 14 0.021532144 
359 165 26 31 0.021194771 
99 226 16 21 0.020610673 
27 178 39 52 0.020558033 
197 196 10 12 0.02045012 
831 155 14 17 0.020221362 
879 39 10 12 0.020175368 
