5_Car_Accident_Car_Crash_5_38
96
0 228 22 33 0.9001744 
832 234 11 13 0.5622455 
777 238 11 14 0.51550317 
324 92 46 40 0.49801743 
941 245 11 13 0.46516815 
69 269 14 19 0.46458644 
440 125 25 27 0.19831818 
915 237 9 13 0.18151623 
358 97 46 51 0.12822957 
888 243 9 11 0.10768025 
367 118 33 40 0.09360966 
705 434 115 120 0.090398915 
525 430 17 22 0.068677776 
339 99 47 52 0.067639194 
428 122 42 50 0.06667427 
797 279 13 18 0.06603946 
893 238 11 14 0.064781524 
777 262 18 20 0.0641012 
427 419 28 37 0.057509474 
306 72 49 48 0.05153245 
855 301 12 17 0.04943323 
427 125 27 31 0.047873247 
402 113 24 31 0.04690314 
963 289 20 20 0.04537284 
37 451 30 35 0.04383851 
428 137 15 18 0.04322955 
878 238 11 14 0.042372018 
862 247 10 12 0.04232009 
304 56 42 38 0.04222025 
902 271 8 10 0.0400999 
102 262 40 51 0.039294843 
110 194 12 16 0.038889814 
669 207 127 143 0.03835358 
373 108 49 57 0.03814294 
879 220 12 14 0.03807024 
128 203 11 14 0.037287842 
308 434 246 196 0.03639874 
898 219 12 13 0.035653695 
924 235 11 13 0.035301443 
913 232 10 13 0.033503704 
392 97 28 39 0.031493913 
66 259 22 26 0.031223502 
798 311 17 23 0.031064363 
536 437 28 33 0.030742766 
305 95 42 50 0.030577095 
318 116 54 68 0.030031478 
813 412 73 88 0.029841214 
377 126 19 24 0.029734537 
894 251 11 13 0.029622046 
421 153 44 63 0.028512515 
917 232 11 13 0.02822822 
775 249 21 27 0.028017515 
877 134 31 41 0.027939256 
886 333 9 13 0.027910678 
424 136 27 32 0.027902862 
884 219 14 16 0.027870724 
808 238 9 11 0.02762787 
495 120 14 17 0.027390268 
895 215 12 13 0.02737536 
428 373 13 14 0.027091553 
916 242 10 12 0.026890434 
866 324 15 21 0.026666204 
871 234 13 16 0.025963277 
439 401 42 56 0.025660109 
837 242 12 14 0.025340436 
572 377 37 54 0.02487465 
788 245 11 13 0.024802485 
830 224 12 15 0.024762783 
774 234 18 23 0.024742415 
133 203 12 15 0.024658972 
451 116 26 32 0.024392866 
886 226 12 14 0.024334425 
68 255 14 17 0.024054538 
506 431 18 23 0.023874268 
417 409 48 57 0.023449365 
499 147 15 18 0.023306675 
414 115 24 30 0.023303965 
862 221 11 16 0.023180507 
937 239 12 14 0.023173608 
401 393 87 104 0.02314851 
494 424 26 32 0.023109537 
500 429 15 19 0.022921326 
347 121 37 46 0.022865422 
844 229 10 14 0.02286011 
876 226 13 16 0.022407614 
911 328 10 12 0.02205199 
513 427 27 32 0.021999538 
428 153 27 38 0.02149422 
773 250 14 19 0.021481572 
937 250 12 13 0.021425277 
574 114 46 51 0.021266881 
401 173 45 70 0.021080276 
491 431 17 22 0.021068087 
463 113 24 31 0.020927913 
36 250 14 17 0.020616166 
407 426 28 35 0.020539913 
