5_Car_Accident_Accident_5_735
42
624 315 90 86 0.9209419 
974 340 15 17 0.7349722 
994 353 13 15 0.24276955 
858 180 17 22 0.17837432 
668 22 16 18 0.13567314 
897 403 16 19 0.08154922 
828 189 15 20 0.06511625 
801 145 17 22 0.06305858 
929 131 13 17 0.06201114 
979 353 14 17 0.055520315 
819 162 39 51 0.053385396 
642 197 430 545 0.051923558 
836 153 17 19 0.050969135 
829 155 14 16 0.04833723 
807 145 25 32 0.046007093 
820 153 15 19 0.04362787 
784 138 24 31 0.040161792 
719 134 13 15 0.040055033 
843 151 12 15 0.038428046 
171 210 21 30 0.035321794 
246 295 417 462 0.033155553 
859 396 15 20 0.032766853 
814 160 14 19 0.030955885 
749 139 14 17 0.029710952 
826 151 25 30 0.029573264 
841 172 27 33 0.029540475 
548 135 10 13 0.029522302 
907 398 23 27 0.029479966 
819 171 13 17 0.02935864 
703 136 9 11 0.029029634 
657 465 40 46 0.028587224 
779 139 18 20 0.028115196 
963 356 13 15 0.02632673 
801 270 30 30 0.023804633 
334 56 15 18 0.022824217 
512 73 17 22 0.021780182 
747 129 24 30 0.02133708 
542 465 14 19 0.020641468 
270 86 14 16 0.020612389 
967 347 12 15 0.020590411 
989 342 11 14 0.020260943 
814 160 27 34 0.02012686 
