5_Car_Accident_Accident_5_243
39
391 112 10 12 0.62838125 
456 100 9 12 0.19559136 
476 104 10 14 0.13855912 
379 123 12 14 0.0863442 
366 127 8 12 0.07551279 
376 119 12 14 0.06710184 
373 180 11 13 0.06501409 
443 210 191 242 0.054859582 
416 124 10 12 0.05197823 
432 104 8 10 0.05183542 
395 115 10 13 0.0514872 
421 124 11 13 0.044605788 
345 75 10 13 0.039879125 
408 126 9 12 0.03588827 
345 164 10 13 0.035750378 
398 126 9 13 0.03393149 
485 65 28 42 0.033433244 
481 47 45 68 0.03258978 
430 108 9 11 0.029538073 
404 179 13 16 0.027529167 
361 130 10 14 0.027389545 
437 101 9 12 0.027339324 
381 130 12 14 0.026070813 
390 122 10 14 0.025670981 
399 175 13 15 0.024437262 
412 177 27 32 0.023766242 
376 111 10 14 0.023293002 
397 171 23 28 0.022580016 
448 109 9 11 0.022567239 
419 182 15 18 0.021748219 
450 101 10 12 0.021585323 
460 96 9 12 0.021419553 
438 95 10 13 0.021156004 
378 168 176 234 0.0208876 
367 173 23 26 0.020444084 
428 126 10 12 0.020363454 
166 508 35 35 0.020323273 
374 117 19 24 0.020308496 
447 72 8 10 0.020121709 
