5_Car_Accident_Accident_5_642
92
581 745 14 17 0.94472075 
59 672 13 17 0.8405894 
491 649 29 35 0.78314185 
540 747 10 13 0.7367733 
434 216 95 109 0.46905214 
493 617 14 19 0.39341304 
699 741 17 18 0.23723775 
477 717 12 16 0.18235645 
545 764 10 12 0.18164009 
475 708 13 16 0.11869694 
752 636 10 13 0.098699756 
635 763 17 19 0.091947526 
825 407 135 103 0.08794758 
49 699 17 20 0.08251933 
633 770 17 19 0.07916217 
557 816 17 22 0.07710537 
455 764 10 12 0.0766927 
500 631 22 28 0.06869799 
367 726 11 14 0.06452341 
637 753 15 18 0.06448243 
212 422 50 53 0.062478095 
520 735 9 11 0.056971878 
80 78 234 295 0.05326873 
534 764 8 11 0.049345717 
486 282 15 19 0.04542657 
589 642 10 12 0.045294903 
571 763 11 13 0.04495322 
792 1030 53 62 0.044701565 
695 773 12 14 0.044216245 
594 709 10 12 0.041694798 
550 761 9 11 0.040336322 
483 708 11 14 0.03987151 
199 869 30 35 0.039107464 
461 760 9 12 0.038509358 
541 758 11 13 0.03837556 
169 994 32 38 0.0382725 
704 760 30 31 0.038231347 
44 669 10 12 0.037611756 
276 581 439 475 0.036687344 
469 202 63 83 0.03634616 
66 676 12 15 0.03632569 
705 745 15 17 0.035355635 
569 704 9 11 0.034750402 
346 725 14 17 0.0345827 
599 790 46 54 0.034120347 
537 791 9 12 0.033782035 
265 731 15 18 0.033405025 
0 649 10 15 0.033196494 
527 759 10 12 0.032724865 
614 759 9 11 0.031581923 
585 672 23 31 0.031502828 
641 750 11 13 0.03134731 
428 243 12 15 0.030751321 
567 783 9 11 0.030045217 
633 749 11 13 0.029976944 
807 718 20 27 0.029404892 
529 764 9 11 0.029177874 
559 767 10 12 0.02903017 
494 632 14 16 0.028524168 
334 726 11 16 0.028281938 
32 603 184 236 0.027648307 
56 664 10 13 0.027138297 
407 619 9 11 0.026359275 
478 759 14 15 0.025996158 
415 623 8 9 0.025648052 
562 782 9 11 0.02420572 
357 732 12 15 0.02346275 
472 700 12 16 0.023391975 
609 759 8 10 0.023383688 
40 665 10 12 0.023282956 
791 633 15 17 0.023276508 
480 639 28 37 0.023230383 
486 629 12 16 0.023025012 
511 735 9 12 0.023006871 
574 722 12 14 0.022848768 
717 748 12 16 0.022835195 
391 235 52 63 0.02277563 
472 181 52 67 0.022491813 
359 725 11 15 0.02246518 
46 664 10 12 0.022356229 
709 769 17 18 0.022087479 
491 261 15 15 0.02146732 
456 742 9 13 0.02140189 
602 793 28 32 0.021278933 
336 717 9 12 0.021196079 
470 694 11 16 0.02113792 
473 723 11 14 0.021091534 
474 238 60 74 0.020856153 
592 715 11 13 0.020689005 
513 768 8 10 0.0206574 
452 718 10 13 0.020496318 
527 644 14 18 0.020162703 
