5_Car_Accident_Accident_5_869
24
369 178 254 348 0.9998234 
815 1243 216 249 0.75452745 
486 1043 228 322 0.66426903 
333 897 402 477 0.33760235 
735 806 177 288 0.32737106 
710 1160 375 384 0.24151678 
853 351 113 149 0.16495757 
565 1017 350 443 0.15019795 
227 430 415 479 0.08108968 
509 1134 153 185 0.07789015 
763 876 111 184 0.055660557 
185 648 215 380 0.048467934 
704 681 293 443 0.038719617 
161 1061 435 495 0.037443656 
773 755 109 176 0.035562254 
113 107 111 140 0.034023575 
410 33 354 486 0.033610053 
593 1136 151 197 0.027137969 
149 618 405 535 0.02663664 
528 812 362 440 0.023430085 
573 4 18 19 0.022406109 
3 -9 385 513 0.021700084 
114 39 199 277 0.021144329 
845 60 203 264 0.020234942 
