5_Car_Accident_Accident_5_66
42
21 239 32 40 0.99428684 
948 227 18 22 0.34843764 
648 159 18 22 0.30246547 
257 237 18 20 0.18133728 
683 203 37 39 0.14188394 
746 131 33 36 0.09396708 
799 271 44 61 0.07804379 
1 149 15 19 0.06251397 
457 143 10 11 0.05285484 
225 235 13 15 0.046339624 
202 167 16 19 0.045898147 
417 161 48 57 0.040604685 
815 167 34 38 0.039889257 
592 142 10 12 0.038583457 
733 116 50 59 0.03803898 
715 83 378 434 0.036755044 
398 193 26 32 0.03396829 
151 137 12 14 0.03290602 
842 182 36 41 0.030376475 
405 136 9 12 0.029373048 
172 139 11 14 0.027810838 
701 248 60 62 0.027806396 
184 151 11 14 0.027642097 
908 245 14 16 0.027439445 
806 246 45 63 0.027049467 
175 184 24 29 0.026910981 
685 212 15 17 0.02687202 
252 235 31 32 0.025873257 
802 189 13 17 0.025773142 
923 226 15 17 0.025366997 
828 226 41 52 0.024860827 
817 291 32 49 0.024812313 
461 142 14 16 0.023510832 
654 140 22 27 0.023118824 
607 142 8 10 0.022422904 
759 140 19 24 0.021654435 
714 107 51 61 0.021454614 
309 89 107 119 0.021408886 
663 141 12 16 0.021098118 
790 149 47 56 0.020846024 
19 227 27 35 0.020127378 
351 193 36 37 0.020035759 
