5_Car_Accident_Accident_5_474
110
553 136 17 22 0.9851952 
347 141 16 23 0.98198766 
240 119 22 27 0.97073114 
801 143 18 22 0.58227366 
618 141 21 25 0.4481456 
707 134 21 26 0.39691767 
795 107 42 50 0.3670702 
610 145 20 25 0.35813805 
622 128 16 19 0.33798254 
586 153 15 21 0.27291942 
307 148 11 15 0.27101502 
797 129 31 37 0.20383629 
142 105 11 15 0.17099105 
298 172 17 22 0.15395078 
326 198 17 21 0.11851337 
540 162 14 19 0.117599055 
595 148 19 27 0.11562322 
630 136 19 24 0.11184613 
604 150 17 23 0.108299196 
501 121 15 20 0.09544586 
302 144 12 16 0.09237639 
795 96 33 40 0.08972592 
284 141 10 11 0.08944409 
109 291 17 19 0.08503554 
266 179 16 24 0.07455342 
637 132 16 21 0.073648006 
617 263 10 13 0.06855103 
296 148 12 16 0.066393346 
767 260 13 19 0.06505295 
160 92 43 47 0.06399068 
379 163 14 17 0.059312653 
581 139 22 27 0.059163548 
454 283 22 26 0.056895114 
702 130 18 21 0.05200882 
496 124 22 33 0.050810117 
460 76 27 33 0.0461044 
126 293 13 17 0.04546438 
400 143 9 13 0.04231978 
297 142 11 14 0.04147563 
830 94 31 42 0.040671214 
506 130 13 19 0.03994362 
539 283 12 16 0.039456043 
100 617 27 39 0.038894814 
552 270 11 13 0.03884209 
333 72 18 22 0.038430836 
960 189 8 11 0.03815366 
139 101 20 27 0.03793161 
696 139 12 17 0.037520543 
287 149 11 13 0.036977038 
318 162 12 16 0.03618961 
406 148 9 11 0.034943804 
545 225 22 31 0.034827746 
97 293 26 29 0.034446903 
838 139 16 18 0.032511245 
830 103 46 56 0.03172329 
134 112 15 21 0.031372763 
452 74 24 28 0.031281948 
903 224 10 13 0.03107566 
-2 436 51 81 0.030596685 
146 101 11 15 0.0304867 
172 99 18 19 0.029914413 
567 210 22 29 0.029539967 
301 142 20 26 0.02904085 
876 250 21 27 0.028685726 
200 260 11 15 0.028025752 
804 85 50 61 0.02766157 
633 359 9 12 0.027283486 
469 81 16 21 0.027239047 
314 147 14 18 0.02708265 
649 336 10 11 0.027053354 
494 127 15 23 0.026996221 
94 306 16 19 0.026900308 
164 113 33 37 0.026830459 
186 188 24 31 0.02600552 
300 166 13 18 0.025854908 
252 177 17 23 0.025626091 
340 10 32 39 0.025053991 
605 322 11 17 0.024843622 
373 143 10 12 0.024843525 
65 160 31 37 0.024806136 
454 73 11 15 0.024744332 
499 195 17 21 0.024281878 
244 185 16 19 0.024105536 
703 340 12 15 0.023221605 
804 119 49 60 0.02312879 
594 222 22 28 0.022603966 
490 253 444 508 0.022570765 
124 106 13 16 0.022556335 
814 46 15 17 0.022537192 
483 122 25 36 0.02244103 
286 176 14 20 0.02238831 
377 170 14 17 0.021818597 
555 233 12 18 0.021659864 
406 119 8 11 0.021404983 
314 66 448 507 0.021287292 
835 40 29 35 0.021229472 
836 95 20 25 0.021146787 
817 107 16 18 0.021006111 
837 124 26 33 0.020922922 
246 183 26 30 0.020886015 
174 261 15 17 0.020873846 
88 281 46 52 0.020744503 
500 139 16 22 0.020655777 
322 189 29 31 0.020556532 
637 366 8 10 0.02054116 
145 98 9 13 0.020459225 
325 139 13 18 0.020276947 
203 110 26 35 0.020145603 
951 201 9 11 0.020140275 
839 340 13 16 0.020083478 
