5_Car_Accident_Car_Crash_5_866
47
246 109 51 64 0.7559638 
355 83 71 61 0.56893694 
384 223 46 47 0.25584173 
485 86 35 44 0.22472611 
66 92 60 79 0.15392983 
701 439 41 44 0.12534092 
739 9 56 54 0.08726709 
468 106 84 114 0.08609414 
454 304 89 114 0.070529655 
376 81 42 42 0.06789362 
626 136 33 42 0.057551157 
452 89 45 64 0.049279954 
671 174 18 22 0.0436494 
801 0 41 47 0.040708445 
643 153 13 18 0.03531676 
438 51 85 110 0.034959104 
333 91 64 61 0.034746267 
363 103 40 43 0.03336356 
371 214 42 45 0.033044253 
438 312 77 72 0.029907867 
665 163 26 29 0.029439272 
404 85 54 64 0.02940412 
333 122 52 56 0.028985057 
465 390 36 38 0.028869262 
503 123 79 106 0.028389765 
437 113 48 67 0.028262641 
72 227 43 56 0.027772278 
112 84 50 64 0.027076537 
501 87 27 34 0.026863901 
731 206 24 30 0.026475415 
464 71 50 65 0.024646927 
7 253 28 39 0.024276368 
780 6 47 53 0.023595164 
383 200 42 41 0.023531273 
250 65 57 67 0.02351451 
630 451 68 65 0.023384323 
646 481 64 64 0.0233439 
194 349 48 71 0.023161177 
118 180 54 66 0.022925157 
605 419 48 55 0.022539852 
685 272 52 58 0.021905228 
229 86 51 70 0.0214714 
707 282 32 36 0.021137996 
512 89 17 23 0.020590344 
295 93 33 42 0.02020437 
235 137 34 40 0.020127965 
305 175 39 54 0.020086464 
