5_Car_Accident_Accident_5_515
26
924 476 35 45 0.9799717 
128 380 42 52 0.7390487 
826 215 30 43 0.43622893 
469 208 28 32 0.42995176 
841 216 39 50 0.40732414 
452 208 46 52 0.13740197 
352 595 126 132 0.09787153 
856 237 28 33 0.087214015 
475 194 24 35 0.07522286 
500 209 13 19 0.07479595 
466 191 45 52 0.06265892 
490 197 20 33 0.04769993 
844 201 35 38 0.04624648 
478 192 16 21 0.04503948 
745 589 29 31 0.03236344 
856 201 18 19 0.029794905 
561 523 57 85 0.028755203 
620 460 18 22 0.027638705 
457 202 29 36 0.025729313 
323 428 34 37 0.024821565 
911 468 30 41 0.0246956 
162 482 28 31 0.022697588 
96 391 51 60 0.022165237 
830 217 16 24 0.021860497 
174 489 15 18 0.020560674 
730 202 53 55 0.020464916 
