5_Car_Accident_Accident_5_607
34
244 29 24 30 0.6971077 
107 17 24 31 0.2454781 
468 381 52 64 0.17192335 
76 38 31 34 0.15368497 
534 410 61 77 0.10692291 
217 0 19 19 0.09980546 
339 477 75 58 0.0736363 
431 386 49 62 0.072514296 
509 391 58 78 0.053635754 
489 389 53 69 0.051666234 
238 42 15 18 0.039556503 
119 32 27 39 0.03846808 
691 153 61 87 0.0375746 
326 459 70 59 0.036154795 
555 404 99 85 0.034751013 
94 23 48 64 0.034414247 
440 39 114 142 0.030667445 
21 -56 460 481 0.029440587 
427 396 29 49 0.028822305 
445 -1 441 514 0.027839731 
335 437 31 27 0.0276454 
206 -1 24 22 0.027110243 
653 117 105 148 0.026868703 
489 400 33 42 0.025142374 
597 405 67 49 0.023348367 
7 134 43 79 0.023239026 
203 52 14 18 0.022885991 
254 34 16 21 0.022726722 
453 383 38 49 0.022531709 
510 375 41 56 0.022312757 
460 384 103 102 0.02170173 
410 400 67 71 0.020737458 
622 -37 438 522 0.02065346 
186 0 16 13 0.020259248 
