5_Car_Accident_Car_Crash_5_94
83
247 348 28 41 0.5332239 
517 291 12 15 0.47159204 
625 302 8 9 0.19643703 
265 355 29 34 0.1664449 
550 300 8 10 0.15487355 
629 302 7 10 0.13289933 
583 304 7 8 0.119074345 
454 308 10 13 0.09447901 
625 297 8 10 0.07000159 
589 317 8 10 0.065932356 
651 335 11 14 0.06434685 
607 311 8 9 0.06377097 
585 310 9 12 0.055129748 
524 286 12 15 0.05181973 
609 296 8 9 0.051600993 
535 278 9 11 0.049978398 
589 279 8 10 0.048961718 
576 287 8 10 0.048844825 
534 284 9 12 0.04835949 
545 295 10 12 0.048053663 
586 278 7 10 0.047407262 
748 513 91 99 0.04209992 
574 327 8 11 0.042098034 
569 295 8 10 0.039114013 
617 252 10 11 0.037341636 
549 286 9 10 0.036488008 
449 310 8 11 0.035228796 
441 270 95 118 0.03489265 
645 222 12 15 0.033182856 
93 325 22 28 0.033011936 
437 308 34 45 0.03259626 
544 285 9 12 0.032582257 
577 302 7 10 0.032500032 
234 355 32 40 0.03244116 
609 304 8 10 0.031868003 
574 295 8 10 0.03164776 
533 181 11 12 0.03153884 
570 327 7 10 0.030362314 
764 342 17 19 0.03024973 
582 108 9 10 0.029571079 
543 279 9 10 0.029300466 
608 327 8 9 0.029049532 
460 309 9 12 0.029043104 
653 367 9 12 0.028370788 
478 182 12 14 0.027527222 
514 287 10 14 0.027257545 
560 263 8 9 0.027125472 
616 360 8 11 0.027121294 
620 248 9 11 0.02712103 
254 329 12 15 0.02701136 
606 246 9 11 0.026994783 
601 264 8 9 0.026672345 
568 310 9 10 0.026366912 
482 310 9 10 0.0263131 
606 318 8 10 0.026263952 
615 303 6 9 0.026211042 
527 280 10 12 0.02571567 
449 383 27 31 0.025485344 
591 285 8 10 0.025396781 
567 302 9 10 0.024727905 
647 269 10 12 0.023294767 
584 272 9 10 0.022621946 
808 364 24 36 0.022544963 
560 279 8 10 0.022432718 
544 271 8 9 0.022270793 
629 296 7 10 0.02218532 
577 280 7 9 0.021992622 
56 268 10 13 0.021976052 
367 318 9 11 0.021937042 
245 358 17 24 0.021911513 
930 249 13 17 0.021392364 
57 165 8 11 0.021243606 
590 272 8 10 0.021182474 
526 387 14 17 0.021167358 
631 276 8 12 0.0209073 
197 350 15 19 0.020838965 
602 247 9 10 0.020770257 
311 303 8 10 0.020558732 
847 552 48 55 0.020486815 
613 309 8 10 0.020310517 
591 303 8 9 0.020209566 
801 245 13 18 0.020161157 
569 287 7 9 0.020023417 
