5_Car_Accident_Accident_5_982
37
321 240 45 62 0.9985184 
734 202 44 57 0.9975962 
474 226 42 56 0.9822556 
612 212 13 17 0.33697802 
903 88 29 35 0.07565239 
422 392 24 35 0.052619297 
726 516 87 140 0.051489584 
565 499 18 24 0.0408498 
812 133 14 17 0.04065281 
835 133 16 22 0.03760578 
727 570 50 79 0.03706056 
835 334 18 21 0.034934025 
832 202 14 19 0.034457207 
808 345 46 48 0.034342017 
401 226 24 30 0.032807205 
988 90 14 19 0.03271969 
826 336 30 34 0.031808637 
861 43 11 13 0.030038493 
653 184 12 15 0.029287929 
814 116 13 16 0.028084654 
382 368 23 34 0.027899235 
41 152 458 465 0.027603354 
982 68 12 15 0.026715234 
415 260 13 17 0.024458937 
861 12 10 13 0.02407865 
644 304 96 114 0.023805972 
905 79 45 55 0.023151964 
101 269 96 109 0.023096325 
686 230 31 39 0.023069294 
836 235 17 25 0.022532219 
659 323 58 73 0.022518814 
983 84 23 31 0.022382507 
812 123 14 16 0.020700572 
356 193 46 58 0.020276498 
311 117 13 17 0.020199465 
818 112 16 19 0.020065634 
826 354 18 23 0.020036396 
