5_Car_Accident_Accident_5_340
167
40 219 27 35 0.99869883 
196 234 22 30 0.99831736 
103 211 25 32 0.991771 
268 215 17 21 0.97057694 
344 220 13 17 0.947541 
168 205 17 23 0.9411067 
690 68 23 27 0.9142248 
986 33 24 33 0.8289484 
952 96 31 35 0.6324648 
295 218 12 16 0.61844313 
886 52 16 22 0.5181377 
507 228 32 39 0.50945365 
188 205 11 13 0.3866106 
310 242 10 13 0.3361261 
0 205 10 15 0.2899411 
850 112 18 23 0.22998165 
201 298 16 19 0.20159528 
221 219 17 20 0.19197732 
300 215 11 14 0.18984812 
1 275 32 38 0.16244805 
197 168 14 17 0.14272942 
375 165 9 11 0.13299328 
220 173 13 14 0.13088655 
708 255 47 65 0.11558516 
333 165 9 11 0.11483906 
254 220 11 15 0.114759356 
121 219 16 21 0.1119605 
890 84 14 18 0.1065808 
251 210 13 17 0.10222834 
710 84 11 15 0.09080435 
514 218 47 57 0.08874908 
220 213 15 17 0.07992226 
323 220 11 13 0.0764611 
268 402 51 55 0.07057402 
247 221 11 14 0.070087515 
335 276 11 14 0.06880763 
255 174 9 11 0.06796849 
304 283 12 15 0.06771785 
183 204 12 15 0.063928746 
246 228 9 13 0.06267647 
556 101 13 16 0.062352642 
349 238 11 14 0.05920704 
230 166 14 16 0.05859057 
297 200 9 11 0.056488484 
888 61 17 21 0.054087672 
325 283 13 15 0.05317341 
953 104 38 50 0.05231112 
869 88 12 15 0.051563833 
309 213 10 13 0.05119574 
168 169 9 11 0.05107354 
353 256 8 10 0.050105065 
327 291 12 13 0.049719777 
230 288 16 19 0.049690332 
377 171 10 13 0.049214236 
345 71 9 11 0.04734623 
307 220 12 15 0.04516683 
285 293 13 16 0.044640813 
48 234 24 31 0.044426814 
277 263 11 14 0.043765657 
353 260 9 12 0.04349555 
333 302 11 14 0.042399734 
305 239 11 14 0.042250168 
148 212 14 18 0.04224314 
300 205 11 13 0.041837335 
319 213 13 15 0.04128786 
239 212 13 16 0.039356247 
14 209 12 19 0.039236527 
268 208 14 17 0.037817463 
336 255 8 10 0.037235096 
335 308 12 16 0.036587354 
285 225 13 17 0.03651841 
4 202 13 15 0.036306098 
276 286 14 16 0.03618718 
495 94 9 10 0.036090795 
350 208 9 10 0.035812203 
238 228 13 16 0.03580165 
19 208 16 23 0.035597995 
373 139 11 13 0.03525358 
244 234 11 14 0.035091206 
263 166 12 13 0.034916237 
356 292 10 13 0.03484771 
308 226 12 15 0.034826584 
357 167 8 11 0.03404638 
184 199 19 24 0.033807006 
10 204 13 19 0.033028748 
353 301 10 13 0.03233515 
172 171 10 13 0.0320469 
335 259 10 13 0.032037165 
575 398 35 32 0.03183842 
339 269 12 15 0.03167684 
542 224 32 39 0.03147556 
255 168 10 12 0.030798698 
381 166 9 10 0.030288097 
248 266 13 17 0.03022578 
167 179 13 15 0.02981243 
292 237 12 14 0.029718926 
0 259 13 20 0.029111868 
802 111 9 11 0.028904302 
304 262 10 12 0.028761147 
118 447 9 12 0.02862285 
829 149 14 18 0.028415529 
392 160 9 10 0.027823094 
123 258 25 32 0.027533833 
398 163 10 11 0.02736387 
849 142 11 14 0.02670476 
880 120 10 12 0.026639178 
320 282 12 15 0.026592208 
236 235 13 16 0.026523158 
197 304 16 17 0.026102768 
449 601 28 31 0.025943536 
444 162 13 15 0.02593052 
344 164 10 11 0.025868084 
308 278 12 16 0.025780499 
248 178 12 15 0.025771847 
221 228 16 23 0.02573084 
0 235 13 20 0.02571277 
345 245 9 11 0.025699686 
321 83 10 12 0.025679814 
273 223 14 19 0.025593368 
470 663 10 13 0.025430439 
834 141 12 16 0.025426604 
326 228 10 12 0.025246587 
711 89 12 17 0.025211612 
423 163 11 14 0.025060669 
148 202 14 18 0.024866523 
284 234 14 18 0.0245075 
250 172 10 13 0.02431285 
254 212 21 27 0.024306815 
303 289 13 15 0.024035603 
21 176 13 16 0.023846367 
62 219 25 33 0.023684323 
310 261 9 11 0.023619387 
789 122 11 14 0.023506736 
366 79 9 11 0.023467284 
350 166 9 10 0.0234431 
288 217 21 26 0.023435332 
304 208 20 24 0.023412934 
383 160 9 11 0.023197183 
324 79 12 13 0.023162818 
288 220 12 16 0.022955094 
330 307 22 28 0.022780567 
211 224 20 27 0.022689382 
804 133 11 12 0.022536246 
981 18 39 55 0.022523474 
238 220 13 16 0.022122253 
131 218 14 20 0.021962417 
422 178 12 13 0.021908022 
639 82 11 14 0.021887882 
341 254 9 10 0.021670245 
329 299 11 14 0.021571983 
-1 202 18 28 0.02152768 
672 92 11 15 0.021493953 
352 269 10 13 0.02137632 
490 618 16 18 0.021359427 
329 260 10 12 0.020994622 
339 314 11 14 0.020810246 
165 269 15 19 0.02054825 
352 117 11 13 0.02054658 
405 136 9 12 0.020358926 
301 332 9 14 0.02032708 
487 132 10 13 0.02032355 
270 230 13 18 0.020304542 
148 301 11 13 0.020252196 
846 101 11 14 0.020181777 
270 260 23 27 0.020156043 
294 268 11 14 0.020106299 
57 248 16 20 0.020018864 
