5_Car_Accident_Accident_5_948
32
664 141 23 27 0.4998826 
695 286 13 19 0.11311906 
341 286 23 28 0.106686816 
278 238 491 529 0.08855468 
687 184 11 12 0.083747655 
10 170 25 32 0.06487452 
20 177 16 19 0.061597455 
656 182 10 11 0.05945944 
636 134 9 11 0.04044579 
692 188 9 11 0.039983697 
682 189 8 11 0.034561604 
715 164 11 13 0.029743627 
682 183 9 12 0.029655673 
647 165 10 14 0.029540125 
655 141 11 15 0.028894767 
652 156 12 17 0.028051365 
151 243 80 117 0.02773796 
533 362 26 30 0.027337061 
702 277 12 15 0.026823137 
524 414 46 54 0.026536696 
654 149 12 17 0.025723165 
631 127 10 11 0.025681634 
266 309 17 22 0.02556778 
708 286 12 15 0.025122114 
260 310 15 20 0.024528254 
656 136 37 48 0.024043841 
703 161 10 13 0.023823382 
700 368 34 44 0.023358203 
507 432 26 30 0.023022603 
256 310 10 13 0.022484476 
635 191 13 15 0.021815602 
710 126 12 14 0.021768082 
