5_Car_Accident_Accident_5_510
169
277 272 34 42 0.95607424 
579 463 37 55 0.9452171 
389 239 26 34 0.9443972 
195 291 36 42 0.94102097 
343 210 28 32 0.93358576 
51 244 40 57 0.76900816 
242 251 27 32 0.76174796 
317 281 29 35 0.7228088 
563 679 351 445 0.5079546 
416 239 31 36 0.28770074 
433 241 28 37 0.20853935 
342 999 11 14 0.18944132 
85 234 45 58 0.18831965 
88 276 35 41 0.1725728 
377 1017 10 13 0.17032117 
439 449 49 70 0.16369073 
237 239 26 32 0.14118715 
419 254 23 29 0.12568296 
360 989 10 11 0.114960015 
687 776 210 293 0.106086195 
515 228 17 20 0.103836164 
4 813 10 12 0.103733025 
450 457 445 456 0.10061695 
540 244 15 17 0.09381672 
353 383 15 20 0.09256058 
542 958 13 15 0.08224296 
380 436 111 155 0.07350212 
104 716 69 77 0.06782138 
372 244 24 32 0.066725746 
376 237 12 17 0.066427164 
289 256 25 32 0.066161335 
305 276 29 37 0.06529847 
420 237 20 23 0.064511426 
287 1009 11 13 0.061455205 
352 288 16 23 0.06139912 
508 557 50 57 0.060928773 
526 974 11 13 0.060737107 
577 530 221 331 0.059322234 
475 252 27 46 0.05825839 
574 451 11 16 0.057427507 
218 1163 46 65 0.057012506 
113 232 40 51 0.05695573 
268 276 26 33 0.05556844 
701 269 15 17 0.05341781 
47 604 13 17 0.052259 
549 964 10 11 0.051306896 
45 44 11 15 0.047718093 
672 451 50 57 0.0473606 
188 619 189 229 0.046824243 
537 958 10 12 0.046738382 
366 1223 9 11 0.046636913 
507 224 28 32 0.046383586 
490 459 39 52 0.045962986 
293 984 105 150 0.04506683 
74 255 32 49 0.044947952 
577 294 361 448 0.043412775 
301 -22 401 448 0.042315055 
725 256 12 15 0.039881054 
762 228 22 25 0.03983583 
190 243 17 20 0.038985405 
876 1081 16 20 0.03770128 
575 455 29 42 0.03641609 
1006 726 11 16 0.036287062 
884 1220 24 30 0.035172805 
887 827 30 35 0.035083212 
274 256 24 31 0.034766547 
306 262 19 21 0.034611277 
205 230 12 14 0.034493417 
700 246 10 14 0.034452066 
332 256 23 25 0.0341979 
261 283 15 20 0.03389448 
416 459 66 98 0.033883438 
535 952 9 10 0.03368869 
452 242 39 49 0.033571105 
335 1015 9 12 0.033402216 
509 159 20 27 0.0330716 
365 253 25 33 0.032190982 
594 466 46 56 0.031923734 
73 718 60 66 0.031703904 
68 1253 15 21 0.031468753 
612 940 12 13 0.03143921 
0 10 11 16 0.03131786 
4 4 13 17 0.030973554 
440 645 55 60 0.030379768 
882 779 51 59 0.03024867 
111 704 110 126 0.030248007 
36 1292 12 16 0.030196415 
506 1004 8 10 0.029135412 
445 238 30 39 0.02903428 
427 295 20 22 0.028645197 
299 249 26 30 0.028258227 
365 256 16 20 0.02798096 
15 790 12 15 0.027939243 
158 261 13 18 0.027811965 
559 1093 10 12 0.027753903 
574 861 16 18 0.027515678 
533 972 13 15 0.027292531 
282 248 24 29 0.02686903 
999 734 11 14 0.026864393 
306 273 18 24 0.02635795 
152 254 41 49 0.026104063 
247 271 28 34 0.025749847 
628 78 26 30 0.02567876 
423 1216 6 8 0.025304006 
300 237 25 28 0.02523379 
419 1002 24 29 0.024889616 
382 300 20 27 0.024759512 
13 877 9 13 0.02472142 
554 1008 11 14 0.024643002 
47 31 10 12 0.024309417 
302 235 16 18 0.024123553 
372 233 23 28 0.024102967 
263 252 24 32 0.023948068 
262 643 125 146 0.023909437 
965 1084 14 20 0.02388014 
700 263 25 29 0.023814501 
411 318 30 45 0.023685291 
911 1084 12 15 0.023682604 
478 245 12 16 0.023618815 
242 228 27 29 0.023350775 
636 461 47 55 0.0231704 
446 221 12 15 0.023049813 
1013 713 11 17 0.022940982 
18 718 25 30 0.022882279 
354 222 26 33 0.022872688 
627 1148 238 251 0.022850392 
237 252 18 24 0.022777563 
342 1216 7 8 0.022721907 
805 1000 25 33 0.02265016 
528 951 9 9 0.022467429 
103 283 37 37 0.022117104 
348 1003 9 12 0.022102641 
480 93 12 14 0.022060024 
999 703 20 33 0.022038529 
568 965 12 12 0.02195661 
559 434 48 66 0.021844802 
102 881 15 20 0.021752391 
280 298 27 32 0.02167929 
615 461 44 56 0.021656364 
91 541 10 12 0.02164101 
140 477 341 462 0.021628596 
388 229 16 19 0.021561539 
748 920 31 39 0.021542836 
178 243 23 28 0.021519132 
399 1206 7 9 0.021266336 
236 235 18 21 0.02120465 
396 274 14 21 0.021190152 
548 236 14 16 0.021154854 
509 1000 11 13 0.021100368 
302 307 13 18 0.021073684 
285 309 16 20 0.020932017 
895 1216 27 32 0.020879341 
218 292 29 37 0.020822672 
276 251 15 18 0.020700686 
303 1005 9 12 0.02067504 
473 981 411 492 0.020542968 
394 264 25 33 0.02045765 
410 261 28 32 0.020311614 
710 258 23 30 0.020274274 
267 282 16 22 0.02020378 
924 1099 12 17 0.020187134 
595 654 17 22 0.02017544 
457 260 54 51 0.020166399 
374 1010 20 24 0.020147942 
67 233 29 46 0.020126972 
535 964 14 16 0.020126343 
768 809 18 18 0.020124227 
291 244 16 19 0.02010986 
492 544 88 98 0.02009751 
