5_Car_Accident_Accident_5_177
251
906 160 16 19 0.9733098 
749 184 17 21 0.9670854 
696 197 18 24 0.9592273 
989 188 16 22 0.94492036 
597 129 15 19 0.9399464 
394 208 17 21 0.9367671 
834 217 22 25 0.93123764 
301 209 20 23 0.9057529 
892 215 18 22 0.8919959 
808 271 24 32 0.87766194 
870 254 23 28 0.8499663 
639 232 14 23 0.7293903 
973 210 21 28 0.658493 
912 242 17 23 0.62455535 
852 337 34 48 0.54002863 
879 257 22 28 0.49823397 
797 131 11 14 0.48733285 
832 325 23 35 0.44332215 
881 181 14 18 0.42246202 
675 207 19 22 0.41472372 
671 125 14 18 0.3689644 
682 179 13 17 0.28080273 
685 199 21 26 0.2782696 
799 183 25 28 0.25788206 
886 259 25 34 0.24918868 
797 215 16 24 0.222558 
672 216 22 30 0.21417417 
644 233 19 24 0.19010745 
795 289 26 35 0.18020643 
377 284 11 14 0.16258612 
623 97 11 15 0.14864199 
788 216 20 28 0.14437014 
834 328 38 48 0.14240962 
899 192 18 20 0.1367582 
765 223 22 28 0.12876895 
771 252 14 18 0.11812446 
437 392 17 18 0.10747452 
893 265 29 39 0.10419285 
691 420 10 13 0.10355565 
743 225 13 18 0.09849585 
775 222 23 28 0.09816461 
760 186 14 18 0.09698453 
348 267 10 12 0.09535012 
794 241 16 21 0.0940852 
618 276 15 19 0.084636696 
368 194 13 16 0.08377637 
261 148 13 15 0.08191182 
977 203 16 22 0.080480285 
231 142 10 11 0.07445221 
545 352 21 32 0.07244651 
781 180 11 16 0.070765324 
678 79 7 10 0.069381595 
888 184 20 25 0.06818315 
696 118 8 11 0.06658537 
896 203 21 26 0.06538227 
354 242 15 18 0.06478979 
688 431 9 10 0.06322612 
691 177 12 17 0.06117312 
233 148 10 12 0.059734028 
787 230 21 26 0.058674153 
675 117 15 18 0.058270905 
248 131 11 13 0.057936464 
773 238 22 26 0.05764229 
757 221 20 27 0.057291355 
923 277 23 29 0.057268046 
805 268 16 25 0.056401134 
999 188 15 19 0.055746235 
663 125 11 15 0.054179445 
650 186 15 18 0.053411234 
733 436 19 21 0.052076694 
725 187 15 20 0.050848596 
904 251 24 30 0.050421875 
340 220 11 15 0.049776692 
457 200 24 27 0.049312122 
979 214 23 31 0.048781674 
493 332 14 19 0.048746485 
254 130 13 14 0.047844294 
352 295 11 16 0.047625277 
591 105 12 15 0.047239777 
255 136 24 29 0.047194928 
621 78 9 11 0.046335924 
568 277 11 13 0.0452198 
905 265 17 23 0.044311956 
772 407 25 35 0.044115238 
672 71 9 11 0.043581255 
521 318 18 22 0.04318837 
883 189 16 21 0.042924535 
996 270 18 23 0.042516254 
680 165 12 15 0.04101321 
236 122 38 50 0.040810436 
906 266 27 34 0.040611863 
632 218 24 32 0.04059291 
341 215 12 14 0.04029822 
614 106 13 17 0.03979544 
865 350 19 29 0.039764296 
647 558 12 12 0.0395836 
993 193 17 23 0.03936594 
466 219 12 16 0.038449544 
464 210 14 16 0.03837229 
587 251 13 16 0.038342636 
542 351 14 19 0.0382889 
675 493 20 21 0.037458308 
890 180 14 17 0.037253845 
674 82 11 15 0.037050076 
590 200 13 15 0.03697467 
906 200 16 23 0.03654811 
667 180 14 20 0.036458943 
658 234 14 20 0.03638406 
259 133 13 16 0.03608393 
615 324 15 20 0.035684958 
635 181 15 17 0.03560514 
667 194 16 20 0.035372224 
703 282 12 15 0.035236917 
450 387 15 18 0.034573656 
428 394 16 20 0.03389526 
670 224 15 23 0.033699717 
93 96 10 12 0.033564113 
905 211 16 22 0.0330729 
628 116 10 14 0.03245389 
831 344 51 60 0.031991694 
831 258 23 32 0.031959463 
61 6 10 11 0.031915147 
342 423 11 15 0.031900834 
679 73 7 9 0.031701878 
-24 165 456 517 0.031661164 
825 275 23 31 0.031541754 
792 250 22 31 0.031454924 
687 582 32 30 0.031349614 
678 110 12 14 0.031182004 
532 364 28 38 0.030905573 
581 252 14 19 0.030677306 
304 193 22 28 0.030575592 
601 194 15 16 0.03056252 
677 195 17 22 0.0305242 
269 140 11 14 0.030524094 
208 136 7 9 0.030416261 
614 240 20 28 0.030333173 
430 233 14 18 0.030209921 
277 140 8 12 0.029897686 
514 237 14 17 0.029842831 
758 209 13 18 0.029636385 
510 257 14 18 0.02946894 
236 142 9 13 0.029267741 
792 128 12 15 0.028970113 
379 287 15 18 0.028766474 
661 184 15 20 0.028665373 
371 313 57 65 0.028634375 
133 66 10 11 0.028267708 
311 358 10 12 0.027991353 
919 246 18 23 0.027707016 
595 102 11 14 0.02750225 
672 205 14 17 0.0273695 
996 226 27 34 0.02736816 
288 152 9 12 0.02707365 
88 96 10 12 0.02681778 
629 109 9 14 0.026687613 
733 551 18 21 0.026558384 
898 224 21 28 0.026543545 
646 181 13 16 0.0265078 
779 248 14 19 0.026494883 
912 322 42 50 0.026454218 
724 200 14 18 0.026187092 
671 164 10 14 0.026100764 
510 317 15 19 0.025936073 
849 314 41 51 0.025894886 
829 322 17 27 0.025885666 
897 348 44 54 0.025821531 
701 116 9 13 0.02579742 
423 305 38 43 0.025763428 
645 77 8 11 0.025604704 
643 219 18 22 0.025492508 
237 127 9 11 0.025475001 
640 193 27 32 0.02546722 
616 212 21 29 0.025449982 
680 230 17 24 0.025388975 
798 276 16 25 0.025303647 
263 254 11 15 0.025068674 
734 644 14 17 0.024978956 
584 248 10 13 0.024927024 
919 288 24 33 0.024886575 
888 283 31 36 0.024866221 
549 363 25 32 0.024747934 
642 78 7 10 0.024731211 
228 126 21 27 0.024702102 
630 234 19 28 0.024568152 
729 191 16 22 0.024537612 
661 203 12 17 0.024437949 
365 221 13 17 0.024359401 
481 212 13 16 0.024316415 
320 234 13 17 0.02428375 
615 94 20 25 0.024273284 
798 136 13 16 0.02416289 
245 139 13 16 0.024001839 
646 174 12 14 0.023767292 
622 105 12 17 0.023467718 
762 211 15 19 0.02346718 
353 237 11 16 0.02345654 
323 196 13 18 0.023414765 
632 186 13 16 0.023366423 
588 194 25 27 0.0233626 
702 422 11 12 0.023331635 
1001 276 20 24 0.023262948 
626 153 15 16 0.023235474 
226 140 8 10 0.02321084 
587 332 11 15 0.023076514 
629 589 15 17 0.023065498 
650 229 16 20 0.023049658 
695 122 10 15 0.022924123 
687 249 13 16 0.022851756 
244 125 24 28 0.022836437 
809 181 18 21 0.022726217 
631 185 26 30 0.022486791 
486 335 16 19 0.022483502 
575 197 10 14 0.022381423 
401 203 18 22 0.022266723 
797 194 23 29 0.02220389 
687 414 11 15 0.022130502 
334 224 14 18 0.022100266 
575 188 11 13 0.021942288 
323 524 13 18 0.0219268 
278 156 11 13 0.021801168 
314 192 21 27 0.02173326 
764 413 25 38 0.02171163 
561 253 10 13 0.021684678 
128 93 9 11 0.021572115 
498 436 58 105 0.021527499 
582 231 10 13 0.0214997 
983 224 26 34 0.021384444 
485 321 24 31 0.021338053 
287 347 12 17 0.021250738 
279 276 12 15 0.021237776 
679 167 22 28 0.021076908 
388 501 11 13 0.021042204 
733 427 33 37 0.020988815 
499 262 31 35 0.02092269 
914 202 14 21 0.020914592 
821 329 28 41 0.020912688 
551 307 13 17 0.020734385 
440 389 23 26 0.020700557 
118 127 10 13 0.02065899 
128 68 12 12 0.020655908 
156 119 422 481 0.020479098 
269 330 16 19 0.02046766 
508 302 28 34 0.020358268 
231 127 10 14 0.020354219 
682 122 12 19 0.020306885 
686 117 10 14 0.020301284 
615 71 12 15 0.02027522 
576 330 12 15 0.020246947 
654 187 24 28 0.020114042 
420 279 15 16 0.020020388 
