5_Car_Accident_Accident_5_633
82
242 278 16 25 0.9371375 
490 276 33 44 0.93174464 
103 78 57 108 0.80241203 
451 458 82 72 0.6810193 
617 298 43 54 0.5723504 
323 826 16 21 0.44831228 
161 284 18 24 0.3915453 
667 368 38 39 0.34922296 
815 319 9 12 0.2869797 
297 831 18 21 0.2524352 
510 436 54 61 0.17159393 
535 507 95 116 0.16673857 
641 217 33 48 0.13448536 
919 345 23 28 0.12882487 
504 271 39 49 0.12729324 
82 122 69 81 0.12361534 
552 263 22 31 0.12201993 
302 805 10 13 0.109144814 
801 327 8 11 0.103428945 
255 468 41 52 0.09759395 
161 409 14 15 0.08580041 
291 841 469 584 0.08308967 
432 809 54 70 0.08283467 
821 338 11 15 0.079060934 
894 351 14 19 0.059942357 
805 328 8 11 0.057993792 
0 145 12 23 0.05302945 
345 819 11 15 0.051828817 
386 298 12 14 0.05055953 
308 971 66 56 0.0503328 
523 268 29 43 0.045443323 
534 264 29 39 0.0426348 
562 269 16 23 0.039007157 
477 432 80 86 0.03894918 
323 938 58 59 0.03830113 
572 483 107 131 0.036392715 
220 249 12 17 0.035373807 
471 399 94 85 0.03488663 
305 828 15 20 0.034727383 
854 327 11 11 0.03440656 
56 76 82 118 0.03435574 
486 256 30 47 0.0321742 
943 566 63 81 0.031012608 
256 882 17 22 0.030883074 
592 282 45 62 0.030826367 
294 806 23 27 0.03080942 
299 820 15 18 0.029384129 
492 274 17 25 0.02808093 
654 526 23 28 0.028014898 
613 289 33 42 0.02792666 
635 289 29 47 0.027239665 
783 331 9 11 0.027069114 
285 830 14 17 0.027063528 
444 372 70 55 0.026893683 
534 439 84 106 0.026827984 
906 347 24 29 0.026603732 
942 369 35 39 0.026572837 
820 345 14 18 0.02624719 
218 259 14 20 0.026096327 
793 318 8 10 0.025744038 
546 552 67 85 0.02526754 
198 847 56 62 0.024978213 
386 604 18 23 0.024835825 
469 456 103 118 0.024113744 
271 329 15 18 0.023831623 
319 822 14 19 0.023711098 
541 262 39 52 0.023528118 
307 1092 58 74 0.022839705 
571 273 13 19 0.022704458 
150 289 15 19 0.022550872 
663 279 38 58 0.022524294 
849 327 10 11 0.022398453 
855 320 9 11 0.022192154 
318 909 67 67 0.0217885 
148 284 25 34 0.021417439 
323 39 108 140 0.021344582 
92 155 39 44 0.021058246 
440 861 52 66 0.02088442 
799 321 8 10 0.020714197 
330 823 14 19 0.020620149 
516 390 65 77 0.020299302 
235 638 56 67 0.02006034 
