5_Car_Accident_Accident_5_234
459
657 487 21 27 0.9685569 
450 338 17 21 0.8429627 
581 537 17 21 0.74296564 
472 329 17 19 0.7400533 
885 289 12 14 0.7155203 
808 235 10 13 0.70859534 
867 352 15 18 0.6710598 
421 508 17 22 0.637568 
417 402 18 20 0.6075757 
812 235 12 13 0.4978627 
806 315 18 20 0.48930007 
775 232 10 13 0.40232596 
800 257 13 16 0.38064674 
347 427 16 19 0.35639277 
852 191 13 18 0.3550291 
270 390 17 20 0.3528393 
226 410 15 17 0.34235123 
430 588 23 32 0.34003568 
380 318 10 14 0.33895975 
355 377 18 21 0.31993046 
598 564 20 28 0.3107194 
414 316 11 14 0.30731758 
18 574 25 27 0.30697447 
728 42 12 14 0.27356687 
410 347 13 16 0.27195495 
467 180 12 16 0.2717895 
242 384 16 21 0.26370308 
163 421 20 30 0.2578696 
199 394 14 17 0.24177131 
783 293 13 18 0.22903205 
820 235 10 12 0.20309956 
496 167 8 10 0.1782892 
343 335 11 13 0.17468037 
913 107 11 13 0.16952376 
868 268 13 17 0.16778748 
560 150 8 9 0.16583085 
791 103 10 11 0.1635649 
782 208 9 11 0.1618614 
823 545 42 48 0.14821793 
595 551 24 29 0.14705302 
774 192 8 11 0.13744101 
178 424 21 28 0.13420516 
792 187 11 13 0.1340547 
552 169 10 12 0.13119623 
341 286 11 13 0.13047951 
757 220 10 14 0.12666985 
321 433 18 21 0.12574689 
205 401 12 16 0.12156003 
770 173 8 11 0.12020232 
73 563 24 30 0.119356595 
352 414 25 33 0.11675932 
324 327 10 12 0.116391286 
425 271 10 14 0.11369443 
649 161 8 10 0.11230757 
585 127 9 11 0.11174143 
873 347 14 20 0.11104216 
774 276 16 19 0.10855548 
275 398 16 19 0.10709332 
855 236 10 14 0.10703216 
588 540 24 27 0.10511363 
339 372 12 15 0.10484716 
405 352 17 18 0.10355591 
501 166 8 11 0.102077 
407 340 14 18 0.10085162 
894 348 15 17 0.10029076 
340 345 13 18 0.0933767 
239 378 16 19 0.09272905 
121 478 21 34 0.09246497 
802 645 24 30 0.09227454 
246 418 13 17 0.089016184 
870 260 14 17 0.087483674 
439 168 10 13 0.08578139 
761 204 9 12 0.08365779 
797 205 10 12 0.082183026 
367 327 12 14 0.08181185 
83 450 18 21 0.08178635 
496 162 8 9 0.08134433 
382 438 15 23 0.08108329 
666 127 7 9 0.08025835 
663 428 43 45 0.080174804 
560 145 7 9 0.07948943 
356 363 15 19 0.07929909 
350 278 9 12 0.07920991 
356 309 11 14 0.077526696 
641 127 7 9 0.07259527 
377 313 10 12 0.07231123 
375 360 11 13 0.07219237 
810 77 9 11 0.07185766 
69 563 17 22 0.07014519 
420 430 17 21 0.06951847 
730 491 39 51 0.069201194 
814 277 10 14 0.06690734 
672 114 6 9 0.06645295 
330 406 13 16 0.0663269 
822 530 31 44 0.0660147 
397 349 12 15 0.06538839 
769 190 9 12 0.06521213 
490 168 8 9 0.06384733 
502 161 7 9 0.0637472 
360 293 9 12 0.063259825 
359 273 10 12 0.063136406 
769 155 8 12 0.063036025 
422 372 12 14 0.06245146 
806 278 11 13 0.062072705 
581 158 8 10 0.061865192 
783 84 9 12 0.06077835 
338 353 14 18 0.06061504 
765 113 8 10 0.060352404 
771 648 28 32 0.059892427 
264 560 24 32 0.058987178 
305 480 19 24 0.058946356 
190 395 13 16 0.05844551 
413 322 12 15 0.058280263 
798 210 11 15 0.058268458 
773 181 9 12 0.058237873 
552 144 7 9 0.057989806 
213 403 11 16 0.057883088 
126 476 13 20 0.05785619 
797 562 16 22 0.057247475 
804 537 13 19 0.057009753 
415 377 12 16 0.056914482 
426 500 18 23 0.056797296 
795 524 23 39 0.056774244 
334 348 14 17 0.056182064 
413 286 9 12 0.055741087 
749 332 16 19 0.05505922 
768 150 8 12 0.054082826 
239 391 15 20 0.054040518 
417 406 24 32 0.053975962 
625 127 6 8 0.053557716 
135 539 27 30 0.053123366 
88 456 20 20 0.053030387 
576 143 7 9 0.052652564 
771 265 16 18 0.0523509 
626 175 9 12 0.05218769 
792 196 12 14 0.0520573 
646 126 8 9 0.051780786 
546 150 8 10 0.05134026 
368 348 9 12 0.051332343 
859 368 13 17 0.05084642 
846 216 9 12 0.050820637 
777 213 10 13 0.050337825 
145 416 16 20 0.05029541 
855 185 10 13 0.049986277 
544 145 7 9 0.049402066 
375 322 10 15 0.04936983 
400 354 12 15 0.04895169 
812 259 12 17 0.04890368 
867 291 12 14 0.04796577 
777 101 8 11 0.047397487 
518 184 8 11 0.047302984 
204 381 11 13 0.046782978 
753 215 9 13 0.0467563 
751 120 8 10 0.04672222 
860 236 11 15 0.046067648 
804 515 37 49 0.04580876 
798 173 10 11 0.04573826 
338 363 14 18 0.045667924 
122 441 18 24 0.045606587 
334 312 10 11 0.04514112 
784 103 9 12 0.044965304 
608 164 10 12 0.044779833 
618 625 27 47 0.044423535 
789 85 10 12 0.044199344 
421 378 12 15 0.044103526 
370 422 22 33 0.043544028 
341 378 12 16 0.04346145 
354 465 17 20 0.043310445 
850 236 10 15 0.043150906 
22 562 28 33 0.043144155 
186 421 17 20 0.043139637 
405 290 11 14 0.043129995 
768 230 11 15 0.043091487 
720 354 15 17 0.042873666 
753 79 6 9 0.042868517 
429 342 12 14 0.042825557 
593 533 16 20 0.042625636 
550 150 8 11 0.042382628 
767 198 9 11 0.042342182 
679 118 7 9 0.04225902 
876 333 12 15 0.041763097 
778 87 8 10 0.041731182 
400 287 11 12 0.041465443 
862 111 11 11 0.041453637 
788 342 25 29 0.041369986 
846 176 8 10 0.041327406 
682 126 8 11 0.041244566 
768 136 7 9 0.04098338 
769 259 13 17 0.040710084 
263 388 15 18 0.040622447 
320 328 11 16 0.04012662 
791 203 11 14 0.039943255 
899 353 14 18 0.039896656 
445 168 8 11 0.039702892 
395 315 13 16 0.039702456 
783 190 9 12 0.039549176 
778 207 9 12 0.03936062 
455 168 7 9 0.039347656 
102 482 27 37 0.03895831 
803 263 15 18 0.03876277 
275 380 16 19 0.03872042 
711 528 27 37 0.038510893 
486 362 16 22 0.038305685 
121 424 20 26 0.038126305 
411 332 14 17 0.0377125 
260 449 22 25 0.0376417 
796 320 19 21 0.03760249 
904 285 10 13 0.03759359 
393 347 11 15 0.03759317 
409 325 9 13 0.037338305 
464 176 11 14 0.037320245 
513 184 9 11 0.037233952 
840 176 10 12 0.03693187 
350 327 9 12 0.0368836 
794 181 13 15 0.036882535 
809 72 9 11 0.036566015 
790 210 11 15 0.03646197 
262 567 43 53 0.036185168 
795 548 24 38 0.03594486 
686 80 7 9 0.035883304 
53 433 21 27 0.035728704 
799 168 8 10 0.035677414 
779 272 23 28 0.035674892 
618 127 7 9 0.035584256 
336 291 10 14 0.03527236 
337 366 21 25 0.035243288 
697 112 7 9 0.03523215 
747 491 39 55 0.034854878 
426 367 16 19 0.034647156 
856 112 10 12 0.03458051 
745 56 9 12 0.034333523 
92 490 38 50 0.034295447 
147 421 24 29 0.034232624 
820 177 187 228 0.03411111 
821 182 8 10 0.033833537 
792 174 9 11 0.033491835 
744 135 8 10 0.033441804 
845 159 8 11 0.03343023 
833 197 9 11 0.033360645 
372 332 11 15 0.0333578 
241 474 24 30 0.03329923 
687 62 8 11 0.0332264 
759 103 7 9 0.03305747 
731 250 12 18 0.032892622 
408 402 14 19 0.032723933 
837 197 9 12 0.032634236 
810 83 13 15 0.032622896 
613 159 11 13 0.032365184 
863 105 10 10 0.032353062 
346 340 11 16 0.032303806 
870 243 15 17 0.032089654 
398 244 11 13 0.031972334 
427 279 15 18 0.031855147 
795 101 11 13 0.0318067 
806 241 12 16 0.03175353 
583 142 8 10 0.031725097 
545 157 8 9 0.031684637 
577 151 8 10 0.031645585 
528 174 8 11 0.03134144 
547 576 42 45 0.031305593 
251 385 13 19 0.031293035 
602 160 9 11 0.031224763 
866 283 14 17 0.031146854 
847 181 9 11 0.03114291 
351 372 15 20 0.031034896 
753 104 7 9 0.030940838 
790 354 15 22 0.030797217 
250 411 15 20 0.03075709 
12 576 18 24 0.030732242 
331 322 13 15 0.030576635 
788 290 24 29 0.030367592 
229 396 14 18 0.0303183 
396 324 13 16 0.030220065 
544 193 8 9 0.030063745 
434 168 9 11 0.030023174 
520 159 7 9 0.03001215 
542 489 15 20 0.029893592 
544 173 10 14 0.029824348 
833 192 8 10 0.029617894 
179 491 38 47 0.029343955 
728 95 7 9 0.029292103 
601 541 16 19 0.029221453 
670 127 7 10 0.029180037 
774 137 8 9 0.02894485 
629 614 25 37 0.02894387 
712 39 9 10 0.028836021 
608 568 17 24 0.02876368 
77 447 17 21 0.028701095 
275 408 15 21 0.028649935 
356 356 13 18 0.028545953 
430 264 9 12 0.028510202 
797 389 11 16 0.028497051 
360 407 26 36 0.028419858 
490 161 7 9 0.028238961 
642 552 13 17 0.028070068 
204 408 14 19 0.027898788 
270 410 13 18 0.027880665 
768 180 9 12 0.027672833 
567 144 6 9 0.027619941 
872 252 17 20 0.027586337 
377 272 9 12 0.027560402 
421 175 8 10 0.027559603 
772 155 11 13 0.027535364 
760 191 8 11 0.027529232 
772 167 9 12 0.027422668 
388 302 11 13 0.027343128 
839 265 12 16 0.027333086 
759 224 12 18 0.02703247 
425 398 17 23 0.0269162 
873 96 8 10 0.026840022 
422 340 12 16 0.0268021 
704 55 8 10 0.026624046 
798 158 8 11 0.02662292 
697 47 8 10 0.026603777 
347 346 13 18 0.026595492 
726 246 13 17 0.02658267 
65 482 17 26 0.026549773 
366 339 13 18 0.026484665 
571 523 15 19 0.026473094 
234 411 14 19 0.02634273 
794 151 7 10 0.02632664 
863 298 12 16 0.026241815 
719 507 37 46 0.026205098 
878 96 9 11 0.026165593 
773 656 15 22 0.02607939 
117 446 17 21 0.02602775 
863 134 9 11 0.02602498 
245 213 27 33 0.025993485 
635 535 21 27 0.025919816 
420 331 13 16 0.025910739 
308 227 12 13 0.025885839 
136 420 24 30 0.025849855 
791 191 19 25 0.025786169 
375 302 10 11 0.02566676 
776 143 8 10 0.025660992 
502 171 8 11 0.025646351 
334 301 10 11 0.025505591 
265 444 18 19 0.025487203 
299 413 13 17 0.025389312 
112 414 21 26 0.025335526 
194 426 15 19 0.025287066 
425 265 9 12 0.025268214 
838 191 9 12 0.02506025 
390 325 11 14 0.025031 
400 271 8 11 0.025001496 
626 111 7 10 0.024987493 
457 330 19 25 0.02497475 
798 86 12 14 0.024935372 
760 167 8 10 0.024934573 
744 120 8 9 0.024845403 
36 591 27 38 0.024828989 
428 356 13 16 0.02474218 
527 159 7 9 0.024738993 
752 183 8 10 0.024688398 
364 272 10 12 0.024407737 
596 525 15 17 0.024402922 
416 278 10 13 0.02438895 
360 286 10 13 0.024357656 
590 131 8 10 0.024201144 
774 220 13 17 0.024135426 
587 237 23 27 0.024114119 
746 79 7 9 0.024101902 
865 254 11 14 0.024086766 
581 152 8 10 0.024034806 
635 547 22 28 0.023930144 
560 564 42 45 0.023922576 
772 255 12 15 0.023895074 
707 506 31 42 0.023850907 
131 476 24 38 0.023823272 
761 118 9 11 0.02381093 
350 473 13 18 0.023748182 
774 71 8 10 0.023601934 
821 520 15 23 0.023595242 
427 378 13 16 0.023568539 
874 205 14 15 0.02353149 
752 124 7 10 0.023363128 
631 119 8 11 0.023362461 
58 426 17 20 0.023336219 
912 95 10 12 0.023268672 
799 79 9 11 0.023260357 
360 331 11 14 0.02324375 
665 164 9 11 0.023218112 
886 261 12 15 0.02321289 
865 260 12 17 0.023185097 
196 418 16 21 0.02312319 
763 662 28 34 0.023120543 
336 333 11 15 0.023098586 
577 135 8 10 0.023059748 
803 323 18 23 0.023056412 
695 136 7 9 0.02301388 
812 521 15 23 0.023003258 
895 268 11 13 0.022996765 
782 198 10 12 0.022928761 
211 419 14 19 0.022884084 
728 102 8 10 0.022872811 
780 150 8 10 0.022825114 
781 91 11 14 0.02278923 
230 375 12 15 0.022782706 
409 316 10 15 0.022751966 
760 127 7 9 0.022716748 
713 70 8 10 0.022715395 
884 346 14 20 0.022692608 
805 88 14 18 0.02257202 
998 688 14 16 0.022524983 
837 206 9 12 0.022481602 
752 206 9 13 0.022474395 
663 628 26 34 0.022419041 
649 470 38 46 0.02239713 
779 520 24 39 0.022391444 
353 304 18 23 0.022381479 
582 552 39 45 0.02236353 
36 559 23 32 0.022298923 
37 521 26 33 0.022260757 
812 252 13 16 0.02218415 
793 329 25 31 0.022167765 
220 397 15 18 0.022127822 
429 495 14 17 0.022054274 
460 404 15 20 0.021999398 
725 36 19 24 0.021978129 
205 418 13 19 0.021955185 
774 150 10 11 0.021815028 
747 518 25 33 0.021738755 
791 94 11 14 0.02172376 
251 451 25 31 0.02172095 
758 80 7 9 0.02171524 
457 182 8 11 0.021701371 
655 127 7 9 0.021693151 
374 590 11 17 0.021595163 
672 95 7 10 0.021572992 
862 125 11 12 0.02154487 
656 451 33 38 0.021371558 
813 241 14 16 0.021370728 
62 560 16 22 0.021218842 
197 409 16 20 0.021197515 
703 582 38 55 0.02113938 
632 126 7 10 0.021095151 
687 134 8 10 0.021071121 
486 190 10 13 0.021069909 
566 150 7 9 0.021040391 
796 276 13 17 0.021039281 
749 59 10 12 0.021035884 
720 45 9 12 0.021006376 
811 534 13 21 0.020964349 
868 299 13 17 0.020958174 
185 397 12 14 0.020949887 
776 79 8 9 0.020945493 
346 283 12 14 0.020779451 
928 112 10 12 0.020721463 
744 191 9 12 0.020655459 
31 541 28 34 0.020653047 
158 429 16 23 0.0206441 
840 214 9 12 0.020528838 
231 389 12 15 0.020510912 
830 246 10 13 0.02040538 
437 268 13 17 0.02031104 
354 323 100 116 0.02013571 
728 88 6 8 0.020096507 
879 102 10 11 0.020085232 
760 159 8 10 0.020062726 
