5_Car_Accident_Car_Crash_5_279
61
339 6 33 36 0.98997855 
663 349 28 39 0.5550558 
967 444 13 14 0.12923785 
267 505 89 117 0.11161646 
249 18 24 30 0.08609682 
170 262 85 109 0.07423255 
210 251 94 106 0.07257179 
104 185 34 51 0.071603246 
2 340 13 18 0.05533566 
718 252 14 18 0.050997514 
701 254 37 51 0.049870107 
659 322 15 21 0.04951568 
717 248 25 30 0.047093693 
408 161 67 79 0.039078943 
468 407 54 74 0.03906737 
463 138 110 136 0.038886096 
319 32 10 12 0.038758963 
234 284 96 108 0.038183264 
994 470 27 45 0.037814718 
667 368 20 28 0.03670123 
790 357 15 15 0.03607938 
963 438 22 27 0.03471594 
748 316 11 14 0.032493725 
19 278 64 69 0.03246911 
346 32 19 23 0.032413743 
655 331 30 37 0.032300863 
534 76 13 15 0.03121565 
105 176 58 75 0.030972065 
708 266 16 21 0.030424457 
171 646 25 36 0.02920899 
767 304 55 60 0.029144812 
11 242 26 34 0.028983662 
775 360 33 38 0.028614648 
54 191 31 38 0.02782899 
763 342 52 63 0.026844425 
438 154 176 207 0.026662597 
260 268 67 77 0.02664411 
235 434 37 39 0.026023831 
420 135 107 124 0.025793545 
716 301 48 66 0.024833966 
620 209 31 34 0.024514707 
645 313 25 34 0.024325134 
0 335 22 31 0.024250101 
728 382 11 14 0.024244562 
285 107 18 20 0.02419486 
729 250 15 18 0.023903005 
92 146 96 124 0.023876198 
710 268 49 66 0.023033861 
915 477 29 38 0.022754645 
882 389 51 65 0.022475151 
740 414 15 16 0.022461023 
793 362 15 17 0.02232976 
696 268 27 34 0.022307629 
734 291 49 62 0.022025151 
659 336 16 21 0.021870648 
176 649 10 16 0.021569459 
152 153 103 124 0.021330543 
469 367 93 98 0.021168435 
683 271 26 32 0.021084704 
672 346 19 26 0.020409055 
176 248 59 78 0.020275697 
