5_Car_Accident_Accident_5_244
97
839 202 26 37 0.9815584 
648 204 21 29 0.9803612 
997 183 27 67 0.936724 
799 194 20 27 0.9329223 
468 301 28 30 0.90416247 
707 186 20 27 0.8888789 
918 186 16 27 0.8495479 
490 210 22 26 0.68526477 
636 313 41 43 0.6103594 
569 186 16 21 0.5187516 
507 206 17 22 0.4342961 
487 586 58 53 0.32092515 
762 208 15 20 0.2778338 
597 192 23 27 0.2670717 
856 205 32 34 0.19887127 
722 187 16 23 0.18172777 
914 219 15 22 0.18100615 
622 315 34 43 0.17799135 
572 190 21 28 0.16251345 
247 277 37 46 0.13801558 
612 185 16 25 0.12743032 
765 200 21 27 0.119461305 
765 219 27 34 0.11881791 
546 289 17 25 0.117601335 
477 557 65 54 0.105411634 
491 222 17 19 0.103801 
894 201 16 24 0.09628761 
962 201 34 50 0.07504973 
461 304 21 23 0.07246769 
148 0 16 14 0.06087135 
878 206 23 30 0.0606814 
663 206 18 23 0.060232673 
221 301 25 38 0.056284346 
628 183 15 21 0.05313034 
21 199 11 12 0.044469643 
413 338 47 53 0.043660834 
834 185 21 33 0.042419683 
978 103 13 18 0.041529845 
265 276 15 21 0.039611835 
710 214 15 20 0.039542336 
479 290 25 36 0.038390737 
472 266 12 14 0.037683256 
41 124 11 13 0.037022 
750 203 12 17 0.036615785 
151 325 97 134 0.034170814 
897 194 16 24 0.03393685 
586 187 26 31 0.033655617 
614 300 27 43 0.03351454 
764 215 15 22 0.03173301 
179 205 11 14 0.03170845 
488 579 92 82 0.031429287 
594 547 65 62 0.031326514 
233 298 45 49 0.030439071 
28 205 11 14 0.030236276 
556 214 21 28 0.029348044 
756 196 13 17 0.029217942 
69 195 43 61 0.029014679 
494 221 26 31 0.0285888 
59 119 15 20 0.028251184 
509 225 15 16 0.028066203 
141 180 52 70 0.027761135 
956 195 27 44 0.027692866 
567 199 22 31 0.027246248 
499 206 18 23 0.027210394 
702 10 35 42 0.027064873 
751 198 10 14 0.026979068 
264 272 11 15 0.02658715 
970 107 9 13 0.026539875 
755 186 14 18 0.026530523 
758 222 43 59 0.026183344 
884 193 22 34 0.025458077 
740 200 15 19 0.025427645 
893 141 10 13 0.02537991 
940 100 12 15 0.025358075 
537 294 30 40 0.02520814 
340 365 441 463 0.025133466 
229 232 13 18 0.025080223 
775 200 17 21 0.024499163 
937 187 15 20 0.024301343 
552 219 12 17 0.024029382 
486 551 40 34 0.023938496 
621 182 12 19 0.02385825 
643 185 15 19 0.023719648 
655 303 32 47 0.023049299 
176 175 10 12 0.022783006 
493 231 14 17 0.022758212 
499 540 67 49 0.022665154 
667 187 15 18 0.022102237 
767 225 15 22 0.021960942 
635 186 15 19 0.021779515 
927 189 18 23 0.02173779 
714 209 17 22 0.021370636 
841 195 18 28 0.021316111 
746 199 203 231 0.020774506 
232 284 29 39 0.020637633 
515 232 15 18 0.020503113 
512 173 10 13 0.020489177 
