5_Car_Accident_Accident_5_937
63
882 0 34 33 0.23427619 
749 0 32 28 0.21598727 
492 106 20 24 0.20686047 
153 0 9 11 0.15208118 
499 348 12 14 0.115557015 
651 44 17 22 0.10529838 
408 0 26 31 0.09537315 
594 106 14 19 0.09211925 
490 353 25 30 0.087180346 
663 208 11 15 0.0833389 
538 48 16 20 0.07805843 
644 594 32 29 0.07537272 
514 48 17 21 0.0690459 
171 16 29 34 0.063016236 
111 63 8 10 0.061799552 
175 5 10 12 0.05575132 
507 347 12 15 0.04563022 
573 105 13 16 0.045290686 
156 7 27 33 0.043296084 
352 0 11 11 0.04250755 
155 3 14 17 0.041312236 
175 1 9 9 0.041087326 
589 85 11 13 0.039942775 
589 207 9 13 0.03730953 
648 3 24 28 0.037068862 
356 4 10 12 0.0366439 
199 0 12 11 0.034550257 
357 14 9 12 0.034390472 
751 -4 50 47 0.03342722 
689 -1 18 16 0.03323733 
494 343 14 17 0.032619976 
126 71 11 14 0.031399917 
732 131 40 48 0.02951908 
688 51 16 21 0.029054174 
488 356 14 18 0.028867934 
122 71 21 28 0.028637916 
541 -1 17 15 0.0286035 
435 389 25 34 0.028212188 
453 102 15 19 0.02769732 
624 462 11 14 0.027406951 
133 80 16 20 0.0271738 
503 401 23 30 0.026717443 
503 13 26 31 0.026251547 
126 51 11 13 0.024948014 
642 410 10 13 0.024794335 
884 6 20 23 0.024494097 
682 99 27 36 0.024352137 
404 403 33 34 0.02356823 
937 97 26 32 0.023379263 
105 64 10 11 0.02329033 
149 1 24 31 0.022978881 
105 69 9 12 0.022858975 
781 10 31 32 0.022534963 
389 119 10 13 0.022345873 
0 108 10 16 0.02227099 
500 50 13 15 0.02197474 
839 -13 167 229 0.021690303 
502 454 60 67 0.021682687 
17 15 207 256 0.02106435 
507 397 14 17 0.020396102 
671 63 11 15 0.020133095 
426 5 13 17 0.020058194 
586 211 10 13 0.020015594 
