5_Car_Accident_Accident_5_448
1071
292 390 15 19 0.98530245 
51 437 18 23 0.98360634 
925 558 25 30 0.98107696 
230 373 13 17 0.9717481 
88 393 14 19 0.96922404 
804 432 15 26 0.95261276 
982 238 9 12 0.87877256 
866 231 9 13 0.84891886 
702 406 16 22 0.83209735 
192 450 15 20 0.83023566 
299 541 25 33 0.8106197 
926 262 10 11 0.8071263 
136 348 12 14 0.76882166 
312 259 9 12 0.76527727 
251 617 32 30 0.7471532 
302 277 9 12 0.7215433 
981 318 12 14 0.6866783 
890 407 17 27 0.686279 
181 324 11 14 0.6500459 
14 340 13 16 0.64095074 
198 286 9 12 0.5931147 
157 428 16 18 0.56841457 
741 473 13 21 0.56467193 
174 283 8 11 0.47217414 
336 264 10 12 0.44828448 
225 264 9 12 0.4272625 
295 214 8 10 0.4239237 
336 237 9 12 0.41899282 
391 440 14 17 0.41255462 
967 242 10 13 0.3994507 
174 365 13 15 0.39807963 
374 229 8 11 0.39739764 
357 174 9 12 0.39481324 
127 433 13 18 0.3913077 
412 144 10 12 0.38655648 
644 438 22 26 0.3693921 
358 247 9 10 0.35983837 
231 293 8 12 0.3511341 
389 204 8 11 0.33732536 
150 313 10 14 0.33493915 
261 347 13 17 0.3298854 
308 458 13 18 0.32574752 
928 333 13 17 0.3256424 
309 371 13 17 0.32067317 
271 293 10 13 0.31930298 
67 391 11 14 0.31623194 
113 262 10 12 0.30696368 
317 261 10 13 0.2832124 
214 343 14 18 0.28286642 
874 198 8 11 0.28190687 
54 311 9 13 0.27721372 
194 264 9 12 0.2744506 
407 198 8 10 0.26409528 
55 341 11 14 0.26185206 
429 238 8 11 0.2571415 
176 260 9 13 0.2416448 
183 238 8 10 0.23552845 
930 196 8 11 0.23431453 
336 199 8 10 0.2341049 
917 279 10 12 0.23302922 
295 262 8 10 0.23208047 
910 202 7 9 0.23159997 
386 198 8 11 0.23122595 
200 306 10 13 0.225326 
262 264 8 11 0.22289391 
897 414 18 23 0.22047213 
279 239 8 9 0.21998315 
816 189 10 11 0.21263424 
174 344 11 13 0.21081942 
757 452 22 32 0.20692614 
143 331 9 12 0.20250171 
840 199 8 10 0.2024173 
324 269 9 12 0.20049123 
221 341 13 17 0.20018362 
888 201 7 9 0.19770223 
385 176 8 10 0.19549397 
63 298 9 12 0.19348343 
224 224 8 10 0.19195367 
149 272 8 10 0.1912037 
936 213 10 13 0.19025108 
349 223 8 11 0.18959647 
270 286 9 12 0.18617988 
157 310 11 14 0.1853648 
270 260 9 11 0.1842172 
165 239 9 12 0.18342663 
812 531 34 38 0.18134172 
199 334 12 16 0.17912795 
225 294 10 12 0.17847256 
112 223 9 11 0.17726526 
201 356 10 13 0.17615588 
469 189 10 12 0.17473899 
354 246 8 11 0.17402114 
169 378 13 17 0.1733311 
183 396 11 15 0.17270547 
10 362 13 17 0.17183872 
838 428 11 16 0.17107198 
162 231 8 9 0.169214 
46 381 11 14 0.16729666 
402 236 8 11 0.16723591 
874 205 9 12 0.16578291 
310 307 10 12 0.16493703 
411 284 9 12 0.16353309 
185 216 7 9 0.16349308 
228 333 12 16 0.15758704 
453 222 10 12 0.15488426 
369 230 9 11 0.15481307 
68 401 13 16 0.15364988 
405 231 10 13 0.15138811 
193 287 8 10 0.1508954 
598 477 24 28 0.15067036 
1002 206 8 10 0.15043487 
830 200 9 12 0.14993154 
303 238 9 10 0.14802606 
965 284 11 14 0.14620692 
941 209 8 10 0.14579274 
265 288 8 11 0.14478932 
852 269 13 15 0.14475854 
109 239 10 12 0.14455521 
933 287 9 12 0.14413992 
141 353 13 16 0.1431888 
137 229 8 11 0.14171119 
303 330 12 17 0.14144364 
887 205 7 10 0.14132604 
377 193 8 10 0.14074093 
984 222 9 11 0.14071359 
809 192 9 11 0.13824993 
607 472 24 28 0.1374798 
129 302 9 12 0.13696133 
382 260 10 12 0.13684039 
944 271 9 12 0.13636766 
71 327 11 14 0.1346568 
360 297 8 10 0.13401867 
111 397 8 12 0.13389291 
446 239 8 11 0.13381326 
807 197 11 13 0.13372752 
158 437 16 24 0.13053982 
240 619 53 45 0.13051309 
257 269 8 11 0.13010058 
171 370 14 17 0.12793274 
367 239 8 11 0.12775293 
335 206 8 10 0.12642539 
182 254 9 11 0.12577954 
384 241 8 10 0.12486688 
402 192 7 10 0.1242938 
184 247 8 10 0.12338955 
51 380 12 14 0.1223903 
408 193 8 10 0.12133096 
344 396 9 13 0.12023029 
61 402 12 17 0.119796365 
344 336 10 13 0.11936757 
93 294 9 12 0.11925007 
294 285 10 12 0.11870316 
212 412 13 17 0.11865568 
927 238 10 10 0.11855236 
52 375 11 12 0.117475614 
145 294 9 11 0.11717749 
205 432 14 19 0.11663312 
385 256 9 12 0.11507208 
159 329 12 15 0.11470093 
854 199 9 11 0.11425414 
409 204 8 10 0.11375941 
254 302 11 13 0.113335036 
195 421 15 17 0.11301564 
995 293 9 13 0.11297356 
297 210 9 10 0.11293042 
77 342 11 15 0.11275909 
238 239 7 10 0.11219754 
889 231 9 13 0.111939564 
592 484 20 22 0.111549884 
342 200 8 9 0.11081039 
375 214 7 9 0.110420465 
110 303 9 11 0.11038051 
982 233 10 12 0.11025539 
161 239 9 12 0.109827384 
28 362 11 15 0.10974745 
353 206 9 10 0.10935339 
926 230 9 11 0.10835407 
103 280 8 11 0.108019516 
878 198 8 11 0.10741596 
201 232 7 10 0.10683729 
223 318 12 15 0.10617732 
271 207 9 10 0.10554085 
339 239 10 13 0.104617506 
699 398 16 23 0.104614004 
199 280 9 11 0.10388176 
938 207 8 11 0.103570186 
879 212 8 11 0.103461176 
311 206 8 10 0.10325221 
2 440 13 20 0.1031039 
54 300 9 12 0.10258765 
824 199 11 14 0.10175323 
73 345 10 14 0.10142623 
352 215 8 10 0.10092581 
160 362 13 17 0.10061166 
106 303 8 10 0.10047137 
205 303 10 13 0.10036008 
968 267 9 12 0.099934876 
792 184 8 12 0.09991235 
289 222 8 11 0.09979254 
451 365 14 17 0.09953822 
340 267 9 12 0.09813029 
255 223 8 11 0.097786814 
196 269 10 12 0.09727807 
962 284 9 12 0.09582631 
223 246 8 9 0.09567147 
54 322 12 14 0.09543357 
360 239 9 12 0.09520803 
227 324 13 17 0.094755396 
414 189 8 10 0.09457845 
263 225 7 10 0.09432968 
329 214 8 9 0.09432271 
54 404 13 16 0.09401134 
161 244 8 10 0.09290446 
815 236 11 15 0.09206697 
118 268 10 14 0.091691464 
286 437 15 19 0.09157506 
886 214 8 11 0.09105122 
276 337 11 16 0.09102095 
291 434 14 19 0.09088083 
344 279 8 11 0.09076846 
29 383 10 12 0.090688765 
292 293 10 14 0.08987135 
200 237 7 9 0.089134306 
408 173 7 10 0.08908465 
232 239 7 10 0.08898664 
192 216 7 10 0.08866721 
87 341 11 15 0.08854695 
302 208 9 10 0.08846812 
383 192 8 10 0.08836175 
121 341 8 11 0.08821603 
292 301 10 12 0.088059045 
216 323 10 13 0.08805754 
25 358 9 12 0.08779708 
921 230 8 10 0.08726812 
944 287 10 12 0.08687117 
128 240 8 10 0.08661736 
311 201 9 10 0.08641745 
199 215 8 9 0.08588701 
182 451 16 18 0.085684076 
204 337 13 17 0.08545929 
350 228 8 11 0.08532063 
190 246 8 11 0.08522975 
191 425 13 15 0.084522545 
904 204 9 11 0.0845061 
375 371 13 14 0.083978064 
145 287 9 11 0.083788455 
129 246 8 10 0.08362917 
924 307 12 15 0.08340263 
631 448 21 29 0.08289525 
223 285 11 12 0.08222375 
934 219 9 12 0.08203672 
43 358 11 14 0.08190274 
73 374 11 13 0.08159684 
744 463 20 28 0.08138539 
272 332 10 16 0.08014804 
413 206 8 10 0.08007181 
301 431 13 17 0.07967514 
244 330 12 16 0.07945819 
333 420 12 15 0.07895291 
137 224 8 10 0.07894544 
846 458 14 19 0.07865086 
981 331 12 17 0.07819893 
967 303 8 11 0.07817813 
927 287 11 14 0.07794256 
449 220 10 12 0.07790925 
196 427 21 27 0.07740303 
230 352 12 18 0.07729097 
299 465 14 21 0.07714056 
940 252 9 11 0.0769444 
205 416 15 18 0.07674985 
382 390 14 19 0.07666143 
267 348 13 19 0.0763916 
327 192 8 11 0.07562031 
184 233 8 10 0.07536307 
223 279 10 12 0.075348765 
296 237 8 11 0.075348675 
365 182 7 9 0.07511516 
325 277 9 11 0.074609324 
206 348 12 17 0.074281454 
660 365 11 14 0.07423859 
151 300 9 11 0.07404999 
182 280 8 10 0.07378373 
975 333 12 16 0.07359217 
316 256 10 12 0.073333755 
432 167 7 9 0.07332102 
336 368 10 13 0.0725962 
272 281 9 11 0.072317205 
446 200 8 10 0.07160165 
711 410 16 20 0.07156379 
116 229 9 11 0.0709062 
150 262 7 10 0.070715986 
173 357 14 17 0.07046912 
797 185 8 10 0.07041415 
873 211 10 12 0.07032239 
462 198 10 11 0.07008196 
310 238 8 11 0.07004079 
98 325 9 12 0.06962867 
181 302 11 14 0.069520734 
272 213 8 10 0.06951408 
228 268 9 11 0.0691618 
856 264 11 14 0.068856716 
213 293 9 12 0.068701714 
966 232 8 10 0.068149775 
328 198 8 10 0.068122685 
977 323 12 14 0.06806933 
334 426 13 15 0.06806506 
287 186 7 9 0.06803079 
301 213 9 10 0.067837834 
389 255 9 11 0.067641415 
368 199 7 10 0.067543544 
848 205 9 11 0.06724623 
141 230 8 11 0.06707953 
60 310 11 13 0.06644084 
147 355 12 15 0.06641962 
442 237 8 12 0.066208765 
57 297 8 11 0.06620146 
129 295 8 10 0.06594826 
376 207 7 10 0.06588439 
392 149 7 9 0.06571348 
92 341 12 16 0.06570614 
273 199 9 11 0.06568072 
341 365 10 14 0.06536682 
330 208 8 9 0.06520162 
208 292 9 11 0.06499496 
145 264 7 9 0.06431818 
249 255 8 10 0.064294346 
134 247 9 10 0.06401634 
20 347 11 14 0.06379035 
378 363 14 17 0.06366819 
201 208 7 9 0.063662104 
916 322 12 16 0.06348581 
87 364 9 13 0.06347944 
170 280 10 12 0.06334015 
587 400 13 17 0.06301619 
210 432 16 21 0.06271239 
240 262 9 10 0.06269566 
840 202 9 12 0.0620721 
312 183 8 10 0.061992977 
169 343 9 13 0.061734367 
238 331 10 16 0.06165371 
298 357 12 15 0.06148931 
948 292 9 12 0.061448038 
308 434 12 15 0.061410435 
239 230 8 9 0.061068516 
357 169 8 10 0.060551982 
303 308 12 13 0.0604657 
295 340 12 15 0.06025099 
517 402 11 13 0.06017253 
439 168 7 9 0.059674986 
407 379 13 15 0.059638694 
814 440 17 20 0.05946832 
49 309 10 13 0.059430778 
833 516 15 16 0.059345093 
918 237 11 13 0.059082925 
600 418 13 16 0.05906889 
207 460 12 15 0.0588859 
404 197 7 10 0.058499746 
148 332 11 14 0.05848502 
145 315 11 14 0.05843877 
293 471 17 22 0.05839752 
368 191 8 10 0.058356293 
41 383 10 13 0.058283087 
228 344 13 19 0.05811802 
144 237 7 10 0.058003213 
277 300 9 12 0.057957273 
152 239 7 10 0.057547044 
334 214 7 10 0.057477158 
61 324 11 14 0.05739586 
991 270 9 11 0.057197995 
358 206 8 11 0.05700689 
262 330 13 17 0.056993846 
296 269 9 12 0.056673504 
320 246 10 11 0.056092948 
368 223 9 11 0.05595828 
415 185 8 10 0.055829596 
176 330 12 16 0.055724327 
249 222 9 12 0.05562119 
933 193 7 9 0.05554145 
999 223 10 12 0.055413757 
249 215 9 10 0.055293635 
370 215 7 10 0.055168197 
129 252 9 11 0.055138264 
303 231 8 11 0.0551055 
135 286 8 11 0.055016097 
296 232 8 10 0.05485485 
992 200 6 8 0.054702528 
182 294 10 12 0.054607965 
517 299 11 12 0.054568175 
424 215 8 10 0.05443805 
961 318 8 10 0.0543643 
410 147 8 11 0.054152817 
413 281 9 12 0.053973954 
110 427 15 20 0.053720646 
294 308 11 12 0.053688664 
188 326 10 14 0.053276416 
231 288 8 11 0.053254943 
223 215 7 9 0.053221237 
206 387 13 16 0.053206813 
847 199 8 11 0.05300369 
426 284 9 11 0.0528203 
277 279 9 11 0.052607965 
254 277 8 10 0.05247087 
231 254 8 10 0.052440908 
458 198 8 11 0.052180808 
919 269 11 13 0.052139204 
337 255 10 12 0.05189997 
191 330 11 15 0.05189462 
967 318 8 10 0.051861227 
847 255 9 11 0.05165938 
814 229 11 15 0.05159096 
862 213 10 12 0.05143858 
352 200 8 10 0.0513326 
59 318 11 13 0.051174253 
119 274 10 12 0.05103637 
351 309 9 11 0.050953753 
358 214 7 9 0.050828427 
73 284 10 13 0.050768156 
928 222 9 12 0.05073207 
238 286 10 11 0.05063378 
334 390 11 13 0.050520226 
933 309 9 13 0.05046011 
73 277 11 13 0.050435185 
54 335 12 14 0.050245777 
301 453 16 20 0.049925216 
445 426 13 18 0.049745042 
380 266 12 15 0.049629062 
308 337 13 17 0.049405895 
876 246 9 13 0.049393713 
182 285 9 11 0.04915289 
179 341 11 14 0.04914801 
873 326 10 12 0.049095694 
366 244 9 11 0.04902733 
213 287 9 12 0.048854563 
254 254 8 10 0.048748396 
849 273 11 15 0.048005488 
336 300 10 12 0.047722876 
133 264 9 11 0.04768723 
408 223 8 10 0.047612336 
116 433 17 20 0.04725448 
273 191 7 8 0.047219068 
152 206 7 10 0.047150705 
394 468 15 17 0.04690702 
429 232 9 12 0.046896443 
936 247 9 12 0.046891063 
374 224 9 11 0.04682138 
296 347 11 14 0.046676427 
408 169 7 9 0.04663946 
449 270 10 13 0.046581343 
915 283 9 13 0.04653697 
170 347 11 14 0.046525072 
287 269 8 11 0.046503995 
326 246 9 12 0.046371836 
225 240 8 10 0.046333734 
288 288 11 13 0.04618741 
144 278 9 11 0.04611318 
327 418 12 15 0.04610675 
812 194 12 15 0.04607757 
121 349 11 14 0.04606304 
916 314 14 17 0.046032563 
920 207 8 10 0.045946267 
233 207 8 9 0.04593929 
118 257 8 10 0.04570919 
935 270 9 11 0.045544844 
916 241 13 15 0.045498747 
176 222 7 9 0.045261163 
887 221 9 11 0.04505511 
430 197 8 11 0.04498856 
112 392 8 11 0.044969607 
136 333 10 12 0.04489142 
280 190 8 9 0.044707503 
305 199 9 10 0.044641916 
967 291 10 12 0.04461721 
191 291 10 12 0.04457852 
383 329 9 11 0.044550933 
128 264 9 11 0.044252805 
87 336 9 12 0.044236716 
224 192 8 8 0.043920007 
14 317 8 11 0.043863446 
175 267 9 11 0.04380249 
249 277 9 11 0.043789916 
932 327 11 15 0.043771565 
434 362 13 17 0.043733817 
391 239 9 10 0.04372225 
272 230 8 10 0.04367877 
381 356 12 14 0.043637797 
216 277 8 11 0.04353742 
764 445 14 18 0.043488313 
958 254 9 12 0.04339932 
343 319 9 12 0.043295626 
993 288 10 12 0.043279238 
855 193 7 9 0.04327292 
992 216 7 9 0.04320343 
111 319 9 12 0.043176472 
685 485 13 15 0.043135125 
385 168 7 9 0.04312111 
895 205 8 10 0.043020263 
368 206 7 10 0.04300702 
976 243 9 12 0.04292033 
373 432 14 16 0.042730626 
384 150 7 9 0.04265565 
985 200 7 8 0.04260268 
453 376 15 19 0.042580795 
896 348 13 18 0.042567916 
216 255 7 10 0.04250653 
164 325 10 15 0.042482108 
349 280 8 11 0.04246472 
359 199 8 11 0.042424724 
143 245 7 10 0.042378817 
76 333 10 12 0.04228659 
217 224 7 10 0.042231303 
414 360 16 17 0.04211898 
855 300 11 15 0.042058595 
603 356 13 15 0.04195344 
423 190 7 10 0.04178083 
206 231 8 10 0.0415453 
374 159 7 9 0.041512616 
60 333 12 14 0.041509524 
917 290 13 15 0.041384246 
281 408 15 17 0.041303035 
22 362 12 16 0.04113556 
218 435 14 19 0.04111899 
407 357 11 13 0.041118488 
164 359 12 15 0.041020818 
185 220 7 10 0.040977456 
130 289 8 10 0.040945392 
290 216 8 10 0.04083917 
127 348 10 14 0.040832587 
963 244 8 12 0.04083074 
314 376 14 17 0.04081783 
271 223 8 10 0.040736895 
646 258 14 17 0.040732194 
177 293 10 12 0.040721294 
264 246 7 9 0.040663663 
116 395 10 13 0.040546574 
106 242 11 14 0.040519666 
77 310 10 13 0.040518433 
0 645 9 15 0.04049076 
112 216 8 11 0.04035543 
274 238 8 10 0.040326647 
873 194 8 10 0.040295545 
304 224 7 9 0.04024332 
973 262 9 12 0.040024962 
839 194 8 10 0.039950866 
597 570 15 20 0.03988376 
264 279 9 11 0.039857894 
94 267 9 13 0.03985311 
62 383 12 14 0.039817285 
257 190 8 9 0.039615866 
426 167 8 10 0.03958551 
360 231 9 11 0.039521255 
390 356 12 14 0.039428737 
280 245 8 9 0.03942056 
87 301 9 11 0.03940812 
89 268 9 12 0.039089266 
48 348 10 13 0.038956016 
79 396 12 16 0.038950093 
274 632 40 45 0.038835574 
377 152 6 7 0.038804896 
87 427 13 17 0.038710512 
208 269 10 12 0.038560253 
336 333 9 11 0.03823696 
1000 200 7 9 0.03810183 
927 277 9 11 0.037934236 
374 378 12 14 0.03787602 
960 222 9 11 0.037531994 
961 228 9 13 0.037505325 
966 310 9 11 0.037403382 
312 189 8 10 0.03735913 
375 197 8 10 0.03735252 
443 142 8 11 0.037351176 
353 168 8 10 0.037329733 
318 184 7 9 0.037192423 
125 268 10 12 0.037144814 
422 184 8 10 0.03713849 
177 240 8 10 0.037131898 
934 276 11 13 0.037032813 
283 425 16 20 0.037000857 
216 199 7 8 0.036938895 
326 381 11 13 0.036933415 
904 237 8 12 0.036928155 
70 301 9 11 0.03688768 
102 295 9 11 0.036760755 
294 330 14 18 0.03673628 
391 167 7 9 0.03671233 
457 173 9 12 0.036694728 
929 215 9 11 0.036625598 
68 380 14 17 0.036610756 
920 255 11 13 0.03659586 
891 398 16 21 0.036577675 
1012 369 13 20 0.0365675 
7 383 10 14 0.036501013 
375 246 8 11 0.03649791 
389 180 8 11 0.036436282 
300 336 14 18 0.036309816 
336 394 11 14 0.03621717 
229 311 10 13 0.03618793 
263 190 7 9 0.036183998 
276 285 9 12 0.036120445 
168 215 6 8 0.036099404 
375 237 9 11 0.03607702 
622 266 13 17 0.036052022 
957 356 12 15 0.035964407 
324 264 10 12 0.035937138 
736 438 11 14 0.03593248 
587 457 22 26 0.035822812 
78 302 10 13 0.035816833 
86 359 10 12 0.035787202 
95 331 11 15 0.035750795 
247 262 8 10 0.035678092 
918 302 14 17 0.035662413 
104 308 10 11 0.035594154 
249 271 8 11 0.035429906 
854 254 9 13 0.03541348 
857 228 11 14 0.035407946 
987 333 11 15 0.035392806 
231 191 7 9 0.035390377 
0 388 10 17 0.035361834 
102 267 10 14 0.035177637 
304 256 9 11 0.03504404 
240 270 9 11 0.035005283 
715 482 14 18 0.034998827 
113 257 9 11 0.034877434 
579 582 10 14 0.03484642 
217 229 7 10 0.034720227 
255 247 8 11 0.03466328 
78 316 10 12 0.034587547 
342 401 10 14 0.034567323 
290 445 23 25 0.034530647 
301 314 13 15 0.03449701 
207 466 14 17 0.034449656 
272 248 7 8 0.034404308 
237 292 9 12 0.034391057 
127 306 10 13 0.034336384 
869 224 11 14 0.034327604 
327 167 7 10 0.034143504 
185 210 7 8 0.034115665 
49 342 10 14 0.034110814 
38 435 12 17 0.034077454 
162 225 6 9 0.03406887 
398 357 9 13 0.034022946 
132 306 11 15 0.033996135 
400 150 7 9 0.033995364 
399 286 7 10 0.03397491 
892 235 10 14 0.03394525 
390 246 9 10 0.033944458 
287 245 8 11 0.033936117 
198 247 8 10 0.033917427 
911 244 11 13 0.03389061 
171 384 13 18 0.033878792 
229 224 8 10 0.033739164 
239 214 8 10 0.03370395 
406 418 13 17 0.033699315 
334 193 8 10 0.033621166 
492 405 12 14 0.0336207 
369 159 8 9 0.033492465 
285 522 38 47 0.03345473 
49 303 9 12 0.033434097 
489 272 15 17 0.033313822 
306 277 10 13 0.03323096 
151 256 7 10 0.033173237 
820 229 9 14 0.03299742 
393 231 9 11 0.03295314 
945 229 9 12 0.03289839 
290 263 8 12 0.032889728 
328 230 8 10 0.032719992 
224 255 8 11 0.03264239 
587 471 23 27 0.03257805 
769 463 14 21 0.032569118 
959 332 9 12 0.032549508 
987 398 16 23 0.032497544 
970 284 12 15 0.03248447 
341 357 11 15 0.0324833 
49 315 12 14 0.032471903 
933 316 10 11 0.032337945 
893 262 11 13 0.0322554 
366 177 7 10 0.032240614 
162 446 14 20 0.032169454 
177 246 7 10 0.0321615 
904 246 9 12 0.032131523 
999 263 8 11 0.032005608 
932 238 8 11 0.031998977 
999 211 9 12 0.03197165 
342 205 8 10 0.031959448 
218 214 7 10 0.031955063 
176 305 11 15 0.031941663 
102 319 10 12 0.031940807 
213 300 10 13 0.03193321 
109 401 10 14 0.031858247 
855 213 10 13 0.031831987 
277 254 9 12 0.03182669 
668 526 24 34 0.031808935 
839 222 9 13 0.031800486 
213 451 13 17 0.03175413 
215 263 8 11 0.031720724 
102 397 11 14 0.03169696 
237 206 9 10 0.031569812 
429 334 9 12 0.031539775 
949 277 9 11 0.03152928 
217 207 7 9 0.031494416 
198 414 14 18 0.03148703 
1005 352 14 19 0.031473383 
354 303 9 11 0.031462897 
864 226 17 21 0.031374067 
343 230 10 12 0.03136698 
328 222 8 10 0.031328384 
318 206 7 9 0.031299993 
240 278 10 12 0.031274118 
754 446 18 20 0.031271245 
369 143 8 9 0.03124925 
42 310 10 13 0.031185541 
399 327 10 12 0.031148702 
282 186 7 8 0.031000443 
1000 377 21 33 0.030940725 
143 360 12 15 0.030921612 
909 252 11 15 0.030838236 
119 244 9 11 0.030828241 
118 302 9 11 0.030812534 
319 239 8 10 0.03073721 
251 323 13 16 0.030665426 
279 443 13 16 0.030653805 
148 324 13 16 0.030649027 
827 510 25 28 0.030636817 
215 407 12 16 0.030623307 
431 159 7 10 0.030613428 
888 262 10 12 0.030611183 
334 222 9 10 0.030568667 
961 303 10 12 0.030554207 
425 158 8 10 0.03054656 
460 221 10 14 0.03053008 
425 243 9 11 0.03052585 
282 270 8 11 0.03049606 
327 285 9 11 0.03045095 
156 324 19 24 0.030438507 
663 359 11 15 0.030438507 
311 214 8 8 0.030281145 
317 334 10 13 0.03024893 
763 468 16 24 0.030245544 
931 261 11 13 0.030217709 
333 404 14 16 0.030199878 
492 262 11 12 0.030160625 
853 221 11 14 0.03014825 
97 256 8 11 0.030084025 
352 168 17 24 0.030079069 
102 365 13 15 0.030052043 
556 425 14 17 0.03004154 
926 205 8 11 0.030013412 
336 174 7 10 0.029992962 
453 255 9 11 0.02998999 
925 363 10 14 0.029949462 
309 442 14 19 0.029898604 
110 277 9 12 0.029764403 
68 295 10 12 0.029735237 
902 259 12 15 0.02967254 
174 456 15 19 0.029625667 
85 453 11 13 0.029589951 
214 270 8 10 0.029580668 
614 265 14 17 0.029516669 
347 394 12 16 0.02945876 
191 306 12 15 0.029413465 
345 311 9 12 0.029359685 
383 213 8 10 0.029346691 
177 320 19 22 0.02927128 
202 439 16 22 0.02925814 
252 331 13 17 0.029228352 
210 262 9 11 0.029162839 
153 232 6 9 0.029136112 
102 261 9 13 0.02911073 
199 222 8 10 0.028981237 
951 355 11 15 0.028860955 
503 223 49 60 0.02877094 
841 238 8 12 0.028770093 
152 245 7 9 0.028760528 
406 319 8 11 0.028745638 
376 328 9 11 0.028727282 
922 257 19 22 0.028710734 
304 244 9 11 0.028595632 
785 188 11 14 0.028588062 
294 221 8 11 0.02851846 
820 185 9 11 0.028491132 
134 294 8 10 0.02845973 
961 270 8 10 0.028445045 
443 361 20 29 0.02843884 
402 174 8 10 0.028347088 
963 238 9 13 0.028289407 
334 383 9 11 0.028283156 
8 347 13 16 0.02816682 
470 219 13 15 0.028100811 
336 326 8 11 0.027815042 
314 366 13 17 0.027735882 
1005 224 9 11 0.027735524 
430 243 9 11 0.02770938 
404 327 10 11 0.027679348 
984 269 10 13 0.027663747 
119 309 9 12 0.027622811 
889 277 10 13 0.027502825 
439 172 7 9 0.02750117 
351 191 9 10 0.027494868 
358 150 7 9 0.027299916 
112 209 7 9 0.027174855 
441 184 9 11 0.027159538 
29 555 17 19 0.027088033 
651 265 17 22 0.026934318 
620 452 24 32 0.026830869 
75 377 13 18 0.026823834 
991 222 8 11 0.026823793 
320 231 8 9 0.02679281 
96 311 9 11 0.026774315 
137 281 8 10 0.026772814 
115 421 15 20 0.026738813 
240 223 9 11 0.026726643 
854 284 11 13 0.026702473 
97 278 8 11 0.026698971 
232 246 7 10 0.026684478 
326 294 9 11 0.026662728 
424 152 9 10 0.026609125 
137 327 10 13 0.026582273 
401 205 8 11 0.026552245 
96 319 10 12 0.026538 
195 327 14 16 0.02650444 
981 261 9 11 0.026494835 
279 365 11 15 0.026434246 
841 244 8 11 0.026402507 
467 445 12 14 0.026402345 
231 230 7 9 0.026384044 
28 325 9 12 0.02634305 
167 224 7 9 0.026308896 
942 222 10 11 0.026273102 
354 151 7 9 0.026258303 
736 468 14 23 0.026234562 
390 191 7 10 0.026174866 
195 280 19 23 0.026159614 
871 331 11 13 0.02612116 
301 363 13 18 0.02611815 
359 264 8 11 0.026113909 
63 418 12 15 0.026101962 
13 389 9 13 0.026092073 
976 256 8 10 0.026046557 
959 216 8 11 0.026042903 
408 138 18 23 0.02596364 
353 295 8 11 0.025958335 
41 382 20 24 0.025949717 
932 229 9 12 0.025915917 
191 232 8 9 0.025895244 
426 197 8 10 0.02588133 
335 285 10 11 0.025880454 
820 252 9 12 0.025814021 
755 470 17 21 0.02579754 
650 252 17 20 0.02569715 
397 351 9 12 0.025685983 
206 326 12 15 0.025682408 
876 230 9 12 0.025678271 
187 389 14 18 0.025634475 
255 199 8 10 0.025630843 
959 261 9 12 0.02561212 
345 160 7 9 0.025581932 
86 309 8 12 0.025555024 
308 255 18 22 0.025507838 
538 467 17 20 0.025500093 
112 296 9 11 0.025499063 
238 255 8 11 0.025494624 
28 370 12 16 0.025461446 
943 326 11 14 0.025457807 
254 207 8 10 0.025384143 
320 190 8 10 0.025380716 
410 182 8 11 0.025318662 
949 229 10 13 0.025308754 
460 350 11 14 0.025283944 
467 193 13 14 0.025280226 
442 199 9 11 0.025241202 
253 453 12 17 0.025216786 
999 192 8 10 0.02515699 
272 186 6 7 0.025116209 
480 184 64 78 0.025071356 
352 252 9 11 0.025057502 
350 159 7 9 0.025041012 
402 145 7 9 0.024998771 
244 617 19 25 0.024966331 
381 453 12 15 0.024932174 
848 221 10 14 0.024920339 
53 386 12 16 0.024897039 
819 244 10 13 0.024834262 
399 159 8 10 0.024810841 
968 253 9 11 0.02473489 
128 335 8 11 0.024656948 
206 207 7 9 0.024637643 
80 453 11 14 0.024609728 
408 361 13 16 0.02458877 
450 426 14 20 0.024582013 
135 237 9 11 0.024578666 
28 347 12 16 0.024491644 
304 191 8 9 0.024473878 
376 255 8 10 0.024471242 
794 469 19 21 0.024466407 
344 164 7 9 0.024457745 
250 247 8 11 0.024440411 
255 351 13 17 0.02436272 
352 240 8 11 0.024300776 
328 174 7 9 0.024265578 
596 653 13 18 0.024209453 
384 145 8 9 0.024204943 
53 367 12 13 0.024146592 
407 369 21 25 0.02414498 
307 396 14 19 0.024131576 
326 371 11 14 0.024082607 
298 272 18 23 0.024016107 
255 240 9 9 0.024011103 
144 255 9 10 0.02400035 
410 537 22 31 0.02396131 
972 290 11 14 0.023960017 
238 245 8 10 0.023917833 
248 228 8 9 0.02386702 
254 341 14 18 0.023728412 
1015 244 9 13 0.023708701 
222 257 18 24 0.023708448 
595 661 16 18 0.023691203 
451 276 11 13 0.02359267 
431 192 8 10 0.023578417 
96 286 9 13 0.02351542 
806 225 14 16 0.023494264 
72 310 10 12 0.023458835 
124 421 13 19 0.023456352 
278 232 8 10 0.02345088 
926 356 12 15 0.02341383 
344 216 9 10 0.02336785 
902 295 12 14 0.02333892 
1000 237 8 11 0.023323666 
60 277 10 13 0.023296095 
440 232 10 12 0.023286305 
80 368 10 12 0.023280885 
67 409 13 17 0.023263374 
278 261 9 12 0.02325063 
49 313 19 24 0.023177555 
382 437 12 14 0.02312676 
265 255 7 10 0.023126615 
725 402 12 19 0.023118384 
257 286 8 12 0.023020443 
455 356 13 16 0.023010798 
914 416 14 20 0.022992592 
880 407 20 27 0.022983441 
320 200 8 10 0.022982605 
408 159 8 9 0.022972265 
192 339 11 15 0.022966795 
993 298 10 14 0.022930881 
93 365 10 13 0.022922417 
279 308 10 13 0.022910476 
763 437 13 15 0.022893276 
329 238 8 11 0.022875585 
603 424 17 18 0.02286517 
264 186 7 9 0.022859477 
192 278 9 11 0.022857612 
869 345 13 16 0.02282463 
10 334 11 16 0.022806875 
950 263 9 12 0.022796262 
910 222 9 11 0.022790061 
295 544 18 23 0.02274874 
159 339 11 14 0.022736948 
811 184 19 23 0.022733442 
433 172 7 9 0.02262175 
163 317 11 15 0.02259999 
0 382 9 15 0.022580538 
429 151 8 11 0.022488311 
368 326 9 12 0.022479812 
117 414 12 14 0.022476288 
403 444 11 13 0.022410078 
893 492 25 29 0.022388132 
871 279 9 11 0.022352956 
278 417 16 21 0.02234334 
878 193 7 9 0.02228322 
943 263 10 13 0.022251863 
978 232 19 23 0.022219574 
991 389 20 30 0.02219906 
338 421 12 16 0.022193411 
29 338 12 17 0.022193093 
716 395 15 21 0.022040775 
333 233 19 23 0.022002263 
375 144 6 8 0.02199454 
293 316 13 15 0.021988915 
305 183 7 9 0.02197477 
517 309 12 15 0.021948308 
306 408 15 21 0.021928191 
160 215 7 9 0.021905607 
24 351 18 25 0.021901717 
247 294 9 12 0.021862483 
415 159 8 9 0.021819936 
392 284 9 10 0.02181642 
118 239 9 12 0.02179793 
845 237 10 14 0.021781454 
643 666 15 14 0.021752844 
903 231 9 12 0.021739576 
339 433 11 14 0.021718035 
86 371 11 14 0.021700973 
238 201 9 10 0.021637524 
248 207 9 10 0.021603921 
119 316 10 13 0.0215902 
311 344 11 16 0.021567632 
400 167 7 10 0.021518806 
317 144 9 11 0.021508588 
177 216 7 9 0.021472028 
323 342 13 15 0.021464417 
377 175 7 9 0.021447878 
382 223 8 10 0.021441583 
256 185 8 10 0.021414822 
911 331 11 14 0.02140865 
703 517 13 14 0.021407502 
976 231 11 12 0.021387666 
376 167 7 9 0.021345098 
500 405 10 12 0.02130014 
920 211 9 12 0.021297367 
422 355 25 27 0.021286165 
253 317 12 15 0.02125804 
636 441 18 23 0.021251349 
881 311 9 12 0.021244967 
289 229 8 10 0.021244269 
318 339 12 17 0.021244042 
351 262 10 12 0.021216365 
143 214 8 9 0.02121522 
606 268 14 16 0.021205835 
452 237 10 13 0.021170212 
990 275 10 12 0.021132275 
67 428 12 15 0.021124674 
179 370 12 17 0.021019086 
23 387 12 14 0.020998208 
961 328 8 11 0.020996407 
343 192 8 9 0.020980416 
328 387 11 15 0.020928832 
71 317 10 13 0.020909278 
462 204 11 13 0.020885903 
145 208 7 10 0.020876884 
996 316 11 14 0.020866318 
966 326 9 12 0.020862784 
141 224 8 9 0.020854667 
48 323 11 14 0.02081821 
313 452 15 21 0.020814419 
998 268 9 11 0.02080917 
842 253 9 13 0.020760842 
914 308 11 14 0.020722764 
786 183 9 12 0.020710949 
409 213 8 11 0.020672593 
474 411 16 18 0.020669583 
69 341 20 24 0.020646596 
972 301 10 13 0.020551436 
452 262 10 13 0.020511547 
223 208 7 9 0.020509647 
861 412 14 17 0.020504234 
401 320 9 12 0.020486021 
103 389 11 14 0.020455675 
942 309 10 13 0.020454453 
446 227 12 15 0.020440973 
414 137 9 10 0.020345615 
36 339 11 14 0.020343563 
365 294 8 11 0.02033305 
270 359 13 19 0.020330159 
100 451 15 18 0.020315135 
697 509 25 29 0.020298684 
464 182 10 13 0.020285616 
473 263 9 11 0.020282008 
175 320 13 15 0.020252328 
702 482 26 26 0.020248286 
388 268 12 16 0.020240761 
650 538 30 29 0.02023197 
342 294 9 12 0.020219086 
217 192 7 9 0.02021207 
360 189 8 10 0.020208739 
78 272 9 12 0.020183759 
308 327 12 16 0.020166527 
388 447 16 18 0.020121042 
393 160 7 10 0.020119835 
54 335 18 23 0.020109653 
1015 221 8 11 0.020102495 
377 393 13 17 0.020087052 
988 421 13 18 0.020034764 
