9_Press_Conference_Press_Conference_9_297
35
403 178 272 356 0.9998939 
499 911 60 71 0.34977663 
714 685 99 118 0.31264967 
495 88 388 521 0.1672311 
210 1391 194 223 0.11841759 
208 1173 25 28 0.10531998 
817 122 71 80 0.09867789 
271 914 24 34 0.06544166 
847 654 35 51 0.05840681 
586 902 86 105 0.05200269 
259 1099 14 18 0.045659676 
502 879 53 66 0.043990444 
215 929 45 62 0.041275498 
261 892 41 56 0.037335835 
488 899 25 32 0.033928398 
617 22 57 76 0.033257887 
429 798 15 19 0.031099172 
79 431 47 52 0.031006306 
264 954 27 39 0.030684888 
273 636 121 182 0.030370882 
786 1103 14 17 0.028406078 
402 1194 16 21 0.026685491 
170 1149 17 22 0.026043044 
368 798 27 28 0.025827896 
103 445 56 57 0.025660217 
445 858 17 20 0.025258915 
518 1122 14 17 0.024731942 
139 1049 24 34 0.023334008 
203 1129 24 28 0.023194168 
501 893 11 15 0.023019772 
443 862 25 29 0.022352504 
497 900 16 20 0.022200441 
328 970 29 38 0.021729508 
717 615 15 19 0.021515746 
786 83 117 137 0.02146012 
