9_Press_Conference_Press_Conference_9_60
73
681 393 28 36 0.9994646 
393 386 29 37 0.99859947 
767 388 27 35 0.99683005 
261 397 31 41 0.9957557 
554 315 30 39 0.9947383 
863 403 25 32 0.9895599 
120 384 30 38 0.9644988 
936 456 33 48 0.60644644 
814 468 25 31 0.21916762 
466 330 37 38 0.16063704 
805 489 49 59 0.15749566 
334 477 29 35 0.12722859 
771 510 29 50 0.12107706 
636 399 19 21 0.115592994 
956 471 35 38 0.10796111 
340 566 80 108 0.10536659 
824 512 31 46 0.10206026 
403 485 15 18 0.101600416 
780 526 44 53 0.091400005 
548 510 38 61 0.08978568 
362 559 50 75 0.078075655 
800 469 49 54 0.06839954 
240 481 15 18 0.06448227 
774 532 23 42 0.06445582 
699 474 33 35 0.05856377 
313 478 33 39 0.05725483 
800 519 45 54 0.052401453 
432 365 11 14 0.04857267 
609 505 39 56 0.048193324 
995 495 31 41 0.047313765 
418 617 13 18 0.04627656 
643 365 15 19 0.045950226 
972 457 29 42 0.045289833 
1001 457 22 40 0.041863397 
677 370 17 20 0.041506823 
825 469 14 19 0.04147662 
425 329 29 34 0.0409206 
642 404 16 22 0.04089871 
625 437 27 45 0.040675405 
633 385 26 32 0.040581856 
710 357 11 15 0.038905054 
453 290 45 55 0.03860788 
636 370 26 31 0.038045675 
475 364 26 27 0.03520651 
412 484 12 16 0.034319445 
304 468 33 41 0.033083096 
215 372 12 16 0.032545008 
620 335 26 28 0.032518744 
990 451 27 43 0.03199136 
553 529 45 63 0.03195461 
580 -26 446 488 0.031517543 
386 586 51 74 0.031176897 
111 387 25 32 0.031053431 
421 495 18 20 0.030815372 
165 757 11 11 0.03035967 
382 494 13 15 0.030093156 
410 485 22 25 0.029702192 
388 491 13 16 0.028047021 
356 512 17 21 0.026527045 
650 401 13 19 0.026087243 
1011 467 14 24 0.025202438 
136 392 15 23 0.023463348 
940 456 17 30 0.023284163 
372 493 24 29 0.022789076 
852 652 29 36 0.022395398 
629 404 24 30 0.022379817 
312 496 35 43 0.022003572 
917 465 13 17 0.021752916 
630 394 17 21 0.02172722 
545 467 50 66 0.021561155 
917 457 24 34 0.020702835 
596 420 14 18 0.020428477 
461 308 12 15 0.020159187 
