9_Press_Conference_Press_Conference_9_872
28
413 334 214 269 0.99990296 
481 950 72 99 0.7144094 
288 471 26 35 0.45535874 
249 430 24 38 0.4382581 
249 443 38 55 0.108267 
977 849 14 20 0.10586326 
30 1020 12 18 0.056234572 
268 447 41 56 0.04883101 
243 328 17 21 0.04729234 
242 471 16 23 0.042893004 
299 942 422 395 0.04204576 
68 478 56 66 0.035732273 
528 512 402 478 0.034509923 
28 902 14 20 0.034250785 
246 459 26 41 0.034187198 
464 952 54 76 0.031584702 
582 881 32 38 0.030414417 
937 821 14 18 0.027092438 
276 311 24 30 0.023385942 
325 429 404 511 0.023379544 
950 655 70 125 0.022602376 
484 1028 12 16 0.0224307 
550 782 15 17 0.022235498 
575 801 13 17 0.021981547 
241 304 25 31 0.021225063 
426 81 407 438 0.020535432 
549 794 13 16 0.020495977 
613 258 47 88 0.020422833 
