9_Press_Conference_Press_Conference_9_397
19
87 91 45 59 0.998872 
871 141 49 60 0.9981937 
356 104 44 57 0.9973115 
481 117 44 57 0.99670607 
627 115 41 54 0.9948343 
207 130 42 52 0.99411136 
715 156 38 47 0.99046963 
787 163 40 48 0.9732828 
679 292 19 23 0.5459617 
292 99 25 32 0.45673004 
758 163 14 19 0.082647145 
761 185 29 45 0.07412137 
788 182 42 54 0.06134418 
801 211 27 32 0.056463603 
747 157 25 32 0.0321815 
613 136 13 19 0.02867212 
775 173 34 41 0.023492677 
738 126 26 32 0.023056634 
241 133 31 39 0.022615407 
