9_Press_Conference_Press_Conference_9_518
20
764 153 175 277 0.9996543 
391 318 172 242 0.99844056 
80 195 386 497 0.14572297 
945 1334 9 13 0.073511295 
777 1349 30 40 0.065589115 
497 960 64 72 0.05171469 
696 811 403 465 0.03836658 
156 503 409 451 0.037257813 
189 980 399 477 0.034171935 
740 138 128 195 0.029444885 
248 40 412 468 0.029379131 
249 1403 31 40 0.0271746 
962 1349 18 23 0.025534594 
709 111 115 153 0.024769707 
592 1492 43 53 0.024324294 
716 124 35 44 0.02354465 
831 1297 13 16 0.021331245 
977 1433 17 21 0.021326698 
606 129 375 424 0.021000614 
750 1299 83 104 0.02086931 
