9_Press_Conference_Press_Conference_9_12
159
106 219 33 42 0.99905425 
932 205 33 55 0.99123174 
673 261 15 19 0.9877707 
263 305 17 21 0.97247094 
617 288 14 19 0.97119325 
514 292 13 16 0.9644336 
390 313 20 25 0.9609033 
317 318 20 25 0.957796 
568 286 13 18 0.94742876 
803 429 38 59 0.90217555 
205 338 23 33 0.86724234 
458 498 33 49 0.8524773 
181 252 22 26 0.7788164 
318 238 16 20 0.65077275 
635 485 55 56 0.52520835 
52 245 9 11 0.43164203 
330 237 14 18 0.4259987 
118 380 30 37 0.3487322 
723 371 23 36 0.3405495 
135 387 26 36 0.26340377 
22 247 9 11 0.25905713 
840 327 10 12 0.24190497 
203 313 14 17 0.22668678 
355 347 17 21 0.22297807 
413 343 22 28 0.20086858 
197 239 17 20 0.19823249 
559 338 23 36 0.18906453 
471 345 22 29 0.15248065 
666 350 22 30 0.14247657 
702 291 13 14 0.14225313 
300 245 12 16 0.13547193 
692 308 14 17 0.13129023 
186 242 22 27 0.120345786 
250 330 17 23 0.11794901 
631 315 22 27 0.10870133 
485 317 10 12 0.106404565 
644 351 23 28 0.09971212 
836 306 16 18 0.09881709 
756 664 20 22 0.09546366 
311 242 12 17 0.092650406 
97 334 20 23 0.09231149 
46 260 11 14 0.08901521 
403 463 38 51 0.07596729 
670 290 16 21 0.07328574 
694 338 36 38 0.067681104 
247 325 14 17 0.06668611 
3 279 13 16 0.06323874 
473 332 23 31 0.06037829 
197 341 19 24 0.05934754 
483 324 14 18 0.05601968 
823 345 29 36 0.055569608 
495 315 11 14 0.054999005 
721 286 14 15 0.053228386 
540 428 37 37 0.052861124 
570 341 28 35 0.05284867 
307 357 18 26 0.052455675 
570 304 14 17 0.051388763 
406 349 21 25 0.048091304 
481 337 29 32 0.047208473 
301 239 9 14 0.0465698 
65 253 9 12 0.046116058 
477 331 14 18 0.04574498 
655 355 30 35 0.045534704 
464 481 48 67 0.04540273 
51 259 12 15 0.043179266 
47 253 12 15 0.043048024 
828 359 17 21 0.04293211 
480 353 17 20 0.042693324 
195 332 17 23 0.041825503 
289 430 31 46 0.04151776 
587 344 21 32 0.041390266 
701 315 12 15 0.04008668 
710 373 28 31 0.038574815 
303 174 13 17 0.038043853 
362 351 15 21 0.03738979 
70 260 9 13 0.037081838 
570 321 17 20 0.036326658 
644 345 16 24 0.035858262 
500 314 14 18 0.03567851 
424 346 17 24 0.035463694 
637 321 23 33 0.03486575 
337 237 12 17 0.034681547 
191 317 11 13 0.034282405 
670 474 46 56 0.034140028 
510 353 14 20 0.03347756 
351 308 11 16 0.03317339 
677 343 23 37 0.03280452 
565 327 27 34 0.032519333 
189 236 15 19 0.03233524 
471 338 13 20 0.031983025 
685 89 99 152 0.031404633 
694 298 22 27 0.030597292 
17 249 11 14 0.02995206 
52 251 11 14 0.029947417 
700 289 21 25 0.029019421 
536 434 49 56 0.02899604 
492 323 13 16 0.028900245 
357 307 13 17 0.028330516 
831 332 25 33 0.028083721 
324 311 14 17 0.02782351 
69 254 10 13 0.027806476 
474 334 10 14 0.027774228 
696 291 14 18 0.027275216 
339 417 30 43 0.027020494 
551 334 22 31 0.026425323 
569 296 16 19 0.026029347 
219 342 23 33 0.025782932 
122 394 20 27 0.025633954 
634 310 16 19 0.025551377 
4 280 22 26 0.025350202 
732 363 16 26 0.025293479 
662 289 15 19 0.025181403 
639 354 14 20 0.02515784 
210 316 10 14 0.024765052 
834 322 22 27 0.024748733 
195 319 23 29 0.024737705 
682 297 24 30 0.024420125 
716 287 22 23 0.02434184 
481 321 27 33 0.024297623 
278 436 60 69 0.024196856 
567 314 15 20 0.023888048 
17 241 9 11 0.023869878 
691 349 23 35 0.023862708 
851 371 12 15 0.023842331 
27 246 9 12 0.02383161 
580 316 13 18 0.023698572 
563 361 26 31 0.023383776 
256 450 34 43 0.023252496 
303 240 21 28 0.02300947 
313 321 15 19 0.022960912 
242 334 21 30 0.02275093 
258 333 18 23 0.022477476 
267 330 14 18 0.022461744 
418 477 53 55 0.022367591 
14 267 11 13 0.022338925 
818 438 36 45 0.022262836 
620 462 49 65 0.022258814 
744 290 30 32 0.022220692 
30 292 10 14 0.022100704 
748 311 16 21 0.021925911 
193 254 16 22 0.021924023 
188 332 17 21 0.021851955 
20 260 12 15 0.021811245 
298 168 22 29 0.021730825 
702 319 30 37 0.021668201 
675 285 22 28 0.021491181 
284 354 22 33 0.02144546 
156 275 12 15 0.021411657 
534 309 9 12 0.021398298 
706 287 12 14 0.021213362 
202 330 18 26 0.021011634 
21 293 14 16 0.020950783 
306 422 78 99 0.020847473 
675 280 15 20 0.020785525 
27 252 10 13 0.020725692 
695 361 25 33 0.020635368 
48 240 17 22 0.02041331 
778 417 68 91 0.020378742 
18 241 18 23 0.020150717 
