9_Press_Conference_Press_Conference_9_748
23
296 217 411 560 0.9999716 
309 445 559 581 0.24104944 
333 1076 444 544 0.14903559 
-67 466 369 499 0.102610216 
236 866 418 572 0.10013621 
436 701 429 518 0.08914518 
744 551 337 478 0.06931292 
203 88 399 489 0.064420685 
625 7 347 468 0.06216264 
279 1187 201 332 0.06110243 
55 983 375 495 0.051981237 
621 61 198 269 0.051294968 
32 514 215 343 0.04633075 
713 17 217 293 0.043467555 
-28 404 239 330 0.04099587 
581 568 365 498 0.031947877 
419 983 486 460 0.031165192 
840 577 178 269 0.028298073 
-33 -50 465 439 0.024958191 
648 772 433 532 0.023959642 
70 645 217 344 0.022494873 
3 624 116 175 0.022029245 
59 418 131 155 0.02121545 
