9_Press_Conference_Press_Conference_9_89
27
404 166 82 122 0.99745136 
667 203 67 104 0.9930187 
786 224 54 64 0.99296534 
143 121 60 121 0.9264115 
805 285 50 75 0.08864609 
996 256 23 34 0.08574607 
45 672 459 498 0.066069104 
884 433 19 21 0.061499245 
776 247 54 75 0.053554296 
525 219 44 58 0.05081105 
954 556 17 21 0.05044056 
812 226 35 47 0.033348683 
665 432 29 31 0.027769566 
822 302 50 64 0.02746453 
843 360 37 39 0.027018026 
593 470 18 21 0.02617019 
1005 489 16 22 0.026160775 
856 348 32 39 0.026031569 
900 391 11 12 0.025569176 
-4 281 502 481 0.025522284 
974 194 11 14 0.02544914 
533 381 14 18 0.02535137 
752 257 47 71 0.023106426 
507 346 16 20 0.02235838 
998 449 14 19 0.021920992 
983 378 10 12 0.021841176 
1004 259 23 37 0.020496154 
