9_Press_Conference_Press_Conference_9_346
21
80 636 53 68 0.99969804 
417 670 51 61 0.99943036 
267 661 50 62 0.99932885 
611 705 41 63 0.9273078 
277 260 111 182 0.50856775 
379 987 63 46 0.15496689 
566 264 33 39 0.08908295 
523 1112 26 27 0.06305863 
614 812 389 438 0.061354604 
666 856 26 34 0.054041788 
441 229 367 492 0.04557088 
367 995 40 32 0.039680287 
346 966 108 81 0.028375069 
199 252 171 255 0.023160994 
68 652 11 16 0.0224635 
611 1134 30 33 0.022341594 
443 289 32 40 0.021865465 
659 1005 77 74 0.021416534 
220 274 31 41 0.020459859 
644 918 132 172 0.020410175 
674 1009 45 44 0.020124115 
