9_Press_Conference_Press_Conference_9_552
83
379 112 261 357 0.9994615 
470 1137 27 33 0.4774386 
438 1260 13 17 0.15470573 
432 1214 10 13 0.1517912 
340 1273 13 17 0.14298211 
448 1433 18 25 0.13590215 
406 1393 14 19 0.13032721 
982 988 39 58 0.11864682 
436 1213 12 15 0.09365873 
357 1263 15 21 0.085063964 
350 533 141 151 0.0809469 
300 429 227 335 0.075800635 
348 1290 16 20 0.06802621 
424 1212 11 13 0.06003691 
378 1371 23 31 0.05423575 
339 1295 17 24 0.0540965 
358 1223 21 27 0.05332663 
453 1258 14 16 0.05074772 
434 1354 14 20 0.04950195 
402 1228 15 18 0.048294585 
438 1404 24 35 0.04685739 
338 1270 23 30 0.045410942 
472 1198 13 16 0.044643983 
415 1338 17 20 0.04336661 
463 1215 12 16 0.04268824 
397 1253 11 12 0.041039262 
430 1299 12 15 0.041026466 
388 1282 15 20 0.040929694 
387 1210 14 19 0.038191266 
423 1204 11 15 0.038117215 
380 1216 14 21 0.037575714 
436 1363 14 21 0.03724955 
364 1257 14 19 0.036502175 
381 1321 13 17 0.036058757 
281 713 51 72 0.034940302 
429 1348 15 21 0.034777522 
370 1224 16 21 0.03429872 
399 1219 13 16 0.033288002 
443 1215 15 20 0.03205159 
363 1272 15 19 0.031856548 
349 1266 16 20 0.031794455 
447 1312 25 35 0.031404052 
428 1249 14 18 0.02990407 
214 98 349 446 0.02981323 
398 1245 13 16 0.029209163 
373 1213 14 18 0.02910206 
403 1322 23 28 0.029056648 
347 1274 15 18 0.029056191 
397 1212 13 17 0.028921165 
494 1204 16 18 0.028795285 
398 1320 15 22 0.028785428 
311 1420 30 45 0.028231576 
404 1241 12 17 0.028142996 
391 1253 13 15 0.027993377 
389 1321 13 17 0.027896825 
423 1218 13 15 0.026949001 
430 1258 15 20 0.026739856 
397 1387 13 19 0.026267702 
422 1297 16 17 0.026066458 
442 1251 13 17 0.025862189 
428 1197 13 15 0.025152644 
369 1273 17 19 0.024904676 
428 1205 13 15 0.024655042 
487 1219 11 14 0.024514683 
434 1303 28 34 0.024488214 
352 867 431 509 0.023843229 
371 1282 15 18 0.023222836 
468 1211 14 19 0.022765944 
524 554 511 364 0.022543402 
494 1206 24 27 0.022017013 
230 645 85 116 0.021944923 
354 1283 15 19 0.021706006 
452 1212 13 17 0.02164396 
435 1259 21 26 0.021474594 
347 1311 16 23 0.021304782 
396 1259 11 12 0.021020778 
455 1430 27 31 0.020954844 
434 1216 22 29 0.020927135 
440 1147 25 29 0.020905908 
436 1205 13 17 0.020682417 
404 1227 21 28 0.020645237 
434 1298 15 20 0.0203346 
424 1240 23 30 0.020281436 
