9_Press_Conference_Press_Conference_9_352
17
120 465 528 655 0.99998987 
346 524 397 508 0.9793057 
687 1204 368 485 0.3167831 
627 1382 113 135 0.26081648 
-91 1036 442 553 0.15875955 
581 1330 209 268 0.13868466 
161 331 399 529 0.10325221 
205 933 470 525 0.08599456 
-8 1301 276 331 0.061257973 
394 341 422 466 0.060520172 
610 579 389 486 0.050283827 
761 169 452 521 0.04959377 
753 1304 229 276 0.043310028 
642 977 354 491 0.035321392 
418 1102 392 506 0.035127323 
98 202 399 457 0.02675783 
630 -91 427 473 0.022958457 
