9_Press_Conference_Press_Conference_9_332
19
215 559 504 618 0.996329 
278 310 475 565 0.5394582 
268 833 579 488 0.2631693 
79 308 449 592 0.083667606 
489 1148 359 447 0.08264208 
15 16 97 98 0.06798691 
485 387 410 542 0.0651762 
924 647 92 190 0.04808213 
580 155 422 576 0.047292504 
418 616 501 585 0.04635902 
287 32 416 483 0.04184514 
98 -2 332 509 0.0333272 
654 1287 206 288 0.032974347 
223 1509 25 28 0.032390032 
59 533 25 35 0.022407707 
201 673 122 156 0.021624664 
212 1495 24 31 0.021332005 
268 1456 17 22 0.020347966 
212 1494 15 19 0.0202856 
