9_Press_Conference_Press_Conference_9_636
18
218 363 468 544 0.9999938 
286 635 444 536 0.36384672 
712 266 429 492 0.18227744 
539 1034 387 462 0.15965268 
411 289 360 496 0.15626808 
779 1030 215 272 0.10295709 
331 1170 312 447 0.093760744 
217 143 455 515 0.084241286 
334 1278 181 150 0.056873254 
30 967 182 215 0.051117186 
262 1214 255 295 0.036666583 
101 -92 397 511 0.028712537 
867 871 92 113 0.024880055 
898 873 108 138 0.023724524 
420 828 251 354 0.021492038 
-105 -53 402 492 0.021405254 
324 1211 156 172 0.020930694 
86 790 470 445 0.0200764 
