9_Press_Conference_Press_Conference_9_325
22
333 191 61 77 0.9986957 
686 119 59 101 0.9907589 
757 59 20 26 0.51266265 
479 138 21 29 0.0795472 
600 240 17 22 0.07337528 
598 374 15 18 0.0685445 
722 0 16 15 0.06400141 
482 260 13 18 0.061891463 
674 84 17 24 0.051758558 
536 122 22 29 0.040371705 
846 32 22 27 0.040343493 
435 155 12 18 0.03859241 
409 79 81 124 0.034298178 
769 62 16 23 0.03413605 
798 0 16 18 0.03199966 
411 94 47 82 0.03023064 
431 269 13 18 0.027571669 
750 62 17 22 0.027528204 
874 519 43 51 0.027150959 
770 331 116 188 0.026071766 
748 58 40 46 0.025808133 
533 248 22 28 0.02527924 
