9_Press_Conference_Press_Conference_9_31
214
46 286 14 17 0.9928403 
81 481 21 36 0.9336902 
18 307 15 18 0.9044931 
443 205 15 21 0.8838028 
587 210 14 18 0.8448026 
806 444 28 32 0.78259933 
859 431 22 29 0.78000754 
338 386 21 27 0.7361352 
186 377 22 28 0.7147977 
56 421 28 32 0.69457185 
259 373 26 31 0.63309884 
150 426 30 37 0.58290964 
339 492 29 36 0.576511 
905 400 26 35 0.5231886 
117 374 17 23 0.5175244 
958 437 24 29 0.4829678 
279 579 54 51 0.42139846 
614 433 28 34 0.35062417 
745 379 24 29 0.34916103 
969 493 28 36 0.3392665 
192 436 32 38 0.33580378 
70 377 22 28 0.3314559 
818 373 22 27 0.32404953 
663 389 18 20 0.3233571 
396 432 26 30 0.30470967 
403 381 22 26 0.28002682 
878 389 21 26 0.2739774 
83 378 15 22 0.2624548 
980 354 17 21 0.2528912 
11 423 17 23 0.23641331 
19 359 17 19 0.2182245 
28 439 17 21 0.20155877 
67 485 34 49 0.18499841 
867 427 24 30 0.17711891 
969 434 26 30 0.17400351 
298 442 30 34 0.1724707 
66 428 26 31 0.16731426 
929 364 17 20 0.14197126 
887 494 32 38 0.14056137 
336 508 42 58 0.13675056 
72 360 25 29 0.12043019 
938 365 18 20 0.116535224 
870 518 22 34 0.11561499 
29 619 25 29 0.11431063 
589 454 31 38 0.11194511 
786 491 30 36 0.10673444 
804 431 26 30 0.102964826 
599 438 42 54 0.10292999 
876 516 38 46 0.10200137 
224 516 30 39 0.098752916 
825 449 15 21 0.09719441 
680 533 19 31 0.09617315 
720 612 69 54 0.09572962 
315 434 16 19 0.09514516 
63 413 25 29 0.09413811 
394 452 27 31 0.08616116 
429 210 11 15 0.0861229 
722 432 24 29 0.08033724 
25 306 13 18 0.080163024 
300 586 59 58 0.0778678 
595 386 16 19 0.07588862 
332 458 14 18 0.07498653 
139 529 16 21 0.07219366 
64 386 23 27 0.07006124 
885 392 24 30 0.069778524 
279 597 31 38 0.0681132 
972 490 18 24 0.06729138 
152 508 39 48 0.06602451 
661 382 15 18 0.06420558 
75 596 25 37 0.061677244 
404 393 22 26 0.061292082 
0 309 10 17 0.06101465 
915 395 14 19 0.060904372 
928 370 21 26 0.060081135 
1004 370 16 20 0.059575476 
874 497 30 36 0.057799894 
82 338 14 16 0.057541836 
9 409 19 26 0.05590415 
869 385 21 27 0.055485882 
657 387 12 20 0.05522202 
883 381 18 21 0.055100124 
958 221 12 14 0.05355479 
310 580 32 43 0.05094347 
856 522 27 41 0.050896414 
104 563 44 63 0.05031357 
304 430 24 28 0.050046407 
326 456 15 19 0.0499891 
741 390 16 21 0.049639963 
298 440 20 22 0.049630232 
814 361 24 30 0.048559994 
20 426 19 27 0.0468962 
317 334 23 30 0.045803692 
408 461 26 32 0.045749538 
797 443 19 24 0.045624834 
308 639 53 49 0.04414598 
814 376 16 21 0.043975048 
852 371 21 25 0.04377755 
334 453 23 28 0.042139985 
171 518 25 36 0.040803906 
76 344 22 26 0.04072988 
901 436 17 20 0.04065054 
343 527 48 60 0.040646024 
908 395 16 22 0.040514596 
1014 312 10 18 0.039798446 
19 394 24 26 0.03944438 
980 365 17 21 0.038915996 
160 417 25 33 0.03882875 
345 379 16 26 0.038395904 
782 393 15 20 0.038099874 
110 382 26 32 0.037196282 
656 381 12 16 0.0367536 
18 415 17 27 0.036690645 
320 449 25 30 0.036473103 
461 639 16 21 0.036337085 
436 187 11 15 0.035301585 
430 202 19 26 0.034781702 
679 601 120 91 0.034765534 
732 530 14 18 0.034213025 
591 393 16 20 0.033957206 
43 346 16 21 0.033705115 
299 361 18 23 0.03368708 
720 519 29 34 0.03363692 
868 366 15 16 0.03329708 
467 632 15 23 0.033083856 
44 341 14 16 0.032869205 
839 515 34 47 0.032406982 
60 364 23 29 0.032288205 
56 591 45 55 0.03218966 
110 371 18 22 0.03203815 
857 383 20 26 0.03140005 
873 406 24 29 0.03127955 
345 484 42 52 0.031238528 
344 455 26 30 0.030608527 
877 625 51 57 0.030179689 
748 374 16 19 0.02990792 
795 455 36 39 0.029727368 
133 524 47 53 0.029548934 
314 448 17 21 0.029385107 
393 452 43 51 0.029383449 
820 383 24 28 0.029211013 
970 429 19 22 0.028967502 
660 602 16 19 0.028818654 
867 379 16 21 0.028600397 
668 513 34 51 0.028147537 
436 196 15 19 0.028132187 
776 493 26 37 0.027814044 
976 481 27 33 0.027384553 
853 364 17 18 0.027298674 
419 471 17 21 0.026833707 
833 450 15 21 0.026440145 
845 436 21 29 0.026306722 
85 572 42 60 0.026141716 
138 517 27 34 0.026121698 
825 367 23 28 0.026066327 
639 197 12 16 0.0260572 
162 427 37 47 0.025955994 
4 308 13 17 0.025504539 
976 426 28 33 0.025496777 
579 184 23 28 0.025009993 
931 381 17 22 0.024818884 
600 457 18 21 0.024813427 
994 276 26 38 0.024677323 
973 356 18 24 0.024650596 
814 364 15 18 0.024518525 
83 365 22 30 0.024443813 
925 356 16 21 0.024377108 
417 384 15 22 0.024368495 
257 384 33 40 0.024326144 
99 440 23 28 0.024179582 
762 490 26 35 0.024061862 
391 191 10 14 0.023973385 
869 517 14 20 0.023811322 
752 470 31 42 0.023787502 
373 397 12 16 0.023769185 
80 437 16 24 0.023603288 
880 434 16 21 0.023535496 
298 385 18 24 0.023453886 
403 475 44 54 0.02335611 
950 439 17 24 0.023223108 
920 231 11 14 0.023197746 
430 195 13 16 0.023191866 
11 591 23 32 0.023158208 
677 523 17 26 0.023118785 
352 498 18 26 0.023113744 
667 397 17 19 0.02300881 
721 503 34 38 0.022920655 
950 446 25 34 0.02283847 
901 350 15 17 0.022770792 
883 478 34 38 0.022692835 
43 352 22 28 0.022310205 
376 464 45 56 0.022286559 
304 612 55 55 0.022232655 
54 429 18 22 0.022132648 
829 573 39 59 0.022060852 
171 515 47 58 0.022051806 
333 380 19 22 0.021844914 
408 434 18 22 0.021802763 
269 593 29 36 0.021619307 
732 393 16 19 0.021573856 
881 460 27 31 0.02147446 
683 450 18 20 0.021460881 
710 434 21 35 0.021225957 
729 460 41 49 0.02121711 
795 499 30 35 0.021142015 
1 414 23 33 0.021133153 
857 588 42 59 0.020931698 
761 378 16 21 0.020559372 
55 435 30 34 0.020496015 
359 464 42 50 0.02022126 
354 548 46 62 0.020214994 
951 505 37 49 0.02012873 
655 602 27 31 0.020117829 
790 474 36 39 0.0201025 
838 443 23 30 0.020076057 
