9_Press_Conference_Press_Conference_9_563
22
392 105 189 262 0.9998963 
780 213 129 166 0.99953794 
989 281 15 18 0.13395518 
723 34 16 19 0.106244445 
369 29 25 29 0.10443753 
980 321 44 63 0.07803048 
257 331 44 66 0.073546775 
160 225 64 81 0.07086149 
250 344 31 45 0.062353607 
372 21 17 20 0.05982175 
461 538 66 69 0.055844482 
418 543 123 105 0.05385812 
716 74 45 57 0.049274515 
266 562 109 83 0.038044605 
719 37 24 28 0.037301417 
341 148 413 469 0.03727581 
961 530 36 41 0.030809456 
575 570 28 33 0.0272393 
889 186 15 19 0.026699182 
668 356 36 47 0.026112512 
931 418 33 45 0.025061812 
462 585 70 69 0.024971101 
