9_Press_Conference_Press_Conference_9_40
130
750 118 28 36 0.99842036 
299 178 14 17 0.9941307 
51 224 18 23 0.9868794 
221 229 37 53 0.98398083 
464 179 18 22 0.98092437 
13 171 17 21 0.97731906 
246 170 13 17 0.97692716 
404 162 15 20 0.97525793 
109 186 16 19 0.97433305 
712 157 34 39 0.9699084 
528 167 20 27 0.9534648 
897 172 29 35 0.94704163 
368 235 21 26 0.92664665 
460 156 15 18 0.92416143 
187 181 15 19 0.913703 
352 167 14 18 0.91057616 
374 177 12 15 0.9077578 
424 166 16 21 0.884856 
333 180 11 15 0.8221033 
694 159 21 29 0.81428105 
206 173 14 18 0.7647487 
320 231 22 45 0.74424446 
919 130 30 37 0.7407709 
510 168 15 19 0.71099967 
260 214 24 31 0.70101714 
983 174 44 39 0.5420188 
592 137 18 21 0.3982765 
566 171 12 17 0.3469393 
696 159 13 17 0.246891 
597 171 13 18 0.22716984 
664 174 21 28 0.19728553 
515 196 14 18 0.1477843 
592 125 22 27 0.14397854 
559 158 13 17 0.13121212 
445 173 13 16 0.13042238 
206 180 14 21 0.12244462 
563 163 15 19 0.11624455 
650 214 13 17 0.096882135 
588 166 20 25 0.086216286 
969 167 39 41 0.07942612 
951 187 14 16 0.07052474 
611 173 404 392 0.06674576 
323 220 20 32 0.06645619 
533 200 14 19 0.065297626 
367 228 16 21 0.065202944 
522 202 15 19 0.0641975 
709 147 23 35 0.06287685 
665 175 12 15 0.060024474 
503 169 14 21 0.055710733 
103 193 24 28 0.05537981 
195 180 14 17 0.054228257 
908 138 28 34 0.054173313 
576 112 11 13 0.052985802 
389 174 13 18 0.052210234 
935 136 17 23 0.050879303 
266 247 22 38 0.04965881 
966 150 30 38 0.04899117 
342 164 12 16 0.048189793 
586 144 24 28 0.0455686 
215 190 14 21 0.04120446 
427 160 12 15 0.041195907 
601 125 13 17 0.03796292 
1 122 15 19 0.037227705 
932 169 15 17 0.03681775 
354 172 16 21 0.036774956 
662 201 12 15 0.03544668 
416 278 26 37 0.03535041 
559 169 14 18 0.035259422 
443 163 14 19 0.035131264 
447 239 29 32 0.035114456 
662 221 10 11 0.034756366 
924 154 27 29 0.034741554 
678 261 12 15 0.03390763 
510 190 14 18 0.033814266 
436 245 29 32 0.03371434 
252 276 26 33 0.033340205 
716 141 15 24 0.03286903 
581 164 17 21 0.031181293 
349 291 14 18 0.030993951 
420 252 28 39 0.030881535 
829 189 12 17 0.030565389 
649 253 11 14 0.029779507 
979 186 41 46 0.029561182 
563 130 13 16 0.029214853 
470 219 15 18 0.028793778 
331 211 14 20 0.028664617 
250 176 12 17 0.028226813 
455 173 19 25 0.027804479 
386 161 15 19 0.027202936 
192 246 27 35 0.027113229 
416 286 13 24 0.026224993 
332 190 14 18 0.025799857 
522 369 22 39 0.025545752 
698 138 41 54 0.025431564 
597 120 12 14 0.025273176 
458 233 30 32 0.02517872 
909 182 31 34 0.025097055 
670 221 9 11 0.025028758 
552 150 10 12 0.02499106 
344 159 18 24 0.02487896 
827 229 15 16 0.024824051 
476 238 17 20 0.02481132 
378 174 13 17 0.024541352 
903 159 46 48 0.02453815 
739 156 15 23 0.024450613 
358 227 11 16 0.024358086 
660 185 21 27 0.024132658 
945 179 23 29 0.024024153 
924 171 14 16 0.023871003 
437 170 12 16 0.023665488 
600 142 16 19 0.023658449 
187 203 24 30 0.023639927 
443 147 14 18 0.023403274 
534 612 33 43 0.023372062 
451 236 17 20 0.023357915 
348 274 11 15 0.023324437 
930 165 25 28 0.022548456 
573 110 21 24 0.02234369 
923 175 27 34 0.022001192 
821 180 20 32 0.021862488 
175 45 32 30 0.021681432 
456 160 15 18 0.021252286 
898 162 18 22 0.021244783 
923 162 16 18 0.021175437 
338 164 11 14 0.021065053 
899 155 15 19 0.020819291 
577 105 9 11 0.02057188 
262 274 16 20 0.0205578 
910 152 30 34 0.020370414 
645 215 21 28 0.02014061 
