14_Traffic_Traffic_14_675
35
577 326 121 164 0.98553723 
269 508 380 407 0.3813904 
688 280 443 574 0.21368772 
577 165 29 34 0.115007035 
54 -4 405 446 0.112819485 
98 444 464 573 0.08834366 
319 -5 213 238 0.061136108 
717 177 106 156 0.056998596 
500 470 411 509 0.05595299 
511 181 25 32 0.053471927 
985 199 8 10 0.05053771 
348 4 118 138 0.04778291 
1005 235 15 16 0.046774216 
694 826 15 17 0.04222237 
681 162 35 48 0.042071484 
488 230 10 14 0.040898636 
270 70 398 448 0.039517615 
702 414 260 358 0.03864061 
923 274 14 18 0.035814293 
-3 549 72 134 0.03563508 
1014 266 9 15 0.035433996 
323 631 286 210 0.03391726 
989 198 8 11 0.030523285 
535 225 197 270 0.024834879 
-7 665 352 500 0.024776975 
585 -8 93 107 0.024107808 
984 222 11 13 0.02392303 
582 -75 361 476 0.02236584 
998 235 14 16 0.022004379 
1001 181 9 14 0.02152484 
516 245 10 13 0.020835694 
1009 260 11 16 0.020669045 
985 193 9 12 0.020602465 
558 471 42 51 0.02006891 
992 166 10 13 0.02002346 
