14_Traffic_Traffic_14_361
131
914 292 13 15 0.29170632 
848 291 17 20 0.2838608 
517 301 11 13 0.22351214 
673 319 9 12 0.1903325 
485 308 10 12 0.18280771 
721 310 9 12 0.14095232 
886 289 13 17 0.13323236 
657 320 8 10 0.09866097 
927 292 11 15 0.091245174 
720 317 10 12 0.0912307 
839 287 21 26 0.089779325 
912 287 12 15 0.08838095 
725 310 10 13 0.08702777 
725 317 10 11 0.079723366 
550 278 9 10 0.0740181 
693 290 11 14 0.073683806 
832 281 13 18 0.06716934 
430 305 9 11 0.06258146 
421 333 10 12 0.062247895 
406 334 8 10 0.06150549 
671 312 9 11 0.0573279 
359 321 8 10 0.0566957 
645 334 12 13 0.05409177 
560 272 8 10 0.051983923 
581 247 9 11 0.051801976 
637 238 10 12 0.051335197 
1 236 12 16 0.05128024 
607 315 9 11 0.050423134 
469 315 12 13 0.050011486 
719 286 9 13 0.046157774 
606 270 8 11 0.0457068 
512 283 10 12 0.044642355 
661 323 10 11 0.044515915 
481 309 10 13 0.042183645 
494 324 10 11 0.041664205 
837 150 9 11 0.040750675 
401 335 8 10 0.040299054 
858 289 14 18 0.040231258 
513 278 9 11 0.039876584 
367 321 8 10 0.03938353 
590 270 7 10 0.039201178 
401 246 9 10 0.038531203 
416 333 10 12 0.038370956 
890 285 14 17 0.03836445 
352 320 9 12 0.037368376 
478 284 10 11 0.03696128 
567 327 8 10 0.036079813 
408 246 9 10 0.035901774 
816 267 10 13 0.03584515 
496 302 10 13 0.03580689 
384 215 8 11 0.035679765 
414 304 10 12 0.03540316 
513 273 8 10 0.035376508 
501 301 10 13 0.035159595 
591 248 8 10 0.03496655 
456 286 8 10 0.034838617 
577 280 8 9 0.0347147 
592 230 11 13 0.03447833 
462 316 13 14 0.034204315 
932 297 13 17 0.03386793 
485 279 9 10 0.03362943 
951 298 12 16 0.03298914 
583 264 9 10 0.032364268 
731 308 11 14 0.03219479 
598 255 8 10 0.032066606 
607 294 8 10 0.03179033 
519 366 9 11 0.031768512 
522 300 11 13 0.03150633 
733 318 10 12 0.031160397 
455 318 10 12 0.031125156 
901 286 11 14 0.030879194 
915 280 11 13 0.030599544 
435 222 8 11 0.030416561 
529 274 10 13 0.03028484 
359 342 9 11 0.029410096 
599 262 8 10 0.029357404 
869 286 11 16 0.029231781 
428 263 9 11 0.02880966 
584 269 9 10 0.028760146 
485 271 9 10 0.02748157 
639 242 11 13 0.027226284 
880 288 13 19 0.027127031 
513 305 11 14 0.026641697 
-6 187 283 253 0.026633391 
376 341 11 13 0.026608458 
854 328 22 24 0.026558364 
726 322 11 13 0.025765033 
584 285 9 11 0.025449296 
671 238 28 32 0.025334984 
499 318 10 12 0.025069064 
657 279 9 12 0.02490064 
407 329 9 12 0.024760205 
413 351 9 11 0.024417456 
577 264 8 10 0.024390232 
413 221 10 12 0.024311272 
455 223 10 12 0.024256058 
583 280 8 10 0.024223486 
446 295 10 11 0.02409596 
590 287 8 10 0.024017077 
408 -40 436 518 0.023988264 
732 324 12 14 0.023729384 
425 303 9 12 0.023427559 
590 264 9 10 0.023368655 
677 299 10 13 0.022835929 
714 317 9 12 0.022654532 
585 310 9 11 0.02260797 
556 343 10 12 0.022332095 
460 178 11 12 0.02215639 
356 174 11 14 0.021983176 
380 243 12 15 0.021974556 
662 279 10 14 0.021647274 
337 277 10 13 0.021517482 
444 300 12 14 0.021486983 
675 288 13 17 0.021399751 
468 338 12 14 0.021304108 
552 272 9 11 0.021250991 
652 334 10 12 0.021014402 
441 270 8 10 0.02084486 
640 328 10 11 0.02073948 
644 328 12 13 0.020688398 
358 381 12 16 0.02064432 
601 270 9 11 0.020640982 
818 373 17 18 0.020563738 
590 280 8 9 0.020554813 
903 279 9 11 0.020371765 
608 304 9 10 0.020327605 
664 303 9 11 0.020317039 
671 302 9 12 0.020208301 
452 333 14 16 0.020119892 
662 344 10 11 0.020051401 
631 327 8 9 0.020018257 
