14_Traffic_Traffic_14_840
515
145 279 31 36 0.9989403 
704 277 29 34 0.9988865 
92 257 27 29 0.9979261 
923 272 31 35 0.997894 
53 253 31 34 0.9973532 
19 284 35 38 0.9973327 
607 287 31 35 0.9970523 
808 284 29 32 0.9951617 
276 274 33 37 0.9932708 
489 271 35 40 0.99299276 
578 258 26 31 0.98961604 
186 256 33 40 0.98538995 
315 254 21 27 0.98175013 
133 238 26 29 0.98132807 
960 257 28 33 0.9807755 
259 238 26 29 0.9761797 
773 266 25 29 0.9750533 
627 211 14 16 0.9634978 
52 199 14 19 0.9603283 
861 265 26 29 0.96004707 
382 297 29 33 0.95253944 
610 241 17 20 0.9229075 
667 263 31 34 0.9228802 
630 242 22 25 0.91938865 
517 211 14 18 0.9171064 
706 240 27 31 0.9023059 
708 213 13 16 0.88856506 
209 252 28 35 0.88262606 
574 207 15 17 0.8816962 
755 147 12 15 0.88032424 
743 224 17 22 0.87151563 
749 256 24 29 0.8620254 
27 209 16 19 0.84357166 
863 196 10 14 0.8347658 
413 228 22 26 0.82146215 
935 167 12 16 0.80794346 
891 172 12 18 0.77248484 
791 216 16 18 0.7663895 
633 191 12 15 0.75517774 
598 225 15 19 0.7235997 
343 233 24 30 0.7179498 
531 224 15 19 0.7103212 
885 240 19 21 0.67066604 
323 200 14 17 0.6668125 
0 195 14 19 0.6546296 
494 185 12 15 0.6474563 
264 196 17 19 0.63028955 
836 193 13 17 0.6175685 
650 217 17 20 0.61492103 
978 189 9 11 0.60448426 
102 166 13 17 0.59710854 
226 204 14 18 0.5962305 
559 239 24 29 0.57292753 
391 267 28 30 0.5546162 
662 184 14 16 0.5069666 
306 201 12 16 0.48824373 
695 195 12 15 0.45532343 
878 198 11 14 0.45212162 
199 228 27 29 0.37517616 
468 242 25 31 0.34731483 
728 489 15 20 0.34703624 
192 182 10 13 0.33654958 
535 173 12 15 0.33119577 
867 196 12 15 0.32635206 
611 159 9 11 0.31530604 
604 233 18 23 0.313529 
980 231 23 27 0.29971176 
838 263 20 25 0.29067785 
900 175 12 16 0.28109726 
745 205 22 27 0.27792445 
993 199 11 15 0.26192197 
594 152 9 11 0.26075715 
287 211 15 18 0.2563135 
1011 220 11 19 0.2508484 
536 151 9 11 0.23508915 
629 150 8 12 0.22575752 
525 156 10 12 0.21338102 
367 211 12 15 0.2130959 
799 183 12 15 0.2114967 
224 500 29 34 0.21066079 
772 187 11 14 0.20837893 
831 188 14 19 0.20791338 
706 258 33 40 0.20317747 
432 158 10 14 0.18000229 
978 213 15 19 0.1785663 
502 156 10 12 0.1781227 
613 200 13 17 0.17660223 
773 234 22 27 0.17597727 
561 182 12 15 0.1748328 
978 386 16 20 0.17480296 
615 241 24 27 0.17269608 
890 168 10 13 0.17157246 
661 240 21 25 0.16997865 
401 230 27 31 0.16615686 
526 151 9 12 0.16516212 
445 249 22 27 0.16062406 
542 151 8 10 0.1603302 
797 206 15 17 0.15900752 
964 242 28 37 0.1589858 
839 210 13 17 0.14478666 
651 516 15 23 0.14308988 
562 248 26 33 0.14287975 
53 157 9 12 0.13989887 
736 174 12 17 0.13526106 
409 187 11 13 0.13276811 
389 237 23 27 0.13248375 
456 190 10 13 0.12750274 
494 225 17 20 0.12656073 
569 150 8 10 0.12559208 
107 419 26 33 0.12389614 
863 229 15 17 0.12091074 
676 217 16 18 0.118079014 
614 180 11 13 0.11323223 
223 197 15 19 0.11085362 
1005 205 14 16 0.10933363 
197 390 24 27 0.10388948 
988 277 25 27 0.10216983 
592 226 14 19 0.100750715 
523 215 18 24 0.098828726 
214 208 22 24 0.09764689 
474 254 27 32 0.09743836 
137 198 22 26 0.09741095 
584 188 12 15 0.09662056 
346 149 8 10 0.09507394 
76 469 22 29 0.09430099 
574 157 9 12 0.093915835 
599 172 11 13 0.09249231 
732 462 10 13 0.09026379 
384 203 9 13 0.089633785 
95 166 12 15 0.08936219 
832 185 11 13 0.08912788 
389 278 31 38 0.08572075 
384 199 10 11 0.08449742 
121 220 16 21 0.08397609 
507 347 30 45 0.08366112 
132 463 26 30 0.083277985 
327 178 9 12 0.08319283 
542 188 13 15 0.08270694 
411 222 18 21 0.082390875 
135 195 14 18 0.08204769 
873 244 26 30 0.081508294 
383 242 14 17 0.080390364 
550 151 7 10 0.080309995 
455 248 22 29 0.07878554 
381 375 23 33 0.078333996 
205 215 26 30 0.078135535 
498 151 8 11 0.076744184 
813 184 11 12 0.07673493 
720 198 12 14 0.076629944 
695 219 12 14 0.076592214 
122 414 25 30 0.075796515 
442 330 25 35 0.07448132 
545 196 12 15 0.07266899 
562 144 8 10 0.07194093 
465 218 16 18 0.07175731 
353 243 19 24 0.07145179 
881 211 12 14 0.07070108 
609 164 10 12 0.07030625 
659 494 17 19 0.070231035 
506 270 27 34 0.06990627 
634 221 22 27 0.06946869 
291 206 15 18 0.06853409 
621 181 9 12 0.06759924 
559 226 24 29 0.067520894 
836 201 15 19 0.067447506 
573 151 8 11 0.06627701 
908 174 10 13 0.065958865 
470 156 7 10 0.06589631 
768 183 12 15 0.06508869 
234 203 13 17 0.06429443 
486 210 12 15 0.06389666 
718 241 17 20 0.062185075 
527 280 14 19 0.062142473 
939 444 33 38 0.06207725 
310 186 13 15 0.061889533 
409 148 8 10 0.06145596 
446 214 11 13 0.061194595 
416 145 9 10 0.061142784 
479 232 26 30 0.061088488 
74 203 27 32 0.060964726 
165 249 16 20 0.06027752 
391 206 9 12 0.060234815 
599 167 10 12 0.059852343 
256 240 17 22 0.059563015 
125 226 26 32 0.05923475 
170 455 26 32 0.058616083 
825 268 24 30 0.058522932 
651 237 22 26 0.058241062 
432 152 8 10 0.058142442 
670 203 12 14 0.05793102 
422 143 8 11 0.057917517 
668 466 15 19 0.057870034 
1003 283 15 20 0.05649612 
676 203 15 17 0.055239856 
501 163 12 15 0.054684058 
317 182 11 12 0.05441347 
358 209 14 17 0.054353893 
934 253 40 51 0.054155532 
422 149 8 9 0.053686846 
452 298 26 35 0.053540852 
848 256 26 31 0.05257975 
279 503 18 22 0.052537885 
445 243 17 21 0.05246058 
485 158 8 9 0.052411325 
462 166 10 14 0.052397076 
271 234 20 22 0.05234831 
515 226 23 30 0.05156726 
258 290 25 33 0.051407676 
71 246 37 42 0.05119417 
90 166 9 13 0.05073251 
699 513 18 22 0.0506717 
283 458 18 21 0.05057135 
700 205 16 17 0.050413772 
724 203 14 17 0.050015256 
566 145 8 10 0.049699526 
550 157 9 11 0.04920569 
389 190 9 14 0.049116645 
196 226 18 21 0.048227742 
755 198 13 16 0.048142765 
903 259 13 18 0.04775086 
656 134 8 11 0.047676366 
333 222 24 28 0.04756592 
993 201 20 24 0.04696068 
431 210 13 17 0.0465386 
683 202 14 17 0.046007715 
838 481 13 18 0.04577259 
363 246 15 21 0.045545276 
911 167 9 11 0.045245122 
707 226 21 25 0.045036852 
918 172 9 11 0.04482236 
992 224 23 29 0.04466996 
452 302 43 50 0.04447761 
626 221 17 21 0.044204023 
587 195 12 16 0.044134267 
916 166 10 12 0.043883123 
509 234 13 19 0.043562308 
539 180 12 15 0.043340784 
14 196 12 16 0.043283127 
657 142 8 11 0.04304509 
396 212 10 12 0.04298934 
609 153 8 9 0.04295812 
1002 210 18 26 0.04249376 
462 198 12 14 0.042132158 
709 179 12 14 0.04194612 
989 210 13 17 0.041633528 
59 384 28 34 0.041496586 
842 252 16 21 0.04145909 
462 210 15 19 0.04133392 
588 183 12 14 0.041189995 
635 217 15 18 0.041182052 
349 209 14 16 0.040920917 
222 256 18 23 0.04059107 
580 196 15 19 0.040493127 
718 202 14 17 0.040213708 
594 350 29 40 0.0395447 
353 276 23 32 0.039510123 
636 233 22 28 0.0395094 
868 221 13 15 0.039358854 
29 191 13 16 0.039281815 
464 203 16 19 0.039279204 
540 166 10 13 0.039269637 
688 197 12 15 0.039103717 
420 219 21 26 0.03898298 
667 196 13 16 0.038585737 
936 205 11 14 0.038112547 
683 214 13 17 0.03773521 
613 187 14 16 0.037661396 
525 162 12 14 0.03737364 
849 268 30 34 0.037345503 
280 221 22 27 0.037296146 
362 432 14 17 0.037121646 
658 213 14 18 0.03693919 
724 358 23 30 0.036924258 
613 150 9 11 0.036845725 
415 399 24 29 0.036581706 
623 145 9 11 0.0364166 
167 250 24 31 0.03640851 
735 225 16 21 0.03601195 
465 158 9 11 0.035990167 
34 195 14 17 0.035945717 
615 144 9 12 0.035942227 
671 210 15 19 0.035822917 
546 456 35 48 0.035541743 
475 323 45 58 0.035511084 
952 419 11 15 0.035475124 
145 196 17 19 0.035215832 
407 213 13 15 0.03517534 
310 236 14 17 0.03501732 
7 191 18 26 0.035002284 
481 157 8 10 0.034745105 
384 192 10 13 0.034591474 
34 203 17 22 0.034562804 
625 153 11 15 0.034481004 
589 204 10 13 0.03427513 
23 190 10 15 0.0342484 
780 228 17 21 0.034138076 
569 155 10 12 0.034070045 
606 248 456 532 0.03404357 
438 249 16 21 0.033860803 
437 208 9 12 0.033818472 
229 249 23 31 0.03380235 
46 229 24 28 0.033465657 
896 212 10 13 0.03340621 
850 209 13 15 0.033302147 
507 148 11 14 0.033288717 
246 521 15 20 0.033268664 
525 228 17 21 0.03325653 
753 199 21 29 0.032936655 
607 172 10 13 0.032877762 
334 144 10 13 0.03238222 
496 165 11 14 0.032230552 
275 201 13 17 0.032176264 
376 197 11 13 0.031841047 
661 202 13 15 0.031720668 
219 466 17 21 0.03160632 
272 255 31 39 0.031591404 
474 237 19 22 0.031516667 
919 183 10 12 0.031502042 
373 204 13 16 0.031458013 
775 173 10 14 0.031443305 
561 213 12 15 0.031352557 
757 382 16 19 0.03129961 
148 452 36 44 0.03129354 
669 482 14 18 0.031064363 
333 236 24 30 0.030947337 
126 239 16 21 0.03083081 
455 163 12 15 0.03081851 
194 147 16 20 0.030756196 
494 214 11 15 0.030750383 
824 188 10 14 0.030723283 
534 186 13 15 0.03036775 
703 243 18 19 0.030363508 
452 212 12 15 0.03035577 
612 207 17 20 0.030232796 
732 210 13 18 0.0302076 
147 242 27 30 0.03017888 
315 234 15 17 0.030165194 
979 217 23 27 0.030142559 
661 148 9 11 0.030135924 
45 202 19 24 0.030115942 
387 266 20 23 0.030085105 
648 205 23 27 0.030053606 
583 225 13 18 0.029834053 
657 187 13 15 0.02973385 
640 143 9 12 0.029679557 
573 161 12 15 0.029629353 
797 196 16 17 0.029606817 
438 189 11 14 0.02956991 
434 162 13 17 0.029398913 
1000 218 12 16 0.029365094 
1012 476 10 18 0.029317725 
99 385 25 29 0.029219875 
844 204 13 18 0.029185727 
419 302 26 34 0.028979484 
568 163 11 13 0.028943446 
598 177 12 15 0.02879252 
565 212 21 24 0.028773153 
784 216 15 19 0.028754696 
44 228 15 20 0.0287129 
494 347 31 41 0.028522337 
464 150 8 11 0.028473828 
376 190 9 12 0.02844658 
840 269 24 32 0.028413063 
1003 225 20 30 0.028377153 
495 232 24 29 0.028298717 
276 165 10 14 0.028144926 
565 263 18 22 0.028076246 
991 192 12 14 0.028045528 
331 220 14 18 0.028017543 
712 215 17 20 0.028004082 
559 219 14 18 0.027800262 
145 205 19 22 0.027626412 
900 213 12 14 0.027380235 
667 225 22 27 0.027313685 
406 220 16 19 0.027284257 
477 171 10 13 0.027236324 
902 168 10 11 0.027165314 
190 237 43 51 0.027091758 
486 218 14 18 0.026993072 
409 298 25 33 0.026947433 
389 172 12 18 0.026929455 
881 203 13 16 0.026643936 
15 503 16 23 0.026629828 
543 157 9 10 0.026613321 
416 410 27 32 0.026410127 
3 286 22 35 0.026402222 
294 202 21 24 0.026331615 
916 203 14 18 0.026294671 
381 210 10 14 0.02628909 
272 170 12 15 0.026138857 
469 224 25 29 0.026113985 
456 149 8 10 0.026111856 
439 172 11 15 0.026090948 
421 204 13 15 0.02605071 
976 191 12 17 0.025981626 
26 194 20 26 0.02595269 
624 499 13 16 0.025951885 
132 211 27 33 0.025906544 
370 247 15 20 0.025802579 
752 224 15 19 0.025663381 
613 372 29 37 0.025653314 
757 173 11 14 0.02555465 
379 271 30 37 0.025423018 
622 145 19 24 0.025353832 
794 182 12 15 0.025253093 
304 262 24 33 0.025164446 
752 257 35 45 0.025151508 
830 259 18 21 0.02512282 
649 503 24 29 0.025096694 
872 258 25 32 0.025028512 
499 155 8 11 0.024991479 
117 459 39 51 0.024980394 
399 149 7 10 0.024965128 
859 240 17 19 0.024715262 
699 192 11 13 0.02455349 
1 308 11 18 0.02431273 
821 183 10 13 0.024237162 
798 183 20 23 0.024133163 
894 194 13 16 0.024039404 
1005 480 14 21 0.023997927 
679 134 8 11 0.02397955 
716 227 22 27 0.023911513 
767 165 10 12 0.02386921 
343 444 10 14 0.023831861 
494 172 12 15 0.023819013 
542 293 29 33 0.023780715 
924 204 11 15 0.023749994 
774 192 12 16 0.023711706 
49 152 10 13 0.023709044 
346 210 23 28 0.023594318 
116 226 23 28 0.02346533 
321 174 11 13 0.023400778 
0 426 19 29 0.023369765 
980 205 13 17 0.023332464 
758 177 13 17 0.023306 
459 287 30 37 0.023221679 
364 206 20 25 0.023145745 
662 476 25 30 0.023139805 
445 259 27 35 0.023116654 
848 244 24 29 0.023069913 
559 175 12 14 0.02275711 
309 245 35 43 0.022724038 
521 152 19 23 0.02255877 
13 469 26 32 0.022549015 
773 167 9 12 0.022531621 
477 212 13 16 0.022486424 
611 251 18 22 0.022474835 
894 247 22 25 0.022453971 
998 193 11 13 0.022388842 
656 224 17 19 0.022371221 
447 158 9 12 0.022208575 
901 254 22 29 0.022169849 
574 144 8 10 0.022150312 
606 152 18 23 0.02213995 
340 465 14 17 0.02213235 
694 520 19 22 0.022099284 
956 445 13 16 0.022088412 
507 226 15 19 0.022078268 
549 245 23 30 0.022045683 
253 217 15 17 0.021982469 
654 520 19 26 0.021825025 
453 220 11 15 0.021797394 
547 488 51 61 0.02177837 
190 176 17 23 0.021747569 
683 408 17 21 0.021735884 
623 187 11 15 0.021667227 
1008 239 15 22 0.02165244 
814 232 24 29 0.021606775 
447 149 8 11 0.021583851 
381 242 23 27 0.021572376 
865 238 25 29 0.021564778 
504 143 10 14 0.021553595 
686 141 9 12 0.021523096 
394 172 19 27 0.021502938 
550 484 32 41 0.021499101 
465 289 45 49 0.02149852 
447 189 9 13 0.02140276 
197 375 27 31 0.021381183 
414 357 12 16 0.021377727 
306 185 21 24 0.02129728 
253 226 16 20 0.02125968 
412 195 11 13 0.021233205 
774 459 13 16 0.021227282 
683 393 17 22 0.02119947 
896 240 16 20 0.021034358 
496 158 20 24 0.020996774 
65 376 26 29 0.020994784 
521 165 11 13 0.020989446 
592 246 25 31 0.020988584 
690 501 27 31 0.020908292 
710 155 12 16 0.020894207 
438 149 9 12 0.020797092 
1004 200 13 14 0.02076503 
824 281 26 35 0.020754686 
551 145 8 10 0.020704485 
421 151 22 25 0.020677216 
761 148 12 15 0.020628955 
442 302 27 36 0.020586371 
243 200 12 17 0.020581871 
145 401 29 31 0.020540984 
389 468 10 12 0.020521672 
458 408 23 32 0.020518146 
423 157 11 14 0.020514198 
86 323 28 37 0.02049915 
356 290 21 32 0.020435678 
870 215 12 15 0.02036863 
734 179 22 27 0.020341448 
425 253 25 29 0.020273454 
645 142 10 13 0.02025521 
766 95 11 13 0.02024402 
673 462 13 15 0.020229584 
95 412 28 35 0.020141969 
724 216 15 20 0.020080587 
761 96 10 12 0.020041741 
50 509 48 49 0.020035477 
