14_Traffic_Traffic_14_654
26
453 352 93 110 0.9994642 
555 683 355 485 0.11823252 
931 986 98 165 0.07309947 
210 264 57 69 0.07290724 
582 428 31 36 0.057928625 
68 234 50 59 0.04893744 
0 409 10 19 0.044415504 
868 154 12 17 0.041269932 
879 133 44 55 0.037805058 
331 105 26 35 0.035084717 
935 191 81 112 0.032514773 
875 143 24 35 0.030858452 
205 246 95 114 0.027766323 
534 357 52 71 0.026788676 
304 305 30 32 0.024735278 
129 1216 26 31 0.02467186 
353 239 30 37 0.024631193 
663 764 218 302 0.024624282 
62 779 381 408 0.024591919 
910 158 80 104 0.023846902 
325 240 35 41 0.02294796 
985 58 39 66 0.022810545 
92 1272 104 105 0.021999309 
283 221 100 118 0.021796657 
393 -2 37 34 0.021703443 
911 144 54 68 0.02121918 
