14_Traffic_Traffic_14_55
18
210 461 18 21 0.043886118 
610 148 10 14 0.041232906 
978 541 13 16 0.03591546 
879 5 10 11 0.03219315 
5 354 113 220 0.031847797 
261 186 8 11 0.031553198 
123 40 29 35 0.029481148 
476 175 11 14 0.029179936 
25 219 404 431 0.028530087 
781 102 155 194 0.024760112 
779 97 17 20 0.024624866 
645 -2 54 50 0.02442611 
882 84 10 13 0.024294911 
934 264 11 13 0.022742193 
87 166 9 11 0.021925481 
830 114 177 223 0.021711808 
34 110 9 12 0.020985235 
499 75 11 15 0.020641366 
