14_Traffic_Traffic_14_170
877
329 278 10 12 0.7387189 
830 491 14 17 0.663812 
949 613 11 13 0.61707664 
213 353 11 14 0.60844004 
852 605 9 11 0.51804036 
956 645 15 17 0.47820386 
442 317 10 13 0.4090167 
400 279 9 11 0.4049195 
598 382 11 13 0.3520936 
928 630 11 14 0.33500153 
319 160 8 11 0.3165475 
985 228 18 20 0.3145301 
951 564 10 12 0.31187117 
331 205 8 10 0.28906974 
349 605 9 11 0.2697445 
579 416 7 10 0.26946655 
253 415 9 12 0.2673612 
473 357 10 12 0.2614409 
476 334 10 12 0.25953078 
921 587 9 11 0.25580335 
746 569 8 11 0.25138173 
967 594 11 13 0.24309722 
908 634 13 17 0.22692372 
192 367 8 11 0.22571972 
879 578 12 15 0.21885787 
448 348 8 11 0.2188128 
503 276 9 12 0.20412973 
536 382 6 9 0.20259501 
627 186 13 16 0.20219785 
428 303 10 13 0.19948855 
511 331 10 11 0.1967776 
526 360 8 11 0.19166021 
384 340 10 12 0.1873538 
384 255 8 10 0.1846666 
359 214 7 9 0.18391097 
856 565 7 11 0.18230478 
892 651 9 13 0.18219511 
987 699 10 12 0.17939411 
344 223 8 10 0.17886044 
541 430 9 11 0.17233273 
320 164 9 11 0.17101502 
554 375 8 9 0.16789015 
119 414 13 17 0.16705218 
638 482 14 17 0.16674595 
1008 590 9 10 0.16545402 
426 307 9 12 0.15321371 
897 605 10 12 0.1529381 
985 580 10 13 0.15105093 
492 254 10 13 0.14622813 
913 510 8 10 0.14575341 
879 490 8 10 0.13752173 
319 216 8 10 0.1373714 
437 261 9 10 0.13640209 
175 334 11 14 0.13474713 
831 585 10 12 0.13138056 
888 520 8 12 0.13058317 
462 301 8 10 0.12704554 
278 144 7 9 0.12702315 
550 415 8 11 0.12522581 
302 240 9 11 0.124958195 
862 557 10 13 0.12349366 
444 312 10 12 0.123232245 
576 389 8 9 0.12309977 
864 620 9 11 0.12252723 
326 223 8 10 0.12185631 
245 165 8 11 0.12147189 
172 140 9 11 0.117608584 
645 430 10 13 0.11571875 
406 284 9 11 0.11563317 
748 611 12 13 0.1135233 
173 693 13 18 0.11003767 
311 270 9 10 0.10743165 
846 625 10 14 0.10599481 
958 581 9 12 0.10462703 
330 201 8 10 0.10295593 
519 344 9 11 0.102747485 
431 366 9 11 0.101603806 
494 351 10 13 0.10033881 
438 279 8 10 0.10023587 
499 636 12 15 0.100138426 
359 209 7 9 0.10005281 
342 180 9 12 0.096653655 
464 311 8 11 0.09659854 
581 419 8 11 0.09640791 
574 446 7 10 0.09522767 
285 189 8 11 0.09513321 
863 491 9 12 0.09410041 
508 407 9 12 0.093421124 
928 558 9 11 0.09336714 
998 550 9 13 0.09292135 
415 407 10 13 0.091989554 
516 327 9 11 0.09166237 
474 340 9 12 0.091589086 
975 558 9 11 0.091005325 
417 296 8 10 0.090760864 
605 388 9 10 0.09030045 
934 565 9 10 0.0902861 
957 630 10 11 0.0896868 
989 576 9 12 0.08964287 
285 184 7 10 0.089009985 
383 374 10 11 0.08888706 
1008 559 9 11 0.088868275 
1014 571 9 13 0.08813109 
920 527 9 12 0.08777213 
407 341 9 12 0.08732142 
278 368 11 14 0.086641155 
279 263 8 9 0.08624096 
985 588 10 13 0.086096704 
473 350 10 13 0.08554601 
867 470 11 12 0.08536809 
713 348 47 56 0.083374605 
432 261 8 10 0.08262736 
183 366 8 10 0.08221759 
784 597 10 12 0.08193441 
575 384 9 11 0.08156991 
784 591 9 11 0.08141248 
157 748 15 17 0.08107145 
898 677 11 12 0.080820374 
253 236 13 16 0.08063545 
993 550 9 12 0.08060322 
133 695 11 13 0.08057843 
639 489 14 18 0.08055963 
961 590 9 13 0.080413535 
182 358 8 11 0.07937995 
489 294 8 11 0.07916637 
984 535 10 12 0.07863604 
679 479 8 11 0.07812455 
321 221 8 10 0.07754773 
1007 629 9 10 0.07733511 
153 382 9 12 0.07729156 
374 581 12 15 0.07667239 
302 600 7 10 0.076159246 
905 651 14 16 0.07614533 
490 356 9 11 0.07594732 
910 517 10 12 0.07585397 
952 571 10 13 0.07511703 
350 247 8 10 0.07505125 
983 559 8 10 0.074381955 
337 174 9 12 0.073076405 
597 377 9 10 0.07282469 
862 550 9 12 0.07267513 
224 205 11 14 0.07260294 
832 654 9 12 0.07244439 
392 216 7 11 0.07185721 
945 558 10 13 0.07165452 
902 630 13 17 0.07160589 
514 248 17 20 0.07133169 
129 683 10 12 0.07132496 
957 699 14 17 0.070320755 
546 391 7 8 0.07025027 
522 359 9 11 0.06978424 
632 403 10 12 0.06977377 
248 439 11 14 0.06770992 
376 312 8 10 0.06761445 
552 383 8 10 0.06701754 
367 479 9 12 0.06684848 
925 527 8 11 0.06680591 
559 368 9 12 0.06648024 
361 221 7 9 0.06616894 
325 166 8 11 0.065797955 
73 743 26 24 0.06570368 
476 328 10 12 0.065256774 
970 590 11 13 0.0650316 
575 375 8 9 0.06491402 
203 701 13 17 0.064818084 
914 505 7 10 0.06459479 
368 589 11 16 0.063751265 
279 380 12 16 0.06357726 
509 271 8 11 0.063117 
286 270 8 11 0.06257114 
1013 566 9 13 0.06252728 
296 164 7 10 0.06249926 
431 350 9 11 0.062360726 
425 263 8 9 0.06233842 
422 296 8 9 0.061915517 
433 279 8 10 0.0615939 
422 413 9 12 0.06137416 
362 272 8 10 0.06086154 
399 255 7 9 0.060704615 
246 161 8 10 0.060187988 
493 296 8 10 0.059871785 
1007 584 10 12 0.059746485 
305 134 7 8 0.059127606 
508 277 8 11 0.05827032 
796 286 16 20 0.058062345 
382 319 7 10 0.057990294 
429 296 9 11 0.05779452 
305 207 9 11 0.057762306 
741 576 14 16 0.057737447 
98 678 10 13 0.05740638 
888 647 11 13 0.057136502 
361 240 6 8 0.05699116 
367 263 8 10 0.0568414 
550 389 7 9 0.056772828 
329 273 9 11 0.05667682 
281 176 6 9 0.05659672 
837 610 13 18 0.056591604 
521 364 8 11 0.056322794 
454 345 9 10 0.056307174 
983 615 9 12 0.05623116 
485 384 8 10 0.05602409 
433 256 8 11 0.055626802 
326 228 9 11 0.055391647 
309 460 10 13 0.055367246 
493 624 26 29 0.055307064 
178 356 9 12 0.055167276 
189 242 9 12 0.055159807 
296 160 7 9 0.055085152 
989 596 9 11 0.05506029 
799 613 9 11 0.054760594 
837 661 9 11 0.05466264 
487 403 9 12 0.054482453 
1000 556 9 11 0.054466393 
361 294 8 11 0.054418918 
847 648 9 11 0.05435966 
983 564 9 12 0.053924754 
153 704 9 11 0.05379483 
1007 613 9 12 0.05356053 
297 239 8 10 0.05347008 
430 359 9 12 0.05338443 
574 361 8 10 0.05338217 
594 381 9 12 0.053342994 
608 399 8 11 0.05308905 
903 598 11 12 0.053060204 
645 647 8 10 0.053030387 
407 655 8 11 0.053002536 
559 415 7 9 0.052891817 
353 214 7 10 0.05277778 
417 358 8 11 0.052659247 
196 610 17 21 0.052309245 
438 374 8 10 0.052240808 
929 563 10 12 0.051417056 
430 420 8 11 0.05138373 
281 127 7 8 0.051337693 
910 523 12 15 0.051274624 
965 695 11 14 0.0508928 
405 205 10 11 0.05079112 
641 475 14 17 0.05077054 
345 227 8 11 0.050621007 
861 544 8 11 0.050607674 
285 197 9 10 0.05058799 
433 370 9 12 0.050514024 
673 479 9 11 0.05040192 
241 334 8 10 0.050352562 
368 224 6 8 0.05031568 
1008 564 9 12 0.05008724 
366 277 7 10 0.050021693 
966 477 8 9 0.049875543 
965 510 10 12 0.049816765 
985 540 9 12 0.049773347 
523 251 14 16 0.04956363 
857 559 9 14 0.049285732 
576 399 10 11 0.04920328 
205 383 8 10 0.049123794 
501 351 9 12 0.049117286 
524 208 11 14 0.049115 
880 518 10 14 0.04871474 
385 260 9 10 0.048684467 
502 311 7 10 0.048465315 
279 167 7 9 0.048436325 
924 585 10 12 0.048432827 
148 613 11 14 0.048405476 
454 272 10 12 0.0482522 
134 122 12 14 0.048020322 
432 284 9 11 0.04792684 
321 172 9 11 0.04789814 
150 619 11 14 0.04744992 
248 211 10 12 0.047373608 
610 184 14 17 0.047348987 
871 489 9 10 0.04731057 
305 127 8 10 0.04698737 
365 294 8 10 0.04695353 
190 360 9 11 0.046792757 
641 422 10 13 0.04664264 
272 150 8 10 0.04654057 
652 429 12 15 0.046256382 
631 358 9 11 0.04609184 
897 631 10 14 0.04584919 
402 339 9 11 0.04580315 
851 608 12 16 0.045725312 
783 584 9 10 0.045635235 
909 560 9 11 0.045002796 
505 411 9 11 0.04497839 
377 317 9 10 0.044871666 
225 150 6 8 0.044838034 
1012 559 9 12 0.04482015 
197 374 8 9 0.044804905 
542 343 7 9 0.044717845 
233 324 9 11 0.044629544 
691 486 12 14 0.04459524 
548 298 11 14 0.044570107 
975 562 10 14 0.044535566 
366 270 7 10 0.044472165 
374 230 8 9 0.044205517 
908 623 10 13 0.04410966 
360 246 8 10 0.044078637 
323 143 7 8 0.04402571 
485 389 9 11 0.043922026 
369 231 8 9 0.04383875 
244 595 17 22 0.043825537 
350 229 8 10 0.04372809 
208 324 9 11 0.043694746 
399 247 8 9 0.04356368 
392 247 7 9 0.043544848 
89 460 16 20 0.043403637 
695 327 10 11 0.043378063 
991 556 9 12 0.04317751 
504 283 9 11 0.043165185 
350 311 9 11 0.043138217 
328 213 8 11 0.043032404 
192 312 9 11 0.04302668 
376 303 7 9 0.042812563 
384 380 10 13 0.04267253 
216 384 8 9 0.042604826 
511 295 10 12 0.042490784 
962 508 9 13 0.04237025 
332 282 10 13 0.04213499 
482 311 8 10 0.04194769 
567 360 9 11 0.04185591 
482 383 7 9 0.041696265 
911 564 8 12 0.0416462 
933 624 9 11 0.041589487 
391 254 8 10 0.041394476 
576 407 9 10 0.041389924 
469 396 10 12 0.041385833 
193 286 10 12 0.04135461 
504 251 11 14 0.0412962 
849 424 8 11 0.041260082 
471 382 8 10 0.041168135 
414 622 8 10 0.04108902 
162 742 14 16 0.041036464 
311 175 7 10 0.041022882 
490 270 8 10 0.041015718 
303 159 6 9 0.040976442 
553 487 8 11 0.04089207 
631 365 10 12 0.040719748 
274 144 7 9 0.040657286 
248 197 9 11 0.040558036 
469 390 8 10 0.04030918 
207 318 10 12 0.040296488 
245 587 15 18 0.040281914 
208 431 9 11 0.040089708 
384 248 8 9 0.039767846 
326 190 7 10 0.03974824 
359 231 8 10 0.039702196 
538 343 8 10 0.0396824 
989 566 9 11 0.039641183 
639 471 13 15 0.039528638 
178 366 9 10 0.039516333 
359 184 7 10 0.039452784 
180 338 9 12 0.039424505 
241 136 8 9 0.039194867 
114 412 10 14 0.039139614 
311 214 8 10 0.039025128 
440 343 8 10 0.03900275 
543 422 12 12 0.038931422 
1012 590 9 12 0.03866702 
425 419 10 13 0.038538013 
473 376 8 10 0.038465098 
944 654 9 11 0.038381495 
368 359 9 11 0.037890427 
273 228 8 11 0.03783085 
575 366 8 10 0.037698917 
438 284 7 10 0.03760919 
789 596 8 11 0.037388697 
975 645 10 13 0.0371455 
326 560 8 11 0.03709539 
569 384 8 9 0.036990326 
304 559 7 10 0.03694268 
406 239 8 9 0.036856744 
448 276 9 11 0.036804643 
550 343 8 10 0.036638465 
513 381 10 12 0.036633767 
956 559 9 12 0.036595304 
846 311 28 33 0.036594953 
240 319 8 11 0.036593374 
168 690 22 27 0.036478937 
884 576 10 12 0.036468893 
537 348 9 11 0.036340963 
256 339 9 11 0.03633869 
776 598 9 13 0.036222506 
311 265 8 10 0.036199108 
200 709 14 18 0.036179453 
561 408 8 10 0.036166847 
581 383 8 10 0.03610953 
419 381 10 13 0.035935763 
334 262 9 11 0.035891425 
1001 622 11 15 0.035866957 
471 293 9 11 0.03551069 
107 467 13 18 0.03548821 
541 435 11 12 0.035434436 
224 128 7 8 0.035418127 
848 600 12 14 0.03537744 
509 206 11 13 0.035349485 
158 692 9 12 0.0353078 
613 483 8 12 0.03527233 
398 295 8 10 0.035210636 
584 524 10 14 0.035153545 
709 341 9 11 0.03505241 
511 388 9 10 0.03496658 
704 333 10 12 0.034820557 
320 263 9 11 0.034759574 
327 594 11 13 0.034713667 
287 127 6 8 0.034698755 
439 348 10 12 0.03461916 
191 381 8 11 0.034534097 
326 273 17 22 0.034302793 
241 171 9 11 0.03415986 
169 697 12 16 0.03410324 
265 159 6 9 0.034021452 
344 216 8 10 0.03394839 
287 208 8 10 0.03393907 
201 166 10 12 0.033927146 
918 519 8 10 0.03391972 
318 270 9 10 0.033782035 
373 436 9 10 0.03347094 
198 292 10 11 0.033445455 
502 228 9 12 0.03341539 
1007 636 12 14 0.033398844 
98 404 12 17 0.033330213 
350 433 9 11 0.033324014 
975 516 9 12 0.033319734 
686 479 9 11 0.033180695 
215 169 8 11 0.033169582 
198 692 11 15 0.0331311 
918 503 7 10 0.033027504 
493 326 8 10 0.03293887 
360 595 11 13 0.032886498 
313 535 7 9 0.032820687 
903 644 13 16 0.03275858 
286 287 10 13 0.03271827 
327 172 7 10 0.032717172 
302 263 8 11 0.032714225 
373 360 9 11 0.032655507 
776 508 104 120 0.032634065 
189 223 9 10 0.032630008 
954 579 9 13 0.032589335 
789 591 8 11 0.032551643 
485 132 10 12 0.03243826 
423 358 9 11 0.032410327 
264 176 7 9 0.032369368 
857 491 9 13 0.03234423 
309 127 8 10 0.032329172 
350 251 9 12 0.0322836 
767 605 11 14 0.0322153 
984 550 8 11 0.032191243 
488 247 10 14 0.03211875 
960 532 9 12 0.032118518 
367 327 8 10 0.03211239 
840 359 8 9 0.03210747 
701 328 10 12 0.03207245 
513 350 9 11 0.031989 
389 383 9 11 0.03196498 
900 702 17 22 0.031912733 
492 208 8 11 0.031895954 
184 224 8 10 0.031877935 
976 552 8 11 0.031836376 
449 246 8 11 0.03177696 
567 364 8 11 0.031774424 
423 351 8 10 0.031712882 
319 296 8 10 0.031693555 
594 375 8 11 0.03164818 
898 684 13 17 0.031640008 
886 531 10 12 0.031602655 
405 661 9 12 0.031560887 
535 335 9 11 0.0315556 
354 209 7 9 0.031384267 
263 111 7 9 0.031340245 
494 300 8 10 0.031290956 
473 363 10 13 0.031267725 
440 321 10 13 0.03120319 
934 549 9 12 0.031194618 
512 367 8 10 0.031178841 
532 253 10 13 0.031173619 
1013 619 11 15 0.031144895 
298 604 10 12 0.031041943 
439 380 8 11 0.030998576 
377 604 12 15 0.030995637 
421 408 8 11 0.030939328 
295 151 7 9 0.030785037 
329 677 10 12 0.030784156 
893 518 7 11 0.030765494 
480 232 9 10 0.030746207 
488 325 10 11 0.030650683 
566 245 12 15 0.030628536 
904 658 12 15 0.030468725 
901 611 11 13 0.03046388 
302 183 8 9 0.030463496 
436 367 8 11 0.030396562 
512 375 9 10 0.030376876 
312 222 7 10 0.030156322 
509 246 15 18 0.030153856 
835 610 22 28 0.03014313 
361 501 10 12 0.030103486 
348 611 11 12 0.030062828 
175 605 13 16 0.02998021 
394 279 8 10 0.029890079 
630 463 8 11 0.029665157 
768 612 11 14 0.029649265 
52 529 13 16 0.029631643 
458 295 8 11 0.02960374 
274 261 8 11 0.029593674 
208 219 10 12 0.029586595 
520 408 8 10 0.029575521 
345 485 9 11 0.029552305 
934 572 10 13 0.029506862 
953 638 11 14 0.02949214 
387 78 10 13 0.029457076 
405 336 10 12 0.029357411 
353 189 8 10 0.02930596 
826 590 11 12 0.02928637 
429 703 12 15 0.029266585 
387 182 7 10 0.029195342 
943 646 9 13 0.02917413 
706 405 19 20 0.029163642 
281 268 9 12 0.029084308 
327 316 9 12 0.029046278 
1014 581 9 13 0.029040927 
367 255 8 9 0.029036215 
501 460 14 15 0.029033044 
624 447 9 11 0.029011147 
249 417 10 14 0.028926695 
923 714 16 18 0.028913446 
287 275 9 12 0.028869491 
424 248 9 10 0.028866721 
424 254 9 11 0.028852878 
1014 668 9 13 0.02882522 
448 413 9 12 0.028819839 
469 278 9 10 0.028818738 
943 551 9 13 0.028780095 
646 198 12 16 0.02877955 
589 525 9 11 0.028764991 
359 189 8 10 0.028697958 
927 551 10 12 0.028657235 
247 335 8 11 0.028625252 
414 279 8 11 0.028599659 
344 206 7 9 0.028550275 
101 696 11 13 0.028547449 
246 136 7 9 0.028533373 
974 528 9 10 0.028509017 
479 318 9 10 0.028504035 
918 568 9 11 0.028494 
301 453 13 16 0.028433885 
306 212 9 11 0.02842687 
525 439 11 11 0.028391883 
326 151 7 9 0.028373815 
206 172 9 11 0.02835769 
304 268 9 12 0.028329046 
636 341 9 12 0.028318431 
359 508 9 11 0.028278086 
361 264 9 11 0.02823561 
566 408 7 10 0.028226089 
384 324 9 10 0.02818049 
968 516 9 11 0.028059952 
506 334 9 11 0.02794072 
849 451 10 14 0.027928058 
193 317 10 11 0.027909022 
366 247 7 9 0.027907662 
253 408 9 13 0.027881363 
488 301 9 11 0.027873755 
165 366 9 12 0.027819408 
944 503 8 11 0.027771074 
295 284 9 13 0.027768372 
383 198 8 11 0.027722694 
961 528 8 9 0.027702838 
584 438 7 10 0.027635198 
652 478 9 12 0.027599704 
244 318 9 11 0.02748754 
557 278 9 11 0.02744325 
511 623 10 12 0.02742673 
628 90 11 13 0.027410142 
431 404 9 11 0.027345804 
622 499 10 14 0.027256848 
201 255 8 11 0.027190426 
879 501 9 12 0.027130011 
478 375 8 10 0.027078327 
416 263 8 9 0.027044913 
176 270 9 12 0.027040696 
231 167 8 11 0.027037416 
857 487 7 10 0.026982095 
840 535 8 11 0.026920445 
708 335 10 13 0.026910549 
241 160 9 11 0.02689645 
967 528 8 10 0.026862849 
273 136 6 8 0.026845435 
945 608 9 13 0.026813002 
744 606 12 16 0.02680112 
181 353 9 11 0.02677793 
976 606 9 11 0.0267624 
569 268 10 12 0.026758661 
517 376 8 10 0.026734767 
848 447 9 11 0.026701113 
250 527 9 11 0.026692627 
278 332 9 11 0.026670597 
649 592 9 10 0.026664572 
447 408 9 11 0.026606988 
642 436 11 13 0.026571056 
850 428 9 12 0.026565826 
310 288 9 11 0.026540408 
309 293 9 11 0.026444884 
909 596 8 12 0.026431937 
867 615 10 12 0.026372287 
389 336 9 11 0.026317272 
263 119 7 8 0.026314076 
737 580 10 13 0.02630428 
390 262 7 10 0.026223216 
1007 594 10 13 0.026218556 
399 273 9 11 0.026190704 
273 167 7 10 0.026174912 
407 262 7 10 0.026140986 
952 704 13 16 0.026108183 
615 389 8 10 0.026039304 
703 287 9 11 0.025963565 
1006 227 14 17 0.025954174 
321 228 10 12 0.025920147 
1013 527 9 12 0.025915893 
877 541 9 10 0.025857143 
894 660 10 13 0.02583213 
524 237 10 13 0.0258087 
324 159 8 11 0.025801806 
390 309 9 11 0.025773397 
789 604 10 14 0.025745228 
510 401 9 10 0.02567636 
228 196 12 15 0.02566614 
228 342 10 12 0.025653822 
681 94 8 11 0.025620714 
344 239 8 9 0.025511578 
957 575 10 12 0.025511105 
54 250 13 15 0.025510073 
390 349 8 11 0.025462141 
505 391 8 9 0.025453383 
351 317 9 11 0.025424533 
904 501 8 11 0.025380356 
279 161 7 9 0.025315864 
414 286 8 10 0.025252882 
198 318 8 11 0.025237381 
622 296 9 10 0.025219468 
552 368 10 13 0.025151927 
272 175 8 10 0.025080873 
135 160 10 12 0.025071645 
289 239 8 11 0.025059562 
926 688 9 11 0.025030099 
494 270 9 11 0.024921395 
94 533 12 15 0.024883568 
392 296 8 9 0.0248578 
863 473 12 14 0.024821624 
528 302 8 10 0.0247839 
655 583 8 10 0.024783487 
601 429 8 10 0.02472258 
287 135 6 7 0.02471812 
189 335 9 11 0.024710082 
614 566 8 12 0.024680724 
157 708 10 14 0.024649221 
287 244 10 11 0.024643853 
376 365 9 12 0.024562588 
326 312 9 10 0.024555618 
872 581 10 13 0.024546275 
465 391 8 10 0.024543282 
113 688 8 10 0.024511622 
208 421 11 12 0.02451083 
454 375 8 10 0.024456458 
424 278 7 10 0.024451721 
966 532 9 12 0.024400981 
210 347 18 22 0.024370532 
185 173 8 11 0.024332035 
486 343 10 11 0.024323514 
285 176 8 10 0.024303513 
545 397 9 10 0.024302365 
295 198 8 9 0.02429976 
905 563 10 12 0.024241334 
224 145 7 9 0.024215855 
359 159 8 9 0.0242081 
612 614 9 11 0.024184633 
328 135 8 10 0.0241503 
518 235 12 13 0.024109878 
648 189 10 13 0.024080954 
416 389 10 10 0.024032854 
168 662 11 15 0.024014821 
256 175 8 10 0.023911558 
192 325 9 10 0.023895983 
550 408 8 10 0.02383007 
350 621 10 12 0.02380956 
393 286 7 9 0.023806415 
247 431 9 11 0.023777008 
544 384 7 9 0.023766143 
280 287 10 12 0.023749182 
302 190 8 10 0.023745283 
108 150 13 18 0.023714798 
174 254 10 12 0.023708967 
807 678 10 12 0.02367094 
504 400 10 11 0.023625959 
296 119 7 9 0.023563588 
303 287 9 12 0.023559935 
503 340 8 11 0.023518803 
401 261 8 10 0.023504373 
350 224 8 10 0.023475686 
188 175 9 11 0.023466347 
1009 527 9 10 0.023453983 
370 430 9 12 0.02337924 
349 303 9 11 0.023327857 
238 406 8 10 0.023300692 
945 661 9 12 0.023284886 
359 349 8 11 0.023259804 
577 429 7 10 0.02324054 
516 621 11 13 0.023226311 
343 285 8 10 0.023190035 
326 262 9 12 0.023153875 
863 628 11 13 0.023118503 
263 135 7 9 0.023097418 
440 414 8 11 0.02309729 
377 255 7 9 0.023088124 
399 382 9 12 0.023083804 
628 630 8 11 0.02307419 
670 95 9 11 0.02307233 
1013 612 11 15 0.023034858 
429 443 11 15 0.023018222 
645 498 11 14 0.023012552 
295 279 8 11 0.022999257 
567 414 7 9 0.022994306 
278 310 10 12 0.022985455 
304 86 8 10 0.02296265 
318 624 7 10 0.022926033 
623 467 9 12 0.022924913 
878 663 8 10 0.022921735 
956 564 9 13 0.022915876 
549 430 9 11 0.022881912 
550 358 9 11 0.022870576 
975 512 9 11 0.022870151 
203 695 12 15 0.022854876 
114 747 12 15 0.022847954 
827 653 8 11 0.02282033 
440 335 9 11 0.022815203 
311 199 8 10 0.022769019 
239 324 8 11 0.022732554 
154 694 8 11 0.022697726 
348 478 9 12 0.022662742 
320 183 9 11 0.022640035 
420 374 11 12 0.022611406 
1015 651 10 14 0.022571795 
898 687 22 30 0.022571426 
241 141 8 10 0.022563864 
974 693 11 16 0.022560174 
107 739 23 28 0.022523941 
248 192 8 11 0.022509608 
61 437 15 17 0.022497205 
510 285 8 11 0.022488918 
905 518 8 11 0.022462519 
56 441 23 27 0.02242773 
831 610 13 17 0.022381458 
155 620 11 15 0.02232198 
239 119 7 9 0.022317674 
448 375 8 10 0.022307286 
1012 642 11 15 0.02229503 
430 247 8 10 0.022268282 
902 529 13 17 0.022263214 
503 261 11 12 0.022260329 
490 259 10 13 0.022234362 
230 172 9 12 0.022199046 
951 650 13 16 0.022174373 
482 405 9 12 0.022100734 
286 464 10 12 0.022056561 
511 430 10 12 0.022045884 
192 716 12 16 0.02204261 
636 332 11 13 0.022033846 
824 671 7 9 0.02202776 
498 277 9 11 0.02202704 
518 271 10 11 0.021987852 
157 376 9 11 0.021978348 
103 148 23 30 0.021974668 
351 239 7 9 0.021938981 
342 200 7 9 0.021892283 
965 582 12 15 0.02187336 
439 312 18 23 0.021813681 
525 350 8 11 0.021794323 
421 624 8 11 0.021708656 
924 701 14 15 0.021689232 
245 324 9 11 0.021681948 
246 141 7 9 0.021681745 
297 191 8 10 0.021652533 
599 525 9 11 0.02164701 
432 344 8 10 0.021627314 
414 311 9 11 0.021571955 
622 437 8 10 0.02155779 
575 440 8 11 0.021552743 
1004 472 10 13 0.02154002 
263 204 9 11 0.021533133 
831 619 12 16 0.021528548 
493 247 10 14 0.021509603 
280 136 7 8 0.021487845 
257 135 7 9 0.0214859 
583 530 11 14 0.021461321 
976 533 9 11 0.021453582 
303 143 8 9 0.021452121 
839 624 14 17 0.021412833 
490 212 10 12 0.021396158 
297 182 8 10 0.021390177 
272 255 9 12 0.021325177 
989 615 8 11 0.021322707 
262 127 7 8 0.021316769 
173 657 14 17 0.021310138 
496 380 217 230 0.021297785 
809 662 9 11 0.021186054 
886 623 9 11 0.02116516 
258 111 7 10 0.021162724 
157 127 10 12 0.021139488 
314 159 8 10 0.021119315 
998 544 10 12 0.021109125 
151 434 10 14 0.021090038 
560 398 7 10 0.02106325 
601 357 9 10 0.021038918 
742 562 18 24 0.021031823 
447 253 9 10 0.021011654 
956 622 11 13 0.021005228 
312 341 9 11 0.021003753 
975 663 10 12 0.020995688 
361 485 11 14 0.020989928 
334 213 9 10 0.020983746 
151 599 8 10 0.020958144 
919 629 10 13 0.020955829 
296 176 8 10 0.020932036 
318 153 18 23 0.020928504 
634 477 10 14 0.020911047 
144 597 8 11 0.020903988 
254 208 8 10 0.020887706 
904 295 11 14 0.020847047 
321 199 7 9 0.020830063 
535 377 8 10 0.020829042 
1009 559 18 26 0.02077159 
68 436 13 17 0.020766746 
9 117 9 12 0.020747958 
230 127 7 9 0.020712156 
437 432 23 32 0.020710295 
632 371 9 11 0.020663882 
908 698 12 18 0.020637948 
878 509 10 13 0.020636708 
754 389 25 30 0.020626543 
207 159 9 10 0.020616181 
447 391 8 11 0.020612454 
142 630 10 12 0.020608405 
288 213 8 9 0.020597529 
216 143 7 9 0.020551207 
835 597 12 15 0.02054103 
136 631 9 12 0.020526888 
183 168 8 10 0.020513944 
360 287 8 11 0.020481646 
358 459 11 13 0.020479854 
286 351 10 12 0.020464249 
304 291 11 14 0.020451233 
401 325 9 11 0.020438345 
230 262 10 12 0.0204016 
967 562 11 14 0.020380832 
305 81 7 9 0.02034097 
42 521 26 31 0.020335285 
290 150 7 9 0.020332724 
271 119 7 9 0.020318259 
888 646 18 24 0.020305159 
481 304 8 9 0.020295542 
220 356 10 13 0.020288017 
303 111 6 9 0.02028504 
635 181 12 15 0.020255877 
415 269 9 11 0.02025273 
1004 551 12 15 0.020236472 
617 436 9 11 0.020226913 
16 94 11 15 0.020202428 
369 310 8 11 0.020195229 
641 424 19 23 0.02019318 
297 262 9 12 0.02018205 
544 367 8 10 0.020178135 
461 253 9 12 0.020157259 
303 152 8 9 0.020134885 
424 298 18 23 0.020132301 
190 340 9 11 0.020104077 
829 592 14 17 0.020092385 
439 303 8 10 0.020089176 
534 359 8 10 0.020042533 
127 746 11 14 0.020017155 
285 263 9 12 0.020005366 
