48_Parachutist_Paratrooper_Parachutist_Paratrooper_48_596
28
439 178 124 146 0.9976305 
180 947 66 79 0.49090824 
473 1064 106 104 0.29780975 
305 706 236 310 0.17839418 
264 834 187 264 0.10600408 
380 148 197 254 0.062113136 
476 675 66 71 0.057036098 
503 771 58 70 0.05428915 
423 758 136 131 0.051664818 
292 763 123 189 0.045821745 
215 927 110 142 0.04565566 
234 861 306 416 0.044338703 
381 681 223 247 0.03819317 
260 650 77 71 0.037572976 
427 947 208 234 0.034057498 
470 771 62 73 0.033193946 
339 719 401 464 0.030274386 
309 742 90 119 0.029714154 
496 810 68 75 0.02671934 
585 1015 160 233 0.025741322 
202 961 77 83 0.02361618 
517 221 33 40 0.023080114 
175 1287 49 64 0.021780726 
321 750 34 51 0.020996856 
208 923 196 254 0.020840464 
433 116 120 137 0.020294935 
363 749 24 35 0.02012552 
147 893 114 142 0.02009084 
