48_Parachutist_Paratrooper_Parachutist_Paratrooper_48_122
108
399 165 127 154 0.99985254 
629 614 131 163 0.70083773 
255 188 105 146 0.27444872 
665 1203 15 19 0.21886328 
873 1287 18 21 0.19940878 
152 235 11 15 0.16372782 
259 1357 13 16 0.14879127 
589 70 44 78 0.13853121 
106 1052 18 24 0.13066883 
273 470 52 63 0.09666332 
102 434 59 90 0.09523715 
819 1299 13 18 0.08437688 
699 72 106 136 0.07312564 
908 1302 16 21 0.06993791 
510 679 52 70 0.059472412 
609 33 51 87 0.05932638 
96 222 10 15 0.05771294 
378 1335 7 10 0.05676045 
75 855 327 433 0.05601602 
668 1190 16 17 0.055669103 
389 1365 9 12 0.055506784 
661 1287 11 14 0.053502165 
548 76 28 38 0.05089851 
634 17 88 106 0.047526844 
763 1034 16 22 0.04738483 
56 968 30 44 0.04702589 
869 1275 27 34 0.046350352 
187 352 76 57 0.046147756 
84 200 14 17 0.04597215 
809 532 71 84 0.0445121 
162 773 40 44 0.04442296 
34 941 53 72 0.044339083 
164 190 96 122 0.04417841 
24 683 44 62 0.04396696 
111 236 14 17 0.043237302 
235 1382 11 14 0.04262048 
205 190 110 138 0.042403027 
655 39 31 40 0.041611202 
87 150 12 16 0.041453198 
697 1324 10 14 0.040217087 
657 1286 9 11 0.039026402 
344 36 53 78 0.038802568 
622 1244 15 20 0.037870303 
262 1378 27 32 0.036595657 
24 626 383 477 0.036306202 
967 1211 51 69 0.035546247 
376 1325 9 10 0.034863476 
579 54 75 119 0.034734428 
626 11 18 20 0.032749962 
655 1225 12 14 0.032678265 
269 1357 10 13 0.031848773 
70 721 16 19 0.031730507 
863 1273 47 55 0.030475343 
324 46 51 78 0.030310849 
382 1336 7 9 0.029661415 
35 969 23 35 0.029064829 
674 136 14 17 0.029016184 
144 235 12 16 0.028848384 
654 26 107 135 0.02859889 
43 228 362 431 0.028245667 
677 1383 10 13 0.02744636 
154 238 16 21 0.026774457 
104 236 11 14 0.02673125 
329 6 93 114 0.026513265 
359 1377 9 11 0.026262678 
278 1359 11 12 0.025646985 
186 544 367 502 0.025616944 
27 37 11 12 0.025522768 
512 63 15 19 0.025416514 
651 1211 14 20 0.02521597 
678 448 100 113 0.02496999 
278 1343 8 9 0.024720717 
756 1028 26 36 0.02452381 
718 97 66 85 0.024179637 
384 1342 7 9 0.024091855 
110 1367 41 56 0.023977112 
660 1226 12 15 0.023546206 
658 1216 16 19 0.0235265 
537 303 43 49 0.02351889 
26 30 10 12 0.02342422 
394 1391 9 12 0.02322136 
276 459 39 39 0.023034045 
714 1220 14 17 0.022818018 
388 1359 10 13 0.02262032 
355 1376 8 9 0.022587487 
13 170 13 15 0.022382308 
611 3 30 33 0.022372441 
118 1006 205 271 0.021786183 
85 1033 12 16 0.02171061 
346 457 39 47 0.021591326 
289 1319 9 10 0.021491712 
696 965 14 17 0.021447778 
58 224 16 19 0.021203011 
271 1352 9 11 0.021160813 
624 1240 11 14 0.021116875 
416 1372 8 11 0.02110712 
645 1217 16 19 0.021066327 
6 45 11 14 0.020727428 
642 -1 19 19 0.02071614 
140 228 14 18 0.020570073 
343 1306 8 9 0.020508962 
399 492 42 45 0.020480538 
405 485 344 444 0.020457983 
93 174 13 16 0.02036177 
586 17 26 41 0.020227361 
30 654 89 125 0.020177584 
71 174 11 13 0.02008616 
192 186 172 239 0.020014245 
