48_Parachutist_Paratrooper_Parachutist_Paratrooper_48_72
203
93 324 29 35 0.9984005 
170 292 31 34 0.9952779 
255 276 26 33 0.99376076 
18 308 21 27 0.990081 
613 327 24 28 0.98408693 
707 283 15 19 0.96973926 
56 321 22 25 0.96768546 
763 303 17 20 0.96059644 
336 282 21 27 0.9213412 
862 300 15 18 0.8581332 
482 295 22 26 0.77792203 
457 305 18 24 0.75908047 
956 309 11 12 0.7441017 
992 318 12 14 0.52470964 
401 285 23 30 0.42495212 
975 310 9 11 0.41905293 
809 295 10 13 0.37971494 
566 287 17 22 0.35137272 
811 299 11 14 0.34328908 
805 321 11 15 0.3197591 
194 296 26 32 0.31797484 
629 292 14 18 0.29144448 
538 289 13 17 0.28952456 
826 320 10 12 0.27560833 
792 301 9 13 0.25658616 
1012 304 9 12 0.2495209 
840 298 11 14 0.24005847 
234 298 15 19 0.23081824 
607 293 11 15 0.22585735 
934 332 11 14 0.22394033 
781 326 15 20 0.21245746 
935 298 11 13 0.20362343 
566 273 14 17 0.19814935 
934 326 10 13 0.1865675 
266 282 24 33 0.17243522 
749 298 11 14 0.17181875 
349 296 21 29 0.15192255 
627 285 14 17 0.1473535 
924 342 10 12 0.1463264 
461 297 24 29 0.14139405 
380 244 23 37 0.12950963 
605 298 14 18 0.12723355 
975 304 9 11 0.12548254 
775 329 12 17 0.11899909 
948 324 11 14 0.115182444 
984 341 9 12 0.11457536 
5 308 23 29 0.1145726 
927 302 10 12 0.11051117 
799 319 11 16 0.10756737 
969 309 9 11 0.10727126 
226 295 27 30 0.10506671 
132 328 18 22 0.0975351 
877 302 10 13 0.093117826 
686 301 12 15 0.091985136 
991 303 8 10 0.09006923 
273 292 23 29 0.08996166 
212 281 27 30 0.089008 
758 331 13 15 0.086317345 
636 297 12 16 0.08608563 
920 336 10 11 0.079657756 
822 308 12 14 0.07844989 
995 361 12 15 0.077580824 
777 269 8 11 0.075372085 
765 330 12 16 0.07203513 
827 307 14 16 0.07130213 
516 324 12 15 0.070281476 
791 318 10 14 0.0693696 
992 312 10 11 0.068239294 
702 310 11 14 0.067599915 
46 306 14 17 0.06747117 
459 284 12 15 0.06693163 
0 321 9 16 0.06476598 
904 340 9 12 0.0640797 
864 327 10 15 0.06397508 
967 304 9 11 0.06385835 
897 304 7 11 0.06370137 
847 325 13 15 0.06343885 
984 347 10 12 0.06243426 
419 286 15 21 0.061767053 
799 295 9 12 0.06174507 
941 295 8 12 0.06098239 
571 272 10 12 0.059728753 
838 325 10 13 0.058049217 
423 357 11 15 0.056270268 
428 285 15 17 0.054804448 
905 316 11 14 0.054060988 
138 326 13 17 0.05232895 
742 309 12 17 0.05228503 
905 335 10 12 0.051796116 
238 287 25 31 0.051538352 
796 299 12 16 0.05070481 
576 289 15 21 0.049618796 
488 288 25 29 0.04932537 
988 332 11 14 0.047417946 
645 417 38 50 0.0473421 
361 335 23 32 0.046456814 
623 296 14 18 0.044984873 
904 227 10 12 0.044681437 
909 341 10 12 0.04365187 
739 359 12 14 0.04316016 
976 297 8 10 0.04310787 
1005 356 14 17 0.04178728 
382 73 120 182 0.041348055 
125 335 24 29 0.041226745 
852 317 11 14 0.040937513 
821 360 12 17 0.0409131 
815 304 12 16 0.04058289 
926 335 11 13 0.039959706 
983 301 8 11 0.039598 
608 8 10 12 0.039546404 
752 334 12 15 0.038623784 
951 315 13 15 0.03806612 
669 312 9 11 0.038014513 
928 296 10 12 0.037721705 
787 324 12 16 0.03762732 
919 344 13 15 0.037596174 
511 428 9 12 0.037485808 
831 303 12 14 0.03736918 
904 311 10 12 0.03670083 
922 303 9 11 0.036435883 
668 316 11 14 0.03494544 
624 280 11 14 0.03443852 
823 313 18 22 0.03426824 
988 348 10 13 0.03423074 
952 304 18 23 0.03418415 
816 277 8 10 0.033937573 
813 317 11 15 0.033784043 
511 302 12 16 0.032404248 
907 322 13 15 0.03216754 
599 291 14 17 0.03200824 
954 305 9 12 0.03138598 
955 325 12 14 0.031268932 
968 297 8 10 0.030861601 
612 8 12 13 0.03056573 
805 303 14 19 0.030320741 
691 288 15 19 0.030074175 
941 309 10 12 0.029743204 
820 302 12 16 0.029655345 
1008 284 10 13 0.029572956 
685 290 15 20 0.029301967 
40 526 14 16 0.02847998 
426 315 15 18 0.028153874 
231 469 22 26 0.028111879 
908 312 12 14 0.027739985 
477 375 11 12 0.027715852 
1014 282 10 14 0.02737112 
832 311 19 25 0.026981864 
748 293 19 25 0.026638297 
933 320 10 13 0.026585221 
843 308 14 17 0.026430322 
561 276 13 18 0.026364068 
514 307 13 15 0.026146378 
823 350 12 14 0.025934583 
75 537 13 17 0.025840428 
785 174 22 26 0.02580871 
682 284 10 16 0.02533808 
547 347 12 16 0.025198301 
750 287 11 16 0.025027918 
997 311 9 12 0.025023311 
346 114 53 73 0.024979293 
936 289 8 10 0.024842551 
718 304 12 16 0.024607733 
643 300 11 15 0.024596479 
541 280 10 13 0.024596151 
609 313 24 30 0.02431173 
644 330 13 18 0.024245922 
37 360 24 29 0.023929883 
998 339 11 14 0.023846637 
473 285 20 19 0.023431797 
800 287 10 12 0.023402605 
925 363 11 13 0.023284229 
384 253 28 38 0.023153804 
808 290 9 12 0.023069462 
901 304 8 10 0.022962155 
351 535 14 18 0.022854768 
747 306 13 17 0.022636991 
920 366 9 12 0.022608584 
806 276 9 11 0.022505164 
732 283 11 15 0.022485742 
805 272 9 11 0.02246711 
980 370 12 14 0.02241291 
1007 324 9 11 0.022140864 
943 319 10 13 0.022104217 
693 309 13 15 0.021992212 
695 315 13 16 0.021947855 
876 325 11 14 0.02193459 
800 271 8 11 0.02192232 
707 305 12 17 0.021718077 
107 332 27 33 0.021653509 
560 289 15 19 0.021443339 
664 313 10 11 0.021356417 
210 300 17 20 0.02133897 
377 317 16 18 0.021328479 
504 274 13 17 0.021166567 
836 303 15 18 0.021116976 
960 295 8 10 0.021035274 
971 304 20 23 0.020989986 
724 301 12 15 0.020943094 
1013 315 12 15 0.020351969 
797 306 12 16 0.020331658 
221 276 35 44 0.020280397 
636 303 15 18 0.020169294 
832 284 10 12 0.020035768 
