48_Parachutist_Paratrooper_Parachutist_Paratrooper_48_656
97
557 190 43 38 0.93693733 
617 361 27 35 0.86909163 
804 278 208 283 0.842765 
36 352 173 199 0.72110224 
69 20 107 162 0.52767175 
484 435 26 30 0.23335424 
449 137 15 20 0.22279377 
481 164 15 17 0.17271663 
721 622 8 10 0.16593054 
380 633 13 16 0.10066046 
425 392 26 32 0.09126169 
849 360 119 190 0.0838809 
317 379 32 38 0.082589865 
222 239 56 65 0.08201106 
477 168 16 20 0.072777905 
603 322 16 18 0.07210284 
354 257 46 50 0.07197904 
292 275 59 69 0.07137769 
128 678 8 10 0.07048805 
471 175 21 27 0.0677254 
606 347 45 44 0.060428645 
701 674 11 13 0.059787553 
822 598 8 10 0.059256166 
117 430 73 103 0.058438703 
517 172 15 17 0.05803992 
597 639 10 12 0.055411723 
483 653 18 23 0.054908976 
838 92 180 274 0.052168768 
475 505 14 16 0.050909597 
514 172 28 30 0.049568173 
369 272 21 21 0.04496643 
494 420 27 30 0.04076466 
376 656 10 13 0.040183827 
535 366 12 14 0.040015176 
515 395 16 19 0.03893783 
17 184 104 105 0.038175024 
624 178 33 36 0.037915953 
660 248 17 21 0.035855897 
231 218 69 59 0.035110325 
470 119 12 14 0.034380384 
560 164 52 54 0.033618476 
735 607 7 10 0.032874823 
18 54 173 225 0.032647192 
319 277 36 40 0.032587867 
377 629 11 16 0.032263987 
499 411 27 29 0.030851698 
471 439 53 46 0.030850882 
660 253 23 29 0.030292677 
598 146 48 46 0.030141778 
737 624 8 10 0.030007709 
10 -1 123 140 0.029922727 
393 363 45 46 0.02986973 
615 359 16 27 0.02867891 
710 667 14 15 0.028356079 
178 669 9 10 0.0282114 
728 629 7 9 0.028188117 
339 288 13 20 0.02808686 
405 606 13 18 0.028038744 
397 616 12 17 0.027741726 
715 622 8 11 0.02771794 
892 50 126 200 0.027662857 
199 218 27 38 0.027460534 
121 693 8 11 0.027335033 
742 624 7 9 0.026809884 
334 271 47 60 0.025725495 
89 672 7 9 0.025497142 
314 391 26 42 0.025420059 
292 282 412 428 0.02514768 
755 55 385 455 0.025111835 
857 221 148 220 0.024250718 
246 202 82 60 0.024077643 
41 205 69 59 0.024047531 
695 624 7 9 0.023981225 
728 574 9 11 0.023514992 
408 400 35 33 0.022968246 
122 688 8 11 0.022883838 
736 629 8 9 0.022676285 
628 337 58 44 0.022666387 
581 493 10 13 0.022574086 
396 589 10 13 0.022312298 
593 170 48 54 0.022262018 
373 600 10 12 0.022225402 
404 471 104 102 0.022214573 
679 23 37 48 0.022199087 
385 630 13 15 0.021611169 
720 558 7 9 0.021300668 
625 405 41 41 0.021267612 
502 690 16 18 0.02100795 
373 261 34 33 0.020966798 
72 718 9 11 0.020911038 
711 566 8 10 0.02077335 
633 186 18 20 0.020606507 
498 437 31 33 0.020583883 
824 620 9 12 0.020433243 
515 411 13 16 0.020401865 
138 712 6 8 0.020115258 
583 155 35 35 0.020012744 
