48_Parachutist_Paratrooper_Parachutist_Paratrooper_48_652
37
342 93 124 175 0.9996339 
616 565 101 98 0.53282344 
265 940 134 145 0.51795834 
243 459 377 482 0.16007698 
503 560 24 38 0.14540833 
352 635 36 40 0.13687189 
573 577 121 116 0.065068856 
406 445 103 106 0.051550638 
313 571 17 22 0.04598591 
580 610 68 70 0.045392856 
292 562 17 21 0.041608043 
237 309 64 49 0.041522495 
268 590 13 17 0.03909647 
371 1142 14 16 0.036678545 
585 368 32 38 0.03465941 
545 324 35 45 0.031875517 
587 640 36 39 0.029838135 
364 1144 23 29 0.029288048 
299 566 18 23 0.028611176 
275 445 34 35 0.027795363 
305 604 15 16 0.027028348 
433 335 24 29 0.02702744 
349 654 117 112 0.026808709 
570 343 42 58 0.026217038 
451 638 34 33 0.02521964 
591 389 51 61 0.024524568 
365 1170 15 20 0.023994504 
410 350 26 38 0.023607545 
421 340 29 40 0.022969825 
490 553 43 53 0.022731453 
344 683 36 47 0.022603912 
261 588 14 17 0.022527296 
221 1237 200 270 0.022480356 
496 1054 23 26 0.022006117 
388 983 16 19 0.020504003 
373 321 33 34 0.020384591 
575 376 25 34 0.020040182 
