48_Parachutist_Paratrooper_Parachutist_Paratrooper_48_892
18
181 242 128 171 0.9996427 
475 125 121 167 0.9995908 
658 184 126 167 0.9994324 
712 395 233 315 0.89753336 
944 1 73 104 0.15925369 
804 409 148 186 0.08133629 
715 435 146 194 0.07767175 
65 848 434 580 0.07030285 
648 288 407 475 0.06703657 
-45 390 360 510 0.050728537 
564 396 365 499 0.0470391 
389 825 32 35 0.04033505 
-9 654 372 459 0.037642784 
646 170 31 38 0.028616557 
976 972 46 68 0.026901266 
22 504 48 81 0.025599537 
163 302 430 498 0.02283278 
631 1660 38 36 0.021457892 
