48_Parachutist_Paratrooper_Parachutist_Paratrooper_48_439
43
625 134 140 199 0.99896383 
148 50 49 63 0.99824715 
375 193 22 27 0.3810348 
7 41 28 41 0.104300804 
141 194 37 43 0.054307394 
195 223 37 44 0.052067544 
240 242 35 40 0.051155675 
384 200 17 20 0.048568662 
471 213 11 14 0.046198077 
858 151 13 16 0.04297865 
396 204 11 15 0.04223966 
366 202 13 17 0.036705058 
462 190 11 14 0.03521703 
489 37 9 11 0.03211978 
413 205 12 14 0.030347338 
332 209 17 19 0.029459484 
55 21 410 527 0.029240476 
429 179 11 16 0.028116181 
356 204 14 18 0.02796098 
463 241 11 14 0.026807042 
218 229 42 53 0.026580928 
403 277 15 20 0.025381004 
415 267 12 15 0.025254503 
376 184 11 14 0.02518504 
444 179 14 15 0.024908684 
375 188 15 20 0.024775973 
472 45 10 13 0.024548378 
439 213 11 13 0.024407897 
475 179 13 15 0.024223946 
453 189 12 17 0.024216827 
654 528 13 18 0.024109252 
445 106 12 15 0.02404419 
469 205 14 16 0.023878513 
-1 42 45 72 0.023681246 
404 246 10 12 0.023566583 
408 207 12 14 0.022651784 
1006 139 16 23 0.022540778 
469 188 13 16 0.021918776 
411 578 26 28 0.021775309 
438 180 12 14 0.021694068 
441 274 30 34 0.021488199 
393 275 26 33 0.02134864 
19 38 28 38 0.020370083 
