48_Parachutist_Paratrooper_Parachutist_Paratrooper_48_205
30
511 224 94 114 0.9991086 
301 156 43 50 0.51272935 
683 199 14 18 0.2329515 
345 238 42 39 0.16875009 
451 376 30 26 0.0930162 
337 323 65 74 0.09128516 
378 465 14 17 0.08477517 
614 397 100 122 0.06504352 
381 472 12 15 0.050600026 
735 221 9 12 0.05029336 
327 156 45 52 0.045540053 
322 391 15 18 0.03966671 
340 226 26 37 0.039406203 
366 445 11 15 0.03843511 
573 467 16 24 0.03517984 
701 196 9 13 0.03389671 
668 192 22 29 0.031518187 
414 470 8 10 0.031478163 
544 618 28 38 0.02999277 
295 149 30 49 0.024706509 
719 198 8 11 0.024690261 
343 369 39 43 0.023193391 
432 469 10 12 0.023131782 
329 206 54 58 0.022154283 
373 441 14 17 0.021830494 
-81 103 370 484 0.021532299 
65 138 24 31 0.020785367 
326 423 13 15 0.02073388 
541 626 41 55 0.020702342 
441 383 30 34 0.020318015 
