48_Parachutist_Paratrooper_Parachutist_Paratrooper_48_814
38
396 194 211 293 0.9997739 
156 406 24 30 0.9454572 
253 401 24 29 0.82828885 
210 409 22 24 0.73319346 
58 406 19 25 0.6219785 
305 399 23 26 0.58095115 
698 372 167 321 0.26478493 
608 278 55 83 0.25285873 
129 405 11 13 0.24573852 
467 947 230 282 0.23410937 
582 415 47 63 0.16440153 
681 268 332 478 0.12875326 
395 867 380 433 0.102956876 
438 22 239 287 0.07738488 
563 237 95 151 0.05283883 
254 67 396 476 0.047250807 
91 404 15 23 0.046952702 
274 762 123 128 0.046295397 
33 830 414 539 0.042852517 
246 394 42 50 0.04079415 
596 244 58 92 0.039482113 
130 407 14 18 0.035491783 
68 405 23 28 0.03534759 
611 245 89 141 0.035106055 
169 410 27 30 0.030537948 
335 691 382 481 0.028208908 
188 412 24 29 0.02598449 
608 455 88 98 0.024102673 
684 40 17 20 0.02380292 
110 414 10 14 0.023678845 
194 922 397 501 0.02326246 
259 402 46 59 0.023226874 
208 417 32 37 0.02262117 
153 407 43 47 0.022227697 
3 405 16 22 0.021901269 
223 674 224 254 0.02162327 
20 -24 380 447 0.020634433 
272 344 18 22 0.020187743 
