48_Parachutist_Paratrooper_Parachutist_Paratrooper_48_164
127
616 386 201 277 0.9846998 
201 380 438 589 0.79114676 
155 209 424 434 0.6925578 
904 926 26 36 0.37060636 
163 154 100 140 0.3614941 
167 194 59 89 0.2734891 
324 467 548 569 0.25805542 
191 1121 442 479 0.24439144 
975 724 31 52 0.21025918 
486 366 118 139 0.20654133 
-19 283 476 552 0.18074915 
412 277 357 433 0.18001628 
379 127 74 114 0.1590446 
911 431 27 37 0.15455677 
71 526 404 517 0.14641888 
999 1055 15 19 0.13066112 
25 748 429 513 0.122860715 
997 926 23 33 0.11539744 
534 366 331 423 0.11452307 
972 439 26 33 0.11414993 
168 145 22 34 0.11409203 
990 806 11 15 0.110027194 
868 429 133 128 0.1000622 
390 1445 13 18 0.09720694 
26 249 221 263 0.09671121 
963 1053 15 18 0.0923047 
163 307 107 122 0.08167945 
992 1117 27 37 0.08149751 
975 378 39 52 0.06934027 
10 236 137 168 0.068667956 
955 713 45 67 0.066790566 
946 1031 16 24 0.062477123 
120 233 234 272 0.06176279 
554 142 33 39 0.060018573 
196 860 425 500 0.059149414 
932 1008 21 31 0.053041667 
998 1100 14 18 0.05301577 
998 1065 15 20 0.052622963 
963 1027 15 18 0.051283255 
939 916 25 31 0.045815133 
428 1325 41 56 0.044595454 
469 1246 30 35 0.04305588 
293 380 183 153 0.04236727 
950 1032 23 30 0.042250764 
964 1113 17 24 0.042128485 
963 1225 14 21 0.041812357 
61 169 211 242 0.041779738 
155 216 34 58 0.038796354 
898 962 15 19 0.03847143 
1006 449 18 32 0.03826393 
996 1043 15 18 0.038038902 
-12 129 363 502 0.03755066 
987 967 18 27 0.037427228 
241 291 238 305 0.037150655 
955 1026 16 21 0.036104534 
391 151 96 125 0.035947196 
909 1068 21 28 0.03577942 
398 135 23 32 0.03497605 
941 1014 23 33 0.034764744 
911 941 27 35 0.03433825 
389 123 25 37 0.034098573 
680 1321 43 46 0.033983577 
993 1101 24 33 0.033914566 
388 1445 26 33 0.033315305 
836 364 113 160 0.03286463 
994 1079 15 19 0.032696154 
854 937 34 42 0.03258888 
401 141 31 42 0.032302983 
1004 1072 16 21 0.03174403 
962 1105 15 19 0.031007849 
209 194 236 266 0.030891538 
894 942 25 35 0.029743781 
939 1217 16 17 0.029585643 
937 928 28 36 0.029126639 
900 932 17 23 0.028523512 
932 777 14 19 0.028478973 
862 806 22 32 0.027907921 
1011 1075 13 19 0.027510324 
893 973 28 43 0.02750905 
973 945 16 21 0.027442986 
647 1171 119 142 0.027424298 
452 1326 29 43 0.027309475 
258 166 131 117 0.026746204 
971 1017 17 23 0.026742475 
906 1038 16 21 0.026642853 
0 803 47 82 0.026310006 
1001 823 22 35 0.02594204 
629 431 126 172 0.025278164 
122 207 98 116 0.024780542 
893 957 15 21 0.024676627 
1014 1026 11 16 0.024078013 
938 696 73 107 0.023941139 
899 745 32 41 0.023930889 
461 609 105 96 0.023889685 
979 693 18 23 0.023309212 
192 104 26 32 0.02329033 
331 134 89 123 0.022880504 
405 1332 47 58 0.02227864 
960 1039 25 29 0.022224568 
148 180 57 89 0.022047127 
992 904 22 31 0.021943282 
988 802 20 25 0.02189365 
303 730 418 513 0.021844098 
893 730 30 39 0.021770416 
384 115 49 80 0.021659141 
567 131 106 129 0.021656428 
934 1023 24 34 0.021569747 
882 930 27 35 0.021541918 
188 258 126 123 0.021428917 
980 975 17 23 0.02136903 
974 726 13 20 0.021344958 
974 607 15 19 0.02106551 
903 956 23 31 0.021047259 
907 963 14 17 0.020822527 
133 160 25 34 0.02072496 
982 485 13 19 0.020603813 
887 784 15 19 0.020595826 
924 1146 16 21 0.020495264 
955 1054 23 28 0.020405304 
904 982 30 41 0.0203743 
865 701 92 112 0.020358214 
981 959 17 25 0.02028317 
989 1026 20 30 0.02024278 
418 1322 35 44 0.02021848 
396 137 15 22 0.020174237 
966 1192 17 24 0.020075833 
935 976 27 38 0.020062815 
