20_Family_Group_Family_Group_20_493
34
379 115 49 62 0.99946827 
564 99 45 68 0.99902475 
622 145 44 61 0.99745816 
752 155 45 57 0.99649966 
18 183 43 52 0.99643964 
225 300 53 68 0.9938957 
247 132 41 53 0.99055475 
872 107 42 73 0.9833866 
218 171 34 46 0.955921 
164 324 25 37 0.55004525 
962 165 30 36 0.11596983 
613 488 31 36 0.10148517 
588 473 27 44 0.086989515 
196 335 52 70 0.052846547 
843 81 48 68 0.04913665 
598 483 27 37 0.043907378 
180 349 49 65 0.042937677 
729 249 29 39 0.041052513 
290 300 59 83 0.034425776 
251 285 75 105 0.033982508 
965 162 19 24 0.033541523 
556 373 343 432 0.03243839 
209 161 33 43 0.032170627 
581 112 43 67 0.02819014 
601 467 40 52 0.02808904 
149 151 31 39 0.027583735 
831 198 13 16 0.02659885 
174 310 33 50 0.025880275 
504 519 45 65 0.025852785 
204 177 53 66 0.024307346 
143 170 42 58 0.022888945 
177 359 31 43 0.021883579 
167 340 35 48 0.021836603 
546 107 25 36 0.02085494 
