20_Family_Group_Family_Group_20_360
24
534 260 65 82 0.999516 
486 310 53 65 0.99920815 
730 270 71 90 0.99874395 
391 225 56 70 0.99693775 
425 413 35 48 0.06656575 
190 23 10 12 0.064486 
234 78 16 20 0.05507494 
182 20 12 14 0.051015243 
157 22 11 13 0.038679082 
154 64 13 16 0.038097076 
328 117 40 46 0.037520368 
177 20 10 12 0.037472352 
596 281 14 22 0.028923273 
166 389 9 12 0.027873468 
197 46 14 16 0.026755422 
182 28 11 14 0.026570354 
258 0 19 18 0.026540674 
179 35 11 13 0.024576584 
161 40 9 12 0.024512328 
270 162 15 21 0.023430329 
207 312 8 9 0.02286494 
235 100 13 18 0.021542365 
132 70 14 17 0.02144575 
259 80 14 16 0.020924611 
