20_Family_Group_Family_Group_20_255
45
606 424 55 68 0.999493 
141 444 62 76 0.99942493 
488 411 62 77 0.9989448 
893 373 60 71 0.99893373 
304 446 57 67 0.99857867 
742 378 57 78 0.9978363 
518 128 45 56 0.9957295 
787 220 51 62 0.99550205 
197 337 47 58 0.99477863 
365 301 50 57 0.99015325 
659 232 44 54 0.985421 
714 359 43 63 0.51229095 
909 713 41 47 0.14643773 
983 665 10 12 0.11123489 
247 365 39 59 0.09887217 
480 140 18 21 0.0974689 
255 395 30 41 0.09244153 
781 301 28 39 0.09020284 
974 618 11 14 0.06886167 
229 324 31 48 0.058093067 
438 365 32 41 0.054682296 
370 265 55 71 0.051655725 
14 365 27 51 0.04753061 
494 359 59 67 0.04630446 
720 287 38 56 0.04598545 
578 135 15 18 0.037600767 
826 615 133 138 0.037476424 
338 445 49 62 0.036166046 
647 379 38 48 0.03097692 
484 379 59 77 0.029945796 
295 424 51 65 0.029721214 
779 365 47 62 0.029048648 
926 53 7 9 0.02840785 
1000 659 9 11 0.028243667 
963 645 10 13 0.027262848 
505 -1 42 49 0.027229318 
358 451 48 60 0.027129104 
573 142 26 31 0.026566718 
490 141 13 17 0.02549174 
258 322 44 68 0.024523553 
390 304 34 43 0.023744592 
942 673 12 15 0.021223105 
266 375 34 50 0.020850565 
239 311 42 66 0.020499226 
18 267 20 28 0.020285323 
