20_Family_Group_Family_Group_20_663
239
525 184 50 61 0.99921715 
337 242 45 59 0.9988193 
235 293 45 53 0.99846256 
656 193 37 46 0.9981335 
779 257 43 53 0.99605787 
542 321 45 55 0.99506277 
477 293 37 46 0.9928577 
156 353 32 38 0.264653 
149 162 12 14 0.15934566 
118 551 8 10 0.0995117 
171 346 17 22 0.09780081 
1013 574 8 10 0.09594787 
693 16 10 12 0.0952388 
568 31 7 10 0.09506983 
1001 616 9 10 0.094682775 
986 588 8 11 0.08786801 
3 133 10 14 0.085296124 
1004 589 8 10 0.084053494 
638 487 45 48 0.08387954 
999 599 10 12 0.08382166 
273 436 22 32 0.08378403 
706 410 28 37 0.08081055 
450 356 33 39 0.0715105 
575 13 9 10 0.06979505 
1007 615 9 11 0.06907278 
142 514 10 13 0.067883834 
847 590 7 9 0.067360215 
822 591 8 11 0.062082116 
98 566 7 9 0.06147167 
814 617 8 9 0.06034057 
102 566 7 9 0.057593666 
912 622 10 12 0.05538946 
114 552 8 10 0.054856118 
906 591 7 9 0.053659216 
872 590 9 11 0.0521696 
822 277 12 17 0.05180658 
933 620 9 11 0.05163589 
826 607 7 9 0.051302653 
857 600 6 9 0.049953524 
1012 613 9 14 0.049871303 
619 3 11 13 0.049298353 
103 536 9 11 0.0487754 
138 558 8 10 0.048068933 
887 597 8 9 0.04750465 
104 559 7 9 0.04736056 
889 580 8 11 0.045721244 
598 16 8 10 0.045621805 
577 436 115 113 0.04534659 
974 582 7 10 0.044489704 
585 25 7 10 0.044472504 
566 6 9 11 0.04436397 
591 77 8 10 0.043807823 
567 25 9 10 0.043475915 
592 73 7 9 0.0433938 
118 600 9 11 0.043121066 
881 613 9 10 0.042891167 
102 508 8 10 0.042818014 
599 87 8 10 0.04234723 
866 647 8 10 0.04204307 
118 567 9 10 0.04099194 
693 86 9 10 0.040973406 
354 160 9 11 0.040181696 
638 24 10 12 0.03989482 
582 39 8 9 0.039726682 
689 87 9 9 0.03955637 
594 14 9 10 0.038769603 
114 583 8 10 0.03830591 
893 581 8 11 0.037904266 
382 280 20 27 0.03747367 
913 628 10 13 0.03745848 
809 575 8 9 0.037221592 
991 616 8 11 0.037056413 
466 489 42 43 0.036669895 
880 608 8 11 0.036557063 
791 616 7 10 0.036491837 
713 9 8 10 0.03623989 
647 96 7 8 0.035430472 
697 38 8 11 0.03516935 
665 95 7 8 0.03502529 
719 87 8 10 0.03467099 
973 614 9 10 0.034665316 
968 589 8 10 0.03418691 
1 519 7 12 0.033922166 
999 574 8 9 0.033642527 
993 600 9 11 0.03347926 
147 327 46 57 0.033378508 
97 561 7 9 0.033363752 
1000 567 8 9 0.033286966 
856 560 8 9 0.033286758 
337 153 9 11 0.033108864 
162 338 27 35 0.03310061 
878 592 8 11 0.03309491 
887 614 7 10 0.032978985 
696 81 8 9 0.032883964 
822 598 8 10 0.032698598 
988 584 9 12 0.032667253 
861 283 56 70 0.032641087 
830 608 7 9 0.032605022 
577 89 7 10 0.03239619 
591 7 10 11 0.03235336 
137 511 10 13 0.032243434 
754 429 13 16 0.03205539 
581 88 8 10 0.032048043 
584 31 8 10 0.03170817 
521 400 31 37 0.03136488 
845 567 9 10 0.03127338 
872 583 8 9 0.030983418 
856 583 8 10 0.030948276 
725 71 8 9 0.030735264 
734 38 8 9 0.030361637 
745 112 10 12 0.030242868 
576 70 7 10 0.030202057 
566 1 9 8 0.030123997 
287 160 10 12 0.02998179 
1 137 11 18 0.029845813 
553 15 8 9 0.029703157 
392 220 12 14 0.029612262 
96 503 8 11 0.029561946 
1006 566 9 11 0.029492678 
695 1 10 10 0.029359875 
546 142 41 53 0.029304534 
910 588 9 10 0.02921471 
983 617 8 10 0.029174495 
930 615 9 11 0.028884532 
878 632 9 10 0.028869757 
839 583 9 10 0.028591817 
576 55 8 10 0.028268168 
805 630 8 10 0.028260978 
397 133 8 11 0.028034415 
810 616 7 10 0.028021257 
705 119 7 10 0.02798847 
607 38 7 9 0.027752988 
873 632 8 9 0.027735513 
841 590 8 10 0.027586373 
319 133 8 10 0.02744754 
129 473 15 20 0.027166579 
841 631 8 10 0.027127318 
873 576 8 10 0.027102102 
728 1 9 8 0.026986549 
734 32 7 10 0.026958216 
890 621 8 10 0.02688136 
762 281 14 19 0.026840555 
93 252 12 15 0.026693769 
662 108 10 12 0.026583606 
287 297 13 18 0.026339734 
657 95 7 8 0.026298229 
107 137 15 17 0.026187424 
857 622 7 10 0.025935266 
552 24 7 9 0.025923898 
103 591 7 10 0.025803808 
598 81 7 8 0.025722126 
590 0 9 10 0.025720142 
168 358 19 24 0.025412021 
42 147 13 14 0.025407681 
599 56 9 11 0.025363963 
1 502 8 13 0.025314635 
599 21 8 10 0.025082938 
872 607 8 11 0.024765883 
535 8 8 10 0.024765627 
592 46 8 9 0.024570897 
608 47 8 8 0.024307054 
282 442 14 20 0.024255471 
879 576 9 10 0.024209844 
670 0 11 10 0.024123874 
45 111 11 12 0.024073973 
112 556 7 9 0.02402503 
295 148 9 10 0.023920478 
970 612 8 11 0.023919828 
224 297 11 17 0.02380457 
726 55 7 9 0.023726037 
1014 569 8 11 0.023707394 
399 147 11 14 0.023674812 
156 309 28 29 0.02355958 
543 0 9 9 0.02346928 
639 146 11 13 0.023411803 
646 39 9 11 0.02340516 
599 1 9 8 0.023327695 
597 8 9 9 0.023228085 
577 38 9 11 0.023226883 
25 135 10 13 0.023026379 
1002 560 8 10 0.022972671 
598 61 10 12 0.022924185 
152 567 8 10 0.02284774 
766 1 9 8 0.022835538 
128 159 10 13 0.022809034 
310 150 10 11 0.022743678 
617 39 8 10 0.022737699 
864 590 9 10 0.02263303 
128 559 7 8 0.022592653 
190 293 11 13 0.022561073 
864 606 7 10 0.022561034 
944 528 10 11 0.022546854 
699 422 28 35 0.02242642 
569 13 8 11 0.022380035 
561 62 10 12 0.022353116 
806 606 7 10 0.022349216 
526 403 14 20 0.022285147 
557 15 9 10 0.022219637 
310 145 8 10 0.022183958 
968 577 8 10 0.02213622 
839 576 9 9 0.022083305 
88 487 7 9 0.022073517 
832 614 8 10 0.02196809 
-5 38 114 133 0.0219468 
303 133 8 10 0.02190067 
1014 629 7 11 0.021843366 
137 574 8 9 0.02181708 
139 507 22 27 0.021800496 
534 13 9 11 0.021770425 
128 511 8 10 0.021694863 
586 1 8 9 0.021580439 
188 286 12 15 0.021538163 
806 31 7 9 0.021510866 
551 43 10 12 0.02142474 
703 96 8 9 0.021421721 
585 78 8 10 0.02135279 
857 591 7 9 0.021342818 
622 142 11 13 0.021330334 
601 38 8 9 0.02131556 
119 556 8 9 0.021302149 
890 536 8 10 0.021287996 
871 614 7 10 0.021141091 
296 230 9 11 0.02101431 
713 104 8 9 0.02100902 
112 568 8 9 0.020981384 
84 517 10 11 0.020843996 
136 146 11 15 0.020807851 
592 96 7 9 0.020765949 
767 621 8 10 0.02060005 
576 125 11 13 0.02058421 
266 311 447 412 0.020201212 
6 463 8 9 0.020186927 
136 553 9 11 0.02014098 
108 157 14 17 0.020109393 
969 583 8 10 0.020103803 
80 560 7 9 0.020095699 
97 508 9 11 0.020075848 
289 144 9 11 0.02002914 
237 369 30 47 0.020010408 
