20_Family_Group_Family_Group_20_759
49
760 228 51 63 0.9989166 
103 251 50 65 0.99847573 
798 101 45 58 0.9932522 
360 67 45 58 0.9923584 
574 297 43 56 0.9893457 
445 306 41 54 0.9892462 
659 118 42 56 0.98814654 
501 82 40 53 0.9822177 
307 289 55 66 0.98112774 
601 379 42 49 0.9805355 
220 158 42 53 0.97720635 
101 104 42 56 0.9756079 
525 293 28 37 0.6828597 
442 411 15 19 0.43139398 
283 629 45 60 0.32708246 
814 462 26 29 0.23300801 
623 311 39 52 0.11905989 
971 472 42 59 0.11126611 
553 323 24 33 0.08530347 
641 275 27 32 0.077478655 
738 444 17 22 0.06660911 
71 476 84 61 0.058934007 
267 317 42 59 0.0535422 
538 366 423 485 0.05166629 
668 458 16 22 0.04867041 
792 433 25 28 0.044872172 
305 633 33 39 0.040611885 
512 294 33 51 0.038347557 
845 419 29 34 0.037877634 
608 359 43 57 0.036793187 
661 460 17 24 0.035360422 
632 292 41 53 0.034296278 
633 326 39 57 0.032854937 
476 440 29 34 0.031188305 
430 557 37 39 0.029382458 
637 283 15 20 0.028503312 
659 267 17 20 0.027945826 
529 478 16 20 0.026426805 
524 287 20 26 0.026008705 
556 467 13 17 0.024581296 
570 475 16 19 0.02298117 
488 449 17 20 0.022536516 
601 306 32 44 0.021793732 
64 458 128 103 0.02148295 
374 612 35 39 0.02120137 
322 731 28 29 0.020973071 
426 431 13 14 0.020898873 
549 452 12 14 0.02077359 
525 444 11 11 0.020215062 
