20_Family_Group_Family_Group_20_799
82
535 179 104 133 0.99932885 
517 504 118 142 0.99248946 
905 490 82 102 0.9920844 
110 628 81 99 0.9879717 
394 363 23 28 0.9716716 
843 363 17 20 0.946376 
353 347 10 13 0.6044648 
390 740 44 59 0.3950976 
430 348 13 18 0.39139706 
416 342 21 27 0.2986343 
234 336 7 9 0.2434201 
237 334 8 11 0.2243164 
253 344 8 10 0.1970833 
444 379 14 19 0.1312106 
302 344 9 12 0.11740108 
190 334 8 11 0.11522105 
428 1181 10 15 0.10731262 
437 421 12 17 0.10158679 
99 168 15 20 0.091159195 
397 358 17 21 0.07640108 
350 342 18 22 0.07431756 
192 341 9 12 0.06399126 
193 346 10 13 0.058826275 
397 150 26 31 0.05854462 
186 333 8 11 0.05558705 
135 333 11 15 0.05509255 
198 344 8 11 0.05197756 
238 340 9 11 0.05074676 
407 198 13 16 0.048972186 
287 345 12 14 0.045180965 
765 304 41 57 0.044371948 
270 323 10 12 0.043832116 
180 360 13 18 0.042909864 
173 333 9 11 0.042827893 
129 334 11 14 0.04161974 
61 313 10 14 0.038935043 
231 339 9 11 0.03867272 
137 328 9 12 0.037957653 
343 349 10 14 0.037499387 
291 364 12 16 0.036375787 
255 324 10 12 0.034151267 
525 215 22 37 0.03407468 
296 346 10 14 0.03394126 
831 205 11 15 0.033215813 
413 350 16 21 0.03298087 
172 326 11 13 0.032488234 
772 321 26 35 0.030359775 
207 374 7 9 0.030200172 
206 344 8 11 0.03008912 
336 351 10 12 0.02968284 
85 169 16 21 0.029341385 
451 340 23 31 0.028676076 
438 1175 37 43 0.027902482 
878 434 10 12 0.02698621 
131 345 13 18 0.026984569 
204 348 12 15 0.026442295 
249 347 10 12 0.026391398 
392 135 11 13 0.026288914 
33 366 9 13 0.026219299 
263 322 11 13 0.02513513 
216 374 8 9 0.024460835 
224 343 9 10 0.024287118 
394 139 13 15 0.023615602 
1003 375 23 36 0.023463003 
260 342 10 12 0.02326845 
131 337 14 18 0.023068408 
845 389 11 16 0.02301357 
64 94 189 273 0.022863923 
200 373 9 11 0.022353837 
173 340 10 13 0.02233385 
487 54 12 16 0.022265933 
59 337 13 18 0.021306712 
444 391 13 18 0.021183403 
437 367 23 33 0.02109495 
132 326 20 27 0.020988751 
107 214 11 14 0.020637006 
391 358 15 18 0.020468548 
394 1276 39 43 0.020380251 
231 328 18 24 0.020370776 
25 70 100 154 0.020331718 
406 148 15 19 0.020233167 
453 353 16 22 0.02018856 
