20_Family_Group_Family_Group_20_835
53
180 266 31 40 0.9990902 
741 267 38 49 0.97338265 
65 329 40 62 0.94388795 
2 277 30 57 0.7346321 
840 304 25 51 0.70688194 
764 283 32 43 0.28093794 
857 113 57 70 0.22628568 
800 119 12 15 0.1696498 
325 112 9 11 0.14654143 
575 413 32 37 0.12833808 
588 423 17 22 0.115710825 
706 333 18 22 0.10816413 
639 422 49 55 0.08087424 
154 309 28 39 0.08004654 
317 125 8 11 0.06409742 
313 120 10 12 0.054080427 
319 116 10 13 0.053884093 
798 82 96 115 0.051960807 
813 347 184 228 0.050370686 
519 408 12 16 0.043394867 
696 341 11 15 0.042091593 
828 380 53 71 0.04148439 
799 166 14 19 0.04127447 
0 328 25 55 0.03990532 
836 289 32 45 0.037194524 
-3 299 40 75 0.037016235 
518 636 9 12 0.03701266 
693 124 11 16 0.036000937 
557 413 41 44 0.0356133 
830 123 11 13 0.035547145 
754 263 37 43 0.033116203 
222 32 14 18 0.032798164 
845 82 89 116 0.030035602 
795 320 35 44 0.028998481 
670 515 55 73 0.02755244 
569 565 10 12 0.027433924 
594 436 52 54 0.027338121 
560 382 56 62 0.027116323 
834 389 90 116 0.025718147 
659 333 12 16 0.025091222 
640 387 46 57 0.02331225 
858 300 45 56 0.023258336 
829 117 10 13 0.02315774 
604 378 12 18 0.023148298 
53 308 66 103 0.022633744 
302 146 30 29 0.022511482 
796 163 25 31 0.02215791 
370 558 16 20 0.020537164 
539 619 10 16 0.020534042 
776 300 19 24 0.020462656 
532 574 10 11 0.020334557 
627 403 50 58 0.02026768 
835 125 10 13 0.020131612 
