20_Family_Group_Family_Group_20_72
27
476 169 49 61 0.9978004 
581 270 47 62 0.9941453 
281 204 27 43 0.9916991 
327 203 43 52 0.97371113 
426 264 45 52 0.96426046 
209 233 43 52 0.9461728 
734 145 49 55 0.94061005 
703 215 44 51 0.8813712 
521 227 54 58 0.8369049 
390 318 44 58 0.24958591 
272 296 34 38 0.20727962 
268 216 41 53 0.056341536 
323 301 25 31 0.053895604 
649 289 51 65 0.036429886 
262 244 42 52 0.035171323 
19 186 39 57 0.03380837 
751 324 350 475 0.031908102 
779 140 15 20 0.031896926 
370 305 75 95 0.028694848 
758 209 28 35 0.025569966 
421 133 11 13 0.023747206 
35 190 42 57 0.0228464 
883 286 24 32 0.022330903 
20 184 15 19 0.021347383 
768 136 28 34 0.020832777 
325 315 15 22 0.020406026 
1012 1 11 16 0.020176446 
