20_Family_Group_Family_Group_20_108
21
819 124 70 85 0.9995734 
459 224 60 79 0.99896204 
253 67 67 86 0.99801046 
684 188 71 89 0.99568117 
727 384 82 102 0.99105525 
105 325 77 97 0.98466414 
287 328 96 75 0.983346 
502 411 59 57 0.7557254 
872 438 38 51 0.25830084 
829 390 44 63 0.08842857 
349 296 54 57 0.055024527 
647 267 42 60 0.050094128 
911 429 26 40 0.04749328 
617 173 37 36 0.04595477 
582 442 46 63 0.03817102 
880 445 50 61 0.03266486 
161 342 54 72 0.031410255 
634 204 43 59 0.026927454 
619 195 42 50 0.025085893 
685 388 53 68 0.023185398 
235 464 37 45 0.022240821 
