20_Family_Group_Family_Group_20_636
250
621 108 14 19 0.9784112 
886 96 17 21 0.9197209 
714 86 14 18 0.8737441 
949 67 15 20 0.87265587 
734 108 13 17 0.82213527 
190 126 22 29 0.8157566 
775 126 14 23 0.7662723 
273 113 19 23 0.7641056 
664 118 13 17 0.7458476 
804 81 14 19 0.72836685 
300 92 13 17 0.65993065 
348 105 12 16 0.5669732 
260 99 15 19 0.5493684 
922 130 40 52 0.51435983 
431 118 13 16 0.46314308 
347 148 24 35 0.42502275 
565 170 14 20 0.40909636 
237 117 12 18 0.37065104 
852 127 16 23 0.3607932 
581 161 16 22 0.35596105 
474 122 15 20 0.34310147 
835 82 14 20 0.3357459 
391 111 10 14 0.29899403 
464 107 11 17 0.2863358 
554 101 10 13 0.28324243 
511 79 8 10 0.18095711 
205 54 10 12 0.16920999 
683 171 17 20 0.16194287 
1004 137 15 20 0.1427692 
511 105 13 16 0.14227356 
613 155 16 19 0.14150125 
911 131 24 40 0.13487907 
497 134 31 39 0.13124548 
733 184 16 19 0.12006451 
509 85 9 12 0.11496954 
450 63 8 12 0.10868778 
654 81 11 13 0.103803426 
11 84 11 14 0.09729505 
768 77 12 15 0.09685833 
538 48 8 10 0.09304815 
201 123 16 21 0.09203715 
463 49 8 10 0.09189329 
498 115 12 17 0.09017007 
729 108 12 17 0.08417799 
503 90 10 12 0.08191577 
909 131 15 24 0.08158297 
469 115 13 19 0.07702075 
462 30 9 12 0.07232663 
384 109 10 15 0.07189036 
457 49 8 10 0.071135774 
199 61 13 16 0.068989806 
96 124 9 11 0.06270055 
416 78 10 12 0.06093012 
996 134 25 32 0.05972008 
394 115 11 14 0.05894648 
127 171 11 14 0.05739049 
453 67 9 11 0.056065157 
54 79 7 9 0.055987634 
485 61 8 11 0.05460922 
578 125 12 15 0.05448258 
542 47 8 10 0.053096626 
394 229 26 33 0.052502505 
247 79 8 10 0.051917087 
267 107 18 24 0.050644103 
482 63 8 10 0.05056421 
558 96 10 13 0.050306227 
206 48 11 13 0.05021971 
349 140 16 18 0.04933218 
42 93 9 10 0.048112087 
644 94 11 14 0.04612869 
426 116 12 16 0.04599176 
198 77 13 17 0.04536311 
494 120 15 19 0.043817155 
650 169 15 21 0.043712128 
530 85 8 10 0.043541845 
614 68 9 11 0.04318778 
785 129 17 20 0.043084506 
322 105 16 19 0.042034943 
193 66 10 13 0.041763004 
150 53 11 14 0.041260686 
901 142 14 23 0.04042805 
477 123 21 25 0.04038417 
415 72 8 10 0.039368194 
468 104 21 26 0.03836187 
557 105 10 13 0.038215492 
147 61 13 16 0.038016256 
128 119 8 10 0.037666332 
656 121 12 18 0.037291795 
157 48 10 12 0.037106276 
370 107 16 19 0.03690024 
767 121 15 24 0.036636334 
527 48 7 9 0.036617216 
246 58 12 15 0.036477655 
461 7 8 10 0.03645107 
553 84 8 10 0.035073694 
768 74 19 24 0.03434646 
471 47 8 10 0.03433636 
148 247 14 15 0.034170967 
64 88 8 10 0.034150958 
459 109 10 14 0.03411114 
807 83 19 25 0.03368715 
942 107 14 20 0.033550967 
788 121 16 22 0.033210836 
432 69 9 11 0.033183172 
525 132 10 15 0.033157527 
517 71 8 10 0.03314578 
95 105 8 9 0.0329696 
672 38 10 11 0.03288463 
436 109 11 15 0.032856297 
485 86 9 12 0.03246848 
383 135 12 15 0.032385103 
933 73 13 18 0.032345213 
630 52 9 11 0.032339122 
448 140 9 13 0.032242645 
194 117 19 23 0.031705372 
46 87 8 12 0.031670917 
846 123 17 22 0.031484123 
438 101 10 12 0.03131951 
127 134 11 14 0.03124508 
301 103 12 16 0.030866196 
522 48 7 9 0.030840414 
794 128 15 21 0.030781493 
528 96 8 10 0.030617084 
203 81 17 21 0.030559216 
573 120 14 16 0.03033665 
480 45 9 12 0.03027294 
694 29 8 11 0.030177442 
143 64 12 15 0.029928088 
464 97 11 14 0.029297572 
121 62 8 10 0.029274713 
440 96 8 10 0.029131243 
306 98 11 15 0.028741684 
507 78 9 12 0.028386509 
210 51 12 14 0.028351132 
381 230 22 30 0.028241707 
281 110 14 18 0.02793093 
619 148 15 18 0.027604021 
448 48 8 11 0.027558496 
457 37 8 9 0.027553298 
853 119 15 20 0.027469773 
172 70 9 11 0.0273874 
433 65 8 10 0.027333837 
61 46 8 11 0.027199691 
655 71 11 13 0.027167076 
115 187 13 17 0.02716481 
764 116 14 20 0.027135614 
710 96 12 17 0.02700203 
517 131 13 18 0.026937502 
822 83 15 19 0.026828932 
480 23 7 10 0.026788296 
415 83 11 13 0.026730226 
439 63 8 11 0.026660213 
512 8 7 9 0.026562145 
613 141 14 17 0.02652758 
853 90 13 17 0.026519235 
101 120 8 10 0.026456224 
726 185 14 20 0.02639657 
566 124 12 14 0.026023211 
381 206 13 16 0.025815029 
470 84 9 11 0.0257057 
497 93 10 12 0.025605753 
96 85 8 10 0.025471078 
406 150 10 12 0.025437808 
720 148 10 14 0.02534076 
63 68 8 10 0.025276344 
510 29 7 10 0.025148641 
894 146 13 18 0.025086394 
944 135 30 44 0.025084877 
389 106 18 23 0.025077632 
94 109 9 10 0.025034156 
842 83 13 20 0.024673752 
919 77 12 16 0.024650339 
10 46 10 13 0.024582231 
422 188 23 29 0.024571236 
541 118 9 11 0.024531906 
193 60 22 27 0.024291147 
931 69 23 29 0.024289096 
486 79 8 10 0.02426187 
472 39 7 9 0.024242824 
262 62 8 11 0.024220217 
122 173 10 14 0.024188561 
295 89 12 16 0.024071852 
463 25 8 11 0.02394895 
809 76 14 21 0.023945956 
510 25 8 10 0.023935772 
190 108 10 12 0.023620844 
362 157 15 23 0.023619324 
726 155 13 16 0.02353856 
515 77 9 11 0.023474187 
983 121 24 37 0.023390403 
536 125 11 14 0.023323586 
247 92 11 15 0.023292996 
629 141 12 14 0.023283748 
514 143 16 23 0.023237357 
481 112 21 26 0.023233982 
903 133 14 19 0.023180854 
414 63 8 9 0.023141168 
103 93 8 10 0.023138028 
279 163 12 15 0.02305031 
446 37 8 10 0.023049202 
560 163 14 21 0.022937214 
399 149 11 14 0.022716826 
496 56 9 11 0.022684122 
544 95 9 11 0.022680307 
71 88 8 9 0.022662392 
331 92 12 15 0.022636266 
689 29 9 12 0.0226311 
789 153 16 20 0.022605378 
811 131 15 20 0.022602575 
962 93 15 18 0.022427162 
615 48 7 9 0.022423904 
498 104 18 26 0.02240825 
720 89 14 18 0.022383146 
437 68 9 12 0.022364661 
528 54 7 8 0.022350362 
412 150 10 13 0.022240821 
239 78 9 11 0.02220523 
396 158 16 19 0.022174548 
513 73 9 11 0.022135768 
647 146 9 13 0.022064084 
1010 133 13 20 0.022012733 
523 144 13 18 0.021997359 
129 243 12 15 0.021980349 
424 72 7 10 0.021936335 
542 112 9 11 0.021797555 
573 71 8 10 0.02171775 
486 56 8 10 0.021700628 
613 155 26 31 0.021697808 
573 247 16 22 0.021588515 
51 78 7 10 0.021574335 
688 52 11 13 0.021515148 
352 101 14 17 0.021405071 
804 129 14 20 0.021351792 
575 168 20 27 0.021318499 
646 164 14 21 0.021306321 
50 71 7 10 0.021237459 
565 94 9 11 0.020777736 
342 139 24 31 0.020672925 
446 32 8 10 0.020642316 
219 98 15 18 0.020565787 
983 117 12 17 0.020562332 
403 154 13 18 0.02048402 
151 156 12 16 0.020419367 
481 39 8 11 0.020415742 
497 14 8 10 0.020371953 
506 145 27 37 0.020272015 
566 154 25 32 0.020231426 
345 71 8 10 0.020221692 
664 46 9 12 0.020086696 
985 128 39 55 0.020066837 
