20_Family_Group_Family_Group_20_87
23
458 387 103 135 0.9997814 
197 513 69 86 0.99940646 
323 429 73 91 0.99837047 
730 545 83 105 0.9948225 
627 510 81 100 0.99189985 
965 847 62 69 0.43841666 
468 797 118 91 0.2604642 
685 523 85 109 0.107025035 
284 703 427 537 0.06459492 
14 171 232 261 0.05941684 
710 196 356 442 0.0485417 
579 40 224 224 0.04727819 
309 -17 370 422 0.04662994 
37 960 28 38 0.032187153 
251 542 32 42 0.030191762 
105 833 393 486 0.029637 
-70 83 398 399 0.0285071 
252 12 315 230 0.025172554 
931 849 75 82 0.024240635 
860 1512 16 19 0.02331452 
502 838 88 66 0.023229977 
688 958 186 233 0.023204252 
184 537 455 503 0.020924991 
