20_Family_Group_Family_Group_20_62
44
627 169 36 47 0.99976355 
645 306 31 40 0.9995018 
444 244 35 45 0.9994655 
240 125 33 44 0.99945265 
538 169 33 45 0.99944836 
416 138 33 43 0.9991524 
630 386 31 37 0.9991375 
335 130 35 44 0.9991228 
839 152 31 42 0.9989484 
716 140 35 45 0.99891245 
106 105 40 49 0.99875593 
761 187 37 46 0.9986137 
242 218 37 50 0.99854267 
560 310 34 42 0.99770516 
447 168 37 45 0.99753284 
865 205 38 49 0.99698836 
309 176 34 45 0.9966198 
514 134 33 41 0.9964903 
621 126 33 44 0.99412835 
366 207 28 34 0.99130744 
190 166 39 49 0.98993826 
723 235 31 36 0.94172484 
517 193 23 30 0.1681376 
340 85 26 32 0.098618664 
633 108 11 14 0.06024704 
607 598 9 12 0.058173567 
355 53 13 16 0.051433958 
636 598 9 13 0.04732627 
986 112 13 18 0.0428013 
449 151 24 30 0.03850299 
345 7 37 46 0.038404997 
454 149 14 17 0.036930922 
454 582 12 17 0.03068706 
642 10 13 18 0.02948065 
616 49 44 70 0.027340427 
730 302 26 42 0.026005063 
381 462 14 18 0.024176888 
595 187 13 18 0.023575464 
629 99 23 30 0.023121402 
621 115 12 15 0.021414585 
352 93 26 35 0.020564767 
615 109 11 16 0.020322885 
664 576 10 12 0.020301083 
441 234 29 38 0.020017568 
