20_Family_Group_Family_Group_20_411
73
481 389 57 69 0.9997359 
324 405 53 67 0.9997229 
600 387 55 67 0.99961 
763 401 49 63 0.9996038 
219 393 53 70 0.99943393 
528 92 63 76 0.9994248 
676 74 64 80 0.9993206 
366 64 55 80 0.9992489 
706 757 26 29 0.6762061 
726 751 26 31 0.22864878 
119 727 25 25 0.17945366 
436 764 16 21 0.17864607 
610 757 12 18 0.17453542 
660 428 29 38 0.13791156 
711 767 27 33 0.0917457 
877 749 13 18 0.06938917 
701 754 17 26 0.0692171 
215 698 17 21 0.06851255 
607 759 21 28 0.06463533 
736 747 18 25 0.06201153 
209 703 21 31 0.06039612 
623 761 10 12 0.06011319 
610 752 9 13 0.0578628 
12 777 16 20 0.056623995 
231 772 46 47 0.055816993 
489 330 15 17 0.05313873 
1000 724 14 17 0.049310926 
181 758 34 33 0.049024817 
723 763 31 37 0.047228895 
103 783 15 18 0.04638483 
702 750 12 19 0.046070915 
720 760 20 24 0.04494339 
1006 89 12 17 0.03985116 
1008 261 9 14 0.03226751 
689 773 28 32 0.03190309 
717 786 15 19 0.03172501 
616 763 21 27 0.031602006 
933 787 15 17 0.031149155 
618 776 29 27 0.031134004 
853 766 10 11 0.03069748 
654 399 43 61 0.030138059 
803 740 17 21 0.029437635 
921 124 9 12 0.028888425 
1005 304 10 13 0.027454637 
1001 351 8 10 0.027454035 
695 765 54 53 0.02744684 
992 717 25 31 0.027281113 
1001 283 9 12 0.026392516 
1001 262 9 12 0.02581942 
572 775 18 22 0.025734076 
211 789 13 17 0.025687272 
803 743 24 35 0.025128609 
739 765 17 25 0.024908835 
952 131 10 12 0.024838813 
198 107 11 12 0.024584576 
964 -10 69 110 0.02436415 
498 762 12 15 0.02414621 
635 781 15 18 0.0236748 
494 777 13 19 0.023269292 
238 108 13 15 0.022929698 
203 565 51 53 0.02285858 
626 765 15 18 0.022412926 
141 760 66 58 0.022376226 
1006 217 10 14 0.0220581 
997 761 25 34 0.021858523 
311 87 8 10 0.021785488 
281 92 10 12 0.02165776 
73 763 65 58 0.021134807 
730 764 18 23 0.020789409 
983 744 10 12 0.02063036 
47 751 10 14 0.020590276 
261 102 9 11 0.02041171 
949 745 12 13 0.020370089 
