20_Family_Group_Family_Group_20_775
23
423 365 211 289 0.9999193 
283 578 207 249 0.9998394 
71 331 32 40 0.9956989 
147 362 27 34 0.9858064 
338 368 24 36 0.93086696 
624 301 39 43 0.90692234 
362 484 205 244 0.4879473 
54 849 310 460 0.28368264 
661 1080 196 296 0.07514682 
575 907 387 534 0.07041242 
152 356 20 22 0.057388034 
850 454 23 24 0.052277822 
81 447 23 30 0.051847834 
212 258 16 17 0.046750154 
213 331 16 21 0.044145256 
224 223 25 30 0.04264895 
676 299 427 494 0.027527576 
833 742 211 289 0.025686191 
243 230 13 17 0.024834082 
97 417 34 40 0.021839166 
214 221 23 29 0.02115439 
668 495 52 84 0.020818198 
948 512 18 22 0.020002278 
