20_Family_Group_Family_Group_20_339
49
525 195 30 38 0.99974316 
618 182 32 41 0.99965703 
448 171 32 39 0.999456 
361 127 41 51 0.9969337 
31 90 46 53 0.99631965 
147 160 37 44 0.9955686 
698 165 33 43 0.9935393 
242 133 39 51 0.99057466 
856 103 41 51 0.98499596 
767 145 39 51 0.98351836 
829 174 31 37 0.8915756 
665 213 25 31 0.47942403 
829 146 24 29 0.18817742 
412 326 13 19 0.17621852 
172 125 35 37 0.11945149 
831 156 26 31 0.11709272 
352 256 16 19 0.08819231 
1014 483 9 15 0.05886897 
838 171 20 24 0.054288827 
362 327 15 22 0.05400789 
377 275 15 20 0.05144942 
209 302 394 451 0.049869724 
634 185 26 36 0.0445418 
428 280 15 20 0.042656276 
675 154 17 21 0.041887473 
276 181 16 20 0.0411353 
668 200 25 29 0.039736282 
835 112 27 36 0.039320793 
973 312 12 17 0.03905178 
177 189 26 32 0.034354117 
552 188 20 27 0.03223161 
565 219 15 22 0.031490173 
909 116 24 28 0.030872747 
175 163 28 35 0.030427728 
651 188 23 32 0.028827181 
1015 268 9 14 0.02873212 
994 412 26 40 0.028626343 
74 142 24 34 0.02788102 
190 125 35 38 0.02765066 
747 173 22 30 0.027069755 
937 330 18 22 0.025026925 
679 187 23 27 0.024706146 
97 176 16 21 0.02429131 
133 162 16 23 0.02357253 
953 108 28 40 0.0212573 
134 151 32 42 0.020812757 
5 103 25 40 0.020623175 
391 307 11 14 0.020371463 
352 168 17 22 0.020330718 
