20_Family_Group_Family_Group_20_540
52
394 237 29 39 0.99877554 
129 233 35 45 0.9982157 
706 203 33 43 0.99794835 
498 220 33 44 0.99737513 
49 276 35 45 0.99735767 
757 254 27 37 0.9970686 
571 238 30 35 0.99672025 
655 212 32 44 0.9959986 
316 269 30 39 0.99381894 
576 487 33 41 0.9934807 
186 249 37 47 0.99310875 
813 225 31 41 0.9927165 
893 229 38 45 0.9909197 
974 239 36 46 0.99036705 
-1 539 35 48 0.9897996 
458 248 29 39 0.98889226 
139 551 41 42 0.98425573 
382 330 30 36 0.98255205 
277 526 41 51 0.9766634 
252 232 36 46 0.97543055 
461 511 31 38 0.9620938 
778 213 32 40 0.91355985 
331 241 29 33 0.909523 
27 230 37 45 0.75571334 
571 345 31 34 0.6333698 
748 551 28 34 0.52341497 
481 396 28 35 0.3685004 
555 318 22 27 0.36566573 
320 249 37 43 0.16085437 
889 215 34 41 0.15543813 
972 224 34 39 0.13485791 
453 237 29 37 0.09628309 
16 240 38 48 0.08586872 
752 538 28 32 0.05920163 
648 567 28 32 0.048111305 
338 546 31 45 0.047976993 
886 205 27 34 0.047163915 
781 229 25 36 0.041324116 
332 276 28 35 0.03840811 
769 236 26 33 0.034613803 
345 226 16 22 0.034415383 
978 223 21 24 0.03387493 
375 314 33 41 0.03130042 
575 340 22 25 0.026835985 
707 657 13 15 0.024341704 
446 248 29 35 0.023144862 
803 231 27 37 0.022355532 
138 539 30 35 0.02177161 
791 220 19 25 0.020654503 
667 205 30 35 0.020458737 
555 319 38 46 0.020414889 
532 3 34 45 0.020124279 
