20_Family_Group_Family_Group_20_914
84
814 162 29 37 0.99895585 
460 202 28 39 0.99827826 
591 230 25 32 0.9974963 
526 288 29 36 0.9967722 
861 171 27 34 0.99527574 
160 120 25 30 0.99466443 
143 170 26 32 0.9938844 
232 194 26 33 0.98989797 
388 314 28 39 0.9861459 
631 228 22 27 0.9782451 
263 256 23 30 0.9601753 
602 368 26 31 0.89000475 
187 192 22 27 0.30521464 
502 287 16 22 0.28453183 
378 306 28 38 0.16506428 
378 302 16 23 0.1605583 
185 171 16 21 0.14514314 
403 315 27 38 0.14025031 
146 118 27 31 0.13171154 
589 209 14 18 0.12528175 
909 206 24 32 0.10833516 
137 230 25 31 0.09958817 
178 204 26 32 0.09594601 
366 314 194 274 0.090177484 
214 214 19 27 0.08735234 
514 319 17 23 0.082355715 
446 312 23 28 0.081618406 
182 179 22 29 0.077601306 
595 211 14 17 0.07575395 
140 123 19 22 0.07216607 
136 210 20 24 0.06872202 
623 285 26 32 0.065375924 
293 312 23 30 0.05988169 
177 219 25 31 0.057047844 
418 317 22 33 0.052774 
181 234 16 20 0.05070445 
233 188 22 23 0.04146814 
429 294 13 19 0.040887356 
27 212 423 449 0.0405032 
423 285 23 31 0.039393976 
185 239 17 21 0.039202318 
717 218 18 20 0.0376047 
675 261 15 18 0.036050733 
420 328 25 39 0.035857845 
496 271 23 31 0.035566702 
580 385 16 18 0.03481257 
523 384 45 52 0.034519672 
833 199 24 27 0.033562243 
111 288 29 36 0.032999337 
645 306 18 23 0.03297449 
584 213 25 31 0.032844283 
88 169 13 18 0.032328878 
217 258 24 34 0.03198307 
621 269 22 27 0.031457644 
666 214 15 17 0.03049747 
426 315 16 20 0.029139135 
435 310 22 29 0.02877675 
628 213 13 15 0.028764721 
200 194 17 21 0.02849498 
598 302 22 30 0.028166505 
533 276 17 19 0.028002433 
861 158 14 16 0.027896928 
135 124 13 18 0.027381195 
676 228 14 20 0.027103923 
182 199 17 23 0.026113335 
985 144 30 39 0.02601037 
69 133 12 17 0.025686186 
516 280 17 22 0.025163285 
182 166 14 18 0.025054142 
635 303 18 23 0.024910795 
206 249 14 20 0.023868952 
148 156 14 18 0.02362398 
891 205 38 49 0.023403123 
579 224 16 24 0.023295088 
77 139 14 16 0.023179945 
162 101 14 15 0.023099963 
538 330 23 29 0.022251412 
326 242 349 398 0.021417582 
172 211 16 21 0.021130389 
508 277 33 43 0.02106216 
858 155 23 28 0.020992478 
585 375 23 27 0.020655422 
200 203 22 31 0.020609042 
644 192 15 18 0.020394126 
