20_Family_Group_Family_Group_20_672
201
436 155 34 42 0.99911445 
664 143 32 39 0.9989975 
304 143 35 43 0.99862957 
679 867 25 33 0.9985292 
450 1025 29 39 0.9985252 
853 846 28 35 0.99850297 
362 222 32 39 0.9984542 
310 254 34 43 0.9981365 
608 213 34 42 0.99804175 
826 843 25 34 0.99801826 
739 888 28 37 0.99800044 
274 290 37 46 0.99790144 
350 1026 29 35 0.9977314 
108 486 37 50 0.9976707 
640 240 33 40 0.997561 
609 846 25 32 0.99753356 
714 184 30 40 0.9974727 
566 875 30 36 0.99733883 
359 275 40 51 0.9973085 
747 228 36 45 0.99728835 
145 272 32 44 0.9969246 
679 184 27 33 0.99683565 
310 866 28 35 0.9965731 
424 270 37 44 0.99654704 
867 309 42 53 0.9957618 
808 900 26 34 0.9956469 
563 270 35 49 0.99561596 
802 285 37 45 0.99556834 
254 1023 25 32 0.99543816 
191 223 37 45 0.9951822 
356 847 25 32 0.99500895 
508 204 34 42 0.9949957 
215 304 38 49 0.99485165 
740 1045 25 33 0.9939628 
689 274 40 50 0.9933548 
280 214 34 41 0.9930681 
400 229 32 40 0.992757 
169 494 35 41 0.9922063 
755 343 42 55 0.9920219 
132 872 24 30 0.99181926 
572 489 40 48 0.9898258 
263 874 27 34 0.98769605 
458 830 23 31 0.98759204 
542 212 23 34 0.9875228 
496 837 27 34 0.9844775 
90 862 25 33 0.9837541 
647 1035 28 35 0.9824002 
429 836 24 31 0.9804258 
109 947 25 33 0.97931564 
205 862 27 33 0.97601205 
100 264 43 52 0.973626 
236 492 41 46 0.9708928 
395 878 24 29 0.969736 
472 266 43 50 0.9669238 
307 823 24 29 0.95258874 
735 844 25 32 0.9495381 
370 347 40 47 0.91961354 
682 239 38 44 0.9126488 
775 878 25 32 0.912539 
586 340 40 52 0.9080789 
231 864 22 29 0.9053196 
819 1043 25 30 0.90140516 
784 871 26 34 0.8193786 
649 851 26 32 0.5785791 
554 827 23 26 0.54144925 
506 941 23 33 0.4830978 
655 320 39 50 0.3572357 
502 923 17 18 0.3438926 
392 946 26 27 0.31067935 
652 214 24 29 0.28511256 
817 1028 29 34 0.28434104 
351 1101 29 31 0.27943176 
449 1105 28 31 0.2538413 
525 209 30 36 0.20183788 
266 1107 16 19 0.1783839 
492 941 27 33 0.1657306 
158 1112 25 29 0.16409683 
837 846 25 33 0.15869637 
770 888 20 27 0.13959366 
442 805 17 20 0.12997815 
551 487 22 31 0.124127045 
681 1132 18 20 0.1103919 
417 1157 48 54 0.10960354 
339 357 30 38 0.10649785 
398 285 24 33 0.10568434 
440 986 23 30 0.10528486 
694 396 22 24 0.10279723 
820 1125 17 19 0.101917185 
500 925 24 30 0.10078632 
786 868 18 21 0.09609757 
266 867 17 20 0.087336585 
653 1116 14 17 0.08649675 
128 1132 12 17 0.0827854 
571 945 18 20 0.08077277 
539 884 22 26 0.07746434 
290 592 32 46 0.07467706 
431 905 24 27 0.07318757 
735 1129 14 17 0.072775654 
308 936 16 17 0.0698123 
512 1025 29 31 0.0692607 
618 486 15 18 0.06732117 
291 639 17 19 0.064930126 
709 1146 15 20 0.06177595 
298 883 15 20 0.061704874 
729 1119 22 26 0.0607306 
547 906 15 18 0.057289083 
213 934 14 16 0.056260698 
515 899 21 25 0.05543483 
131 391 17 20 0.054933213 
865 429 12 17 0.05483395 
531 613 31 35 0.05290811 
528 1048 429 469 0.05051872 
163 1034 26 29 0.04912442 
507 912 23 26 0.048460435 
614 472 24 30 0.047860112 
649 1110 23 28 0.04768495 
481 399 19 20 0.0466857 
492 1012 25 32 0.04572015 
656 474 17 19 0.04496334 
727 1130 24 28 0.042852327 
577 602 25 26 0.04207464 
502 1016 29 36 0.041577827 
839 1002 13 16 0.041274797 
572 1187 25 31 0.041238494 
442 1122 33 34 0.039792 
494 1028 25 30 0.036191184 
727 1142 14 17 0.035950962 
336 1100 45 51 0.035591733 
283 628 27 31 0.034506153 
653 844 19 22 0.03408929 
669 1133 26 29 0.033892874 
544 229 18 23 0.033032257 
518 825 15 20 0.032462556 
540 828 21 29 0.03228904 
551 881 24 32 0.031574976 
449 808 16 19 0.031074686 
824 1051 26 32 0.030535765 
739 1135 17 19 0.029459005 
385 957 32 34 0.029336255 
157 1137 16 19 0.028501397 
255 1043 25 30 0.028366 
545 618 31 34 0.028332315 
580 199 16 21 0.027855396 
746 1131 15 18 0.027804507 
502 852 19 25 0.027509466 
563 931 25 30 0.027398385 
690 1135 13 19 0.027384002 
663 801 11 12 0.027324183 
724 1115 18 21 0.027284084 
356 355 34 41 0.027263839 
359 423 12 14 0.026931066 
560 833 23 29 0.026430095 
525 893 23 28 0.026148535 
292 270 40 51 0.026021464 
601 908 29 32 0.025628366 
720 1139 23 27 0.02561257 
434 811 22 25 0.025383089 
671 940 16 17 0.025285464 
240 1170 17 22 0.024933308 
492 903 15 17 0.024855992 
516 939 16 24 0.024558142 
213 947 27 30 0.02442641 
545 897 17 20 0.024305731 
524 989 15 20 0.024179852 
266 1095 24 27 0.024148198 
57 522 27 37 0.023846926 
556 843 17 22 0.022991473 
701 1152 16 19 0.022964822 
663 1116 28 32 0.022925867 
894 1000 16 24 0.022542452 
591 365 30 36 0.02244711 
570 834 14 19 0.022336794 
166 476 31 40 0.022134103 
530 1018 13 17 0.022019066 
444 796 17 20 0.02195471 
542 403 13 18 0.021825643 
156 1127 19 22 0.0218112 
261 932 14 18 0.02176208 
202 413 42 56 0.021738613 
662 858 25 33 0.02173736 
625 215 28 35 0.021497471 
522 821 14 18 0.021466069 
640 474 27 30 0.021418247 
444 1143 30 32 0.02137055 
556 943 51 58 0.021346675 
194 1037 22 29 0.021306265 
276 590 33 43 0.021174181 
411 244 42 54 0.021145638 
219 1127 17 20 0.021088155 
236 164 28 34 0.020991493 
717 1057 16 21 0.020816155 
494 910 23 26 0.020802196 
460 820 15 18 0.020789992 
165 456 25 35 0.020631464 
629 812 23 26 0.020602502 
197 949 12 15 0.02054645 
443 380 93 113 0.020497918 
411 792 16 18 0.020428162 
407 277 27 36 0.020338194 
824 1018 27 33 0.020234395 
406 799 22 25 0.020077975 
