20_Family_Group_Family_Group_20_326
33
860 200 29 37 0.99982136 
148 214 33 42 0.99940884 
804 287 25 33 0.99922884 
345 235 26 34 0.99899465 
393 248 27 32 0.998648 
702 224 35 40 0.9986426 
436 233 27 35 0.9985446 
450 278 25 29 0.9963846 
817 227 24 30 0.99592704 
870 338 21 26 0.9893554 
218 221 30 36 0.9827979 
423 377 20 26 0.97744673 
513 247 25 31 0.9766938 
628 193 41 52 0.97646433 
893 355 17 23 0.13855581 
427 356 13 16 0.0863179 
866 231 15 20 0.04680793 
296 306 13 17 0.041410945 
908 320 22 27 0.03455579 
591 324 43 54 0.03400858 
898 213 13 18 0.032961603 
81 212 14 16 0.030761542 
585 331 26 37 0.030362217 
273 213 11 15 0.030239174 
2 394 8 14 0.025042878 
447 402 16 19 0.02500052 
613 395 25 29 0.022880213 
288 151 8 10 0.021886982 
273 158 9 11 0.021885727 
199 144 9 10 0.021715088 
481 198 10 12 0.02126116 
232 172 9 11 0.020782176 
96 215 9 12 0.020755308 
