20_Family_Group_Family_Group_20_277
33
161 185 54 66 0.9812936 
260 118 58 74 0.9092859 
1002 184 22 43 0.9082801 
381 205 56 56 0.6085155 
744 167 67 66 0.515424 
589 264 38 38 0.4240661 
795 46 24 31 0.26948792 
442 96 47 61 0.07417829 
583 234 60 66 0.06505662 
886 540 14 19 0.06367511 
810 45 28 30 0.058997534 
950 472 16 20 0.0494504 
42 434 38 45 0.046814967 
886 159 33 35 0.043560475 
227 36 28 28 0.039168816 
38 406 50 63 0.03758548 
871 152 22 33 0.037327763 
0 432 25 45 0.036478378 
723 114 98 115 0.033085555 
17 433 54 65 0.03287681 
241 80 94 121 0.030953754 
971 162 13 18 0.030007472 
353 157 85 97 0.026156107 
-1 426 51 66 0.024097046 
980 181 12 14 0.023839068 
963 182 24 34 0.02376295 
897 509 10 13 0.022990802 
899 460 22 28 0.022956861 
972 189 13 17 0.02235524 
4 397 87 103 0.021362163 
792 36 48 50 0.021075452 
754 45 30 32 0.020613408 
485 200 471 563 0.020229544 
