20_Family_Group_Family_Group_20_412
22
410 166 67 92 0.9965192 
663 273 60 89 0.9933028 
252 152 70 100 0.97732306 
89 459 49 68 0.39219406 
63 718 88 111 0.2904612 
142 482 59 52 0.09463659 
790 195 100 157 0.08430934 
754 107 184 284 0.07756177 
807 441 371 457 0.07736509 
47 454 31 37 0.06104316 
102 484 59 64 0.040605634 
443 167 63 76 0.039581753 
65 490 29 44 0.036892157 
96 746 32 37 0.036485475 
473 164 58 66 0.034710225 
653 13 361 445 0.031393956 
67 452 53 64 0.030250395 
51 457 45 54 0.026595097 
829 165 12 15 0.024248794 
247 330 50 45 0.022842431 
212 187 57 72 0.020964533 
515 614 32 37 0.020935493 
