46_Jockey_Jockey_46_779
73
538 120 53 65 0.99386334 
933 117 38 48 0.94519025 
657 293 38 57 0.56192446 
634 301 48 60 0.35252663 
989 119 27 34 0.33948386 
895 48 29 31 0.25634414 
625 313 35 45 0.249774 
1003 198 22 35 0.1786643 
930 212 14 20 0.1740383 
116 329 19 22 0.14882691 
957 66 16 23 0.11326435 
483 439 9 12 0.111258276 
457 361 15 21 0.106676094 
493 288 16 19 0.10214197 
503 433 9 10 0.08679406 
526 432 9 10 0.08061647 
322 350 7 10 0.080364205 
922 11 14 19 0.0802231 
412 266 11 14 0.07136577 
995 117 17 23 0.06885688 
792 211 23 29 0.0685847 
496 356 12 14 0.0663945 
892 45 17 20 0.06352819 
501 437 8 10 0.060703747 
510 431 8 10 0.05322223 
490 297 15 19 0.052160338 
5 378 30 37 0.051164158 
497 282 18 21 0.0511305 
582 276 11 14 0.04952382 
980 131 31 37 0.048032615 
923 4 23 33 0.04705453 
626 331 48 52 0.04516214 
342 294 33 36 0.042718492 
949 124 31 43 0.041859396 
455 354 25 34 0.040664464 
1004 115 14 21 0.03729396 
497 438 9 12 0.03632661 
829 252 14 18 0.034331523 
930 206 25 32 0.033010736 
952 73 12 18 0.032698404 
366 333 44 51 0.032313466 
634 353 43 42 0.031778667 
513 440 8 10 0.031760126 
888 43 13 19 0.031684857 
845 141 16 23 0.031633776 
902 44 20 21 0.030813303 
886 49 47 55 0.03015025 
518 422 9 12 0.030025993 
981 101 42 57 0.029095761 
521 430 8 10 0.028835446 
500 406 11 15 0.02863309 
485 301 14 16 0.028436823 
-56 182 428 516 0.026896687 
977 25 24 35 0.026868254 
691 52 138 220 0.02587506 
628 322 17 24 0.025427757 
911 6 22 27 0.025048265 
682 105 15 21 0.024911152 
506 282 11 15 0.02485419 
519 415 8 11 0.024086406 
524 462 10 13 0.023737263 
407 268 12 16 0.023402045 
511 446 10 11 0.0229561 
598 319 15 17 0.02267279 
988 135 19 23 0.022133784 
947 60 37 50 0.02212027 
355 303 20 21 0.02207032 
190 318 18 22 0.021712972 
482 286 26 28 0.021660823 
209 284 27 30 0.021651147 
897 37 20 22 0.021340696 
629 305 15 22 0.020591607 
400 276 12 17 0.02014805 
