46_Jockey_Jockey_46_909
143
509 288 26 35 0.99873227 
452 416 51 48 0.99107134 
495 555 58 66 0.97852236 
783 184 16 21 0.9464134 
652 248 16 21 0.933119 
275 183 14 18 0.89971083 
913 283 18 30 0.8541201 
739 177 13 17 0.84554195 
694 181 13 19 0.83616865 
486 155 9 13 0.80459285 
210 572 48 81 0.64566016 
534 160 10 12 0.6274425 
740 268 17 21 0.5915121 
496 324 20 26 0.5907794 
643 191 11 14 0.49246788 
596 107 14 18 0.368554 
478 190 13 17 0.2985421 
507 154 10 14 0.26624748 
677 254 9 13 0.23528956 
767 208 14 18 0.20462978 
542 157 9 11 0.16502889 
734 333 12 19 0.13208786 
569 345 29 41 0.12843025 
922 286 21 28 0.12448033 
444 327 17 23 0.1162767 
371 547 58 63 0.10719945 
604 275 21 25 0.10356776 
748 262 13 20 0.10220521 
930 276 24 30 0.08652635 
468 406 39 41 0.08557513 
550 139 10 12 0.08295242 
734 270 16 20 0.0747841 
472 180 10 13 0.07408804 
521 542 60 70 0.07086581 
726 204 10 14 0.07076881 
519 413 10 14 0.069787234 
653 291 12 16 0.068881206 
788 277 14 17 0.06876982 
248 544 80 105 0.068017125 
718 235 10 14 0.06637385 
727 282 10 14 0.065601125 
629 264 10 13 0.06493832 
668 299 14 15 0.060482122 
475 181 13 17 0.059340402 
531 163 11 13 0.05318034 
797 260 15 17 0.052274022 
719 309 12 14 0.051676925 
648 284 11 14 0.05145404 
0 212 10 20 0.050922554 
629 273 13 19 0.0507689 
527 184 8 10 0.049994115 
612 271 21 27 0.049149685 
792 186 13 18 0.048807524 
636 284 12 15 0.046990387 
446 141 12 16 0.046009555 
355 189 14 16 0.04586145 
495 149 9 12 0.044703074 
443 134 24 32 0.04345131 
636 277 11 15 0.041624665 
779 268 13 17 0.040442035 
412 220 12 15 0.03704601 
512 173 10 12 0.03684583 
706 186 12 15 0.036754474 
224 566 32 57 0.036622297 
482 152 10 13 0.036134116 
32 413 32 46 0.035693057 
923 631 47 52 0.03398415 
316 191 12 14 0.033712946 
448 320 15 22 0.031550027 
545 123 9 12 0.03133155 
502 151 18 23 0.031223843 
658 290 15 18 0.030773798 
773 188 19 26 0.030569 
575 134 9 12 0.030467877 
782 309 11 16 0.03046131 
760 142 9 11 0.030188218 
418 359 30 37 0.029942524 
475 174 12 14 0.029631149 
652 279 11 14 0.029597241 
352 195 12 14 0.029270351 
646 203 9 12 0.029161368 
437 110 13 16 0.029151522 
862 228 11 14 0.028934518 
496 143 9 13 0.028835647 
728 338 13 17 0.028717704 
591 301 10 14 0.028583515 
701 97 12 16 0.028410152 
529 363 28 31 0.028236253 
910 278 15 24 0.028050262 
226 556 53 83 0.027665364 
806 244 11 14 0.027605232 
719 302 12 14 0.027485548 
608 157 9 12 0.027306234 
450 405 31 45 0.027270317 
482 151 17 23 0.027206836 
823 333 52 66 0.027082833 
719 293 10 12 0.02696467 
429 412 13 17 0.02694038 
671 256 12 16 0.026581705 
479 540 54 69 0.026494773 
989 627 12 16 0.026167803 
549 156 8 10 0.0253853 
595 102 22 29 0.025068033 
361 194 14 17 0.024880674 
662 297 14 17 0.024627041 
143 95 12 16 0.02460487 
454 127 10 11 0.024209494 
407 338 23 30 0.024138901 
926 654 29 33 0.024089905 
739 342 58 64 0.024007468 
546 140 9 13 0.023909999 
725 360 50 52 0.023882871 
398 197 12 12 0.023852052 
527 189 8 9 0.023821384 
631 281 13 17 0.023759482 
436 334 23 30 0.023636293 
631 291 13 17 0.023541229 
797 250 15 17 0.02328277 
791 263 22 25 0.023174193 
550 150 9 12 0.022765892 
328 556 60 67 0.022472195 
407 349 31 36 0.0224094 
732 197 11 15 0.022186846 
645 287 19 24 0.021991538 
504 319 25 37 0.021939218 
596 299 11 15 0.021918079 
699 86 22 31 0.02170616 
613 141 8 10 0.02163124 
844 302 17 22 0.021283608 
422 649 28 34 0.021282384 
509 161 11 14 0.021240784 
485 401 28 36 0.021075405 
343 196 12 15 0.021061573 
819 227 12 15 0.020997703 
489 133 8 10 0.020539863 
682 250 14 19 0.020521432 
613 150 8 12 0.020498997 
486 268 10 15 0.02047007 
608 141 9 10 0.02043279 
938 270 16 20 0.020296732 
570 134 9 13 0.02021851 
786 274 24 29 0.02006865 
598 284 19 25 0.020050632 
