46_Jockey_Jockey_46_352
41
421 74 34 45 0.99960595 
521 73 33 42 0.9995709 
792 57 37 47 0.99951565 
610 64 37 47 0.99938035 
693 67 35 45 0.9989329 
497 182 35 46 0.99880993 
811 225 46 60 0.99795735 
89 148 44 58 0.9977615 
338 45 35 47 0.9977101 
633 144 39 54 0.9974377 
677 232 44 57 0.99713314 
221 47 37 48 0.9964399 
301 250 44 56 0.9958104 
206 138 43 55 0.9957949 
436 249 41 51 0.9950954 
558 242 43 53 0.9949555 
336 124 40 52 0.99421 
779 135 41 55 0.99271894 
903 131 40 54 0.9921853 
171 239 45 57 0.9905111 
621 417 18 21 0.07709411 
657 427 17 18 0.07361331 
647 401 17 21 0.06881164 
738 420 23 26 0.049851272 
592 448 12 15 0.043863785 
728 430 24 25 0.039241776 
612 418 18 20 0.03209576 
637 407 21 26 0.031516783 
653 431 26 28 0.029250117 
180 531 24 31 0.028721014 
666 425 16 19 0.028495494 
628 435 14 17 0.026066674 
700 395 14 17 0.023702618 
691 412 17 20 0.022365246 
851 250 25 32 0.022283267 
582 465 18 21 0.022266988 
688 417 25 26 0.021920435 
600 426 25 28 0.020802971 
730 440 15 17 0.020334657 
851 6 32 35 0.020312602 
736 408 28 28 0.020247042 
