46_Jockey_Jockey_46_444
31
409 169 34 41 0.9994937 
315 149 34 41 0.99943465 
616 139 33 43 0.9994023 
712 146 36 48 0.99924797 
219 139 32 38 0.9991824 
522 154 35 41 0.99914384 
218 336 34 43 0.9986645 
98 350 37 45 0.9969553 
484 333 39 49 0.99591583 
341 330 43 55 0.9953609 
814 131 35 48 0.99304754 
858 343 41 52 0.98987645 
666 362 38 47 0.98956805 
866 170 17 19 0.10938876 
997 90 12 15 0.06979708 
723 498 45 40 0.06668859 
789 494 45 32 0.065839306 
160 445 32 30 0.058332335 
155 454 31 33 0.04389803 
144 479 41 40 0.043661583 
451 189 16 18 0.03597262 
302 511 42 31 0.03276581 
601 394 28 31 0.03251383 
1005 91 10 14 0.032082062 
447 193 15 19 0.029610028 
532 354 16 22 0.029155664 
144 201 7 9 0.026485354 
966 94 10 12 0.022591617 
422 397 36 47 0.022433586 
168 432 27 33 0.021321537 
299 165 15 21 0.020808425 
