46_Jockey_Jockey_46_409
28
427 110 78 102 0.9850782 
728 206 207 291 0.38784388 
192 367 94 136 0.38112175 
401 360 49 42 0.26941454 
600 245 352 485 0.20464921 
820 253 122 214 0.15624538 
776 228 84 74 0.06460368 
853 237 88 128 0.05531907 
366 442 44 59 0.044395532 
637 323 152 235 0.042989116 
744 227 146 120 0.042671137 
139 280 157 231 0.03727635 
795 209 122 111 0.03531984 
343 495 86 121 0.03397111 
348 427 81 111 0.033685412 
307 532 50 63 0.0328106 
749 245 80 67 0.03155354 
327 541 36 42 0.027840426 
370 508 52 74 0.027656438 
882 214 60 99 0.02668201 
504 487 27 28 0.026509905 
-15 170 354 502 0.024304934 
240 387 110 122 0.0230674 
47 227 216 325 0.022421815 
192 419 61 96 0.021164477 
753 207 80 72 0.020965159 
432 639 10 13 0.020517325 
558 654 8 11 0.020086002 
