19_Couple_Couple_19_667
25
470 98 238 355 0.9984938 
565 105 276 357 0.92632014 
108 698 471 480 0.81542045 
449 390 213 273 0.46141738 
380 836 383 510 0.40994605 
152 536 337 447 0.34116334 
517 746 409 538 0.24575661 
618 614 454 559 0.19393858 
478 491 133 173 0.14294189 
57 723 17 21 0.10850097 
245 10 27 31 0.09689012 
287 345 364 432 0.094182804 
161 1353 18 23 0.0885275 
122 1343 13 15 0.08523725 
424 199 218 336 0.068365544 
681 172 160 238 0.06740566 
626 419 421 508 0.049667217 
56 900 474 546 0.037004665 
47 1054 30 41 0.035898313 
379 84 16 19 0.031154796 
657 118 330 457 0.026758501 
49 721 27 34 0.025989894 
360 228 95 114 0.023391057 
377 75 27 31 0.023263609 
401 627 16 18 0.022274325 
