19_Couple_Couple_19_836
21
628 33 104 167 0.9996457 
116 441 108 163 0.9995505 
293 855 106 173 0.99937135 
286 468 90 145 0.999355 
806 476 101 162 0.9992817 
806 75 88 138 0.99926764 
632 426 113 184 0.9991757 
111 817 117 193 0.99848276 
235 80 85 118 0.9958566 
200 88 83 111 0.93593127 
636 928 155 108 0.9243457 
627 878 197 217 0.40619618 
174 123 79 90 0.22720574 
705 866 122 155 0.059317864 
579 767 190 274 0.033495355 
171 162 39 46 0.0326165 
239 821 119 197 0.028062847 
439 1110 55 64 0.026776826 
165 331 54 72 0.023203008 
624 966 137 110 0.02062983 
756 475 95 155 0.020123566 
