19_Couple_Couple_19_810
20
513 618 57 55 0.544078 
482 346 16 21 0.27150685 
458 336 19 23 0.17294724 
87 325 116 133 0.048928935 
820 315 120 143 0.03215292 
415 533 70 48 0.032122206 
401 233 370 469 0.03123677 
559 107 115 131 0.029413002 
532 312 50 58 0.028372211 
728 86 347 449 0.027673766 
477 348 25 32 0.026251823 
463 342 27 33 0.025665686 
448 336 11 13 0.023846362 
448 344 50 58 0.02362527 
139 -65 513 433 0.023119705 
406 572 34 38 0.022412777 
358 126 80 113 0.022311999 
475 333 43 53 0.021935424 
539 322 62 72 0.020971674 
420 581 17 19 0.020441545 
