19_Couple_Couple_19_50
45
671 250 73 92 0.9978154 
585 147 73 93 0.99755764 
114 476 26 30 0.37334323 
586 451 43 54 0.3429465 
179 457 44 63 0.23705237 
894 430 24 29 0.17128806 
968 458 16 21 0.13519855 
236 444 24 29 0.113046356 
986 474 15 18 0.07716697 
869 436 26 28 0.068839274 
884 525 18 23 0.05722648 
794 377 30 39 0.05704952 
915 520 24 32 0.044952136 
864 555 27 37 0.044612225 
456 597 52 58 0.04339198 
35 214 416 507 0.038091753 
250 639 42 51 0.036331605 
147 460 74 92 0.03525184 
178 471 28 39 0.03510054 
231 439 40 49 0.034768183 
998 452 15 21 0.034072846 
90 506 15 20 0.03399963 
948 459 16 22 0.03198273 
206 446 45 57 0.029890731 
910 461 23 29 0.029287588 
127 480 17 22 0.02867525 
391 487 23 31 0.027563546 
113 476 79 99 0.025417626 
978 464 21 25 0.02482406 
438 557 102 108 0.02478407 
874 429 18 20 0.024767252 
542 495 40 56 0.024154639 
866 450 26 29 0.023869414 
545 449 39 49 0.023824846 
614 230 49 63 0.023772353 
58 527 17 22 0.023639135 
241 437 19 22 0.02355294 
116 486 47 60 0.023118723 
875 473 28 30 0.022687657 
108 481 19 22 0.022514414 
168 435 73 97 0.022192113 
187 475 15 21 0.021842966 
540 458 28 35 0.021076323 
940 458 14 21 0.020989848 
585 474 27 37 0.0204074 
