19_Couple_Couple_19_319
45
486 590 33 44 0.99028647 
494 579 29 38 0.1679567 
35 547 12 16 0.14021741 
468 595 26 32 0.09518697 
639 503 193 282 0.06994897 
897 404 52 71 0.06821834 
0 761 49 69 0.06643382 
1 500 9 14 0.0587396 
500 599 32 41 0.058613613 
57 1324 15 18 0.05629047 
48 761 18 21 0.054693177 
549 537 467 545 0.048849735 
2 492 11 16 0.043348067 
0 673 22 36 0.043229494 
498 579 18 23 0.042870518 
869 1039 9 10 0.038481575 
5 543 12 14 0.037231438 
47 534 8 10 0.03410653 
0 509 8 12 0.031939656 
820 321 41 57 0.030449335 
62 782 13 16 0.028616926 
972 774 14 18 0.02817541 
491 683 43 54 0.027843565 
25 533 11 14 0.027207099 
1009 765 12 17 0.027021296 
1001 435 21 34 0.026560707 
496 603 20 27 0.026345622 
394 618 16 21 0.02572816 
459 599 18 23 0.025215752 
400 644 12 16 0.024521895 
109 677 12 16 0.024143435 
13 518 9 11 0.024089314 
-2 811 26 43 0.023981716 
925 474 30 34 0.022366405 
534 637 22 30 0.022153972 
450 814 24 30 0.022143984 
927 763 11 15 0.021834688 
972 758 10 11 0.02168118 
476 601 31 36 0.021482525 
758 931 25 27 0.020987105 
100 1332 11 14 0.020476632 
1004 510 17 33 0.020210993 
32 542 12 15 0.020202646 
668 541 13 16 0.020201117 
39 536 9 11 0.020014405 
