19_Couple_Couple_19_847
22
285 634 178 245 0.99966955 
500 487 184 262 0.99961424 
91 930 27 31 0.07924393 
1 228 46 96 0.0667211 
325 1039 15 16 0.063044176 
258 1028 33 29 0.060747903 
217 953 15 17 0.048454475 
3 187 75 133 0.042084154 
245 955 30 33 0.04015724 
3 351 39 83 0.03746324 
28 177 87 118 0.037229564 
386 306 50 49 0.033678994 
380 991 15 18 0.031530485 
377 990 27 29 0.031086342 
270 1023 35 36 0.030784218 
365 981 47 46 0.028925348 
339 979 40 38 0.02786212 
265 982 32 40 0.02364614 
57 1029 25 25 0.023038253 
183 304 11 14 0.021557475 
256 997 11 14 0.021316474 
188 286 49 62 0.020017913 
