38_Tennis_Tennis_38_371
59
568 288 29 36 0.9994574 
785 198 27 33 0.9994097 
764 282 29 39 0.99934477 
343 296 29 36 0.99928254 
172 192 28 33 0.9987471 
665 277 29 37 0.99860793 
443 215 26 32 0.9983151 
438 302 29 34 0.99812347 
129 202 25 29 0.99802506 
380 209 27 36 0.9979249 
475 367 33 42 0.9976561 
490 203 24 28 0.99738926 
549 372 33 40 0.9973084 
277 203 26 30 0.9973017 
232 200 24 29 0.9967566 
325 206 21 27 0.99615186 
528 214 23 29 0.99456173 
730 189 21 26 0.9943159 
567 196 22 28 0.9937709 
654 197 23 29 0.9932753 
697 192 25 29 0.9927527 
878 188 25 31 0.99071866 
816 192 21 26 0.98977995 
413 206 23 28 0.9894476 
612 220 23 27 0.9886813 
701 290 23 29 0.25789267 
688 264 27 32 0.10387029 
461 273 21 25 0.094956286 
368 449 28 35 0.08654822 
415 300 14 17 0.08542066 
469 317 21 27 0.07808805 
439 372 15 18 0.065700725 
612 309 24 27 0.06322865 
723 296 25 33 0.058606874 
154 202 16 21 0.05742664 
798 295 21 25 0.057174794 
573 243 23 26 0.05080577 
775 380 14 16 0.04671415 
785 265 24 29 0.046048343 
711 294 27 33 0.042498503 
666 471 24 25 0.04197894 
401 313 16 20 0.041658003 
676 273 26 34 0.04112798 
426 360 14 18 0.039995488 
369 358 16 18 0.036242027 
871 470 9 10 0.035527695 
412 451 33 38 0.03337163 
776 271 27 33 0.032669745 
731 289 22 30 0.03148763 
467 364 28 37 0.031265154 
682 452 12 14 0.031130444 
584 379 14 16 0.030271234 
522 280 22 24 0.029541219 
801 191 23 30 0.02686008 
903 470 10 12 0.02525601 
813 207 24 28 0.023009036 
419 306 12 17 0.021660052 
444 362 22 30 0.020836063 
738 233 24 27 0.020185776 
