38_Tennis_Tennis_38_232
253
806 329 14 20 0.9828551 
733 252 9 12 0.8954542 
165 222 10 12 0.57607377 
648 70 7 11 0.5002565 
686 63 8 11 0.45672682 
630 38 9 11 0.44933867 
943 13 10 12 0.39857 
990 59 11 14 0.37955445 
612 63 9 11 0.31931433 
724 70 8 10 0.31349027 
638 19 8 11 0.29577792 
728 37 9 10 0.29354525 
899 38 8 11 0.2853642 
909 16 9 11 0.26503035 
999 36 11 14 0.23823427 
693 37 9 11 0.23416883 
870 37 8 10 0.21734509 
44 414 9 11 0.21043092 
673 22 7 9 0.18630631 
591 0 13 12 0.18349317 
704 21 9 11 0.17715855 
965 22 9 12 0.1737592 
733 38 8 10 0.1726655 
726 33 8 11 0.16919589 
1008 60 8 11 0.16217828 
943 39 9 11 0.15026248 
980 44 9 11 0.1410017 
893 63 8 10 0.1399207 
981 7 13 14 0.13343804 
709 29 8 11 0.12700395 
750 54 12 15 0.12267035 
853 62 9 13 0.119328305 
106 0 16 15 0.11810556 
658 55 8 10 0.116027266 
966 34 11 15 0.11200432 
1014 257 9 15 0.11161536 
736 90 13 19 0.10904234 
742 12 10 12 0.10885193 
704 37 9 11 0.09961929 
672 28 10 13 0.099530116 
935 47 9 12 0.09694841 
647 65 8 11 0.096566424 
918 35 11 14 0.095471695 
1008 6 9 12 0.09526348 
670 95 11 13 0.09245703 
708 85 11 14 0.0909863 
976 38 9 13 0.08829466 
965 42 11 13 0.08363939 
662 40 8 11 0.08215451 
985 60 10 13 0.08080209 
702 95 11 14 0.07841487 
963 62 12 14 0.078337185 
938 11 9 12 0.07789864 
964 68 9 12 0.07530454 
677 47 9 12 0.07526205 
889 40 7 9 0.07403209 
0 301 8 13 0.07217109 
906 19 9 12 0.07142067 
669 69 9 12 0.070617765 
775 15 8 11 0.06975939 
977 6 11 13 0.06909456 
935 7 9 13 0.06730782 
751 45 10 12 0.06668693 
703 16 9 12 0.06574107 
1 360 9 13 0.06565386 
709 38 8 10 0.064757034 
610 67 9 11 0.06284148 
15 318 9 12 0.06084606 
39 271 10 13 0.060603335 
672 54 9 11 0.06002895 
1015 38 9 12 0.058412094 
629 60 11 13 0.057259236 
942 44 10 12 0.0560777 
888 45 8 10 0.055650458 
678 36 9 12 0.0545607 
682 66 9 12 0.054244682 
776 19 9 12 0.053961653 
768 40 8 10 0.053546574 
657 46 8 10 0.053206593 
661 61 10 13 0.053182505 
721 62 9 12 0.053147748 
873 8 9 11 0.052950457 
968 77 9 11 0.05249388 
623 56 10 12 0.052333683 
17 267 9 12 0.051487807 
63 -1 17 15 0.051052168 
912 29 9 12 0.045955304 
61 436 10 11 0.04572966 
966 17 8 11 0.045488864 
670 62 9 12 0.04530278 
21 267 10 13 0.044968706 
958 1 10 11 0.04467458 
721 36 9 11 0.044548582 
752 38 10 13 0.04387535 
947 38 10 12 0.043835115 
719 0 8 8 0.043004844 
897 15 7 11 0.04283098 
984 93 11 14 0.04229992 
657 60 9 12 0.041797392 
741 30 9 12 0.041248538 
961 16 9 11 0.040456545 
987 6 12 13 0.040216293 
0 326 10 14 0.039877553 
1000 23 9 11 0.03930806 
865 33 9 11 0.03907713 
672 35 10 12 0.03836336 
782 58 10 12 0.038202103 
982 67 10 13 0.037836906 
687 56 10 11 0.037813026 
636 37 8 10 0.037138447 
617 57 8 11 0.036926173 
1012 60 9 12 0.036807925 
929 52 10 13 0.036508806 
737 7 11 13 0.036441322 
929 46 9 13 0.036217358 
918 43 10 13 0.03605601 
708 79 11 13 0.035913125 
743 2 9 8 0.03574964 
46 431 9 12 0.035643 
606 79 8 11 0.035436824 
897 33 8 11 0.035311576 
671 88 8 11 0.035074804 
928 7 9 11 0.03471206 
666 93 10 13 0.034226924 
935 30 8 11 0.034194816 
984 54 10 13 0.03405996 
32 268 11 13 0.033567216 
685 0 8 8 0.033497635 
702 6 9 10 0.033053312 
992 65 10 14 0.032780156 
626 44 9 11 0.03260204 
901 31 10 12 0.03245735 
985 85 10 13 0.032174867 
632 33 9 12 0.032168187 
733 43 9 10 0.031529173 
854 56 9 13 0.031281862 
677 54 9 10 0.031242512 
654 78 8 10 0.031117959 
664 88 8 10 0.030981053 
639 86 9 13 0.030915827 
689 32 9 11 0.03079679 
999 77 8 11 0.030659968 
399 272 8 10 0.030284792 
623 81 10 12 0.030179309 
697 21 8 11 0.030112304 
702 1 10 9 0.030103093 
57 431 9 12 0.03007643 
161 224 13 17 0.029777845 
717 55 8 11 0.029601645 
767 54 10 13 0.029590592 
736 32 9 12 0.029486394 
927 1 8 9 0.02945643 
855 78 11 15 0.0294119 
0 278 8 12 0.029225051 
919 14 8 11 0.029095957 
1000 92 9 13 0.029091537 
755 53 11 13 0.029079111 
681 0 10 9 0.028483083 
949 6 10 13 0.028078305 
639 55 8 11 0.028048065 
654 4 13 16 0.028046548 
46 437 9 11 0.027990462 
655 21 10 12 0.027617538 
749 1 9 9 0.027501972 
712 0 8 9 0.027440134 
937 39 8 11 0.027438493 
658 41 8 11 0.027436176 
925 31 10 12 0.027127879 
639 61 10 13 0.02691147 
825 443 25 32 0.02687707 
795 378 23 36 0.026871711 
758 69 10 11 0.026854137 
852 89 15 18 0.026543226 
14 332 13 16 0.026521672 
973 79 9 10 0.026418466 
3 327 13 17 0.026327275 
729 248 17 22 0.026212273 
641 78 8 11 0.026032127 
1000 86 10 13 0.026015412 
712 47 8 10 0.02588708 
24 485 11 13 0.02587865 
725 75 9 12 0.025842674 
12 322 12 16 0.025729282 
630 93 11 15 0.025695032 
952 94 10 14 0.025568007 
966 55 10 13 0.02546219 
663 22 8 11 0.025456138 
45 409 9 12 0.025381122 
695 44 9 11 0.02513283 
848 65 10 15 0.024995068 
911 1 9 9 0.024943978 
993 45 10 13 0.02492491 
896 41 11 14 0.02490706 
111 440 14 17 0.024903059 
963 28 10 13 0.024872554 
792 10 14 16 0.024714904 
222 8 135 120 0.024594411 
784 31 8 9 0.02440702 
669 76 9 11 0.024398655 
56 437 9 11 0.024283163 
949 31 8 10 0.023675745 
941 50 13 14 0.023631081 
1001 312 9 12 0.023588352 
751 308 10 13 0.023537396 
712 54 9 11 0.023493377 
877 12 7 10 0.023465324 
759 343 9 13 0.023320844 
860 1 11 12 0.023291066 
746 59 11 15 0.02322394 
661 12 9 12 0.023175007 
888 31 8 10 0.023054559 
951 0 10 10 0.023032075 
709 70 10 12 0.022953264 
866 45 8 10 0.022892369 
647 55 8 10 0.02288709 
911 8 9 10 0.022840999 
820 349 12 16 0.02281472 
649 0 23 28 0.022652661 
719 75 10 12 0.022488073 
997 71 10 11 0.02237409 
602 80 9 11 0.022299707 
605 85 9 13 0.022023782 
870 94 11 15 0.021943986 
944 33 9 10 0.021908747 
653 70 9 12 0.021827701 
776 59 10 12 0.021790491 
868 55 12 13 0.021664325 
996 61 10 12 0.021505939 
663 76 10 12 0.021327833 
1006 17 11 14 0.0213141 
685 5 9 11 0.021272931 
703 55 10 12 0.021137826 
719 14 10 12 0.020830171 
993 36 10 13 0.020814031 
736 1 9 10 0.020799303 
863 59 12 16 0.020762527 
983 80 10 12 0.020751178 
656 86 8 11 0.020680282 
962 37 11 14 0.02061991 
831 372 10 14 0.020570453 
703 59 11 15 0.020496814 
894 31 18 24 0.020470977 
73 446 9 11 0.020406228 
630 85 10 14 0.020369742 
974 61 11 13 0.020367289 
52 156 196 233 0.0203242 
903 0 10 9 0.020320265 
400 278 8 10 0.020274684 
1005 37 9 13 0.020229196 
698 15 9 12 0.020115033 
19 315 11 15 0.020089326 
15 311 11 13 0.020085275 
949 20 9 11 0.020037495 
