38_Tennis_Tennis_38_501
43
565 93 116 143 0.9998883 
219 409 61 82 0.99399865 
158 592 68 91 0.98686916 
888 460 76 106 0.9797784 
959 709 20 22 0.1970642 
54 122 385 509 0.19540145 
298 788 15 18 0.06852719 
4 409 31 49 0.06225044 
281 756 42 54 0.06184355 
83 404 27 32 0.055471007 
198 781 24 29 0.0493299 
3 437 34 53 0.048015624 
102 412 45 54 0.0479269 
118 -26 376 460 0.047384124 
588 -83 368 469 0.042312995 
342 414 15 15 0.04165824 
36 550 18 22 0.041479956 
161 519 62 61 0.041044995 
202 326 19 20 0.039599977 
282 771 17 21 0.03956945 
174 501 60 57 0.038422145 
283 767 27 31 0.037543397 
133 324 14 18 0.036469463 
926 748 13 15 0.034525394 
405 327 17 21 0.03299265 
629 -15 227 299 0.032132406 
982 419 16 18 0.031198332 
367 344 26 33 0.029162044 
75 340 25 34 0.028760336 
292 777 25 29 0.028727848 
348 372 15 16 0.028699527 
667 2 125 154 0.027864963 
943 773 13 15 0.025973529 
118 451 95 116 0.025310047 
499 221 365 505 0.02440877 
221 395 14 17 0.023692911 
147 532 91 98 0.023595693 
194 595 41 52 0.023253225 
18 406 48 76 0.022890775 
302 764 11 14 0.022649417 
374 745 29 40 0.021865588 
100 402 97 121 0.020996332 
956 589 57 74 0.020716105 
