61_Street_Battle_streetfight_61_282
22
239 788 218 292 0.9998859 
589 744 208 277 0.9998634 
244 117 165 212 0.99706393 
638 124 145 203 0.99705684 
803 104 149 210 0.99657494 
427 87 162 215 0.9964491 
54 118 149 218 0.9929516 
4 1004 28 33 0.10589067 
572 66 149 237 0.093884274 
614 1166 95 121 0.09087261 
3 1029 28 39 0.07320472 
816 531 95 120 0.05115297 
833 585 57 73 0.049510207 
570 773 22 33 0.038581762 
840 617 40 46 0.035855565 
100 738 316 407 0.029299263 
12 1020 25 35 0.028904041 
604 72 24 34 0.027293757 
863 517 58 67 0.026145224 
1 1036 11 18 0.024309054 
996 984 16 23 0.020587368 
706 83 171 229 0.020040456 
