61_Street_Battle_streetfight_61_211
67
272 521 35 48 0.9939023 
978 623 36 47 0.99206233 
36 507 44 56 0.9910795 
173 529 35 45 0.98162615 
833 164 78 156 0.98123336 
880 620 37 48 0.9770158 
126 543 37 51 0.9747097 
322 540 34 43 0.9736526 
989 580 34 44 0.9669909 
884 555 28 30 0.9611059 
909 561 35 42 0.9483588 
222 529 28 39 0.9314561 
261 948 131 107 0.7097419 
347 567 33 41 0.6194238 
952 580 22 27 0.5889261 
1010 512 13 25 0.25836957 
339 460 96 122 0.22569954 
406 950 186 183 0.21035503 
254 508 27 29 0.20808499 
285 624 444 489 0.19221185 
619 899 127 123 0.18913804 
901 556 30 37 0.18419729 
201 527 39 48 0.1748753 
754 194 92 117 0.1657153 
958 564 25 31 0.1306498 
960 530 14 17 0.12680307 
261 516 33 43 0.11642321 
293 932 77 75 0.11362492 
155 531 43 52 0.11048039 
114 884 51 52 0.094046734 
510 1233 438 473 0.0800369 
324 436 50 95 0.07933112 
320 526 54 68 0.0724924 
227 851 214 240 0.06898533 
955 572 17 22 0.04756187 
741 218 62 84 0.047381207 
577 880 196 233 0.04176905 
785 205 102 137 0.041761182 
928 678 40 53 0.039933547 
403 411 59 80 0.036093038 
491 962 116 140 0.033473633 
186 765 137 149 0.032210745 
743 245 26 36 0.031893976 
89 520 27 34 0.030701078 
876 539 43 51 0.030616254 
334 398 86 120 0.030082904 
873 565 30 33 0.02882307 
871 550 30 34 0.028405577 
526 798 200 259 0.028284347 
299 534 44 56 0.028141676 
175 748 417 423 0.027019195 
307 931 47 40 0.026970912 
466 906 210 220 0.026564475 
272 19 361 464 0.02629047 
99 523 31 40 0.025044477 
493 1362 15 22 0.024900222 
890 683 14 19 0.024579374 
344 435 401 445 0.023932377 
165 763 245 240 0.022695918 
362 415 93 122 0.022588683 
768 262 68 88 0.022571329 
729 550 18 18 0.021863956 
473 1004 90 87 0.021460112 
363 460 129 148 0.020909742 
349 902 188 204 0.020497657 
659 900 80 72 0.020349057 
498 1360 17 21 0.020283721 
