61_Street_Battle_streetfight_61_640
20
694 112 129 175 0.99653363 
663 673 26 31 0.8703695 
625 244 107 119 0.0941138 
406 53 168 266 0.08972534 
679 678 17 22 0.07903453 
643 138 143 187 0.072699286 
612 115 80 125 0.04668795 
633 699 13 16 0.04177426 
696 267 32 34 0.04118813 
601 677 16 19 0.037376057 
283 557 110 142 0.03184622 
668 667 38 44 0.03040845 
302 760 29 38 0.029805673 
540 121 47 63 0.029653298 
457 133 101 126 0.027823668 
546 89 194 243 0.02767626 
614 382 122 138 0.021168415 
308 396 398 467 0.020552985 
369 186 392 491 0.020508246 
685 670 23 31 0.020508047 
