61_Street_Battle_streetfight_61_665
19
411 148 34 42 0.99946016 
271 152 34 43 0.9987978 
517 165 36 47 0.99814343 
632 172 37 48 0.9981184 
357 160 34 43 0.9980855 
690 140 47 59 0.9976835 
197 160 41 50 0.99502736 
149 213 13 19 0.08996586 
130 238 15 18 0.049662404 
814 125 30 37 0.03271604 
142 218 14 18 0.029729255 
140 225 13 16 0.027912533 
29 374 11 13 0.027394162 
468 552 35 33 0.025749918 
717 448 170 270 0.023608493 
109 260 11 13 0.021678086 
30 290 12 15 0.021410938 
119 262 9 12 0.021243481 
15 342 9 11 0.020800427 
