61_Street_Battle_streetfight_61_212
20
45 449 45 58 0.9907601 
362 189 88 181 0.9760321 
82 237 118 120 0.8624806 
691 17 93 144 0.30542633 
139 406 35 46 0.26912922 
62 218 183 205 0.11437688 
105 180 396 512 0.07693877 
630 26 104 143 0.07254242 
728 35 69 103 0.06028301 
605 253 71 62 0.05418303 
52 396 29 36 0.045312427 
396 205 122 169 0.038352773 
778 51 98 134 0.034208924 
579 756 51 54 0.031671967 
48 418 47 64 0.027899267 
292 158 176 232 0.025492404 
56 395 45 56 0.024635306 
839 66 54 95 0.02339329 
613 772 45 37 0.02203902 
191 410 14 16 0.021975048 
