61_Street_Battle_streetfight_61_546
27
425 151 22 31 0.7864397 
526 151 22 31 0.7809444 
827 5 30 32 0.071996056 
75 127 17 20 0.06927124 
534 143 25 35 0.06487721 
434 144 18 28 0.055614006 
114 130 16 21 0.050509755 
531 139 19 22 0.04851132 
130 163 24 29 0.0367931 
995 480 20 33 0.030809697 
31 94 17 22 0.030728431 
104 121 22 30 0.02974518 
412 144 29 37 0.02794618 
429 198 15 20 0.02757963 
109 115 15 20 0.026991088 
100 127 16 24 0.02656713 
114 120 17 22 0.024871446 
581 114 12 17 0.024114793 
709 32 15 18 0.023212986 
90 118 23 32 0.0224935 
520 148 38 48 0.022141146 
520 160 15 22 0.021880647 
526 195 24 29 0.021773146 
512 219 25 30 0.021656806 
436 130 23 33 0.02161552 
644 257 32 40 0.020944959 
598 97 16 19 0.020187613 
