61_Street_Battle_streetfight_61_123
28
196 119 116 156 0.99983954 
777 120 111 184 0.97055864 
815 262 130 168 0.0834409 
796 155 144 206 0.071811505 
30 449 27 29 0.05443224 
567 131 13 15 0.034977753 
570 126 13 17 0.029227527 
554 210 16 21 0.0290989 
564 91 12 16 0.02884859 
579 248 24 30 0.027671587 
557 100 11 14 0.025350558 
555 47 15 19 0.02468824 
874 138 90 147 0.02468636 
857 240 121 148 0.024288462 
542 258 14 19 0.023853434 
591 101 10 13 0.023608042 
558 93 12 15 0.023349084 
605 164 195 276 0.021753421 
606 235 16 19 0.021658247 
646 112 13 17 0.021652 
563 216 15 18 0.021380441 
576 111 9 12 0.021179503 
560 161 12 15 0.021107955 
589 108 11 13 0.021009717 
582 109 9 12 0.02063872 
583 103 9 11 0.020537505 
597 94 12 14 0.0205374 
581 40 192 241 0.020013945 
