61_Street_Battle_streetfight_61_162
43
535 248 62 88 0.99938095 
631 267 41 52 0.9958199 
41 425 52 58 0.99574393 
778 243 34 55 0.9910006 
826 125 87 130 0.97563374 
135 593 34 41 0.18811433 
813 145 60 94 0.10434227 
244 407 9 12 0.10229124 
210 474 12 16 0.06572769 
312 329 7 10 0.056638565 
358 416 12 16 0.053000823 
227 108 11 14 0.049492657 
399 368 11 15 0.04822537 
435 461 15 21 0.04809482 
439 487 11 14 0.04771064 
306 190 7 9 0.046465002 
435 628 34 38 0.04482489 
277 327 8 9 0.03983777 
257 459 10 14 0.035001077 
421 335 10 14 0.034663633 
260 455 10 13 0.03367766 
139 579 35 40 0.03222509 
814 258 32 45 0.0317345 
407 149 7 9 0.028732622 
359 404 24 31 0.027849924 
270 311 9 12 0.027778106 
410 336 13 18 0.027680865 
569 346 32 40 0.026835738 
293 319 8 10 0.026477922 
238 172 9 11 0.026281672 
488 336 45 60 0.026062876 
279 311 9 10 0.025736315 
243 430 10 12 0.025564587 
266 310 8 12 0.02556126 
309 190 8 9 0.025072414 
290 319 7 10 0.02417245 
20 425 23 39 0.023157548 
222 157 11 15 0.02294745 
255 476 9 13 0.021910792 
246 469 9 12 0.021607473 
295 312 7 8 0.02125236 
372 397 13 17 0.02102846 
151 589 35 39 0.02002988 
