61_Street_Battle_streetfight_61_430
186
139 450 17 21 0.9957378 
570 471 24 34 0.9944799 
916 581 23 29 0.98236954 
795 458 15 18 0.9767768 
234 462 18 24 0.9727427 
863 486 19 22 0.9649029 
952 434 20 25 0.96229625 
839 459 19 22 0.9563169 
289 452 18 23 0.9493335 
453 451 19 22 0.9227136 
905 431 17 22 0.9167487 
198 461 17 20 0.90685064 
91 463 16 20 0.8885574 
622 463 22 27 0.88636404 
271 459 13 16 0.87390447 
691 452 16 22 0.8714026 
914 429 22 27 0.86975193 
912 390 15 19 0.8676074 
519 459 19 22 0.8453854 
164 457 17 22 0.8436657 
428 478 14 18 0.8198369 
965 534 40 74 0.736567 
860 454 14 17 0.6996654 
372 461 22 34 0.6955759 
36 453 18 22 0.66995776 
477 452 15 18 0.64781827 
66 444 15 18 0.543705 
552 469 15 19 0.41645926 
596 445 14 19 0.3973798 
672 444 10 14 0.39698374 
309 463 16 19 0.3615403 
413 440 10 12 0.30818418 
975 451 17 19 0.28087813 
756 443 23 29 0.2444941 
119 465 11 13 0.24216108 
136 416 16 18 0.2340156 
214 433 16 20 0.21558955 
140 381 12 14 0.20267947 
918 437 26 30 0.18812421 
51 456 14 17 0.18212748 
895 488 18 21 0.16764249 
1003 391 17 22 0.16566904 
379 476 15 23 0.121593095 
267 570 14 17 0.11422813 
553 472 23 30 0.11177072 
847 456 19 23 0.10479447 
937 481 24 28 0.096941724 
423 460 11 15 0.09538332 
994 437 16 22 0.0953761 
590 515 42 55 0.08825575 
764 103 22 30 0.08553315 
319 430 11 15 0.08377037 
1013 450 11 18 0.08332584 
674 437 12 16 0.081591725 
358 459 26 31 0.0786812 
268 510 12 19 0.078541316 
549 425 15 16 0.07761723 
214 448 15 18 0.07675476 
496 544 9 12 0.07660963 
708 451 15 21 0.07525787 
590 478 20 26 0.07012576 
849 431 10 13 0.06883481 
69 459 14 18 0.06512191 
728 445 13 19 0.06464289 
746 34 16 20 0.061723884 
171 463 13 19 0.05906224 
429 454 12 14 0.058139857 
972 455 22 27 0.057239473 
462 430 10 11 0.056862883 
499 468 13 16 0.052608296 
750 28 12 15 0.052119244 
518 469 17 21 0.051642947 
750 440 17 22 0.051518008 
737 459 18 20 0.051168006 
728 448 21 26 0.04998804 
405 424 9 11 0.049962964 
98 500 11 14 0.048999652 
279 552 14 19 0.048807193 
855 480 21 26 0.048586983 
260 513 14 18 0.048136115 
411 533 14 18 0.047827948 
733 42 22 26 0.047060616 
63 439 14 16 0.04627468 
310 465 23 27 0.0457089 
957 418 14 17 0.04549161 
380 451 15 26 0.04528273 
255 516 13 18 0.04503094 
91 477 16 21 0.042993225 
666 445 11 13 0.04245831 
592 448 22 28 0.04075662 
389 444 11 15 0.04043935 
985 408 16 19 0.040382918 
20 468 13 18 0.040116925 
572 419 11 13 0.039758004 
416 468 11 14 0.039151773 
676 450 12 15 0.03890184 
434 421 8 10 0.038305692 
238 491 14 17 0.037543137 
679 430 11 15 0.03714026 
299 456 19 26 0.03612432 
767 87 25 30 0.03591847 
727 482 52 57 0.035898037 
745 449 25 30 0.03465516 
557 518 23 32 0.0344962 
715 445 13 17 0.033371855 
180 467 13 18 0.033158656 
758 109 16 22 0.032876574 
244 491 15 18 0.032724313 
388 499 13 16 0.032489832 
972 420 13 17 0.031650204 
709 456 23 28 0.0313569 
323 473 14 18 0.031278517 
552 414 12 15 0.031246362 
168 420 12 16 0.03123009 
972 397 13 16 0.031065317 
465 448 18 24 0.030436361 
511 421 12 13 0.030338302 
253 564 11 14 0.030122032 
613 455 24 29 0.030041162 
79 414 10 12 0.029947417 
657 477 14 18 0.028954811 
841 470 17 21 0.02872148 
1005 444 18 26 0.028441567 
941 430 22 28 0.028317971 
368 475 27 36 0.028150743 
674 557 13 15 0.027692163 
127 540 13 17 0.027611384 
842 479 16 22 0.02748147 
726 460 25 28 0.027384344 
189 491 13 15 0.027082322 
261 568 23 28 0.026846252 
236 455 16 19 0.026801936 
923 452 18 21 0.026675828 
460 434 13 15 0.026369577 
726 50 25 31 0.026176864 
110 467 11 15 0.026138717 
59 457 14 17 0.02559977 
425 449 20 25 0.025333712 
96 428 10 13 0.02527443 
63 426 13 15 0.025151892 
431 429 10 13 0.02453009 
738 440 23 27 0.024293447 
395 511 16 19 0.024286075 
996 427 17 22 0.024281627 
386 451 14 21 0.024270384 
0 415 9 12 0.024243105 
814 484 14 19 0.02394452 
402 428 10 12 0.023726149 
254 612 14 20 0.023561966 
93 489 15 18 0.023505865 
1004 381 15 20 0.0234788 
281 544 22 32 0.023402521 
984 412 24 28 0.023321306 
386 478 14 21 0.023274561 
173 444 12 14 0.022995017 
496 473 13 18 0.022966467 
127 535 12 14 0.022959974 
317 454 22 31 0.02287618 
187 596 11 12 0.022832166 
339 467 28 30 0.022740971 
199 279 9 12 0.022547606 
417 459 12 15 0.022492252 
455 438 13 15 0.02230575 
224 575 9 13 0.022183307 
627 455 17 20 0.022016088 
269 556 22 26 0.021914698 
45 447 13 16 0.02172999 
39 404 13 16 0.021656526 
777 96 18 22 0.021630052 
288 446 14 19 0.021404205 
475 461 17 20 0.02136204 
26 465 14 19 0.021251183 
568 414 12 15 0.021214584 
75 465 12 17 0.021113604 
413 452 14 16 0.020994768 
55 427 11 14 0.020981347 
416 422 9 11 0.0209653 
261 475 14 19 0.020930786 
492 428 11 13 0.020905709 
959 521 33 59 0.020733256 
354 469 31 36 0.020704629 
96 438 10 12 0.02056443 
913 360 15 18 0.020541025 
219 457 15 20 0.020374633 
13 469 15 19 0.02014442 
783 556 13 18 0.020049915 
