61_Street_Battle_streetfight_61_432
158
645 320 26 34 0.9992847 
178 149 28 37 0.9972524 
637 518 33 43 0.99669063 
148 234 37 46 0.99610305 
101 152 29 39 0.99598867 
806 416 30 41 0.9953074 
846 324 23 29 0.99413353 
740 322 26 36 0.9906303 
621 271 23 29 0.98868793 
761 248 15 19 0.9878064 
966 374 28 33 0.98401374 
500 297 27 34 0.9834742 
586 218 17 23 0.97905207 
794 287 18 25 0.9768181 
899 283 16 20 0.9724113 
142 299 34 45 0.9647307 
845 273 18 22 0.96395475 
855 401 24 30 0.95540434 
652 201 14 20 0.9544443 
824 268 12 15 0.95116687 
632 216 17 22 0.9490285 
708 396 35 45 0.9475885 
263 174 18 23 0.93573457 
524 209 18 24 0.89743936 
796 263 13 18 0.8944143 
887 324 22 26 0.8880677 
833 287 17 22 0.8854556 
548 237 24 32 0.8747689 
414 530 30 40 0.80869293 
499 506 34 38 0.76199585 
212 209 29 43 0.7259141 
262 210 29 34 0.62875736 
187 109 12 15 0.5605771 
319 150 23 32 0.54729044 
934 271 9 12 0.5074974 
403 162 37 51 0.4781307 
507 185 17 23 0.41763225 
225 106 16 21 0.4156867 
615 244 12 16 0.38933277 
221 202 29 38 0.38398466 
715 349 20 28 0.37218216 
424 164 27 51 0.27137694 
952 372 25 32 0.25981417 
960 617 41 64 0.25087798 
921 384 22 32 0.21683636 
833 347 15 21 0.2048501 
875 297 15 22 0.19847085 
229 196 26 31 0.177637 
367 169 32 41 0.17098148 
224 313 31 33 0.16292539 
205 194 25 37 0.15922752 
156 124 23 28 0.15495406 
442 180 26 40 0.15355039 
793 358 24 31 0.15293156 
205 191 17 25 0.14197798 
324 167 23 34 0.14062536 
121 121 17 19 0.12952918 
382 167 45 56 0.12169887 
458 178 15 19 0.12085174 
320 117 11 16 0.10843168 
837 372 16 21 0.10840392 
763 356 21 25 0.104585595 
451 176 24 34 0.098980665 
157 170 15 19 0.09698909 
320 149 14 20 0.09385523 
596 299 12 17 0.0927538 
468 170 11 15 0.08436345 
940 295 15 18 0.08018437 
941 374 22 30 0.07851458 
238 204 28 35 0.07366405 
946 333 19 22 0.07211649 
830 302 14 19 0.067528464 
298 212 23 27 0.06744762 
281 193 15 19 0.06744166 
981 380 23 31 0.064239465 
942 330 16 18 0.06327944 
217 300 31 36 0.0625403 
510 175 12 17 0.061610222 
248 220 13 16 0.061435163 
275 213 26 34 0.060834587 
929 393 14 19 0.059749782 
250 208 28 33 0.059207957 
630 241 14 17 0.058936927 
372 176 17 22 0.05788432 
213 188 24 32 0.052517805 
543 248 25 36 0.052110065 
789 388 23 30 0.05157217 
214 323 47 53 0.051292885 
930 276 11 16 0.049792908 
733 234 12 16 0.049046088 
218 226 18 25 0.048375327 
513 180 14 19 0.04710561 
452 196 15 22 0.046509773 
948 326 16 18 0.044986185 
837 317 23 31 0.044735003 
307 205 15 18 0.044597544 
801 267 13 16 0.044470135 
926 282 13 17 0.044374548 
911 389 25 34 0.04403256 
983 316 14 18 0.043870762 
281 248 16 19 0.040316 
825 308 20 28 0.037904214 
907 278 12 16 0.037380006 
643 248 14 19 0.036717657 
131 123 13 17 0.034116324 
187 226 24 35 0.034060907 
277 187 15 19 0.03358615 
132 116 10 13 0.033387125 
980 342 15 19 0.033329032 
823 286 19 27 0.032135155 
466 177 13 19 0.03197956 
182 107 20 24 0.031724975 
463 166 13 15 0.031467438 
822 305 15 20 0.0312134 
954 331 13 17 0.0310355 
349 115 10 14 0.0310001 
813 289 15 20 0.030964956 
218 211 17 24 0.030902825 
625 307 11 15 0.030345809 
339 175 14 20 0.029230667 
832 359 22 29 0.027234387 
278 200 14 19 0.027188193 
283 218 15 21 0.027127005 
417 521 44 61 0.02695478 
617 246 17 21 0.026837433 
918 291 12 15 0.026048845 
965 275 12 16 0.025952548 
197 210 24 36 0.025777666 
325 187 16 22 0.025752885 
371 161 13 19 0.025003772 
913 308 23 28 0.024852922 
437 637 12 16 0.024637911 
458 163 21 30 0.02461319 
313 148 38 50 0.024329478 
166 195 16 21 0.024169255 
162 157 24 31 0.024040986 
411 661 15 16 0.023646433 
82 290 18 20 0.023613697 
736 267 12 17 0.023181448 
336 170 26 34 0.022846336 
149 168 25 32 0.02282262 
852 305 14 17 0.02271909 
270 294 41 51 0.02206423 
741 263 11 15 0.021953324 
495 182 25 33 0.02193702 
211 287 32 38 0.021918207 
468 184 13 20 0.021732915 
727 232 14 20 0.021697175 
615 255 25 31 0.021245373 
391 154 34 43 0.02103552 
219 174 18 21 0.020898985 
141 126 11 15 0.02072806 
676 619 21 34 0.020663518 
317 111 18 26 0.020658711 
924 379 16 23 0.020390153 
285 218 27 33 0.02034296 
329 160 17 25 0.020338757 
213 162 15 21 0.020082192 
