61_Street_Battle_streetfight_61_815
21
342 238 51 60 0.98419636 
800 262 45 54 0.58569443 
113 102 471 476 0.56597716 
131 472 424 580 0.3864661 
1 398 40 57 0.08821792 
587 141 50 68 0.073017634 
127 241 50 54 0.059583157 
210 353 407 483 0.041888997 
789 228 79 102 0.039183788 
138 293 61 61 0.037063994 
270 337 111 103 0.035022955 
106 510 144 173 0.033095684 
709 254 186 242 0.031377725 
62 314 100 105 0.028018277 
751 84 189 272 0.026487555 
207 257 38 48 0.024511423 
844 588 73 84 0.024320476 
147 289 36 40 0.023488598 
758 357 114 127 0.021567112 
422 355 71 62 0.020223578 
118 234 37 46 0.020200018 
