42_Car_Racing_Car_Racing_42_602
122
37 163 12 18 0.66845423 
957 228 18 20 0.65514696 
119 166 11 13 0.6296924 
236 175 11 15 0.3242807 
709 128 25 30 0.31789032 
657 129 19 22 0.24762787 
134 176 9 11 0.14482327 
968 174 11 14 0.13686137 
771 140 16 23 0.12417869 
543 128 19 21 0.120264 
30 167 14 19 0.11264537 
482 124 26 32 0.09986326 
81 175 10 13 0.094929814 
951 226 14 18 0.09480266 
221 411 98 116 0.0924037 
781 179 12 15 0.091606125 
774 179 13 17 0.091468245 
999 235 11 15 0.08849663 
1012 217 11 17 0.08516038 
814 175 11 15 0.08175244 
603 129 19 21 0.081088655 
902 181 10 11 0.0808397 
70 162 10 15 0.07616274 
908 175 9 10 0.075249135 
61 164 11 16 0.0730315 
54 165 12 16 0.073004045 
34 164 22 28 0.071436815 
847 172 10 12 0.06650775 
897 181 8 11 0.06640337 
657 165 18 20 0.06616646 
191 175 8 10 0.06283118 
933 167 9 12 0.06174197 
95 173 10 13 0.056476336 
253 182 10 12 0.055648953 
720 134 17 21 0.055057414 
96 167 8 12 0.052914765 
123 170 12 14 0.04873545 
222 174 10 12 0.04858517 
788 180 11 14 0.04800256 
904 168 8 10 0.047388975 
1007 203 13 15 0.047186453 
254 203 12 17 0.046922985 
823 166 11 12 0.046633586 
974 190 12 14 0.045622043 
217 176 9 10 0.045554854 
252 197 12 15 0.044732556 
87 155 11 15 0.044180945 
116 161 19 22 0.043343294 
988 24 36 61 0.042483393 
820 178 11 14 0.041859835 
878 183 8 10 0.041267194 
100 172 11 14 0.040486466 
839 171 11 14 0.039498806 
597 162 25 29 0.03927091 
201 213 9 12 0.039038006 
252 187 11 15 0.03893381 
318 182 9 11 0.03849841 
776 140 23 34 0.038172286 
153 173 9 12 0.037115324 
1008 212 13 17 0.036568988 
157 174 12 14 0.035159007 
113 105 15 19 0.035021406 
873 198 8 12 0.034589265 
22 172 14 17 0.03327776 
43 159 14 17 0.03267606 
4 201 28 34 0.032586098 
100 167 10 12 0.03256576 
216 180 10 12 0.032547552 
184 172 9 10 0.032000642 
77 163 10 14 0.031149078 
481 146 27 37 0.030938366 
43 166 22 24 0.030912576 
158 179 13 15 0.030344771 
191 180 9 11 0.030002795 
809 175 10 13 0.029994668 
142 166 9 13 0.029861115 
886 191 10 12 0.029215328 
141 173 9 12 0.0290632 
952 194 12 16 0.02850592 
878 190 10 11 0.02843654 
959 174 10 14 0.028369002 
112 149 11 15 0.027565872 
1003 221 18 27 0.027260095 
989 226 14 18 0.027050698 
907 179 11 12 0.026618103 
828 165 11 14 0.026330853 
886 196 11 14 0.026256029 
991 233 12 17 0.026196076 
919 165 10 12 0.025959348 
784 185 11 14 0.025852209 
920 173 8 10 0.02572715 
888 175 10 12 0.025660526 
878 197 10 12 0.025569817 
21 265 11 15 0.0254214 
160 205 11 15 0.025410853 
726 169 11 15 0.025408266 
684 122 13 15 0.025204686 
5 187 27 30 0.024792822 
923 263 13 15 0.024389511 
788 154 11 17 0.024018409 
176 182 8 11 0.023986628 
253 254 10 13 0.023719952 
80 170 18 23 0.023601778 
968 226 15 20 0.023533976 
126 98 14 16 0.023015045 
894 176 9 12 0.022682937 
862 167 10 11 0.022264158 
164 175 10 12 0.022136172 
165 228 11 12 0.022015557 
149 118 9 10 0.021962764 
13 267 14 17 0.021530371 
957 213 14 16 0.021482373 
790 163 9 13 0.021472735 
851 174 10 12 0.021465497 
933 304 11 15 0.021326337 
955 189 12 15 0.021110257 
540 159 29 31 0.020970697 
312 181 10 13 0.020786876 
863 199 9 12 0.020668726 
964 170 19 23 0.020594096 
877 204 11 14 0.020422412 
24 164 12 16 0.020212136 
