42_Car_Racing_Nascar_42_823
157
412 231 18 28 0.8664988 
191 282 10 13 0.8345089 
990 221 17 21 0.77084583 
896 236 16 19 0.6460093 
253 256 10 12 0.6413739 
338 252 13 15 0.54600865 
276 255 14 17 0.38958502 
124 264 11 13 0.3814151 
715 299 12 15 0.3687165 
359 206 10 12 0.34928402 
328 247 21 26 0.2751176 
177 312 11 14 0.24400702 
663 238 8 11 0.18361342 
371 257 13 17 0.17054665 
191 302 11 14 0.15777697 
295 266 12 16 0.15762404 
142 284 15 18 0.14170061 
540 165 10 14 0.1302893 
663 300 10 11 0.12587643 
212 215 33 39 0.12059351 
205 231 11 14 0.11737993 
0 275 11 20 0.1172801 
181 335 17 20 0.11604153 
197 301 9 14 0.11461657 
850 244 9 12 0.11283435 
282 259 14 18 0.107610986 
459 243 12 16 0.10352928 
482 111 402 457 0.10087832 
330 276 17 20 0.09825631 
664 233 8 11 0.09440729 
356 272 15 20 0.09141103 
371 223 9 11 0.080498666 
149 279 10 14 0.07248551 
145 262 8 10 0.06888275 
408 227 14 24 0.067439176 
299 273 14 16 0.062565185 
204 302 11 14 0.061217114 
347 252 11 14 0.060321234 
394 261 14 18 0.05871865 
89 309 26 26 0.05821095 
295 253 10 14 0.056941267 
216 260 10 12 0.05671092 
999 283 13 16 0.05643308 
135 284 12 15 0.056245 
221 260 10 12 0.056108985 
332 265 16 20 0.054084655 
702 294 9 13 0.052908685 
556 297 13 16 0.052221537 
318 236 9 13 0.050134655 
208 254 8 11 0.04922071 
703 308 10 11 0.04884585 
223 278 8 12 0.047760606 
149 262 9 10 0.047429275 
697 303 9 10 0.04627468 
176 337 13 17 0.04576838 
120 259 20 24 0.045276646 
370 263 15 21 0.045206644 
189 238 8 11 0.045054857 
220 318 12 15 0.044983707 
176 317 24 29 0.04274035 
464 200 10 13 0.042347897 
319 228 11 15 0.042252272 
634 241 7 8 0.041968063 
220 226 16 20 0.041752886 
42 181 10 12 0.04133918 
176 309 20 24 0.041154567 
959 339 25 27 0.041027676 
221 333 10 13 0.039548177 
754 280 7 9 0.039374813 
319 245 10 13 0.039351713 
228 231 14 17 0.0376393 
685 310 9 11 0.037548985 
217 285 9 13 0.037540402 
467 171 16 21 0.037370395 
215 255 9 12 0.03710739 
202 235 9 13 0.03679457 
272 258 20 24 0.03619944 
718 223 10 12 0.03576983 
697 224 9 11 0.03542935 
187 278 18 22 0.035424296 
852 241 11 13 0.03379759 
667 231 10 13 0.033271793 
128 283 10 14 0.032336768 
257 259 14 17 0.03209411 
686 223 8 11 0.031671055 
634 245 8 10 0.03130386 
326 247 12 16 0.030980082 
320 223 10 13 0.030771878 
492 310 11 15 0.030468779 
657 301 9 11 0.03044543 
204 227 22 28 0.030305518 
415 282 22 32 0.03009321 
319 250 13 17 0.02960922 
656 245 8 10 0.029383775 
253 248 20 25 0.029346073 
486 197 12 15 0.029052263 
221 283 10 14 0.02904162 
201 365 12 14 0.028982783 
686 304 8 11 0.028845318 
710 358 13 15 0.028760077 
956 247 11 13 0.028575372 
185 229 8 10 0.028514555 
621 253 8 10 0.027688727 
529 217 225 266 0.027535046 
233 228 14 16 0.027368953 
177 223 9 12 0.027368834 
617 252 8 11 0.027118273 
885 365 11 15 0.026897598 
495 155 9 12 0.026608862 
299 261 12 16 0.026546417 
351 267 13 17 0.0264524 
214 311 20 27 0.026407931 
467 197 13 15 0.025815211 
494 193 13 16 0.02571559 
608 252 7 10 0.02511325 
329 281 25 29 0.024710806 
190 289 12 17 0.02461958 
156 284 10 13 0.02437754 
300 253 10 14 0.023928575 
681 229 9 12 0.02384961 
184 292 11 15 0.023713607 
372 248 13 16 0.023518693 
358 228 11 13 0.023440856 
667 295 10 12 0.023217624 
485 170 15 22 0.023002252 
967 245 11 13 0.022873875 
183 301 13 16 0.022793787 
600 309 11 15 0.022553805 
479 204 10 13 0.022514144 
359 235 9 12 0.022376664 
198 323 11 15 0.022360304 
222 345 15 21 0.022235725 
288 248 20 27 0.021851638 
454 246 15 19 0.021787021 
187 310 14 19 0.021722939 
362 287 15 19 0.021629134 
214 234 13 16 0.021363541 
131 267 12 14 0.02132254 
347 274 22 28 0.021198586 
225 231 28 33 0.021000544 
60 227 14 17 0.020955801 
105 314 14 16 0.020936983 
968 272 10 13 0.020917198 
689 346 250 216 0.020798067 
1003 202 20 29 0.020788396 
360 223 9 13 0.020765118 
686 230 8 11 0.020718114 
355 204 9 13 0.020592395 
182 259 11 13 0.020375561 
682 224 9 11 0.020348486 
100 231 9 11 0.020336922 
348 295 13 18 0.020241693 
127 277 10 13 0.020227952 
170 311 10 14 0.020212969 
220 241 14 15 0.020171503 
542 190 10 14 0.020146597 
487 314 13 17 0.020135757 
