42_Car_Racing_Nascar_42_442
90
636 811 21 26 0.98717993 
788 818 19 24 0.9809342 
724 817 21 24 0.9605905 
883 791 20 26 0.9510076 
463 196 10 12 0.3603001 
277 113 10 13 0.17318185 
362 870 106 129 0.149209 
705 315 424 466 0.110645026 
407 180 9 12 0.09859573 
466 189 11 14 0.09660316 
770 823 16 20 0.09593607 
292 125 9 12 0.08869857 
957 795 61 90 0.07975501 
447 220 21 25 0.07932501 
-34 284 453 521 0.077536926 
440 176 10 12 0.07460776 
399 199 8 9 0.072521344 
303 152 10 12 0.07103178 
335 136 8 9 0.06578628 
588 830 16 21 0.06365878 
335 142 8 8 0.060938552 
322 152 8 10 0.060132477 
305 873 119 141 0.059601728 
817 55 99 113 0.057308413 
321 127 7 10 0.055132076 
400 190 8 10 0.054820113 
244 188 11 15 0.05226395 
352 153 8 9 0.044785336 
418 205 12 15 0.04304686 
457 203 10 12 0.041130185 
423 168 7 9 0.040494457 
437 195 12 15 0.040102225 
455 181 9 12 0.03946536 
458 198 11 13 0.037306365 
310 167 10 12 0.037084285 
246 183 11 14 0.03688934 
921 372 110 156 0.036596484 
417 166 7 10 0.035783798 
405 199 8 9 0.0354813 
288 118 9 12 0.034823053 
189 327 422 515 0.03353851 
325 227 17 18 0.033321265 
232 198 11 14 0.03312579 
839 859 13 15 0.032812964 
425 174 7 10 0.032794293 
270 159 9 11 0.03128234 
322 94 8 10 0.031088455 
401 184 10 12 0.030701589 
305 103 8 10 0.030231582 
446 167 8 11 0.02952727 
743 809 23 28 0.028920643 
309 103 7 9 0.028812848 
997 28 27 41 0.028326953 
358 135 7 9 0.027795978 
272 143 9 12 0.026733875 
774 816 21 27 0.026596947 
424 181 8 10 0.026151199 
352 136 8 9 0.025679123 
441 225 13 17 0.02558049 
772 834 14 18 0.025350817 
382 258 28 34 0.02524979 
596 942 10 13 0.025162848 
329 119 8 10 0.024786048 
401 150 8 9 0.024691163 
390 208 11 13 0.0245394 
270 164 9 11 0.023711618 
343 157 8 10 0.023339974 
419 198 10 12 0.02320612 
376 167 8 9 0.023171764 
262 110 9 11 0.023145638 
470 203 11 12 0.022940854 
689 794 16 19 0.022576066 
325 814 171 203 0.022483876 
810 341 221 317 0.02231123 
392 198 9 11 0.02230773 
680 923 15 19 0.022298865 
272 127 9 10 0.021761328 
344 152 8 10 0.021731494 
237 193 13 17 0.021550557 
345 168 8 10 0.020965615 
296 103 8 9 0.020853544 
536 -14 398 467 0.020736337 
479 203 9 11 0.020692151 
328 168 8 10 0.020630674 
469 184 9 13 0.02050254 
351 181 8 10 0.020474024 
287 151 11 12 0.020395687 
280 103 10 13 0.020341111 
417 191 8 10 0.020019835 
307 155 11 12 0.020008475 
