42_Car_Racing_Car_Racing_42_857
77
186 136 18 25 0.9280172 
100 123 20 26 0.9036798 
72 143 9 11 0.6412999 
160 140 10 13 0.5458268 
165 142 10 13 0.5306918 
246 152 10 11 0.4197525 
137 143 10 13 0.3484884 
213 144 13 14 0.31565392 
167 146 10 14 0.30163938 
222 147 10 12 0.27035162 
113 147 10 13 0.22110194 
279 141 11 13 0.17543331 
285 142 9 12 0.16909105 
230 147 9 11 0.1589275 
79 110 11 13 0.13011083 
227 226 12 17 0.09323673 
75 145 12 14 0.086761504 
54 148 9 10 0.086240254 
48 144 8 10 0.08084905 
272 143 11 12 0.08056181 
209 146 12 14 0.07993858 
67 142 9 11 0.075702086 
102 117 16 20 0.07553886 
248 143 10 13 0.0658596 
263 144 8 9 0.06461356 
128 148 11 13 0.064161114 
154 140 10 12 0.055965614 
800 5 41 49 0.054015897 
232 110 8 10 0.053536046 
252 149 9 12 0.05200347 
242 151 8 11 0.05118588 
254 143 9 11 0.051056627 
270 112 8 10 0.050044004 
117 143 10 14 0.04885879 
172 141 11 14 0.045858536 
64 147 11 13 0.043379888 
346 255 17 21 0.03963152 
49 148 8 11 0.039096374 
39 52 202 230 0.037516084 
190 111 7 9 0.035345703 
84 141 11 13 0.03366309 
224 222 11 16 0.033352166 
214 153 12 14 0.03327974 
874 277 54 77 0.032409523 
109 138 12 17 0.03236546 
133 153 11 14 0.0319779 
569 276 35 42 0.03173191 
249 110 10 12 0.030857239 
775 -5 33 34 0.030493302 
264 149 9 10 0.030165834 
117 156 10 12 0.02917258 
186 111 7 10 0.028222531 
171 416 29 33 0.02749748 
112 156 10 12 0.027272865 
168 153 10 12 0.02723055 
270 178 15 18 0.027223505 
172 167 10 13 0.026991714 
206 93 8 9 0.024740696 
171 135 20 26 0.024477685 
826 325 9 12 0.024459459 
158 136 17 22 0.024009874 
274 137 19 23 0.023951225 
133 137 17 23 0.022838987 
297 159 9 11 0.022589473 
168 197 9 11 0.02249187 
69 142 20 22 0.022130525 
608 203 15 17 0.022108002 
128 154 11 13 0.02184911 
215 143 19 22 0.02149648 
183 116 10 12 0.02119371 
300 215 9 13 0.021116754 
628 5 15 17 0.021103658 
149 206 10 15 0.021083927 
43 142 8 11 0.020601915 
453 101 478 439 0.020463374 
290 142 11 13 0.020222817 
264 110 11 13 0.020014634 
