42_Car_Racing_Car_Racing_42_906
29
236 81 27 35 0.99940574 
754 79 25 34 0.99885666 
841 108 29 36 0.99869126 
567 75 24 32 0.9984024 
651 79 27 33 0.9981389 
585 105 26 36 0.99772567 
418 94 25 33 0.9972832 
294 99 29 39 0.9970782 
499 80 25 33 0.9967284 
193 102 33 42 0.995125 
332 114 25 30 0.9923482 
707 72 23 31 0.9877089 
391 145 25 31 0.94876766 
539 235 11 15 0.18909083 
466 238 13 16 0.17484981 
263 105 20 26 0.12078168 
690 238 9 12 0.073271416 
372 147 14 17 0.041360922 
306 92 17 21 0.035786144 
344 83 23 27 0.03359102 
135 92 13 15 0.03164484 
336 99 24 31 0.031321835 
468 233 11 13 0.030498585 
435 214 11 14 0.027005719 
378 141 24 30 0.025330182 
631 263 8 10 0.025064154 
285 99 25 33 0.024665752 
152 138 12 16 0.0243059 
155 134 13 17 0.02097734 
