42_Car_Racing_Nascar_42_468
24
599 14 173 214 0.99879277 
663 648 155 117 0.7256766 
697 673 101 71 0.12670976 
618 627 146 167 0.120711766 
633 406 91 107 0.08255824 
635 542 211 276 0.05955385 
-2 35 88 158 0.048913185 
431 398 363 463 0.04746015 
591 641 102 132 0.03992336 
534 522 32 37 0.03970313 
666 482 40 50 0.037416175 
436 538 139 128 0.03621974 
520 505 53 69 0.031170908 
602 380 87 118 0.030379687 
676 452 61 79 0.030194696 
542 365 45 48 0.02846515 
337 540 195 213 0.027343249 
630 757 10 13 0.025121521 
545 533 17 22 0.024547776 
496 518 103 117 0.023870671 
180 55 29 34 0.023081936 
363 377 28 30 0.020318005 
187 45 31 35 0.020099236 
608 391 55 71 0.020084642 
