42_Car_Racing_Car_Racing_42_939
31
748 186 45 50 0.8034732 
656 183 10 12 0.3870031 
175 340 190 218 0.09760909 
733 193 30 35 0.059468463 
744 232 23 29 0.058387414 
750 211 30 38 0.055716097 
679 226 12 13 0.054407466 
685 543 60 60 0.053032808 
116 340 64 68 0.050655212 
854 257 14 17 0.043337893 
183 254 376 424 0.041416526 
788 221 24 32 0.037288956 
823 263 29 33 0.033612933 
865 243 16 17 0.030087199 
220 322 32 45 0.029414654 
835 255 26 28 0.026737547 
859 248 16 18 0.025775127 
582 287 31 28 0.024973912 
98 138 16 18 0.024872549 
771 197 30 37 0.024838882 
500 283 14 15 0.02382866 
706 510 14 17 0.023572225 
692 506 25 30 0.023217615 
732 200 16 21 0.023168012 
708 229 13 16 0.022532977 
554 139 469 464 0.02154457 
696 228 11 15 0.021114934 
497 280 27 29 0.020956649 
536 307 11 12 0.02050754 
497 285 11 13 0.020264339 
700 227 15 18 0.020064943 
