42_Car_Racing_Car_Racing_42_600
44
332 125 16 19 0.9895244 
80 103 18 23 0.96937805 
250 110 15 18 0.9328814 
190 141 10 13 0.7587542 
299 146 13 16 0.24725859 
356 141 12 14 0.13768326 
158 108 10 11 0.07192307 
96 140 11 14 0.06662904 
278 179 13 19 0.06526672 
206 149 12 15 0.064410135 
293 167 14 17 0.063748024 
117 154 10 13 0.05903393 
194 140 11 15 0.047295406 
48 197 10 15 0.045864854 
702 181 8 11 0.044028986 
370 149 16 20 0.04276352 
284 172 15 20 0.040392507 
584 160 13 18 0.04028917 
853 339 53 55 0.039433535 
354 346 117 150 0.03466389 
204 300 39 50 0.033153836 
590 147 12 15 0.031366214 
13 158 10 14 0.02620051 
152 109 9 12 0.02522576 
118 139 10 13 0.024926865 
275 162 12 16 0.024917804 
292 172 17 22 0.023444027 
570 180 13 20 0.023292586 
125 123 11 14 0.022894828 
400 145 11 15 0.022824386 
199 146 12 16 0.022443114 
219 316 34 41 0.021956384 
206 174 13 20 0.02180915 
202 145 21 25 0.021670166 
583 154 21 26 0.021479707 
615 203 13 14 0.021457627 
66 148 27 32 0.021426085 
294 154 13 15 0.020936068 
200 153 13 17 0.02090075 
126 150 10 12 0.020876378 
-1 163 36 64 0.020593816 
269 185 22 26 0.02024768 
105 168 9 13 0.020115536 
248 104 13 16 0.020043483 
