42_Car_Racing_Nascar_42_828
32
459 85 49 61 0.9989668 
325 70 55 70 0.99850106 
537 78 49 60 0.9967242 
757 122 26 30 0.5368147 
175 117 20 32 0.23028706 
737 63 86 116 0.06362483 
683 71 12 15 0.06181255 
272 152 9 12 0.058555566 
756 110 42 58 0.052940972 
800 213 17 20 0.046190083 
299 39 10 13 0.042568713 
222 173 10 12 0.041313253 
231 171 12 15 0.038867284 
985 245 16 21 0.037745323 
431 440 126 129 0.030706676 
913 300 30 33 0.030551866 
734 184 11 13 0.029524066 
208 119 10 15 0.027177082 
171 109 36 48 0.026656901 
304 241 50 58 0.025129732 
485 219 96 108 0.02457702 
922 299 17 18 0.024311317 
697 77 14 17 0.0237707 
183 121 17 23 0.0235377 
747 213 46 63 0.022923684 
247 194 10 13 0.021538785 
167 127 29 39 0.02153445 
175 108 13 19 0.021243831 
197 130 14 19 0.02079575 
835 462 30 30 0.020710897 
793 211 28 33 0.02024289 
217 172 10 15 0.020108663 
