42_Car_Racing_Car_Racing_42_743
68
604 84 24 31 0.98889995 
374 437 82 123 0.27752933 
696 113 12 15 0.17941421 
750 101 9 11 0.14540792 
652 100 17 21 0.14499733 
95 116 13 14 0.1422401 
808 102 10 13 0.11034124 
548 125 15 22 0.08208644 
670 146 12 18 0.07917728 
979 112 14 20 0.077094264 
776 105 9 10 0.075422265 
86 131 13 16 0.07436378 
758 111 10 12 0.07348875 
751 108 9 12 0.06450085 
846 306 16 21 0.06343908 
667 118 12 15 0.058523573 
757 101 9 13 0.056997694 
746 96 9 11 0.055023585 
103 156 11 13 0.052387692 
108 157 14 16 0.046840284 
70 183 32 37 0.046404004 
713 141 10 13 0.045070074 
55 136 9 12 0.045017716 
159 141 11 14 0.044649903 
91 119 16 20 0.04418568 
187 205 141 151 0.04024559 
974 114 23 34 0.03904703 
806 107 10 14 0.03784972 
495 121 14 16 0.037767738 
958 113 33 41 0.036753748 
89 223 10 13 0.036707327 
99 119 15 18 0.036415223 
916 388 96 150 0.0363586 
837 306 14 19 0.036108978 
84 197 12 14 0.035525914 
590 115 25 32 0.034832176 
123 119 15 18 0.03482877 
178 176 33 43 0.032235388 
648 103 14 20 0.032171614 
83 126 24 27 0.03195525 
985 111 15 19 0.0310122 
692 205 20 27 0.030896964 
595 143 16 22 0.030443786 
102 152 24 29 0.029952642 
566 92 22 26 0.029424917 
15 142 9 12 0.029026005 
593 134 29 37 0.026170878 
21 161 16 19 0.026169822 
95 154 12 15 0.025784448 
90 147 28 35 0.02496962 
184 182 18 22 0.024781413 
886 108 11 15 0.024366882 
689 114 12 15 0.023915807 
809 96 10 13 0.023732096 
663 121 13 15 0.02289674 
793 156 8 11 0.022814073 
945 130 32 37 0.022807173 
125 1 14 12 0.021902092 
577 96 15 19 0.021881891 
591 115 15 20 0.021529911 
751 114 10 13 0.021266758 
756 96 9 12 0.020575972 
85 166 29 37 0.020545797 
660 110 21 26 0.020529525 
800 109 12 16 0.020524098 
663 142 21 29 0.020404028 
403 29 14 18 0.020321595 
768 103 9 12 0.020006785 
