2_Demonstration_Demonstration_Or_Protest_2_471
45
173 169 89 122 0.9996321 
586 284 61 78 0.99917275 
750 222 71 90 0.9977028 
652 333 41 50 0.8266079 
398 219 43 52 0.7541526 
86 153 58 95 0.6823561 
220 414 33 42 0.67181474 
431 455 29 38 0.6223265 
438 271 38 51 0.6103612 
817 447 26 32 0.37896824 
618 450 23 32 0.35769486 
573 354 34 40 0.35589316 
449 510 27 37 0.29970798 
414 515 30 37 0.26922736 
591 495 23 29 0.18342327 
347 173 26 31 0.158318 
648 354 39 45 0.07996468 
500 188 23 32 0.07305007 
472 411 23 32 0.07265508 
515 152 16 22 0.0691818 
707 171 24 32 0.06264687 
481 274 39 49 0.055962738 
514 152 27 38 0.048716377 
578 322 53 62 0.047048002 
14 632 15 20 0.0440516 
111 14 61 67 0.043456312 
861 146 46 37 0.040709212 
1007 643 10 15 0.040474735 
457 237 12 14 0.038902983 
135 153 97 123 0.03543938 
1010 656 13 20 0.032895993 
202 479 29 41 0.032342076 
453 504 15 19 0.031365227 
374 521 24 32 0.0307591 
490 195 24 33 0.029372381 
474 244 14 15 0.028749656 
501 173 26 36 0.026703397 
237 309 39 46 0.026466342 
494 156 44 69 0.02553621 
476 133 73 111 0.024390496 
504 317 42 57 0.022470016 
486 531 14 19 0.022316005 
337 166 41 50 0.021886779 
16 623 12 15 0.021697884 
466 238 23 26 0.021187779 
