2_Demonstration_Protesters_2_178
95
748 511 59 59 0.99903405 
265 496 67 85 0.99856466 
632 516 58 69 0.9976313 
551 545 68 72 0.99756527 
64 545 70 86 0.9964923 
680 27 41 48 0.9787421 
596 109 44 54 0.97671074 
768 109 47 54 0.96839416 
911 577 70 68 0.9538485 
462 78 51 56 0.89579475 
-1 80 34 47 0.86190957 
364 62 41 52 0.85393465 
241 621 53 47 0.4891466 
275 399 46 48 0.347295 
305 388 40 44 0.3183254 
853 273 44 66 0.25790015 
59 70 49 53 0.21121718 
427 165 46 45 0.20219487 
721 391 37 34 0.16885166 
132 63 37 38 0.13564634 
89 74 38 44 0.13318613 
678 101 23 36 0.12403249 
4 193 16 22 0.12032043 
538 194 19 21 0.11635433 
159 164 14 17 0.108465396 
108 26 13 15 0.108275115 
292 14 18 20 0.08338142 
690 99 24 37 0.08068694 
918 277 31 51 0.07442146 
665 98 28 43 0.06894565 
720 648 19 22 0.06849469 
41 42 15 18 0.05737407 
184 40 24 29 0.056804713 
48 67 38 46 0.053027444 
139 64 18 19 0.046607263 
231 84 51 55 0.04621883 
159 159 12 14 0.045322843 
147 147 15 19 0.04472582 
328 386 30 47 0.043057293 
148 62 35 38 0.04281218 
619 120 50 67 0.04184413 
208 170 12 15 0.041439153 
452 487 36 55 0.039895833 
422 150 81 92 0.039065905 
170 296 30 34 0.038156494 
893 571 55 68 0.03797505 
211 319 39 53 0.036331095 
49 126 29 35 0.03594311 
630 451 34 39 0.034342557 
709 248 17 24 0.034102097 
112 250 17 22 0.032719973 
202 623 34 45 0.028849337 
172 310 19 22 0.028742341 
17 90 47 64 0.028018245 
654 59 26 31 0.027989145 
137 136 27 33 0.02798762 
815 45 53 61 0.027223421 
652 456 12 17 0.026838712 
63 93 49 57 0.026794622 
648 98 35 50 0.026519882 
696 97 36 54 0.026407065 
392 171 31 33 0.025949016 
308 1 15 16 0.02587978 
605 445 46 50 0.025558652 
597 524 76 90 0.025026722 
627 101 35 47 0.024725422 
405 468 34 51 0.024377016 
756 434 34 38 0.024358055 
2 149 44 57 0.02432164 
87 250 12 17 0.02417751 
99 14 12 15 0.02366881 
40 99 46 58 0.023564909 
534 194 33 33 0.023416761 
200 206 26 32 0.023400018 
36 75 32 47 0.023349209 
268 387 37 46 0.023172425 
644 457 17 20 0.023059184 
868 286 46 63 0.022967394 
187 -58 422 479 0.022550838 
95 95 53 61 0.022433372 
182 288 85 134 0.022349242 
216 200 9 11 0.022319313 
114 71 32 38 0.022276154 
32 -4 44 44 0.0222215 
699 105 17 24 0.022144862 
380 56 36 44 0.021827284 
639 124 33 41 0.021817783 
648 490 52 69 0.021578385 
78 305 15 19 0.02149508 
479 88 54 70 0.021439156 
395 195 16 21 0.021312987 
460 107 61 72 0.020658595 
777 259 14 18 0.020568196 
645 73 38 55 0.020502483 
194 216 44 61 0.020392163 
