2_Demonstration_Demonstrators_2_100
24
408 134 259 356 0.99966323 
698 357 99 146 0.82881516 
914 350 48 67 0.702105 
269 35 92 132 0.15482552 
727 298 90 120 0.1473081 
882 250 57 73 0.13213043 
391 635 198 244 0.10751177 
425 726 119 125 0.100583516 
765 304 68 77 0.09106049 
390 733 242 236 0.066914715 
711 337 71 95 0.06392679 
951 286 45 56 0.06086453 
755 373 97 136 0.05528519 
73 21 187 215 0.049515028 
704 310 155 241 0.03250848 
833 360 51 66 0.029487064 
404 452 240 268 0.027213294 
48 876 350 490 0.026969798 
365 717 398 388 0.02578142 
296 359 403 404 0.022186033 
119 190 220 253 0.020649267 
207 52 115 144 0.020404324 
399 761 114 134 0.020335538 
412 689 98 122 0.020213852 
