2_Demonstration_Demonstrators_2_414
276
686 52 23 29 0.9742984 
202 41 18 22 0.97203267 
399 33 21 24 0.9504503 
597 38 23 27 0.9232003 
485 28 22 26 0.9152006 
134 41 22 26 0.88693947 
764 47 18 22 0.86537117 
928 43 29 35 0.7990087 
18 34 26 30 0.73093766 
531 0 15 18 0.6607586 
93 61 21 25 0.65329444 
170 44 26 36 0.61260176 
821 47 23 27 0.5895258 
306 39 32 35 0.58789116 
249 51 19 22 0.5136426 
290 1 29 28 0.48803183 
863 64 14 19 0.34757373 
226 43 21 29 0.32328007 
115 67 18 23 0.29401097 
104 61 21 28 0.2604447 
9 38 26 33 0.2316871 
529 125 15 19 0.23140714 
537 57 24 29 0.22165026 
46 50 15 20 0.2004541 
740 49 14 18 0.18760604 
401 63 27 33 0.17758434 
942 78 29 35 0.17686474 
705 51 25 30 0.17322777 
54 115 29 33 0.17243955 
247 123 14 16 0.1699423 
921 24 44 58 0.16577978 
5 93 14 17 0.16470145 
492 100 23 28 0.15060127 
799 58 13 16 0.14409196 
439 19 13 17 0.14002506 
814 54 17 21 0.13360617 
844 110 15 17 0.13028719 
11 95 22 28 0.12992324 
502 0 16 13 0.12377096 
474 62 19 24 0.12127332 
159 130 28 33 0.1133776 
450 123 15 19 0.111402705 
119 99 28 32 0.11024895 
488 131 22 27 0.10574582 
61 120 18 21 0.104433045 
174 62 26 34 0.10428251 
106 22 16 22 0.10084628 
244 56 27 36 0.10079272 
383 46 12 16 0.09886998 
34 34 16 23 0.0973104 
718 143 11 15 0.09374533 
594 100 17 20 0.090799876 
948 38 25 32 0.0887699 
531 47 23 28 0.088695064 
53 123 14 16 0.08815431 
351 17 15 19 0.0870444 
86 64 17 22 0.08205723 
803 52 19 25 0.08170115 
772 77 16 21 0.08138379 
422 30 13 18 0.08134437 
778 102 14 17 0.08017014 
236 119 24 27 0.079020694 
42 36 12 19 0.078244396 
174 261 24 34 0.077617824 
350 6 15 17 0.07725184 
950 117 14 17 0.07602241 
230 38 13 19 0.07565533 
478 31 17 22 0.07542646 
470 35 13 18 0.07514009 
856 66 13 16 0.07482985 
455 35 14 18 0.06986944 
867 23 12 15 0.06905605 
909 53 12 16 0.06905349 
722 59 16 19 0.0689563 
575 58 15 19 0.067404896 
0 50 11 20 0.06531247 
400 75 19 25 0.064156234 
317 3 17 19 0.063476406 
584 0 15 17 0.06227553 
805 65 12 16 0.06197288 
1 42 22 33 0.060254507 
323 201 13 16 0.05980187 
719 169 11 16 0.05937306 
1007 0 14 16 0.05934238 
9 249 45 66 0.058856804 
200 213 9 13 0.05662324 
278 44 21 29 0.055614743 
712 134 8 11 0.054485608 
410 101 27 30 0.05405439 
229 56 25 35 0.053067464 
161 55 25 34 0.052885294 
917 48 26 32 0.052805338 
460 38 19 24 0.052770957 
128 59 25 33 0.052558288 
595 104 23 27 0.05060882 
42 42 15 21 0.049684193 
372 226 13 16 0.049527153 
269 99 16 21 0.04885395 
395 30 36 45 0.04885337 
740 16 16 22 0.04871082 
929 84 27 35 0.04788929 
791 95 12 15 0.04678836 
956 37 15 19 0.04653569 
811 64 15 18 0.045944784 
352 32 14 19 0.045628276 
602 98 16 18 0.045612674 
123 99 16 18 0.045003355 
683 109 13 16 0.044980433 
822 91 15 19 0.04488876 
367 39 10 13 0.044623 
183 293 73 61 0.043759596 
864 55 22 29 0.0436502 
216 198 50 65 0.043558262 
290 93 14 16 0.04339024 
854 99 14 17 0.043341056 
526 43 14 20 0.04329932 
14 35 18 22 0.042689294 
867 125 14 21 0.042499173 
158 292 59 59 0.042250376 
850 107 17 20 0.04214974 
195 93 14 17 0.04194694 
418 57 17 19 0.04163794 
21 249 26 42 0.041192073 
589 105 18 21 0.040918145 
432 17 22 26 0.040639184 
261 44 24 31 0.03951883 
236 194 14 16 0.039395135 
84 6 18 24 0.03895508 
413 99 15 20 0.038909603 
202 92 16 18 0.03870452 
995 133 11 15 0.03830829 
766 73 15 19 0.03798147 
261 261 23 31 0.037508715 
803 133 12 15 0.03717818 
48 59 26 30 0.03627918 
182 44 34 44 0.036211118 
397 76 41 49 0.035814486 
531 35 17 21 0.035814 
410 59 19 22 0.035803527 
669 50 24 31 0.035579942 
732 42 23 28 0.035414394 
903 13 78 100 0.035099357 
972 178 13 19 0.034825932 
78 65 14 20 0.033717446 
101 49 21 30 0.033093255 
193 34 37 43 0.032610085 
840 111 23 26 0.032326385 
391 201 22 26 0.032030586 
303 227 14 18 0.031680778 
274 269 28 36 0.031401422 
294 47 32 39 0.03135209 
489 126 17 20 0.031350367 
289 88 26 30 0.031193659 
797 46 13 15 0.031002382 
671 64 13 19 0.03098933 
382 36 13 18 0.03097095 
836 46 22 29 0.030817492 
364 0 15 14 0.030542372 
196 95 25 29 0.030234031 
833 45 16 21 0.03022887 
724 50 25 29 0.029966582 
300 206 15 19 0.02961932 
440 118 24 28 0.029515889 
353 53 11 14 0.029352915 
186 68 17 24 0.02902298 
846 65 13 18 0.02902022 
712 147 12 14 0.028868048 
783 149 12 15 0.028851928 
4 84 40 46 0.028512005 
381 0 14 12 0.02843141 
283 35 23 29 0.028346699 
319 52 21 24 0.028068868 
114 81 25 32 0.027864024 
484 22 17 21 0.027812483 
547 51 16 19 0.027566379 
342 127 12 14 0.02742883 
355 145 17 26 0.02736917 
178 315 46 41 0.027275795 
909 49 21 29 0.027261427 
0 88 23 31 0.02709051 
577 47 22 29 0.02703646 
688 42 37 47 0.02687354 
127 93 27 29 0.026864942 
774 35 13 17 0.026861813 
798 176 9 11 0.026676962 
486 60 22 28 0.026615482 
800 181 10 13 0.026434721 
770 40 21 29 0.026378503 
852 54 11 15 0.026323764 
220 56 23 32 0.02621816 
371 37 12 16 0.025931517 
827 86 22 27 0.025747992 
90 15 15 22 0.025483366 
303 6 20 22 0.025293794 
779 102 24 25 0.025177315 
213 185 120 132 0.025065154 
812 76 12 14 0.024835516 
489 151 24 32 0.024811368 
518 58 14 18 0.024750073 
425 26 19 24 0.024638012 
88 164 13 16 0.024598915 
846 57 12 18 0.024486683 
673 61 26 33 0.02445527 
637 129 12 15 0.024372049 
63 54 23 29 0.024324978 
307 60 30 36 0.024137583 
343 137 25 36 0.024107529 
513 2 18 18 0.024095217 
371 0 16 13 0.023915943 
365 68 12 14 0.023830345 
460 147 11 15 0.023810124 
800 127 12 14 0.02375425 
388 0 15 13 0.023684053 
702 35 40 50 0.023617992 
472 43 25 34 0.023612335 
792 58 13 16 0.023451641 
58 64 35 43 0.023192653 
254 79 27 36 0.023152743 
731 57 14 18 0.023132568 
427 89 26 31 0.023114242 
963 42 14 20 0.02282596 
458 47 17 23 0.022794178 
926 42 17 23 0.022732098 
448 164 10 13 0.022684338 
445 57 13 16 0.022671308 
170 137 15 20 0.022669643 
287 28 12 16 0.022663228 
937 36 19 24 0.022645606 
239 72 29 38 0.022475045 
716 46 13 15 0.022321505 
958 45 25 34 0.022309845 
787 113 13 15 0.022274023 
630 127 13 16 0.022208015 
201 85 26 30 0.022069288 
352 42 13 17 0.021984959 
547 67 18 24 0.021897206 
504 105 16 19 0.021872533 
316 171 18 19 0.02182216 
587 -43 422 468 0.021660108 
261 273 29 36 0.021643747 
844 72 14 18 0.02160105 
238 120 12 15 0.021600846 
595 89 17 21 0.02153328 
945 56 34 48 0.02150148 
800 62 23 28 0.021480907 
679 113 13 16 0.021404546 
396 0 15 14 0.021362526 
793 27 12 16 0.021306358 
196 63 27 33 0.021304306 
11 85 18 22 0.021276386 
618 42 21 31 0.02125991 
268 266 13 19 0.021248523 
526 119 13 17 0.02120381 
19 51 18 23 0.021143978 
763 87 22 29 0.021110015 
298 85 14 16 0.021064138 
843 60 23 28 0.021057487 
926 66 43 58 0.021017842 
499 67 17 21 0.020998916 
776 29 12 15 0.020981317 
420 37 21 28 0.020940213 
790 47 21 29 0.020916212 
17 94 43 49 0.020855432 
251 47 37 47 0.020840403 
793 175 9 11 0.02077531 
305 0 17 16 0.020670174 
261 236 9 12 0.020665793 
305 77 26 31 0.020559508 
297 35 27 33 0.020550912 
724 165 11 16 0.020505518 
75 123 15 19 0.020428056 
385 245 12 16 0.02041598 
869 53 14 18 0.020411557 
273 256 27 32 0.020352295 
412 1 13 16 0.020295741 
183 55 19 25 0.020287892 
