2_Demonstration_Political_Rally_2_746
302
586 91 66 82 0.99956435 
586 370 62 72 0.99945945 
850 2258 59 75 0.999196 
168 2368 89 109 0.99919266 
509 355 66 82 0.9971541 
357 2323 86 103 0.9954222 
594 2299 27 34 0.9905268 
779 1344 68 102 0.9891777 
56 2336 42 54 0.9879921 
753 2325 31 35 0.98531264 
965 123 41 54 0.98027956 
201 2254 40 51 0.97907066 
281 208 15 21 0.91607225 
130 2305 40 45 0.90307826 
268 197 12 14 0.8655323 
332 192 18 21 0.8547127 
723 1373 30 46 0.7130038 
252 195 13 16 0.6894174 
646 2286 26 35 0.66580915 
862 142 12 15 0.6145244 
403 1338 12 18 0.59895116 
305 2293 45 58 0.5932919 
834 189 11 15 0.54602814 
482 1314 15 20 0.5211462 
115 1284 20 28 0.43977514 
444 1317 8 11 0.31455657 
72 186 20 27 0.25520292 
350 214 15 19 0.2525287 
262 197 11 15 0.24815957 
490 1345 13 17 0.24410416 
787 226 18 23 0.23239243 
284 1329 25 44 0.23092951 
460 1365 14 17 0.20954965 
481 2297 28 40 0.20750484 
660 1356 12 19 0.20022139 
175 2251 23 29 0.17182921 
834 214 11 16 0.15965097 
49 203 17 25 0.13823672 
145 1316 11 15 0.1338397 
403 1365 18 24 0.13270265 
341 2260 14 18 0.13179426 
310 2284 29 33 0.1288279 
340 2264 22 28 0.124802954 
111 1289 15 19 0.12322965 
749 212 14 17 0.11937749 
464 1332 8 11 0.11632174 
701 1351 8 11 0.11607773 
530 2313 14 19 0.11294108 
292 211 12 18 0.10234662 
676 1406 20 25 0.102216594 
175 1330 13 18 0.10020796 
700 1357 9 13 0.09619001 
218 1246 25 33 0.09539752 
622 2311 21 32 0.095028035 
-1 303 39 64 0.08889164 
175 1280 9 11 0.08882741 
271 1298 12 15 0.087202854 
648 1349 21 30 0.08675817 
468 1359 12 15 0.08513023 
263 1303 10 13 0.082775116 
301 2276 22 30 0.079851426 
99 2349 30 36 0.07960983 
477 1342 11 14 0.079606295 
642 1320 13 19 0.07953408 
880 245 13 18 0.0791945 
518 1342 11 14 0.07915584 
653 2285 15 23 0.07890004 
658 2287 26 37 0.07877188 
157 1324 14 17 0.077959985 
614 2299 23 33 0.076370046 
720 1352 9 11 0.0756844 
329 196 25 30 0.0749583 
260 2367 48 75 0.07084399 
190 1294 8 10 0.06931774 
227 1256 13 18 0.06877681 
250 1268 18 22 0.06760038 
452 1392 26 30 0.06692551 
535 974 25 31 0.06667724 
724 1369 15 24 0.06637481 
212 205 10 13 0.06631105 
298 212 14 18 0.0656616 
630 1338 38 55 0.0630218 
223 203 10 13 0.0628161 
844 167 16 23 0.06229518 
82 188 16 24 0.062086016 
183 637 218 257 0.062064126 
321 224 15 20 0.06187286 
371 1324 39 56 0.061076444 
158 1306 10 12 0.05958124 
271 228 12 16 0.059465706 
882 116 16 21 0.057966072 
698 403 32 38 0.057280734 
718 1369 15 20 0.055579558 
408 1337 15 19 0.05549163 
298 2194 14 19 0.055285007 
520 1335 9 12 0.055026043 
399 1332 13 22 0.054210953 
277 1293 14 18 0.05347668 
54 192 24 30 0.053460125 
470 1326 8 11 0.051176555 
437 2303 28 35 0.050433252 
421 1339 13 17 0.050210595 
409 1320 9 12 0.04989035 
173 2280 23 33 0.04813028 
388 1337 14 21 0.04803851 
149 1321 13 17 0.04792499 
101 1276 37 52 0.047345094 
829 191 18 22 0.046739124 
704 1345 7 10 0.04607414 
176 2246 10 14 0.045818232 
103 1289 15 19 0.04570815 
556 361 66 86 0.045598198 
122 1295 14 20 0.044445403 
283 1290 15 19 0.04432588 
686 1367 12 15 0.044131495 
414 1320 9 11 0.044071935 
429 1340 10 14 0.04404653 
207 207 12 14 0.044033922 
645 1327 13 19 0.04374564 
467 1369 13 16 0.04309964 
331 2268 26 34 0.04292679 
207 1301 9 13 0.042926203 
246 192 14 16 0.042789206 
142 528 46 58 0.042647377 
681 1343 8 10 0.042501 
387 1329 26 36 0.04242798 
221 2250 28 41 0.04220745 
329 2286 28 41 0.041199274 
93 1230 27 46 0.041196145 
601 1298 15 17 0.040078864 
916 2259 41 59 0.039978527 
274 197 12 16 0.039448876 
680 1373 11 14 0.03861378 
241 195 11 15 0.038228523 
755 214 13 20 0.03728981 
420 1332 11 16 0.036922883 
168 1279 8 10 0.03690699 
355 212 20 26 0.036858175 
414 1324 11 13 0.036847986 
133 2372 50 69 0.036634244 
712 1357 10 13 0.036074724 
254 1295 11 12 0.036047053 
514 954 19 24 0.035857182 
107 1258 25 30 0.03481257 
387 1274 12 15 0.03480797 
601 2312 20 27 0.03464481 
233 2249 26 35 0.034510445 
175 1251 12 15 0.03445593 
549 2284 14 17 0.03440063 
693 1361 12 16 0.034196846 
486 2293 42 52 0.034170777 
627 2307 14 21 0.0339857 
288 165 11 14 0.033885714 
340 207 24 29 0.03325767 
182 1285 8 11 0.03306505 
521 1327 10 13 0.033055253 
711 1351 9 11 0.032964874 
116 512 349 407 0.032657586 
861 119 10 13 0.032397162 
258 2311 46 56 0.032392833 
200 1293 9 12 0.032226656 
503 1327 9 10 0.031919654 
725 1350 8 11 0.03177383 
181 1311 8 11 0.031773206 
412 1331 14 19 0.031544223 
154 1300 11 15 0.031462695 
159 1296 9 11 0.031413894 
468 1388 16 20 0.031360555 
400 1325 10 16 0.03132425 
117 1242 11 15 0.031188298 
458 1360 11 14 0.031025978 
125 477 52 60 0.030918486 
160 1285 9 11 0.03080035 
685 1343 8 10 0.03069157 
420 1326 9 12 0.030628128 
201 2350 83 113 0.030329816 
116 1261 12 15 0.030171253 
422 965 25 30 0.030161804 
816 190 8 12 0.030033987 
34 423 55 76 0.029915249 
522 1450 33 37 0.02988626 
320 1271 12 16 0.02981392 
478 2301 12 18 0.02956417 
272 209 14 19 0.02950892 
297 2301 29 45 0.029430455 
176 2261 28 38 0.02941363 
514 2302 29 37 0.029390644 
678 1378 11 15 0.029314294 
134 2314 50 60 0.029145392 
292 1323 33 53 0.02892003 
365 2263 16 22 0.028602347 
202 1300 10 13 0.028486231 
217 1354 19 18 0.028308908 
461 1288 8 10 0.028211527 
199 1329 13 18 0.028086323 
997 101 21 32 0.027934868 
690 1342 79 104 0.027895285 
845 213 12 15 0.027634295 
427 1346 11 15 0.027602838 
307 236 11 15 0.027598172 
829 208 18 26 0.027475072 
640 1322 22 32 0.027429903 
686 1348 10 12 0.027145201 
292 2269 23 31 0.026922671 
252 2053 11 16 0.026569009 
353 1335 34 44 0.02643309 
252 1319 14 18 0.026329707 
91 220 13 16 0.026231222 
387 1260 11 15 0.026060559 
248 263 20 33 0.026054168 
479 1302 10 12 0.02574911 
208 200 10 12 0.025590487 
454 1369 25 28 0.02556452 
119 1237 11 14 0.025425218 
183 1294 10 12 0.025419181 
594 2339 40 62 0.025385695 
835 199 13 19 0.025328098 
741 242 16 23 0.025271988 
503 1333 10 12 0.025193026 
673 2295 17 22 0.024940267 
472 1391 19 22 0.024915565 
149 2370 64 84 0.02487484 
238 216 14 19 0.024787895 
629 1322 15 19 0.024776878 
500 2282 11 13 0.02471523 
458 1292 8 11 0.024714796 
290 2057 9 11 0.024438798 
109 1259 13 18 0.024429442 
690 1058 16 18 0.024136843 
475 1364 13 15 0.0239442 
387 1347 28 40 0.023925262 
610 2366 30 49 0.023913717 
469 1334 9 11 0.02373683 
365 1247 10 14 0.02366165 
894 2261 47 64 0.023551108 
185 1340 16 19 0.02342902 
670 410 35 38 0.023326296 
487 1351 13 17 0.023288907 
821 172 13 15 0.023269428 
164 1328 15 19 0.023249034 
778 1339 11 14 0.02322948 
326 207 24 31 0.023174636 
363 1252 13 18 0.023049515 
331 1153 13 18 0.023018297 
674 2284 26 31 0.022993682 
174 1334 21 25 0.022954574 
709 1402 12 17 0.022915792 
239 2377 51 72 0.02287972 
473 1295 9 10 0.022858389 
425 111 10 13 0.022776961 
438 1396 12 17 0.02277233 
175 1259 9 12 0.022684665 
679 1336 8 10 0.02266837 
486 1333 12 15 0.022629833 
835 181 13 19 0.0226104 
682 1398 22 31 0.022470906 
191 1289 9 11 0.022433428 
294 221 21 27 0.022384552 
261 1295 10 13 0.022379408 
102 2356 17 23 0.02230867 
484 1304 10 13 0.022225033 
139 1509 196 284 0.02222441 
244 2244 13 17 0.022097886 
294 233 13 17 0.022082297 
184 647 35 44 0.021868445 
453 1412 26 33 0.021800088 
176 1299 10 13 0.021764202 
156 1317 14 17 0.021665901 
45 196 15 22 0.021328118 
237 2283 25 34 0.021303352 
204 598 108 102 0.021289026 
714 1352 21 27 0.021127988 
476 1340 20 25 0.02108132 
879 158 10 13 0.021072395 
608 339 54 61 0.021018088 
151 1279 10 12 0.020795496 
86 1025 16 21 0.020778695 
65 2057 28 34 0.020748418 
501 1340 10 14 0.020701045 
477 1357 11 14 0.020698486 
496 2283 10 13 0.020681994 
333 184 15 19 0.020678889 
930 1331 11 16 0.020659307 
292 2282 72 95 0.020646162 
256 1235 13 17 0.020641342 
186 2251 17 23 0.020634992 
253 2005 17 21 0.020487683 
445 1322 10 14 0.020479303 
267 2061 12 16 0.020435726 
188 1299 10 12 0.02041517 
206 1281 8 11 0.020412346 
201 1280 9 12 0.020403042 
472 1345 12 15 0.020348515 
949 147 39 40 0.020224059 
538 2315 14 17 0.020183569 
286 2304 25 43 0.020112542 
479 1336 10 13 0.020093398 
655 2279 10 14 0.020081958 
117 1253 11 14 0.020048786 
267 1301 15 20 0.020037072 
40 196 12 15 0.020021716 
337 2166 8 11 0.020001547 
