2_Demonstration_Demonstrators_2_290
125
728 503 55 68 0.9989662 
508 563 89 106 0.9989644 
697 167 68 89 0.9965346 
174 365 77 89 0.9919769 
862 465 49 67 0.99023134 
411 152 79 98 0.9849193 
380 506 16 21 0.96531236 
456 502 27 37 0.9604269 
633 473 48 57 0.95758575 
411 506 16 21 0.822197 
16 488 27 34 0.8046549 
935 444 22 28 0.73259735 
360 508 13 15 0.6104014 
481 493 17 21 0.5075362 
19 444 11 13 0.34698853 
998 477 25 47 0.22357503 
285 452 33 36 0.20528059 
4 468 41 60 0.1730757 
293 393 11 14 0.1550173 
273 384 14 18 0.13898015 
406 500 14 20 0.11971044 
514 501 10 13 0.119500704 
406 495 10 13 0.10958143 
924 449 24 32 0.10663725 
291 410 17 21 0.09145726 
887 462 24 40 0.08977995 
288 388 13 16 0.082471475 
892 462 16 23 0.078266084 
570 505 14 18 0.066880204 
32 632 12 17 0.06492342 
843 451 27 37 0.060199823 
380 558 15 18 0.058987867 
408 581 35 44 0.058875214 
926 427 39 47 0.058867477 
542 503 9 12 0.058590576 
470 490 26 32 0.058278743 
499 510 12 15 0.05555106 
943 530 35 41 0.055304397 
538 501 10 12 0.054998606 
841 448 49 62 0.053538308 
466 511 28 34 0.05261327 
973 450 13 18 0.051568076 
330 497 21 30 0.04971568 
452 509 20 27 0.04838209 
656 549 43 55 0.04771068 
689 492 43 58 0.04746961 
984 444 10 14 0.046864185 
1003 456 21 36 0.04654738 
424 493 10 13 0.04606346 
578 359 31 36 0.042430382 
994 353 25 38 0.04121005 
431 584 22 32 0.041197807 
538 495 9 11 0.040692095 
1010 450 14 24 0.040528607 
952 443 24 29 0.04043563 
516 506 11 13 0.040103287 
57 530 17 23 0.04005905 
352 507 11 15 0.03914633 
13 439 18 23 0.038516894 
375 503 16 19 0.038415927 
490 494 11 14 0.03835673 
663 172 41 68 0.037326925 
963 447 16 20 0.037311252 
374 374 12 15 0.03699215 
357 505 20 25 0.036797836 
376 169 41 62 0.03580537 
53 498 16 21 0.0356447 
851 476 40 49 0.035356805 
611 513 15 20 0.035250876 
915 455 27 37 0.035028044 
494 507 12 16 0.03479498 
714 673 48 53 0.03476847 
379 559 23 32 0.03476068 
481 522 16 20 0.034325663 
400 498 14 18 0.034198355 
257 376 15 20 0.0338642 
925 445 13 18 0.033840913 
360 492 11 13 0.03380534 
364 494 10 13 0.03337147 
55 524 13 17 0.033192206 
40 679 9 12 0.033151872 
339 505 13 19 0.031409048 
754 488 29 37 0.030983845 
660 377 15 17 0.030824848 
404 602 32 39 0.030038238 
676 506 47 58 0.029954791 
331 379 11 16 0.029762326 
467 573 12 14 0.029570144 
469 149 46 72 0.029464072 
916 456 43 56 0.029168246 
288 422 24 31 0.027475558 
446 586 25 28 0.026977552 
983 436 12 16 0.026572797 
271 391 13 17 0.026572205 
419 502 13 19 0.026086878 
406 556 12 16 0.026033772 
813 488 39 54 0.025952052 
685 158 53 77 0.025931269 
277 454 25 39 0.02576184 
275 411 11 16 0.025153352 
440 596 25 33 0.0251172 
393 157 51 74 0.024754258 
604 502 24 35 0.024747334 
811 597 23 30 0.024734043 
118 313 14 21 0.024544219 
836 483 32 48 0.024371166 
562 140 24 29 0.024233513 
904 456 22 36 0.024049591 
459 587 17 20 0.023343505 
31 623 21 30 0.023291485 
563 509 18 20 0.023256652 
79 701 11 12 0.022968475 
360 502 41 50 0.02271167 
550 502 12 14 0.02253608 
980 451 12 17 0.022226123 
778 498 31 45 0.022020679 
470 492 15 20 0.021862082 
501 521 13 19 0.021712648 
451 501 17 22 0.02105571 
331 710 29 38 0.020910619 
999 439 21 33 0.020889165 
938 454 27 34 0.020851674 
395 116 58 78 0.020660872 
247 371 27 35 0.020497901 
412 493 13 15 0.020272564 
