2_Demonstration_Demonstration_Or_Protest_2_476
2428
623 560 28 32 0.9916087 
137 496 19 24 0.9909718 
991 592 24 33 0.9904385 
274 502 21 26 0.987884 
692 599 35 39 0.98787814 
193 502 19 23 0.98505694 
428 366 17 22 0.9849186 
781 504 25 28 0.9845821 
192 553 22 27 0.9838112 
126 293 14 18 0.9825859 
81 343 17 21 0.98125654 
577 328 19 22 0.979845 
333 222 13 16 0.9791803 
786 443 25 28 0.9772356 
604 333 17 23 0.9770875 
823 588 26 30 0.97261196 
749 469 24 29 0.97230035 
515 399 21 25 0.9720782 
121 359 18 22 0.97131765 
678 464 24 28 0.9704161 
947 445 26 30 0.9684336 
132 406 16 20 0.96707314 
754 578 30 32 0.9647988 
217 480 17 23 0.9626891 
627 455 24 29 0.96163946 
389 605 19 25 0.96078455 
474 283 16 19 0.95957464 
996 520 24 30 0.9589066 
875 532 27 35 0.956241 
35 419 23 27 0.95247257 
28 223 15 17 0.9496834 
327 618 23 28 0.9493253 
740 373 24 28 0.9489111 
385 276 16 20 0.9472398 
524 467 17 22 0.9470607 
100 304 18 21 0.94404763 
235 163 16 20 0.9434347 
50 253 17 20 0.9428146 
691 377 21 25 0.9403745 
274 294 19 22 0.9402137 
318 200 15 17 0.9360843 
589 386 22 26 0.93566257 
901 389 24 26 0.9346068 
267 227 14 19 0.9275504 
847 324 22 25 0.9271889 
767 403 24 27 0.9264742 
539 362 22 26 0.92527795 
643 324 21 26 0.9249622 
493 293 18 22 0.92453444 
12 251 16 20 0.9237711 
247 483 22 26 0.9234109 
801 413 23 28 0.92093325 
524 570 22 26 0.9203997 
460 427 22 28 0.92018145 
944 289 23 28 0.9176445 
579 255 18 21 0.913932 
173 304 18 22 0.91383475 
989 373 26 29 0.9130051 
196 260 15 18 0.9103226 
439 344 19 24 0.9099425 
226 426 20 25 0.90775365 
7 330 18 22 0.90766674 
827 432 24 28 0.9060046 
91 481 19 22 0.905715 
983 319 23 28 0.9047193 
928 402 26 29 0.9042103 
320 252 17 20 0.9035653 
530 249 17 21 0.90277123 
303 610 22 27 0.9010622 
237 310 19 22 0.90098023 
579 437 23 26 0.89674973 
730 508 24 28 0.89561456 
500 494 23 27 0.8955005 
812 289 19 22 0.89475834 
880 473 22 28 0.893997 
781 182 15 18 0.8935973 
752 263 20 23 0.89321035 
905 291 20 24 0.8910425 
620 174 14 18 0.8874868 
281 359 17 21 0.88732105 
804 221 17 20 0.88658756 
179 159 14 16 0.88078463 
63 439 20 25 0.87909806 
808 246 20 22 0.87637264 
46 380 15 18 0.87626433 
469 543 20 24 0.8747049 
920 257 20 23 0.8744825 
108 427 22 24 0.8731636 
516 608 20 24 0.8725298 
553 465 23 29 0.8690901 
622 300 21 25 0.8671776 
435 212 17 20 0.8665144 
443 462 19 23 0.8660947 
418 406 21 23 0.8654845 
283 405 19 23 0.8626059 
337 268 19 22 0.85996747 
425 491 23 27 0.8596903 
138 381 17 22 0.85841346 
639 429 21 25 0.85761213 
879 209 14 18 0.85484815 
46 233 14 16 0.84980386 
302 279 16 19 0.8486521 
401 170 14 18 0.8485074 
499 352 17 20 0.84814405 
468 375 15 19 0.84484434 
421 340 17 20 0.8414277 
293 246 14 17 0.83639497 
922 627 21 28 0.8328276 
111 131 14 16 0.82513094 
638 371 21 26 0.82388836 
520 299 18 21 0.81877446 
509 215 16 19 0.81720185 
912 319 23 24 0.8167673 
169 119 16 19 0.81675506 
328 334 18 20 0.8130439 
908 190 14 16 0.8066084 
992 150 19 21 0.801785 
878 415 25 31 0.80102676 
885 175 14 18 0.8007206 
258 74 14 17 0.800632 
262 204 13 17 0.79883677 
80 419 19 23 0.79747003 
489 650 28 31 0.7972168 
372 295 15 19 0.79581946 
701 245 14 17 0.7915717 
456 263 15 20 0.7902387 
213 646 27 30 0.7892966 
27 356 17 21 0.7889283 
887 357 22 27 0.78769773 
207 377 15 18 0.7840586 
661 215 17 21 0.7764366 
200 444 21 26 0.7733253 
213 281 13 17 0.7729815 
221 405 17 22 0.7661884 
646 74 13 16 0.7650161 
191 327 16 19 0.76456356 
733 104 13 17 0.7636363 
87 261 13 17 0.7552672 
722 147 16 19 0.7552492 
138 233 17 19 0.75388175 
562 554 22 29 0.75262076 
425 50 13 17 0.7482017 
789 101 14 16 0.74734485 
80 380 16 19 0.7467861 
575 364 19 21 0.7458491 
403 455 22 25 0.7423745 
572 501 23 25 0.7323516 
45 324 19 22 0.7313481 
825 181 15 17 0.7307141 
587 623 27 32 0.7305892 
360 247 19 22 0.7276819 
631 235 16 19 0.7272702 
733 281 19 21 0.7245314 
613 224 15 19 0.7203802 
181 404 16 20 0.71917695 
516 104 14 18 0.71644455 
366 323 17 19 0.7135586 
402 225 17 19 0.70253795 
239 386 19 22 0.70157284 
732 419 25 30 0.6988223 
252 344 19 20 0.6971007 
314 371 18 22 0.69701356 
165 348 17 21 0.69576687 
503 179 13 16 0.6941438 
185 428 17 22 0.691649 
262 431 17 22 0.69136703 
360 441 21 25 0.6871051 
670 430 24 27 0.6855637 
133 155 12 16 0.6846464 
431 299 18 21 0.6835607 
927 164 14 18 0.68304276 
555 314 19 21 0.68214256 
701 145 14 17 0.680435 
741 235 16 18 0.67709225 
112 178 14 17 0.67341036 
363 402 22 24 0.671907 
383 188 18 20 0.6702263 
416 265 17 21 0.6640311 
143 210 14 17 0.6634044 
244 588 22 25 0.6574071 
714 96 13 17 0.6551039 
447 151 14 17 0.6443867 
94 232 15 17 0.6434613 
252 189 15 17 0.6434256 
651 531 29 33 0.6422275 
382 223 17 19 0.64028966 
314 169 14 18 0.6368855 
506 332 18 20 0.6358348 
331 111 14 15 0.63554144 
275 555 25 29 0.6331927 
650 496 21 24 0.631956 
868 298 18 20 0.63173825 
376 376 17 20 0.62716025 
661 242 20 23 0.6253826 
215 221 14 18 0.6227505 
170 69 12 15 0.6227411 
629 123 13 15 0.6206427 
338 353 17 22 0.6196916 
517 196 16 19 0.6172493 
900 76 13 15 0.61097336 
690 214 16 19 0.60586536 
692 202 14 16 0.6031702 
557 227 16 19 0.60206634 
332 495 22 25 0.5988616 
169 273 14 17 0.59734136 
150 164 15 18 0.59412426 
209 139 12 15 0.59288406 
527 162 13 17 0.5920491 
540 206 17 20 0.5909086 
243 234 13 17 0.58963966 
601 82 14 17 0.5843278 
292 208 16 19 0.5807413 
229 199 14 17 0.57699984 
90 70 14 16 0.5737541 
334 178 16 19 0.57199204 
827 74 12 15 0.56604415 
140 104 13 16 0.56343204 
324 292 19 23 0.5630104 
865 237 20 23 0.56100583 
131 187 14 16 0.5608328 
799 319 21 24 0.5576973 
303 341 20 22 0.55710614 
863 389 23 27 0.555498 
675 181 12 15 0.552278 
734 206 16 19 0.5515605 
258 264 17 20 0.55145395 
589 291 16 20 0.5497766 
591 109 12 14 0.5452915 
1003 218 17 20 0.5411671 
756 150 14 15 0.5373329 
427 124 14 16 0.53651565 
905 238 18 21 0.5355245 
607 195 13 15 0.5338478 
623 52 12 15 0.53275687 
322 133 13 15 0.5299914 
645 15 11 15 0.5297136 
398 255 16 19 0.5286385 
625 198 12 14 0.52382135 
795 133 12 15 0.51462466 
552 297 17 19 0.5123036 
569 53 11 13 0.5109336 
301 86 14 17 0.50621766 
458 235 17 21 0.50604993 
112 153 14 16 0.5047577 
13 220 12 16 0.50261325 
285 95 13 15 0.5013934 
972 225 15 18 0.5000455 
395 114 14 15 0.4983519 
20 271 17 19 0.4973666 
846 131 13 15 0.49368942 
414 83 13 15 0.49313238 
171 185 15 18 0.48950982 
752 291 20 24 0.48564565 
440 49 12 15 0.4828322 
953 101 14 17 0.48077333 
439 102 13 16 0.47976002 
259 195 15 18 0.4796514 
137 468 21 24 0.478459 
680 156 14 16 0.47625875 
662 93 12 15 0.47617683 
86 193 15 18 0.47066656 
188 283 17 18 0.46942878 
63 66 11 13 0.46728492 
973 89 15 19 0.46617293 
445 86 11 13 0.46384293 
431 73 12 16 0.4631142 
153 187 13 16 0.45609418 
941 190 16 20 0.45580435 
551 100 12 14 0.4530142 
482 101 13 16 0.45177162 
409 35 13 16 0.44817406 
471 332 19 21 0.44798893 
536 116 13 15 0.44793454 
454 304 16 21 0.44701198 
705 551 27 32 0.43830264 
488 35 11 13 0.43827692 
180 220 13 15 0.43710595 
565 77 12 14 0.43577242 
993 242 21 27 0.43503824 
68 300 13 17 0.43460464 
671 274 15 19 0.43437907 
933 227 16 18 0.43194312 
402 433 19 22 0.42913198 
318 96 12 14 0.42882785 
270 111 12 14 0.42873693 
150 309 20 24 0.42632875 
293 157 16 18 0.4214399 
146 429 20 22 0.42124784 
89 130 12 16 0.42107737 
682 93 12 14 0.4176733 
491 472 23 26 0.41591242 
190 234 15 17 0.41460302 
99 402 19 22 0.41452315 
404 60 13 16 0.4079487 
772 153 14 16 0.40103713 
501 68 13 15 0.4004458 
940 357 28 32 0.39873785 
59 214 13 16 0.39611167 
770 92 14 16 0.39281896 
44 282 17 20 0.38894597 
1002 265 17 19 0.38416293 
523 45 11 14 0.38154504 
364 174 12 14 0.38080227 
478 216 16 18 0.38057497 
73 125 12 15 0.3781895 
254 245 14 16 0.37662446 
520 285 17 18 0.37422392 
848 234 15 17 0.37363452 
254 166 13 15 0.37300137 
423 148 13 17 0.37260342 
835 49 14 18 0.36783624 
90 219 14 16 0.36779153 
189 78 12 12 0.36767775 
286 127 12 14 0.36647788 
856 178 17 21 0.36606854 
278 571 24 28 0.36545312 
90 456 18 22 0.3608677 
692 259 16 19 0.35805726 
602 161 14 17 0.35740933 
206 79 12 14 0.35508594 
366 122 13 16 0.35380995 
332 435 18 22 0.35046434 
312 235 13 17 0.34692392 
333 63 15 18 0.34505224 
386 344 18 22 0.34236676 
477 181 13 16 0.34214565 
610 66 13 15 0.34146404 
222 261 13 16 0.34090143 
812 268 17 20 0.34070802 
40 203 13 15 0.33972305 
19 162 13 15 0.33964154 
504 43 11 14 0.33570194 
402 126 12 15 0.33547637 
683 164 13 15 0.32752812 
480 83 11 14 0.32435775 
716 128 13 16 0.3234431 
798 66 16 17 0.3231181 
204 101 14 17 0.32280573 
560 150 13 16 0.3222875 
503 236 16 20 0.32131302 
956 179 15 18 0.3205624 
482 227 16 20 0.3193961 
376 35 13 17 0.31834626 
606 420 20 25 0.31827995 
841 265 17 20 0.31744462 
292 30 11 14 0.316049 
388 304 17 20 0.31574282 
677 119 11 14 0.31543544 
748 67 11 13 0.31531557 
696 122 13 16 0.31507236 
770 110 14 16 0.31373936 
351 101 13 15 0.3136512 
830 235 15 17 0.31311956 
341 400 18 22 0.31294784 
248 109 12 15 0.31281245 
651 42 11 14 0.31233338 
191 132 14 16 0.31138217 
944 243 18 22 0.30962822 
206 61 12 13 0.30754036 
583 140 12 14 0.30479333 
188 92 13 16 0.30156827 
297 59 11 15 0.298167 
641 166 11 14 0.2973405 
1 488 16 21 0.29409507 
992 114 13 15 0.2927127 
899 197 14 17 0.29085976 
621 265 16 18 0.2856077 
645 60 11 14 0.2844892 
600 132 12 15 0.28149992 
662 197 15 17 0.2812286 
361 367 18 21 0.2812248 
863 219 15 18 0.2783903 
943 149 14 18 0.27740693 
231 116 14 16 0.2740204 
126 85 11 14 0.2714714 
368 69 11 13 0.27116966 
98 109 11 14 0.27104253 
210 242 14 16 0.27091873 
477 125 11 13 0.26962844 
688 171 13 16 0.26924953 
803 157 12 15 0.26903877 
574 202 16 18 0.26892424 
684 337 19 21 0.26736784 
780 250 17 20 0.2671557 
945 383 27 29 0.26688445 
438 233 13 17 0.26633227 
188 84 14 16 0.2656964 
415 91 13 18 0.26400024 
562 173 12 14 0.26147538 
908 296 24 28 0.2594211 
228 60 11 14 0.2590156 
181 25 15 17 0.2581679 
579 125 12 14 0.25571802 
779 45 13 15 0.25341442 
536 186 15 16 0.25194114 
654 189 12 13 0.2507878 
683 86 13 15 0.25070745 
664 303 17 22 0.24884498 
927 122 14 17 0.24829252 
726 33 12 16 0.24774097 
139 599 17 20 0.24741733 
374 9 12 15 0.2468086 
459 75 12 14 0.24648349 
519 146 12 15 0.24618934 
695 67 11 15 0.24590884 
551 260 14 18 0.24537224 
672 115 12 15 0.24341108 
676 55 10 12 0.24163038 
57 110 12 15 0.23977306 
573 12 12 13 0.23869906 
642 213 14 17 0.23820627 
260 134 14 16 0.23798609 
596 535 25 31 0.23740977 
863 414 25 31 0.23735224 
646 141 12 15 0.23652294 
516 67 12 13 0.23619248 
651 273 16 18 0.2354355 
608 12 10 12 0.23492423 
141 72 10 12 0.2347121 
663 362 20 25 0.23459291 
558 69 12 13 0.23404303 
455 172 15 17 0.23393363 
839 201 15 18 0.2335692 
774 35 13 15 0.23221141 
746 117 13 15 0.23145075 
526 233 15 17 0.23115572 
470 126 11 14 0.22986585 
958 153 14 18 0.2279349 
774 218 15 17 0.22789186 
581 149 13 16 0.2263685 
225 69 13 15 0.22469565 
735 435 24 29 0.22345117 
130 332 14 17 0.22224863 
985 415 24 27 0.22088368 
620 22 11 13 0.22005905 
181 227 14 18 0.21916096 
635 98 12 14 0.21908017 
800 162 13 17 0.21856542 
743 458 25 32 0.21460612 
365 206 13 15 0.214494 
195 185 15 18 0.2124999 
593 53 9 11 0.21154082 
671 111 10 13 0.21095116 
687 11 10 13 0.21038346 
583 63 12 13 0.21002935 
878 142 14 16 0.20911077 
480 69 10 14 0.20888996 
95 169 14 17 0.20839918 
595 258 16 20 0.20812011 
486 60 11 13 0.20507859 
76 83 10 13 0.20409484 
737 44 11 14 0.20380211 
73 85 9 12 0.20330341 
103 61 8 10 0.20293607 
503 165 12 14 0.2017888 
694 44 12 14 0.20150821 
868 141 12 15 0.200791 
0 523 40 55 0.19963816 
676 77 11 13 0.19955385 
234 282 15 17 0.19926372 
687 62 11 14 0.19916958 
582 99 13 15 0.1991031 
520 368 18 21 0.19881101 
487 145 14 16 0.19719586 
991 123 13 17 0.19675665 
916 267 21 27 0.19595222 
703 54 10 12 0.1957316 
299 190 13 16 0.19548483 
120 100 11 13 0.19530867 
629 5 11 12 0.19521102 
742 165 12 14 0.19506323 
465 130 11 15 0.19420119 
700 46 11 12 0.19342357 
660 157 12 15 0.19310558 
331 86 11 13 0.19301961 
607 209 13 16 0.1929103 
622 92 13 16 0.19279826 
350 130 11 14 0.19165988 
69 305 15 19 0.1916 
6 286 15 21 0.19148427 
387 61 10 12 0.19136342 
894 123 14 17 0.19095601 
522 82 12 15 0.18948962 
65 194 14 15 0.18941423 
242 14 12 15 0.18848558 
277 82 14 15 0.18804772 
629 30 9 13 0.18779658 
56 86 10 13 0.18613742 
890 109 12 15 0.18365154 
270 153 15 16 0.18297525 
462 213 11 15 0.18294849 
203 169 16 19 0.1824689 
279 45 10 12 0.17911325 
135 64 9 11 0.179027 
629 94 13 16 0.17816493 
844 138 14 16 0.17707439 
552 12 10 12 0.17680252 
907 414 22 29 0.17609668 
953 171 16 19 0.1752981 
343 27 13 14 0.17527962 
968 208 18 21 0.17524382 
578 169 14 17 0.17421973 
132 263 15 18 0.17410286 
485 454 25 27 0.17169037 
865 227 17 20 0.1708467 
186 69 12 15 0.17050007 
526 51 11 13 0.169144 
168 100 11 14 0.16863762 
975 173 13 17 0.16791393 
774 66 12 15 0.16790234 
840 147 12 16 0.16769116 
565 133 12 13 0.16751498 
150 93 10 12 0.1667394 
436 70 11 14 0.16668735 
600 180 11 15 0.16645728 
968 115 13 16 0.16636935 
445 5 13 14 0.16558233 
865 467 24 30 0.16497934 
762 178 13 16 0.16444868 
125 79 11 13 0.1641742 
535 94 12 14 0.1640527 
405 519 22 26 0.16282421 
863 35 11 13 0.16229147 
137 69 9 11 0.16069335 
235 91 12 14 0.16047451 
236 290 16 17 0.15947896 
700 118 13 15 0.1594414 
172 1 11 11 0.1588944 
239 140 13 14 0.15854964 
95 101 13 15 0.15845163 
10 181 12 14 0.15826285 
341 157 11 13 0.1580524 
928 76 11 13 0.15763535 
414 196 15 18 0.15760367 
762 193 14 17 0.15651657 
737 449 24 28 0.15616123 
401 288 15 18 0.15557581 
385 69 11 15 0.15524454 
803 641 33 36 0.15506648 
360 47 11 14 0.15455309 
693 101 12 14 0.15453161 
28 181 12 14 0.15386009 
77 101 9 13 0.1537356 
560 114 13 15 0.15330315 
863 265 16 18 0.15292199 
371 203 12 15 0.15190415 
533 60 10 13 0.15180933 
345 46 11 13 0.15178306 
951 67 10 14 0.15139256 
239 44 11 12 0.15116027 
977 278 19 21 0.1511248 
309 111 12 15 0.14986214 
283 78 13 15 0.14916278 
562 281 14 18 0.14884935 
16 101 9 11 0.14825596 
508 69 11 13 0.14822826 
499 90 12 15 0.14733034 
203 158 13 15 0.14718263 
813 172 14 17 0.14684077 
345 36 12 13 0.14676969 
486 391 16 19 0.14662442 
541 147 13 16 0.14611176 
275 433 19 24 0.14599846 
780 69 11 14 0.14592093 
616 148 11 14 0.1458936 
720 52 11 14 0.14535867 
744 90 12 14 0.14533277 
74 227 13 16 0.14477561 
599 138 12 15 0.14387724 
669 188 13 15 0.14381155 
591 11 10 12 0.14380504 
132 86 9 13 0.14345664 
687 54 11 13 0.14283036 
324 68 14 16 0.14282826 
398 243 15 18 0.14176454 
181 45 11 12 0.14129834 
1005 447 17 24 0.14099473 
69 328 16 18 0.13989224 
40 164 12 15 0.13972187 
252 39 10 11 0.13940662 
82 292 16 17 0.13920778 
894 157 13 15 0.13906273 
62 91 10 12 0.13889381 
908 79 11 14 0.13798001 
75 299 15 17 0.13773085 
347 244 13 17 0.13772888 
763 155 13 16 0.1375905 
326 156 11 14 0.13727802 
702 60 11 14 0.13720734 
694 11 9 12 0.13594204 
647 55 11 13 0.13590312 
947 141 14 16 0.13588113 
400 92 12 15 0.13558964 
399 198 13 16 0.13549213 
787 232 15 19 0.13515365 
401 84 10 13 0.13444865 
612 14 11 12 0.13427001 
150 268 14 17 0.13403673 
708 186 13 16 0.13355035 
327 77 12 15 0.13339534 
273 466 23 26 0.13289653 
648 107 11 14 0.13213848 
158 24 12 14 0.13207582 
152 86 10 12 0.13145848 
718 171 11 15 0.13123587 
256 45 9 12 0.13091214 
375 149 12 15 0.13082726 
563 71 13 14 0.13076359 
844 155 12 15 0.13047196 
568 6 10 12 0.12943761 
764 15 13 15 0.12933648 
526 130 13 15 0.1289365 
256 54 10 12 0.12850961 
486 156 13 16 0.12850149 
805 212 16 20 0.12846434 
510 125 12 16 0.12833722 
859 117 11 14 0.1272223 
624 27 11 13 0.12691985 
854 172 15 19 0.1266212 
366 370 22 25 0.1263437 
767 131 12 15 0.12619585 
564 142 12 13 0.12599006 
739 189 13 14 0.12589306 
600 150 12 14 0.12551391 
805 29 12 15 0.1253641 
303 114 12 14 0.12486109 
303 432 16 20 0.12472726 
709 171 13 15 0.1246041 
398 99 13 15 0.12454779 
911 218 13 16 0.12417247 
204 187 15 19 0.12291176 
133 249 14 17 0.12235032 
316 158 13 16 0.122232534 
334 90 11 13 0.12214028 
559 219 18 20 0.12116024 
358 163 13 16 0.120554686 
494 487 22 27 0.12006939 
365 131 13 16 0.11954497 
657 161 12 15 0.11948491 
916 83 11 13 0.11831908 
134 240 16 18 0.118020445 
150 71 10 12 0.11787514 
259 92 11 14 0.11765306 
660 190 13 15 0.11739194 
953 501 24 27 0.11720832 
310 126 11 13 0.11673878 
694 129 13 16 0.116607 
768 543 32 35 0.11642425 
360 425 24 28 0.116416246 
816 136 10 12 0.11606929 
791 125 13 16 0.11597597 
17 74 10 14 0.11566144 
126 63 9 11 0.11546117 
552 129 12 16 0.11509788 
917 133 17 19 0.11477788 
492 197 14 17 0.11458233 
272 102 12 14 0.11428289 
254 59 11 13 0.11423418 
94 93 11 14 0.11397996 
533 131 12 15 0.11357163 
372 557 20 25 0.113411196 
542 76 12 14 0.11281875 
595 220 12 15 0.11278497 
226 28 12 14 0.11267612 
700 6 11 12 0.11246927 
866 77 14 16 0.112223916 
725 101 12 16 0.11209443 
559 179 13 15 0.11204157 
837 85 11 14 0.111419626 
685 100 12 13 0.11141801 
577 355 19 22 0.11111328 
671 70 11 13 0.11073603 
877 164 11 15 0.1097314 
24 179 11 14 0.109606564 
787 19 14 17 0.10921361 
878 57 13 15 0.109120466 
445 196 14 17 0.109035924 
779 38 12 16 0.108993106 
232 277 13 15 0.10881693 
816 140 12 15 0.10844354 
278 93 13 16 0.1083066 
646 268 16 19 0.10829364 
628 150 11 14 0.10766289 
158 293 14 16 0.10750987 
877 197 14 16 0.107440494 
641 205 14 16 0.10719755 
433 313 16 20 0.10673688 
239 51 11 14 0.10520296 
738 221 15 17 0.10512983 
302 135 11 14 0.10455506 
557 187 13 17 0.10442633 
471 152 13 16 0.104356565 
450 117 14 16 0.10428595 
660 88 11 14 0.1042431 
293 149 14 15 0.103878014 
577 209 15 18 0.10378304 
229 54 11 13 0.10375683 
261 47 9 10 0.10346854 
231 101 11 13 0.10328161 
835 36 13 15 0.10319619 
614 157 13 16 0.10289094 
577 196 14 16 0.10271295 
427 35 13 15 0.1019974 
619 165 14 16 0.10197648 
871 289 20 24 0.10177634 
112 108 11 14 0.10138248 
125 91 12 14 0.10131798 
799 33 13 16 0.101287015 
398 79 12 14 0.101202205 
341 132 12 15 0.10099325 
210 170 15 19 0.100530736 
78 150 11 14 0.10032451 
595 376 23 26 0.1003173 
185 640 23 27 0.100182295 
712 125 12 15 0.09984037 
415 180 13 16 0.09969909 
12 175 12 14 0.0996451 
757 143 13 15 0.099513635 
599 89 13 16 0.09938629 
71 276 14 17 0.09926373 
997 254 21 25 0.09920644 
67 64 11 13 0.09910131 
680 555 25 32 0.09896784 
891 226 16 19 0.09864677 
247 103 11 14 0.09838083 
317 67 13 16 0.09836649 
202 111 15 17 0.09828988 
773 18 14 17 0.09818976 
585 75 11 13 0.09818905 
273 172 13 16 0.09777189 
315 60 13 16 0.097497486 
446 123 13 15 0.09742419 
815 43 13 16 0.09727603 
200 44 11 14 0.09674657 
751 43 14 17 0.09662343 
193 124 14 16 0.09660865 
190 371 14 18 0.09657292 
141 0 13 17 0.096439265 
147 100 12 15 0.0963676 
678 11 11 15 0.09626301 
644 94 11 13 0.09598704 
587 69 12 14 0.0957706 
269 139 13 14 0.095326126 
172 63 13 16 0.095258355 
702 171 12 15 0.095233165 
853 167 12 14 0.09512309 
69 146 12 15 0.09496728 
427 28 12 15 0.09490118 
21 173 13 15 0.09470558 
740 180 13 14 0.09459464 
541 85 11 13 0.09393871 
582 37 12 15 0.09377902 
588 135 12 15 0.09374351 
833 241 15 18 0.09324729 
364 229 12 15 0.09308357 
154 159 15 18 0.092861235 
323 100 12 14 0.09265622 
366 62 11 14 0.0925788 
412 234 14 17 0.09236972 
701 12 10 12 0.091921575 
640 18 11 14 0.091861546 
264 38 10 11 0.091531314 
954 162 15 20 0.09120208 
831 30 12 15 0.091069415 
493 422 22 26 0.090781756 
891 411 25 32 0.09056176 
919 100 13 15 0.09055547 
614 143 11 13 0.0905112 
1003 98 12 16 0.090096086 
580 178 14 17 0.09005742 
898 56 14 17 0.089835726 
480 130 12 13 0.08969005 
362 414 19 21 0.089615 
915 59 13 15 0.08959138 
286 71 10 12 0.08951541 
504 249 16 18 0.08912567 
148 576 22 26 0.08888582 
871 91 12 14 0.08886154 
413 187 15 16 0.08876755 
290 132 13 15 0.08854398 
190 117 11 14 0.08837905 
622 139 13 15 0.088363975 
336 138 11 14 0.08830181 
503 51 11 13 0.088232115 
645 101 12 15 0.08808686 
238 59 11 13 0.087700784 
417 251 15 19 0.08758342 
596 117 11 14 0.087497965 
654 194 13 15 0.08721891 
733 12 11 12 0.08706209 
22 117 13 15 0.08704115 
102 77 10 12 0.08702703 
709 86 12 14 0.086792216 
853 461 24 31 0.08663263 
579 187 14 16 0.08660905 
183 62 12 14 0.086580314 
242 146 14 16 0.086519375 
337 471 21 26 0.08641099 
447 142 12 14 0.08623405 
597 101 11 13 0.08611479 
572 391 17 21 0.08608938 
916 108 13 15 0.08601337 
612 115 13 16 0.08596673 
864 146 12 15 0.08583905 
597 246 16 20 0.08541685 
417 243 16 19 0.08515472 
39 142 13 14 0.08506722 
914 41 15 17 0.084699474 
872 396 18 23 0.08464026 
394 342 16 20 0.08457764 
403 467 18 23 0.084325336 
589 204 12 16 0.08425083 
482 76 13 15 0.08420469 
869 157 13 16 0.08396019 
205 66 11 14 0.08391307 
284 433 20 24 0.0836904 
975 267 18 19 0.0833593 
317 45 12 13 0.083338134 
636 442 24 31 0.08325505 
887 90 12 14 0.0832262 
459 82 14 16 0.08290507 
739 196 14 15 0.08288792 
617 280 17 19 0.08278254 
61 204 13 17 0.082572415 
292 92 12 16 0.08254143 
247 37 11 13 0.08250562 
296 84 13 17 0.08243948 
205 54 12 15 0.082215995 
870 84 13 15 0.08196846 
603 127 13 15 0.08184152 
338 115 13 16 0.08158708 
360 178 13 16 0.08153457 
222 346 14 17 0.08130262 
660 37 12 15 0.08119957 
117 70 11 13 0.08108087 
831 82 12 15 0.080782354 
232 87 11 13 0.08066857 
534 431 21 26 0.080442965 
249 115 13 15 0.080428325 
472 119 11 13 0.08038348 
689 46 11 12 0.080295354 
692 167 12 16 0.07947487 
485 441 21 28 0.07924925 
233 110 13 15 0.07921776 
155 613 14 20 0.079063855 
561 29 10 13 0.0789887 
895 319 23 26 0.07858253 
314 108 12 14 0.07852461 
471 67 11 15 0.078500874 
230 37 11 13 0.07845255 
891 115 14 16 0.0783987 
262 323 15 20 0.07839492 
357 186 13 16 0.07825488 
563 165 13 17 0.07815751 
399 234 15 18 0.078131415 
705 249 15 18 0.077994734 
484 286 19 24 0.07794619 
688 108 12 13 0.077928305 
250 237 14 17 0.077896856 
396 150 12 15 0.07753149 
907 274 16 18 0.077373095 
699 196 13 16 0.07714971 
174 319 14 19 0.07713826 
278 441 22 25 0.077073455 
484 125 11 13 0.077059515 
314 230 14 17 0.076957434 
310 132 10 13 0.07694153 
73 322 16 19 0.076896 
894 83 13 17 0.07665366 
150 77 11 14 0.076638 
470 51 11 14 0.076607645 
88 92 10 13 0.0765152 
758 160 15 16 0.076233074 
26 91 11 15 0.07616288 
383 86 12 15 0.07601301 
695 251 15 19 0.0758975 
311 337 20 25 0.07583493 
673 60 11 13 0.07496502 
586 236 14 17 0.074947044 
568 101 11 13 0.07489837 
815 28 11 13 0.07489054 
144 85 9 12 0.074868515 
360 211 13 16 0.07472134 
372 107 13 15 0.07468524 
533 67 12 14 0.074674554 
267 119 14 17 0.07445145 
556 7 10 12 0.07444426 
228 337 15 18 0.07420811 
490 30 12 14 0.07415765 
525 556 25 29 0.07411698 
133 13 14 17 0.074090034 
411 172 13 15 0.0740661 
201 68 10 13 0.073821105 
868 305 22 27 0.07362197 
805 205 15 18 0.073515594 
93 64 11 13 0.07319768 
661 149 13 15 0.07315748 
572 48 11 12 0.07315554 
884 315 24 28 0.07314314 
457 70 11 15 0.07278457 
332 29 11 13 0.07263887 
85 633 26 31 0.072622225 
714 259 14 18 0.07251554 
676 444 28 36 0.07248297 
627 129 13 16 0.072470374 
678 424 26 29 0.0724685 
157 220 14 18 0.07242295 
411 69 11 13 0.07218655 
228 267 14 16 0.0721781 
742 173 11 14 0.071993895 
137 129 12 16 0.071966656 
223 47 11 12 0.07193986 
86 213 14 17 0.071844205 
177 13 10 13 0.07144975 
642 171 13 15 0.0709095 
198 84 10 13 0.070515946 
895 397 28 35 0.070471145 
219 315 14 18 0.07020344 
802 75 13 17 0.069929294 
102 85 11 13 0.06984383 
640 76 12 15 0.06980686 
150 63 10 11 0.06975581 
181 149 15 18 0.06975224 
205 304 15 18 0.06972654 
325 414 16 19 0.069716014 
168 107 12 16 0.069610596 
120 62 10 12 0.06953591 
488 43 12 14 0.06946021 
73 313 16 18 0.069453895 
769 60 11 14 0.06923392 
867 438 22 28 0.06921036 
79 205 12 15 0.069107085 
567 58 11 13 0.06901764 
46 62 10 11 0.06896139 
265 30 10 11 0.068809025 
836 250 15 17 0.068759985 
832 227 16 19 0.0686288 
363 219 13 16 0.06842223 
224 53 11 13 0.068361714 
453 29 11 14 0.06835883 
600 368 23 26 0.06834762 
98 221 13 15 0.068317905 
118 21 9 11 0.068076864 
318 128 13 16 0.06801678 
441 93 12 15 0.067949764 
529 14 9 11 0.06783613 
698 264 16 20 0.06781598 
139 123 14 17 0.067785874 
719 13 10 12 0.06776019 
584 23 9 12 0.0677043 
308 91 14 16 0.06768709 
224 3 11 12 0.06752274 
287 249 14 18 0.06747872 
564 126 11 13 0.067378774 
341 149 13 16 0.06713759 
83 199 16 18 0.067050114 
271 55 10 11 0.06699331 
910 52 14 16 0.06693026 
445 67 11 14 0.06682458 
585 106 12 15 0.0666019 
68 220 12 16 0.066566475 
371 116 13 16 0.06655934 
773 144 12 14 0.0664998 
396 436 18 22 0.06631419 
820 12 14 16 0.0662858 
181 37 13 15 0.06628109 
131 324 15 18 0.06608023 
854 27 13 15 0.06603126 
820 155 13 14 0.06586036 
116 106 12 15 0.065773785 
507 222 16 20 0.06575334 
27 164 11 13 0.065659046 
146 218 14 17 0.065620475 
279 584 23 27 0.06559525 
555 95 12 14 0.06547153 
93 48 10 12 0.06542693 
931 71 13 16 0.06534341 
371 211 13 16 0.06511143 
668 157 11 14 0.06502993 
272 84 11 14 0.0649677 
183 87 11 14 0.064901926 
941 84 13 17 0.06462709 
327 55 10 12 0.06452835 
263 124 14 16 0.06446229 
718 179 12 16 0.064366244 
559 23 9 11 0.06407247 
349 78 11 13 0.06405412 
774 50 12 16 0.06394628 
312 99 12 15 0.06387648 
392 110 12 15 0.063852616 
914 212 13 15 0.06382124 
844 277 17 21 0.063804284 
199 165 14 16 0.06367888 
198 298 13 18 0.06341406 
475 148 13 17 0.06338559 
911 403 23 29 0.063270986 
275 141 12 14 0.063002326 
258 542 17 21 0.06290022 
510 113 13 17 0.06281172 
174 95 10 14 0.0626651 
350 188 13 16 0.06246638 
200 51 11 15 0.062449 
706 141 13 17 0.06238885 
331 35 11 14 0.062324744 
558 132 12 13 0.06208438 
205 390 16 21 0.062032484 
931 210 16 18 0.061967753 
822 360 21 29 0.061747182 
672 13 11 13 0.061641544 
437 170 13 15 0.06155785 
122 84 10 14 0.06155533 
612 7 10 12 0.061511215 
141 114 14 17 0.06148966 
94 177 14 17 0.061476976 
356 92 12 15 0.06121876 
158 211 14 17 0.06121696 
98 242 15 17 0.061193407 
291 99 12 14 0.061026778 
453 163 15 17 0.0610097 
143 292 13 15 0.060974963 
316 616 22 29 0.060953423 
326 37 11 12 0.060941257 
679 142 12 14 0.06092768 
875 400 25 33 0.060917668 
99 70 11 13 0.06091503 
192 180 13 17 0.060809687 
349 93 13 16 0.06069359 
744 64 12 14 0.060610212 
778 227 17 18 0.060517717 
837 78 12 14 0.060453508 
668 415 24 28 0.060440727 
189 334 17 22 0.060414292 
145 92 10 13 0.060304582 
796 420 26 33 0.06008046 
295 109 11 13 0.060049176 
308 363 19 22 0.059940744 
485 473 17 22 0.05979693 
779 259 20 26 0.059774913 
44 427 24 28 0.059739746 
520 52 11 12 0.05966842 
485 3 10 13 0.05954908 
691 179 12 14 0.05953627 
581 12 10 13 0.059494276 
453 83 13 17 0.05945149 
120 77 10 12 0.05941875 
567 22 9 11 0.059371315 
746 84 13 16 0.059336893 
660 29 11 13 0.059085112 
640 199 10 13 0.05904509 
651 51 12 16 0.05883566 
803 84 13 15 0.058746386 
630 60 10 13 0.058734704 
147 230 14 18 0.058682542 
773 173 13 16 0.058667757 
855 77 12 15 0.05833882 
808 92 11 14 0.05824239 
37 208 14 17 0.058196466 
212 55 11 13 0.05817471 
176 28 11 14 0.058117315 
921 280 17 23 0.057962466 
733 60 10 14 0.0579229 
451 4 11 13 0.057796404 
227 22 11 13 0.057770506 
204 95 13 15 0.057766978 
80 62 9 12 0.057716865 
129 354 17 22 0.057636686 
956 118 12 15 0.05753508 
452 183 15 18 0.057510577 
185 162 14 16 0.057458743 
239 77 12 14 0.05732849 
141 63 10 11 0.057258286 
68 203 13 16 0.057240136 
406 20 12 14 0.057151128 
815 422 23 26 0.057046413 
502 125 12 16 0.056955073 
479 92 13 16 0.056931514 
285 120 13 14 0.056889236 
818 164 14 16 0.056856938 
261 420 15 19 0.056838002 
445 37 10 13 0.056761727 
442 302 19 24 0.05676129 
607 220 14 18 0.056582287 
827 116 14 17 0.056539077 
342 126 12 15 0.056525465 
624 133 12 15 0.056522653 
525 318 14 19 0.05649982 
881 216 16 19 0.05647536 
293 141 13 15 0.056411352 
333 479 22 26 0.056280345 
600 170 13 17 0.056197155 
629 212 12 14 0.055966318 
531 158 13 16 0.05588752 
760 18 11 15 0.05584921 
421 172 11 13 0.055801056 
460 91 11 14 0.055541497 
222 34 12 15 0.05554111 
261 220 14 17 0.055539317 
948 276 16 18 0.055327635 
614 37 11 14 0.055164307 
83 150 13 15 0.05506138 
446 188 15 17 0.054977838 
76 178 11 14 0.054921325 
915 610 23 28 0.05478128 
304 125 11 13 0.054755032 
572 492 20 22 0.054734144 
313 68 10 14 0.05473225 
550 105 13 16 0.054682232 
721 228 13 17 0.054508194 
695 140 13 16 0.054441545 
589 211 13 17 0.054341584 
754 51 14 16 0.05425097 
357 138 12 15 0.054164983 
934 82 13 17 0.054102276 
159 309 20 25 0.054100607 
726 59 12 14 0.054059338 
346 19 13 16 0.05397118 
423 129 14 16 0.053955767 
666 101 12 14 0.0539473 
630 35 11 13 0.053906485 
707 60 11 13 0.053897906 
218 170 15 19 0.053831816 
982 129 13 16 0.053724 
390 256 16 20 0.053714845 
231 234 13 17 0.053603243 
363 185 14 16 0.05354784 
764 138 12 15 0.05339336 
93 155 13 16 0.05336851 
848 162 11 15 0.053367887 
310 141 11 13 0.05332366 
576 142 10 13 0.053126935 
405 261 19 24 0.052866355 
192 291 16 17 0.052725833 
519 93 11 14 0.05269007 
731 38 13 14 0.05267675 
37 156 14 16 0.052595817 
55 80 9 12 0.052592646 
477 639 26 31 0.052394845 
469 37 11 13 0.052259717 
320 37 10 12 0.05222115 
334 122 13 17 0.05210538 
805 170 14 16 0.052105326 
568 91 10 14 0.05203312 
511 63 11 13 0.05194822 
619 329 15 19 0.051850718 
564 109 13 15 0.05185038 
882 429 27 31 0.05178677 
494 14 11 13 0.05176164 
278 51 10 13 0.051747315 
323 93 12 15 0.051716395 
703 181 12 16 0.05170639 
725 5 12 14 0.05165761 
175 52 11 14 0.05159518 
523 141 12 15 0.051394153 
827 193 14 17 0.051375695 
6 410 22 30 0.05136254 
799 82 12 14 0.051351797 
805 189 13 15 0.051339272 
184 140 14 16 0.051257137 
782 74 12 15 0.05123351 
824 106 13 17 0.051226813 
937 233 16 19 0.05114585 
820 29 12 14 0.051143076 
750 155 14 16 0.051134974 
181 52 11 13 0.051115893 
201 59 12 15 0.0510625 
725 165 12 15 0.051017713 
560 34 10 14 0.051004183 
311 147 12 14 0.050978318 
566 1 9 9 0.05095583 
273 92 11 14 0.050932802 
748 12 11 14 0.05084811 
651 14 11 14 0.050847527 
770 124 14 17 0.05082895 
445 131 13 15 0.05077762 
88 64 9 11 0.050526634 
675 111 12 14 0.050512556 
819 35 13 16 0.050416037 
257 250 15 17 0.05029712 
526 67 12 14 0.05025457 
392 154 12 15 0.050124016 
575 340 21 25 0.05011762 
343 13 11 16 0.05010568 
579 268 16 21 0.050036483 
591 47 11 13 0.049945332 
151 141 12 14 0.049889896 
812 186 13 15 0.049867418 
211 313 16 20 0.04985902 
135 4 14 16 0.049856573 
377 291 16 19 0.049765155 
422 164 12 15 0.049750526 
813 91 11 14 0.049679536 
573 59 11 14 0.049526945 
645 198 11 14 0.049508963 
531 171 14 16 0.049429625 
156 77 11 14 0.049348027 
957 226 14 18 0.04933603 
832 90 11 14 0.049331937 
127 69 10 12 0.049290635 
116 260 14 19 0.04922483 
693 52 11 13 0.049162988 
652 20 11 12 0.04904805 
926 211 13 15 0.04899949 
125 46 9 11 0.048994984 
819 211 14 16 0.048980743 
724 235 13 18 0.04897049 
708 118 11 12 0.048961997 
672 121 12 16 0.04890522 
824 233 13 18 0.04869987 
277 550 16 21 0.048656523 
329 277 22 25 0.048574172 
469 13 11 13 0.048566274 
141 315 15 19 0.048556592 
414 166 11 14 0.048503373 
619 223 12 16 0.048414893 
549 197 14 17 0.048362397 
348 84 12 15 0.048336152 
582 28 11 14 0.048237585 
722 132 14 16 0.048232023 
301 270 15 19 0.048217304 
198 77 11 15 0.048178345 
818 173 16 18 0.0481703 
634 118 13 16 0.048146058 
426 139 14 16 0.048092727 
544 8 9 11 0.048065778 
242 134 13 16 0.048013344 
302 101 10 14 0.04798304 
548 148 12 16 0.04794897 
631 68 12 14 0.04787406 
245 44 11 13 0.047865834 
229 190 14 17 0.047864202 
228 140 14 16 0.047760416 
237 299 16 19 0.04772973 
425 118 12 16 0.047713894 
374 165 11 13 0.04770286 
184 417 20 25 0.047691498 
913 283 20 27 0.04766515 
630 10 10 13 0.047627427 
471 100 12 15 0.047382653 
269 61 11 13 0.047366068 
44 464 20 27 0.047360376 
108 85 10 13 0.04733939 
727 12 10 13 0.04730829 
270 47 10 10 0.047307584 
444 390 16 20 0.047292925 
477 203 15 17 0.04727753 
184 110 12 15 0.047200534 
202 178 16 19 0.047177795 
240 69 10 12 0.047176376 
231 46 10 12 0.047131725 
468 76 12 15 0.0470988 
596 205 12 15 0.04704888 
818 19 14 16 0.0469447 
659 268 14 20 0.04691625 
723 170 12 15 0.046908084 
576 148 12 15 0.04666137 
139 150 12 15 0.046642512 
383 232 15 19 0.04662076 
411 312 16 21 0.0466096 
168 2 11 14 0.046545707 
844 190 14 17 0.04650347 
891 241 15 19 0.046480153 
958 64 10 12 0.046453487 
638 68 12 15 0.046395905 
476 46 12 14 0.04636391 
677 175 13 15 0.046326205 
276 187 14 17 0.046301797 
93 86 12 14 0.046285972 
288 4 10 12 0.046269905 
43 293 17 20 0.04623848 
820 53 13 16 0.046176802 
886 124 13 16 0.046147466 
655 85 11 14 0.046088062 
932 284 23 30 0.046038188 
55 126 13 16 0.045993924 
179 248 14 18 0.0459646 
652 299 16 19 0.045754433 
20 72 9 12 0.04572629 
78 106 11 14 0.045707818 
653 148 12 15 0.04569174 
459 166 13 17 0.045515634 
701 26 13 15 0.045436163 
54 104 10 12 0.045403495 
333 157 11 14 0.045319945 
256 5 10 13 0.045298707 
260 62 13 14 0.04529546 
112 70 10 13 0.045286994 
551 19 11 13 0.0451607 
330 507 21 27 0.0451564 
857 493 23 30 0.045151945 
573 216 13 18 0.045148283 
138 260 15 19 0.04509758 
425 22 11 14 0.045081563 
440 3 12 15 0.0450526 
522 102 13 16 0.045012314 
326 60 14 17 0.04497879 
570 84 12 15 0.044960994 
265 273 15 18 0.0449114 
6 115 11 14 0.044878256 
14 274 14 18 0.044858884 
903 99 11 14 0.044773553 
655 202 13 16 0.0447045 
100 362 15 19 0.044601027 
734 124 12 15 0.04457891 
167 141 13 16 0.04456298 
128 183 13 16 0.044561546 
220 155 14 17 0.044381052 
278 0 9 11 0.04427551 
950 135 13 15 0.044256095 
846 27 12 16 0.04420298 
894 150 14 15 0.044047132 
266 76 13 16 0.044031616 
516 126 11 14 0.04400718 
931 157 16 20 0.04398901 
314 116 13 14 0.0439375 
13 86 10 12 0.04384352 
193 137 14 17 0.04369898 
157 203 14 17 0.043683082 
504 1 10 10 0.04362242 
176 45 10 13 0.043598093 
694 27 11 14 0.043571893 
13 93 10 14 0.04352997 
902 90 12 15 0.043503333 
494 125 10 13 0.043435194 
343 79 11 14 0.043425985 
604 100 11 13 0.043341335 
484 201 14 17 0.043313455 
686 347 23 26 0.043236714 
511 76 10 14 0.04322776 
822 204 13 16 0.04319355 
302 305 16 19 0.043149963 
518 170 12 16 0.043117274 
139 346 16 21 0.043114256 
167 50 11 14 0.04309553 
247 32 11 12 0.043092337 
815 85 11 14 0.043090135 
670 176 12 14 0.0430502 
493 53 9 13 0.043044798 
329 406 21 24 0.04300013 
464 3 10 13 0.04296359 
135 76 10 13 0.042929783 
889 260 16 18 0.04290037 
259 99 13 15 0.042869575 
862 454 23 28 0.04282019 
807 99 12 15 0.042811047 
807 140 10 13 0.042780057 
580 118 14 15 0.042778317 
384 242 12 15 0.042763483 
252 101 13 15 0.042747084 
444 242 13 17 0.042742964 
490 431 18 22 0.042718533 
371 172 12 14 0.042606585 
923 95 14 16 0.04259187 
317 149 12 15 0.042584088 
719 69 11 14 0.04246581 
977 96 15 18 0.04241136 
598 62 10 12 0.042351127 
54 180 11 15 0.0423433 
90 289 15 18 0.042326998 
286 139 13 16 0.04231797 
132 347 16 20 0.04216537 
90 138 14 16 0.04215344 
7 278 12 16 0.04214305 
168 180 14 18 0.042138048 
256 138 13 15 0.042135123 
400 67 12 14 0.042116534 
182 116 12 16 0.042114533 
612 492 24 29 0.04211007 
723 181 12 15 0.042105436 
742 12 12 13 0.04204866 
247 61 10 13 0.041955646 
28 194 12 15 0.04191076 
323 383 15 20 0.041884266 
260 0 10 10 0.041877884 
391 280 19 24 0.04165157 
123 576 15 19 0.041601434 
522 41 10 12 0.04155897 
818 148 13 15 0.041554432 
478 258 14 17 0.04153051 
603 141 12 14 0.041527227 
575 155 13 16 0.041514304 
725 188 13 16 0.041474808 
534 75 11 14 0.041457433 
880 171 13 16 0.041381102 
75 119 13 15 0.041353025 
955 131 12 16 0.041310422 
563 548 17 22 0.041249126 
67 211 12 15 0.0412264 
486 117 11 13 0.041226316 
70 92 9 12 0.04113968 
70 179 12 14 0.041109573 
117 15 9 12 0.041073427 
382 350 17 22 0.041047163 
941 272 16 19 0.04102382 
49 104 9 11 0.040989187 
216 36 11 14 0.040974487 
480 139 12 16 0.040971458 
110 114 14 17 0.040905446 
669 141 12 14 0.040834174 
245 78 10 14 0.040753696 
649 133 14 16 0.04073771 
442 201 15 19 0.040712465 
6 354 14 20 0.040712357 
372 74 12 14 0.040686622 
694 189 12 15 0.040638607 
111 160 15 17 0.040550277 
877 439 23 30 0.040547464 
718 235 13 17 0.04049845 
405 139 13 15 0.040423166 
94 302 16 19 0.040421166 
24 187 13 18 0.040403433 
277 454 24 28 0.040359076 
499 141 11 15 0.040339384 
1002 188 16 18 0.04025776 
877 65 14 17 0.040246647 
279 133 12 14 0.04017913 
612 123 12 14 0.04016582 
294 116 11 14 0.04016556 
858 506 25 30 0.040159818 
520 164 13 16 0.04007175 
119 45 11 12 0.040065546 
381 166 11 13 0.040050283 
126 202 13 16 0.0400139 
101 260 12 15 0.039996136 
468 212 13 17 0.039979953 
179 240 15 19 0.0399601 
597 213 12 14 0.039945867 
324 162 12 16 0.039932467 
29 88 11 13 0.03991141 
639 146 12 16 0.039901756 
229 15 10 12 0.039891027 
377 5 13 15 0.039873213 
443 291 14 18 0.03984996 
221 397 15 18 0.039800894 
980 305 38 52 0.03970651 
910 103 11 14 0.039679304 
702 111 12 14 0.039671183 
381 101 12 16 0.039622195 
88 55 9 10 0.039621525 
885 156 12 15 0.0396081 
478 164 13 17 0.03960185 
655 276 21 24 0.039495893 
484 495 16 21 0.03940908 
508 534 22 29 0.03940166 
256 13 9 13 0.03938601 
42 170 13 15 0.039363395 
670 133 12 15 0.039314993 
882 456 29 35 0.039302234 
649 503 27 31 0.03927825 
707 193 13 17 0.039263457 
955 140 11 15 0.03924787 
509 1 10 10 0.039226517 
781 84 12 14 0.039215337 
752 29 11 13 0.03914003 
469 140 13 15 0.039130483 
373 180 12 16 0.039117683 
183 97 12 16 0.039101854 
582 7 11 12 0.039081782 
622 231 18 22 0.03907901 
856 111 11 14 0.038990166 
637 5 10 11 0.038963284 
648 283 22 26 0.03895439 
517 278 15 19 0.038858764 
623 36 11 14 0.038799733 
822 316 15 19 0.038690843 
124 53 10 12 0.038644098 
536 140 11 14 0.03854875 
227 394 15 19 0.038483214 
493 286 16 19 0.038475648 
573 18 11 13 0.038431175 
517 130 13 16 0.03840763 
512 85 10 13 0.03836224 
503 213 15 18 0.038294233 
294 227 12 15 0.038288116 
261 5 11 13 0.03828558 
176 38 11 13 0.038237885 
447 30 11 13 0.038190972 
444 60 13 16 0.038183305 
908 225 15 18 0.038024854 
326 188 13 16 0.03796939 
535 31 9 12 0.037968066 
898 9 14 16 0.03792274 
315 245 16 19 0.037893437 
735 50 12 15 0.037844364 
274 115 13 16 0.037801247 
334 393 21 25 0.037766665 
259 170 11 14 0.037760463 
83 304 15 19 0.037757795 
664 13 8 12 0.0375846 
367 437 18 21 0.037551377 
198 376 14 19 0.037518855 
197 149 13 14 0.03751015 
323 172 12 15 0.03746185 
830 220 15 17 0.037442014 
398 20 11 14 0.03742201 
511 203 19 23 0.037363004 
191 173 14 16 0.037318982 
762 202 14 17 0.037307214 
587 244 15 18 0.037301596 
91 250 15 18 0.037299838 
780 26 13 16 0.037281126 
664 69 10 13 0.03728048 
517 180 13 16 0.037252788 
937 250 21 25 0.037215587 
759 556 32 37 0.03720804 
973 305 16 21 0.037192203 
165 451 14 19 0.0371677 
319 31 10 12 0.037141822 
435 129 13 16 0.037138663 
293 196 19 23 0.037071638 
583 540 22 29 0.037045006 
689 197 13 16 0.03701247 
103 140 11 15 0.037005674 
59 225 14 17 0.037004292 
462 62 11 14 0.03698521 
863 247 16 20 0.036893845 
88 512 22 27 0.03688693 
724 66 13 16 0.036868617 
390 164 12 15 0.036851935 
538 175 13 16 0.036850497 
60 124 13 15 0.036791075 
988 179 13 15 0.036769588 
964 63 10 11 0.036747247 
157 70 10 12 0.036676455 
587 263 15 19 0.036661822 
300 596 25 30 0.036500014 
187 145 14 17 0.03647629 
72 108 9 12 0.036419865 
783 123 11 15 0.036271673 
830 56 15 19 0.03625143 
470 82 11 15 0.03624992 
853 201 14 19 0.036234725 
574 69 10 13 0.036226183 
279 13 10 13 0.036217045 
253 31 11 12 0.036200143 
198 12 11 14 0.03619944 
749 75 12 15 0.036071196 
245 68 10 13 0.036035694 
101 148 10 14 0.036003124 
550 188 13 16 0.035983417 
582 84 12 15 0.03596864 
141 56 11 12 0.035961576 
938 208 16 19 0.035919745 
623 105 12 15 0.035858665 
823 122 13 16 0.035819262 
121 536 22 26 0.035774782 
848 451 24 29 0.035732824 
621 15 11 12 0.0356763 
876 85 12 15 0.035673756 
264 109 12 15 0.035642736 
630 221 12 15 0.035633102 
869 212 14 18 0.03562827 
666 148 13 15 0.035612963 
859 408 18 22 0.035532948 
842 207 15 18 0.035512522 
367 30 12 14 0.035502598 
94 149 12 15 0.035424754 
510 53 10 12 0.03537288 
588 228 14 16 0.035326872 
622 117 12 16 0.035274412 
309 77 11 13 0.035263933 
223 84 11 14 0.03523889 
935 90 12 16 0.035203904 
251 228 12 16 0.03518494 
75 282 15 17 0.03518329 
503 358 17 19 0.03513591 
352 139 11 15 0.035128858 
89 234 13 16 0.035091743 
869 59 15 17 0.03509118 
598 12 9 12 0.035081048 
261 317 13 16 0.035023656 
286 207 14 18 0.03501559 
72 53 10 11 0.035001338 
806 150 11 15 0.034992393 
685 117 12 15 0.034943163 
132 316 14 17 0.03489618 
748 172 13 16 0.03488925 
46 182 12 15 0.034882057 
740 49 13 15 0.03485045 
749 449 26 32 0.034844764 
127 260 13 19 0.034837395 
349 149 12 14 0.03476268 
727 22 11 14 0.03476185 
534 14 9 11 0.034741722 
101 204 12 15 0.034737553 
62 293 15 19 0.034717888 
270 165 14 16 0.03471367 
557 214 14 17 0.034668252 
901 267 15 20 0.034656398 
126 39 10 12 0.034652032 
439 36 11 14 0.034651265 
164 16 11 12 0.034633778 
769 86 12 15 0.034608755 
455 245 21 25 0.03459347 
406 440 18 22 0.03454964 
875 100 12 15 0.034480456 
920 460 23 29 0.034450855 
858 427 23 29 0.034435347 
278 206 12 14 0.03443208 
684 325 17 18 0.034419633 
100 212 12 15 0.034403585 
844 76 13 16 0.034376543 
97 462 18 21 0.03434482 
794 20 14 17 0.03434132 
887 248 15 19 0.034334272 
639 218 13 16 0.034294955 
337 212 14 17 0.03429177 
246 54 9 12 0.034286022 
76 45 11 13 0.034246854 
223 16 11 12 0.034220215 
976 64 10 12 0.03420047 
389 565 13 19 0.03419952 
358 69 11 14 0.034179196 
806 21 13 17 0.034089435 
540 196 15 17 0.03407989 
6 313 14 17 0.03406501 
215 16 10 12 0.034046747 
591 441 17 21 0.033975866 
789 317 21 26 0.033933755 
784 243 16 19 0.033913773 
372 18 15 18 0.0338845 
494 131 12 15 0.033828586 
450 12 10 13 0.033809144 
772 160 13 17 0.03377794 
432 107 14 16 0.03377542 
797 13 12 14 0.03376599 
548 115 12 15 0.033754528 
472 107 11 14 0.033752196 
18 244 14 18 0.03373701 
191 12 12 13 0.033735935 
301 258 14 17 0.033729374 
79 196 13 16 0.033706706 
209 298 16 20 0.033706225 
374 142 12 14 0.03367676 
916 604 17 22 0.0336578 
573 100 12 14 0.03362398 
849 266 16 19 0.033614457 
627 242 22 25 0.03360813 
136 54 10 12 0.033584166 
892 198 18 22 0.033579074 
628 87 12 14 0.03355557 
61 103 10 13 0.033550166 
464 54 10 12 0.033519443 
329 22 10 12 0.03351452 
735 211 19 23 0.03350744 
798 41 14 17 0.033449598 
405 1 12 15 0.033401117 
28 330 13 18 0.033360258 
237 237 15 18 0.033313937 
356 149 12 14 0.033303987 
756 58 12 16 0.03328588 
128 194 13 17 0.03328228 
766 53 12 16 0.033211205 
315 393 16 21 0.033202987 
261 282 15 18 0.03318104 
673 20 10 14 0.033174362 
356 18 12 16 0.033162285 
337 429 17 21 0.03314716 
573 271 15 20 0.033145815 
221 132 12 15 0.033139724 
920 414 24 31 0.03312925 
571 407 18 22 0.03307615 
431 186 12 16 0.03300355 
495 275 14 18 0.03299765 
808 180 13 15 0.032907385 
286 107 12 14 0.03290177 
344 6 10 13 0.03290109 
355 290 14 17 0.032899663 
830 149 11 14 0.032876324 
148 132 13 16 0.03286814 
290 396 17 21 0.032859117 
377 402 16 19 0.032839376 
140 10 13 16 0.032838803 
99 376 16 19 0.032819938 
553 70 10 12 0.03281691 
397 27 12 14 0.03278709 
469 203 13 17 0.03275554 
210 190 14 18 0.03272534 
25 279 16 18 0.03270785 
781 118 11 14 0.03264905 
263 231 14 18 0.032646243 
780 93 14 16 0.032640178 
127 150 12 15 0.032624897 
363 264 15 19 0.032613356 
147 123 12 15 0.032605097 
380 214 15 18 0.032574903 
708 54 11 13 0.032569684 
662 434 22 27 0.032559935 
268 377 16 20 0.032545246 
617 93 10 14 0.032539196 
229 206 15 19 0.03253697 
465 241 14 18 0.03251638 
899 118 13 17 0.03250303 
636 29 12 15 0.032482218 
890 209 16 17 0.03245338 
405 97 12 16 0.032450106 
708 264 15 20 0.032423567 
454 229 15 19 0.03237416 
267 69 12 15 0.032334995 
906 55 21 24 0.032331947 
722 125 14 15 0.03232437 
708 67 11 14 0.0322951 
73 139 14 16 0.032294963 
519 154 13 15 0.032283705 
949 218 12 15 0.032280844 
249 314 14 17 0.032263186 
331 102 14 16 0.032260768 
131 579 15 18 0.032233648 
505 172 14 18 0.032118198 
313 54 11 15 0.032103628 
553 253 15 18 0.032052625 
779 17 19 23 0.032051213 
124 349 16 19 0.03204958 
805 41 13 17 0.032024864 
294 238 13 16 0.03202441 
61 46 9 11 0.032010246 
291 253 16 20 0.031995557 
209 277 12 16 0.031989984 
308 350 22 26 0.03196681 
453 293 13 17 0.031959023 
105 396 18 22 0.031923156 
180 277 13 16 0.03189354 
684 78 13 15 0.031841885 
441 226 14 18 0.031831615 
79 93 9 13 0.031824965 
482 171 15 17 0.03181369 
440 17 11 15 0.031811986 
924 265 23 26 0.031811412 
372 197 14 16 0.031795997 
846 20 12 15 0.03177708 
548 85 12 13 0.03177387 
887 104 12 14 0.031771597 
448 180 13 16 0.031689245 
749 197 11 15 0.031683777 
170 377 16 19 0.03168222 
147 301 16 18 0.031652942 
391 121 13 18 0.031627484 
302 370 14 18 0.031612433 
193 432 16 21 0.031533435 
501 257 16 19 0.03152215 
1000 197 21 28 0.031503238 
476 195 15 18 0.031442434 
88 226 14 17 0.03142139 
287 156 14 18 0.03139851 
228 251 15 17 0.03138292 
676 218 13 18 0.03137819 
511 20 10 14 0.031361923 
718 141 14 17 0.031334255 
158 108 11 15 0.03132498 
668 409 19 22 0.031235818 
878 269 13 16 0.031205656 
287 53 9 12 0.031162646 
755 37 13 16 0.031141365 
876 156 14 17 0.031060703 
734 240 15 18 0.03105666 
773 233 16 19 0.031054128 
175 234 14 18 0.031015594 
227 363 16 20 0.030943131 
967 85 15 19 0.030919086 
537 256 15 18 0.03091571 
78 53 10 11 0.030860078 
590 84 11 14 0.030857012 
233 121 14 16 0.03085475 
624 2 10 11 0.030823233 
493 62 10 13 0.030808335 
222 147 14 17 0.030804347 
475 362 16 20 0.030785229 
621 69 11 14 0.030783614 
675 28 11 15 0.030765565 
168 193 13 17 0.030747673 
382 258 14 18 0.03074139 
369 12 11 15 0.030729977 
388 28 11 14 0.030718295 
977 232 16 19 0.030703688 
785 192 15 17 0.03067054 
590 164 11 14 0.030597957 
699 502 24 31 0.030564046 
608 110 11 12 0.030563127 
630 107 11 14 0.030557605 
863 154 12 16 0.03054738 
711 13 9 12 0.03052427 
180 314 18 23 0.030523013 
344 100 12 15 0.030515792 
926 49 13 19 0.030483406 
542 100 11 14 0.030468168 
471 44 12 15 0.030434722 
574 132 11 13 0.03042676 
874 278 21 26 0.030395752 
718 104 12 15 0.030368026 
903 171 11 14 0.030363943 
614 28 12 13 0.030338382 
176 86 10 12 0.03033111 
497 147 13 15 0.030331003 
853 94 12 14 0.03028496 
922 108 13 15 0.030243888 
300 67 12 13 0.030216731 
643 156 14 16 0.030191813 
747 203 13 17 0.030186214 
34 275 20 23 0.030168528 
535 86 11 14 0.030145729 
944 68 10 13 0.030131316 
469 342 17 21 0.030068869 
746 250 22 27 0.030024566 
997 224 24 32 0.029991528 
280 70 11 13 0.02998471 
6 394 14 20 0.02991675 
343 93 11 13 0.029800983 
972 197 14 17 0.0297811 
797 149 13 16 0.02976008 
229 157 15 19 0.02974601 
374 225 14 17 0.02972366 
14 324 21 25 0.029699983 
488 229 20 24 0.029684046 
790 85 11 13 0.029655179 
100 411 21 26 0.029652908 
523 92 13 15 0.029634984 
278 61 10 12 0.029630663 
155 272 14 18 0.029629346 
111 44 11 13 0.02959937 
171 174 16 18 0.0295972 
319 13 10 13 0.029518096 
180 290 16 19 0.029490575 
14 118 11 14 0.029479858 
786 266 21 26 0.02945746 
176 179 15 18 0.029434804 
87 30 8 10 0.02943038 
564 214 14 17 0.029430194 
608 30 10 12 0.029424995 
293 25 10 13 0.029420685 
805 134 11 13 0.02941136 
287 23 10 13 0.029402303 
600 390 19 22 0.029369483 
44 409 22 26 0.029343234 
446 173 11 15 0.029324379 
644 278 16 21 0.029322961 
388 55 11 14 0.02929955 
164 297 19 23 0.029293245 
430 93 10 14 0.029257774 
188 46 10 11 0.029221501 
204 253 12 16 0.029209524 
279 252 12 16 0.029193034 
285 227 13 16 0.029144453 
571 546 24 28 0.02913966 
301 458 16 21 0.029136745 
492 117 11 15 0.029109243 
101 31 9 11 0.02905876 
266 314 17 19 0.029053124 
93 370 16 19 0.029026987 
261 13 10 13 0.028992862 
153 28 11 13 0.02896142 
248 391 19 21 0.028947486 
511 28 11 13 0.028860314 
386 357 17 21 0.028858649 
143 299 13 16 0.028853185 
917 145 14 17 0.028841417 
550 28 11 13 0.028817177 
308 258 14 18 0.028805537 
101 46 10 12 0.028797548 
588 180 11 15 0.02878392 
654 171 12 15 0.02877314 
702 74 11 15 0.0287459 
42 543 18 25 0.028725976 
109 53 10 13 0.02856219 
351 70 11 13 0.028531952 
773 256 16 21 0.028493693 
139 586 23 26 0.028481137 
572 373 18 22 0.028475462 
224 101 11 14 0.028458502 
478 473 16 21 0.02845673 
193 274 15 17 0.028446147 
424 69 10 14 0.028371094 
198 93 11 14 0.02836673 
110 76 9 12 0.02835472 
670 47 11 13 0.028294215 
279 21 10 12 0.028272178 
735 172 12 15 0.028270341 
636 106 13 16 0.02823119 
726 114 12 15 0.02822599 
87 162 14 18 0.028210748 
505 184 14 17 0.028209236 
180 5 10 12 0.028171238 
639 158 12 16 0.02811342 
27 400 14 18 0.028099079 
406 187 13 16 0.028096922 
879 36 14 16 0.028091367 
475 408 16 19 0.028051741 
469 4 11 13 0.02805067 
356 315 14 19 0.028038133 
125 300 16 20 0.027975073 
641 421 17 20 0.027969837 
518 249 13 17 0.027939374 
470 420 22 28 0.027908763 
967 219 15 19 0.027907748 
533 45 10 12 0.02784969 
517 234 14 18 0.027833119 
8 314 21 25 0.027798472 
65 143 10 13 0.027791707 
867 187 14 17 0.027771467 
219 214 14 17 0.027752478 
641 55 9 12 0.02774515 
403 107 13 16 0.027717568 
10 92 8 12 0.027709993 
194 591 17 21 0.02769563 
91 329 15 19 0.027686087 
308 462 17 22 0.027682595 
53 156 11 14 0.027648797 
726 287 16 21 0.027623763 
524 356 14 17 0.027623411 
295 42 10 14 0.027610797 
577 391 23 28 0.02755165 
392 350 17 20 0.027542708 
101 124 13 15 0.027527677 
6 386 12 17 0.02749729 
287 568 19 22 0.02743689 
482 186 14 16 0.027391221 
72 428 21 26 0.02735779 
300 37 11 13 0.027350117 
841 125 12 16 0.027305799 
396 2 15 16 0.027261794 
912 138 13 17 0.027242389 
206 291 14 18 0.027239501 
163 35 13 14 0.027219616 
32 147 12 15 0.027200405 
514 146 11 14 0.027191361 
185 397 16 20 0.02716699 
244 371 16 19 0.027145121 
531 320 14 20 0.027141016 
128 14 11 14 0.027130952 
749 180 11 15 0.02712038 
925 58 12 16 0.027101073 
512 62 19 23 0.027079202 
53 164 11 13 0.027075682 
719 21 11 14 0.027075144 
311 175 14 17 0.027055956 
214 127 11 14 0.02703319 
212 143 13 17 0.027030034 
367 149 11 14 0.027008725 
61 384 15 20 0.026997063 
900 164 13 16 0.026991952 
654 216 16 21 0.026970332 
933 139 11 16 0.026964588 
13 453 22 28 0.026924828 
788 61 12 15 0.026908895 
747 221 12 16 0.026861202 
118 28 10 11 0.026854493 
758 77 11 14 0.026838016 
455 62 11 14 0.026809026 
413 14 10 13 0.026789943 
575 94 11 14 0.026783025 
632 75 11 13 0.026778005 
688 38 12 14 0.026775675 
661 171 13 15 0.026771134 
53 151 11 13 0.02676901 
245 0 10 10 0.026734266 
415 157 12 14 0.026732562 
589 37 10 14 0.026731772 
335 207 11 15 0.026712198 
646 179 11 14 0.026696231 
632 304 15 20 0.026695786 
177 214 12 16 0.026653627 
552 231 14 19 0.026627025 
937 220 16 19 0.026624558 
279 31 9 11 0.02658996 
554 324 18 22 0.026585829 
876 189 14 16 0.02656503 
609 161 18 23 0.026535884 
617 44 11 13 0.026485354 
502 35 18 21 0.026448999 
876 75 13 15 0.026437342 
301 349 16 20 0.026429543 
268 327 21 24 0.02642368 
810 253 22 25 0.026402034 
366 198 13 16 0.026389966 
790 35 11 15 0.026369292 
389 102 12 15 0.026346236 
293 78 11 14 0.026338667 
705 92 11 15 0.02628936 
436 284 15 18 0.026288774 
501 20 11 13 0.026280241 
106 275 14 17 0.026272897 
420 302 20 25 0.026271557 
8 166 9 12 0.026265664 
112 14 10 12 0.026259972 
560 1 10 10 0.026172118 
286 147 12 16 0.026171207 
78 389 16 21 0.026129104 
255 219 12 15 0.026117375 
244 579 18 22 0.026109857 
629 23 10 12 0.02609771 
806 12 12 15 0.026095713 
301 44 11 14 0.026056202 
49 276 15 19 0.026050257 
952 123 12 15 0.026023887 
220 187 13 16 0.025987944 
471 377 20 25 0.025978122 
464 34 11 14 0.02597315 
482 423 21 27 0.025952414 
99 505 16 21 0.025939364 
954 286 23 30 0.025913665 
382 55 12 15 0.025909577 
108 266 15 18 0.025894403 
5 157 11 14 0.025888434 
133 201 14 17 0.025880178 
861 302 17 20 0.025854673 
742 131 13 16 0.025821062 
360 234 19 24 0.025808394 
405 147 11 14 0.025774749 
716 186 13 16 0.025756644 
317 191 14 18 0.025744792 
332 44 11 13 0.025739852 
748 188 12 15 0.025704779 
627 46 13 15 0.025691219 
691 222 15 19 0.025688007 
884 17 14 15 0.025677124 
836 189 14 17 0.025657743 
139 19 11 14 0.02563768 
27 231 14 18 0.02561199 
911 67 11 14 0.025596814 
224 93 11 13 0.025578933 
539 314 14 19 0.025556201 
335 163 11 14 0.025550583 
521 188 15 18 0.025549943 
590 22 10 12 0.02550168 
452 109 13 16 0.025500655 
220 179 13 17 0.025471432 
862 42 13 16 0.025458949 
20 316 16 19 0.025439814 
155 261 14 17 0.025428621 
724 42 13 16 0.025427947 
407 77 12 14 0.025387576 
26 112 12 13 0.025338046 
151 300 21 24 0.025299957 
954 233 16 18 0.0252893 
960 184 15 19 0.025274146 
516 223 15 19 0.025265776 
709 211 13 16 0.025198203 
204 123 13 16 0.025170745 
709 45 11 14 0.025169082 
31 203 12 15 0.025145462 
884 267 14 17 0.025125287 
101 282 12 16 0.025123717 
332 22 12 14 0.025119472 
847 170 12 16 0.025092887 
117 250 13 18 0.02508603 
545 346 22 27 0.025072088 
175 294 13 16 0.025047882 
733 165 12 15 0.025033424 
8 225 12 18 0.025030525 
19 149 13 15 0.025030274 
245 180 13 16 0.024997927 
100 155 11 15 0.024995824 
473 185 13 17 0.024980402 
779 141 12 15 0.024976466 
558 45 11 14 0.024975682 
221 140 14 16 0.024970153 
541 536 16 21 0.024964062 
452 130 13 16 0.024952168 
11 192 13 17 0.024933843 
358 124 13 16 0.024933008 
821 82 13 15 0.024851097 
46 69 10 12 0.024848947 
852 157 11 14 0.024825977 
170 563 16 20 0.02482197 
502 99 10 14 0.024808196 
216 259 12 16 0.024778266 
400 505 24 30 0.024764754 
820 497 24 28 0.02472499 
36 180 12 15 0.024723679 
866 269 22 24 0.0247158 
404 214 14 16 0.02470691 
59 552 26 28 0.024706522 
629 187 12 15 0.024651188 
254 298 13 18 0.024633506 
469 94 12 14 0.024632016 
331 54 13 15 0.024631493 
516 28 11 12 0.024624264 
442 332 21 24 0.02460811 
885 235 14 20 0.024596665 
154 92 12 14 0.024593113 
412 509 24 30 0.024585504 
643 289 16 19 0.024585446 
495 268 13 16 0.02457239 
732 111 13 17 0.024568608 
105 458 16 19 0.02456198 
852 122 14 17 0.02456173 
259 290 14 17 0.024556978 
1001 148 15 19 0.02453768 
471 217 13 17 0.024523158 
697 340 15 19 0.024514798 
583 231 13 15 0.024507467 
148 410 16 18 0.02446851 
70 154 13 15 0.02446451 
645 304 16 20 0.024457175 
882 41 15 17 0.024456529 
106 385 17 19 0.024446985 
963 69 12 13 0.024440724 
613 0 10 11 0.024435854 
156 99 12 16 0.024432294 
300 228 12 16 0.024398783 
365 86 11 13 0.024390424 
415 458 17 20 0.024382077 
14 235 13 16 0.024375983 
843 316 19 23 0.02437096 
526 116 12 14 0.024364555 
478 21 10 13 0.024363946 
710 156 12 15 0.024357377 
278 211 13 17 0.024337158 
588 156 12 14 0.024311237 
922 41 14 19 0.024301942 
285 188 12 16 0.02430089 
436 113 12 16 0.02428831 
92 406 18 22 0.02428831 
933 351 26 29 0.024264466 
686 188 11 14 0.024255224 
108 242 13 17 0.024237934 
438 395 14 18 0.02423522 
829 211 13 16 0.024185196 
453 367 14 18 0.024179589 
479 1 11 10 0.024172267 
509 159 10 13 0.024151323 
842 56 15 20 0.024129272 
841 236 19 22 0.024105642 
378 309 20 24 0.024102075 
444 16 13 16 0.024099074 
312 46 10 13 0.024098413 
788 68 13 16 0.024074202 
60 180 13 15 0.024073891 
893 141 12 15 0.024045013 
506 293 14 19 0.024027845 
948 94 14 17 0.024027051 
171 498 17 22 0.024014635 
973 165 14 17 0.023986578 
894 297 15 21 0.023983998 
649 443 23 29 0.02397338 
102 35 10 13 0.02397098 
228 132 14 16 0.023966916 
863 317 21 27 0.023937307 
720 27 11 15 0.02393554 
806 271 15 20 0.023924638 
381 200 13 17 0.023902232 
889 331 25 29 0.023891438 
438 30 11 14 0.023881486 
118 202 12 17 0.023858404 
501 425 22 29 0.02385207 
391 130 12 14 0.023843296 
707 407 21 27 0.023826087 
177 21 11 14 0.023777356 
789 464 24 30 0.023760267 
563 187 13 17 0.02373302 
199 20 11 13 0.023687493 
499 366 17 22 0.023685545 
799 188 12 16 0.023680065 
494 5 10 13 0.023671776 
669 37 11 13 0.023664923 
932 57 13 16 0.023659693 
813 385 24 28 0.023649884 
96 31 9 10 0.023649713 
177 346 14 18 0.023615584 
789 219 13 18 0.023599163 
331 384 15 19 0.02357821 
45 222 12 15 0.023555934 
496 1 9 10 0.023555713 
46 56 10 11 0.023553608 
508 266 15 18 0.023524059 
555 202 14 17 0.023511572 
286 216 14 19 0.023508534 
842 252 16 18 0.023454402 
274 230 15 19 0.023453772 
193 343 15 19 0.02344091 
844 35 12 14 0.023415102 
647 8 10 12 0.02341359 
608 19 10 12 0.023378173 
660 182 12 14 0.02335126 
429 171 12 14 0.02334504 
318 88 12 15 0.02334084 
749 21 12 15 0.023331046 
765 75 12 15 0.023325065 
769 28 13 16 0.023316951 
143 162 13 17 0.023316115 
715 291 17 21 0.023313582 
85 109 11 14 0.023294615 
379 23 14 17 0.023287287 
337 331 15 20 0.023283288 
162 225 14 18 0.023253325 
377 187 12 16 0.023235187 
212 249 14 17 0.023228562 
677 132 12 15 0.023213742 
235 332 15 18 0.02319799 
255 272 14 18 0.02319326 
719 58 11 14 0.023189848 
723 221 13 16 0.023185318 
468 401 16 21 0.023172919 
739 38 14 16 0.023165355 
454 220 12 16 0.023123836 
358 38 10 13 0.023122834 
828 203 13 17 0.023098273 
469 172 14 17 0.023092212 
165 126 17 19 0.023091072 
828 11 14 16 0.0230654 
910 112 14 17 0.023052467 
253 400 15 19 0.023052197 
708 26 13 16 0.023039894 
15 123 12 15 0.023037937 
702 269 21 25 0.02303639 
691 270 17 21 0.02300956 
375 2 11 12 0.023006259 
872 194 13 17 0.0230039 
231 313 15 19 0.022987844 
560 83 12 14 0.022973694 
549 76 10 13 0.02294994 
481 408 21 26 0.022934483 
107 236 13 14 0.022929734 
127 252 12 15 0.022920515 
814 77 11 14 0.022918852 
213 156 12 15 0.022911077 
360 59 11 14 0.022891222 
479 37 10 13 0.02288164 
575 31 11 12 0.022873333 
708 237 15 18 0.022861427 
582 55 11 12 0.022851937 
385 379 14 18 0.02284987 
414 492 24 28 0.022841247 
511 324 21 23 0.022836957 
659 542 31 34 0.022807773 
645 126 11 14 0.022794997 
86 86 10 14 0.02278814 
229 398 21 25 0.022787912 
260 448 17 21 0.022773648 
862 80 13 16 0.02277082 
481 329 17 21 0.022770444 
186 73 19 21 0.022751188 
831 142 10 13 0.022738075 
740 241 20 25 0.022735098 
550 181 12 15 0.022724258 
964 120 15 17 0.022678794 
335 14 11 13 0.02265127 
74 487 16 22 0.022648387 
180 450 15 20 0.022636991 
481 29 10 13 0.02261612 
835 66 14 18 0.022582749 
470 1 10 10 0.022580897 
774 74 12 16 0.022557072 
324 14 11 13 0.022555 
637 178 12 16 0.022519475 
345 358 16 21 0.022507347 
364 91 12 15 0.02249675 
468 363 16 22 0.022494543 
823 327 20 25 0.022483595 
417 228 14 18 0.02248045 
718 433 23 31 0.022469841 
244 94 11 14 0.02245507 
717 203 13 16 0.02243619 
404 273 16 20 0.022413583 
385 496 22 27 0.022384219 
700 100 12 15 0.022376865 
91 376 15 20 0.0223104 
797 247 21 26 0.022308806 
412 140 12 16 0.02230306 
895 67 19 23 0.022296224 
853 51 13 16 0.02229588 
114 20 9 11 0.022289356 
87 39 9 10 0.022280026 
8 213 13 18 0.022279922 
4 473 14 20 0.022252625 
126 315 13 17 0.022241633 
148 10 11 13 0.022239678 
50 85 10 12 0.022235021 
477 456 17 20 0.022195647 
645 332 24 29 0.022150232 
777 147 14 18 0.022140494 
598 22 9 12 0.022138638 
275 479 18 20 0.02212771 
653 6 11 12 0.022111114 
397 521 22 30 0.022107882 
789 76 12 14 0.022106774 
687 27 12 15 0.022101292 
30 157 11 15 0.022098519 
366 101 12 15 0.022086054 
539 59 11 14 0.022078512 
536 148 12 14 0.022066224 
182 556 24 29 0.02206568 
975 187 13 16 0.022053787 
709 204 13 16 0.02204219 
125 19 11 14 0.022033129 
270 22 10 13 0.022020705 
853 308 15 18 0.021997698 
399 54 13 16 0.021992274 
277 287 14 18 0.021986028 
633 384 21 28 0.021981644 
806 293 17 21 0.021971667 
654 249 15 19 0.021964798 
233 269 15 17 0.021964064 
51 186 13 15 0.021940744 
322 365 15 20 0.021936573 
198 30 10 12 0.02193369 
731 19 13 16 0.021915335 
498 195 14 18 0.021915227 
205 320 14 19 0.02188169 
118 347 14 18 0.0218524 
155 63 12 13 0.021833237 
625 271 16 19 0.021824941 
311 5 10 13 0.021798857 
862 133 12 15 0.021787798 
576 35 12 14 0.02177807 
532 214 16 20 0.021774584 
891 304 16 22 0.021758648 
170 455 20 25 0.021725252 
688 19 10 13 0.02172201 
820 92 12 15 0.021721214 
908 256 15 20 0.02168302 
866 66 17 19 0.021653358 
723 94 12 15 0.021646585 
455 210 12 17 0.021641219 
246 121 13 16 0.021618081 
113 539 21 27 0.021615263 
389 385 15 18 0.02161013 
716 509 25 31 0.021594448 
22 99 10 12 0.021593561 
723 75 13 16 0.021548945 
728 208 14 18 0.021524256 
159 116 10 14 0.021513699 
781 106 13 17 0.021511815 
845 99 13 16 0.021485267 
187 297 14 19 0.021483604 
799 205 13 17 0.021475041 
284 257 15 19 0.021473203 
435 179 14 17 0.021472545 
637 290 13 18 0.021456238 
709 440 23 30 0.021444764 
548 139 12 17 0.021427838 
858 192 15 19 0.021418242 
150 540 13 17 0.021416571 
583 504 18 21 0.021401212 
946 422 25 28 0.021394186 
483 398 21 24 0.021380931 
372 60 12 15 0.021362398 
261 22 11 13 0.021358728 
934 98 11 15 0.021338245 
230 242 14 18 0.021316389 
253 410 16 20 0.021299118 
942 282 18 24 0.021286419 
556 285 21 24 0.02125659 
671 82 12 15 0.021224745 
451 22 12 14 0.021217624 
36 188 13 16 0.021216812 
402 116 13 16 0.02121521 
860 165 13 16 0.021207476 
691 364 18 20 0.021192418 
189 53 11 13 0.021173581 
208 106 14 16 0.02117175 
284 462 22 26 0.021168951 
484 239 15 19 0.02115117 
518 5 10 11 0.021146515 
512 14 9 12 0.021139909 
143 307 15 19 0.021133466 
459 361 15 20 0.021114515 
218 278 13 16 0.021105856 
261 156 12 15 0.021100877 
837 174 11 14 0.021092836 
942 98 13 16 0.021064637 
848 309 24 30 0.021062916 
493 241 15 20 0.021039411 
109 292 14 18 0.021034695 
748 282 19 25 0.021034546 
662 22 10 13 0.020991357 
369 330 22 25 0.020983117 
829 247 15 19 0.020974394 
330 527 18 22 0.02097395 
602 296 16 21 0.020952376 
304 22 9 12 0.02094494 
689 430 23 29 0.020934485 
293 4 11 13 0.020923957 
404 157 12 15 0.020922855 
878 133 13 16 0.020920606 
769 443 25 30 0.020917198 
349 59 12 15 0.0208489 
618 316 20 26 0.02084613 
613 135 10 12 0.020844355 
464 46 10 12 0.020788565 
235 188 12 16 0.020782791 
938 160 16 19 0.020774541 
696 1 12 12 0.020707762 
266 544 16 20 0.02069846 
487 13 10 13 0.020661296 
650 261 16 19 0.020660004 
273 0 10 11 0.02065462 
647 30 9 12 0.02064042 
-1 395 21 33 0.020603156 
732 67 12 15 0.020600574 
391 13 12 15 0.020588845 
183 131 13 16 0.020575326 
465 387 20 27 0.020572407 
98 194 12 16 0.020568956 
717 196 13 15 0.02056191 
958 386 16 20 0.020561183 
195 317 14 19 0.020540603 
836 18 15 18 0.020532819 
326 441 22 27 0.020526629 
589 124 11 14 0.02050463 
32 347 17 22 0.020494593 
636 187 12 14 0.020492997 
215 44 11 13 0.020473039 
217 468 22 27 0.020436719 
654 101 12 14 0.020418279 
804 125 11 13 0.020407876 
29 215 15 18 0.020396227 
221 124 13 15 0.02037972 
111 92 9 12 0.02037208 
867 31 12 14 0.020367935 
781 202 13 16 0.020363215 
226 354 16 19 0.020302303 
13 109 11 13 0.020292839 
637 35 12 15 0.020277003 
517 385 24 29 0.020239033 
51 402 15 19 0.020237997 
590 296 22 25 0.020225842 
588 171 11 16 0.020222034 
716 119 13 15 0.020212663 
863 93 10 13 0.020210974 
983 152 15 19 0.020204099 
708 292 16 21 0.020147683 
861 70 15 17 0.020117054 
348 312 15 19 0.020086316 
644 379 22 27 0.020080522 
987 90 12 18 0.020078087 
677 270 20 25 0.020067157 
731 154 12 15 0.020059919 
524 638 22 30 0.020059004 
382 56 18 23 0.020027356 
