2_Demonstration_Protesters_2_561
659
200 81 19 23 0.99178165 
26 378 17 22 0.9889649 
300 337 16 21 0.9861893 
746 233 17 22 0.98562974 
725 411 15 18 0.98540384 
339 447 16 20 0.984329 
500 322 18 22 0.9821805 
642 219 18 24 0.9779459 
400 130 18 21 0.97794366 
234 292 18 22 0.97583234 
160 423 17 22 0.9745944 
138 312 19 23 0.97393936 
131 216 17 18 0.9723829 
642 378 18 22 0.97052145 
754 442 16 21 0.9700271 
40 411 17 21 0.96768266 
533 130 18 23 0.9659403 
104 430 17 22 0.9635695 
104 384 18 23 0.9619179 
176 394 19 22 0.961815 
261 237 15 18 0.95880413 
667 499 18 20 0.9587501 
791 457 18 23 0.95793337 
444 461 19 22 0.95661646 
185 358 19 23 0.9555097 
813 262 17 20 0.95372766 
489 135 18 22 0.9493936 
462 377 16 21 0.948667 
710 237 18 21 0.9486505 
394 254 16 24 0.9438779 
445 139 16 20 0.9409035 
940 504 19 23 0.9376996 
178 308 17 21 0.93466634 
495 483 20 22 0.93434954 
774 225 18 21 0.9338918 
858 315 17 21 0.92768013 
553 139 18 23 0.92705464 
380 402 16 22 0.92684805 
782 411 16 23 0.92179406 
646 471 18 23 0.9183335 
286 91 17 22 0.9174638 
576 414 19 24 0.910051 
862 496 20 24 0.9096509 
544 493 18 21 0.90376925 
888 190 17 24 0.8978128 
257 387 16 23 0.89335567 
825 427 15 20 0.8732911 
953 653 16 23 0.87327033 
290 439 16 19 0.8700622 
546 304 17 21 0.8696001 
718 468 19 21 0.8679936 
866 607 15 21 0.862789 
604 498 16 19 0.860988 
440 287 18 22 0.86086655 
76 267 15 19 0.8358492 
17 259 15 23 0.8264501 
92 317 21 25 0.8217631 
872 642 18 23 0.816476 
738 514 20 24 0.79491365 
682 428 19 23 0.7878867 
28 301 12 16 0.7742378 
735 369 14 17 0.7698721 
624 440 18 23 0.76074 
287 318 16 21 0.7520462 
993 460 17 21 0.7329234 
805 494 16 20 0.7266143 
647 423 17 22 0.7075661 
21 325 15 19 0.70525455 
837 450 14 22 0.70357955 
479 302 15 19 0.699901 
114 200 13 19 0.69613373 
421 368 16 21 0.69417274 
307 407 15 19 0.6802273 
582 384 21 25 0.61416954 
433 436 16 20 0.6123496 
320 88 18 21 0.60372347 
95 223 14 19 0.57983375 
901 519 18 21 0.5725873 
852 416 15 17 0.5491899 
766 577 17 24 0.54359406 
0 336 11 20 0.5248108 
851 532 20 23 0.5107971 
205 228 12 14 0.49485305 
767 390 15 19 0.49248263 
584 459 19 21 0.48862675 
935 626 14 18 0.47576952 
832 396 18 21 0.46501896 
524 486 10 13 0.42394084 
955 538 15 18 0.4228121 
819 403 15 17 0.41668493 
19 334 16 22 0.41647708 
898 666 16 21 0.4160199 
238 371 15 19 0.40906 
217 261 15 18 0.3944461 
801 332 15 19 0.3870491 
227 343 15 21 0.3781369 
59 312 13 17 0.3561912 
106 295 17 21 0.35417318 
395 330 17 21 0.3505435 
313 310 17 20 0.3441568 
212 444 14 17 0.33668348 
768 525 20 22 0.32876107 
520 348 18 22 0.32577482 
118 360 17 20 0.30499864 
220 128 15 20 0.29511485 
173 220 12 15 0.2913197 
278 267 12 14 0.29079473 
925 483 17 22 0.27306294 
218 329 14 18 0.27269572 
930 236 17 22 0.26209316 
1013 474 11 16 0.2617981 
953 484 16 21 0.2613946 
775 335 13 19 0.25619057 
250 324 17 19 0.2555005 
878 473 12 15 0.23353624 
213 380 17 25 0.23277229 
141 276 17 21 0.23094067 
374 261 11 15 0.22408485 
284 398 14 19 0.22384596 
339 108 15 18 0.22288167 
702 421 13 17 0.22132266 
781 249 17 22 0.22045706 
528 560 17 18 0.21908487 
797 610 16 19 0.21880831 
53 383 15 21 0.2182858 
813 410 12 18 0.20397267 
611 457 14 18 0.20201115 
956 550 15 20 0.2015711 
672 475 16 19 0.19758877 
463 549 12 18 0.18468635 
428 367 18 25 0.18405896 
171 242 14 17 0.18140537 
402 334 18 21 0.1768185 
244 243 12 14 0.17221361 
166 276 14 18 0.17097464 
498 361 17 20 0.17040049 
45 316 13 18 0.1667409 
968 63 10 12 0.16021682 
686 457 14 19 0.15964925 
54 315 13 17 0.1584249 
915 476 22 28 0.15822995 
331 90 14 18 0.15514663 
469 555 11 16 0.15451355 
36 360 15 19 0.14932524 
856 525 17 18 0.14746913 
13 388 13 16 0.14197008 
72 213 12 14 0.1398642 
615 422 14 17 0.1387679 
16 253 12 18 0.13858058 
323 384 14 19 0.13208672 
762 544 16 19 0.12781596 
911 474 14 22 0.1277541 
696 314 19 20 0.12111097 
301 262 13 16 0.11978528 
357 133 14 21 0.1192377 
992 490 12 16 0.11732592 
915 392 8 11 0.11490932 
756 410 15 17 0.11357647 
761 470 18 23 0.112772554 
179 326 16 19 0.11010256 
858 361 15 19 0.10985857 
750 409 13 17 0.10910499 
101 293 16 19 0.10842616 
247 262 12 14 0.10806286 
263 276 13 16 0.103924274 
384 281 12 17 0.099594876 
1011 76 11 17 0.09832709 
124 370 14 19 0.09797333 
349 306 14 19 0.09797067 
503 353 20 24 0.09743144 
294 259 12 15 0.096133366 
442 522 14 16 0.09610671 
847 411 15 20 0.09305372 
855 355 13 19 0.09295879 
407 301 16 19 0.09285911 
714 546 14 19 0.09243577 
830 571 14 19 0.09040386 
459 171 14 17 0.08879513 
439 226 15 20 0.08829825 
853 481 15 22 0.08763885 
37 220 13 15 0.085357405 
148 234 15 18 0.08507167 
140 324 17 22 0.084462315 
76 217 13 15 0.0836549 
166 246 15 19 0.08144666 
333 319 16 22 0.08119358 
73 262 12 16 0.07907281 
132 207 16 20 0.078755856 
265 284 14 18 0.07703519 
829 646 11 13 0.076357245 
367 284 10 14 0.076219715 
183 444 15 18 0.07307073 
765 533 20 25 0.0718501 
628 467 15 20 0.0715566 
460 403 15 20 0.07080156 
1005 506 15 21 0.07028572 
529 436 15 18 0.07025581 
270 269 13 15 0.07000372 
205 246 11 14 0.06949363 
576 398 24 30 0.06845577 
866 599 16 20 0.06806005 
916 607 9 11 0.0677522 
442 370 12 20 0.06723463 
1 246 9 12 0.06680612 
82 449 15 19 0.0662929 
80 234 12 14 0.066194504 
1011 66 11 18 0.065865174 
309 268 9 11 0.06577209 
939 479 14 20 0.06552898 
646 444 14 18 0.065528415 
931 477 15 22 0.06534343 
342 301 13 18 0.06504412 
291 328 18 23 0.062895276 
895 264 12 14 0.06274966 
819 457 16 21 0.06195926 
29 221 12 14 0.061682925 
817 338 14 17 0.061623026 
227 460 16 18 0.061536446 
404 324 13 18 0.061415687 
966 70 52 69 0.061265722 
15 247 11 14 0.061175004 
635 465 18 24 0.06073381 
130 376 14 19 0.060650032 
387 274 15 21 0.059921578 
50 320 14 18 0.05954327 
801 607 22 26 0.059341144 
634 457 14 19 0.05933934 
880 259 12 16 0.059225824 
848 456 15 18 0.05888777 
646 412 22 27 0.0577216 
469 283 14 19 0.05739059 
147 274 21 24 0.057270475 
411 337 13 17 0.057030074 
743 457 14 20 0.056847822 
956 647 14 19 0.05673717 
830 452 18 25 0.056527562 
93 309 17 19 0.05636289 
623 469 13 19 0.05634555 
858 424 14 16 0.05630589 
1006 500 13 17 0.056135662 
816 398 13 15 0.056100838 
610 494 15 20 0.055867236 
763 420 16 18 0.05457017 
500 285 11 14 0.054410733 
290 311 15 19 0.054235674 
791 297 13 16 0.05395148 
238 221 10 12 0.05385181 
253 299 14 18 0.05314472 
222 336 15 21 0.052705947 
71 329 14 19 0.052599892 
209 373 15 19 0.052583426 
280 90 16 20 0.05237108 
904 327 10 13 0.052235566 
126 232 14 18 0.052111357 
117 258 13 18 0.05206053 
356 322 15 20 0.052055128 
905 658 17 20 0.052051198 
796 324 17 23 0.051762443 
44 219 11 13 0.05171195 
246 223 10 12 0.0515353 
310 292 12 17 0.05149867 
233 221 9 11 0.05147917 
913 395 10 14 0.051385056 
6 382 21 27 0.051350642 
200 213 10 12 0.051254705 
727 521 13 17 0.05098375 
841 403 15 18 0.050820444 
100 213 14 18 0.050655924 
702 414 13 16 0.050581202 
85 212 13 17 0.050449215 
772 383 14 17 0.05044784 
68 409 15 21 0.05026408 
146 267 17 20 0.049708087 
285 261 11 14 0.04902982 
140 260 14 16 0.04896039 
36 308 12 17 0.048737295 
501 277 9 12 0.048591252 
86 227 14 17 0.048551627 
972 81 14 16 0.048492465 
539 449 16 19 0.048233088 
831 363 13 17 0.047940146 
634 448 14 19 0.047923017 
35 479 15 18 0.047492977 
318 94 14 21 0.047291826 
246 228 11 13 0.047252223 
856 556 17 21 0.047106683 
284 246 9 11 0.047066905 
207 436 15 18 0.046867765 
333 300 14 19 0.046810787 
936 609 10 12 0.046767864 
13 308 10 13 0.04674182 
241 238 10 13 0.04652696 
721 307 14 17 0.046181295 
47 243 14 17 0.04604121 
117 192 14 16 0.045976944 
502 351 11 16 0.045852028 
166 238 14 19 0.04524778 
338 313 17 24 0.04515314 
0 311 7 13 0.04514222 
326 258 11 15 0.04505349 
181 215 9 13 0.04490609 
198 234 13 16 0.04456966 
250 266 13 15 0.044479094 
737 377 15 18 0.044387583 
411 393 16 21 0.044244327 
216 434 17 20 0.044101696 
539 552 23 25 0.043712035 
437 406 11 14 0.043540448 
574 448 12 18 0.043515753 
4 454 17 26 0.042941272 
82 469 12 15 0.042915933 
30 362 15 19 0.04277252 
808 259 16 20 0.042486545 
680 283 11 15 0.042351622 
201 222 11 15 0.042311296 
94 301 15 18 0.042277124 
520 480 18 23 0.04224683 
1002 466 14 18 0.042230133 
85 484 12 17 0.042195566 
258 468 14 19 0.042163853 
391 326 14 18 0.042161614 
622 492 11 17 0.04207173 
124 197 12 15 0.041995488 
82 475 13 17 0.0418545 
77 208 10 13 0.041830234 
549 559 16 19 0.04171799 
813 332 12 18 0.04168062 
752 449 21 27 0.0416533 
545 133 19 23 0.041599594 
463 259 13 17 0.04154279 
912 610 11 14 0.04153319 
833 577 14 19 0.0413674 
735 384 14 18 0.041338284 
579 443 15 18 0.041163918 
866 524 14 18 0.04098583 
1008 58 14 20 0.0409256 
259 410 15 21 0.04018528 
531 471 15 18 0.03994139 
107 323 14 18 0.039877374 
221 349 15 21 0.039755575 
230 238 10 13 0.039743163 
894 600 14 17 0.039253213 
947 491 20 25 0.039138876 
2 372 13 16 0.039135434 
323 306 15 20 0.03910162 
45 379 13 20 0.039078943 
205 214 9 12 0.039043352 
100 284 16 18 0.038904104 
232 372 13 18 0.03875025 
1011 605 11 16 0.0386485 
309 385 17 20 0.038555812 
339 87 11 15 0.03848244 
716 319 16 19 0.038364436 
306 394 19 22 0.03809043 
774 417 15 18 0.037837688 
940 483 20 27 0.037651468 
758 478 15 21 0.037235294 
143 282 21 25 0.037218027 
199 245 12 15 0.03720763 
581 451 16 20 0.036856912 
158 305 14 20 0.036803003 
913 658 15 18 0.0367421 
414 373 16 22 0.0366435 
183 497 13 14 0.03652366 
598 493 17 20 0.036382318 
924 466 17 20 0.036224045 
835 380 14 16 0.03608688 
339 325 15 21 0.035941787 
164 445 14 20 0.035867766 
866 363 14 18 0.035820767 
558 359 11 14 0.0358135 
286 254 10 13 0.03559749 
317 377 15 22 0.035183072 
69 395 14 18 0.035147816 
311 526 9 11 0.03502316 
907 330 12 14 0.034955427 
114 329 14 20 0.034942202 
64 339 20 28 0.03493155 
939 621 14 20 0.03481307 
764 400 17 21 0.034712385 
360 541 19 22 0.0346048 
252 223 10 13 0.034373935 
332 530 11 14 0.03425831 
381 308 13 17 0.034178786 
314 403 14 18 0.034136448 
5 252 11 15 0.034019116 
677 456 16 21 0.03384661 
247 392 14 20 0.033839606 
190 261 11 14 0.033783767 
228 266 13 16 0.033626337 
462 196 13 17 0.03352235 
101 422 15 18 0.033521358 
103 205 13 16 0.03322948 
253 229 12 15 0.032919828 
756 568 24 31 0.03291523 
349 276 11 13 0.03284114 
612 426 19 25 0.032827597 
909 420 15 19 0.03254544 
827 578 22 28 0.03248525 
24 260 14 18 0.03245655 
517 310 12 15 0.032406624 
934 495 18 26 0.032343645 
347 114 12 17 0.03229804 
2 344 13 19 0.032245502 
123 202 14 18 0.032211725 
350 122 13 18 0.03213759 
250 347 15 17 0.03205983 
900 388 12 15 0.03163704 
478 294 13 18 0.0316339 
171 270 15 18 0.031512506 
496 571 11 15 0.031437032 
356 126 13 17 0.031422243 
411 476 12 14 0.031404268 
428 537 15 19 0.03136505 
0 387 12 17 0.031239418 
771 582 24 29 0.031196045 
255 242 12 15 0.031145623 
850 593 15 19 0.031108655 
266 296 16 21 0.030968517 
155 227 15 19 0.03089415 
166 215 12 16 0.030866459 
59 408 15 20 0.030805945 
8 308 10 14 0.030802585 
912 597 12 15 0.030774452 
172 300 18 21 0.030729895 
241 321 13 18 0.03071219 
586 290 16 19 0.030705873 
852 540 22 28 0.030613951 
999 507 13 18 0.030418778 
319 105 11 17 0.030411178 
740 464 13 19 0.030407593 
473 555 14 18 0.03039469 
606 582 13 14 0.030342037 
536 301 22 29 0.030339777 
308 485 12 15 0.03017708 
3 381 16 21 0.030111182 
199 259 12 15 0.030108746 
852 601 14 18 0.02999683 
994 484 14 16 0.029995758 
19 247 14 17 0.029738575 
73 417 16 21 0.02969251 
200 252 11 15 0.02959407 
341 276 12 16 0.02944442 
730 329 16 21 0.029416403 
267 477 11 15 0.029379223 
404 495 15 19 0.029315725 
707 425 11 14 0.029110331 
725 441 12 17 0.029003585 
644 368 14 18 0.02887885 
147 352 15 20 0.028711746 
914 469 15 18 0.028561082 
330 304 20 26 0.0285597 
374 206 12 18 0.028443964 
372 282 12 18 0.02832947 
51 250 12 16 0.028182209 
260 212 9 11 0.028105343 
-1 420 12 21 0.027936617 
397 318 12 16 0.027805334 
548 294 15 18 0.027805127 
52 229 14 17 0.02773352 
335 276 13 17 0.027648043 
263 290 13 17 0.027612297 
381 267 12 17 0.027474577 
390 334 15 20 0.027410004 
113 293 16 20 0.027403878 
748 245 15 20 0.027393755 
343 318 19 26 0.027382528 
227 428 15 18 0.027317436 
997 499 12 16 0.027123192 
847 340 12 15 0.027015317 
166 224 13 17 0.02695529 
418 392 17 22 0.026893549 
454 177 14 18 0.026877448 
232 215 9 13 0.026868558 
788 295 22 27 0.026823722 
831 388 15 19 0.02682147 
92 484 13 17 0.026798703 
492 449 13 17 0.026760586 
561 468 17 20 0.026725054 
6 241 10 13 0.026695242 
280 253 10 13 0.026680354 
73 337 17 22 0.026650256 
828 405 16 21 0.02659528 
760 446 16 20 0.026538763 
197 204 11 14 0.026517475 
923 268 13 15 0.026490858 
435 419 14 19 0.026484739 
987 188 20 34 0.026476953 
136 264 20 27 0.026473958 
285 334 14 20 0.026387515 
219 117 16 21 0.026370702 
222 459 14 17 0.026270349 
20 271 13 18 0.026142512 
884 424 15 16 0.026107553 
374 305 12 18 0.026093721 
162 300 15 19 0.026073141 
647 399 14 17 0.026047789 
531 298 13 18 0.02598349 
769 227 13 18 0.025952943 
72 236 11 14 0.025949437 
989 471 14 21 0.02583019 
607 464 14 20 0.025820803 
687 316 15 17 0.025811084 
835 370 13 16 0.02577709 
317 238 16 21 0.025668705 
124 472 14 16 0.025604382 
754 547 21 26 0.025577873 
456 355 13 15 0.025485925 
548 444 13 17 0.025465623 
440 441 15 20 0.025458926 
146 261 15 17 0.0253607 
316 394 15 19 0.02534938 
179 334 18 21 0.02533169 
771 424 13 18 0.025322411 
754 426 22 26 0.025314622 
235 277 14 17 0.025305023 
684 297 15 18 0.025240537 
903 481 14 22 0.025131479 
967 61 21 27 0.025084348 
310 138 10 14 0.025068518 
204 259 14 17 0.025039334 
637 495 15 19 0.025012726 
453 524 11 14 0.025010334 
353 312 16 22 0.024982126 
277 282 13 17 0.024913864 
432 428 15 20 0.024854518 
1011 469 17 27 0.024679849 
224 243 11 13 0.024638893 
827 532 14 19 0.024638273 
616 455 18 24 0.02461501 
509 347 21 26 0.024614068 
94 419 14 18 0.024575615 
340 124 13 16 0.024510292 
634 478 17 22 0.024478009 
489 153 16 20 0.0244757 
715 269 16 19 0.024394771 
260 298 14 19 0.024343006 
830 552 14 21 0.024311645 
860 325 14 19 0.024279045 
21 339 21 25 0.024273105 
278 238 10 13 0.024136543 
138 299 22 27 0.024132539 
796 254 15 20 0.02411536 
580 581 13 16 0.024077956 
1011 493 12 17 0.024071716 
550 465 13 18 0.024055589 
384 396 17 22 0.023979828 
916 612 12 15 0.023904756 
999 66 13 15 0.023837304 
582 213 12 15 0.023821263 
843 461 15 19 0.023813527 
53 223 11 12 0.023790136 
907 485 17 22 0.023777427 
44 368 14 21 0.023704045 
218 449 15 18 0.023615919 
212 456 15 19 0.023598926 
768 463 18 24 0.023594461 
814 343 13 16 0.023591902 
627 489 15 20 0.023581227 
39 237 13 15 0.023477418 
533 550 13 18 0.023424895 
49 410 15 19 0.023410905 
591 380 18 22 0.023384366 
874 596 14 19 0.023348548 
854 339 10 14 0.023328498 
325 290 14 18 0.023320032 
444 149 16 21 0.02320924 
733 355 22 26 0.023159364 
308 297 15 21 0.023123967 
362 533 18 21 0.023095822 
416 379 22 29 0.023094436 
692 422 20 24 0.02305153 
871 604 16 20 0.022990944 
242 369 21 24 0.022985635 
729 467 15 19 0.022980016 
332 291 13 18 0.02296669 
764 518 15 18 0.02294562 
716 442 15 19 0.022944994 
84 242 13 17 0.022861522 
654 305 14 18 0.022843366 
907 534 15 19 0.022838982 
488 491 11 16 0.022772292 
593 464 14 18 0.022730125 
336 404 12 17 0.022724131 
109 207 13 18 0.022651939 
946 627 13 17 0.022544196 
436 153 15 20 0.022399992 
808 500 18 20 0.02237581 
381 389 15 20 0.022369431 
700 436 12 14 0.022301547 
524 370 14 18 0.022289917 
124 259 13 17 0.02225234 
239 394 13 17 0.022166237 
166 486 12 14 0.02215418 
884 337 14 19 0.022054449 
251 336 15 19 0.021978773 
59 391 16 21 0.02196723 
318 527 9 11 0.021858469 
647 456 21 26 0.021821143 
1005 259 12 18 0.021820333 
902 671 18 20 0.021719545 
962 644 13 17 0.021699809 
533 459 15 19 0.02168919 
462 236 11 14 0.021670299 
26 314 15 19 0.021664055 
309 371 17 21 0.021620406 
861 597 15 20 0.021606458 
348 251 11 17 0.021593824 
214 427 16 19 0.02157296 
536 270 10 13 0.021534907 
38 320 13 17 0.021530937 
613 284 13 17 0.021519544 
26 275 12 16 0.021354368 
154 268 15 19 0.021349555 
372 257 18 24 0.021326728 
970 77 27 34 0.021308502 
199 468 12 16 0.0212134 
990 446 10 14 0.021183902 
315 300 18 21 0.021152012 
679 581 13 18 0.021116093 
920 339 13 15 0.02107314 
8 284 11 14 0.021053402 
79 457 14 17 0.021052603 
135 280 15 19 0.021048794 
957 618 15 18 0.020992372 
351 129 14 22 0.020989494 
462 394 14 18 0.020987336 
238 381 20 26 0.020960178 
710 442 13 17 0.02094977 
948 478 17 21 0.02094927 
983 462 15 21 0.020939555 
786 422 16 19 0.020923605 
67 495 18 21 0.020859025 
709 267 14 19 0.02076657 
788 313 16 21 0.02073872 
528 466 13 19 0.020628585 
534 534 10 13 0.020603592 
303 293 13 17 0.020582356 
972 669 14 17 0.020577397 
523 385 14 20 0.0205753 
738 501 16 18 0.020491663 
241 240 20 25 0.020437874 
430 279 20 26 0.020417709 
786 521 14 19 0.020399146 
957 658 20 25 0.020378223 
715 393 15 20 0.020351756 
491 129 15 16 0.02034218 
926 619 15 21 0.020267261 
7 275 12 16 0.02026206 
958 636 13 16 0.02023146 
960 652 15 20 0.020205818 
59 483 15 19 0.020136653 
528 450 12 17 0.02013435 
482 389 228 225 0.020118542 
263 386 16 21 0.020101344 
51 259 13 17 0.020086626 
509 449 13 17 0.020024864 
86 438 14 17 0.020012874 
81 259 17 20 0.020003354 
