2_Demonstration_Demonstrators_2_517
168
802 109 35 43 0.99892443 
463 359 66 78 0.9989058 
704 129 51 62 0.9986953 
884 98 34 37 0.99792993 
137 289 79 93 0.9975084 
778 293 77 96 0.9973115 
656 147 28 41 0.99636614 
168 126 43 53 0.99546945 
504 111 40 49 0.99453557 
109 92 30 35 0.9942074 
988 86 24 27 0.99378186 
788 89 26 30 0.9781959 
258 122 42 60 0.97742635 
426 74 17 22 0.9649042 
919 104 24 28 0.88440466 
216 105 25 31 0.82318467 
612 67 17 20 0.74645305 
698 77 13 17 0.6576978 
485 97 15 20 0.61008084 
471 113 27 35 0.5633864 
767 65 15 18 0.5047148 
625 0 28 30 0.4973749 
636 59 12 16 0.3860184 
240 86 17 21 0.3507934 
588 118 22 29 0.33292127 
897 306 32 41 0.3155433 
618 359 36 40 0.2411744 
569 90 16 21 0.19224885 
529 69 8 10 0.17151363 
551 66 9 12 0.16640064 
859 86 13 19 0.16468407 
546 123 16 21 0.15947914 
671 46 9 12 0.14592706 
559 70 9 11 0.12563522 
515 84 12 15 0.11465748 
147 97 12 16 0.11346221 
220 101 15 18 0.110155046 
1012 90 13 21 0.099943206 
477 106 18 20 0.08529897 
283 108 15 20 0.08248414 
700 72 11 14 0.076749675 
687 146 14 19 0.07644131 
181 77 9 12 0.07593517 
221 98 10 12 0.07454055 
533 69 8 10 0.0719721 
680 54 9 11 0.07170033 
545 68 9 11 0.065430485 
445 63 8 11 0.063785344 
630 52 16 21 0.06258004 
719 78 8 11 0.0592904 
711 61 8 10 0.05855677 
456 35 11 15 0.056626488 
720 57 8 10 0.056022976 
509 69 8 11 0.055752583 
655 62 10 13 0.05436587 
719 85 10 12 0.054087587 
262 117 29 34 0.053690713 
541 77 11 13 0.05286239 
710 79 10 12 0.051511195 
781 91 17 21 0.05139327 
513 79 10 13 0.050602708 
303 43 14 18 0.05052385 
537 48 9 11 0.05042208 
719 92 15 17 0.049597673 
619 62 16 22 0.049439665 
196 67 11 13 0.048843425 
628 64 13 17 0.047926873 
455 44 10 13 0.04766374 
744 77 10 15 0.047645446 
557 64 9 12 0.04757817 
729 46 9 12 0.047202952 
462 54 9 10 0.047102656 
875 92 13 19 0.046132382 
181 84 10 15 0.04590499 
921 119 24 32 0.045252856 
568 95 24 34 0.04495911 
482 108 26 37 0.044054843 
400 4 11 13 0.043436456 
495 30 10 13 0.04265132 
679 139 29 36 0.042321492 
550 29 8 11 0.041966267 
690 35 9 12 0.0414431 
578 106 27 36 0.04124694 
644 61 10 14 0.040157158 
175 75 11 15 0.03965421 
602 54 41 50 0.038866706 
273 107 26 33 0.038513165 
245 80 13 16 0.038360424 
537 78 9 11 0.038036805 
560 75 9 12 0.0377663 
677 48 10 12 0.036671232 
606 61 16 21 0.036345243 
519 62 8 11 0.036202118 
889 85 28 34 0.034721617 
175 82 12 17 0.033529222 
444 68 12 14 0.03350523 
748 84 13 17 0.0331272 
720 72 8 11 0.033094488 
894 30 10 13 0.032621365 
141 92 21 26 0.032133028 
11 493 59 72 0.032097925 
421 368 29 39 0.03204771 
866 89 19 27 0.030979767 
487 45 8 10 0.030789483 
662 61 9 12 0.030463848 
565 71 9 11 0.030403543 
670 60 9 13 0.030311983 
926 133 16 21 0.030213835 
496 15 9 11 0.029954443 
634 12 16 19 0.029716577 
735 56 8 10 0.029683514 
724 78 9 12 0.0289704 
271 102 42 61 0.02889331 
676 109 18 22 0.028886901 
646 53 10 14 0.028876167 
688 84 10 14 0.028779987 
455 75 11 14 0.028492598 
639 6 17 21 0.028484467 
226 100 25 31 0.028298572 
646 65 11 15 0.028296834 
445 83 12 15 0.02826788 
641 0 14 13 0.028240938 
366 0 9 10 0.028143529 
81 58 29 34 0.027778413 
526 75 10 12 0.027373023 
486 36 11 14 0.027274774 
468 108 15 17 0.027229587 
251 88 13 19 0.026954506 
653 54 10 14 0.026795536 
719 61 8 9 0.026258763 
749 89 15 20 0.02597588 
456 51 9 11 0.025950275 
598 68 11 15 0.025772206 
469 115 18 23 0.025671985 
182 72 9 13 0.025603706 
518 39 7 10 0.025014505 
690 5 9 11 0.024956712 
449 44 11 14 0.024908107 
456 92 10 14 0.024763532 
873 89 23 32 0.024635695 
695 85 14 18 0.024540016 
736 61 10 12 0.024422951 
519 56 8 10 0.024356985 
559 92 11 14 0.024131957 
967 114 25 31 0.024092292 
551 86 10 13 0.023932355 
412 21 12 16 0.023917468 
648 329 15 18 0.023897614 
539 51 10 13 0.023447307 
449 5 9 12 0.023319744 
493 96 23 29 0.023171507 
512 90 13 17 0.022977842 
723 86 11 13 0.022616887 
677 113 28 36 0.022494445 
460 45 10 13 0.022329248 
904 34 11 13 0.022310946 
-3 464 55 86 0.022303892 
926 47 10 12 0.02227314 
85 62 17 20 0.022218995 
211 313 27 43 0.021546775 
261 89 13 18 0.02149341 
737 76 11 16 0.021376386 
741 339 35 51 0.021210073 
257 41 15 18 0.020595392 
584 58 46 55 0.020530894 
468 91 12 13 0.02049158 
462 87 10 12 0.020198587 
476 5 10 11 0.020124594 
