2_Demonstration_Protesters_2_563
60
818 309 105 124 0.9998821 
564 220 30 37 0.9994861 
633 185 26 35 0.99945754 
301 234 26 30 0.99932015 
819 186 33 39 0.99914134 
669 166 31 40 0.99868375 
873 207 64 87 0.9983986 
394 187 66 98 0.997965 
227 254 39 49 0.9971379 
722 234 69 96 0.99636817 
668 253 48 62 0.99601966 
98 242 83 97 0.994447 
237 213 24 32 0.99251634 
771 196 29 32 0.9393452 
-1 184 69 148 0.6669684 
984 205 35 38 0.46858773 
177 207 28 33 0.35124528 
503 179 28 33 0.2439018 
527 293 29 38 0.12036634 
61 327 46 66 0.11678696 
612 27 10 14 0.08386818 
627 53 14 18 0.07663979 
781 190 39 47 0.07021361 
177 267 31 39 0.06844127 
553 317 29 34 0.063662335 
534 170 26 32 0.06252605 
653 259 40 55 0.053605955 
489 182 42 53 0.05252134 
826 610 58 58 0.04685347 
508 169 41 47 0.04080656 
7 157 55 103 0.040102333 
975 212 13 17 0.03913571 
191 211 16 22 0.035908785 
646 174 35 45 0.033537924 
65 288 28 35 0.03307614 
675 315 27 31 0.032883406 
548 329 29 33 0.032121085 
536 285 40 49 0.03130058 
755 205 50 61 0.029909706 
524 151 42 52 0.029378133 
973 204 28 35 0.028757965 
832 220 35 47 0.02673922 
636 441 48 50 0.026674584 
483 201 27 35 0.026189357 
547 305 29 37 0.02512032 
171 196 27 34 0.023949604 
836 246 89 111 0.023167739 
842 218 49 63 0.02295225 
152 396 47 59 0.02243345 
553 288 35 42 0.02233779 
186 205 18 22 0.022286348 
663 478 51 58 0.022120692 
471 188 44 64 0.021990161 
805 618 36 36 0.021811306 
975 214 37 42 0.021413961 
523 146 29 36 0.021401638 
773 241 53 72 0.021380946 
952 200 40 56 0.020849455 
550 339 14 17 0.020597765 
190 172 13 16 0.020085242 
