2_Demonstration_Political_Rally_2_135
151
147 543 76 101 0.9632323 
936 637 79 96 0.9470269 
519 452 85 84 0.6247788 
45 672 51 68 0.5027813 
508 347 85 65 0.4785016 
339 683 11 15 0.1952115 
45 712 14 23 0.18955873 
984 10 25 40 0.16132514 
377 662 10 12 0.1599997 
245 344 18 21 0.14080766 
22 1115 59 82 0.13619164 
218 621 30 37 0.11990911 
524 1290 13 15 0.11471339 
0 1034 26 44 0.11375854 
90 680 25 37 0.112892166 
813 364 14 17 0.111332454 
830 786 9 12 0.109748624 
266 326 25 30 0.10714234 
208 638 50 67 0.105031 
12 641 15 18 0.102236934 
395 670 11 14 0.0896053 
444 698 12 15 0.089202866 
1 714 20 30 0.086087555 
73 679 33 44 0.0830637 
402 695 17 18 0.0826426 
884 786 24 32 0.08237645 
521 1294 11 13 0.07426804 
395 676 12 16 0.07269544 
152 371 37 43 0.07236447 
340 523 15 20 0.06537263 
66 324 28 32 0.06412931 
374 687 16 23 0.06391557 
789 361 15 18 0.062932685 
231 307 26 32 0.06255233 
427 685 12 14 0.060777783 
12 663 15 19 0.057962198 
848 365 11 14 0.057794716 
268 320 20 22 0.05600685 
872 777 30 37 0.055882458 
99 292 18 22 0.055624686 
255 332 26 31 0.052328974 
864 769 24 33 0.049443297 
144 281 30 38 0.047794495 
783 364 13 16 0.047054194 
125 235 11 13 0.046741176 
415 649 14 17 0.04662778 
312 -47 464 501 0.046619136 
419 645 12 15 0.046565633 
810 260 14 20 0.046392336 
426 691 14 17 0.0445404 
411 691 15 19 0.044179235 
306 333 18 23 0.043942306 
98 677 13 17 0.04338891 
884 349 13 17 0.04203719 
292 296 16 19 0.04202609 
896 794 14 18 0.041585907 
874 775 16 22 0.041532606 
856 776 24 35 0.040962595 
86 365 27 28 0.040771894 
412 669 13 16 0.039498664 
228 282 16 19 0.039441418 
904 901 26 33 0.03943764 
340 696 12 17 0.03882397 
32 636 12 17 0.037450623 
417 771 23 29 0.03506075 
326 687 23 34 0.034734994 
439 672 15 17 0.034643404 
80 674 52 64 0.03464103 
469 309 15 17 0.03312418 
444 675 15 17 0.033081815 
906 725 24 34 0.03293536 
172 579 85 110 0.032715995 
392 664 10 13 0.032712195 
339 346 38 50 0.032206837 
45 665 90 103 0.032176606 
324 321 16 21 0.03195607 
237 329 24 29 0.0319512 
17 779 17 19 0.031762812 
211 609 48 64 0.03174287 
438 694 15 17 0.03148065 
797 393 14 18 0.03147867 
147 274 18 21 0.031268023 
172 579 467 474 0.031103278 
319 305 15 18 0.03109483 
452 298 133 113 0.030866943 
391 697 13 16 0.030221807 
772 356 13 16 0.029963933 
545 425 87 101 0.029944217 
299 681 38 58 0.029806368 
452 674 14 18 0.028943986 
7 664 22 31 0.028487338 
422 640 9 12 0.028069448 
350 532 11 14 0.028008053 
607 377 55 78 0.027792929 
38 257 13 14 0.027616268 
421 667 12 16 0.027450224 
25 1048 28 30 0.027316086 
312 705 25 42 0.027165245 
390 680 14 20 0.027143182 
381 538 13 16 0.02641805 
316 688 27 44 0.026387064 
156 888 16 21 0.026335673 
915 867 12 15 0.026230019 
942 681 60 80 0.026120903 
158 357 29 32 0.026070768 
328 346 26 31 0.026042236 
935 612 60 80 0.025982307 
1008 849 13 19 0.025766399 
337 566 38 49 0.0255857 
21 637 14 18 0.025129313 
505 1293 8 12 0.024733303 
7 769 27 35 0.024535844 
182 641 84 97 0.024429824 
543 335 40 36 0.024348732 
110 239 11 13 0.024213355 
227 311 19 23 0.024199998 
45 695 25 42 0.023995535 
1010 737 14 23 0.023879312 
725 346 26 31 0.023838678 
264 522 37 56 0.023646489 
44 672 13 19 0.023480128 
579 410 87 119 0.023146978 
385 1092 387 429 0.02287646 
844 772 24 33 0.0227388 
376 678 10 12 0.02273664 
177 341 25 32 0.022733098 
915 1469 15 16 0.022722246 
52 663 26 34 0.022700218 
314 322 21 27 0.022432048 
32 1139 59 90 0.02237671 
7 640 24 32 0.022156555 
51 76 421 477 0.021726932 
179 275 15 18 0.021424023 
262 341 30 31 0.021394959 
325 379 11 15 0.02115717 
43 1152 38 45 0.021003798 
779 417 16 21 0.020956812 
318 670 9 13 0.02083084 
418 603 10 12 0.020753447 
893 886 44 57 0.020669352 
307 287 432 546 0.020547807 
355 336 41 56 0.020422038 
531 329 76 55 0.020382192 
328 572 11 16 0.020376053 
293 326 25 32 0.020274201 
139 358 31 38 0.020264942 
234 347 26 32 0.02021203 
105 288 25 30 0.02016756 
379 664 12 16 0.020113993 
487 355 109 126 0.020036498 
435 677 24 24 0.020030817 
