2_Demonstration_Demonstrators_2_378
293
102 453 64 84 0.9994173 
200 402 59 67 0.99937254 
217 498 70 78 0.9986841 
483 209 30 38 0.99843544 
647 262 37 43 0.9983999 
810 489 58 68 0.9983365 
191 190 27 33 0.99832493 
398 238 33 39 0.9981306 
154 265 40 47 0.9972337 
100 208 32 35 0.9966432 
535 257 34 43 0.99643326 
571 239 28 32 0.9959906 
940 397 60 68 0.99597 
330 220 26 35 0.99561995 
155 205 31 35 0.99561137 
415 193 32 35 0.99485636 
261 355 59 64 0.99399865 
307 276 38 42 0.99393964 
673 330 49 57 0.99373996 
596 420 47 52 0.9929055 
644 438 51 59 0.99215627 
609 329 46 59 0.9921187 
604 273 29 32 0.99178314 
496 520 72 65 0.9899914 
208 136 23 27 0.9899838 
105 138 23 27 0.98942727 
360 224 32 37 0.98917294 
947 227 26 32 0.9840366 
508 359 41 53 0.98272055 
432 306 39 48 0.9820592 
159 169 23 28 0.97985876 
869 338 29 31 0.9786093 
219 243 38 46 0.97840923 
551 374 39 51 0.97831076 
503 299 44 49 0.9758007 
735 283 31 40 0.97540873 
325 463 48 59 0.97497946 
710 406 40 46 0.9733246 
13 206 38 37 0.9723875 
765 318 38 40 0.96989685 
371 288 38 47 0.9666621 
961 152 17 26 0.9609995 
91 249 36 40 0.955181 
346 194 22 26 0.95291555 
90 300 43 47 0.9491291 
750 419 49 57 0.92651117 
137 302 28 43 0.92308897 
265 225 35 42 0.92261314 
433 462 63 71 0.9212987 
311 170 21 26 0.9160062 
-1 305 29 61 0.9109377 
892 208 19 26 0.9091853 
905 360 31 35 0.8868953 
497 421 47 59 0.8808857 
146 201 28 34 0.86516476 
927 172 21 25 0.8389178 
750 366 50 55 0.8195689 
898 407 39 52 0.7378768 
927 213 24 28 0.6964152 
652 500 54 58 0.6402725 
699 493 48 56 0.6388028 
182 376 41 52 0.6044899 
294 197 21 26 0.58547497 
1011 134 13 22 0.58481675 
847 392 41 49 0.5611324 
524 367 44 52 0.55176747 
389 332 39 49 0.55112153 
137 197 22 30 0.47011572 
842 280 16 20 0.462627 
283 286 28 36 0.44171765 
43 184 28 36 0.379612 
618 242 25 29 0.3619997 
737 294 44 48 0.33150053 
835 403 33 41 0.31741232 
284 220 28 40 0.3163052 
150 233 30 35 0.30900607 
569 474 38 48 0.30485025 
921 104 10 13 0.2931756 
1003 218 19 23 0.28828457 
258 423 32 50 0.2882613 
932 264 17 21 0.2789088 
947 340 17 21 0.25585103 
687 3 29 25 0.24547419 
275 431 35 50 0.24040397 
558 317 24 33 0.22149053 
941 115 13 16 0.21341048 
905 141 22 31 0.1967444 
910 138 16 21 0.19144288 
777 385 42 49 0.18743223 
159 190 28 37 0.17885408 
218 174 18 23 0.15988886 
606 257 29 36 0.15166342 
718 419 46 53 0.14623825 
737 270 35 37 0.14173596 
864 453 40 55 0.1374173 
233 209 21 27 0.13313161 
485 333 15 20 0.12563121 
755 334 49 55 0.11815424 
11 222 29 36 0.11756296 
294 279 34 41 0.11729385 
642 292 39 45 0.116863504 
755 305 35 40 0.11269431 
341 408 28 37 0.10858044 
920 366 18 23 0.107032776 
728 439 48 53 0.09839051 
9 270 33 51 0.097623974 
227 410 48 61 0.0966538 
931 304 17 19 0.09133318 
543 233 23 28 0.090425566 
348 406 18 24 0.08461343 
914 134 13 16 0.083769746 
140 154 22 27 0.08047062 
337 211 26 35 0.07778862 
649 363 25 31 0.07646986 
1002 226 22 29 0.07518092 
637 274 40 48 0.07502424 
516 233 16 21 0.07449277 
277 277 29 33 0.073383965 
646 476 52 62 0.07298892 
734 460 37 50 0.07203296 
377 315 43 52 0.07106573 
940 346 25 31 0.07096035 
562 307 35 45 0.07090915 
868 408 40 51 0.06471741 
583 243 18 22 0.064205304 
1005 241 16 20 0.06325407 
707 465 51 59 0.062822826 
996 83 13 16 0.06280064 
333 198 25 30 0.06274773 
917 176 16 21 0.0623677 
475 451 51 60 0.062309496 
999 200 20 26 0.060619302 
740 259 27 29 0.060563877 
824 278 21 28 0.060461465 
6 136 29 37 0.05960983 
0 395 28 39 0.058570556 
522 269 43 52 0.058294963 
634 250 13 17 0.058192976 
401 321 44 54 0.056215513 
290 424 38 55 0.052760653 
228 197 21 32 0.051964544 
293 234 29 38 0.05118958 
307 418 40 53 0.05107675 
496 445 34 43 0.051021527 
31 282 29 43 0.051015116 
990 93 13 16 0.048884466 
676 6 30 29 0.048438236 
701 1 21 20 0.04662532 
122 166 16 21 0.046625067 
1004 554 20 25 0.046408888 
901 152 15 21 0.04629131 
879 444 32 49 0.045781024 
178 185 26 35 0.04553586 
583 287 39 47 0.045414712 
867 319 29 36 0.04535087 
379 255 45 56 0.045192398 
296 223 18 26 0.044947024 
283 204 26 36 0.044871695 
221 182 20 28 0.044274956 
605 282 47 55 0.043851987 
299 189 15 19 0.04343691 
102 234 31 38 0.042838044 
793 2 27 27 0.04282587 
918 96 19 25 0.042777028 
207 181 23 30 0.042509053 
551 485 49 54 0.042405706 
601 304 34 38 0.04220078 
664 73 35 35 0.04215451 
884 321 14 16 0.041807335 
0 201 23 33 0.041061014 
235 238 39 46 0.04037717 
316 403 41 54 0.040076718 
906 355 21 26 0.039777912 
130 157 21 27 0.039304398 
868 247 11 14 0.039275266 
195 358 41 50 0.039125916 
948 110 12 16 0.03855783 
-1 207 12 21 0.03828849 
422 293 31 39 0.037565082 
991 116 14 18 0.037176292 
892 388 40 53 0.03679276 
243 146 16 20 0.036378838 
692 416 51 58 0.03630988 
886 402 30 45 0.036236487 
922 355 17 23 0.03623068 
156 221 30 37 0.035931308 
736 506 43 57 0.035758723 
512 410 46 59 0.03570949 
336 390 30 37 0.035624176 
906 377 36 48 0.03551435 
669 481 59 68 0.03539439 
670 418 50 59 0.03526888 
999 196 15 19 0.034590468 
324 211 26 33 0.034583226 
240 186 22 28 0.03417048 
868 352 28 36 0.033264194 
274 294 32 41 0.03313475 
914 151 15 19 0.03244292 
168 183 17 24 0.032293867 
2 283 33 63 0.032158688 
502 445 48 61 0.031960007 
899 159 22 29 0.031708144 
390 470 44 56 0.031446673 
410 469 52 63 0.030909657 
92 430 57 82 0.030895501 
405 257 31 39 0.030616462 
615 246 14 16 0.030251753 
925 351 25 31 0.029379195 
913 103 10 11 0.029221566 
526 311 34 42 0.028930508 
266 219 20 24 0.028906839 
461 206 24 31 0.028886765 
1013 182 11 15 0.028760828 
907 125 21 29 0.028518578 
950 102 10 12 0.02822487 
793 375 29 40 0.02799388 
956 341 25 28 0.027792176 
298 297 36 42 0.027718993 
935 109 13 16 0.02765745 
357 204 25 32 0.027597487 
225 171 15 20 0.027589647 
918 116 12 15 0.02738491 
56 189 18 26 0.027244134 
280 236 20 26 0.027173873 
983 205 21 28 0.027149843 
115 153 22 29 0.027004657 
565 404 28 40 0.02700138 
921 180 26 29 0.0269696 
901 168 12 17 0.02696581 
912 27 25 34 0.026740836 
392 351 41 59 0.02674013 
148 318 28 39 0.026582133 
19 123 15 19 0.026485058 
563 244 26 35 0.02639766 
829 470 55 71 0.026164105 
483 336 24 31 0.026121086 
44 274 14 19 0.025909672 
773 371 35 41 0.025864977 
699 411 33 40 0.025846839 
266 231 21 25 0.025618032 
463 500 63 67 0.025317283 
1004 191 22 29 0.025049983 
894 319 12 14 0.02495204 
146 180 26 32 0.024912419 
754 521 32 37 0.024663549 
930 229 18 22 0.024620038 
893 479 33 44 0.024464322 
285 202 16 20 0.024453474 
302 175 17 22 0.02432237 
987 217 15 20 0.024205908 
7 233 15 20 0.02411595 
263 270 31 37 0.024113903 
951 155 16 20 0.024084155 
500 220 25 32 0.02396634 
886 344 41 46 0.023855707 
251 155 16 19 0.023732755 
913 108 10 12 0.023615869 
487 317 24 34 0.023502968 
886 456 36 55 0.023358367 
856 428 47 58 0.023283463 
935 222 19 25 0.023166481 
894 142 25 33 0.023025071 
936 120 14 17 0.022880867 
340 224 29 38 0.022610014 
605 312 41 52 0.022571748 
39 206 26 36 0.02248905 
1000 138 14 18 0.02234846 
992 77 13 17 0.022298265 
551 334 42 55 0.022250576 
753 392 42 58 0.022203643 
338 412 21 24 0.022158066 
909 75 13 18 0.0220734 
17 137 17 22 0.022062203 
23 186 41 50 0.022016717 
904 134 12 15 0.022006817 
951 350 18 21 0.021960553 
910 180 16 22 0.021649178 
865 381 30 39 0.021547696 
37 268 26 35 0.021535678 
582 405 45 58 0.021166628 
925 95 23 26 0.021039998 
232 187 20 29 0.020877598 
660 309 47 58 0.020565387 
735 361 79 92 0.020431306 
873 390 31 43 0.020426964 
14 120 24 33 0.02040117 
629 20 14 18 0.020342294 
985 98 12 15 0.020338394 
269 325 52 60 0.020247275 
973 130 13 17 0.020232052 
913 34 16 21 0.02021918 
325 202 16 20 0.02020612 
1010 204 14 18 0.020204253 
