2_Demonstration_Political_Rally_2_584
30
649 505 125 148 0.99960095 
206 188 38 53 0.9809201 
233 409 48 61 0.93171394 
253 675 111 194 0.52803934 
38 573 57 106 0.29512024 
9 579 97 154 0.23029003 
25 654 108 136 0.08106524 
164 659 181 236 0.067782775 
868 520 55 69 0.05032835 
92 671 88 115 0.044255693 
875 1025 47 76 0.04047493 
899 532 34 43 0.037802048 
82 716 66 81 0.033815123 
113 668 113 169 0.033566546 
771 611 44 57 0.032157246 
841 474 100 124 0.03126299 
46 549 96 135 0.030778043 
863 306 51 66 0.029902305 
591 373 15 18 0.029699044 
45 -23 215 233 0.029196918 
745 1133 50 76 0.02853881 
977 1091 12 17 0.027877197 
492 453 11 12 0.026624639 
288 712 64 131 0.02640607 
307 167 45 76 0.024989355 
101 520 55 81 0.023981135 
53 575 36 60 0.023823077 
851 555 55 64 0.021349652 
851 496 58 71 0.021225126 
472 983 107 151 0.020361 
