2_Demonstration_Demonstration_Or_Protest_2_360
752
856 602 61 66 0.99847084 
681 562 26 30 0.99688065 
618 593 29 37 0.9945089 
950 579 56 69 0.9838576 
777 585 29 33 0.9767984 
653 620 48 53 0.97112185 
511 600 42 55 0.9589272 
614 549 22 28 0.9249359 
584 557 20 25 0.91524255 
504 556 17 22 0.8662473 
561 644 49 57 0.85912544 
477 577 25 31 0.83135414 
539 542 15 17 0.8247325 
665 544 15 19 0.7761945 
142 605 26 32 0.7641905 
322 566 15 18 0.7247201 
785 625 33 39 0.7049919 
798 531 15 18 0.6916819 
781 552 21 26 0.64686495 
553 569 24 29 0.64551705 
598 537 13 16 0.6182221 
520 530 10 13 0.6177013 
373 559 12 15 0.607872 
582 524 9 11 0.57662296 
396 561 12 16 0.5595742 
990 559 33 43 0.53646564 
647 573 14 18 0.507079 
409 513 8 10 0.43343547 
445 669 28 33 0.41892326 
193 641 26 35 0.40189126 
142 579 13 16 0.3809778 
345 589 16 19 0.38027987 
106 601 16 17 0.37725967 
815 583 30 35 0.37019014 
437 577 12 17 0.3655816 
537 517 9 11 0.353919 
62 605 23 26 0.3378181 
341 556 11 13 0.3304001 
861 523 14 18 0.32413697 
141 550 11 15 0.31990427 
349 595 24 28 0.29100314 
173 617 23 31 0.2861315 
203 634 34 37 0.27130067 
136 551 11 15 0.26682636 
63 547 9 12 0.2604975 
578 541 13 14 0.25768366 
59 637 25 31 0.2566069 
777 604 36 49 0.2528581 
44 629 25 30 0.24913049 
168 551 10 12 0.22956988 
81 644 30 37 0.22657816 
526 511 8 11 0.22533415 
991 666 31 40 0.22312066 
361 525 8 10 0.2126947 
575 614 34 39 0.20346464 
752 568 21 29 0.19947805 
418 540 9 11 0.19879685 
330 543 8 10 0.19753374 
417 549 11 13 0.19712375 
397 495 9 11 0.18457402 
314 494 10 13 0.18282281 
563 566 13 16 0.18226075 
593 562 15 19 0.18210167 
147 574 13 15 0.18173793 
393 512 8 9 0.18141237 
462 512 9 12 0.18009782 
130 548 9 13 0.17806822 
426 488 7 10 0.17637454 
543 513 8 10 0.17556043 
609 526 9 10 0.17000201 
55 647 33 37 0.16948551 
486 540 9 12 0.16913967 
827 534 12 15 0.16905488 
390 578 15 21 0.16792391 
578 520 7 10 0.16477208 
417 536 9 10 0.16143514 
337 527 7 10 0.15975827 
607 535 11 14 0.15896294 
350 540 9 10 0.15868454 
527 515 9 12 0.1558293 
539 563 11 13 0.15574485 
583 504 8 9 0.15480651 
922 572 25 39 0.15460818 
311 551 9 12 0.15239552 
750 534 13 16 0.1515861 
543 501 8 10 0.14833729 
404 541 10 12 0.14777431 
87 550 9 12 0.1468497 
568 504 9 11 0.141898 
68 640 30 38 0.14185047 
581 534 10 13 0.14092737 
320 519 8 11 0.14083427 
482 493 8 10 0.14041592 
386 639 30 34 0.13944536 
116 604 12 16 0.13780576 
347 510 8 10 0.13693164 
472 504 8 10 0.13678573 
551 526 10 11 0.13476828 
416 494 8 10 0.13361862 
486 494 8 11 0.13305902 
821 536 16 19 0.13257912 
536 496 10 11 0.1320957 
374 542 9 11 0.13182907 
308 556 11 13 0.13017468 
374 519 8 11 0.12860806 
433 476 9 12 0.12778421 
346 502 8 10 0.12665786 
368 580 12 15 0.124049336 
465 494 6 9 0.12322161 
104 551 10 12 0.12314884 
561 508 8 11 0.122959495 
369 542 8 9 0.11905965 
938 346 16 17 0.11846246 
904 518 10 12 0.115681686 
450 500 8 10 0.11508714 
816 522 10 12 0.112677634 
442 534 9 12 0.112107225 
7 368 47 66 0.110987894 
154 536 7 9 0.1108204 
62 647 45 49 0.108636506 
400 548 11 14 0.10795247 
525 541 11 14 0.10657769 
577 536 9 12 0.10657475 
424 567 11 13 0.10611443 
457 528 10 12 0.105335936 
433 559 9 11 0.105303854 
539 553 13 17 0.10514443 
781 527 9 12 0.10506853 
211 618 37 37 0.10465466 
455 547 13 16 0.10414586 
336 550 9 12 0.10375133 
75 604 16 17 0.103364 
39 637 15 22 0.101687364 
398 500 8 11 0.101550154 
391 528 8 9 0.10114418 
689 510 10 12 0.10107692 
551 503 7 10 0.10097587 
476 557 10 13 0.100772254 
368 520 8 11 0.10050457 
321 560 9 11 0.100242876 
173 551 11 14 0.09907822 
625 526 8 10 0.09826835 
926 349 12 14 0.09565319 
525 503 9 10 0.095566116 
639 541 10 13 0.094161555 
374 525 8 9 0.09398093 
575 504 7 10 0.09393351 
37 566 14 16 0.09389517 
399 536 8 10 0.09294895 
590 510 8 10 0.09166465 
191 564 10 14 0.09005598 
224 552 11 13 0.08882917 
156 608 29 37 0.087628774 
683 585 28 34 0.08758361 
568 518 8 11 0.08755226 
413 511 8 10 0.08721728 
763 563 14 20 0.0861234 
368 537 7 9 0.08583629 
542 525 9 12 0.08572746 
41 542 8 10 0.08557724 
957 523 24 30 0.085262075 
593 535 11 14 0.08357087 
330 647 35 44 0.08326148 
158 541 8 10 0.08325592 
561 494 8 10 0.083138876 
503 551 13 17 0.08290297 
184 628 26 37 0.082303256 
480 518 8 11 0.08217252 
584 508 8 10 0.08195797 
318 524 8 10 0.081227146 
8 527 10 12 0.08099559 
538 571 13 18 0.08092281 
397 511 8 10 0.08049956 
775 518 8 10 0.08048177 
494 541 9 11 0.08045234 
212 669 35 36 0.08021678 
367 524 8 10 0.08016805 
415 470 9 12 0.079624906 
481 510 7 10 0.078692555 
510 518 8 11 0.07852601 
607 520 9 11 0.07678456 
545 545 14 17 0.07659101 
277 566 9 12 0.07651356 
439 513 8 9 0.07522912 
437 557 10 13 0.07520973 
445 575 11 15 0.07507514 
567 526 9 11 0.07450095 
110 556 11 14 0.07395667 
444 658 23 27 0.07365862 
504 537 8 10 0.072490245 
374 549 10 13 0.072463885 
560 534 9 12 0.07190183 
588 590 22 27 0.071888074 
379 561 11 15 0.071803555 
596 588 13 19 0.071802974 
311 478 7 10 0.070283934 
96 554 10 12 0.07000269 
64 618 25 32 0.06918945 
541 496 9 11 0.06879201 
454 496 7 9 0.06870398 
371 572 13 16 0.068561755 
46 544 9 11 0.068523794 
313 534 9 11 0.06846882 
382 580 13 17 0.068367906 
497 509 7 9 0.06813019 
116 558 10 14 0.068123765 
369 547 10 13 0.066972725 
700 446 60 92 0.06657375 
459 517 8 10 0.0653586 
486 565 11 14 0.06521481 
360 535 8 10 0.06508156 
478 504 8 10 0.06446174 
5 540 10 14 0.06435587 
601 519 8 10 0.06422814 
305 563 9 13 0.063989975 
312 572 11 14 0.06398908 
490 502 7 9 0.06323312 
545 487 9 10 0.063191585 
52 613 24 29 0.06311282 
575 544 14 18 0.06276102 
522 510 8 11 0.0621642 
429 563 12 14 0.061904974 
85 569 10 12 0.061794274 
132 649 24 33 0.061561964 
329 623 29 38 0.06120069 
152 555 9 13 0.06119055 
75 623 26 29 0.06082425 
383 545 8 10 0.060695417 
40 639 27 35 0.060431134 
406 536 9 10 0.06038386 
482 541 9 12 0.060228776 
757 525 11 13 0.06014993 
31 570 14 18 0.0601042 
495 550 10 13 0.060005385 
945 347 14 18 0.059981413 
540 536 13 14 0.059459653 
793 533 13 16 0.058838073 
331 605 40 48 0.05859591 
553 519 8 12 0.05850522 
439 518 9 11 0.058396857 
103 574 11 14 0.058213152 
574 604 29 31 0.058192912 
815 540 15 18 0.058132574 
423 492 8 10 0.058069043 
462 531 10 12 0.05786609 
436 602 17 21 0.057826184 
615 569 14 19 0.05767193 
509 542 10 12 0.057590444 
647 527 9 11 0.05751691 
476 563 12 15 0.057192277 
978 560 31 37 0.0570794 
432 502 8 10 0.05680434 
345 536 9 11 0.056800615 
384 511 8 10 0.056729943 
504 503 9 11 0.056564294 
170 535 7 10 0.056452435 
375 537 8 9 0.056340452 
313 526 8 9 0.056296837 
616 511 8 9 0.056074835 
631 535 10 12 0.055998802 
20 609 13 17 0.05583699 
28 587 13 18 0.055805802 
318 489 10 11 0.055789746 
432 494 7 10 0.055616707 
395 570 15 22 0.05548652 
522 517 9 11 0.055387616 
445 518 9 11 0.05526234 
392 516 8 10 0.05515305 
599 528 9 11 0.054976776 
33 558 10 11 0.05489752 
1 510 8 11 0.05451577 
613 527 8 10 0.054429397 
312 541 9 11 0.05438041 
56 548 10 13 0.054330308 
488 557 11 13 0.054292373 
113 602 21 25 0.054230813 
327 494 8 10 0.05401336 
76 583 13 17 0.053611424 
537 524 10 12 0.053523075 
95 519 7 9 0.053212047 
15 526 10 11 0.053121764 
414 517 8 10 0.052901633 
633 539 12 15 0.05247893 
259 559 11 13 0.052123453 
335 495 7 9 0.052085716 
255 560 10 13 0.05207345 
494 537 8 10 0.052035023 
144 569 11 13 0.051956017 
54 590 11 15 0.05160984 
391 543 8 10 0.051604856 
445 547 11 16 0.051452115 
364 586 15 18 0.051235087 
159 550 8 11 0.051136043 
393 579 23 30 0.0510821 
316 500 9 12 0.050575294 
792 516 8 11 0.050464526 
393 533 8 11 0.050442252 
69 565 9 11 0.050246757 
417 528 8 10 0.050203197 
885 527 10 12 0.05020079 
100 589 22 27 0.050088618 
755 536 13 16 0.050055478 
835 533 12 16 0.04979612 
433 518 8 10 0.049599733 
679 526 10 12 0.049565118 
31 528 8 10 0.049447138 
717 538 11 14 0.04914625 
741 560 25 37 0.049027797 
38 559 11 12 0.048636504 
487 519 7 9 0.048550073 
559 518 9 11 0.048413645 
344 518 8 10 0.048147287 
57 534 8 10 0.047864098 
836 479 9 10 0.047597986 
149 551 9 11 0.04716458 
328 546 10 13 0.047008812 
69 544 8 10 0.046942182 
590 527 9 10 0.04686828 
22 526 8 10 0.046848193 
440 526 9 10 0.046811253 
56 528 8 9 0.04675538 
274 544 8 10 0.046365764 
576 509 8 10 0.046248533 
472 479 7 9 0.045929413 
206 568 12 14 0.045885403 
910 350 13 14 0.045818802 
47 525 9 10 0.045748558 
117 588 10 14 0.045746937 
601 503 8 9 0.04574054 
488 580 14 20 0.045454815 
174 534 7 10 0.045435503 
646 533 10 12 0.04483227 
437 473 8 10 0.044806436 
432 578 20 25 0.04474546 
341 525 8 10 0.044569567 
344 497 9 11 0.044516895 
220 579 17 20 0.044432566 
431 573 13 17 0.04440391 
440 484 8 11 0.0443302 
566 533 10 12 0.044177603 
277 571 12 17 0.044058334 
395 502 8 10 0.044034626 
495 503 8 11 0.043976028 
408 526 8 9 0.043947835 
654 533 9 11 0.043769818 
184 541 9 12 0.04375885 
599 594 24 30 0.04374056 
949 354 13 16 0.043636583 
884 547 12 13 0.043556377 
487 512 7 9 0.043555524 
983 579 37 46 0.04335795 
326 488 9 11 0.043324318 
766 532 11 14 0.04322755 
385 529 8 10 0.043204967 
252 563 14 17 0.043124504 
452 572 13 16 0.04307871 
422 527 8 10 0.043067753 
502 542 11 14 0.042823937 
30 573 23 29 0.042788822 
503 510 8 9 0.042663578 
468 534 9 11 0.042399343 
398 528 7 8 0.042030577 
438 496 8 10 0.04187273 
168 519 7 10 0.041819055 
63 528 9 11 0.04179521 
55 544 9 11 0.041674264 
436 562 12 15 0.041626416 
496 521 7 9 0.041591696 
422 464 8 11 0.04138478 
557 526 9 11 0.04125676 
932 352 15 17 0.041196913 
446 512 8 9 0.041165628 
80 573 12 17 0.041083038 
152 540 9 12 0.040944863 
986 524 28 36 0.040665414 
808 562 13 18 0.04059057 
399 488 8 10 0.04056172 
585 496 7 10 0.040352296 
122 639 24 36 0.0403457 
479 550 9 13 0.040159643 
460 550 14 18 0.040115662 
717 508 11 14 0.040044453 
566 485 10 12 0.03997979 
559 559 13 15 0.03986035 
43 571 14 17 0.039587103 
408 493 9 11 0.039586022 
181 548 11 15 0.03955766 
580 663 48 55 0.03944214 
120 605 23 28 0.039352775 
624 520 8 10 0.039282512 
763 588 24 32 0.03923554 
902 574 33 41 0.03901232 
566 495 9 10 0.038978346 
456 464 8 10 0.038962897 
350 517 8 10 0.038945504 
195 589 13 17 0.038712606 
206 517 9 13 0.03866359 
359 596 24 33 0.038481023 
189 569 11 16 0.03845241 
445 538 11 15 0.038452033 
385 486 8 10 0.038390215 
604 572 21 27 0.038382754 
855 540 11 14 0.03820805 
487 550 10 12 0.038159423 
319 576 11 15 0.03814502 
82 550 9 12 0.038065795 
15 655 40 48 0.03801799 
587 602 29 34 0.038004488 
529 497 9 10 0.037984494 
122 606 13 15 0.03796927 
39 549 11 12 0.037906107 
624 530 10 12 0.037759118 
468 550 12 15 0.037741095 
103 568 10 11 0.03765438 
143 579 22 26 0.03755216 
612 542 13 15 0.037506912 
368 503 9 10 0.037449487 
121 534 9 11 0.03737078 
38 585 24 29 0.03706745 
196 564 11 14 0.037049346 
52 599 25 27 0.03699676 
191 580 10 14 0.036983073 
455 480 7 9 0.03694819 
624 557 17 21 0.036872134 
809 511 8 10 0.03684706 
40 537 8 10 0.036841378 
24 652 25 33 0.036734004 
131 613 25 37 0.036708716 
880 530 12 15 0.036431797 
638 517 10 11 0.036305577 
157 556 10 12 0.03616372 
562 487 8 11 0.035955396 
122 527 8 10 0.035928153 
156 574 11 13 0.035909183 
441 551 10 12 0.035753876 
45 597 13 15 0.035619806 
72 525 8 10 0.035486266 
429 488 8 10 0.035466187 
551 510 8 10 0.03544773 
760 578 23 30 0.035368107 
421 555 10 13 0.03491619 
536 535 10 13 0.03488824 
855 526 14 18 0.034880295 
45 559 10 11 0.034548104 
196 583 11 15 0.034536418 
616 504 7 8 0.034535937 
798 511 9 11 0.034177348 
325 518 7 10 0.034125976 
477 573 16 20 0.034064285 
423 520 7 9 0.034013756 
110 575 10 12 0.033891935 
114 596 13 17 0.033850133 
268 574 26 35 0.033846267 
154 598 14 16 0.033701535 
689 506 8 9 0.033655424 
547 649 37 40 0.033646964 
679 530 13 16 0.033545434 
185 513 8 10 0.033308487 
319 511 9 11 0.033296634 
625 503 7 9 0.033287477 
918 348 12 14 0.03309196 
139 614 30 43 0.033029396 
5 518 9 12 0.03300428 
490 525 8 10 0.03292759 
489 472 7 9 0.03282888 
135 611 16 21 0.03281652 
416 489 8 10 0.03280331 
445 555 11 14 0.032689836 
505 519 8 10 0.03263997 
202 518 9 11 0.032628015 
128 544 9 12 0.032552693 
494 525 8 9 0.032534648 
774 529 12 15 0.03249305 
510 512 8 10 0.03239885 
509 502 8 10 0.032366123 
32 534 8 9 0.032301452 
830 528 12 14 0.03202815 
778 565 19 22 0.032005366 
383 533 8 10 0.0319239 
101 604 18 21 0.03190052 
453 541 12 16 0.031884726 
576 519 20 23 0.03182991 
129 624 33 47 0.03181344 
328 536 8 10 0.03179336 
590 518 8 10 0.031790745 
120 519 8 10 0.03147472 
81 607 15 19 0.031443287 
192 528 9 11 0.031425424 
354 526 8 10 0.031362943 
510 496 9 11 0.031306423 
71 559 9 12 0.03126509 
110 580 12 13 0.03121753 
311 507 10 13 0.031186707 
931 570 17 28 0.031159077 
319 551 8 11 0.031124864 
331 618 15 21 0.031083984 
217 556 10 13 0.031045236 
385 517 7 9 0.031038083 
869 564 14 16 0.030992394 
399 518 7 10 0.030959954 
91 519 7 10 0.03088189 
46 520 9 10 0.030777982 
399 623 42 46 0.030714674 
385 480 8 9 0.030569304 
694 505 8 11 0.030482853 
94 596 15 18 0.03042603 
525 571 12 15 0.0304071 
617 575 17 19 0.03038696 
276 549 8 11 0.030327195 
566 612 28 32 0.03022072 
313 565 20 26 0.0301622 
367 511 8 10 0.030048022 
304 534 8 11 0.029765297 
126 590 10 13 0.029751807 
448 481 7 11 0.029697059 
773 559 17 22 0.02967584 
791 535 20 25 0.02950932 
331 594 26 32 0.029419495 
312 487 10 12 0.029394288 
758 521 10 11 0.029389666 
63 533 8 10 0.029381176 
191 533 10 12 0.02935329 
127 583 9 11 0.02930401 
29 656 15 20 0.029302329 
866 526 16 18 0.029288892 
438 628 15 18 0.029285934 
644 575 23 27 0.029257335 
464 489 8 10 0.0292211 
399 481 7 9 0.029176151 
131 594 14 18 0.029110061 
897 513 8 10 0.02909279 
24 583 21 29 0.029067142 
720 579 12 17 0.028926188 
743 539 15 17 0.028873835 
368 576 20 25 0.028798945 
15 596 11 13 0.028724952 
95 573 12 15 0.028669408 
982 562 18 22 0.028656797 
823 580 20 23 0.028562445 
550 531 12 14 0.028432187 
486 488 8 11 0.028372256 
444 542 19 25 0.02825593 
169 527 7 9 0.028186403 
667 562 14 19 0.02814837 
629 527 9 10 0.028140321 
404 584 26 30 0.028097358 
318 541 9 11 0.028062157 
389 589 16 23 0.02802952 
191 517 7 9 0.028011091 
485 617 13 17 0.027996514 
793 555 15 18 0.027874315 
175 551 20 26 0.027868282 
518 527 18 22 0.027784131 
551 495 8 10 0.027632497 
212 582 29 30 0.027524324 
536 646 29 36 0.02752182 
589 504 8 10 0.027404074 
142 520 7 9 0.027400156 
607 502 7 9 0.027385518 
14 533 9 11 0.027244195 
511 486 8 10 0.027238874 
120 592 22 27 0.027211776 
494 496 8 10 0.027007729 
359 512 9 10 0.027000612 
167 542 9 11 0.02689968 
472 519 8 10 0.02685264 
391 487 7 10 0.026807321 
897 618 37 49 0.026758512 
782 543 13 16 0.026754199 
184 572 11 15 0.026719667 
-1 633 28 39 0.026707973 
906 522 11 14 0.026682144 
712 633 38 50 0.026651207 
110 544 8 11 0.026470413 
702 632 30 44 0.026335403 
845 531 12 16 0.026324451 
378 584 26 34 0.026298625 
259 565 12 15 0.02628139 
117 582 10 13 0.02622114 
944 498 13 15 0.026213022 
769 517 10 11 0.026130537 
376 512 8 10 0.026093856 
308 564 12 16 0.026033651 
875 351 66 55 0.025962373 
433 510 8 11 0.025867507 
909 344 23 25 0.025795212 
303 492 10 15 0.025720237 
917 548 16 18 0.02564317 
2 535 8 12 0.025613146 
339 586 40 48 0.025561737 
402 557 12 15 0.025493607 
79 557 9 11 0.025492577 
275 580 16 20 0.025481237 
45 589 14 17 0.025460673 
886 519 9 10 0.025331989 
78 520 7 9 0.025181627 
305 551 11 13 0.025153888 
415 504 8 9 0.025129568 
798 518 9 10 0.025061876 
188 539 11 14 0.024990445 
425 625 26 32 0.024976179 
854 312 119 101 0.02495969 
409 505 8 9 0.024901815 
678 521 10 11 0.024900027 
406 505 18 24 0.024899075 
185 536 9 11 0.02485572 
850 523 12 16 0.024853999 
84 577 13 18 0.024829349 
120 540 8 11 0.024791842 
752 520 10 12 0.024786677 
134 588 12 16 0.024778213 
303 485 9 12 0.02473193 
391 548 9 12 0.024709461 
34 562 22 25 0.02470904 
211 566 13 14 0.024706015 
104 544 10 12 0.02462888 
50 573 12 15 0.024594825 
297 526 9 12 0.024439968 
211 643 38 41 0.024383767 
529 629 34 42 0.02431952 
335 532 7 11 0.0242574 
820 518 9 12 0.024214033 
972 521 25 35 0.024125049 
813 571 26 30 0.024121128 
511 535 9 11 0.024088047 
248 565 22 27 0.024083985 
313 518 9 13 0.024042 
450 462 8 10 0.024037888 
479 523 8 11 0.02396723 
169 513 7 9 0.023952901 
19 664 14 18 0.02394462 
669 538 20 25 0.023929013 
623 511 7 10 0.023926275 
789 469 10 13 0.023912558 
527 486 8 9 0.02384356 
607 511 9 10 0.023766382 
331 566 11 14 0.023706526 
683 527 11 13 0.023692692 
198 560 8 10 0.023628535 
305 541 9 11 0.023554474 
145 535 7 9 0.02350026 
879 379 32 32 0.023410099 
464 480 7 9 0.023382707 
95 544 9 11 0.023361415 
189 558 19 25 0.023335624 
69 599 14 18 0.023324523 
420 468 9 12 0.023318456 
165 545 20 24 0.023308853 
171 629 18 25 0.023258604 
354 588 16 19 0.023214446 
106 629 28 37 0.023197088 
835 526 11 14 0.023193607 
382 574 11 15 0.023186414 
431 551 9 12 0.023144007 
774 541 13 15 0.023068579 
828 385 12 17 0.023029644 
774 513 9 10 0.023012117 
879 511 9 11 0.023011778 
470 495 7 9 0.022995885 
505 487 8 9 0.022949934 
304 478 10 12 0.022890415 
800 501 9 10 0.02288533 
421 510 9 10 0.02285312 
726 565 24 36 0.022819785 
247 576 14 19 0.022752272 
103 535 7 9 0.022694558 
309 594 14 22 0.022648657 
347 558 10 12 0.022634469 
862 509 10 12 0.02256894 
261 571 12 15 0.022537744 
184 563 12 16 0.022502175 
16 520 10 11 0.022494636 
908 494 9 10 0.022492107 
443 652 17 21 0.022470342 
411 470 9 10 0.022443147 
13 539 11 14 0.022363348 
10 654 26 35 0.022343079 
801 497 8 9 0.022340486 
689 575 30 34 0.022310572 
585 653 34 43 0.02230931 
639 523 10 12 0.02223214 
711 533 12 16 0.022199793 
616 519 8 10 0.02213851 
673 526 11 11 0.02210731 
155 520 6 8 0.022017222 
142 593 12 17 0.021854978 
890 571 31 39 0.021755489 
6 547 9 13 0.021731868 
174 528 8 10 0.02173038 
784 511 9 10 0.021708215 
33 510 9 10 0.021676881 
390 480 7 9 0.021665093 
399 470 8 9 0.02164495 
63 556 9 11 0.02162779 
431 551 20 25 0.021572202 
21 520 9 11 0.0215121 
88 545 9 11 0.02150399 
160 520 7 9 0.021450618 
600 669 46 53 0.021422023 
395 546 20 25 0.02140336 
680 621 42 55 0.021387743 
910 573 41 59 0.021379475 
471 552 19 24 0.021302268 
277 559 9 12 0.021287668 
930 359 16 18 0.021287035 
385 472 7 8 0.02127289 
47 536 8 9 0.021212267 
813 511 9 11 0.021169921 
40 525 8 10 0.021162853 
489 477 7 10 0.021134285 
686 543 26 33 0.021131298 
632 518 9 11 0.021126354 
627 548 14 18 0.021125797 
482 535 9 11 0.02104994 
696 568 16 19 0.021019826 
548 573 40 51 0.021009626 
505 496 9 11 0.02100717 
418 387 17 19 0.020986602 
420 640 14 19 0.020983465 
805 556 12 18 0.020979274 
338 521 7 10 0.020949386 
333 602 12 17 0.020891726 
89 526 8 9 0.020842884 
715 574 22 29 0.020786518 
659 601 24 29 0.020785876 
933 492 11 14 0.020762227 
32 541 9 12 0.020745955 
204 614 28 32 0.020668989 
600 511 8 10 0.02064035 
180 614 13 18 0.020633232 
601 496 8 10 0.020609124 
565 613 14 17 0.020536084 
135 501 8 10 0.020516187 
840 333 99 125 0.020506494 
73 637 17 24 0.020493252 
807 622 32 38 0.020487852 
469 542 10 12 0.02046519 
77 525 8 10 0.020396158 
305 569 11 15 0.020311618 
133 544 13 15 0.020263044 
268 584 15 19 0.020204213 
31 550 10 12 0.020172907 
357 581 13 15 0.020112328 
73 521 8 10 0.020107947 
138 575 11 15 0.020091457 
46 621 16 18 0.020087868 
412 591 15 19 0.020070067 
703 606 28 36 0.020033823 
79 543 8 11 0.02002665 
815 532 12 16 0.02001129 
882 552 15 19 0.020007214 
55 556 9 11 0.02000255 
