2_Demonstration_Demonstrators_2_700
190
254 149 89 111 0.998276 
639 53 11 12 0.20027126 
534 171 10 13 0.18014142 
551 104 10 12 0.16312504 
568 92 10 13 0.15001999 
536 55 9 11 0.14427678 
560 140 9 11 0.13272145 
416 233 394 526 0.12708358 
525 69 9 11 0.1139365 
510 72 8 11 0.10247187 
583 28 9 11 0.09696064 
544 102 8 12 0.09485751 
259 473 14 18 0.091404356 
569 70 9 12 0.09074466 
1004 336 13 18 0.08805494 
644 49 9 11 0.08573869 
197 1 14 16 0.07677606 
527 78 9 11 0.06720898 
535 80 8 11 0.063548245 
78 37 11 15 0.059281077 
524 62 11 13 0.053994242 
638 69 12 14 0.052100945 
482 343 235 346 0.052015826 
177 40 15 19 0.051600866 
504 6 10 11 0.051555835 
529 37 9 12 0.051339842 
542 47 9 12 0.050440013 
633 91 10 12 0.0502056 
527 103 7 10 0.049242783 
516 203 13 16 0.04897825 
519 26 10 13 0.04885658 
544 95 8 10 0.046795394 
435 511 64 58 0.04658033 
584 68 8 11 0.046368908 
552 87 9 11 0.046177823 
623 47 10 11 0.046001937 
560 60 9 11 0.045277 
654 95 9 11 0.045237686 
536 47 9 11 0.045219954 
527 56 8 10 0.045113903 
622 86 9 12 0.045031827 
607 79 9 11 0.04436996 
553 52 9 12 0.044123683 
573 152 9 11 0.04410784 
542 53 8 11 0.04403221 
363 557 22 29 0.0438803 
704 45 11 14 0.043601617 
244 467 11 14 0.043135148 
469 178 12 15 0.043089304 
593 62 9 13 0.042872295 
955 381 13 18 0.04232838 
508 14 10 11 0.041806083 
585 92 9 11 0.04165132 
510 53 8 11 0.041250262 
557 54 10 11 0.04118238 
532 235 13 16 0.039468788 
567 63 7 10 0.038782723 
518 47 8 9 0.03745772 
493 156 11 14 0.037353493 
519 4 9 11 0.03677015 
519 94 8 10 0.036756177 
544 107 9 12 0.036439985 
179 50 16 20 0.036383986 
593 57 8 10 0.036303863 
506 -47 433 475 0.03609536 
537 102 8 10 0.035855945 
455 102 12 15 0.035642575 
583 36 12 15 0.03552879 
552 153 8 10 0.03505696 
687 6 9 12 0.034701165 
493 267 14 18 0.034488026 
524 291 12 16 0.034251083 
184 8 12 16 0.03386445 
511 40 9 11 0.033766475 
534 13 10 12 0.033686694 
568 38 9 11 0.033359807 
558 86 9 12 0.033285476 
551 92 8 11 0.03312242 
988 366 9 12 0.03302617 
537 119 7 9 0.033011965 
567 21 11 13 0.032785885 
633 54 10 11 0.032707 
517 183 11 13 0.032702383 
486 181 11 14 0.032516096 
652 79 10 13 0.032471333 
189 4 14 16 0.03246317 
617 85 9 12 0.032049768 
525 29 10 13 0.03194996 
504 54 9 10 0.031774763 
521 77 7 11 0.03175854 
720 0 12 10 0.030570261 
506 72 8 10 0.030524882 
503 93 9 10 0.030111142 
543 79 9 10 0.029900763 
521 55 8 9 0.029840276 
574 88 9 12 0.029797172 
943 400 12 16 0.029306864 
543 39 10 11 0.029178953 
119 46 14 18 0.028678292 
108 5 12 14 0.028660927 
945 344 9 11 0.028606987 
652 85 11 12 0.028375555 
505 39 8 10 0.028031604 
650 96 10 11 0.027919218 
590 85 11 14 0.027913768 
379 65 411 471 0.027498687 
536 95 7 10 0.027317269 
518 87 8 10 0.027258582 
512 46 8 11 0.026957223 
700 66 11 12 0.02680408 
623 105 10 12 0.02660157 
305 462 9 11 0.026330894 
590 93 9 11 0.02617563 
616 64 10 12 0.026145078 
534 31 9 12 0.025929082 
565 142 9 11 0.025845537 
99 38 13 16 0.0257407 
582 63 9 12 0.025595905 
621 78 11 13 0.025495203 
542 119 7 10 0.025405686 
510 198 14 16 0.025345456 
572 14 10 13 0.024961323 
617 103 9 11 0.0249501 
151 72 14 17 0.024746329 
497 47 8 10 0.024744593 
561 79 8 10 0.024719615 
631 22 9 10 0.02471126 
264 9 13 18 0.024697224 
109 131 15 18 0.024630431 
182 260 10 13 0.024629405 
573 39 10 12 0.024567785 
606 85 8 11 0.02448002 
653 7 11 13 0.02440043 
578 55 8 10 0.02426806 
561 159 7 9 0.024211563 
559 37 9 10 0.024057109 
545 191 9 11 0.023858536 
598 55 8 11 0.02376801 
573 21 10 12 0.02373138 
661 37 10 13 0.02369217 
148 382 16 21 0.02361864 
549 77 9 11 0.023613188 
583 43 10 12 0.023484118 
621 65 10 11 0.023406034 
995 412 12 16 0.023261582 
599 85 10 12 0.02319914 
513 172 9 11 0.023178501 
926 367 9 10 0.023133501 
222 469 11 15 0.023058653 
566 29 9 11 0.023013089 
518 39 9 11 0.022877121 
1007 366 8 11 0.022728499 
687 1 10 10 0.022651127 
293 591 24 28 0.022494903 
529 167 10 12 0.022473872 
599 68 8 11 0.022404877 
582 1 9 9 0.022314496 
591 13 9 11 0.022207052 
606 71 9 11 0.02220125 
531 84 8 11 0.022193922 
953 368 8 11 0.022116598 
509 103 9 11 0.022075359 
285 467 14 18 0.022042017 
513 28 9 11 0.021926591 
631 76 10 13 0.021684114 
633 69 10 13 0.02163885 
618 46 9 12 0.021595426 
529 150 8 10 0.021514952 
550 70 9 12 0.021504926 
623 37 10 13 0.021490362 
511 22 9 12 0.021446126 
512 143 9 11 0.021421624 
984 384 13 18 0.02121744 
552 62 9 10 0.021141833 
614 79 10 12 0.020880247 
537 127 8 10 0.020852247 
338 506 15 20 0.020832991 
606 53 9 11 0.020686869 
926 351 9 10 0.02063564 
565 136 9 11 0.020626923 
535 252 11 14 0.020584125 
484 8 9 10 0.020580728 
576 1 8 9 0.020539097 
507 230 12 14 0.020450799 
30 287 9 12 0.020353006 
526 127 8 10 0.020330464 
556 47 11 13 0.020319296 
637 59 12 15 0.020300303 
538 134 8 10 0.02020425 
140 52 11 14 0.020047337 
