2_Demonstration_Demonstration_Or_Protest_2_176
59
542 291 31 40 0.998638 
66 298 32 42 0.99562305 
752 278 31 44 0.994437 
356 301 29 34 0.9128111 
569 292 29 37 0.8551092 
476 318 22 28 0.6105792 
816 321 18 22 0.55251604 
631 307 26 28 0.4945189 
133 329 15 19 0.42483628 
938 324 16 19 0.16103436 
255 326 11 14 0.15562841 
609 495 15 18 0.12304496 
142 314 13 19 0.10379049 
10 314 14 23 0.10329946 
459 333 12 15 0.095170185 
936 317 13 14 0.0672637 
192 334 11 14 0.06126862 
137 320 17 23 0.059340518 
871 514 13 16 0.0554338 
447 184 10 11 0.052637283 
225 375 7 9 0.05185515 
433 195 13 17 0.051425118 
396 317 16 23 0.039050583 
625 315 35 42 0.038161855 
592 491 10 11 0.037411503 
201 375 8 10 0.037342526 
583 293 27 37 0.03585377 
194 337 13 16 0.034937423 
424 386 8 9 0.032204192 
441 248 9 11 0.031739805 
377 189 11 14 0.03131533 
919 359 9 10 0.031012965 
574 283 16 19 0.030942762 
874 326 13 16 0.03080519 
488 322 15 19 0.030265683 
375 4 12 14 0.028874893 
269 322 11 15 0.028292105 
471 329 13 16 0.028022375 
989 22 15 22 0.026167579 
695 297 41 48 0.024861071 
442 253 9 11 0.024488993 
279 379 8 12 0.023925707 
46 309 13 18 0.023862904 
555 296 34 40 0.023729322 
822 132 14 17 0.02371857 
376 203 10 13 0.023204079 
545 126 10 12 0.02311519 
596 492 11 13 0.022960989 
828 316 13 17 0.022904435 
347 289 46 56 0.022574328 
154 288 18 21 0.022553353 
448 196 12 15 0.021623595 
230 332 13 15 0.021522617 
915 311 13 17 0.021101736 
254 319 18 25 0.02107875 
429 263 9 11 0.020973932 
647 304 18 22 0.020881156 
492 317 12 16 0.020704728 
-2 359 25 43 0.02012674 
