2_Demonstration_Demonstration_Or_Protest_2_200
287
276 217 38 47 0.9975418 
808 489 59 61 0.9961236 
85 129 31 42 0.9946907 
71 265 40 50 0.99359 
285 169 24 31 0.9858543 
388 224 22 31 0.9833544 
851 323 40 49 0.9808475 
176 220 34 44 0.9798407 
792 383 42 53 0.9773671 
226 190 26 34 0.96874845 
13 364 39 52 0.9641782 
883 164 27 34 0.93341196 
356 156 21 28 0.91967666 
22 71 14 18 0.8689233 
942 303 39 46 0.8649566 
275 67 12 15 0.862542 
399 47 14 19 0.83239734 
365 113 14 16 0.81943375 
895 299 33 40 0.7444908 
310 97 14 17 0.7292589 
315 371 42 50 0.7184151 
461 10 14 17 0.69769317 
395 167 22 28 0.659284 
905 117 18 23 0.6168764 
357 27 10 13 0.60475564 
949 180 34 37 0.554246 
351 123 13 17 0.54909027 
526 165 31 40 0.5371712 
407 140 15 18 0.53394717 
118 258 23 32 0.5182667 
842 135 21 23 0.49275202 
903 0 16 17 0.48517212 
666 381 46 67 0.39694786 
91 29 12 17 0.394338 
999 79 22 35 0.3919258 
681 36 17 21 0.36961776 
0 315 23 40 0.30486554 
306 362 36 43 0.2976418 
36 138 13 17 0.2578453 
288 82 14 18 0.2150857 
674 373 29 48 0.20266363 
672 58 35 38 0.20145203 
884 191 16 18 0.17924182 
16 128 17 21 0.17486484 
931 77 15 18 0.17288046 
508 164 35 38 0.16544564 
548 352 21 30 0.15350072 
909 152 14 20 0.15270552 
902 289 30 34 0.14158459 
356 115 17 22 0.1400546 
883 303 32 42 0.14002539 
362 146 16 23 0.13767399 
945 10 10 13 0.13737807 
501 5 11 15 0.12837337 
345 178 25 32 0.12582974 
44 114 21 32 0.12137077 
316 322 17 21 0.12009913 
529 86 10 14 0.117224924 
353 1 10 11 0.11410433 
407 486 54 51 0.10979951 
977 28 10 13 0.10882919 
2 90 14 20 0.10880709 
956 325 33 42 0.10189286 
844 192 24 30 0.0981977 
303 360 25 29 0.09656713 
349 168 24 30 0.087143674 
394 147 21 30 0.08607385 
54 256 25 34 0.08496287 
545 176 15 22 0.0829883 
341 311 18 23 0.07825158 
363 184 23 32 0.07801697 
1 86 10 16 0.076462284 
316 171 15 19 0.076117024 
300 171 24 30 0.07453343 
760 72 8 10 0.073839955 
525 115 12 16 0.07359673 
758 84 10 14 0.071821384 
312 172 23 30 0.071493074 
488 39 11 13 0.071294025 
405 390 11 13 0.070707306 
799 12 15 18 0.070696704 
864 309 40 51 0.07049296 
77 91 14 19 0.07021747 
14 23 8 10 0.06936271 
813 0 9 10 0.0669108 
460 342 13 17 0.06682377 
35 145 14 20 0.06591143 
70 36 9 12 0.064820126 
681 374 18 25 0.062212236 
29 39 8 11 0.061486594 
210 188 14 19 0.06071791 
477 28 11 13 0.06001194 
692 3 16 19 0.05679474 
938 76 14 16 0.05607704 
357 173 24 31 0.056037355 
768 332 40 46 0.055978425 
92 1 15 12 0.05586699 
341 199 31 39 0.055603113 
63 53 11 15 0.05417368 
724 480 44 62 0.053104136 
197 185 14 18 0.052521124 
31 45 9 11 0.051691446 
24 127 21 29 0.05040616 
919 391 40 53 0.04939947 
379 150 25 36 0.048656803 
875 27 12 15 0.04796799 
99 1 15 15 0.04785749 
1 208 12 23 0.04649617 
898 144 24 30 0.04617823 
65 260 32 39 0.045495808 
855 35 13 16 0.045139816 
849 65 16 20 0.045107793 
912 115 22 29 0.044700515 
339 186 26 37 0.04450859 
713 20 10 12 0.044445366 
766 0 12 12 0.04407513 
11 248 26 40 0.04389493 
154 204 12 16 0.043584064 
84 391 14 19 0.042149704 
803 321 40 48 0.04198325 
758 76 10 14 0.041366372 
367 131 12 17 0.041073658 
517 98 26 38 0.040771354 
989 251 12 14 0.0405095 
85 20 15 19 0.03979678 
366 158 24 34 0.039660808 
157 246 11 15 0.03956459 
11 93 13 18 0.038696762 
366 145 20 33 0.038410693 
32 380 37 39 0.038292956 
386 209 25 33 0.038180955 
803 4 12 14 0.037649095 
63 254 15 18 0.037621688 
892 148 16 19 0.037121546 
524 86 22 31 0.03663028 
347 207 16 22 0.036430962 
22 23 9 11 0.0362945 
372 273 25 31 0.035979204 
875 6 15 16 0.035942044 
2 327 15 23 0.035646725 
399 139 15 20 0.0351823 
60 249 24 29 0.03515602 
80 29 11 14 0.034769766 
83 11 16 17 0.03465642 
48 127 23 37 0.03463418 
295 356 73 90 0.034508858 
262 76 8 12 0.034501202 
356 184 16 22 0.033918567 
911 48 10 12 0.033851568 
652 43 49 63 0.033685572 
40 126 21 32 0.033544414 
123 253 18 22 0.03350517 
392 501 101 101 0.03301338 
214 236 10 15 0.032842316 
886 156 15 17 0.03263774 
788 332 40 48 0.032346137 
319 79 10 12 0.032229133 
318 85 10 12 0.032156385 
127 255 26 34 0.03167017 
67 125 37 51 0.031583235 
62 1 9 9 0.030938609 
6 127 23 31 0.03071683 
691 42 13 17 0.030697498 
573 61 11 13 0.030679774 
53 139 26 37 0.03058553 
544 11 44 59 0.030580962 
140 0 13 10 0.030185651 
432 13 10 14 0.03015446 
392 21 9 12 0.030043876 
48 13 9 11 0.029958488 
911 290 19 21 0.029903067 
1 15 8 12 0.029731855 
567 55 11 12 0.029648894 
715 14 11 13 0.029378528 
680 354 45 59 0.029302804 
106 1 14 14 0.02925253 
373 193 25 32 0.02900386 
353 23 12 14 0.028829934 
189 184 15 19 0.02876898 
314 355 18 23 0.02852402 
540 70 14 17 0.028510759 
451 226 13 18 0.028346011 
359 111 13 16 0.028202692 
0 91 21 32 0.028027648 
236 142 15 19 0.027918853 
453 342 23 29 0.027809663 
907 7 14 17 0.027780874 
788 9 15 17 0.027647 
862 187 12 17 0.027284164 
868 58 13 17 0.027164415 
1005 284 16 19 0.026952216 
539 343 43 53 0.026744312 
657 335 48 61 0.026729383 
892 299 18 23 0.026649037 
568 60 11 13 0.026383586 
447 356 10 14 0.026319074 
94 200 27 38 0.026229493 
816 11 11 15 0.026217854 
974 304 26 38 0.026193865 
561 0 15 14 0.026149524 
467 339 16 19 0.026117401 
863 58 12 17 0.026055932 
806 0 13 11 0.02604825 
665 366 29 41 0.026035344 
73 96 13 17 0.025980767 
902 128 27 33 0.0259747 
789 83 14 18 0.025953645 
300 87 18 24 0.025936848 
388 146 15 23 0.025855847 
325 172 24 32 0.025854776 
1007 24 15 22 0.025848595 
923 77 10 14 0.025739178 
585 329 47 60 0.02564851 
915 306 27 33 0.025323452 
77 383 23 32 0.025278505 
789 76 13 17 0.025236756 
850 186 17 22 0.024914777 
41 31 9 12 0.0248729 
617 387 51 65 0.024852252 
988 177 15 18 0.02469707 
371 177 17 21 0.0246815 
928 237 39 46 0.024652349 
584 54 9 12 0.024568385 
713 37 11 17 0.024480265 
309 170 15 20 0.024447357 
946 166 54 63 0.024379175 
6 16 9 11 0.02430819 
198 177 22 29 0.02427491 
884 6 14 15 0.02420898 
56 7 9 12 0.024202228 
392 28 10 14 0.024103876 
901 291 18 20 0.02398454 
359 139 14 19 0.023958223 
392 84 11 15 0.023947028 
364 130 21 27 0.023806859 
319 55 8 10 0.023648392 
753 84 11 16 0.023413459 
682 45 28 37 0.023122385 
858 3 12 15 0.022972789 
698 352 43 55 0.022887452 
543 341 12 15 0.022846412 
173 135 31 42 0.022779591 
45 259 23 34 0.02269201 
576 18 12 14 0.022647591 
477 34 11 14 0.022542162 
743 367 37 48 0.022012856 
471 21 20 25 0.02196008 
210 199 26 35 0.021948528 
901 110 16 22 0.021886488 
150 247 15 21 0.021835227 
260 207 27 34 0.02161968 
398 125 9 13 0.021612853 
846 61 13 16 0.021567032 
23 28 9 11 0.021565838 
1008 84 15 25 0.021451285 
397 464 50 51 0.021433357 
351 206 31 37 0.021291941 
318 8 9 11 0.021253383 
666 308 47 61 0.02125148 
400 40 12 17 0.021246957 
26 357 39 47 0.021228323 
169 189 17 19 0.021027891 
974 11 12 17 0.020984903 
59 49 21 29 0.020833695 
820 7 11 14 0.020831347 
1 80 9 14 0.020793939 
-1 32 7 10 0.020777697 
389 132 11 15 0.020754443 
114 273 20 30 0.020679755 
506 4 13 16 0.020676393 
795 352 46 55 0.020624828 
356 349 24 36 0.020624489 
894 201 15 20 0.020614086 
381 145 15 22 0.020566616 
878 50 14 16 0.020559393 
395 205 16 20 0.02046924 
392 340 11 14 0.020408276 
444 11 13 17 0.02034283 
46 74 13 17 0.0203101 
474 338 15 17 0.020295845 
815 4 11 14 0.020293325 
-1 45 7 13 0.020221442 
754 348 41 49 0.0202126 
921 70 22 29 0.02018735 
250 247 27 32 0.020109255 
913 109 16 21 0.020074306 
38 47 9 12 0.0200403 
