2_Demonstration_Protesters_2_16
44
627 589 83 107 0.9972683 
289 504 84 104 0.99707067 
924 305 32 38 0.17136696 
72 932 31 38 0.14364077 
265 547 14 20 0.0775548 
151 734 58 59 0.07709663 
12 932 32 38 0.068263814 
797 520 15 19 0.04528408 
194 655 17 22 0.04457429 
61 981 27 34 0.04115552 
130 2 15 16 0.040466204 
192 1278 218 230 0.03776806 
246 71 441 512 0.037067194 
137 934 25 32 0.03617554 
117 898 18 19 0.035654895 
940 57 24 31 0.033085566 
138 748 71 93 0.032831717 
124 692 42 48 0.032606628 
165 561 29 31 0.03198222 
553 1084 11 16 0.030436173 
244 755 102 128 0.028907035 
157 5 14 15 0.027568838 
849 480 16 19 0.026823798 
704 483 27 37 0.02675521 
492 853 33 43 0.026715351 
122 424 31 37 0.026149634 
164 716 32 35 0.02552433 
8 866 17 21 0.022718927 
116 942 50 65 0.022469012 
239 590 33 38 0.022433545 
113 686 187 243 0.022393761 
50 905 30 33 0.022308305 
0 565 360 461 0.022168603 
162 743 34 37 0.021868726 
140 697 45 52 0.021527283 
153 726 105 141 0.0215033 
103 425 15 18 0.02110815 
112 902 26 32 0.021020493 
127 604 43 57 0.02097831 
15 77 27 33 0.020834504 
121 979 27 35 0.020236267 
112 5 11 12 0.02022244 
506 644 17 20 0.020137405 
776 483 26 30 0.020057697 
