2_Demonstration_Demonstrators_2_41
88
390 368 102 167 0.99906665 
204 188 51 61 0.998409 
822 494 46 60 0.99704605 
404 183 44 49 0.9810021 
954 502 44 56 0.97954994 
254 90 35 39 0.9789225 
633 442 40 54 0.96076417 
561 546 15 19 0.8164766 
888 513 13 16 0.45737544 
137 542 9 12 0.08918196 
873 540 28 37 0.07992109 
691 257 13 16 0.07770742 
542 485 14 17 0.07543092 
142 548 8 10 0.07457962 
523 515 14 18 0.07048845 
84 540 10 12 0.06340666 
822 340 16 18 0.05704961 
713 503 24 30 0.05583629 
744 559 10 11 0.047098655 
730 355 25 28 0.044861756 
892 506 35 52 0.044297036 
904 520 32 43 0.043247145 
756 505 26 39 0.04278617 
840 509 36 44 0.040796697 
51 557 13 15 0.040500972 
749 564 10 12 0.03996148 
532 556 11 13 0.037456416 
708 522 13 16 0.035489574 
543 548 10 13 0.034737166 
526 550 11 15 0.033839576 
513 550 9 12 0.03339836 
623 318 11 13 0.032918543 
588 271 13 17 0.03274176 
700 512 43 56 0.032682106 
603 311 13 15 0.031153297 
875 504 21 28 0.030828686 
809 520 38 46 0.03050324 
904 447 11 14 0.030222993 
484 499 13 16 0.030185308 
575 165 12 18 0.030173454 
758 431 29 39 0.029904587 
531 566 11 13 0.029746976 
95 552 9 12 0.029738884 
807 404 12 15 0.029673012 
594 294 11 13 0.028958367 
495 511 9 13 0.027955996 
543 495 13 17 0.02795412 
624 270 11 13 0.027269132 
528 572 11 12 0.026651938 
703 511 27 31 0.026635658 
47 562 13 16 0.026110513 
554 547 11 15 0.025911214 
71 527 8 10 0.025833372 
620 346 17 20 0.02579427 
952 425 26 29 0.025771031 
992 599 11 14 0.025242366 
857 509 30 37 0.025078619 
389 95 10 13 0.024997145 
54 549 12 15 0.024312548 
135 536 10 12 0.023895223 
539 487 23 28 0.023869567 
578 271 16 20 0.02376509 
803 398 23 30 0.023703173 
829 336 25 32 0.02328208 
745 362 14 18 0.023279069 
566 508 15 19 0.023172142 
525 582 10 12 0.023129972 
1005 251 16 20 0.023041924 
177 598 9 13 0.022821318 
520 589 11 14 0.02281524 
161 551 8 10 0.022653285 
516 553 13 15 0.022504564 
915 526 34 42 0.022400044 
854 440 11 13 0.022284389 
127 590 21 25 0.022222407 
868 508 16 20 0.02206279 
652 258 14 17 0.022050992 
892 502 23 36 0.022038903 
150 543 9 12 0.021956066 
945 467 54 68 0.021360643 
880 530 30 39 0.02124346 
112 545 9 11 0.021010594 
844 331 13 17 0.020657847 
526 543 9 12 0.020649347 
64 518 8 11 0.020551493 
678 277 14 18 0.020142758 
626 323 12 13 0.020022832 
165 552 8 11 0.020022426 
