2_Demonstration_Demonstrators_2_595
22
269 116 184 247 0.9947231 
661 92 81 88 0.9945898 
424 255 327 437 0.1733276 
17 551 32 37 0.13357748 
451 356 201 274 0.121817224 
25 515 63 79 0.09862392 
165 382 392 433 0.07921571 
673 4 17 19 0.07765556 
34 485 35 38 0.052055225 
223 602 31 44 0.049457222 
71 523 32 46 0.049022485 
148 1 399 478 0.03988287 
7 425 30 49 0.0320196 
389 147 100 150 0.029125884 
217 512 236 223 0.028271364 
835 704 28 41 0.026965763 
15 458 91 119 0.026522728 
420 110 59 72 0.025757484 
15 506 31 38 0.025548056 
481 534 256 288 0.024403721 
454 199 47 81 0.023443857 
17 532 34 40 0.020074716 
