2_Demonstration_Demonstrators_2_781
106
254 167 51 72 0.9992286 
392 195 25 34 0.9989166 
545 140 58 82 0.9983152 
464 203 40 49 0.99696845 
692 223 46 54 0.98939764 
535 214 32 41 0.98916316 
932 230 25 31 0.98855513 
238 131 33 52 0.952669 
927 272 35 41 0.9126692 
817 231 17 19 0.73808074 
859 245 15 18 0.6248465 
704 17 53 67 0.5520138 
942 272 32 34 0.509655 
755 247 25 33 0.40374318 
762 225 18 21 0.34019652 
791 239 11 13 0.32996708 
209 137 30 42 0.32285428 
532 188 21 31 0.2964494 
128 217 13 18 0.28416225 
218 129 39 53 0.23726316 
109 228 14 18 0.21822946 
889 243 15 18 0.21801901 
978 251 14 20 0.21689665 
997 239 17 21 0.21305989 
920 229 27 29 0.18657377 
534 191 13 18 0.14781259 
125 225 14 19 0.12503576 
440 224 9 12 0.11509386 
416 188 13 17 0.111268364 
1012 248 12 22 0.107537605 
141 293 15 22 0.102253824 
117 228 13 18 0.094970316 
987 238 22 26 0.09344086 
846 357 38 48 0.09149631 
71 223 12 15 0.077838 
496 209 25 34 0.0726538 
764 183 16 19 0.06277307 
848 248 15 18 0.06259827 
79 214 10 13 0.060946245 
210 121 22 32 0.059693016 
42 200 8 10 0.05588347 
957 274 21 25 0.05534231 
975 245 13 20 0.05429214 
1004 243 17 25 0.05375441 
747 221 25 30 0.053692095 
86 209 10 11 0.053679425 
866 248 13 17 0.053234916 
667 163 16 22 0.052747533 
898 218 15 17 0.051886257 
980 251 22 26 0.05070181 
47 198 9 12 0.048947148 
756 242 20 24 0.048914105 
769 231 17 22 0.048777804 
845 291 27 30 0.048325524 
70 204 10 12 0.046043254 
153 172 11 15 0.044403493 
889 240 11 14 0.04051705 
782 237 11 16 0.037896097 
749 250 16 20 0.037707753 
917 230 17 21 0.03592602 
66 220 22 25 0.03466076 
943 226 17 24 0.033635445 
121 269 11 14 0.03327842 
786 234 19 24 0.032687906 
42 205 8 11 0.03191098 
80 207 10 12 0.03169929 
9 238 9 11 0.031357996 
116 243 12 13 0.03135307 
290 648 31 33 0.031040994 
858 251 19 22 0.030644579 
230 145 49 69 0.028606895 
2 221 8 11 0.028517706 
138 172 12 15 0.028321685 
941 233 27 32 0.02810667 
49 193 10 13 0.027508948 
61 241 13 15 0.02700058 
664 168 12 17 0.02698863 
715 153 19 20 0.02682213 
84 227 11 15 0.026666295 
922 244 42 52 0.026432559 
960 601 17 20 0.026278874 
355 205 14 19 0.025832377 
340 205 25 32 0.025293436 
132 230 12 16 0.025256662 
851 253 17 20 0.025200315 
741 225 15 21 0.024897086 
833 334 80 103 0.024835687 
501 222 26 30 0.02479565 
619 637 61 57 0.024466412 
72 215 11 13 0.024430774 
325 171 13 20 0.024095006 
895 219 23 26 0.02349371 
248 128 18 30 0.023333844 
75 231 13 16 0.022934088 
55 244 12 13 0.022814428 
1011 550 12 23 0.022136604 
36 245 10 13 0.022129605 
146 318 434 416 0.021552658 
64 229 14 15 0.021453982 
151 168 19 24 0.020701332 
782 334 15 20 0.020560652 
767 254 17 23 0.020416638 
6 221 8 9 0.020283008 
61 228 23 25 0.020282561 
778 232 19 27 0.020192264 
409 190 20 27 0.020077964 
