2_Demonstration_Demonstration_Or_Protest_2_117
358
661 414 27 37 0.9991999 
15 525 26 32 0.99854124 
626 410 23 31 0.9967673 
697 448 33 47 0.9965926 
935 471 33 38 0.9963744 
607 454 32 39 0.9962568 
512 436 29 37 0.9957545 
371 419 24 32 0.9945808 
437 428 27 30 0.9945412 
163 418 22 29 0.99407214 
972 432 25 30 0.992157 
912 606 34 47 0.991215 
777 528 28 31 0.9852905 
803 458 29 32 0.9772399 
596 431 23 31 0.9750304 
281 438 23 30 0.9721711 
226 414 22 26 0.9700248 
173 385 19 24 0.9639048 
371 367 14 17 0.9444543 
129 427 21 27 0.9096768 
61 413 21 29 0.90280396 
364 347 11 14 0.8922253 
199 363 16 20 0.78705394 
992 265 17 22 0.76887745 
882 492 34 44 0.7424971 
183 340 14 19 0.7334256 
136 344 13 17 0.65311164 
435 332 10 14 0.61686575 
405 362 15 19 0.5845946 
25 414 23 27 0.5807217 
748 277 11 14 0.53485674 
182 330 16 18 0.53330636 
779 303 15 19 0.49764746 
277 335 13 16 0.49213523 
446 350 10 12 0.48650867 
835 473 29 39 0.4748047 
306 215 16 21 0.47035134 
344 331 11 15 0.4459707 
336 406 17 23 0.40948555 
490 356 11 14 0.40850008 
541 373 17 22 0.3155922 
659 263 16 18 0.3137781 
431 407 23 27 0.3120328 
496 327 10 14 0.31191865 
60 330 12 16 0.30137485 
226 358 12 15 0.2822306 
383 331 10 11 0.27804962 
420 334 9 12 0.27493885 
684 301 10 11 0.251092 
716 372 13 19 0.2406591 
648 315 12 16 0.22896929 
102 316 9 13 0.21687397 
854 223 13 15 0.20877685 
942 222 15 21 0.20723931 
480 328 12 16 0.19995736 
757 294 10 14 0.18547194 
572 256 24 31 0.17865014 
295 347 14 18 0.16452077 
420 339 10 13 0.16166952 
3 405 15 18 0.15890507 
607 308 11 14 0.15634623 
96 309 10 14 0.15442178 
145 369 14 17 0.14804386 
666 326 12 14 0.14327051 
232 421 21 28 0.14216134 
704 351 11 14 0.14181308 
202 331 15 20 0.13259247 
531 376 15 20 0.12503926 
113 349 9 12 0.12461093 
669 311 9 12 0.12347307 
732 395 15 19 0.1157334 
981 208 13 18 0.1152689 
891 243 11 17 0.11257555 
157 350 11 15 0.10968824 
782 291 14 17 0.1076578 
117 417 14 19 0.10555006 
764 252 12 15 0.10488313 
420 269 11 13 0.095666304 
46 239 11 13 0.094875894 
815 258 10 12 0.09460052 
409 356 14 17 0.091731556 
174 330 13 15 0.086909905 
441 351 10 12 0.08676852 
680 296 11 13 0.08657096 
118 169 22 34 0.0856118 
1013 165 9 13 0.085058846 
763 345 13 18 0.08469228 
492 456 23 29 0.08364784 
777 291 11 14 0.07664154 
957 173 9 12 0.074152716 
413 352 10 12 0.071387164 
931 242 12 16 0.071066834 
484 326 13 16 0.07032693 
895 263 10 14 0.070103325 
680 264 10 12 0.06989363 
708 324 11 14 0.069680996 
512 307 12 15 0.06932749 
601 307 12 15 0.06922154 
81 399 20 28 0.06883757 
533 390 24 30 0.06882487 
470 315 8 11 0.0670828 
826 277 10 13 0.066787906 
801 124 14 16 0.0663992 
72 401 22 31 0.065494254 
669 362 10 15 0.065077804 
776 286 10 13 0.06482474 
512 300 12 15 0.06443327 
645 285 9 11 0.06389827 
737 255 9 12 0.06371275 
56 321 15 21 0.062431384 
829 488 26 34 0.062274102 
788 286 11 14 0.06209509 
30 458 13 17 0.06188293 
559 246 10 13 0.061825603 
944 212 12 18 0.060942568 
151 341 9 14 0.06037824 
887 236 19 29 0.060028363 
489 319 8 11 0.05964245 
38 309 9 12 0.05831538 
843 211 12 14 0.056856055 
85 380 12 15 0.056651358 
774 284 24 29 0.056413215 
822 255 8 12 0.05612465 
399 368 15 19 0.05435456 
978 204 12 16 0.053875696 
119 385 14 20 0.053599887 
277 226 14 18 0.052730188 
834 480 19 24 0.052728564 
661 271 14 17 0.052428436 
91 403 16 21 0.0523694 
881 498 21 25 0.051659737 
230 404 15 17 0.05102272 
408 319 7 11 0.05047621 
46 402 16 19 0.04990629 
116 344 9 11 0.049569204 
118 429 22 28 0.049223453 
95 305 9 12 0.04900441 
619 232 15 22 0.048610043 
103 321 11 13 0.04827741 
766 310 11 14 0.04779709 
760 318 11 14 0.04723704 
31 447 13 20 0.04717686 
11 410 14 16 0.046595197 
866 596 14 18 0.04654558 
286 272 13 17 0.044588823 
906 596 27 41 0.044495694 
564 262 18 23 0.044383563 
671 285 9 11 0.044239417 
503 302 9 10 0.043818388 
281 338 14 18 0.043458335 
527 371 14 20 0.043373678 
144 430 16 23 0.043212395 
415 308 9 11 0.04310318 
256 290 12 16 0.04300512 
377 369 14 18 0.042836413 
81 383 10 13 0.04243955 
665 266 14 17 0.041829944 
231 307 11 15 0.041804716 
847 481 19 23 0.041794155 
496 442 26 33 0.041741647 
482 437 17 22 0.041726053 
719 348 11 14 0.040971965 
551 246 9 12 0.04094056 
571 251 18 21 0.040823985 
92 597 13 17 0.040139306 
825 283 10 12 0.03995264 
128 448 16 20 0.039769758 
792 521 27 35 0.03974512 
651 313 10 11 0.039719623 
680 325 10 13 0.03937964 
123 419 14 23 0.039376073 
421 328 10 13 0.03909438 
775 279 9 12 0.038694598 
151 348 10 14 0.03851647 
1001 266 15 18 0.03841682 
594 435 37 50 0.038396608 
21 413 17 21 0.038388737 
228 214 11 13 0.038115848 
450 348 12 15 0.037772123 
816 366 9 12 0.037557017 
151 355 12 17 0.037552472 
65 404 18 23 0.03700477 
255 324 13 18 0.036964796 
615 222 24 38 0.03664159 
162 355 12 16 0.0364827 
606 201 42 55 0.036236987 
109 432 16 21 0.0361753 
685 319 9 12 0.035277545 
846 572 39 51 0.035028648 
746 272 17 23 0.0348767 
696 435 25 30 0.03481431 
153 352 19 25 0.03467793 
739 258 12 13 0.034498755 
371 348 11 15 0.03430239 
937 204 25 35 0.034283813 
683 355 16 19 0.03421739 
993 422 22 31 0.033984862 
93 353 11 14 0.033738572 
743 205 41 53 0.033587858 
815 299 11 16 0.033112537 
155 340 12 16 0.03296554 
648 349 11 13 0.032558896 
719 370 22 28 0.032403074 
382 188 30 36 0.03232537 
449 324 9 12 0.032262325 
465 311 9 12 0.032217216 
588 248 15 21 0.03215984 
490 326 20 24 0.031874273 
416 328 9 11 0.03175271 
901 262 11 13 0.0316164 
579 249 16 22 0.031309787 
832 489 14 20 0.03118832 
745 271 11 13 0.030724486 
661 294 10 13 0.030667907 
382 292 12 14 0.030607548 
737 398 17 22 0.030372072 
432 351 10 12 0.030134749 
727 229 12 15 0.030132657 
152 336 9 13 0.02997286 
574 244 16 18 0.029918564 
665 316 11 14 0.02986521 
211 324 13 16 0.02985759 
250 355 15 21 0.029631056 
406 337 10 14 0.029575547 
921 201 39 54 0.029525008 
346 401 18 23 0.02947128 
388 328 9 12 0.029447636 
388 372 12 16 0.029239694 
149 377 12 17 0.029232386 
751 289 19 25 0.028910669 
829 291 9 13 0.028826468 
759 259 11 14 0.028520117 
134 364 12 15 0.028486779 
843 464 28 37 0.02846499 
204 207 10 14 0.028457878 
665 283 10 13 0.028260069 
809 294 9 10 0.028012611 
678 361 15 18 0.02792398 
434 397 17 19 0.027777802 
46 313 25 34 0.02777388 
273 337 21 28 0.027692012 
117 439 14 20 0.027687285 
486 347 18 24 0.027614065 
814 294 9 12 0.027527617 
730 374 23 29 0.02746894 
25 406 17 18 0.027439611 
854 478 36 47 0.027432332 
565 253 15 18 0.02732817 
842 490 19 27 0.02730364 
367 300 10 11 0.027299438 
378 332 11 12 0.027201409 
283 344 15 20 0.026905661 
346 337 12 16 0.026904467 
640 302 8 11 0.026771724 
450 355 12 15 0.0265183 
725 347 11 13 0.026410744 
715 324 12 14 0.02627113 
416 328 17 22 0.026270533 
112 352 12 17 0.026231274 
79 253 11 13 0.026210513 
766 292 12 15 0.026176602 
93 306 18 23 0.02607985 
636 257 12 14 0.02600196 
744 550 21 29 0.025883297 
224 352 11 15 0.02570792 
27 436 22 29 0.02537597 
748 254 13 15 0.02531579 
746 346 16 19 0.025269752 
809 288 7 9 0.025233522 
35 458 15 19 0.025088005 
860 592 24 28 0.02505849 
416 273 14 16 0.024982963 
431 328 17 23 0.024777653 
587 260 16 24 0.024627721 
282 263 24 29 0.024622226 
934 218 20 30 0.02460178 
717 331 11 14 0.024564907 
895 273 11 13 0.0243821 
815 287 9 10 0.024370408 
334 394 22 29 0.024295624 
14 417 15 19 0.024236778 
28 424 24 30 0.02392672 
557 376 13 19 0.023872247 
756 286 9 13 0.023763299 
83 385 15 20 0.023695359 
815 307 12 16 0.02356303 
527 382 16 21 0.023554739 
869 515 46 58 0.023537517 
784 298 15 21 0.023496367 
660 350 11 12 0.023449158 
908 212 11 13 0.023382485 
133 353 14 19 0.023298819 
42 417 13 18 0.023234542 
702 216 8 12 0.023211386 
915 165 13 15 0.023185248 
100 610 17 23 0.023144444 
760 287 22 29 0.022956977 
493 319 10 13 0.022899108 
684 263 9 11 0.022855086 
797 285 9 11 0.022766855 
127 358 11 16 0.02275504 
4 441 14 21 0.022696689 
798 462 20 23 0.022660565 
650 355 15 17 0.022610435 
848 220 13 17 0.022587622 
660 255 15 18 0.022537714 
663 358 11 15 0.022515435 
118 362 10 15 0.022416648 
716 319 10 12 0.022346964 
860 474 14 19 0.02224385 
370 358 15 19 0.022174332 
80 282 11 17 0.022105414 
502 270 8 9 0.022103352 
748 334 13 14 0.022030894 
765 302 22 28 0.022020832 
789 328 14 17 0.021992318 
129 345 12 17 0.021985373 
528 285 12 15 0.021908626 
1 407 22 29 0.021774814 
809 259 10 13 0.021667024 
376 394 14 19 0.021644533 
702 345 18 23 0.021573257 
901 492 15 19 0.021536725 
679 319 10 13 0.021530187 
552 252 38 47 0.021517072 
631 259 13 15 0.021356417 
674 419 26 35 0.021348296 
12 419 23 30 0.021313101 
496 271 9 9 0.021302873 
19 426 22 30 0.021290537 
961 609 26 39 0.021256238 
677 295 19 23 0.02123732 
388 340 13 18 0.021186508 
603 303 19 24 0.021109423 
927 230 19 28 0.021103898 
377 341 21 27 0.021050299 
527 394 14 19 0.021035166 
509 301 19 26 0.021003798 
564 373 14 18 0.020933343 
617 204 12 16 0.020871017 
685 306 11 14 0.020746278 
776 388 13 17 0.02072251 
57 417 15 20 0.020632436 
757 268 10 14 0.02061096 
732 342 13 15 0.02059581 
910 262 11 12 0.020590961 
677 284 12 14 0.02057146 
818 293 20 28 0.020565776 
230 457 15 20 0.020519122 
90 308 11 14 0.020452606 
379 399 17 21 0.02039311 
693 355 12 16 0.02030392 
673 262 21 26 0.020203145 
101 486 13 15 0.020168038 
928 280 8 11 0.020041678 
611 303 11 14 0.02002842 
36 407 23 29 0.020025913 
102 434 14 18 0.020002568 
