2_Demonstration_Demonstration_Or_Protest_2_162
61
524 181 31 40 0.9991372 
689 107 146 189 0.9973902 
442 145 47 52 0.9963475 
607 154 31 38 0.9948315 
93 222 27 32 0.9760206 
251 111 140 206 0.9684335 
2 218 26 36 0.8949009 
554 184 21 28 0.71858084 
430 0 59 60 0.32352027 
621 260 36 45 0.2620313 
481 196 25 32 0.23711826 
70 241 16 21 0.19144188 
156 215 18 20 0.16768916 
956 214 10 13 0.1532801 
422 225 44 55 0.11720935 
564 257 27 38 0.11060903 
921 198 9 11 0.10027176 
943 222 9 13 0.0743433 
934 197 11 15 0.067121305 
975 150 9 13 0.064434625 
0 155 19 37 0.061277494 
150 225 23 28 0.057747927 
372 200 47 60 0.05187841 
184 267 28 30 0.04622658 
960 197 12 14 0.042624597 
1001 152 10 12 0.04171799 
925 197 11 15 0.040727396 
403 3 61 57 0.038711168 
600 245 81 95 0.036580294 
191 206 10 12 0.03638726 
951 219 10 14 0.036324017 
1004 154 10 13 0.035142876 
528 327 31 45 0.03321341 
549 262 41 55 0.03277196 
944 245 11 14 0.032207705 
958 204 11 14 0.030763049 
600 239 45 55 0.030617384 
609 193 15 20 0.03011793 
223 214 13 17 0.029824004 
964 200 12 15 0.02962321 
153 267 18 22 0.028475685 
479 324 26 39 0.02733158 
972 227 11 13 0.026657417 
566 236 46 53 0.026620265 
580 217 44 52 0.026209636 
23 265 26 33 0.025575997 
592 209 30 37 0.024563244 
109 226 20 23 0.023549939 
960 175 8 10 0.023518495 
129 258 26 28 0.0234967 
936 220 12 14 0.022693869 
934 193 9 12 0.022344185 
32 260 26 32 0.022254372 
922 192 19 25 0.022124942 
924 235 13 17 0.021877242 
920 202 11 16 0.020712174 
196 211 10 13 0.020611454 
942 216 9 11 0.020435397 
541 278 35 46 0.020278435 
530 295 39 55 0.020160196 
953 208 10 13 0.020129986 
