2_Demonstration_Demonstration_Or_Protest_2_799
302
469 269 11 14 0.9790212 
198 223 10 12 0.9204772 
556 198 9 11 0.890099 
277 302 13 18 0.87372917 
433 229 10 14 0.8690853 
620 236 11 14 0.84615 
164 226 12 16 0.7500316 
59 252 13 15 0.67980283 
871 234 11 14 0.65814847 
168 277 9 11 0.6048351 
28 209 13 16 0.5197858 
266 282 11 15 0.50333476 
363 301 16 19 0.49715173 
596 205 9 12 0.41986305 
684 199 8 11 0.3523758 
463 240 8 12 0.33544666 
59 258 15 18 0.31223044 
406 233 9 11 0.30256325 
484 196 10 12 0.2830684 
801 237 10 13 0.27124748 
477 236 10 12 0.25126845 
352 287 9 12 0.22929232 
880 307 9 11 0.19308783 
398 122 11 14 0.17789361 
327 188 9 11 0.16939801 
670 198 8 10 0.16552727 
452 184 12 16 0.16408825 
649 228 9 12 0.16141213 
229 245 11 14 0.16113664 
153 261 10 13 0.1528918 
447 219 10 12 0.14986439 
367 199 9 10 0.14091855 
912 237 7 8 0.13959698 
365 314 13 16 0.13830404 
857 244 10 14 0.13594684 
874 230 10 13 0.12938468 
854 272 9 12 0.12629229 
615 191 8 10 0.1245527 
214 308 11 12 0.1144326 
255 240 8 10 0.11111669 
703 126 11 14 0.10929207 
471 237 9 12 0.105886385 
647 222 9 12 0.09977346 
813 308 10 13 0.09893401 
913 232 7 10 0.09758834 
665 198 8 9 0.09188151 
809 304 9 11 0.08742247 
646 214 8 11 0.08235517 
769 217 8 10 0.07981638 
319 183 9 11 0.077868946 
311 231 9 12 0.07664096 
950 230 8 10 0.074743226 
258 196 9 11 0.07364443 
612 279 9 11 0.07355199 
350 205 9 11 0.07191436 
321 189 9 11 0.07177963 
381 291 14 18 0.071400784 
721 326 10 11 0.070796564 
774 219 8 11 0.0706812 
820 317 13 16 0.06917003 
668 321 9 10 0.06756967 
135 197 11 16 0.06747771 
402 231 9 11 0.06714311 
969 328 10 13 0.066881806 
666 246 8 10 0.065065995 
163 223 10 12 0.064979345 
263 245 10 11 0.06150632 
504 264 9 11 0.061085988 
408 261 8 11 0.060294777 
640 221 9 13 0.059715256 
924 268 11 14 0.059072785 
372 199 9 11 0.05852458 
476 221 11 12 0.057089966 
364 294 15 17 0.056911353 
313 286 9 11 0.05616512 
168 280 12 15 0.0552946 
646 288 10 13 0.055009827 
760 216 9 11 0.051175922 
664 323 11 12 0.05083228 
791 229 10 12 0.049558222 
247 228 8 11 0.04953132 
888 239 10 11 0.049225774 
945 230 6 9 0.04918074 
869 295 7 10 0.04866176 
388 286 9 13 0.048278067 
703 216 8 10 0.04763152 
220 301 9 13 0.047606595 
257 191 9 12 0.047426842 
743 199 8 10 0.04723569 
950 225 8 11 0.04677794 
974 295 8 9 0.046688866 
758 231 10 12 0.046660956 
711 303 8 9 0.04651459 
412 235 11 12 0.04640102 
885 304 8 11 0.045601856 
725 301 9 11 0.04495125 
329 244 9 11 0.04488174 
294 262 8 9 0.044800315 
148 217 12 14 0.044683874 
64 252 16 19 0.044678733 
641 214 8 11 0.04459345 
628 228 11 14 0.044472203 
360 197 9 12 0.044151332 
718 205 10 12 0.04373121 
318 197 12 13 0.043277808 
609 254 10 14 0.043006882 
843 231 12 14 0.042888895 
351 199 11 12 0.042756494 
459 238 8 12 0.042090453 
476 242 12 14 0.042035867 
289 214 7 11 0.041833095 
726 164 10 13 0.041701205 
737 201 8 10 0.04136543 
120 269 10 12 0.041224297 
925 263 11 13 0.040954802 
357 291 13 17 0.04077543 
726 296 9 11 0.040591087 
928 232 7 9 0.040459707 
743 292 10 13 0.040296707 
416 263 9 12 0.040026687 
48 302 8 9 0.039588727 
129 253 7 10 0.03954029 
1010 237 7 9 0.039277434 
471 216 11 12 0.039176334 
469 242 11 14 0.038728252 
30 216 12 15 0.03827281 
58 248 11 14 0.038245942 
313 182 9 11 0.03797708 
622 195 11 13 0.03743153 
639 208 8 11 0.03737669 
752 232 9 12 0.03730033 
776 261 8 10 0.037104495 
370 296 15 21 0.0369497 
366 192 10 12 0.036876757 
557 213 11 15 0.0365965 
999 235 8 11 0.0365462 
335 205 9 11 0.03624022 
752 277 9 10 0.036211353 
493 238 13 16 0.036115553 
774 232 8 10 0.035980195 
743 205 7 9 0.03584899 
350 279 9 12 0.03574776 
404 124 11 16 0.03569945 
486 237 10 14 0.035693187 
157 214 11 13 0.03525446 
647 183 8 11 0.035082113 
280 270 10 13 0.034833997 
495 229 9 11 0.034463037 
848 251 10 13 0.034195054 
196 218 18 22 0.033881288 
332 189 9 13 0.033450644 
296 255 8 11 0.033448532 
645 311 9 12 0.032979034 
484 201 12 14 0.032853406 
423 354 12 17 0.032709535 
223 241 21 27 0.032688312 
726 255 10 12 0.03243748 
936 230 7 9 0.03233447 
398 129 12 16 0.031852715 
335 244 9 11 0.031787734 
846 308 11 14 0.031731896 
803 326 12 15 0.03145503 
736 292 8 11 0.031325873 
435 223 12 14 0.031249542 
335 198 8 11 0.031092815 
790 223 10 13 0.030834068 
441 214 10 12 0.0308331 
39 267 9 12 0.030822229 
410 254 9 12 0.030630093 
664 192 9 12 0.03028291 
135 190 11 16 0.030025017 
355 286 11 15 0.029907078 
647 209 8 10 0.02978032 
691 284 11 13 0.029592209 
399 271 10 12 0.029343663 
269 246 8 11 0.029167717 
7 247 9 13 0.029014712 
629 220 14 17 0.028597081 
887 245 9 10 0.028391598 
553 193 17 21 0.028279658 
632 176 9 11 0.02822858 
690 335 10 12 0.028106319 
639 182 9 10 0.028077886 
751 195 9 12 0.028077317 
228 256 12 16 0.028073695 
680 255 10 11 0.027859634 
830 261 10 12 0.027714714 
350 211 10 11 0.027708737 
623 272 13 16 0.027651712 
960 254 9 11 0.027547395 
726 206 8 11 0.027354995 
666 240 9 11 0.027275812 
457 244 9 12 0.02713189 
182 325 9 11 0.026927875 
126 262 9 12 0.026764859 
248 222 9 13 0.026757607 
681 237 10 12 0.026548753 
748 289 11 15 0.026531225 
182 301 9 13 0.026530383 
177 302 10 13 0.026434697 
87 269 10 13 0.026408695 
451 220 10 13 0.026384374 
703 220 11 12 0.02628355 
382 303 13 18 0.026112722 
425 235 9 12 0.026053183 
184 295 9 14 0.025919383 
695 301 10 12 0.025824735 
628 269 14 18 0.02576554 
65 265 14 17 0.025715237 
680 312 9 12 0.02565652 
485 229 10 14 0.02559608 
607 203 10 13 0.025559874 
721 303 9 10 0.025516722 
993 231 9 12 0.025515217 
680 193 10 11 0.025345208 
346 277 9 11 0.025322678 
805 272 8 11 0.025115121 
419 264 11 13 0.025082318 
616 241 12 14 0.024818419 
867 230 19 23 0.024779728 
235 245 10 13 0.024681723 
222 294 8 13 0.024663337 
426 229 11 13 0.0245004 
918 231 8 9 0.024435751 
903 246 8 11 0.024435587 
921 275 9 12 0.024358986 
794 236 11 12 0.024351977 
249 238 8 11 0.024238784 
269 291 12 14 0.024215536 
919 295 10 12 0.02409726 
194 226 12 14 0.024066815 
240 228 11 13 0.024064777 
652 224 10 13 0.024059683 
157 256 12 16 0.024058433 
990 255 8 11 0.023952724 
263 309 9 13 0.023948716 
687 220 9 11 0.023933612 
814 254 9 12 0.023914928 
902 280 8 10 0.0238402 
721 309 9 11 0.023831569 
448 208 9 12 0.023747671 
349 296 13 19 0.023735682 
584 215 11 12 0.023656793 
614 196 9 12 0.023496855 
720 319 10 13 0.023318151 
835 233 195 226 0.02324821 
743 279 9 10 0.02313987 
941 255 8 11 0.022907307 
654 206 8 10 0.022835383 
145 302 8 10 0.022807322 
716 198 11 13 0.022780335 
904 344 8 11 0.022626696 
670 192 10 12 0.022613313 
877 224 10 12 0.022605026 
290 262 9 11 0.022594871 
254 230 8 10 0.022575593 
596 275 11 13 0.022526292 
960 247 9 11 0.022476317 
426 222 9 12 0.022374308 
200 336 10 11 0.022234393 
785 229 8 11 0.022208106 
141 203 11 12 0.02220034 
870 301 8 11 0.022002192 
182 320 8 11 0.021929123 
999 311 8 11 0.021795481 
112 216 7 9 0.02169985 
639 291 11 15 0.021448687 
327 229 9 11 0.02140022 
865 300 10 13 0.021364855 
797 223 11 13 0.021272298 
653 236 9 12 0.021258442 
223 228 10 12 0.021123728 
254 223 8 11 0.021102175 
814 320 15 18 0.02098794 
689 302 8 11 0.02098304 
495 310 11 13 0.020882599 
608 282 13 15 0.020792058 
758 197 8 11 0.020748125 
633 207 9 11 0.02074238 
320 276 11 12 0.020706316 
768 237 10 11 0.020655382 
911 317 9 11 0.020623801 
745 192 8 10 0.02061568 
929 344 7 9 0.02061296 
895 244 9 11 0.020582149 
298 316 9 12 0.020558568 
694 253 9 11 0.02037864 
188 293 12 16 0.02031772 
807 296 9 12 0.020280944 
68 244 13 17 0.020242564 
983 277 8 10 0.020237429 
358 212 9 10 0.020212736 
431 173 8 10 0.02020241 
863 289 10 11 0.020152936 
921 263 10 12 0.02013718 
975 300 8 12 0.020117834 
609 199 9 11 0.020099297 
332 183 9 12 0.020091137 
191 207 10 13 0.020043802 
685 231 10 12 0.020043569 
447 276 9 12 0.020028343 
463 232 9 13 0.020016145 
