2_Demonstration_Protesters_2_508
131
949 175 33 38 0.9972799 
868 140 26 39 0.9932874 
987 146 25 32 0.98950446 
314 180 32 38 0.98790926 
956 111 23 30 0.9794018 
716 167 40 43 0.9759663 
95 175 22 32 0.9509345 
236 181 26 37 0.9212679 
788 139 23 28 0.91007507 
935 151 23 32 0.8991424 
182 203 25 29 0.8653053 
654 155 28 33 0.8499628 
441 203 34 39 0.55823964 
266 179 25 31 0.44447497 
175 88 10 13 0.3617597 
541 162 26 41 0.28454816 
271 72 17 20 0.23620687 
966 115 21 29 0.21697475 
29 185 25 32 0.21077776 
254 179 25 34 0.16023904 
643 152 25 31 0.15929389 
190 177 23 31 0.15125774 
782 146 18 22 0.1481552 
635 151 14 21 0.12747672 
980 122 15 20 0.12309816 
671 157 19 24 0.11977243 
699 180 34 45 0.1177189 
182 216 28 34 0.11134124 
561 235 41 43 0.10955027 
259 197 23 30 0.09672781 
219 249 40 58 0.095570855 
430 191 26 34 0.09047671 
186 187 27 37 0.08397321 
637 159 16 23 0.08394104 
455 201 19 24 0.07993867 
750 366 14 16 0.07275728 
580 161 26 38 0.06823649 
866 123 13 17 0.06547921 
37 170 43 51 0.06334012 
309 132 14 16 0.06320376 
360 168 24 34 0.06123132 
499 199 17 21 0.05986329 
178 192 19 28 0.055931736 
96 148 26 30 0.052932676 
775 136 38 44 0.051009193 
22 163 29 37 0.048719574 
71 169 37 46 0.048400898 
749 212 15 19 0.04825208 
451 196 18 21 0.04736467 
286 178 33 47 0.04690686 
659 132 26 33 0.045956947 
301 181 28 39 0.0452974 
548 180 33 37 0.04489468 
684 156 13 19 0.042888697 
364 180 15 21 0.039355066 
493 204 15 18 0.03714425 
797 175 24 30 0.03688383 
15 192 27 34 0.03672995 
949 411 13 19 0.036486942 
975 395 11 14 0.035354093 
589 145 15 18 0.034517918 
988 98 15 19 0.034244962 
765 175 16 21 0.033407617 
855 140 12 18 0.03334202 
873 229 28 34 0.033051226 
673 145 17 23 0.032906037 
746 214 26 31 0.032632902 
116 228 15 17 0.031993262 
23 186 14 20 0.031770546 
435 110 11 13 0.031533614 
611 191 26 38 0.031463817 
378 156 34 49 0.031338654 
496 184 27 32 0.03125614 
487 205 24 31 0.030902969 
967 147 40 49 0.030750282 
867 130 16 23 0.03039308 
615 189 39 57 0.030252818 
706 202 19 27 0.029968912 
506 193 15 21 0.029350659 
439 120 11 16 0.02893371 
361 226 30 34 0.028332349 
235 34 12 15 0.02784179 
531 169 27 42 0.02778976 
453 202 44 52 0.027738996 
35 160 31 34 0.027422668 
830 294 16 21 0.026838426 
724 190 46 56 0.026335752 
58 170 34 40 0.026234487 
507 189 26 35 0.026081214 
180 178 25 37 0.025913993 
187 232 18 20 0.02583063 
558 189 34 38 0.025733635 
692 176 26 39 0.025698477 
369 84 15 17 0.025691116 
449 214 20 23 0.025439907 
370 175 14 22 0.025385447 
195 172 17 23 0.02458559 
709 193 36 42 0.024390047 
429 190 16 25 0.024148172 
307 133 22 26 0.024054011 
156 354 27 32 0.023987522 
181 157 24 30 0.023577547 
638 144 11 14 0.023325332 
103 184 19 26 0.02319538 
357 146 27 36 0.0228991 
371 168 26 36 0.022610838 
982 128 21 26 0.022423748 
84 177 40 50 0.02229454 
772 163 14 18 0.022158714 
441 203 23 22 0.021965446 
417 254 30 34 0.021860732 
205 62 9 11 0.02174908 
68 157 32 39 0.021610789 
577 543 27 31 0.021526504 
551 161 32 40 0.02134217 
345 152 29 42 0.021251706 
47 157 31 35 0.021228852 
508 159 24 34 0.021226132 
854 137 22 30 0.021033404 
914 142 22 38 0.020989021 
828 165 15 20 0.02079299 
556 248 35 43 0.020714827 
21 180 47 52 0.020608304 
342 196 27 33 0.020586565 
265 204 28 32 0.02050344 
642 148 15 20 0.020487377 
1012 202 11 17 0.020432282 
564 174 33 38 0.020378232 
225 289 34 51 0.020182906 
998 149 18 25 0.02001431 
767 159 25 30 0.020004427 
