2_Demonstration_Protesters_2_179
63
515 197 34 39 0.9981499 
643 155 32 43 0.9966556 
154 185 37 50 0.9885147 
3 317 12 15 0.7830515 
54 317 12 15 0.76446 
966 191 21 25 0.7202711 
978 191 16 20 0.6528978 
846 152 29 42 0.6482754 
101 317 12 17 0.30048096 
80 325 13 16 0.21307775 
865 141 39 42 0.21025874 
63 347 10 13 0.19083218 
3 255 14 19 0.18054499 
79 338 11 14 0.15552165 
854 130 30 37 0.15185314 
80 331 12 16 0.15008584 
47 368 11 14 0.1478815 
799 157 13 17 0.12932411 
93 321 14 19 0.09995197 
96 418 9 12 0.083385356 
671 456 13 14 0.08015315 
40 383 10 14 0.06251827 
688 140 25 37 0.053568076 
3 273 13 16 0.044680562 
84 320 14 17 0.041178446 
802 176 14 18 0.03954911 
749 158 11 14 0.03744842 
423 133 12 14 0.037312225 
869 130 30 35 0.035630967 
43 379 13 16 0.033941455 
91 396 10 14 0.033394303 
79 358 9 12 0.03329913 
700 133 14 15 0.0319876 
791 165 25 31 0.031715527 
6 282 13 17 0.031429037 
10 315 11 16 0.03136407 
716 160 15 17 0.0309748 
244 398 13 17 0.030877851 
13 307 12 16 0.030598368 
853 124 16 23 0.02989738 
923 236 44 51 0.029784916 
696 134 10 13 0.029775009 
70 359 11 13 0.029263237 
766 153 52 68 0.028735906 
701 138 25 31 0.028574964 
93 353 10 14 0.027328953 
106 232 24 32 0.027303424 
47 360 10 13 0.027083587 
21 308 12 17 0.026569864 
40 337 11 16 0.026357852 
70 342 10 13 0.026114676 
57 320 13 16 0.026043257 
13 285 11 14 0.025974184 
629 444 9 12 0.025885839 
42 365 11 14 0.02461965 
9 258 13 17 0.022679737 
10 266 12 16 0.022226293 
744 164 11 15 0.021857597 
38 309 11 15 0.021692272 
550 214 25 29 0.021662215 
963 190 37 44 0.021385431 
826 147 42 55 0.020857394 
87 356 10 13 0.02076983 
