2_Demonstration_Demonstration_Or_Protest_2_159
82
817 336 106 117 0.99981993 
267 377 55 62 0.9991511 
581 345 55 68 0.99875927 
670 383 32 40 0.99837023 
426 180 46 59 0.9561647 
527 413 32 40 0.9338126 
563 393 24 33 0.9158591 
174 157 49 58 0.82945395 
464 380 18 26 0.79618555 
215 416 17 23 0.78822863 
956 315 61 91 0.44900602 
293 200 17 23 0.24403603 
324 400 24 35 0.23868594 
240 392 27 40 0.23002572 
703 104 36 36 0.21732634 
509 78 22 25 0.20826367 
227 387 28 40 0.17708918 
740 73 40 42 0.13759486 
221 387 23 27 0.12156333 
294 381 47 57 0.11595877 
406 383 12 18 0.102688946 
770 325 33 48 0.09110513 
453 372 23 31 0.09028525 
406 371 25 32 0.085460365 
171 188 40 42 0.08138372 
223 391 13 17 0.07758257 
166 400 21 33 0.07052434 
500 344 25 34 0.06455495 
126 403 26 38 0.06423366 
216 394 13 16 0.059937697 
415 375 29 32 0.05717122 
431 374 24 27 0.05465274 
516 383 14 22 0.053274818 
476 372 15 23 0.04995971 
717 86 48 50 0.049716737 
612 83 10 14 0.04881935 
141 515 38 51 0.047867507 
444 362 23 35 0.04609085 
185 438 27 39 0.0460594 
200 411 12 16 0.045709793 
205 411 21 27 0.04498514 
374 398 11 16 0.044798665 
523 380 12 17 0.0433859 
222 400 26 34 0.042866975 
555 388 41 57 0.040685415 
367 399 12 15 0.039975014 
396 373 23 33 0.038840868 
488 357 26 34 0.038007252 
50 392 14 20 0.035403203 
484 371 14 22 0.03459376 
460 392 23 29 0.03429427 
194 445 29 35 0.03341679 
506 358 18 25 0.03322995 
233 376 25 33 0.03314504 
518 163 37 45 0.03158452 
474 377 21 30 0.031456213 
659 358 23 29 0.031189976 
154 403 28 37 0.030509753 
243 384 15 19 0.030386234 
712 366 24 30 0.028904831 
709 63 51 55 0.028785544 
49 340 12 15 0.027475426 
219 397 18 23 0.026399733 
200 420 27 34 0.025986958 
141 402 26 35 0.02547186 
176 427 24 37 0.025082264 
172 394 15 20 0.024957115 
510 95 15 19 0.02486921 
676 513 39 46 0.024630196 
380 379 22 29 0.024325052 
530 425 19 23 0.024013996 
757 371 47 58 0.023774402 
198 415 17 23 0.02369865 
382 400 12 17 0.022747748 
335 408 16 22 0.022616994 
662 364 14 17 0.021870498 
359 398 12 15 0.02184948 
144 435 25 33 0.021576036 
28 318 54 69 0.021255273 
230 383 14 18 0.02124063 
367 399 20 25 0.020985685 
383 388 13 16 0.020925686 
