2_Demonstration_Demonstrators_2_329
96
252 96 61 77 0.9996307 
203 46 49 65 0.99906033 
376 97 25 32 0.99814975 
931 182 33 38 0.99811566 
709 164 25 35 0.99710625 
859 165 40 49 0.99502075 
113 31 38 50 0.9848972 
792 189 21 28 0.9688674 
131 89 50 55 0.9530048 
664 150 24 32 0.9241742 
961 192 22 30 0.9207008 
729 168 23 29 0.91977596 
980 221 25 31 0.912122 
683 228 28 38 0.8719577 
28 1 47 52 0.8591559 
605 174 11 14 0.82661223 
620 156 10 12 0.64632803 
808 211 21 30 0.33458892 
769 210 24 35 0.22979389 
646 161 14 21 0.19740607 
905 168 23 34 0.18444334 
1005 220 16 22 0.16103555 
591 158 11 14 0.15148412 
789 255 16 22 0.1143663 
600 198 8 11 0.11263424 
551 210 13 16 0.11219502 
909 165 15 18 0.10378259 
715 157 35 46 0.095875464 
955 208 26 34 0.09465148 
598 165 10 12 0.08874069 
755 211 29 36 0.075543545 
802 192 22 28 0.075246185 
654 152 21 29 0.071590416 
585 144 7 10 0.07075902 
777 204 34 48 0.059786815 
950 184 27 34 0.051669788 
991 221 21 25 0.0514783 
987 213 15 18 0.049699664 
640 161 14 18 0.047920473 
741 214 29 35 0.047898475 
586 158 9 12 0.046806265 
6 222 24 39 0.045112077 
779 209 15 23 0.044433963 
978 202 15 19 0.043339696 
380 125 25 32 0.04257117 
58 501 16 20 0.04176298 
793 316 38 56 0.041486062 
957 204 18 24 0.041230023 
972 214 25 34 0.040781997 
666 163 16 24 0.0401413 
585 148 8 11 0.039377045 
794 203 38 49 0.038807634 
967 189 17 20 0.038069617 
71 51 31 36 0.036874704 
948 294 13 17 0.036700193 
882 406 55 73 0.03656704 
605 150 9 12 0.034822967 
585 164 9 12 0.034561753 
813 202 16 21 0.033912964 
646 177 12 16 0.03390149 
602 179 10 14 0.033238083 
602 144 8 10 0.033213858 
623 181 10 12 0.03309681 
372 93 41 52 0.03228612 
606 156 11 13 0.03204834 
49 10 39 43 0.031269833 
615 151 19 22 0.031247936 
600 189 10 13 0.030541008 
760 185 25 29 0.028656783 
738 220 18 25 0.027818237 
599 149 10 12 0.026899245 
631 157 10 13 0.026674114 
786 198 23 33 0.026444485 
592 182 8 11 0.02618763 
575 150 8 11 0.026165951 
10 0 43 39 0.026153846 
467 65 15 18 0.025652241 
562 206 14 19 0.025161738 
604 197 9 13 0.024493609 
-5 213 47 68 0.024464251 
994 212 16 20 0.024436705 
416 110 57 71 0.024415616 
373 145 13 19 0.02423565 
568 182 9 12 0.023184469 
565 166 9 11 0.023095483 
721 217 25 34 0.022644972 
115 59 48 57 0.022355687 
684 177 25 31 0.022245038 
91 2 20 20 0.022170672 
980 209 17 21 0.02195801 
376 135 27 39 0.021706704 
590 152 9 11 0.021470105 
704 178 29 37 0.021114355 
759 216 40 46 0.02109583 
-1 1 36 44 0.020889647 
1002 281 24 46 0.020149166 
