2_Demonstration_Demonstration_Or_Protest_2_942
49
160 110 509 607 0.9999229 
161 189 19 22 0.63016415 
567 1308 55 69 0.22595587 
600 1221 21 25 0.17733458 
549 1220 27 32 0.17521617 
149 216 15 18 0.124517635 
322 1011 16 20 0.088623025 
241 1421 133 124 0.08690548 
270 1020 12 16 0.084781535 
336 966 11 15 0.06965218 
559 1217 28 31 0.06797765 
545 1279 92 105 0.05823771 
341 964 11 14 0.0570484 
285 1449 131 89 0.042093996 
248 870 9 11 0.040316895 
318 911 11 14 0.038618367 
630 1274 13 16 0.037235223 
246 920 10 12 0.037018545 
248 967 9 11 0.034640815 
275 1021 14 17 0.034517884 
257 910 9 11 0.032648835 
1013 1192 11 17 0.03241997 
211 931 14 19 0.031942725 
350 1078 11 17 0.030249022 
379 1065 13 17 0.029873949 
648 1420 14 16 0.028395368 
191 1423 115 119 0.027910698 
397 1160 41 55 0.02582238 
290 918 8 11 0.025181126 
272 887 9 12 0.02513021 
181 886 26 31 0.025063261 
534 1218 47 55 0.024040865 
590 1255 11 15 0.023993986 
227 907 11 14 0.023918068 
172 228 16 19 0.023518234 
560 1212 19 23 0.023258928 
255 869 10 12 0.023254994 
315 1054 15 20 0.023037605 
341 1020 11 15 0.0224186 
871 1319 13 19 0.022372087 
151 261 14 18 0.021997819 
328 970 11 15 0.021859104 
392 1168 27 39 0.02183004 
854 965 12 15 0.020909231 
537 1196 10 11 0.020871071 
306 963 14 19 0.020823509 
989 736 36 45 0.020317653 
847 884 13 16 0.020049436 
342 1077 15 19 0.02001166 
