2_Demonstration_Protesters_2_476
112
769 357 25 32 0.9962565 
685 382 22 31 0.9927302 
187 412 26 36 0.99174225 
409 379 48 54 0.9891705 
273 385 41 55 0.98581725 
198 357 28 38 0.9728521 
920 375 22 27 0.883712 
17 342 28 40 0.87465966 
106 383 51 58 0.7558128 
97 316 36 39 0.6211841 
582 401 27 33 0.61531115 
325 391 31 40 0.5006237 
450 381 26 36 0.34597194 
329 377 31 39 0.3354357 
255 369 31 42 0.3040676 
882 379 16 19 0.29141295 
612 375 14 18 0.2344499 
789 478 16 19 0.19754787 
255 358 29 32 0.13864206 
618 395 17 22 0.10041713 
239 340 11 14 0.09444772 
883 387 18 22 0.0943614 
197 414 28 39 0.08634558 
103 318 54 59 0.07782289 
762 337 38 58 0.07492007 
334 400 31 39 0.073546246 
626 398 17 24 0.067388706 
879 373 14 20 0.0664037 
122 279 46 53 0.062187355 
240 376 27 35 0.06160768 
221 345 13 15 0.053526007 
173 366 22 29 0.048876263 
162 400 18 24 0.0488666 
387 418 23 29 0.046214964 
634 401 14 20 0.04610482 
118 249 34 35 0.045995176 
136 392 33 44 0.04585908 
253 360 16 22 0.044375613 
594 374 12 17 0.044238552 
99 347 62 72 0.044125464 
137 333 24 28 0.042532116 
609 379 24 27 0.041911915 
187 348 12 16 0.041785154 
218 363 15 20 0.03966051 
193 335 8 10 0.038339235 
164 397 28 36 0.038328476 
681 371 18 21 0.03756494 
652 383 17 23 0.0370853 
660 452 18 19 0.03639808 
178 342 8 10 0.03548431 
612 354 12 15 0.03511889 
108 292 47 54 0.033695683 
491 402 23 27 0.033140123 
318 404 40 51 0.032869287 
175 400 33 40 0.032325964 
259 349 15 18 0.031665202 
865 437 23 35 0.031628933 
220 353 14 19 0.031509064 
612 364 13 16 0.03119136 
580 469 24 35 0.030739624 
632 356 10 15 0.030241188 
619 404 17 23 0.029475795 
951 369 15 22 0.028872872 
182 343 9 12 0.028870437 
167 369 15 21 0.02820354 
145 334 15 17 0.027922284 
23 365 15 22 0.02687224 
315 398 28 39 0.026334696 
188 355 14 20 0.025637727 
616 331 13 16 0.02554326 
231 356 11 17 0.02448224 
237 334 21 26 0.02421344 
646 373 12 17 0.023787502 
889 381 15 18 0.023486575 
78 355 15 19 0.023270218 
205 341 11 12 0.023263056 
130 431 26 30 0.023118272 
206 358 39 49 0.023065617 
25 338 17 24 0.023042068 
344 382 18 23 0.022863371 
181 355 24 33 0.022619 
617 371 15 20 0.022586245 
943 481 13 17 0.022517402 
226 359 22 30 0.022398464 
890 205 49 63 0.022362014 
70 361 49 56 0.022355197 
597 407 20 23 0.02233302 
235 370 16 20 0.02230401 
341 314 31 40 0.02226651 
272 339 11 15 0.022256345 
654 372 14 17 0.022156356 
667 392 16 21 0.022049408 
243 371 14 19 0.022010041 
358 407 15 19 0.02200793 
955 458 39 56 0.021832313 
64 320 9 11 0.021759724 
670 371 14 19 0.021687552 
275 567 31 32 0.021523932 
190 342 10 13 0.021466099 
684 363 15 19 0.021308964 
66 394 48 53 0.021248741 
230 372 25 31 0.021180307 
109 256 30 36 0.020757066 
673 386 25 34 0.020742258 
84 323 28 33 0.020601433 
633 422 22 32 0.020539427 
644 337 13 16 0.020533437 
204 336 10 11 0.020478344 
620 366 23 30 0.020348046 
243 335 12 15 0.020196116 
177 337 8 11 0.020158548 
676 364 17 20 0.020133125 
