2_Demonstration_Demonstrators_2_488
28
509 1 139 142 0.9999105 
228 40 117 155 0.9998578 
0 75 35 46 0.9907577 
981 134 44 88 0.8997654 
385 0 43 31 0.89871985 
151 28 80 107 0.8031594 
432 10 59 52 0.56102705 
945 165 34 48 0.3986258 
184 31 95 127 0.2379113 
166 44 38 49 0.18057626 
155 166 28 35 0.118029475 
956 152 45 76 0.08960734 
146 14 61 82 0.0849298 
446 94 72 119 0.081955604 
396 0 61 54 0.074047595 
181 18 67 83 0.069213405 
485 49 116 129 0.063777536 
471 86 94 121 0.060520492 
143 154 42 60 0.057878684 
270 -2 51 37 0.04706026 
133 72 51 66 0.033033215 
91 122 26 33 0.032133423 
471 4 115 114 0.03181763 
971 96 45 103 0.031670827 
424 13 95 97 0.029260093 
65 170 36 39 0.026481302 
16 69 32 42 0.02270528 
436 43 107 141 0.020689204 
