2_Demonstration_Demonstration_Or_Protest_2_600
628
150 308 35 41 0.99912256 
46 238 73 91 0.9963965 
891 280 46 75 0.9931084 
868 223 25 29 0.984279 
479 301 27 32 0.9775572 
678 351 32 45 0.9707596 
221 389 36 50 0.96455204 
817 304 33 50 0.9482436 
833 117 11 15 0.9218139 
379 148 17 19 0.9215472 
946 402 36 49 0.91541564 
852 138 13 19 0.90113926 
637 149 19 23 0.88533455 
254 109 11 14 0.87485504 
733 151 11 14 0.8598432 
285 149 13 15 0.81775445 
124 111 12 16 0.7516889 
958 124 13 16 0.75025964 
660 120 10 13 0.7435585 
598 109 10 13 0.7266213 
55 151 19 22 0.7175758 
951 269 29 35 0.7120453 
732 110 11 14 0.7001726 
435 107 11 14 0.67941344 
190 144 19 22 0.67611194 
240 164 14 17 0.67565536 
77 102 12 15 0.6718259 
687 103 11 13 0.6503695 
458 429 108 113 0.6471072 
703 129 11 14 0.629531 
111 35 10 12 0.6240611 
24 104 14 18 0.6082992 
227 102 11 14 0.6041065 
540 112 10 13 0.57898796 
0 156 11 17 0.5763543 
507 146 15 19 0.5612644 
500 108 11 14 0.54253364 
899 125 10 14 0.5289579 
341 312 23 27 0.5099767 
941 147 13 17 0.5084084 
564 126 12 15 0.5024228 
799 150 11 14 0.5000715 
84 46 11 13 0.4710472 
30 152 17 21 0.46899834 
615 95 12 13 0.44854423 
400 106 13 15 0.41877034 
372 110 11 14 0.40461043 
152 55 8 10 0.4024083 
541 216 12 14 0.40216964 
918 147 13 16 0.39717984 
310 105 14 16 0.36917716 
709 157 10 12 0.36914283 
397 183 14 16 0.36018828 
773 119 10 12 0.34244815 
197 279 22 27 0.3246011 
78 170 15 18 0.3241051 
793 117 11 13 0.31524876 
479 108 11 12 0.3026284 
301 222 15 17 0.30175775 
267 229 18 22 0.30082697 
792 111 10 12 0.2955543 
221 48 9 12 0.28495142 
407 125 12 15 0.2794646 
848 135 12 17 0.26239273 
756 179 11 13 0.25629696 
759 118 10 12 0.25546578 
635 111 8 9 0.2502254 
5 31 10 13 0.24719477 
241 56 9 11 0.24368142 
819 112 8 11 0.24048781 
69 47 8 10 0.23773417 
462 128 12 16 0.23614945 
273 59 10 12 0.2353208 
102 156 12 16 0.22262682 
168 101 12 16 0.2208619 
182 120 11 14 0.2021786 
505 191 10 14 0.20012549 
30 46 8 11 0.19863595 
545 167 10 14 0.19624786 
827 137 13 15 0.18977556 
741 190 12 14 0.18878792 
919 113 9 11 0.18758813 
965 265 22 27 0.1873302 
139 147 15 19 0.18456012 
433 104 10 12 0.18040326 
406 118 11 13 0.17439125 
729 153 12 15 0.17352581 
911 112 9 11 0.17031625 
639 358 24 37 0.17014988 
433 171 10 13 0.16882747 
629 122 11 15 0.16807385 
798 142 12 15 0.16346265 
604 110 9 13 0.1563663 
288 155 15 17 0.15556951 
848 112 9 10 0.1521673 
925 165 14 19 0.15064256 
753 117 9 11 0.14704849 
725 142 9 12 0.14526606 
999 86 11 14 0.1396487 
637 118 9 11 0.13497937 
886 148 13 16 0.13257654 
432 87 9 12 0.13249782 
813 125 9 12 0.13203047 
884 111 9 11 0.13182795 
620 98 9 12 0.13043888 
221 125 12 16 0.12890731 
696 172 11 12 0.12741296 
539 189 11 13 0.12650244 
740 151 10 13 0.123985395 
984 142 8 11 0.12355647 
774 188 9 12 0.12118907 
762 198 9 13 0.11737982 
262 187 11 14 0.11657644 
148 167 18 22 0.11571446 
850 290 46 65 0.11371662 
637 144 13 16 0.11352581 
240 75 9 12 0.11142043 
430 154 12 14 0.11138969 
988 387 32 40 0.11100054 
339 102 11 14 0.109923914 
562 109 9 12 0.10984692 
511 317 17 19 0.10975676 
764 203 10 12 0.10965623 
709 109 8 11 0.10944504 
133 151 15 19 0.10791344 
767 118 10 12 0.10716801 
215 125 12 15 0.107134454 
664 364 38 44 0.105623 
561 118 10 13 0.105476536 
156 127 15 18 0.10527037 
954 265 20 23 0.104604006 
672 166 8 11 0.10396155 
470 159 10 13 0.10353886 
512 133 10 12 0.1031099 
28 142 15 18 0.1025187 
895 128 11 15 0.100766726 
887 141 12 13 0.0996604 
390 119 9 12 0.09813149 
467 125 11 14 0.09745701 
897 269 31 51 0.09721886 
537 183 9 12 0.09668561 
912 387 33 36 0.09650138 
1006 117 10 16 0.09513781 
889 134 10 13 0.094427705 
632 118 11 15 0.09397963 
422 119 10 12 0.093243055 
695 168 9 12 0.092948966 
913 135 12 14 0.09197542 
795 303 42 55 0.09167944 
537 66 10 13 0.09150162 
181 442 105 101 0.091072485 
497 105 11 12 0.090474725 
976 116 9 12 0.08962193 
454 113 9 11 0.0891424 
423 184 12 14 0.089003496 
813 133 9 12 0.08877531 
137 172 24 26 0.08691055 
582 111 8 10 0.086353146 
423 141 10 12 0.08600779 
823 116 10 13 0.08342872 
21 145 17 22 0.082776375 
915 136 19 24 0.08217469 
814 151 10 12 0.081727184 
766 158 8 11 0.080951735 
57 61 8 9 0.080615185 
110 128 10 13 0.07981807 
928 111 9 12 0.07886659 
631 624 31 32 0.07852806 
786 308 27 43 0.07837761 
609 158 11 13 0.07788576 
932 108 10 12 0.07775805 
304 108 12 14 0.077294186 
721 150 9 12 0.07712982 
232 63 8 10 0.07702366 
131 141 15 19 0.07695017 
881 115 9 11 0.076793924 
856 143 16 19 0.07598111 
303 129 11 15 0.07575014 
962 329 28 44 0.07444815 
758 167 11 12 0.07439607 
946 141 12 17 0.07393983 
904 148 9 12 0.07375243 
436 167 12 14 0.07320421 
834 180 11 14 0.072434485 
831 289 40 62 0.0721154 
816 115 10 13 0.07209606 
316 125 15 18 0.07184123 
680 199 12 15 0.07175379 
803 153 12 15 0.07123247 
127 147 13 17 0.071057335 
63 142 12 15 0.07051612 
464 110 9 12 0.07043352 
480 165 10 13 0.070066094 
469 118 9 11 0.06990068 
717 190 11 13 0.069863066 
970 226 20 22 0.0691597 
679 108 10 11 0.06903671 
983 119 8 11 0.0687385 
980 307 33 38 0.06818822 
153 127 11 14 0.06689249 
986 124 9 13 0.06668335 
907 111 8 11 0.06553409 
963 130 11 14 0.06505902 
477 159 11 13 0.06474814 
940 350 25 30 0.0647317 
829 154 11 15 0.064541444 
86 41 9 12 0.06331078 
463 176 10 12 0.063213006 
83 106 10 13 0.06303733 
783 111 9 10 0.06299591 
987 131 11 15 0.062015142 
759 113 9 12 0.061986186 
1013 117 9 15 0.06164502 
815 179 12 14 0.06162362 
549 132 10 13 0.061024014 
655 134 9 12 0.060613636 
750 150 9 11 0.060252458 
418 325 16 20 0.06003176 
589 133 10 13 0.059867494 
901 118 11 14 0.05957156 
935 142 12 15 0.059055954 
929 168 16 20 0.058959357 
564 104 9 11 0.05886795 
922 156 13 17 0.058788825 
515 339 16 20 0.05815087 
334 95 10 12 0.058099724 
61 61 8 9 0.058089394 
107 36 10 12 0.058057934 
424 168 9 12 0.05738098 
661 142 10 14 0.057221748 
983 400 26 38 0.05703444 
833 102 9 11 0.056993566 
324 226 14 16 0.056524877 
345 156 16 19 0.056143623 
656 140 11 14 0.055796053 
136 185 25 28 0.05457009 
950 340 25 37 0.05454935 
232 68 8 12 0.054461773 
261 127 11 14 0.054419287 
510 181 9 12 0.054335628 
647 131 11 13 0.05414985 
13 126 10 13 0.05414071 
839 157 12 14 0.05409977 
844 156 11 15 0.053773366 
114 30 11 14 0.052787334 
432 80 8 10 0.05263009 
594 106 8 11 0.05259279 
868 255 17 23 0.05250118 
480 171 11 13 0.052271564 
823 155 11 14 0.052211426 
246 72 9 11 0.051870495 
127 131 13 16 0.051644344 
519 139 11 14 0.051500898 
471 111 8 12 0.051255256 
795 122 10 13 0.050759103 
435 93 10 12 0.05054388 
437 112 11 14 0.050491314 
222 120 10 12 0.049741413 
830 148 12 15 0.049712054 
767 188 12 15 0.04949036 
994 86 9 13 0.049295742 
704 120 10 13 0.048847407 
632 104 9 11 0.04872909 
975 142 10 12 0.048576955 
414 119 9 13 0.04847376 
630 164 12 16 0.04802339 
972 221 15 17 0.047988307 
767 182 11 14 0.047680285 
769 151 8 10 0.047628734 
590 127 9 12 0.046990804 
464 157 12 15 0.04696368 
405 224 12 16 0.046724666 
535 193 13 16 0.046628732 
224 59 9 12 0.04623254 
865 235 28 37 0.04620965 
968 314 33 48 0.046051178 
0 155 18 26 0.045943025 
85 97 10 12 0.045863558 
138 386 44 44 0.04566476 
242 218 21 25 0.045654956 
96 133 10 13 0.045649648 
912 147 11 15 0.045425326 
752 272 18 20 0.04532534 
765 165 9 11 0.045258883 
227 128 13 16 0.045204353 
838 134 10 13 0.045185186 
662 130 10 13 0.04508108 
637 122 11 14 0.045023996 
180 402 51 56 0.04498429 
372 124 13 16 0.04498379 
430 62 8 9 0.04463328 
943 133 13 14 0.044558056 
687 126 9 12 0.044461526 
252 137 14 18 0.04427774 
242 30 8 12 0.044091284 
608 99 9 12 0.043746848 
127 176 40 47 0.043571383 
425 148 11 13 0.0428897 
966 141 11 14 0.04262256 
232 163 12 18 0.042417634 
360 181 11 14 0.042178024 
151 48 10 13 0.041884497 
626 121 9 12 0.041693795 
688 130 11 15 0.041273307 
257 184 12 17 0.041256346 
610 95 10 13 0.041106082 
749 188 10 13 0.040998176 
211 189 13 16 0.04072349 
935 154 12 15 0.040641196 
776 112 9 11 0.040347803 
375 105 9 12 0.04033416 
622 147 12 14 0.040222075 
329 172 15 18 0.04020865 
448 109 9 12 0.04013392 
62 156 20 27 0.039770573 
837 101 8 11 0.039528966 
301 182 13 16 0.039521076 
691 106 10 13 0.039519925 
759 312 39 55 0.039441556 
599 130 9 13 0.039193828 
538 216 22 25 0.03915368 
138 161 23 25 0.039146278 
681 119 9 11 0.038900126 
500 374 31 41 0.038873654 
70 162 20 27 0.038628824 
785 134 8 11 0.03859267 
588 137 12 16 0.038487926 
836 112 10 13 0.038384847 
8 147 22 28 0.038369667 
705 151 11 13 0.038324192 
973 134 11 12 0.03821975 
759 190 9 13 0.03813245 
356 110 10 11 0.03808665 
134 178 14 18 0.03778875 
792 216 10 11 0.037459802 
127 263 28 33 0.037440334 
163 131 13 16 0.037285194 
853 111 9 11 0.036816098 
185 64 7 10 0.036565274 
933 102 9 12 0.03654905 
70 51 9 11 0.036423713 
106 162 14 17 0.03640994 
405 96 9 11 0.036121644 
989 118 11 13 0.035969116 
1 193 11 18 0.035963386 
96 127 9 13 0.035941716 
380 156 15 20 0.035922885 
767 172 10 13 0.035920084 
823 150 10 13 0.035735458 
710 178 12 15 0.035629522 
855 117 9 11 0.035611708 
325 232 18 21 0.03550705 
190 65 8 10 0.035454176 
291 168 13 16 0.03521687 
23 96 11 15 0.035027012 
126 163 13 17 0.035024744 
773 150 9 11 0.034701202 
297 94 8 10 0.034547817 
695 179 14 18 0.034546237 
127 170 13 17 0.034245234 
962 398 31 45 0.034214918 
301 95 9 11 0.034199797 
512 128 9 11 0.034199215 
483 167 13 14 0.034155577 
800 165 10 13 0.034032054 
243 172 15 22 0.033916146 
45 152 19 25 0.033901833 
855 126 12 14 0.033857323 
185 69 8 11 0.033687983 
69 135 11 14 0.033634763 
188 414 68 71 0.033619285 
871 116 9 11 0.033503875 
51 157 23 32 0.03347441 
814 141 9 12 0.033422865 
399 113 13 16 0.033389594 
277 176 14 18 0.033373814 
736 95 9 11 0.033278458 
863 118 8 11 0.03304835 
414 147 9 13 0.033036176 
877 174 16 23 0.03301987 
205 402 40 43 0.033016607 
65 146 15 20 0.03293297 
144 48 8 11 0.032919325 
425 426 45 63 0.032898836 
708 118 10 13 0.032872155 
448 78 8 10 0.03259796 
835 149 12 15 0.032480314 
1002 313 16 23 0.032396637 
656 114 9 11 0.032356497 
73 95 10 12 0.032334436 
944 261 24 32 0.032100745 
485 103 10 12 0.03207844 
62 55 9 10 0.03192833 
129 453 68 73 0.031870343 
432 103 17 21 0.03183311 
325 115 12 15 0.031773075 
501 422 131 125 0.03172775 
411 130 11 15 0.03172477 
137 48 9 10 0.031689715 
598 180 11 13 0.03153459 
791 220 12 14 0.031385966 
413 103 8 11 0.031306285 
972 122 11 14 0.031106472 
416 172 10 12 0.031024473 
695 129 12 17 0.0310129 
189 69 8 11 0.03095461 
1005 92 9 11 0.030868024 
126 153 13 18 0.030771771 
535 158 10 12 0.030545197 
896 122 11 13 0.030532444 
975 158 10 12 0.030523494 
949 131 12 14 0.03051761 
969 147 10 13 0.030455187 
455 77 9 11 0.030325033 
851 218 30 34 0.030322842 
170 138 13 16 0.03032124 
215 120 11 13 0.03031561 
425 86 10 13 0.030213973 
867 147 13 17 0.030154303 
933 138 19 24 0.030053452 
246 36 9 11 0.029977063 
33 191 22 27 0.029876988 
258 114 11 14 0.02984285 
144 61 10 12 0.029794522 
506 326 24 26 0.029790819 
782 117 9 12 0.029726984 
263 21 9 11 0.029714039 
793 142 9 12 0.029702691 
537 107 17 21 0.029535817 
705 104 10 13 0.029534383 
921 414 31 37 0.029320188 
72 86 9 11 0.02926454 
157 61 9 10 0.029206112 
315 197 11 14 0.02913895 
34 161 20 29 0.029126752 
315 114 15 19 0.029047906 
766 113 9 10 0.028988473 
391 319 12 17 0.028962012 
525 172 10 12 0.02878912 
971 268 26 34 0.028744986 
453 163 10 13 0.028568728 
231 55 8 10 0.028370949 
14 98 13 18 0.028350092 
710 161 11 14 0.02833838 
112 109 9 13 0.028284138 
909 173 11 16 0.028100053 
414 140 10 14 0.027983831 
438 78 8 11 0.027940953 
638 629 16 19 0.027903588 
463 79 8 10 0.027864503 
147 154 15 19 0.02781167 
309 127 15 18 0.027744576 
236 119 11 13 0.027714644 
672 78 9 12 0.027680812 
666 125 10 13 0.027585015 
230 48 8 10 0.02744917 
927 175 13 18 0.027426414 
96 38 9 10 0.027426394 
593 114 10 13 0.027307175 
1015 109 10 15 0.027230855 
116 169 14 19 0.027210696 
735 315 42 55 0.027125645 
707 138 13 16 0.027100824 
517 68 11 12 0.027100215 
632 147 13 19 0.027086288 
811 253 13 14 0.027040076 
462 85 9 11 0.027013123 
172 95 11 15 0.02683453 
872 111 9 11 0.026786717 
381 110 9 12 0.026705427 
406 138 13 16 0.026683344 
434 157 12 15 0.026679207 
277 162 15 18 0.026620762 
804 166 12 14 0.02657085 
112 239 46 59 0.02645666 
932 149 22 25 0.026346963 
664 166 11 15 0.026253253 
966 180 10 13 0.026218738 
69 41 10 13 0.026121091 
592 179 12 13 0.026088646 
31 50 8 11 0.025954222 
209 276 17 24 0.025684055 
429 180 10 14 0.025598519 
0 308 20 45 0.02547128 
270 164 12 16 0.02543505 
217 40 8 11 0.025424197 
983 146 9 12 0.025382297 
176 116 12 16 0.025360532 
25 40 9 12 0.025328469 
661 113 9 11 0.025303215 
17 93 19 27 0.025232045 
651 352 40 49 0.025179315 
243 60 9 11 0.025132699 
959 136 13 17 0.025093947 
990 308 16 19 0.025065716 
861 124 11 14 0.025032299 
984 125 18 25 0.024962006 
674 108 9 11 0.024951052 
805 141 10 12 0.024847304 
131 161 16 20 0.024831839 
794 149 10 13 0.024671836 
608 152 10 11 0.024668867 
910 125 11 13 0.02462541 
677 85 8 11 0.0244751 
929 94 8 10 0.024454627 
145 54 9 11 0.024369376 
156 47 11 13 0.024326207 
1006 226 14 22 0.024314882 
422 135 10 12 0.024313184 
221 177 14 20 0.024164284 
780 188 9 13 0.02412623 
502 144 14 17 0.024074674 
772 173 10 12 0.024031857 
1005 79 9 11 0.023999749 
265 55 8 11 0.023921998 
858 133 14 18 0.023912514 
980 260 15 18 0.023801746 
175 55 8 10 0.02373451 
496 103 18 22 0.023719387 
383 116 10 13 0.023706142 
234 125 12 15 0.023638338 
359 173 12 15 0.023615133 
118 163 12 16 0.023573082 
106 28 20 25 0.023570115 
71 126 11 14 0.023568004 
789 134 9 12 0.023517093 
518 174 12 13 0.023405064 
937 163 15 18 0.023362214 
792 105 10 12 0.023261191 
293 276 111 125 0.023194743 
819 172 12 16 0.023147011 
81 50 10 12 0.023110095 
504 55 9 11 0.023082877 
103 130 11 16 0.02306498 
130 115 13 15 0.023051232 
456 86 9 11 0.022900233 
967 174 10 14 0.022893611 
726 137 10 12 0.022838779 
357 118 10 12 0.022826893 
446 164 10 13 0.022805039 
36 174 15 21 0.02278903 
774 167 9 11 0.022733388 
177 118 19 22 0.022611024 
964 119 11 14 0.022561772 
131 167 21 25 0.022555849 
232 374 44 65 0.022521218 
317 79 9 12 0.022518447 
269 54 19 23 0.022475546 
6 25 9 12 0.02245106 
643 143 12 15 0.022344131 
495 311 27 31 0.02231994 
351 102 10 13 0.022171095 
296 131 11 15 0.022137027 
969 290 36 48 0.022111924 
264 79 9 11 0.022106549 
573 157 10 12 0.022087418 
205 156 11 15 0.021999259 
996 314 26 36 0.021943588 
614 150 10 13 0.021907976 
824 105 8 11 0.02189686 
284 168 14 18 0.02188037 
595 104 17 23 0.02179098 
640 132 11 15 0.021772943 
252 165 10 14 0.021758756 
13 118 11 14 0.021749698 
712 186 12 15 0.021740753 
79 69 11 14 0.021735238 
699 185 12 17 0.021726683 
395 189 17 20 0.021716466 
677 79 8 11 0.02170574 
183 130 12 16 0.021646101 
1005 268 12 16 0.021580085 
973 261 15 20 0.021546595 
0 184 19 30 0.021501223 
93 157 20 25 0.021482717 
148 47 20 25 0.021460563 
585 127 9 11 0.021456327 
813 166 11 15 0.021451505 
205 187 22 27 0.021444995 
622 154 11 15 0.021436106 
585 165 9 11 0.021405235 
224 95 12 15 0.02133303 
947 152 15 16 0.021322742 
891 152 12 15 0.021319177 
496 141 9 14 0.021261591 
215 68 8 11 0.02124634 
752 169 17 22 0.02121794 
727 411 125 140 0.021189291 
119 102 11 15 0.021146877 
870 124 10 12 0.021115946 
956 163 13 17 0.021094393 
637 104 9 11 0.02108572 
878 153 12 15 0.021033008 
785 140 9 11 0.02102911 
768 113 19 23 0.021003203 
260 136 15 20 0.02096069 
799 136 10 12 0.020918712 
568 159 9 12 0.020916574 
352 118 10 12 0.020902956 
400 125 12 15 0.02087095 
134 26 12 14 0.020843277 
999 120 15 19 0.020828526 
105 44 9 11 0.02081967 
38 130 12 16 0.020807307 
423 78 9 11 0.02079377 
833 97 9 11 0.020764127 
1000 80 11 14 0.020703327 
613 91 18 22 0.020700037 
583 139 11 15 0.020684898 
263 176 19 25 0.02068021 
565 134 12 17 0.020655325 
446 70 9 10 0.020556938 
210 177 15 19 0.020530945 
838 96 9 11 0.020529633 
673 103 9 11 0.020490086 
505 59 10 12 0.020480337 
172 172 12 15 0.020455208 
221 41 9 11 0.020450253 
547 190 12 14 0.020437296 
240 49 8 10 0.020407792 
255 125 10 13 0.02037392 
589 160 10 12 0.020346468 
97 30 8 10 0.020124227 
508 351 27 33 0.020094912 
63 15 8 10 0.02009443 
463 103 9 12 0.020057432 
702 165 10 13 0.02004548 
696 158 9 12 0.020040646 
