2_Demonstration_Protesters_2_456
51
302 484 126 165 0.9996977 
850 443 95 130 0.99929404 
658 472 57 77 0.99886286 
763 520 45 46 0.946377 
858 339 25 32 0.7377529 
892 458 91 117 0.64757645 
939 455 84 116 0.48767722 
25 467 47 84 0.39731303 
232 393 16 21 0.26927146 
268 390 12 16 0.17669077 
330 439 45 56 0.11095074 
744 225 33 40 0.092362516 
244 409 17 22 0.08996439 
451 516 53 66 0.07736973 
980 479 43 76 0.07422189 
36 447 48 75 0.07034439 
486 342 59 82 0.06676202 
843 341 12 16 0.05352606 
337 404 34 37 0.05126553 
770 192 94 116 0.044213958 
733 235 28 35 0.042947516 
510 326 97 138 0.042932626 
342 384 38 46 0.04277527 
839 345 12 15 0.039070737 
64 434 30 37 0.03740811 
262 390 20 28 0.035582032 
260 402 46 64 0.034322448 
840 341 22 29 0.03398738 
374 497 100 125 0.03312968 
539 330 30 40 0.03239436 
310 444 49 62 0.030493177 
244 385 43 58 0.03018988 
645 267 27 37 0.029760806 
506 328 56 69 0.028975666 
635 283 34 38 0.028716268 
473 492 36 48 0.027624633 
539 392 14 16 0.027580174 
56 439 32 53 0.026985971 
548 337 18 24 0.025189871 
777 223 53 68 0.024475772 
231 560 32 36 0.02389642 
430 495 60 81 0.023447422 
641 464 29 38 0.023194406 
225 451 18 24 0.022596633 
274 427 28 39 0.02240379 
746 225 52 61 0.022310575 
265 397 28 39 0.02207272 
721 484 44 59 0.020481033 
475 345 98 135 0.020309847 
716 238 43 54 0.020176522 
190 335 14 18 0.020154588 
