2_Demonstration_Political_Rally_2_339
345
887 456 31 40 0.98441386 
783 487 68 106 0.98107684 
623 417 20 38 0.71204406 
620 292 36 50 0.69577456 
889 400 22 31 0.55409896 
722 426 17 20 0.28615895 
254 420 9 11 0.23896949 
638 332 14 19 0.23011401 
152 425 13 16 0.22895505 
205 423 8 10 0.21106872 
136 431 9 12 0.18299353 
882 413 22 31 0.17782624 
305 452 45 53 0.17310555 
127 422 9 12 0.15254426 
886 425 13 16 0.13848628 
686 429 15 18 0.12806542 
180 451 24 33 0.11801364 
58 415 25 38 0.1133529 
84 237 9 11 0.11202313 
219 416 7 10 0.111460134 
663 334 7 10 0.1052257 
973 418 40 63 0.10462375 
284 441 17 26 0.104096085 
194 438 8 11 0.09565353 
686 432 20 30 0.09318496 
438 411 10 15 0.09114367 
492 430 52 60 0.08314269 
1 247 8 12 0.08297738 
751 410 10 13 0.078738175 
304 326 9 11 0.07694237 
385 385 9 11 0.07578991 
178 425 8 9 0.07471257 
265 311 7 9 0.074492596 
93 417 14 16 0.07435123 
301 263 8 10 0.07256476 
130 427 9 12 0.07242084 
224 312 7 9 0.07222664 
908 460 26 39 0.0713003 
820 444 30 39 0.06981027 
766 384 8 10 0.06688316 
970 419 27 42 0.06661195 
875 404 17 19 0.06505179 
50 426 27 37 0.06439063 
693 270 8 10 0.060487244 
296 326 8 10 0.05989495 
272 434 9 12 0.05880338 
129 352 7 8 0.058769263 
140 431 10 13 0.05763302 
263 445 37 56 0.057404432 
561 458 25 47 0.057402767 
425 417 22 30 0.05737835 
558 327 10 12 0.05736279 
286 312 7 10 0.056027666 
414 409 15 19 0.05602589 
88 413 11 14 0.05578795 
383 176 418 478 0.05544586 
-15 64 424 495 0.05514503 
286 423 9 12 0.05446909 
236 430 10 12 0.05438237 
549 463 29 48 0.05379679 
319 421 12 14 0.053333372 
488 240 7 9 0.05262371 
713 400 8 10 0.052518375 
177 428 10 11 0.05236197 
450 431 15 22 0.051543828 
139 451 16 21 0.051399376 
367 385 10 12 0.05104854 
875 408 23 29 0.049937706 
622 413 14 24 0.04962333 
585 262 9 11 0.04959806 
928 423 11 14 0.04957671 
139 294 7 10 0.04954702 
675 426 23 29 0.049424756 
801 439 36 39 0.049240716 
746 317 7 9 0.048707362 
744 436 13 17 0.048583783 
522 247 8 9 0.047595546 
74 360 7 8 0.046873372 
576 349 11 14 0.04532733 
196 438 11 13 0.04525163 
664 437 25 29 0.044927806 
372 384 10 12 0.044642374 
678 433 14 18 0.044270538 
466 305 8 11 0.04398187 
678 254 11 13 0.04389331 
627 290 17 23 0.04383923 
688 262 9 12 0.043791097 
168 413 9 10 0.043716796 
738 343 8 11 0.04293319 
454 254 9 11 0.042646363 
730 270 9 11 0.042467017 
208 417 7 10 0.042390063 
162 302 6 9 0.041871946 
309 327 9 11 0.041454937 
159 450 14 20 0.0413186 
600 273 8 10 0.04119528 
250 416 8 10 0.041086316 
733 269 9 10 0.040769435 
542 269 10 12 0.040612753 
589 277 9 12 0.04036736 
529 448 43 59 0.04021473 
240 93 422 498 0.039993424 
677 358 8 10 0.039791543 
952 426 26 41 0.039697204 
693 264 8 10 0.03958152 
187 444 25 34 0.03893381 
271 436 25 32 0.038868643 
66 423 15 23 0.03860185 
387 388 11 14 0.038491897 
557 320 8 10 0.03806922 
32 231 9 11 0.037311297 
433 425 21 30 0.037130684 
189 311 8 10 0.03708266 
34 236 9 12 0.036990907 
176 334 8 10 0.0366118 
429 412 15 19 0.036580194 
740 501 58 94 0.03649515 
146 343 8 10 0.03630962 
632 320 22 30 0.036107186 
883 463 23 26 0.036091592 
430 404 14 17 0.036036994 
209 320 7 9 0.035779174 
230 431 11 13 0.03560734 
172 462 25 28 0.03550241 
68 414 38 52 0.03543033 
288 329 7 10 0.035330668 
152 434 12 15 0.03520072 
304 296 7 9 0.035132885 
417 392 9 10 0.035093658 
184 336 7 9 0.035082873 
232 313 6 8 0.035019074 
806 464 51 77 0.034959234 
444 428 14 22 0.03489563 
225 328 7 9 0.034832474 
693 424 10 12 0.034797836 
235 436 12 15 0.034789458 
585 268 9 12 0.034606993 
291 434 15 22 0.034500398 
761 432 10 13 0.03410601 
663 425 12 19 0.034085803 
658 333 9 12 0.03392841 
118 304 8 10 0.033907272 
588 271 9 11 0.03386686 
819 511 49 84 0.033834625 
200 428 10 11 0.03375895 
669 422 10 17 0.033492904 
193 432 8 10 0.0333272 
157 416 9 11 0.033240587 
295 427 11 15 0.033159506 
254 426 11 14 0.03289601 
166 428 9 12 0.032817762 
70 411 12 18 0.032799043 
286 427 10 14 0.032767497 
444 407 11 13 0.032569267 
105 383 8 9 0.032487012 
470 308 7 9 0.03231948 
134 351 6 9 0.032253668 
87 414 25 28 0.032188464 
587 456 30 41 0.03217295 
951 387 9 13 0.032085408 
820 380 10 11 0.03206908 
167 301 8 9 0.03193781 
100 440 15 20 0.031446166 
190 318 8 9 0.03136242 
1013 391 8 12 0.031283263 
481 239 7 9 0.031034566 
291 447 13 18 0.030940577 
833 440 26 39 0.030881763 
91 429 25 33 0.030723576 
305 321 8 10 0.03068757 
566 329 8 11 0.030607136 
300 425 12 16 0.030529773 
156 465 17 21 0.030293826 
750 318 7 10 0.030283583 
223 431 11 12 0.03019908 
613 421 39 53 0.030140871 
730 431 15 17 0.029912343 
575 409 8 10 0.029885747 
239 312 7 9 0.02974791 
722 358 8 10 0.02971584 
742 431 11 14 0.029651359 
911 263 6 8 0.02954586 
669 433 15 20 0.029523807 
210 327 8 10 0.02931857 
297 451 30 38 0.029267643 
638 476 34 46 0.029260544 
464 406 11 14 0.029096952 
137 336 7 9 0.02901582 
40 442 29 41 0.028852742 
208 334 8 9 0.028727515 
76 419 11 17 0.028293177 
102 345 7 9 0.02827984 
181 435 11 12 0.028195666 
281 312 8 10 0.028095685 
119 344 6 8 0.02795432 
672 276 9 11 0.027651336 
308 427 15 19 0.027647642 
811 443 18 19 0.027630385 
728 287 8 9 0.027557962 
990 433 37 57 0.027492974 
271 442 13 17 0.027413808 
132 432 21 27 0.027302604 
173 320 8 9 0.027146844 
130 437 11 14 0.02708138 
280 327 8 10 0.02698395 
601 276 9 11 0.026745366 
174 414 8 9 0.026727574 
504 247 7 9 0.026725043 
495 240 6 9 0.026703363 
42 368 8 10 0.026528623 
184 341 8 9 0.026375476 
309 442 34 37 0.026116345 
278 435 12 18 0.026061501 
919 493 23 34 0.026032886 
947 421 21 33 0.0259916 
323 442 44 58 0.025976676 
736 254 7 9 0.025972897 
795 424 31 39 0.025599726 
183 256 9 10 0.025480786 
342 406 24 33 0.025462285 
120 351 7 8 0.025445916 
20 409 28 35 0.025378356 
86 407 11 14 0.025345031 
145 458 22 30 0.025343787 
192 434 23 26 0.025308257 
820 453 18 23 0.025202703 
605 441 14 21 0.02519987 
748 390 9 11 0.025186494 
344 300 8 10 0.025145462 
256 312 7 9 0.025102308 
175 327 8 10 0.025022509 
666 421 21 29 0.025002148 
718 279 8 9 0.024928747 
719 222 9 10 0.02484529 
245 443 13 17 0.024835717 
279 430 9 13 0.024810307 
441 354 40 49 0.024784354 
73 345 6 8 0.024708968 
162 459 23 26 0.024619306 
923 471 14 20 0.024584955 
286 414 8 11 0.02454658 
137 424 18 25 0.024522405 
479 248 8 9 0.024430286 
435 417 13 19 0.024409654 
827 446 39 55 0.02440006 
700 434 12 20 0.024259817 
734 408 8 9 0.024158841 
854 418 12 17 0.024111258 
100 427 15 21 0.02410907 
899 448 27 40 0.024069598 
973 422 16 26 0.024036916 
703 278 9 11 0.02403602 
123 421 9 12 0.023898859 
247 436 12 15 0.023800084 
566 468 15 28 0.023774512 
944 426 11 17 0.02375004 
445 366 25 29 0.023719968 
730 326 8 10 0.023705678 
851 452 20 33 0.023651784 
175 407 8 10 0.023627726 
617 419 12 18 0.023572598 
415 396 12 14 0.023508424 
214 327 7 8 0.02348542 
216 419 10 12 0.023464838 
134 447 15 20 0.023371061 
775 438 12 15 0.023351379 
96 352 7 8 0.023271687 
150 348 8 10 0.02321582 
614 460 39 57 0.023175832 
676 277 9 11 0.02302188 
605 277 10 12 0.022922123 
921 460 24 34 0.022892967 
169 343 7 9 0.022873288 
285 445 29 43 0.022771727 
962 415 25 38 0.022714239 
916 471 16 24 0.022609191 
233 399 9 10 0.022597864 
486 246 8 9 0.022582244 
687 380 9 11 0.02253066 
81 233 9 12 0.022512045 
679 248 10 12 0.022452436 
201 336 7 8 0.022267189 
144 335 6 8 0.022202017 
537 328 8 10 0.022189308 
145 358 8 10 0.02217581 
248 427 11 14 0.022108877 
281 422 9 13 0.022075959 
451 372 14 16 0.022011686 
916 474 25 41 0.02192043 
184 304 8 10 0.02188274 
567 408 9 12 0.021793628 
201 311 8 10 0.021793554 
807 397 11 12 0.021786768 
315 418 26 30 0.021724932 
334 321 9 10 0.021627508 
296 320 7 10 0.021617936 
45 372 8 9 0.021501452 
56 390 10 13 0.021476148 
100 253 12 14 0.02144938 
748 432 11 14 0.021408634 
886 398 15 20 0.021367092 
128 357 8 9 0.02136536 
190 336 7 9 0.021261178 
448 379 13 15 0.021241492 
135 392 7 9 0.021221125 
352 271 8 10 0.021177871 
911 443 29 40 0.021142334 
175 235 9 11 0.021116275 
435 406 20 28 0.021095395 
161 297 7 10 0.021076182 
864 428 10 14 0.020991594 
421 397 12 15 0.02096283 
184 456 32 51 0.020861534 
868 426 14 16 0.020857694 
420 416 17 21 0.020807186 
126 416 9 13 0.020763645 
340 390 21 33 0.020749694 
356 406 41 46 0.020704422 
299 443 15 19 0.020697499 
76 413 12 16 0.020671401 
308 427 30 35 0.020631641 
777 417 9 10 0.020628182 
305 231 7 8 0.020586347 
542 329 9 11 0.020566931 
628 431 30 33 0.020506319 
301 267 9 12 0.020478046 
502 254 8 9 0.020471042 
256 360 7 10 0.020449271 
590 326 9 11 0.020449191 
290 422 22 28 0.020417186 
244 451 13 17 0.020331983 
261 221 8 10 0.020331541 
693 276 10 12 0.020316573 
224 317 7 9 0.020298565 
737 348 9 11 0.020262167 
872 410 14 18 0.02025125 
107 434 12 18 0.020186884 
169 408 8 11 0.020164749 
167 238 9 10 0.020148624 
980 392 14 17 0.020111902 
702 398 9 10 0.02009704 
318 288 7 8 0.020083917 
111 357 7 9 0.020068249 
293 436 26 33 0.020032538 
895 467 40 52 0.020024376 
