2_Demonstration_Demonstration_Or_Protest_2_368
191
736 219 30 37 0.99384296 
643 230 17 24 0.97857535 
374 224 17 24 0.95879906 
609 239 22 28 0.9493649 
877 240 22 33 0.9393574 
5 216 15 19 0.91328365 
35 248 16 20 0.9048692 
979 260 23 28 0.8246961 
519 219 15 19 0.7573149 
564 243 14 19 0.7210031 
300 234 16 20 0.66817474 
174 237 13 15 0.52657366 
426 228 13 16 0.48046893 
460 238 12 16 0.4206694 
151 236 11 14 0.41975814 
954 276 15 20 0.37084258 
93 229 13 17 0.3292187 
574 222 14 18 0.27873755 
724 235 14 19 0.25188887 
968 256 15 19 0.21516137 
444 283 12 15 0.20794082 
722 225 24 32 0.20537288 
828 206 10 13 0.20445976 
971 255 22 27 0.19009529 
1006 233 17 23 0.1777421 
879 238 14 21 0.16828068 
70 232 10 13 0.16179842 
151 220 11 14 0.15697204 
1008 255 14 20 0.1534588 
98 225 17 20 0.13681333 
156 227 13 18 0.13466474 
207 245 13 15 0.12059525 
962 260 22 28 0.118277736 
455 229 12 16 0.10899639 
950 259 12 17 0.108908854 
403 208 13 17 0.10551371 
950 253 20 28 0.093850404 
53 208 9 12 0.0898346 
874 241 37 47 0.087208055 
890 253 29 34 0.085272364 
828 241 12 13 0.08430502 
853 231 9 11 0.08188766 
804 276 13 14 0.079996765 
86 215 10 14 0.0767221 
849 230 9 11 0.07178036 
211 238 13 15 0.0703275 
466 237 14 17 0.069998346 
127 211 12 15 0.06407169 
965 212 26 31 0.060157806 
3 267 14 21 0.060100064 
971 298 23 32 0.05867603 
869 249 16 22 0.058541346 
69 211 12 14 0.058164313 
293 290 12 16 0.058011744 
476 237 12 15 0.057688907 
566 232 20 25 0.055669017 
5 166 9 12 0.052942336 
507 245 15 18 0.04914275 
76 228 11 14 0.0490618 
872 231 9 12 0.049056403 
788 204 16 19 0.048200425 
162 225 15 19 0.047804825 
172 246 16 19 0.046998214 
438 276 21 26 0.046623245 
63 229 11 15 0.04625541 
958 275 22 34 0.04607469 
44 236 15 18 0.04546962 
256 398 10 12 0.044714842 
867 284 13 16 0.044405233 
40 227 13 16 0.043679267 
105 190 11 14 0.042290527 
824 209 11 14 0.04221637 
903 206 10 12 0.041949492 
879 231 10 15 0.041807596 
514 223 23 27 0.04149615 
325 251 12 15 0.041410644 
447 243 11 14 0.039643925 
48 206 11 14 0.03949283 
207 249 17 18 0.03942899 
860 205 12 16 0.039330304 
553 223 9 12 0.03894606 
50 234 14 17 0.03774572 
88 232 14 17 0.037693627 
18 172 8 11 0.03670903 
965 226 31 37 0.03663547 
80 222 10 13 0.036531195 
174 221 10 13 0.036303774 
794 210 12 16 0.036179755 
690 264 15 17 0.035860907 
896 264 27 37 0.035731606 
808 220 12 16 0.03528467 
144 236 13 16 0.03519388 
466 248 16 17 0.035171926 
904 294 26 34 0.03516631 
47 183 9 10 0.035077192 
1 171 9 13 0.034953814 
149 216 19 24 0.03445163 
0 195 10 14 0.03402511 
47 190 9 11 0.033993613 
493 235 13 16 0.033098362 
877 281 14 16 0.03215625 
285 395 25 30 0.03194212 
963 286 25 35 0.031888783 
125 236 12 15 0.031837706 
149 230 18 24 0.03163961 
223 229 11 15 0.031605337 
3 189 11 13 0.03128507 
437 286 15 18 0.031042365 
44 222 13 15 0.03098556 
437 245 11 14 0.030543553 
293 237 18 21 0.030313194 
894 205 11 13 0.030250179 
167 233 14 18 0.030246446 
884 125 17 22 0.029906318 
31 182 9 10 0.02977148 
105 221 15 19 0.029378772 
888 206 10 12 0.029264687 
421 235 23 27 0.029220344 
287 298 11 14 0.029137002 
70 311 10 12 0.028988145 
775 246 11 14 0.02894288 
667 271 16 21 0.028890327 
106 165 10 13 0.028797122 
73 233 13 16 0.028481783 
824 200 18 24 0.02840881 
895 199 10 12 0.028385594 
200 244 12 14 0.028259734 
501 234 13 17 0.027791798 
384 225 15 20 0.027576113 
862 251 14 20 0.027470091 
229 394 14 15 0.027064094 
943 274 24 30 0.026895203 
655 317 14 20 0.02683322 
505 229 22 28 0.026607165 
650 157 25 32 0.026423374 
328 301 10 12 0.026409185 
840 222 10 13 0.02638699 
125 217 13 16 0.026337191 
428 283 13 16 0.026180547 
916 198 10 14 0.025717942 
1001 233 14 19 0.025683414 
567 225 15 18 0.02560885 
836 258 16 21 0.025600446 
802 269 22 25 0.025527801 
575 217 11 12 0.025314847 
477 230 12 15 0.025199393 
156 216 12 14 0.024869062 
142 222 21 26 0.02485665 
845 223 11 14 0.024855213 
214 227 12 15 0.024801835 
549 236 13 16 0.024678072 
342 350 8 11 0.024654161 
836 244 11 13 0.024560656 
460 222 13 16 0.024463536 
147 82 16 19 0.024249762 
288 292 12 14 0.024168791 
475 250 14 17 0.023776803 
873 236 10 14 0.023699202 
114 12 16 19 0.023639034 
373 203 12 14 0.023589991 
64 190 11 13 0.023156248 
47 318 8 11 0.023093073 
874 152 16 19 0.022953361 
53 180 9 12 0.022930736 
823 238 21 27 0.022666281 
130 205 12 14 0.022632912 
108 194 11 14 0.022625996 
398 293 12 15 0.02254178 
435 227 12 16 0.022521429 
68 180 10 12 0.022519117 
827 256 14 22 0.02231024 
222 243 11 14 0.02229008 
301 404 12 14 0.022261415 
287 244 11 15 0.022222852 
531 226 13 16 0.022144271 
83 276 14 16 0.022063643 
625 241 16 20 0.021914175 
901 284 25 30 0.021703806 
467 228 14 18 0.021577187 
467 220 12 16 0.021544104 
596 249 15 20 0.021378802 
856 208 12 16 0.021318043 
491 72 30 36 0.02130547 
119 195 11 15 0.021265388 
55 176 7 9 0.021196384 
963 242 26 32 0.020826334 
1 276 17 24 0.020775802 
292 402 13 16 0.020544162 
556 227 10 14 0.02030534 
470 233 20 24 0.020192828 
16 168 9 11 0.020108635 
