2_Demonstration_Protesters_2_54
257
21 211 22 27 0.99019647 
418 101 16 22 0.9872169 
333 66 16 18 0.9861835 
521 68 16 21 0.9846572 
314 144 17 20 0.97919 
296 86 13 18 0.96207476 
172 162 17 22 0.9590462 
150 208 21 24 0.9399515 
16 162 20 23 0.92702955 
808 106 17 20 0.92212695 
392 74 14 19 0.9112727 
679 126 17 21 0.91027725 
601 143 16 19 0.90726644 
440 135 16 22 0.84974766 
526 139 17 20 0.8496311 
548 58 15 17 0.8157312 
227 166 18 20 0.79152644 
873 139 13 18 0.7819648 
412 269 21 27 0.7037091 
364 78 13 16 0.61858267 
86 59 9 12 0.616627 
279 54 9 11 0.5281132 
687 163 16 18 0.48274928 
73 99 12 15 0.46605566 
173 51 8 11 0.46005848 
328 108 12 15 0.34248546 
781 142 9 13 0.2409225 
103 86 10 12 0.22708851 
457 164 18 21 0.21722442 
207 105 14 18 0.21162638 
405 271 18 21 0.20672686 
372 149 11 14 0.1916699 
948 53 11 15 0.18889481 
348 106 11 14 0.1635612 
146 55 9 11 0.15636139 
347 226 23 30 0.1544638 
524 146 20 25 0.14741123 
823 139 12 17 0.14731893 
278 77 12 15 0.1375868 
632 182 11 16 0.13145801 
145 60 9 10 0.10569575 
590 106 12 15 0.10479817 
94 78 11 14 0.10350192 
144 168 17 21 0.102501504 
48 73 11 15 0.0993516 
250 143 17 20 0.09899631 
132 124 11 14 0.09031777 
429 224 14 18 0.089051135 
646 138 13 17 0.08885653 
459 316 17 20 0.08620518 
432 141 21 26 0.081816226 
159 65 8 9 0.07959838 
2 395 10 17 0.07915069 
620 163 15 19 0.068907395 
327 30 10 11 0.06877019 
287 29 9 11 0.06692478 
269 189 12 15 0.06649672 
312 30 10 11 0.06647778 
264 28 11 13 0.06525907 
784 137 9 12 0.06446815 
107 87 11 13 0.063963406 
426 267 14 19 0.06393821 
15 293 12 14 0.06123291 
279 28 10 11 0.061219923 
818 99 16 21 0.058991335 
80 83 12 14 0.058332928 
671 14 13 17 0.058109593 
798 117 12 16 0.05710682 
300 61 10 11 0.057036147 
100 79 10 14 0.056322206 
418 259 18 24 0.056281812 
502 111 12 15 0.055540483 
32 133 11 15 0.05472218 
221 156 17 22 0.054610547 
712 184 10 12 0.052682422 
540 141 12 16 0.05108797 
604 113 13 16 0.050491136 
381 56 14 17 0.050232306 
397 268 17 22 0.049793795 
828 97 15 19 0.049677465 
61 227 11 14 0.04904946 
150 61 9 10 0.04885327 
543 90 11 14 0.047942895 
331 101 14 18 0.047229607 
350 44 13 14 0.04708372 
83 55 9 12 0.047048707 
230 117 10 13 0.046856046 
301 56 9 10 0.046491418 
87 67 11 13 0.044439226 
538 120 14 17 0.043914616 
96 189 9 13 0.04372875 
59 91 13 17 0.043612402 
79 77 10 14 0.04321435 
317 30 10 11 0.04319628 
274 77 9 13 0.043153204 
284 258 11 14 0.043143507 
292 30 10 11 0.042928882 
543 146 13 20 0.04290444 
262 85 10 13 0.04255725 
153 160 22 29 0.042468645 
75 104 13 17 0.042224802 
191 125 10 13 0.041735284 
84 81 15 18 0.04168158 
403 125 22 28 0.041428838 
854 107 11 13 0.041009884 
457 302 9 12 0.04067213 
369 76 16 18 0.0399351 
269 34 12 15 0.039642382 
316 23 9 11 0.039620973 
206 95 10 13 0.03947049 
273 61 9 12 0.039055023 
1001 71 8 9 0.03866373 
806 183 11 13 0.038492814 
59 300 11 16 0.03846433 
303 35 11 13 0.03844073 
783 173 12 14 0.03843266 
272 132 12 16 0.038413275 
651 143 15 18 0.03825683 
277 36 12 13 0.038240902 
186 189 18 22 0.038077336 
754 184 15 17 0.03799106 
134 130 11 13 0.03797052 
492 122 11 16 0.037939716 
90 59 11 14 0.037788562 
145 69 8 11 0.037728008 
326 34 10 12 0.03743474 
270 84 10 14 0.03735423 
283 77 12 15 0.037241008 
788 133 10 14 0.037038736 
71 87 20 26 0.036910437 
182 69 8 11 0.03624366 
262 53 9 12 0.03610309 
444 334 14 16 0.035766527 
547 141 10 14 0.0357213 
272 123 10 14 0.035544217 
597 133 16 21 0.035299808 
319 35 10 12 0.035195842 
820 166 9 11 0.03489153 
488 174 12 14 0.03484566 
322 176 16 19 0.033655494 
92 90 13 16 0.033237793 
150 69 9 11 0.033227798 
840 211 11 15 0.033168904 
309 242 15 16 0.03306504 
329 22 9 11 0.03305234 
262 108 13 15 0.032951545 
56 86 9 13 0.032871455 
554 98 16 20 0.032214303 
563 178 13 17 0.031808276 
363 85 15 19 0.03172775 
268 24 12 12 0.031685114 
262 180 14 17 0.03149263 
549 91 11 15 0.031401467 
269 92 10 13 0.03139207 
286 122 15 18 0.03127411 
459 329 14 16 0.030460414 
201 87 10 11 0.03045865 
854 224 13 16 0.030241288 
850 218 24 31 0.030034535 
339 238 16 20 0.029845454 
946 82 15 19 0.029807113 
293 181 20 25 0.029743303 
941 48 20 25 0.029649554 
284 54 9 11 0.029527776 
667 115 24 29 0.029521499 
660 108 15 19 0.029308254 
597 110 12 14 0.029264499 
609 138 15 20 0.029264066 
467 308 15 18 0.029201057 
430 343 10 12 0.029125532 
143 210 19 21 0.029020507 
275 73 19 24 0.028937224 
614 123 14 18 0.028788839 
448 137 14 20 0.028679945 
246 122 13 17 0.028594112 
343 123 12 15 0.028481629 
128 118 12 16 0.028278125 
396 170 14 18 0.028238686 
655 112 13 17 0.028206514 
716 188 11 12 0.028084328 
320 61 10 13 0.027982809 
82 56 19 23 0.027837016 
174 59 9 11 0.027775735 
629 172 11 17 0.027367685 
88 74 20 23 0.0273153 
343 101 12 18 0.027276857 
321 106 12 16 0.027216459 
854 233 26 33 0.027065676 
73 76 11 13 0.027032735 
420 252 13 17 0.02686852 
330 145 15 19 0.026478138 
423 223 24 30 0.02632175 
297 55 9 11 0.026313806 
287 36 11 13 0.026290966 
414 176 15 19 0.026198398 
47 103 10 12 0.026115183 
93 71 10 13 0.026074037 
287 69 9 12 0.026065012 
874 125 16 18 0.025959248 
271 48 9 11 0.025707932 
270 116 11 16 0.025683219 
183 133 8 11 0.025609 
318 89 12 15 0.02534325 
182 65 8 9 0.024995789 
269 146 13 18 0.024779107 
262 193 15 18 0.024778964 
941 88 15 19 0.024617817 
46 55 9 11 0.024401031 
429 360 13 16 0.02433611 
341 330 13 17 0.024266193 
293 23 9 11 0.024177525 
305 23 8 10 0.024063505 
60 86 11 14 0.023891708 
177 71 9 11 0.023774257 
231 124 13 15 0.02363403 
334 37 10 12 0.023574915 
246 49 12 15 0.02342925 
168 60 9 11 0.023376612 
294 36 9 12 0.023039283 
748 239 11 13 0.022922913 
599 125 13 16 0.022740392 
153 268 14 16 0.022713374 
257 138 17 21 0.022536274 
560 131 11 15 0.02247745 
70 84 13 16 0.022233216 
991 55 9 11 0.022074437 
262 33 13 15 0.021954048 
213 70 11 12 0.02171591 
176 77 9 11 0.021595124 
813 96 13 16 0.021574067 
146 50 9 11 0.021495204 
342 38 12 14 0.021473302 
545 86 22 26 0.02137817 
452 332 16 17 0.02137507 
882 132 13 17 0.02124472 
470 299 12 14 0.021204531 
286 62 9 12 0.021187047 
751 174 11 13 0.021175168 
941 77 15 18 0.021160038 
190 109 9 14 0.021102438 
840 151 9 12 0.020935506 
235 60 12 13 0.02092809 
264 62 8 11 0.02091534 
866 139 13 16 0.020880638 
404 177 13 17 0.02085961 
10 149 25 31 0.02082889 
860 101 10 13 0.020805428 
261 234 14 17 0.020702265 
678 301 9 13 0.020602012 
860 94 10 13 0.020450346 
275 187 13 18 0.020427965 
359 72 11 15 0.0204166 
343 116 11 15 0.020101469 
256 81 8 10 0.02008346 
574 117 13 14 0.020065177 
780 153 14 17 0.02005649 
454 308 14 16 0.020010022 
