2_Demonstration_Demonstration_Or_Protest_2_114
39
359 127 87 140 0.9991001 
119 294 88 132 0.9975606 
499 326 34 53 0.9942621 
585 276 73 105 0.9903458 
768 370 50 67 0.9776898 
822 120 27 30 0.9596866 
904 121 29 41 0.4703263 
473 638 12 15 0.37716284 
770 353 17 24 0.2532034 
937 131 31 42 0.20190023 
493 644 17 23 0.18809891 
512 344 43 51 0.11429914 
763 359 32 46 0.10440298 
741 292 16 19 0.09632309 
814 226 25 33 0.09389067 
550 424 41 56 0.07744413 
934 108 49 73 0.07703268 
736 292 29 32 0.058865655 
749 329 12 16 0.043751534 
914 236 31 35 0.041271552 
469 631 20 25 0.03849419 
527 345 46 64 0.036546823 
850 156 14 17 0.034699336 
955 100 58 87 0.03353415 
747 285 15 19 0.033197816 
757 355 26 37 0.033134293 
915 124 32 45 0.03178963 
18 466 22 30 0.031253137 
462 597 10 12 0.0299833 
494 639 12 15 0.02726854 
452 603 13 16 0.025898209 
461 614 28 37 0.023756983 
562 411 49 67 0.02320435 
761 183 9 10 0.02264832 
447 605 11 13 0.02248286 
759 356 14 19 0.022160836 
811 104 44 49 0.021840649 
553 356 48 67 0.021420028 
440 644 12 16 0.021297188 
