2_Demonstration_Political_Rally_2_763
24
532 154 90 125 0.99948573 
669 186 57 70 0.9994236 
438 198 48 62 0.9969213 
740 216 48 60 0.99689734 
290 102 85 116 0.9967068 
801 242 72 100 0.9957092 
249 143 50 72 0.9903196 
485 223 58 79 0.97467786 
642 229 29 35 0.88289416 
500 202 77 103 0.42726725 
389 187 43 54 0.2305864 
136 106 11 15 0.07872796 
634 225 44 60 0.059104215 
155 130 27 34 0.03312132 
152 124 46 52 0.02791787 
724 225 26 37 0.027561938 
95 85 9 12 0.026904246 
2 52 8 12 0.025646282 
796 25 12 16 0.023505643 
136 147 14 18 0.022360366 
485 215 37 60 0.02197796 
364 200 49 60 0.02142605 
1 108 25 45 0.021342365 
834 135 17 21 0.02029324 
