2_Demonstration_Demonstration_Or_Protest_2_395
114
874 338 53 78 0.99430674 
809 493 96 107 0.97081167 
975 298 47 78 0.7174241 
564 222 23 28 0.61059177 
966 250 30 39 0.27793726 
750 342 41 57 0.20195368 
477 127 32 38 0.19604522 
891 241 25 31 0.15260547 
972 244 15 19 0.12539065 
831 320 24 30 0.10741821 
916 285 28 41 0.10583767 
895 235 16 20 0.10263653 
691 465 51 69 0.090186656 
940 248 15 18 0.09015189 
77 17 47 74 0.08832699 
181 69 17 21 0.087536566 
978 260 27 33 0.08158583 
966 270 48 74 0.07916693 
858 221 30 37 0.0790455 
1007 257 11 16 0.07800632 
703 530 34 39 0.07615371 
258 102 12 16 0.07182189 
311 166 88 126 0.07067616 
971 269 27 34 0.069410846 
338 88 13 17 0.06770712 
904 292 29 35 0.06588399 
1007 274 14 20 0.06480477 
1012 269 11 19 0.06385938 
891 256 23 29 0.06375779 
800 264 41 54 0.05979086 
848 347 43 66 0.05807584 
971 254 19 24 0.055196375 
887 235 40 54 0.053670634 
610 206 16 20 0.05079408 
956 254 24 32 0.050051086 
327 558 50 68 0.048715867 
991 267 26 33 0.04592506 
981 -7 46 60 0.045417987 
780 257 46 60 0.042880848 
136 26 53 64 0.04252206 
588 99 75 116 0.04136058 
923 275 24 32 0.040583327 
967 248 17 24 0.04043516 
298 111 17 19 0.039781872 
839 317 28 33 0.039536826 
910 197 15 20 0.03636358 
229 0 13 11 0.03610781 
936 170 18 21 0.035875063 
213 76 13 15 0.035851672 
896 256 41 54 0.035056576 
995 264 16 24 0.033697434 
896 272 17 21 0.0328617 
194 94 29 36 0.032086644 
693 174 40 36 0.03193389 
894 301 53 66 0.031829555 
980 273 32 42 0.031750266 
247 384 45 68 0.03147809 
923 256 13 17 0.030889368 
917 302 31 39 0.030596558 
0 0 39 79 0.030476047 
894 284 24 35 0.02946107 
536 259 24 31 0.029279098 
752 255 50 57 0.02884708 
818 277 18 28 0.028831664 
554 204 17 19 0.028623793 
132 17 100 112 0.028478397 
826 274 25 37 0.028328188 
865 271 40 54 0.028093806 
859 230 18 23 0.027884481 
496 135 19 24 0.027795978 
486 209 17 20 0.027110584 
784 455 175 172 0.026460744 
461 136 48 62 0.026389893 
908 281 15 20 0.026309608 
256 11 12 15 0.0260913 
159 40 52 61 0.025713665 
481 148 19 22 0.025673212 
105 9 48 70 0.025616748 
219 77 11 14 0.025513073 
828 266 16 23 0.024545144 
933 253 47 60 0.024428478 
167 62 51 61 0.024343595 
466 122 30 41 0.024218775 
731 326 74 101 0.02415049 
234 1 12 14 0.024113484 
385 36 11 14 0.023881877 
842 279 15 22 0.023645088 
678 212 50 57 0.023602383 
951 266 14 21 0.023396922 
825 334 30 41 0.023347251 
202 105 17 23 0.023306202 
666 239 26 30 0.023173977 
1006 251 18 28 0.02296036 
885 271 25 35 0.022813534 
659 379 15 24 0.022503668 
913 188 12 15 0.022422107 
915 255 16 19 0.022323942 
436 231 38 43 0.021981535 
985 277 18 24 0.021858944 
485 233 29 36 0.021618918 
998 280 26 35 0.02156812 
962 321 49 71 0.021373324 
272 113 26 32 0.0213479 
709 484 24 31 0.02131866 
223 92 24 29 0.021281522 
139 96 25 28 0.021085912 
535 212 43 54 0.02096704 
901 271 25 34 0.020924982 
554 95 49 69 0.02091505 
681 492 52 74 0.020632245 
270 90 11 14 0.020354405 
574 232 19 23 0.020351462 
433 112 98 134 0.020219 
963 380 40 60 0.020081587 
