2_Demonstration_Political_Rally_2_224
33
606 117 81 108 0.99868685 
782 251 61 91 0.9977405 
105 180 70 97 0.9973694 
899 261 59 86 0.9954781 
345 98 72 100 0.99340963 
458 297 55 65 0.087224804 
807 237 56 77 0.069441445 
772 548 41 63 0.06701364 
214 164 14 17 0.05419124 
434 167 17 19 0.0398019 
319 578 27 32 0.038549878 
479 285 51 63 0.033845495 
907 231 46 57 0.033170495 
958 226 12 14 0.030770222 
417 159 45 61 0.029900845 
243 131 14 16 0.029389488 
699 191 28 35 0.026918402 
176 163 47 65 0.026510758 
158 439 9 11 0.025664922 
945 180 11 15 0.02561645 
950 180 13 16 0.025275989 
933 251 50 74 0.025098933 
25 657 32 35 0.024323003 
278 125 10 14 0.023570327 
208 134 11 15 0.0230489 
961 235 45 69 0.021490905 
890 240 49 72 0.021268077 
977 241 30 40 0.021237195 
286 132 44 62 0.02123545 
188 136 52 67 0.020770825 
951 286 30 46 0.020748787 
171 454 15 16 0.020577291 
273 145 26 37 0.020300917 
