2_Demonstration_Political_Rally_2_641
51
114 128 52 66 0.99944943 
431 182 49 62 0.9992355 
570 158 55 72 0.999154 
645 156 41 61 0.9953237 
516 157 47 65 0.9934354 
9 147 44 56 0.9929762 
199 134 49 57 0.9877402 
722 161 38 63 0.9665581 
294 141 45 61 0.940739 
810 154 43 54 0.77566516 
944 178 31 44 0.76507527 
990 216 28 53 0.7440951 
909 146 38 61 0.55555445 
847 136 24 43 0.47149244 
164 146 28 39 0.44886106 
925 164 32 50 0.21407418 
308 127 28 49 0.16926888 
539 161 50 67 0.15964904 
476 205 32 42 0.12170429 
609 153 46 64 0.11717171 
606 141 35 48 0.115154766 
0 423 11 24 0.112037435 
825 135 45 58 0.05438584 
537 117 22 30 0.053057693 
205 420 18 22 0.042485576 
0 189 22 42 0.041223392 
951 180 39 60 0.040188346 
800 164 35 49 0.03801957 
902 143 29 49 0.03736156 
533 96 47 54 0.035457786 
344 233 31 42 0.03520422 
538 102 27 35 0.035075366 
969 191 17 25 0.033297878 
423 123 29 39 0.03284737 
537 124 13 19 0.030736784 
737 164 43 63 0.030531045 
2 162 37 52 0.029914703 
415 159 10 13 0.028033704 
398 156 42 55 0.026898617 
179 147 16 22 0.026281029 
625 137 53 73 0.025701327 
246 161 11 16 0.025572486 
946 177 18 28 0.025166502 
485 202 16 20 0.024958236 
600 599 10 11 0.024947956 
855 128 48 69 0.024531702 
657 451 25 35 0.024241315 
700 148 43 63 0.021385426 
181 143 29 41 0.020622265 
642 291 30 34 0.020479426 
802 123 73 92 0.020120805 
