2_Demonstration_Demonstration_Or_Protest_2_771
61
468 127 100 134 0.9999429 
672 471 28 35 0.9991314 
134 454 21 26 0.9134275 
691 164 13 17 0.49807897 
160 64 53 68 0.4416 
732 172 13 17 0.36422375 
802 498 20 23 0.29322898 
760 166 11 14 0.27013054 
51 484 16 21 0.23931924 
760 170 14 19 0.20767054 
2 480 17 20 0.17424072 
731 179 16 23 0.16207942 
970 323 9 13 0.13531713 
99 484 16 19 0.117942065 
631 432 9 12 0.10855854 
953 325 9 11 0.097570136 
892 330 10 14 0.08312674 
218 376 16 21 0.07968474 
1014 348 9 13 0.058377754 
728 166 14 17 0.056132622 
234 244 11 13 0.055930063 
954 320 8 10 0.050407965 
868 476 51 59 0.04724244 
670 393 9 10 0.046869405 
257 277 9 11 0.040578164 
150 31 86 108 0.03759823 
966 398 9 10 0.035063315 
191 409 10 15 0.030421937 
317 359 14 18 0.030365586 
693 365 9 11 0.029322326 
208 365 28 34 0.02871256 
197 406 10 13 0.028473351 
667 177 13 15 0.02838462 
648 393 10 11 0.027702508 
301 291 12 16 0.027595451 
1011 492 11 17 0.027491808 
196 277 13 17 0.027258974 
735 315 12 16 0.026742678 
108 451 10 14 0.025802705 
700 485 14 18 0.025758216 
293 286 13 15 0.025653586 
701 190 10 13 0.024781423 
379 359 16 20 0.024420787 
375 312 13 17 0.023681467 
692 173 15 18 0.023660302 
767 198 10 12 0.023381663 
309 299 11 15 0.02321939 
698 170 12 16 0.022981752 
963 398 8 10 0.022468563 
58 475 17 24 0.022350108 
269 337 13 16 0.022298034 
42 482 28 32 0.022210319 
81 145 15 19 0.0221156 
968 344 8 10 0.022027556 
950 398 7 10 0.02145059 
315 105 109 129 0.021169111 
710 268 11 12 0.021124853 
921 318 9 11 0.020791896 
1014 268 9 15 0.020528883 
938 318 8 10 0.02038377 
197 54 49 67 0.020170325 
