2_Demonstration_Demonstration_Or_Protest_2_665
87
471 438 220 306 0.9998511 
387 560 104 149 0.9952527 
795 563 67 106 0.9852593 
769 468 16 21 0.9387937 
846 492 48 100 0.9136508 
712 585 55 78 0.74577856 
165 385 29 60 0.7393008 
329 575 39 52 0.7256801 
157 426 59 88 0.47526023 
158 394 46 75 0.40768003 
664 995 13 20 0.28889605 
700 1080 24 32 0.2492312 
796 514 17 23 0.15823442 
180 457 35 55 0.14442745 
686 993 15 21 0.11432477 
408 500 172 241 0.10792377 
517 1277 19 19 0.10022093 
678 560 85 123 0.089325815 
656 1101 13 15 0.08833637 
667 999 20 25 0.0869843 
260 417 24 32 0.08584484 
564 1116 17 21 0.081976876 
818 538 57 102 0.07298024 
677 1278 15 16 0.058135916 
628 1191 41 53 0.05736546 
881 498 86 119 0.055587716 
546 1128 16 18 0.05530055 
296 604 31 48 0.054938614 
275 427 13 18 0.04952986 
919 490 79 115 0.048645392 
185 396 45 66 0.047679573 
692 991 11 16 0.04697021 
104 135 120 124 0.04525235 
339 628 38 46 0.045151953 
831 485 9 13 0.044935133 
589 1108 15 21 0.042918492 
738 984 15 20 0.03980829 
795 497 21 29 0.0368814 
674 1005 18 21 0.036286835 
772 536 22 28 0.036199145 
497 369 24 33 0.03513319 
333 604 35 50 0.034974407 
316 588 39 52 0.033706054 
719 514 13 16 0.033094753 
716 976 14 19 0.032125816 
669 1102 13 14 0.032103404 
526 1141 16 17 0.031852722 
352 572 87 108 0.031354394 
739 1022 16 21 0.0310581 
783 496 35 48 0.030324588 
840 503 35 61 0.030275445 
709 1278 15 18 0.029914651 
780 532 15 17 0.029756177 
716 523 12 17 0.029368155 
684 1073 23 29 0.029093318 
710 1241 11 14 0.028917724 
93 39 185 228 0.02874897 
669 1073 14 16 0.028374838 
319 571 76 95 0.027967948 
619 1093 13 18 0.027962856 
130 156 73 69 0.027721867 
896 1102 34 46 0.027201176 
598 1009 14 23 0.02615408 
850 608 31 48 0.026026951 
924 798 102 162 0.025420733 
727 1013 9 12 0.024925753 
784 518 25 31 0.024577202 
709 527 15 18 0.02448149 
908 540 70 87 0.024358312 
682 1071 39 49 0.024285834 
972 846 49 105 0.024247061 
978 1108 26 37 0.023855634 
497 986 35 48 0.023238018 
800 521 21 32 0.02290483 
730 514 15 17 0.022441562 
678 998 20 24 0.02243727 
505 1234 17 20 0.022345828 
186 446 57 75 0.022210557 
789 526 15 19 0.022201126 
655 1097 21 24 0.021905657 
667 1066 23 27 0.021759858 
507 1159 25 29 0.021244988 
460 1268 27 29 0.021179581 
733 474 13 18 0.020613046 
742 509 11 14 0.020366713 
267 430 15 21 0.020257352 
724 511 12 14 0.020098355 
