2_Demonstration_Demonstration_Or_Protest_2_120
756
819 511 32 39 0.99947494 
901 507 40 48 0.998591 
995 480 32 36 0.9982857 
5 486 76 85 0.997437 
661 444 28 30 0.99718696 
936 471 28 33 0.9854199 
980 369 15 18 0.98396736 
748 377 15 18 0.98391587 
717 428 21 28 0.98324734 
966 581 48 53 0.9794676 
483 293 20 26 0.9789032 
838 385 15 18 0.9710141 
817 393 17 21 0.95733905 
958 397 17 18 0.95503867 
469 255 19 22 0.9521313 
889 393 21 23 0.9477388 
395 259 12 19 0.9466574 
1002 371 13 16 0.9359983 
964 349 12 16 0.92822665 
359 282 16 18 0.9197098 
204 413 23 36 0.91905504 
119 293 13 17 0.9039851 
982 420 23 24 0.9031333 
504 266 18 23 0.89454746 
758 326 11 14 0.89065385 
797 381 13 15 0.88079125 
909 372 16 18 0.8731768 
988 342 13 16 0.86586255 
884 357 10 14 0.86446977 
859 417 24 25 0.8512133 
558 326 12 15 0.84322757 
807 327 9 11 0.83848566 
918 394 15 17 0.8136544 
291 300 12 14 0.80940247 
857 350 10 13 0.77748007 
935 426 21 22 0.76593214 
774 364 13 15 0.74750865 
721 560 41 38 0.73725957 
724 338 10 13 0.67803067 
919 343 12 14 0.6611995 
692 361 12 16 0.6354416 
836 468 23 30 0.6263749 
868 390 14 16 0.62285817 
723 396 17 19 0.6129902 
221 270 10 13 0.61242193 
29 285 15 18 0.60876185 
776 338 12 14 0.5997154 
276 291 10 13 0.5830544 
747 362 13 14 0.49168155 
891 471 22 30 0.48923007 
854 308 8 10 0.4420923 
838 303 7 9 0.44027272 
830 319 7 9 0.4271096 
524 277 10 13 0.42318365 
619 531 21 34 0.40934932 
771 406 15 19 0.3836952 
716 355 11 13 0.3740291 
709 320 9 12 0.3715553 
742 303 7 10 0.35785285 
567 288 9 12 0.3554457 
791 302 8 10 0.34521565 
248 409 35 37 0.3352039 
1013 350 9 14 0.3145437 
846 327 9 11 0.29206577 
923 477 32 32 0.28506044 
710 371 14 16 0.27831286 
103 326 11 15 0.27755752 
167 271 8 10 0.2763008 
143 268 8 10 0.27171248 
174 299 10 14 0.26681304 
848 334 8 11 0.2513804 
822 372 12 16 0.24690932 
137 308 11 14 0.2466164 
815 309 8 9 0.24175064 
80 287 9 11 0.23782493 
322 270 7 10 0.23222296 
812 349 10 13 0.22656628 
205 284 11 13 0.2241218 
871 311 7 9 0.22290346 
738 304 7 10 0.21687672 
871 352 8 11 0.21507673 
559 307 12 14 0.21253155 
855 304 7 10 0.21248049 
326 278 8 11 0.2122248 
582 304 9 12 0.2112559 
542 269 10 13 0.20923275 
746 318 8 11 0.20616093 
895 328 9 11 0.20184052 
721 336 10 12 0.19990802 
216 274 11 15 0.19352302 
169 300 10 12 0.19299996 
144 326 9 12 0.19094922 
556 349 10 15 0.18803184 
881 478 28 35 0.18749988 
574 288 8 11 0.18691213 
345 292 11 15 0.18609612 
330 358 26 28 0.1850212 
781 312 9 10 0.17730433 
197 348 15 18 0.17540957 
935 333 10 12 0.16887234 
848 341 8 10 0.16721815 
757 309 8 10 0.16685118 
580 360 23 30 0.16579488 
107 323 11 16 0.16559766 
844 366 11 13 0.16271257 
898 466 22 28 0.16165492 
302 272 8 10 0.15938044 
928 332 9 11 0.1581761 
149 296 8 11 0.15802747 
815 365 12 14 0.15550111 
764 356 11 13 0.15188044 
549 288 9 11 0.14905009 
905 475 25 30 0.14846197 
711 302 9 10 0.14835158 
1000 389 12 16 0.14793512 
297 273 8 9 0.14693491 
253 264 8 10 0.14435987 
906 354 13 15 0.14371206 
737 326 8 10 0.14295445 
749 317 8 10 0.14159004 
861 337 9 10 0.14056267 
260 278 8 11 0.14012489 
548 268 11 14 0.13788377 
422 267 11 15 0.13738592 
592 311 10 12 0.137229 
903 351 11 13 0.13700594 
567 272 8 10 0.13572924 
702 334 8 11 0.13555025 
158 309 8 10 0.13427484 
69 285 8 11 0.13414805 
896 343 9 11 0.13396674 
104 269 7 9 0.12975581 
199 278 10 12 0.12919958 
65 286 9 11 0.12513678 
885 352 12 14 0.12501694 
940 334 10 13 0.123799816 
286 261 8 10 0.122977406 
202 292 9 13 0.122536905 
302 301 9 12 0.122522466 
753 311 8 10 0.12225907 
321 287 9 12 0.12210011 
1006 403 13 16 0.12115657 
776 310 10 11 0.12063467 
694 311 8 10 0.119803905 
593 294 8 10 0.11901006 
112 264 8 10 0.11758252 
796 575 44 54 0.1159505 
758 349 11 13 0.114482015 
577 270 8 11 0.114325844 
558 316 15 20 0.11333398 
759 303 8 10 0.11306088 
778 304 8 9 0.111414164 
138 265 8 9 0.11078477 
597 311 8 10 0.11011213 
761 295 7 9 0.11001153 
581 326 11 12 0.110010035 
518 273 13 17 0.107636504 
114 279 8 11 0.10668323 
318 291 9 11 0.10540605 
935 329 8 10 0.105229706 
248 279 7 10 0.10454116 
861 342 10 12 0.10348901 
123 321 13 16 0.10289011 
213 283 10 12 0.1022847 
726 320 8 11 0.102232255 
953 295 8 9 0.101763375 
163 271 7 9 0.10145013 
775 316 9 11 0.10129723 
0 302 10 13 0.09886583 
199 270 9 11 0.09836845 
120 289 9 11 0.09680323 
926 365 13 15 0.09474934 
784 304 8 9 0.09470852 
869 382 13 16 0.09469724 
718 301 7 10 0.094153866 
543 288 11 14 0.09395126 
79 315 14 19 0.09306505 
887 312 8 10 0.09262488 
96 271 8 9 0.091340505 
936 338 11 14 0.09012022 
581 269 10 13 0.08989836 
584 334 12 14 0.0897074 
15 290 10 12 0.0895165 
143 287 9 11 0.08877771 
813 356 12 14 0.08874914 
151 279 8 10 0.08870837 
827 318 7 10 0.0876637 
241 353 24 28 0.08732964 
141 301 11 14 0.08711207 
326 284 10 13 0.084457025 
814 303 9 11 0.084240146 
811 326 10 11 0.08417545 
756 343 10 13 0.083111696 
808 321 10 12 0.08292645 
562 292 11 13 0.08291201 
840 320 9 10 0.07984402 
833 334 9 11 0.079458825 
582 288 8 11 0.079457134 
230 271 9 10 0.079108186 
104 292 11 13 0.07874962 
815 296 7 9 0.07874879 
97 329 12 16 0.078171544 
8 120 11 15 0.0772705 
884 476 17 21 0.07725616 
179 301 10 13 0.07715139 
712 351 12 14 0.0771205 
345 287 10 12 0.07693154 
705 286 7 9 0.07691583 
708 303 7 9 0.07666463 
854 333 9 12 0.076058865 
576 325 10 12 0.075437404 
365 238 8 10 0.075299084 
1013 301 8 12 0.07511822 
321 265 7 10 0.074401915 
798 357 9 12 0.07439814 
742 324 9 11 0.07429469 
70 280 8 11 0.0740567 
728 295 6 9 0.073307775 
694 296 7 10 0.0732199 
128 270 7 9 0.07315719 
720 320 8 11 0.07257031 
137 303 9 13 0.07228888 
537 262 9 13 0.07194195 
845 370 12 15 0.07138756 
977 340 9 13 0.07049989 
797 318 9 11 0.07044777 
118 263 7 9 0.0703854 
536 278 10 13 0.06979534 
255 270 8 11 0.06975855 
566 276 8 12 0.06901049 
640 350 12 15 0.06857797 
248 284 8 10 0.06819227 
144 293 10 12 0.06811255 
535 285 11 14 0.06715791 
111 269 8 10 0.06715069 
81 292 9 11 0.0668296 
814 345 9 11 0.06644414 
401 261 15 17 0.06625189 
342 269 8 10 0.06607554 
942 286 8 10 0.065992534 
134 294 9 10 0.065848574 
94 248 8 10 0.0654276 
135 288 9 12 0.06502648 
712 296 7 10 0.06483539 
591 289 9 10 0.06439584 
846 320 8 10 0.06429807 
446 282 14 19 0.06398162 
239 271 7 9 0.06386634 
853 329 8 10 0.06362174 
240 278 8 11 0.063606665 
768 362 13 16 0.06353321 
25 286 12 16 0.06350434 
924 369 11 15 0.06307942 
128 264 7 9 0.062160145 
560 271 9 11 0.061701644 
203 354 11 17 0.061602104 
855 345 11 13 0.06159619 
760 321 9 11 0.061455555 
457 244 11 15 0.061449844 
853 420 19 22 0.061239675 
865 318 8 10 0.061182134 
987 350 15 19 0.060455557 
713 271 7 9 0.060286187 
689 349 10 13 0.060198154 
809 296 7 9 0.0601926 
885 519 29 38 0.059696775 
822 310 7 9 0.059589267 
561 276 10 11 0.059530064 
693 302 7 9 0.059499815 
981 336 13 15 0.059280735 
825 452 25 29 0.058842834 
704 326 8 10 0.058674026 
144 331 10 14 0.0579803 
230 238 7 9 0.057601843 
120 240 7 8 0.057562124 
842 325 9 11 0.057503488 
757 322 18 22 0.056998283 
789 341 8 11 0.056455836 
133 320 12 17 0.05637472 
183 272 8 10 0.05629789 
809 345 10 11 0.055785555 
810 309 8 10 0.055588994 
957 379 13 16 0.055548288 
46 278 9 11 0.055513766 
249 271 7 9 0.055427108 
939 294 8 11 0.055022527 
759 404 16 19 0.054845877 
801 385 13 17 0.05477996 
838 359 10 13 0.054769777 
141 339 12 15 0.05473652 
1012 342 9 14 0.05432806 
701 549 26 31 0.05429114 
950 287 9 11 0.0535014 
632 511 27 31 0.053361285 
182 277 9 11 0.052828874 
791 298 7 9 0.052541796 
553 470 23 31 0.052492246 
92 309 10 13 0.05163183 
875 393 12 16 0.051546346 
813 319 8 10 0.05153033 
582 264 9 11 0.051382918 
169 254 8 11 0.051253065 
530 245 10 13 0.05116846 
752 304 8 11 0.05103863 
639 361 12 16 0.05085373 
259 354 15 21 0.050648592 
440 292 12 15 0.05053765 
93 254 9 10 0.050499525 
774 327 9 10 0.05041485 
1003 395 13 17 0.050410353 
704 370 12 16 0.050230697 
809 303 9 11 0.049743854 
51 155 24 25 0.049726933 
600 325 9 12 0.04969822 
148 326 9 11 0.049580213 
592 276 9 12 0.049439985 
881 302 6 8 0.049369957 
175 254 8 10 0.049116567 
563 302 11 14 0.048900276 
336 309 11 14 0.048468355 
634 403 10 14 0.048090894 
920 302 9 10 0.047947284 
340 307 14 18 0.04767926 
700 365 12 14 0.047521114 
137 245 8 9 0.047380913 
1012 293 8 12 0.047374632 
622 519 25 36 0.047311638 
828 366 11 14 0.047157936 
911 331 10 12 0.046985082 
149 272 7 8 0.04651023 
231 406 40 49 0.046503343 
767 318 9 10 0.04650277 
711 308 9 10 0.046476275 
791 309 9 10 0.04607 
605 443 15 20 0.04587352 
82 338 12 15 0.04568929 
747 572 28 40 0.045572486 
821 304 8 10 0.045559067 
706 281 7 9 0.045488782 
822 358 9 12 0.04535987 
537 290 11 15 0.04528875 
632 94 10 13 0.045118626 
507 276 15 20 0.044908088 
953 302 9 11 0.04466538 
656 329 10 11 0.0443541 
577 252 9 11 0.044299256 
441 250 9 13 0.044032026 
125 289 10 12 0.044023566 
126 247 7 9 0.043987058 
596 362 13 19 0.043897305 
949 279 7 9 0.043786235 
113 285 9 11 0.043478098 
0 260 9 13 0.04344343 
112 293 9 12 0.043292686 
190 346 16 19 0.043018073 
582 354 16 18 0.04288539 
41 260 9 12 0.04264944 
136 240 9 10 0.042581055 
135 279 9 10 0.04252823 
96 264 7 9 0.04224318 
643 352 14 18 0.042206675 
950 535 36 41 0.042205315 
808 353 12 15 0.042125482 
592 301 10 12 0.04201827 
462 238 11 14 0.04196162 
230 275 10 12 0.041890908 
932 358 12 15 0.04187734 
109 309 12 14 0.04179807 
121 246 8 10 0.04174786 
79 329 14 19 0.0415434 
167 275 8 10 0.041345034 
995 341 10 14 0.041243505 
805 254 8 10 0.04122187 
793 326 10 11 0.04079115 
719 297 8 9 0.040768724 
174 319 11 13 0.040714048 
89 270 8 10 0.040649436 
366 231 7 10 0.040631883 
697 328 8 10 0.04056961 
697 332 10 12 0.040474884 
652 350 10 13 0.040044133 
801 326 9 12 0.04004402 
752 347 11 13 0.040030636 
710 287 7 9 0.039926253 
184 247 8 10 0.03986302 
218 418 30 36 0.039816186 
264 417 19 23 0.039642237 
744 309 8 11 0.03954244 
887 343 10 12 0.039511677 
330 239 8 9 0.03913987 
860 354 11 12 0.03908545 
838 308 7 9 0.03895968 
733 373 10 14 0.038731758 
840 246 8 9 0.038685296 
231 263 8 10 0.038383696 
313 288 8 11 0.0383692 
289 276 9 11 0.038333207 
159 305 8 10 0.03825213 
792 335 9 11 0.038169697 
308 302 9 12 0.03813835 
71 263 7 9 0.038083684 
1006 355 13 15 0.037979007 
120 255 8 11 0.037978973 
911 394 14 17 0.037907552 
102 287 10 11 0.03790243 
705 296 7 9 0.037784673 
119 319 12 15 0.03768797 
700 560 16 21 0.037589088 
103 353 27 28 0.03751541 
598 271 8 11 0.037396535 
922 295 8 10 0.037297796 
2 383 8 12 0.03712947 
65 264 7 9 0.037042078 
754 332 9 11 0.036952548 
136 341 12 13 0.036887873 
725 372 12 15 0.03643903 
63 290 11 13 0.036318135 
695 317 7 9 0.036241133 
574 319 10 13 0.03623186 
959 460 23 29 0.036160726 
937 300 9 11 0.03612512 
582 254 9 10 0.03580399 
35 277 15 18 0.035742916 
1013 306 9 13 0.0356538 
350 287 12 14 0.035643347 
278 297 11 14 0.035521142 
923 611 46 53 0.03552095 
894 347 10 13 0.035508458 
597 317 9 11 0.035500757 
96 279 8 10 0.03544925 
803 375 14 16 0.035347275 
533 254 10 12 0.03530197 
282 261 8 10 0.035040267 
273 340 43 48 0.035025917 
662 332 9 11 0.034871683 
940 328 10 12 0.034764454 
96 286 9 11 0.034641538 
833 313 7 9 0.034546703 
604 84 12 16 0.03447028 
132 304 19 25 0.03415636 
65 270 9 10 0.034150925 
230 302 10 13 0.034053396 
149 358 12 15 0.034033023 
148 284 10 13 0.033999424 
80 266 7 8 0.033968177 
272 339 12 15 0.033966143 
199 265 10 11 0.033889797 
839 264 7 9 0.033711117 
779 358 11 14 0.033690386 
783 378 13 17 0.033662453 
240 255 8 9 0.033596557 
735 333 9 12 0.033466488 
914 313 8 10 0.033431947 
959 345 13 15 0.033356577 
568 263 8 11 0.033334337 
207 263 6 9 0.03330012 
273 263 6 9 0.033252947 
714 362 15 18 0.03325281 
416 265 11 16 0.033237595 
737 248 8 9 0.033204135 
852 373 12 16 0.033090353 
848 295 8 9 0.033034846 
175 263 8 10 0.03295323 
916 480 19 22 0.032883666 
792 355 11 15 0.032800235 
6 387 8 11 0.032756526 
701 339 11 14 0.03263096 
279 279 9 12 0.03261325 
833 295 8 10 0.032558415 
180 345 15 20 0.032535084 
261 350 24 31 0.03250122 
776 295 8 9 0.03245942 
411 250 11 15 0.03242665 
760 288 7 9 0.03233752 
888 303 6 9 0.032219667 
696 342 9 13 0.032161195 
780 385 13 16 0.032088228 
321 364 39 49 0.03201282 
70 270 8 10 0.031931203 
550 275 11 13 0.031886797 
936 347 10 13 0.0318014 
96 293 11 12 0.031782553 
951 340 9 12 0.031621493 
271 255 7 9 0.031616718 
798 312 8 10 0.031220691 
808 365 12 14 0.031148082 
700 559 47 43 0.03112329 
80 270 7 9 0.031101659 
169 323 10 12 0.031097475 
840 334 9 11 0.031056583 
756 361 13 16 0.031016389 
552 214 9 12 0.030956604 
313 264 7 10 0.030950807 
89 264 6 9 0.03076484 
1007 307 10 12 0.030764015 
879 332 9 11 0.03067936 
71 254 8 9 0.0306392 
409 247 10 12 0.03050369 
766 333 10 13 0.030458154 
304 265 8 9 0.030390972 
907 489 38 44 0.030251184 
583 317 10 12 0.030140622 
805 321 18 22 0.030121231 
824 442 23 26 0.030011054 
328 256 7 10 0.029974401 
799 333 9 12 0.029937739 
826 311 19 25 0.029868573 
776 288 8 10 0.029852917 
855 297 7 9 0.029786926 
551 196 7 10 0.029763741 
571 347 37 48 0.029660903 
693 369 11 15 0.029472535 
168 264 8 10 0.029440703 
813 379 13 16 0.029431341 
597 303 9 11 0.029376201 
653 361 11 17 0.02937101 
950 379 14 17 0.029340846 
263 296 8 10 0.029193418 
917 311 9 10 0.02911674 
729 309 8 10 0.029114038 
337 269 9 10 0.029067172 
254 283 8 11 0.029052943 
831 357 10 13 0.028990256 
736 321 8 10 0.028972823 
111 247 8 10 0.028964395 
950 387 15 19 0.028955495 
863 373 10 14 0.02888673 
971 349 10 13 0.028884815 
838 371 13 17 0.028881405 
702 357 11 15 0.028867899 
1000 400 14 18 0.028756978 
943 457 26 35 0.028755382 
841 241 8 10 0.028754277 
656 512 22 29 0.028645147 
914 367 20 24 0.028548853 
54 272 8 10 0.028370578 
202 393 38 50 0.028322682 
862 271 7 9 0.028246459 
962 455 17 21 0.02823631 
527 252 10 13 0.028229866 
112 255 8 11 0.028145004 
600 331 9 12 0.028119817 
56 285 9 11 0.02810567 
729 302 7 10 0.028054526 
552 345 17 24 0.028053204 
601 264 8 10 0.02803686 
216 265 9 10 0.02792829 
191 415 28 35 0.027902914 
755 373 14 17 0.027862165 
468 234 13 16 0.02778099 
863 379 13 15 0.02777475 
839 297 7 10 0.027742103 
854 346 18 22 0.027577685 
556 341 12 17 0.027507467 
631 362 12 17 0.027469814 
967 332 12 14 0.027421344 
60 145 16 18 0.027381707 
117 351 11 13 0.02733944 
766 302 7 9 0.027326604 
624 315 10 13 0.027234437 
743 297 7 9 0.026964216 
205 271 10 11 0.026928082 
84 286 10 11 0.026924351 
345 279 8 12 0.026914237 
183 285 10 12 0.026854275 
831 326 8 11 0.026786387 
192 263 8 10 0.026691204 
362 255 8 11 0.02667695 
754 327 10 12 0.026623122 
555 306 20 24 0.026590023 
882 317 8 10 0.026575375 
879 351 10 13 0.02650966 
834 255 7 9 0.026354365 
241 249 7 9 0.026325904 
775 348 11 13 0.02632246 
780 371 13 17 0.026280804 
273 286 18 22 0.02620758 
47 272 8 11 0.026164912 
361 244 9 10 0.026160793 
689 316 8 11 0.02615062 
420 262 19 24 0.02601279 
244 342 44 50 0.026012281 
764 399 16 19 0.026006062 
766 296 7 10 0.025953256 
194 270 7 10 0.025901787 
742 332 9 12 0.02589914 
1008 287 10 13 0.025876405 
290 315 14 14 0.025844518 
240 262 8 9 0.025788601 
261 272 8 10 0.025676139 
692 411 11 15 0.025591409 
790 375 12 16 0.025492415 
1010 344 17 25 0.025427852 
728 265 8 10 0.025294589 
326 263 7 10 0.025070637 
799 480 28 35 0.025048837 
88 279 8 11 0.025033426 
582 274 10 13 0.024979712 
577 364 14 17 0.024903022 
138 255 8 9 0.024896458 
694 279 7 9 0.024875943 
322 256 7 9 0.024872694 
180 295 11 13 0.024855165 
713 332 9 12 0.024854809 
336 263 8 11 0.024793113 
53 279 9 11 0.024761684 
877 492 26 35 0.024732763 
909 464 25 31 0.024731854 
1014 327 9 13 0.02463656 
90 249 8 10 0.02461628 
599 277 8 10 0.02449016 
945 280 9 11 0.02448446 
217 267 17 21 0.02447094 
625 332 9 10 0.024459781 
840 341 9 11 0.02437615 
902 363 12 16 0.024373362 
963 378 13 16 0.024330553 
833 340 9 12 0.024298089 
576 302 11 13 0.024202611 
347 324 16 20 0.024175951 
453 221 12 15 0.02410096 
182 254 8 10 0.02402544 
831 349 9 11 0.024000218 
580 247 9 11 0.023982486 
79 382 10 13 0.023981638 
162 265 7 9 0.023964299 
612 542 31 35 0.023879781 
1003 335 20 26 0.023861455 
139 316 12 16 0.023850832 
766 371 12 16 0.023751222 
324 290 11 13 0.023731925 
697 287 7 9 0.023727627 
480 228 11 14 0.023662176 
224 293 9 11 0.023655243 
561 196 8 10 0.023630327 
605 279 9 10 0.023607247 
576 332 12 15 0.023574283 
696 359 19 24 0.023570174 
797 303 8 9 0.023565335 
0 106 8 12 0.023509886 
1013 364 11 15 0.023506792 
787 496 32 42 0.023490753 
934 573 46 50 0.023487559 
824 325 8 11 0.023479778 
365 243 9 11 0.023450524 
694 272 7 9 0.023389643 
174 271 8 10 0.023315832 
859 270 7 9 0.023298608 
118 269 8 10 0.023294 
299 345 15 20 0.023288583 
870 422 17 21 0.02325743 
777 405 14 17 0.023192404 
920 287 8 9 0.023183996 
849 303 9 10 0.023143103 
93 302 12 13 0.023139633 
247 299 11 13 0.023086598 
913 617 31 37 0.023049278 
1003 401 21 26 0.023026949 
489 469 47 54 0.02301608 
918 318 8 9 0.02297599 
864 311 7 9 0.022925815 
272 269 7 10 0.022902304 
247 293 11 13 0.022852527 
331 284 11 13 0.02284787 
881 312 8 10 0.022828678 
109 351 14 16 0.022792442 
632 537 17 21 0.022740535 
937 279 8 10 0.022732193 
903 304 8 9 0.022712836 
825 394 14 18 0.022697344 
162 360 17 19 0.022678398 
413 207 9 11 0.022654245 
250 232 6 8 0.022633407 
847 289 7 8 0.022584654 
849 302 19 25 0.022539565 
678 307 11 13 0.022429515 
834 441 17 21 0.022429038 
713 373 16 20 0.022428732 
309 347 13 19 0.022412337 
158 357 13 17 0.022398489 
79 281 9 11 0.022380484 
92 315 12 15 0.022352904 
719 270 8 10 0.022293467 
597 448 23 30 0.02223895 
614 550 16 21 0.022176193 
908 572 42 47 0.022173613 
-22 171 198 209 0.022133794 
125 254 9 11 0.022061175 
954 567 46 53 0.022047898 
167 306 11 12 0.021991467 
1014 332 10 15 0.021977963 
333 279 9 12 0.021959174 
103 309 11 13 0.02186462 
142 246 6 9 0.021853128 
790 350 11 13 0.021774108 
796 363 13 16 0.021760983 
940 435 24 28 0.021753134 
894 318 8 9 0.021738878 
901 327 9 12 0.021730674 
13 279 9 10 0.021728748 
920 213 9 12 0.02171744 
690 309 8 11 0.021617804 
589 355 23 31 0.021604832 
721 335 17 21 0.021539887 
79 301 11 12 0.0215269 
154 308 9 12 0.021526478 
870 343 8 12 0.021505468 
919 326 9 12 0.021480376 
925 301 8 10 0.021464547 
633 355 12 17 0.021358918 
110 273 20 24 0.021343598 
222 286 9 12 0.021333218 
181 320 10 12 0.021327434 
579 335 20 23 0.021297317 
624 389 10 12 0.021219842 
590 256 8 10 0.021163179 
127 240 7 9 0.02115268 
103 297 12 15 0.021131711 
362 260 9 12 0.021120554 
520 254 10 13 0.021116063 
870 317 8 10 0.021103548 
991 323 11 14 0.02106144 
914 285 8 10 0.021049395 
230 284 10 13 0.02098472 
833 296 19 24 0.02090152 
784 295 8 10 0.020887552 
537 268 18 24 0.020872759 
589 324 12 14 0.020806862 
205 359 12 18 0.020756468 
733 341 9 12 0.020756032 
726 346 10 13 0.02073941 
826 475 28 34 0.020677406 
839 269 8 10 0.020675052 
798 391 14 18 0.020650377 
342 264 8 11 0.020631427 
213 291 11 14 0.020627331 
305 7 56 69 0.02057756 
176 249 8 11 0.020500721 
289 272 7 9 0.020462332 
800 296 7 9 0.020436646 
601 419 11 16 0.020415671 
920 199 8 10 0.020367166 
743 276 9 10 0.020323094 
528 205 9 11 0.020275792 
183 373 42 52 0.0202641 
798 341 9 12 0.02025611 
29 124 13 16 0.020234527 
112 240 8 9 0.020220116 
176 277 8 11 0.020216327 
1001 308 10 12 0.020163493 
85 312 22 26 0.020143187 
878 481 19 22 0.020116067 
941 301 9 11 0.020088283 
650 525 17 22 0.020040693 
255 294 9 12 0.020027753 
814 331 10 12 0.020016013 
