2_Demonstration_Demonstration_Or_Protest_2_30
40
597 77 20 26 0.8724268 
771 76 49 66 0.8446768 
436 62 18 21 0.38757578 
168 418 48 50 0.28821743 
148 410 27 38 0.17731251 
435 210 45 64 0.15560116 
153 405 48 55 0.0875473 
153 158 51 65 0.061385673 
514 332 29 30 0.05949784 
422 195 75 106 0.04408438 
237 568 14 20 0.043770924 
378 172 43 50 0.04104435 
645 272 37 36 0.038366828 
380 305 62 70 0.030206736 
441 73 14 18 0.030164162 
182 118 36 36 0.029213976 
123 588 13 14 0.02873794 
223 182 33 39 0.026377985 
184 558 9 13 0.025831982 
229 474 14 19 0.025397241 
452 221 48 69 0.025312446 
82 220 16 17 0.02520983 
162 411 19 25 0.02513978 
228 22 42 58 0.024770904 
655 435 42 61 0.024520645 
443 53 14 20 0.024262039 
185 163 51 60 0.024246579 
195 285 16 20 0.024148626 
198 125 52 60 0.024060791 
608 81 15 19 0.023972197 
259 447 17 20 0.023245346 
202 435 82 103 0.023191724 
118 261 25 32 0.022605082 
205 148 50 60 0.021771487 
433 26 97 121 0.021257479 
438 196 33 45 0.02119348 
194 87 45 52 0.021020679 
436 78 16 18 0.020961754 
451 200 30 52 0.020833047 
431 72 26 30 0.020372426 
