2_Demonstration_Demonstrators_2_170
59
865 192 57 65 0.9989907 
928 174 77 87 0.9983759 
735 141 64 80 0.99776936 
318 113 65 99 0.99078006 
584 103 54 71 0.9636611 
41 115 28 37 0.93075114 
5 120 20 26 0.7711571 
720 125 35 43 0.72079384 
90 126 17 22 0.5540613 
190 112 37 42 0.21469432 
724 125 52 62 0.16612698 
85 124 14 21 0.1384645 
59 118 26 33 0.13685772 
72 119 22 28 0.112473376 
612 105 47 66 0.07996037 
586 74 39 41 0.07485703 
105 183 31 39 0.06057664 
642 108 40 59 0.052569155 
238 93 29 36 0.051604073 
45 212 13 15 0.05055019 
286 132 11 14 0.050171286 
295 134 10 12 0.049465228 
702 169 48 65 0.046102487 
441 18 16 22 0.044407167 
702 124 31 42 0.043283567 
249 129 32 35 0.041489307 
70 168 31 41 0.040334444 
495 126 43 65 0.039892975 
446 31 14 20 0.03860786 
0 114 12 18 0.037097253 
468 136 47 65 0.035214104 
62 101 12 14 0.033972956 
515 40 39 55 0.031234792 
533 151 43 67 0.030660236 
478 191 31 41 0.029675812 
37 204 25 29 0.02963787 
546 284 33 34 0.028827462 
80 163 39 54 0.028642679 
39 121 16 23 0.027994813 
501 14 50 64 0.026233198 
540 141 13 15 0.026064517 
161 91 16 18 0.025597278 
522 116 77 118 0.025083981 
477 113 76 105 0.024567245 
821 137 39 55 0.024307143 
457 153 44 61 0.024280747 
658 49 15 19 0.02397935 
504 58 37 51 0.02363904 
286 430 37 52 0.023431629 
541 147 13 16 0.023258526 
425 453 30 39 0.023040615 
491 208 16 25 0.022092883 
170 101 60 71 0.02193369 
573 81 47 58 0.021679431 
499 149 15 22 0.021487303 
697 128 45 67 0.021458268 
686 123 31 49 0.021290895 
406 0 39 42 0.021276755 
422 145 37 64 0.020150686 
