2_Demonstration_Protesters_2_1033
27
109 38 94 118 0.99952507 
314 200 53 76 0.9989422 
414 312 30 39 0.9973411 
358 267 33 44 0.96310145 
495 344 25 35 0.96099323 
834 423 10 14 0.2360816 
548 416 10 12 0.18369007 
484 329 41 53 0.11837445 
800 467 10 12 0.10240105 
44 342 101 99 0.06903562 
809 430 8 11 0.05198752 
428 402 17 22 0.045632455 
562 428 10 12 0.04454817 
559 423 9 12 0.0429596 
428 482 59 73 0.04026974 
481 367 17 20 0.036970526 
448 384 9 11 0.035471175 
407 388 40 51 0.032605547 
479 342 26 33 0.030904146 
544 410 18 23 0.026822068 
336 210 53 71 0.026210904 
555 412 12 14 0.024630098 
484 359 17 21 0.024262922 
20 218 183 202 0.02404901 
84 286 100 115 0.02375796 
269 409 51 54 0.022555513 
563 510 15 21 0.020959299 
