2_Demonstration_Demonstration_Or_Protest_2_494
41
32 387 115 122 0.999754 
476 270 68 84 0.99889356 
296 395 13 17 0.29690233 
1 238 8 14 0.13915974 
65 248 15 18 0.11093515 
147 204 11 14 0.1044667 
600 377 39 44 0.10414212 
284 408 15 22 0.06611359 
366 414 11 13 0.05224122 
66 256 15 19 0.050700955 
272 486 41 50 0.050089456 
317 462 30 37 0.04953554 
285 395 14 19 0.04830624 
662 438 49 64 0.042702995 
363 467 39 60 0.03999383 
293 482 40 47 0.03491283 
311 475 40 46 0.03482831 
8 189 9 11 0.031114811 
235 488 27 43 0.030327195 
197 229 11 16 0.028488202 
369 458 25 40 0.028383926 
762 427 16 20 0.02644433 
352 414 10 12 0.025506463 
317 414 11 13 0.025375072 
279 396 24 32 0.025163777 
-19 419 415 426 0.0244024 
147 210 13 16 0.023610549 
316 428 11 14 0.023592584 
298 504 27 34 0.023387916 
614 482 59 70 0.022512838 
676 410 46 57 0.021827452 
323 467 17 22 0.021750186 
246 483 43 56 0.021672884 
235 425 16 22 0.021617962 
732 468 11 15 0.021396652 
605 495 39 38 0.021025699 
263 389 28 41 0.020935899 
102 215 8 11 0.02069029 
126 213 13 16 0.020242762 
45 212 10 12 0.020190181 
212 402 13 17 0.020002699 
