2_Demonstration_Protesters_2_46
162
78 52 60 75 0.9981267 
740 439 99 135 0.9976878 
957 116 64 86 0.99749964 
338 71 67 93 0.9965491 
262 147 64 90 0.9961455 
926 43 57 75 0.99414563 
617 92 60 92 0.99397415 
588 598 128 149 0.99262744 
645 267 81 121 0.99149394 
824 60 76 96 0.9902998 
427 502 92 143 0.98965925 
123 109 66 90 0.98930466 
755 39 59 77 0.9892264 
793 602 90 113 0.98913354 
912 579 118 157 0.9879574 
273 15 54 63 0.9860282 
467 557 104 144 0.98520863 
494 150 77 103 0.979908 
728 200 57 74 0.97867066 
394 119 50 68 0.9746265 
41 244 78 112 0.9739395 
551 29 70 87 0.9721566 
386 340 84 96 0.96788734 
765 130 53 63 0.9296355 
240 87 44 61 0.9230458 
260 461 90 125 0.91792125 
929 206 70 106 0.8884745 
40 29 42 56 0.86641765 
560 561 113 146 0.7501764 
468 143 50 74 0.7100281 
362 344 64 77 0.6112152 
949 518 80 170 0.5235239 
688 22 29 36 0.460326 
239 460 142 213 0.40582505 
-2 108 28 59 0.39415154 
5 236 80 111 0.36905023 
854 423 72 99 0.35121128 
845 605 129 127 0.33978614 
742 137 48 54 0.3273205 
730 30 27 36 0.31332636 
-4 437 49 113 0.2942271 
653 39 28 36 0.26780882 
829 21 35 41 0.26767796 
201 34 33 37 0.22601339 
751 52 25 39 0.21299028 
993 465 20 35 0.20299417 
-1 43 27 42 0.20010085 
581 95 32 44 0.18082967 
735 141 31 40 0.1798898 
508 565 105 147 0.15932691 
800 49 72 92 0.15389246 
798 423 103 134 0.14646336 
539 52 60 81 0.14470443 
246 24 42 53 0.14111735 
822 17 56 69 0.13647765 
936 11 28 31 0.13574606 
745 39 27 38 0.12466986 
256 125 51 71 0.12152714 
138 0 28 35 0.11478842 
255 65 47 68 0.094792 
466 151 33 47 0.09200518 
57 45 51 68 0.090588495 
242 119 38 53 0.09010945 
573 646 40 62 0.08724412 
635 42 32 36 0.08607533 
944 175 62 99 0.08524635 
411 103 46 62 0.08279763 
112 247 53 64 0.08228836 
923 17 49 63 0.08158172 
358 94 68 90 0.080740534 
934 100 50 71 0.07460766 
-4 7 38 56 0.06957038 
471 171 61 80 0.064073324 
578 60 59 80 0.06384059 
867 650 47 45 0.06361159 
749 21 51 67 0.059139848 
751 191 53 67 0.05671201 
369 355 37 47 0.053805117 
270 191 52 69 0.05303151 
433 130 47 66 0.05275161 
739 14 42 55 0.05085034 
62 24 39 48 0.050527807 
7 -1 39 35 0.05048613 
343 335 57 75 0.04801226 
679 34 31 38 0.047257386 
553 35 43 53 0.04525682 
938 70 56 77 0.04518836 
748 606 109 133 0.04357066 
342 0 35 27 0.042727523 
649 188 51 66 0.042319 
916 2 44 49 0.041792694 
202 149 37 58 0.041527096 
756 96 33 40 0.040168285 
274 75 43 51 0.040159643 
833 616 78 83 0.039307017 
168 146 49 65 0.03811456 
237 29 32 39 0.03714622 
754 33 32 41 0.03702453 
275 42 49 68 0.03625611 
737 38 47 62 0.03578546 
756 0 32 33 0.035700954 
297 316 17 22 0.035589088 
741 488 30 54 0.035540964 
229 129 44 64 0.034800153 
777 190 36 49 0.0344104 
898 106 27 38 0.034178514 
666 37 29 37 0.0336903 
381 520 97 133 0.033438683 
361 609 40 42 0.033149518 
433 105 36 49 0.032510605 
156 0 31 28 0.031588327 
277 284 27 46 0.030809581 
219 33 31 36 0.03059902 
522 25 62 83 0.03050599 
398 113 33 46 0.0304745 
117 211 48 62 0.030120168 
288 82 45 61 0.030062567 
802 22 51 68 0.029373158 
288 302 38 57 0.029345326 
326 162 31 46 0.029194271 
812 579 59 87 0.029189618 
879 0 27 32 0.028924325 
296 501 125 152 0.028389396 
802 98 57 67 0.028335275 
440 110 46 62 0.027937703 
904 24 48 61 0.027386129 
685 31 18 25 0.027156757 
721 172 54 75 0.027053034 
718 152 45 59 0.02675086 
861 453 96 121 0.026730651 
989 457 33 57 0.026506476 
475 215 37 43 0.026176287 
784 156 47 64 0.026150351 
598 43 52 61 0.026055727 
16 0 25 20 0.0258631 
565 23 45 53 0.025487984 
680 177 50 69 0.024954114 
689 46 27 33 0.02406933 
1000 3 24 35 0.023682972 
538 63 35 48 0.023519894 
266 103 50 64 0.023391623 
359 -2 47 39 0.023126813 
121 85 58 74 0.023044657 
311 73 49 68 0.023000397 
761 76 57 76 0.022943035 
488 16 29 46 0.022618597 
742 4 32 34 0.022288686 
658 36 18 22 0.022133982 
663 616 104 124 0.02175526 
206 18 35 42 0.021741403 
220 6 15 15 0.021497266 
109 271 32 45 0.021440523 
852 643 78 75 0.02128763 
939 248 39 57 0.021148203 
926 493 86 135 0.021067683 
-1 340 21 34 0.020922488 
123 210 27 42 0.020828677 
165 624 26 43 0.020643389 
745 345 17 21 0.0205329 
549 18 36 48 0.020363517 
991 444 12 15 0.02023707 
852 9 52 60 0.020198952 
