2_Demonstration_Demonstrators_2_188
180
373 456 94 121 0.9993937 
3 422 37 48 0.9987411 
219 347 53 58 0.9986615 
225 241 35 43 0.9982439 
188 287 36 45 0.9981464 
875 364 32 42 0.9979699 
288 337 39 53 0.9917944 
483 384 39 50 0.9906267 
154 408 45 59 0.9891884 
779 1089 108 102 0.96014816 
852 224 23 26 0.82470393 
109 354 14 22 0.7353685 
957 381 14 19 0.68065846 
1007 366 15 17 0.6782238 
19 396 27 32 0.5890187 
391 339 34 41 0.4449918 
979 375 16 20 0.4374225 
79 479 80 81 0.43701056 
571 411 26 33 0.3186322 
304 273 27 44 0.30468115 
931 371 14 19 0.2952626 
941 405 23 28 0.28680974 
966 407 21 27 0.27579427 
922 519 22 27 0.21506189 
542 406 22 35 0.14759167 
890 332 14 17 0.12562566 
658 368 16 22 0.12162732 
119 1152 393 488 0.107654594 
917 370 16 19 0.107247494 
516 331 20 23 0.105582036 
96 203 40 56 0.103044175 
505 537 54 63 0.101404324 
47 382 23 27 0.09807748 
949 335 9 11 0.09588053 
909 396 23 27 0.092330985 
952 408 23 27 0.09224618 
0 399 19 30 0.084163584 
382 355 32 37 0.0799638 
990 343 10 12 0.0739321 
911 327 10 13 0.07263041 
200 627 41 46 0.07262646 
751 348 41 54 0.07165131 
986 520 16 20 0.07055457 
137 261 39 52 0.06964861 
1012 334 9 11 0.06830979 
921 378 23 29 0.06566001 
12 348 17 22 0.062351763 
925 366 16 20 0.061979406 
731 338 42 56 0.057557985 
965 332 10 12 0.057132978 
983 342 9 11 0.057115007 
554 409 30 36 0.05450263 
924 389 24 29 0.05433648 
42 911 38 49 0.05180867 
137 956 42 62 0.051413722 
357 356 22 26 0.051244196 
961 328 9 11 0.05092489 
666 371 15 19 0.049063213 
1003 406 19 24 0.04812078 
947 389 25 29 0.04599964 
978 341 9 11 0.045451336 
630 372 10 13 0.044646982 
0 396 15 18 0.044569608 
679 342 49 61 0.044501323 
1002 472 21 30 0.04217155 
1010 373 14 20 0.041743696 
821 242 12 14 0.041198455 
773 354 31 33 0.041105818 
164 291 28 38 0.040829726 
956 349 11 14 0.040273946 
901 332 11 15 0.03992144 
987 381 16 20 0.038991004 
637 372 15 17 0.03881728 
926 335 9 10 0.03849105 
944 338 10 14 0.037626937 
817 272 41 53 0.037350524 
978 710 49 78 0.036706604 
91 136 26 34 0.03588653 
361 364 23 28 0.03515565 
913 450 26 32 0.03475286 
750 301 11 15 0.034681413 
774 360 44 53 0.034565788 
475 531 52 69 0.034542937 
658 355 47 60 0.034057606 
942 326 8 10 0.03346386 
935 392 25 30 0.03341833 
917 332 10 11 0.03330649 
30 405 18 23 0.033303145 
986 373 12 17 0.032144234 
457 504 91 105 0.03192566 
999 428 24 29 0.031522024 
1014 346 10 13 0.031186003 
982 335 8 12 0.031030884 
38 425 26 37 0.030994764 
266 336 44 56 0.030477429 
679 334 30 48 0.030299496 
75 951 12 16 0.030217579 
417 257 15 21 0.030137096 
1001 371 11 15 0.029705478 
1002 496 18 23 0.029664578 
112 348 23 31 0.029612891 
706 342 51 60 0.029559884 
806 1065 72 83 0.029540587 
902 399 18 24 0.029445691 
1010 360 13 17 0.029221209 
507 334 31 33 0.028863281 
936 324 9 11 0.02879548 
58 922 16 20 0.028554877 
13 408 39 51 0.028517336 
108 202 13 18 0.028346451 
866 1138 112 123 0.028256388 
1012 339 10 15 0.028101826 
611 400 19 23 0.028049564 
106 144 15 19 0.02776465 
523 326 15 19 0.027672695 
757 301 11 15 0.027606742 
815 1112 112 127 0.027533928 
0 366 11 16 0.027533457 
999 503 15 20 0.02750605 
107 150 24 36 0.027453274 
936 416 23 30 0.027451187 
892 327 21 25 0.027292956 
975 334 10 12 0.027289998 
0 926 10 14 0.027270239 
624 369 25 28 0.02697933 
909 321 10 11 0.026922783 
957 384 23 28 0.02690885 
974 315 11 13 0.026839297 
407 344 20 25 0.02667898 
499 505 59 61 0.026491335 
138 345 24 34 0.026391413 
609 367 45 52 0.02638874 
987 577 24 32 0.026330141 
667 345 30 44 0.026222643 
36 390 26 33 0.026045997 
321 1197 107 129 0.0260058 
86 386 14 18 0.025997033 
349 184 13 16 0.02581836 
932 432 18 23 0.02571167 
927 327 8 10 0.025557362 
932 372 22 27 0.025334716 
807 1109 37 39 0.025285402 
361 359 44 51 0.025253363 
291 280 31 41 0.025206659 
68 951 23 31 0.025203703 
950 340 10 12 0.025128704 
317 184 11 13 0.024996148 
141 244 40 49 0.024756026 
619 394 16 19 0.024396678 
36 922 27 38 0.024078416 
961 372 15 19 0.023825472 
17 373 24 30 0.023802279 
722 272 14 18 0.023672124 
109 317 41 53 0.023609 
738 360 224 219 0.023590943 
848 226 15 20 0.023503877 
947 721 56 66 0.022781959 
192 278 27 33 0.022674669 
950 328 9 12 0.02266038 
641 374 15 20 0.022069817 
53 371 23 31 0.021948919 
952 355 12 15 0.021702005 
834 354 14 17 0.021461401 
929 481 17 21 0.021455977 
156 275 27 39 0.0211846 
957 344 9 10 0.02115292 
640 368 11 13 0.021053517 
574 419 40 49 0.021039411 
87 330 38 50 0.020978369 
996 379 12 16 0.02086326 
906 325 10 13 0.020813478 
990 584 14 19 0.020800522 
118 195 30 43 0.020692075 
111 966 25 38 0.020547444 
956 365 13 16 0.020487953 
110 342 41 53 0.020452261 
998 1101 24 62 0.020310638 
402 339 18 22 0.020248573 
603 381 58 67 0.020236386 
126 295 42 52 0.020160489 
