2_Demonstration_Protesters_2_779
68
1 343 120 147 0.99993765 
611 232 30 36 0.9984666 
549 396 86 104 0.9967527 
976 417 42 56 0.97902966 
726 366 74 90 0.9789762 
699 433 22 34 0.908185 
108 418 53 72 0.8362088 
450 353 26 34 0.49200156 
924 411 22 28 0.42807963 
418 353 16 21 0.4030664 
437 339 15 20 0.3161104 
613 351 45 54 0.2745367 
842 406 41 45 0.13779868 
400 350 38 49 0.11665514 
914 392 39 51 0.11427105 
53 393 96 108 0.11325545 
396 369 31 40 0.09239662 
639 261 22 28 0.08039224 
491 291 29 33 0.07904796 
422 346 37 49 0.0700745 
655 419 42 58 0.059939 
359 676 56 52 0.055089675 
386 447 18 24 0.05451764 
631 216 15 18 0.050563432 
903 395 14 19 0.04887467 
233 442 12 17 0.04625775 
949 402 26 37 0.04405273 
274 385 18 19 0.043797377 
407 341 28 33 0.04157452 
489 299 42 53 0.04147285 
910 413 25 36 0.03601678 
691 419 37 54 0.034787055 
604 344 40 45 0.03406927 
245 383 12 14 0.03386584 
404 340 15 17 0.033604555 
504 298 16 19 0.03291839 
835 355 56 72 0.03262036 
884 402 12 17 0.03232822 
426 344 16 21 0.031806692 
858 343 16 19 0.031782985 
917 379 13 15 0.02924393 
544 -74 425 507 0.028029311 
945 524 80 123 0.026951643 
956 508 30 37 0.02695126 
873 417 15 21 0.026300078 
632 370 18 25 0.025881786 
320 685 57 55 0.025584644 
865 422 18 21 0.025201699 
624 238 26 32 0.025166972 
668 425 26 36 0.024798127 
419 367 16 22 0.02335733 
622 377 34 47 0.023122331 
680 429 27 37 0.02292526 
-12 28 99 172 0.022476347 
707 399 52 67 0.022464283 
112 386 57 74 0.022462677 
339 502 97 121 0.022112386 
854 393 37 46 0.021937314 
503 498 16 18 0.021520022 
507 46 16 20 0.021397674 
754 363 89 103 0.021394536 
465 360 18 23 0.021356866 
425 359 14 20 0.02135216 
931 405 14 18 0.020688828 
952 416 27 38 0.020461619 
683 231 14 19 0.020289134 
685 209 13 18 0.020286659 
980 362 42 57 0.020027006 
