2_Demonstration_Demonstrators_2_244
226
721 154 60 83 0.99796593 
425 115 48 58 0.991617 
203 170 16 18 0.9903358 
252 175 27 31 0.97212267 
843 138 24 31 0.83123547 
613 132 17 21 0.66934 
359 169 13 17 0.48603427 
450 153 51 54 0.4276168 
712 181 29 46 0.40918353 
337 173 9 12 0.38156214 
938 122 19 22 0.31122896 
204 141 12 15 0.2484035 
536 138 22 27 0.22114663 
112 244 12 17 0.16715334 
590 29 11 14 0.16482674 
201 195 16 19 0.16385187 
183 112 7 10 0.16324896 
167 182 11 15 0.12409944 
264 178 16 20 0.121203355 
123 210 27 32 0.11623697 
391 141 30 35 0.11546213 
300 186 17 20 0.11539428 
333 178 13 20 0.112445354 
654 153 13 16 0.094864875 
280 163 12 16 0.09192617 
60 150 10 13 0.09168294 
327 183 14 21 0.088307604 
29 191 7 9 0.08727664 
101 170 14 17 0.0842734 
615 137 22 27 0.08394574 
117 200 43 51 0.0836353 
545 135 22 29 0.08293926 
143 144 8 11 0.081205554 
783 173 63 77 0.07889116 
948 144 17 20 0.07807535 
660 170 12 15 0.074619666 
945 131 23 29 0.07341426 
944 194 35 41 0.07320221 
1013 121 11 16 0.072448365 
302 164 12 15 0.07233041 
183 186 11 13 0.071425684 
81 213 10 13 0.069746844 
127 218 15 18 0.0692722 
166 205 13 14 0.06919962 
143 121 8 10 0.0664146 
907 157 22 30 0.06564412 
135 125 10 11 0.06557258 
682 138 17 22 0.065568276 
661 153 13 17 0.063377894 
353 170 11 16 0.06137065 
184 172 11 13 0.061075445 
529 144 22 31 0.060478736 
339 167 11 15 0.05937957 
171 187 12 14 0.05829423 
969 90 13 20 0.05807645 
619 151 17 21 0.056567594 
309 174 21 28 0.05576087 
391 189 12 16 0.05542453 
612 196 17 18 0.053894922 
197 197 24 29 0.05354875 
329 181 21 29 0.053010203 
224 162 14 16 0.05251713 
110 239 22 26 0.05224908 
302 171 13 16 0.05223884 
308 172 13 16 0.049576443 
754 164 62 82 0.048758667 
156 172 12 15 0.048051197 
223 188 15 18 0.04719536 
48 184 8 11 0.047172442 
73 151 10 13 0.046413876 
188 172 11 15 0.045651257 
93 171 24 28 0.045275956 
918 169 25 31 0.045254223 
78 172 9 12 0.04389197 
694 106 12 14 0.04368012 
106 162 16 20 0.043424625 
362 189 13 15 0.042747177 
442 120 55 65 0.041745182 
138 215 14 19 0.04099588 
598 170 21 27 0.040869165 
312 142 10 12 0.03998118 
29 198 8 10 0.039859265 
137 141 9 12 0.03980774 
668 148 13 18 0.039311554 
24 214 8 9 0.03903645 
904 29 11 14 0.038492374 
680 133 13 16 0.038223483 
382 172 12 15 0.03813147 
30 206 8 11 0.037703257 
73 171 10 13 0.037116997 
374 170 10 14 0.037051823 
303 157 12 14 0.037043072 
136 164 9 14 0.036505062 
116 224 29 33 0.036340613 
640 157 12 15 0.0362878 
663 55 8 10 0.03593621 
157 180 13 17 0.035591274 
636 166 23 27 0.03557804 
284 131 11 14 0.03462921 
166 117 9 9 0.034190375 
200 127 9 11 0.033841647 
74 155 13 16 0.03377476 
955 116 12 15 0.033561308 
151 218 11 16 0.03328346 
948 117 16 19 0.033221293 
167 143 8 9 0.033052307 
228 245 12 16 0.033003885 
690 140 18 22 0.03276189 
152 164 11 14 0.032757606 
677 144 16 21 0.032214038 
676 108 11 16 0.032075647 
528 146 12 17 0.032058615 
171 196 12 15 0.031943977 
159 205 11 14 0.031932462 
532 155 28 32 0.031646695 
763 387 105 148 0.03162777 
299 170 22 28 0.031620506 
87 173 10 14 0.031357944 
204 186 14 18 0.030833093 
6 175 8 10 0.030823033 
210 140 11 15 0.030806927 
94 177 13 17 0.030227652 
79 187 10 14 0.03008656 
168 103 8 9 0.029894248 
84 167 39 46 0.029872837 
157 159 10 12 0.029724516 
363 176 13 17 0.029525014 
304 151 10 12 0.029295983 
903 167 27 34 0.029155672 
166 87 8 10 0.029145796 
823 131 43 60 0.029024353 
285 211 15 17 0.028764706 
631 171 15 19 0.028631695 
328 173 10 15 0.028493088 
151 171 12 15 0.028450554 
954 121 14 21 0.028284421 
940 146 16 18 0.028158892 
317 184 14 21 0.028023822 
651 160 20 26 0.027930133 
316 174 11 14 0.027676595 
178 113 7 9 0.027605947 
993 153 11 16 0.027602784 
638 163 13 17 0.027396824 
200 135 11 12 0.027337423 
658 45 9 11 0.027161987 
703 117 10 13 0.026888333 
869 163 11 13 0.026834106 
159 135 8 10 0.026646977 
166 175 10 14 0.026607897 
941 32 15 20 0.026572194 
118 218 16 18 0.02655357 
875 142 15 21 0.026487002 
161 112 7 10 0.026431397 
227 170 15 19 0.026395237 
246 142 11 13 0.026186109 
351 109 11 12 0.026083006 
72 163 12 15 0.025966497 
533 135 14 18 0.025909778 
402 112 48 58 0.025884889 
6 70 10 13 0.02571677 
662 40 8 10 0.025592074 
406 167 29 34 0.025474807 
642 152 22 27 0.025344266 
100 177 26 31 0.025285473 
694 170 13 14 0.02521236 
80 179 23 30 0.025042547 
1008 118 12 16 0.024948861 
951 142 25 31 0.024813602 
31 211 8 10 0.02468917 
207 175 16 19 0.024450766 
142 102 9 11 0.023817904 
594 165 16 19 0.023763176 
926 176 42 54 0.023600537 
164 236 11 15 0.023492448 
26 206 8 11 0.023439681 
7 207 9 12 0.023415102 
-8 82 95 123 0.023113444 
145 221 29 35 0.02299583 
167 111 8 11 0.022956228 
169 208 15 19 0.022852127 
162 117 7 10 0.022848183 
161 142 9 10 0.022833446 
913 158 41 50 0.022818293 
49 231 9 11 0.022669574 
247 187 26 32 0.022592863 
939 136 17 21 0.022532314 
192 191 22 26 0.0225233 
151 135 8 10 0.022467839 
115 163 14 17 0.022397444 
293 191 17 19 0.022381555 
9 198 8 11 0.022271307 
222 179 14 18 0.022257723 
963 154 15 20 0.022241922 
59 269 14 17 0.022218471 
209 199 17 22 0.022139134 
81 219 10 13 0.022040915 
103 244 13 17 0.02200229 
531 159 16 21 0.02199297 
934 144 15 21 0.021901552 
95 132 11 13 0.021900525 
102 236 11 15 0.021625219 
996 145 24 30 0.021578602 
527 154 13 18 0.021446278 
150 118 8 10 0.021367412 
112 246 30 30 0.02124578 
175 243 13 14 0.021213436 
961 120 20 30 0.021008944 
213 146 11 13 0.020846037 
153 112 7 9 0.020748522 
350 187 11 15 0.020713856 
13 198 8 11 0.020707278 
246 202 14 19 0.02069384 
30 227 11 13 0.020687453 
931 165 25 33 0.020636076 
135 133 9 12 0.020548297 
175 136 9 11 0.020450799 
142 134 9 11 0.020443482 
388 183 21 26 0.020435696 
801 25 90 125 0.020425737 
159 200 22 25 0.020385534 
282 110 8 11 0.020365288 
237 158 11 14 0.02033165 
584 24 20 25 0.020321945 
162 183 19 23 0.020295756 
150 143 8 10 0.02016042 
142 211 26 31 0.020157244 
