2_Demonstration_Political_Rally_2_90
137
539 270 53 75 0.9980574 
789 380 20 27 0.95012736 
300 364 10 13 0.4718181 
876 379 10 13 0.38311306 
921 378 12 16 0.36734152 
196 334 11 14 0.3625487 
236 379 14 17 0.35224244 
155 359 15 19 0.3420856 
5 327 13 18 0.31839132 
342 382 9 12 0.2744925 
40 371 13 16 0.24905822 
202 356 10 14 0.2182669 
24 316 10 13 0.20919554 
112 360 13 16 0.20595346 
170 387 15 20 0.18468907 
63 321 12 15 0.10662363 
318 371 13 15 0.1049549 
408 421 7 10 0.099810995 
1009 385 15 26 0.09837292 
302 298 15 18 0.09771352 
45 326 10 12 0.09165165 
326 367 10 14 0.08680238 
154 312 13 17 0.08380534 
745 458 17 19 0.08316616 
876 428 17 20 0.08294053 
289 390 9 11 0.07791379 
151 390 10 13 0.075667955 
73 297 13 17 0.06776031 
41 327 9 12 0.06691825 
303 382 8 10 0.06514279 
261 357 10 13 0.06485419 
201 350 21 27 0.06248402 
875 386 15 22 0.061509773 
40 348 9 11 0.059952598 
209 345 25 29 0.057041146 
11 325 11 15 0.05488263 
101 380 15 21 0.05372096 
313 372 10 12 0.052304585 
249 301 11 14 0.051928014 
846 393 15 17 0.05186876 
325 333 8 10 0.05169084 
230 372 15 20 0.050559957 
872 402 14 18 0.050435238 
29 408 14 18 0.050188717 
322 327 8 10 0.049723517 
22 323 12 16 0.049146477 
326 357 10 13 0.047736693 
294 383 8 11 0.047010873 
212 354 15 19 0.046082802 
235 348 13 17 0.045736223 
215 387 13 15 0.04571644 
28 312 10 12 0.045154594 
256 391 10 11 0.044502746 
297 370 9 13 0.04185176 
223 341 24 28 0.039111234 
162 360 14 18 0.038276836 
259 380 11 14 0.03789501 
100 388 24 30 0.03786986 
274 392 8 10 0.03710568 
356 310 12 16 0.035227418 
106 401 18 21 0.03439378 
221 382 12 15 0.03420725 
950 423 33 43 0.03406634 
43 375 15 17 0.03397116 
278 392 8 10 0.033602975 
80 374 10 12 0.03236634 
352 315 10 13 0.03227512 
0 404 11 16 0.03171411 
917 332 11 14 0.031224059 
217 375 22 27 0.0307418 
235 363 14 16 0.030544924 
155 347 17 22 0.0303308 
255 342 8 12 0.030270781 
935 463 34 38 0.029728353 
282 308 12 15 0.02930445 
279 398 8 11 0.029150272 
334 374 8 12 0.02893208 
22 409 13 19 0.028545473 
229 353 15 20 0.028256083 
268 357 9 13 0.02816495 
226 356 23 31 0.027761606 
28 331 10 14 0.027227111 
335 302 11 14 0.027037248 
330 404 9 12 0.026573429 
175 285 10 14 0.026461376 
181 393 12 15 0.026309846 
218 337 16 19 0.02611581 
263 309 10 13 0.025639072 
256 351 11 15 0.025139965 
940 406 12 15 0.025078507 
344 326 8 11 0.02495697 
736 439 22 31 0.024922263 
992 453 31 53 0.024656214 
6 321 12 15 0.024652258 
327 350 10 13 0.024648806 
203 370 13 16 0.02459201 
727 428 22 31 0.024486927 
147 300 23 31 0.024382716 
193 330 18 23 0.024325438 
392 357 10 15 0.024287857 
95 340 12 13 0.024124203 
103 376 11 14 0.023964914 
335 307 13 16 0.023843696 
784 408 16 20 0.023687884 
264 344 8 10 0.02362777 
280 318 11 12 0.023483654 
306 442 13 16 0.023441384 
823 374 11 15 0.023359142 
820 379 14 20 0.023233982 
284 356 11 14 0.023162058 
949 459 14 18 0.022892492 
802 381 13 18 0.02276029 
915 365 14 17 0.022713162 
403 422 9 10 0.022701949 
954 326 9 14 0.022687458 
1 335 12 19 0.02241799 
111 352 13 16 0.022237197 
191 390 9 13 0.022099508 
247 340 10 14 0.022040647 
324 377 12 15 0.021934712 
943 447 31 41 0.021853145 
44 342 10 13 0.021680938 
261 362 11 14 0.021668391 
256 372 12 15 0.021569407 
309 406 9 9 0.02129548 
912 397 11 15 0.020874789 
80 379 11 14 0.020823063 
838 387 14 18 0.020814074 
94 384 16 21 0.020641342 
94 366 38 47 0.020616775 
37 419 12 16 0.020611856 
297 299 13 17 0.02043038 
50 381 12 14 0.020372748 
328 398 10 12 0.020207034 
373 371 10 13 0.02012054 
247 333 10 14 0.020054087 
159 343 12 15 0.020027837 
