2_Demonstration_Political_Rally_2_341
148
565 329 24 30 0.9944945 
129 343 18 24 0.9691366 
62 368 14 17 0.96468407 
206 361 15 19 0.9505892 
506 345 15 26 0.90826577 
182 355 17 19 0.8228487 
471 354 17 20 0.756606 
870 339 13 19 0.70787024 
409 361 18 21 0.5515969 
796 338 17 20 0.2583025 
231 366 10 13 0.25310096 
153 354 21 24 0.24480379 
102 356 11 14 0.22670369 
569 455 28 41 0.22361565 
108 349 13 18 0.19031371 
200 322 12 16 0.1695309 
231 369 14 17 0.1549542 
44 395 12 13 0.12386402 
400 361 12 15 0.114082195 
220 333 9 12 0.10120374 
225 358 10 13 0.10045993 
223 350 10 12 0.09635829 
184 378 13 16 0.08619442 
606 427 12 15 0.08093667 
496 347 21 28 0.07889472 
202 294 9 12 0.074887894 
235 388 14 17 0.07428599 
41 373 11 13 0.06697105 
821 384 14 21 0.060673937 
860 334 20 24 0.060271543 
788 342 19 21 0.057497725 
49 344 9 11 0.05595067 
407 398 10 12 0.054139752 
57 310 8 10 0.05403491 
857 355 15 17 0.05046732 
234 378 14 17 0.049693078 
117 348 13 18 0.048880763 
54 343 8 11 0.04874831 
479 352 20 26 0.046760906 
150 338 16 19 0.04556737 
830 344 13 20 0.044954292 
855 340 20 24 0.044912145 
193 325 11 15 0.044420693 
74 342 8 11 0.043473303 
8 343 8 11 0.04309595 
120 389 22 29 0.04277124 
836 345 14 19 0.042759277 
993 378 16 19 0.04270203 
77 341 11 14 0.042689 
412 373 15 20 0.042325404 
51 395 12 14 0.042098485 
80 349 9 11 0.04113767 
918 361 35 40 0.04093534 
494 357 15 21 0.04043724 
62 326 7 9 0.03891564 
922 412 16 19 0.038800213 
262 388 9 11 0.038674742 
36 411 12 15 0.03742528 
96 323 11 13 0.035275616 
793 347 20 23 0.035120368 
920 320 9 12 0.03504867 
216 327 11 14 0.03446167 
893 421 12 14 0.033885974 
78 329 9 11 0.03385768 
393 363 8 13 0.032945737 
840 340 23 28 0.032416053 
16 399 11 13 0.032406226 
97 352 10 13 0.03239186 
585 410 18 20 0.032142747 
852 333 18 20 0.031690974 
221 340 11 15 0.031552725 
579 415 22 25 0.031085826 
866 326 47 57 0.030527601 
926 283 107 145 0.03034839 
918 415 25 27 0.030088332 
411 398 11 13 0.02984011 
807 337 16 21 0.02966434 
400 405 11 14 0.029512292 
23 327 8 10 0.029206794 
41 390 12 15 0.02913504 
47 368 9 13 0.028402057 
786 345 34 38 0.028094657 
920 440 27 39 0.02806558 
575 -45 416 507 0.027782444 
536 286 9 11 0.027670369 
50 327 7 9 0.027545827 
891 341 12 15 0.02753759 
224 371 10 14 0.027417764 
86 376 16 19 0.027243488 
831 331 13 17 0.027222943 
877 334 22 27 0.027155548 
961 340 15 17 0.026972909 
222 380 11 13 0.026862277 
126 310 10 13 0.026816024 
243 395 10 13 0.026709829 
74 333 10 13 0.026554834 
64 349 8 10 0.02650163 
86 350 8 11 0.026399156 
168 310 10 11 0.026175328 
849 354 26 29 0.025833974 
234 418 15 19 0.02574255 
14 344 7 10 0.025693927 
925 304 13 15 0.025277002 
923 318 12 14 0.025273137 
257 383 9 12 0.025266958 
55 336 8 10 0.025218409 
42 401 16 18 0.025041489 
239 447 10 11 0.025017206 
427 148 101 135 0.024820413 
0 413 9 14 0.024705268 
257 388 10 13 0.024174785 
62 344 9 11 0.024057921 
874 333 16 20 0.023893232 
405 402 11 15 0.02383534 
22 404 10 12 0.023613362 
466 367 16 20 0.023564642 
572 401 17 20 0.023498137 
384 366 10 12 0.023477098 
175 414 24 30 0.023407044 
30 406 10 14 0.023170058 
280 400 9 10 0.023162547 
791 334 15 18 0.023139432 
181 367 20 24 0.022687627 
508 348 22 32 0.022648297 
157 320 12 13 0.022344142 
148 332 15 18 0.02200561 
597 425 14 18 0.021990806 
485 345 21 28 0.021900542 
95 361 12 15 0.021746138 
575 326 24 36 0.021712126 
55 326 8 10 0.021617029 
77 393 14 19 0.021564035 
589 416 20 26 0.021537807 
777 323 10 13 0.021290261 
986 346 13 16 0.021228202 
148 385 13 18 0.021215802 
69 359 12 14 0.02111804 
52 388 23 28 0.021093339 
149 345 18 22 0.02105873 
552 450 37 50 0.021042382 
72 349 8 10 0.02101846 
18 327 8 10 0.02089395 
145 325 10 14 0.020815646 
80 381 21 27 0.020738643 
88 357 10 12 0.020708077 
848 334 50 59 0.02052601 
57 428 13 14 0.020214107 
32 411 10 14 0.020097272 
