2_Demonstration_Protesters_2_884
150
523 153 33 42 0.9984498 
938 429 90 131 0.98938555 
366 85 21 27 0.97730106 
890 183 31 36 0.9448056 
584 93 22 23 0.88210374 
662 258 25 56 0.8681163 
516 220 33 32 0.6918449 
701 45 24 32 0.62309235 
314 117 17 21 0.46112385 
555 69 13 16 0.39888394 
35 79 18 19 0.3736662 
291 100 13 16 0.34084237 
17 161 27 32 0.33479354 
335 192 15 20 0.30642906 
722 17 31 40 0.25797963 
211 91 19 20 0.23486884 
119 244 55 62 0.18372597 
663 96 36 46 0.18258879 
779 0 35 36 0.16976984 
703 18 11 15 0.16590922 
874 161 17 20 0.165288 
205 92 14 17 0.16331533 
885 248 37 35 0.15493767 
875 157 26 30 0.1429252 
201 92 11 16 0.14210802 
416 354 33 40 0.14098547 
389 126 13 17 0.12555759 
299 103 12 15 0.124967076 
433 202 30 34 0.12256525 
878 168 34 42 0.10838749 
423 188 24 29 0.10300184 
704 36 14 18 0.09920315 
436 172 16 19 0.08540255 
575 187 29 36 0.07594768 
730 31 16 22 0.07483271 
799 313 38 40 0.074599385 
11 257 42 47 0.068111785 
293 147 14 17 0.0649558 
536 71 11 15 0.06250368 
110 132 16 20 0.059502818 
652 12 16 21 0.05605461 
381 163 12 16 0.05595382 
979 27 23 26 0.054669257 
787 273 16 19 0.05353541 
110 272 13 15 0.051623683 
538 75 13 17 0.05152288 
305 119 23 27 0.051356837 
890 157 15 17 0.048508696 
90 279 27 33 0.048050303 
703 27 13 19 0.047163777 
365 56 15 20 0.04645494 
189 547 118 110 0.044706076 
94 285 14 17 0.0436994 
245 133 10 13 0.043637123 
229 98 12 17 0.04345195 
5 117 10 13 0.042077214 
307 108 12 18 0.041826185 
94 258 62 72 0.04137341 
843 236 14 17 0.040307593 
174 130 29 41 0.040258337 
699 15 20 27 0.04011286 
759 162 10 12 0.039504748 
680 100 32 40 0.03941404 
689 7 23 26 0.039020892 
687 36 42 48 0.038910378 
567 108 14 17 0.038748503 
987 57 24 29 0.038655985 
6 137 11 14 0.03854898 
426 210 27 34 0.037590794 
295 141 21 25 0.037215795 
710 34 26 35 0.037161004 
157 89 17 20 0.03685071 
572 84 23 30 0.036521498 
20 134 12 14 0.0360147 
221 88 20 26 0.03569621 
144 242 44 48 0.035549123 
555 71 21 26 0.035005156 
562 69 12 15 0.03466929 
8 126 10 13 0.034380216 
640 256 43 67 0.034298975 
898 152 16 18 0.03377267 
579 186 18 21 0.033686914 
577 86 37 42 0.03265885 
693 21 12 16 0.032545168 
287 97 12 15 0.032461785 
158 122 34 47 0.03206099 
235 97 14 16 0.03168466 
786 269 26 32 0.031574734 
539 155 37 51 0.030233022 
295 103 20 25 0.030230103 
887 145 26 30 0.02989662 
683 0 24 23 0.029747369 
32 169 15 20 0.029624444 
272 136 16 18 0.029312449 
192 239 31 41 0.029277246 
976 250 29 33 0.028698726 
671 265 37 50 0.028482217 
108 125 25 32 0.028080527 
652 5 14 15 0.027466737 
162 82 16 21 0.027424129 
211 95 25 28 0.027105382 
568 100 24 29 0.026892757 
841 158 28 33 0.026612384 
553 65 11 15 0.026481457 
556 199 30 36 0.026445903 
12 131 14 17 0.02615286 
899 261 18 20 0.026020154 
836 144 18 25 0.02593176 
819 120 12 14 0.0256724 
917 175 34 39 0.02548111 
828 153 16 22 0.025356194 
854 162 24 31 0.025285868 
950 145 12 17 0.025222188 
155 99 26 31 0.025186304 
100 275 16 17 0.025108276 
715 7 28 33 0.02510022 
403 190 13 17 0.025005236 
729 19 19 23 0.024903035 
390 120 11 15 0.02457339 
665 233 53 73 0.024256548 
37 72 12 14 0.024240576 
932 226 39 48 0.024113221 
398 195 15 19 0.02395962 
887 157 30 35 0.023208555 
548 78 16 21 0.023111394 
12 273 49 58 0.023100711 
101 267 31 31 0.023098238 
305 146 14 17 0.022865774 
285 102 17 21 0.02277332 
685 20 15 17 0.022718498 
307 102 12 15 0.022330618 
349 403 13 16 0.022265494 
564 78 23 31 0.022029623 
777 268 11 15 0.02172139 
707 51 29 36 0.021517104 
968 109 51 84 0.021371601 
401 222 24 29 0.021307355 
0 318 36 46 0.021068336 
775 268 25 29 0.021036794 
591 166 32 38 0.020718623 
230 84 13 19 0.020700201 
827 182 13 16 0.020675814 
263 226 26 34 0.02061277 
197 126 27 31 0.020584628 
394 200 22 26 0.020408504 
541 205 24 33 0.020399185 
835 229 24 29 0.020351777 
555 204 15 20 0.020240871 
681 17 24 30 0.02011937 
86 242 56 63 0.02009076 
