2_Demonstration_Demonstration_Or_Protest_2_578
502
941 320 29 37 0.99973124 
667 295 29 36 0.99944085 
568 307 26 32 0.999278 
322 320 24 30 0.9983726 
852 336 28 32 0.99642193 
749 252 15 21 0.993852 
503 304 21 28 0.9933403 
810 232 15 19 0.99320626 
255 334 22 28 0.9917361 
68 309 22 27 0.9880633 
148 322 20 27 0.98610014 
704 211 11 14 0.97484267 
579 276 18 23 0.9695701 
780 349 25 29 0.9659502 
881 247 16 20 0.965194 
423 308 21 25 0.9484098 
961 225 14 17 0.9147145 
230 270 14 18 0.89682513 
93 268 12 15 0.8816172 
293 219 12 14 0.87810564 
0 311 19 23 0.8199472 
611 221 12 15 0.8092124 
212 354 22 28 0.8044922 
984 233 13 17 0.7093425 
548 221 11 15 0.70149213 
808 206 10 12 0.67136973 
385 249 13 19 0.6313994 
905 223 12 14 0.5694113 
586 250 13 17 0.529846 
496 258 15 19 0.51954144 
698 248 15 19 0.4473058 
669 189 8 12 0.44052938 
575 216 10 13 0.42057306 
627 182 9 12 0.3574367 
383 226 11 14 0.32126263 
550 199 9 12 0.31445855 
495 275 14 17 0.30341852 
748 183 8 10 0.2867126 
316 222 9 11 0.28181058 
742 199 9 12 0.28037074 
323 166 13 16 0.27955478 
959 203 10 12 0.27361214 
885 207 9 11 0.27220827 
303 247 12 15 0.26487365 
749 226 12 15 0.26407036 
469 327 20 27 0.26375824 
289 222 11 13 0.2385375 
713 229 12 14 0.23705342 
543 203 9 11 0.23567249 
871 165 9 11 0.23455614 
812 209 10 13 0.23287411 
733 184 8 11 0.22740221 
829 141 9 11 0.21747407 
710 175 9 11 0.2124731 
671 206 8 11 0.21123913 
629 188 8 10 0.20635732 
49 305 15 21 0.19727136 
730 189 8 11 0.18470234 
661 222 8 12 0.18286644 
800 201 10 13 0.18236043 
661 205 9 12 0.17446527 
657 212 9 12 0.14648283 
29 198 10 13 0.14499637 
745 221 9 14 0.13980469 
745 188 9 11 0.13430692 
743 215 8 11 0.13407873 
639 141 8 11 0.13195433 
789 173 9 11 0.12742023 
0 231 13 24 0.12585844 
281 223 9 11 0.12553824 
789 168 8 11 0.121887125 
558 183 8 11 0.1215858 
743 135 9 11 0.12098544 
389 229 11 13 0.11954305 
398 235 11 15 0.118766546 
749 167 9 11 0.11305727 
836 267 10 13 0.107641764 
520 183 8 10 0.105891295 
715 234 11 15 0.10504699 
805 200 11 14 0.10340018 
769 136 8 10 0.103389464 
522 190 8 11 0.10059487 
552 167 6 8 0.09751666 
863 157 10 12 0.09743022 
808 131 10 12 0.096234106 
582 173 7 9 0.096118204 
537 204 9 11 0.09495964 
705 174 8 10 0.09126183 
299 284 19 23 0.08970783 
877 167 8 10 0.089464515 
845 190 10 13 0.088916905 
206 247 12 15 0.08870887 
5 201 11 15 0.08823281 
611 157 8 10 0.08700661 
749 173 8 10 0.08688448 
495 200 7 10 0.08670616 
1 217 18 31 0.08584268 
768 193 8 10 0.085495815 
487 187 7 10 0.08493113 
478 297 14 19 0.08490449 
1014 207 8 11 0.084719665 
713 167 8 10 0.083028615 
744 167 9 11 0.082087636 
268 194 13 15 0.081999734 
557 188 9 11 0.0799868 
813 174 9 10 0.0770539 
679 148 9 11 0.07695863 
985 241 13 16 0.07672858 
864 152 9 12 0.07600069 
738 203 9 12 0.0754419 
641 137 8 11 0.07469384 
745 139 9 12 0.074584074 
768 140 8 10 0.07392571 
793 197 10 12 0.07271965 
360 250 13 18 0.0723532 
714 160 7 9 0.0721253 
128 308 22 27 0.07141968 
168 236 9 12 0.070047654 
864 163 11 12 0.069382064 
998 196 9 10 0.06891416 
520 197 8 11 0.06794546 
665 185 9 12 0.067662664 
767 176 9 11 0.06725077 
734 166 9 11 0.0671776 
791 210 10 14 0.06705052 
583 151 7 10 0.06647902 
708 221 12 14 0.065652125 
831 149 8 10 0.06532327 
151 230 10 13 0.06474501 
286 174 9 11 0.064289436 
751 158 8 11 0.063492864 
560 204 10 12 0.06338173 
708 250 13 16 0.0631597 
631 206 8 10 0.062846616 
813 191 9 12 0.062421657 
816 151 8 10 0.06234602 
760 234 10 16 0.061379455 
583 169 6 9 0.061340805 
833 157 8 11 0.061303124 
625 176 9 11 0.060641512 
358 236 13 17 0.05968239 
796 261 11 15 0.059418656 
662 199 9 12 0.059004523 
505 151 8 9 0.058847465 
312 216 10 12 0.058838975 
45 220 10 12 0.057488136 
289 215 20 23 0.057096086 
756 230 11 14 0.05557808 
76 253 13 15 0.05511955 
586 188 9 12 0.05423087 
329 251 12 17 0.053984348 
713 152 7 8 0.053949293 
689 165 9 11 0.0536688 
645 136 9 11 0.05299582 
839 158 9 11 0.052353572 
286 226 10 12 0.051917266 
734 161 9 9 0.051306363 
729 166 9 10 0.05118185 
671 198 9 12 0.050575912 
117 367 15 19 0.050252087 
212 266 12 17 0.049832277 
353 229 10 13 0.04976835 
854 141 9 10 0.049691014 
917 600 15 18 0.049585026 
964 199 9 11 0.049569104 
748 198 9 12 0.04926073 
239 221 11 14 0.049174257 
585 184 9 11 0.049154475 
438 228 10 13 0.04901387 
704 168 8 10 0.048605338 
592 213 10 13 0.048374362 
695 158 7 9 0.047229283 
441 211 10 13 0.04703473 
715 245 13 16 0.04697349 
579 220 9 11 0.04681318 
882 212 10 12 0.046732392 
896 152 7 10 0.0465993 
826 136 9 11 0.046467092 
1 204 10 15 0.04630891 
527 198 8 11 0.045873072 
557 198 11 13 0.045808088 
1013 212 9 12 0.04580413 
617 356 14 19 0.045722656 
823 151 8 10 0.04547438 
329 187 11 14 0.045091204 
690 160 8 9 0.04497638 
869 160 9 11 0.044856247 
138 218 12 16 0.044799212 
272 223 9 11 0.044607244 
511 232 8 11 0.044471346 
454 239 10 13 0.044122066 
56 228 11 15 0.043869242 
660 226 10 15 0.043664828 
620 220 11 14 0.043658957 
597 184 9 11 0.043348502 
646 159 8 11 0.043305784 
886 201 10 13 0.043039743 
222 290 15 23 0.042921603 
119 273 13 15 0.04266297 
591 184 8 12 0.042402633 
514 200 7 10 0.04227729 
757 274 12 16 0.042258173 
739 272 13 16 0.042150445 
365 230 10 12 0.041974567 
812 197 12 15 0.041222118 
469 230 8 11 0.040923484 
477 303 20 29 0.04068336 
553 175 8 10 0.040656272 
851 235 13 15 0.040654134 
521 143 7 10 0.040621422 
362 244 12 16 0.040529568 
1016 197 8 12 0.04047904 
577 174 8 10 0.040017307 
162 194 16 20 0.03997126 
846 182 9 12 0.03991518 
582 158 8 9 0.039783247 
625 197 9 12 0.039580848 
773 135 8 10 0.039398402 
745 158 8 11 0.039172046 
598 126 7 10 0.03881892 
656 184 8 10 0.038803987 
697 174 7 10 0.038784806 
975 192 8 10 0.038646102 
886 184 10 11 0.038102712 
529 168 7 9 0.038059693 
609 165 9 10 0.03798369 
790 158 8 9 0.037962414 
733 148 9 11 0.03793102 
570 215 9 12 0.037818417 
629 198 9 11 0.037654024 
801 144 8 10 0.03761499 
699 238 14 16 0.03759987 
706 180 8 10 0.037311833 
839 182 9 11 0.037072826 
565 200 9 11 0.036973655 
806 142 9 10 0.036536958 
825 120 10 12 0.036523603 
763 273 14 17 0.036486845 
818 230 12 16 0.03637593 
147 393 29 30 0.03637211 
859 157 8 11 0.036331147 
397 242 13 17 0.035930533 
896 157 8 11 0.035829548 
627 252 11 13 0.03574044 
0 213 11 22 0.035591684 
716 224 10 13 0.035150576 
767 205 10 12 0.03502597 
839 175 10 11 0.034938037 
831 181 8 11 0.03493598 
571 219 10 13 0.034906406 
445 207 10 14 0.03476639 
552 259 12 16 0.034529295 
1002 258 16 21 0.034496523 
868 150 9 12 0.034319647 
303 204 11 13 0.034245674 
903 165 7 9 0.034012966 
887 168 8 9 0.033807896 
742 126 9 11 0.03353052 
460 321 22 28 0.033507995 
759 135 8 10 0.03332043 
509 216 9 12 0.033303615 
301 214 10 14 0.03319951 
864 95 10 12 0.0331019 
847 104 9 10 0.032896478 
743 118 11 13 0.03278439 
182 243 13 17 0.032749593 
26 202 11 14 0.03274019 
635 142 9 11 0.032695297 
520 204 9 10 0.032589205 
199 396 27 35 0.032472134 
465 92 11 15 0.032307923 
769 158 8 10 0.0322829 
19 181 10 14 0.032276187 
790 152 9 10 0.03226696 
624 204 9 12 0.032052204 
767 150 8 11 0.03203855 
847 174 9 11 0.031962395 
746 151 7 9 0.03174288 
745 112 9 11 0.031628452 
869 125 9 12 0.03154997 
357 230 12 15 0.031428814 
968 191 8 10 0.031425953 
584 119 10 12 0.031383634 
454 213 8 11 0.031251732 
76 348 12 16 0.03124244 
961 192 8 10 0.03118033 
772 259 13 16 0.031119619 
718 166 7 10 0.030914208 
934 182 8 11 0.030805273 
300 227 12 14 0.03066606 
774 190 8 11 0.030216727 
895 237 10 14 0.030194154 
829 100 10 12 0.030184483 
806 201 17 22 0.030119566 
719 135 7 9 0.030039536 
600 203 10 15 0.02995536 
614 164 8 11 0.02989029 
36 180 11 13 0.029827714 
813 225 12 14 0.029675495 
33 175 11 13 0.029557789 
982 190 8 10 0.029429654 
685 207 9 12 0.02917299 
269 200 13 16 0.029125053 
750 152 8 9 0.029048998 
238 195 10 13 0.02903364 
455 325 12 15 0.028978564 
211 245 10 14 0.028895812 
623 226 11 15 0.028890636 
836 275 12 16 0.02872604 
474 316 23 30 0.028657239 
904 142 8 9 0.02860358 
968 176 8 10 0.028595287 
728 195 10 13 0.028475799 
968 181 8 9 0.028427156 
528 173 8 10 0.028410817 
520 176 8 10 0.028296214 
22 415 15 21 0.028169798 
472 136 9 11 0.028148783 
695 153 8 9 0.028121775 
567 231 10 12 0.028022602 
976 175 8 12 0.02794945 
958 210 12 14 0.027949385 
400 321 13 19 0.027733749 
599 175 7 9 0.02771731 
953 356 17 22 0.0276659 
926 236 11 14 0.027485378 
483 188 9 11 0.027471762 
317 243 10 14 0.02738287 
865 322 16 19 0.027371995 
641 123 8 11 0.027323756 
879 184 8 10 0.027183106 
294 270 26 32 0.027174672 
767 212 10 13 0.027158095 
568 175 7 9 0.027119631 
599 218 11 15 0.027113494 
462 325 11 15 0.027073063 
641 164 7 10 0.02705909 
891 353 16 18 0.027041037 
489 199 8 11 0.027006445 
858 55 8 11 0.02697349 
645 119 11 13 0.026958859 
171 231 10 13 0.026893007 
506 232 8 11 0.026846386 
808 189 11 13 0.026774159 
478 152 8 10 0.026675934 
849 141 9 11 0.02655025 
739 212 9 12 0.02649411 
377 224 10 13 0.026493013 
703 269 11 14 0.02642146 
656 151 8 9 0.02627879 
212 398 13 17 0.02621868 
993 190 10 12 0.02614492 
861 237 11 13 0.026033202 
695 166 8 11 0.02597985 
717 175 9 11 0.025918728 
821 223 10 13 0.0258785 
92 229 11 13 0.025664823 
21 190 10 14 0.025634965 
589 206 10 14 0.025476819 
311 226 11 14 0.025358103 
892 563 52 56 0.025353067 
905 137 7 9 0.02533654 
775 141 7 10 0.025171489 
522 149 7 10 0.025023673 
325 277 11 14 0.024995496 
954 205 9 10 0.024910932 
861 54 8 10 0.02485653 
902 243 10 13 0.024797212 
361 267 11 16 0.024772016 
896 165 8 10 0.024711242 
944 205 9 10 0.024679536 
16 189 10 13 0.024663318 
454 189 12 15 0.0246587 
206 239 11 14 0.024650985 
764 292 12 15 0.0246095 
53 221 11 14 0.024598612 
712 145 7 8 0.024573762 
808 181 10 12 0.024562817 
380 223 18 23 0.024552602 
958 572 15 19 0.024535412 
109 229 9 12 0.02442016 
729 161 8 10 0.024399174 
872 182 9 11 0.024352511 
848 136 9 12 0.024315072 
613 151 10 13 0.024302507 
647 165 8 9 0.024278922 
687 213 9 12 0.024242384 
871 133 8 11 0.024225116 
449 252 12 15 0.024131967 
169 200 16 18 0.024049638 
717 160 8 10 0.023977207 
750 135 9 12 0.02392241 
839 152 9 11 0.023920462 
589 195 10 12 0.023919905 
696 230 10 13 0.023856558 
790 54 11 14 0.023852343 
830 187 9 12 0.023844417 
738 135 8 10 0.023797594 
983 247 12 15 0.023791555 
390 234 14 18 0.023784036 
366 224 9 11 0.023757227 
0 201 20 33 0.023749055 
770 165 8 10 0.023687454 
919 238 10 13 0.023552863 
332 252 16 22 0.023539014 
583 145 8 10 0.023433404 
125 285 23 27 0.023374652 
745 222 18 24 0.023296949 
825 181 9 12 0.023262903 
48 176 9 12 0.023231996 
123 260 16 19 0.023192767 
394 232 20 24 0.023191117 
190 262 13 18 0.023182362 
639 148 9 11 0.02318142 
683 6 93 123 0.023164982 
309 236 11 14 0.02315592 
812 167 11 13 0.023112906 
969 167 7 9 0.023075543 
480 165 7 10 0.022975817 
572 211 18 22 0.022958698 
672 143 9 10 0.022947965 
200 250 13 16 0.022945546 
505 215 9 12 0.022935212 
695 181 8 10 0.022916507 
551 161 7 9 0.02287761 
210 251 13 17 0.022860631 
1012 571 13 20 0.022806574 
729 144 9 11 0.022739938 
325 230 10 12 0.02270854 
8 317 16 22 0.022706198 
278 215 11 14 0.022701954 
761 191 9 12 0.02268786 
829 235 10 15 0.022671731 
131 322 14 20 0.022632908 
434 223 10 13 0.022530394 
654 124 9 11 0.022342904 
766 252 11 15 0.022331834 
856 164 9 12 0.022212602 
126 223 10 12 0.02219685 
678 251 10 13 0.022193652 
783 144 7 9 0.022112159 
105 229 9 12 0.022096986 
960 175 8 10 0.022067867 
513 142 7 10 0.022021243 
440 262 11 15 0.021976825 
22 192 19 24 0.02196933 
699 212 10 14 0.021944443 
742 176 19 23 0.021924669 
604 535 32 34 0.021882452 
535 213 9 13 0.021799814 
933 237 10 12 0.021779263 
814 182 8 11 0.02166915 
539 307 15 21 0.021639638 
665 175 8 10 0.021639233 
403 236 11 14 0.021572597 
319 275 11 15 0.021555074 
159 236 11 13 0.02149738 
1009 208 10 11 0.021482714 
471 295 15 21 0.021469546 
728 174 8 10 0.021449829 
207 255 21 27 0.021369414 
734 172 10 12 0.02131994 
854 174 10 13 0.021305708 
926 262 10 13 0.021297945 
607 214 13 18 0.021188114 
920 181 8 10 0.021153072 
678 206 9 11 0.021151708 
623 177 17 23 0.021137461 
264 228 10 14 0.021123724 
66 174 8 10 0.021120341 
511 204 8 10 0.02110217 
592 168 7 9 0.021030454 
814 143 8 10 0.021008002 
787 28 14 18 0.021004345 
720 182 9 10 0.020997487 
381 234 14 19 0.020981198 
111 223 9 12 0.020909924 
815 156 9 11 0.02089791 
766 340 13 17 0.020840442 
806 150 8 10 0.020807512 
625 245 12 16 0.020732798 
857 152 9 11 0.020711867 
792 237 9 13 0.020701554 
773 175 8 10 0.020698782 
944 229 9 12 0.020695187 
488 151 8 10 0.020681528 
699 250 22 26 0.02057508 
547 167 7 9 0.020554813 
132 277 14 16 0.020551808 
558 228 9 13 0.02054817 
45 283 21 28 0.020505758 
887 221 9 12 0.020470599 
317 370 16 17 0.02040727 
718 198 9 12 0.020376509 
1 190 9 13 0.020334946 
761 206 9 11 0.020273983 
281 179 10 13 0.02025297 
599 151 8 10 0.020251838 
792 192 9 12 0.020226192 
664 151 7 9 0.020193048 
1012 250 12 20 0.020189568 
156 395 17 20 0.020170486 
