2_Demonstration_Protesters_2_213
140
960 587 51 75 0.99799675 
590 550 65 79 0.9975552 
362 311 77 96 0.98736304 
851 706 62 68 0.98369354 
754 541 37 51 0.9825952 
524 470 20 27 0.8578211 
116 459 22 28 0.80621415 
69 393 8 10 0.5373265 
273 293 41 54 0.5315052 
48 399 12 15 0.49372572 
0 422 9 14 0.4247317 
773 611 40 56 0.3576721 
18 401 13 15 0.31817165 
6 471 16 23 0.31075388 
950 383 10 14 0.23568146 
100 404 11 14 0.2170377 
97 397 10 14 0.18458404 
0 398 7 12 0.18177982 
118 453 16 19 0.16354297 
887 380 13 17 0.12667295 
712 376 8 9 0.11849722 
31 439 9 12 0.10696084 
913 649 16 25 0.09627651 
69 426 13 15 0.09518629 
120 448 25 29 0.093810916 
22 419 12 14 0.09120113 
67 469 20 22 0.087503605 
817 391 7 9 0.08211351 
814 717 62 51 0.080341294 
496 476 13 21 0.079764575 
808 384 7 10 0.07455496 
165 468 16 18 0.073761314 
3 414 14 16 0.072734945 
82 442 14 18 0.07118578 
800 543 22 34 0.06547847 
664 71 17 19 0.06171962 
727 492 22 27 0.061058845 
96 490 14 17 0.060198657 
687 560 35 40 0.05961487 
809 389 7 10 0.059546195 
93 414 10 13 0.058609653 
0 401 10 14 0.056304432 
640 46 10 12 0.055954505 
30 414 11 14 0.053078983 
956 388 11 13 0.052844323 
860 701 35 54 0.05152932 
23 389 10 12 0.051038217 
822 391 7 9 0.05016836 
44 443 15 17 0.05012613 
25 384 9 10 0.04928133 
903 634 35 55 0.046929006 
52 572 24 33 0.045887522 
5 406 10 12 0.045043953 
965 398 13 16 0.04390686 
878 387 11 14 0.043877464 
37 414 12 14 0.043604888 
64 404 12 15 0.042756516 
23 437 10 13 0.04044938 
0 434 11 17 0.03962216 
841 391 9 11 0.038614005 
68 433 12 14 0.038006518 
61 27 40 42 0.03701011 
901 381 11 16 0.035463467 
40 418 12 16 0.034743484 
117 472 23 29 0.03459203 
88 397 10 13 0.034548312 
1 424 15 19 0.034169108 
789 399 8 9 0.033446465 
134 483 15 20 0.03265992 
698 557 41 52 0.032332484 
499 470 25 33 0.032114305 
3 399 11 13 0.031809468 
995 377 12 15 0.031665172 
245 285 35 45 0.030918851 
131 436 16 18 0.03088991 
888 376 11 14 0.030079573 
106 436 15 18 0.02957152 
92 263 38 46 0.02936844 
910 395 11 13 0.029246582 
491 175 12 13 0.029198473 
14 420 12 16 0.02898149 
142 477 20 27 0.028920831 
106 440 22 28 0.028898735 
969 384 9 11 0.028738325 
829 735 34 33 0.028604269 
121 433 26 31 0.028535718 
122 464 25 30 0.0284871 
949 376 11 13 0.028214201 
844 629 14 20 0.028090537 
53 451 13 17 0.028000614 
8 473 24 32 0.027525555 
708 374 9 11 0.027148055 
63 466 16 20 0.026944254 
99 392 12 15 0.026738962 
739 503 15 21 0.026432527 
68 461 17 20 0.026383823 
945 387 13 16 0.02628344 
846 388 10 13 0.02596786 
68 411 13 17 0.025780356 
73 421 13 15 0.025647275 
88 418 13 15 0.025332175 
107 405 11 14 0.025251796 
101 422 12 13 0.024857756 
15 434 11 15 0.024707858 
0 476 20 35 0.024633344 
1007 659 16 21 0.024566365 
73 468 23 29 0.024203751 
652 60 26 29 0.024132265 
475 350 24 30 0.024027966 
0 487 12 20 0.024010997 
64 398 21 25 0.023636907 
873 390 11 13 0.02356044 
119 489 14 19 0.023394793 
772 374 9 12 0.022906339 
172 475 14 18 0.022623632 
65 416 19 24 0.022301948 
783 602 35 43 0.022193406 
46 495 14 19 0.02219055 
84 467 12 16 0.022099981 
441 354 27 42 0.021871977 
599 381 9 11 0.021722065 
37 438 11 14 0.02166497 
181 479 10 14 0.021656722 
834 616 23 34 0.021642772 
636 214 30 41 0.02151733 
153 475 22 26 0.021294734 
22 513 30 37 0.02125665 
762 622 35 50 0.021214858 
795 728 43 32 0.021187687 
966 389 12 15 0.021125084 
615 380 10 14 0.021050943 
0 532 17 19 0.020938855 
949 381 19 25 0.020745594 
811 733 40 32 0.020695725 
108 428 13 14 0.020480389 
807 574 26 30 0.020466926 
981 380 11 13 0.020391239 
455 135 207 285 0.020223934 
117 405 12 16 0.020123258 
645 5 127 126 0.02000096 
