2_Demonstration_Protesters_2_589
21
586 330 35 42 0.14396732 
558 287 25 36 0.06475659 
615 329 40 43 0.06447133 
409 51 25 29 0.059430778 
674 146 403 492 0.05016558 
476 267 28 42 0.044412777 
570 291 16 25 0.034198392 
297 381 27 31 0.031534143 
504 103 8 11 0.030726254 
581 79 12 17 0.030152585 
663 359 47 51 0.029489009 
545 83 8 12 0.029092275 
628 332 54 55 0.02877722 
589 313 60 61 0.026573107 
101 41 39 51 0.025416711 
14 503 27 35 0.024741996 
772 271 42 70 0.023439638 
541 285 39 57 0.023347061 
414 63 37 52 0.021363374 
14 481 27 33 0.020971704 
71 126 199 298 0.020648738 
