2_Demonstration_Demonstrators_2_163
53
561 182 100 126 0.99907637 
885 260 45 54 0.994693 
192 263 60 72 0.99259746 
839 285 39 45 0.97509557 
328 189 86 108 0.9382584 
555 293 24 32 0.66969126 
94 262 32 41 0.5483318 
19 238 29 43 0.44809455 
37 155 17 22 0.25079852 
29 245 28 45 0.1314851 
0 291 22 35 0.07026781 
290 214 98 110 0.06913128 
100 262 44 57 0.069068156 
808 273 46 55 0.05376503 
574 253 36 45 0.05078615 
237 429 47 61 0.046903033 
118 285 43 57 0.045712568 
70 492 13 18 0.04359885 
4 237 32 47 0.043540213 
41 260 25 34 0.041749217 
11 214 45 63 0.041558273 
75 244 50 68 0.04106923 
176 279 48 53 0.041056402 
658 1081 196 212 0.03793283 
464 50 45 56 0.033062205 
106 285 29 37 0.03209207 
30 159 16 21 0.03134856 
23 260 45 64 0.031304613 
361 174 66 88 0.031166848 
35 279 43 62 0.029078787 
105 269 18 22 0.02823854 
41 149 17 21 0.02750749 
977 1091 12 17 0.027283436 
329 57 60 75 0.026620066 
86 515 14 18 0.026295818 
0 302 46 67 0.026226899 
126 302 26 32 0.025821969 
38 232 48 65 0.02543649 
285 241 58 71 0.025020692 
208 418 48 61 0.024290035 
69 684 15 20 0.024226034 
255 430 33 41 0.023491604 
58 498 15 18 0.023348704 
7 629 18 32 0.022706628 
49 265 44 61 0.022428647 
314 481 41 58 0.022267155 
47 1121 202 256 0.021985823 
22 430 409 529 0.021896 
24 205 32 40 0.021613099 
117 601 16 19 0.021229481 
549 279 41 55 0.020953879 
69 491 22 28 0.0203756 
862 273 49 55 0.020307772 
