2_Demonstration_Protesters_2_174
22
656 61 122 155 0.9995603 
46 367 30 37 0.9900148 
444 272 32 41 0.97670245 
995 198 26 32 0.80182785 
508 183 33 51 0.7420144 
270 241 38 40 0.28717482 
538 184 37 50 0.20250514 
20 445 15 19 0.14571232 
589 263 45 72 0.11108404 
514 185 48 64 0.087458305 
489 197 44 63 0.079401486 
363 168 26 34 0.055716537 
4 467 15 25 0.04740141 
26 443 39 52 0.04414755 
445 279 19 25 0.028754236 
54 300 459 467 0.028320111 
984 210 31 42 0.028056266 
24 436 22 27 0.026760837 
7 449 24 36 0.026504915 
34 437 13 16 0.025393607 
452 275 40 49 0.024616685 
991 206 17 22 0.023512695 
