2_Demonstration_Demonstrators_2_499
118
259 358 23 27 0.9942616 
760 340 25 28 0.9832972 
634 365 19 22 0.98050106 
813 347 21 29 0.94875723 
601 364 22 23 0.9247163 
486 384 15 19 0.902814 
455 364 19 22 0.87994224 
976 325 38 48 0.87977374 
426 360 15 24 0.87913173 
697 379 17 21 0.87573767 
552 358 18 23 0.8189161 
363 366 19 23 0.6762234 
961 348 17 21 0.67601615 
966 341 26 32 0.4791746 
516 389 16 21 0.36240944 
831 327 22 28 0.29455155 
655 367 11 15 0.29179862 
526 365 10 13 0.27084455 
854 326 13 18 0.21112253 
832 323 14 20 0.16442999 
992 317 31 50 0.12630111 
907 353 26 39 0.123611115 
584 372 11 16 0.11629977 
864 305 12 16 0.10796014 
575 349 10 14 0.10426299 
302 349 14 17 0.09038205 
542 327 7 9 0.0771558 
876 331 12 16 0.07053745 
855 318 11 16 0.07041808 
844 330 16 21 0.06895033 
581 343 9 11 0.0678706 
757 618 17 19 0.06617932 
552 325 8 9 0.06304565 
519 374 11 14 0.060484093 
707 379 13 16 0.060328912 
622 326 9 13 0.05877508 
220 368 17 23 0.05360311 
849 327 24 30 0.050680235 
567 350 11 16 0.04799746 
523 323 11 14 0.047465656 
694 270 12 14 0.046645675 
906 366 17 25 0.04579392 
859 315 13 17 0.044287145 
702 286 10 12 0.043996565 
459 590 15 18 0.043878432 
678 277 9 11 0.043833293 
670 309 15 17 0.04247225 
750 345 16 20 0.04142382 
287 349 12 15 0.04060197 
415 362 23 30 0.03985127 
305 344 10 12 0.039319422 
933 359 25 32 0.038166948 
867 324 21 27 0.037036337 
355 356 36 44 0.03697326 
540 390 10 13 0.03689522 
518 341 8 11 0.036525268 
591 354 11 17 0.035892244 
563 355 15 20 0.035305616 
341 350 11 13 0.034051925 
578 379 11 14 0.03333712 
381 377 13 17 0.0329976 
606 344 11 13 0.03293754 
674 315 13 15 0.032857627 
743 347 11 15 0.03199753 
517 381 13 17 0.031864718 
571 352 13 18 0.03182603 
237 609 15 19 0.031306654 
227 373 15 22 0.030262576 
714 380 11 13 0.030203264 
692 293 10 12 0.029971736 
695 285 10 13 0.029747885 
705 292 9 11 0.029319422 
806 323 39 48 0.028831977 
878 316 13 16 0.028795853 
341 363 13 16 0.028202735 
996 470 12 14 0.027965792 
786 626 14 17 0.027494602 
364 351 12 15 0.027236551 
544 321 8 10 0.026495093 
736 350 10 14 0.026355634 
916 346 45 52 0.0261268 
685 416 19 20 0.026024848 
758 420 13 15 0.02558443 
537 333 10 13 0.025417065 
931 337 40 47 0.025097225 
838 333 25 30 0.024870697 
363 357 16 20 0.024684632 
527 351 10 13 0.024460271 
671 284 8 11 0.024403363 
431 331 12 17 0.024236908 
860 301 21 25 0.024157532 
351 397 12 14 0.024149751 
319 335 8 11 0.024118677 
878 410 15 18 0.024098 
864 311 22 31 0.023476783 
424 331 10 14 0.023291858 
404 576 12 14 0.02299642 
909 355 15 23 0.022655169 
598 349 12 15 0.022566725 
333 341 11 13 0.022491114 
671 321 11 14 0.022360949 
334 348 12 15 0.022317389 
343 343 9 13 0.02209139 
341 354 14 18 0.021995058 
557 385 13 17 0.021947188 
469 389 13 17 0.0217917 
1002 339 19 28 0.021675814 
332 333 11 13 0.021403758 
536 338 10 13 0.021378089 
327 339 10 13 0.021152453 
320 340 8 12 0.02095405 
587 365 14 18 0.020924876 
349 339 11 14 0.020874614 
600 347 23 29 0.020848246 
573 343 18 24 0.020815799 
512 379 12 16 0.020330438 
573 366 20 27 0.020066958 
854 310 21 29 0.020050902 
