2_Demonstration_Demonstration_Or_Protest_2_496
42
315 91 57 68 0.99965084 
944 78 51 68 0.99947673 
209 183 53 76 0.99878615 
731 252 65 94 0.99005973 
540 105 43 52 0.9582676 
676 158 52 56 0.8731778 
505 285 30 37 0.13277104 
482 196 25 28 0.11545285 
66 -1 69 69 0.10648542 
540 73 14 20 0.06659821 
570 444 38 33 0.05515332 
101 10 54 53 0.05509389 
9 1 47 52 0.05142998 
419 300 47 61 0.05024074 
341 5 16 18 0.04992116 
353 305 71 111 0.048131168 
601 94 22 38 0.045038816 
32 0 55 55 0.042907774 
587 159 32 35 0.037505142 
540 436 116 98 0.034885682 
478 201 17 20 0.029434681 
497 261 26 37 0.02933599 
373 109 12 17 0.029152723 
860 141 18 23 0.027925175 
713 93 28 34 0.027350511 
580 129 45 50 0.027253827 
731 26 16 21 0.026054738 
467 249 41 53 0.025743848 
114 -1 29 21 0.02544129 
581 57 22 30 0.024433387 
42 37 25 40 0.02291758 
662 134 52 64 0.022898378 
450 100 15 18 0.02272088 
745 427 139 172 0.022289453 
649 124 47 58 0.021979576 
735 20 26 35 0.021887105 
117 -1 39 39 0.02159122 
495 203 17 20 0.021101385 
245 151 30 41 0.020577513 
730 352 35 48 0.020399524 
432 42 93 126 0.020117722 
271 149 11 15 0.020075604 
