2_Demonstration_Demonstrators_2_654
81
451 157 37 41 0.99596906 
585 167 36 40 0.9958839 
294 141 37 50 0.96005034 
711 130 23 26 0.93066907 
717 188 31 40 0.84298307 
826 126 25 29 0.63256234 
242 117 26 33 0.61030084 
152 133 46 71 0.5864985 
357 142 26 34 0.45629242 
955 186 29 36 0.4193077 
595 112 24 31 0.3883842 
368 138 24 37 0.24152903 
492 314 125 204 0.13852334 
351 150 21 25 0.11171401 
401 273 18 22 0.10438696 
964 98 53 70 0.101092264 
993 109 32 43 0.08781471 
706 141 27 31 0.08204767 
155 113 33 47 0.07783378 
462 115 33 38 0.07644964 
29 223 50 76 0.059310418 
256 111 25 35 0.054172598 
1010 290 13 22 0.052738197 
234 103 42 56 0.04881091 
822 92 12 16 0.04865284 
456 130 43 52 0.04794033 
855 74 10 13 0.042217318 
196 107 14 19 0.040380217 
953 163 45 58 0.038747918 
219 162 27 34 0.037622202 
269 114 14 21 0.037502896 
53 414 163 236 0.03749953 
147 109 30 35 0.036690395 
953 123 55 67 0.034858447 
46 557 117 93 0.034668516 
142 101 11 15 0.033926625 
619 64 28 35 0.03277872 
803 89 38 51 0.03274506 
145 143 32 46 0.032146785 
162 101 16 20 0.03213121 
872 95 42 56 0.0321085 
589 117 19 23 0.03094694 
577 617 30 30 0.030648673 
892 85 10 14 0.030608557 
235 87 14 17 0.028844329 
144 118 81 110 0.02861456 
928 139 43 57 0.027494842 
74 123 15 19 0.027494784 
610 63 24 31 0.027383497 
600 47 29 37 0.026727933 
175 133 53 69 0.026599275 
237 121 21 24 0.02606043 
607 72 15 19 0.025922805 
930 94 15 21 0.025774984 
121 106 14 18 0.024978956 
320 59 11 14 0.024909345 
963 91 28 32 0.024759492 
227 99 28 36 0.024430733 
1004 293 20 31 0.024353452 
911 92 28 32 0.024287421 
477 128 29 40 0.023360971 
823 129 45 59 0.023344094 
342 48 10 12 0.023122521 
141 96 25 29 0.022950826 
259 24 15 19 0.022745233 
170 110 25 34 0.022387918 
968 101 33 41 0.02237958 
970 164 28 33 0.022198552 
936 161 42 54 0.022010505 
939 193 34 42 0.021927044 
229 87 24 32 0.021476373 
815 61 9 11 0.021451715 
66 115 26 34 0.021427255 
708 88 14 18 0.021409456 
178 122 13 19 0.021147316 
250 118 39 52 0.020930573 
171 68 12 14 0.020692918 
347 127 32 39 0.0203607 
915 90 14 18 0.020356772 
135 106 11 16 0.020316543 
456 297 53 81 0.020078111 
