2_Demonstration_Protesters_2_260
37
110 176 109 125 0.9995448 
707 62 117 140 0.9993135 
578 110 87 108 0.9982116 
948 198 20 24 0.7687372 
990 224 30 34 0.6456386 
10 309 20 23 0.2266006 
937 199 24 31 0.15618071 
995 176 25 30 0.1350088 
6 314 44 52 0.10570121 
522 431 110 122 0.06689029 
328 162 89 121 0.06617154 
37 306 17 21 0.063543595 
664 800 52 70 0.059884675 
22 306 27 32 0.057470948 
997 170 17 19 0.056687485 
13 315 26 33 0.055848002 
989 475 23 30 0.036229927 
926 206 26 32 0.035929408 
857 139 27 36 0.033624705 
949 470 15 16 0.031146854 
566 172 445 412 0.030876167 
345 387 400 483 0.030741943 
911 59 41 59 0.028607767 
322 693 102 139 0.028552577 
1004 548 14 18 0.027212622 
21 328 16 20 0.025889304 
529 495 55 64 0.025192516 
973 158 22 30 0.023234457 
862 142 14 20 0.022886865 
425 199 44 61 0.022823459 
996 552 15 18 0.021949792 
985 159 25 31 0.021650692 
447 304 194 239 0.02151956 
922 82 19 24 0.021393603 
955 192 22 28 0.021260059 
904 599 28 35 0.02027088 
21 276 16 22 0.020186592 
