2_Demonstration_Political_Rally_2_204
393
765 386 12 15 0.960451 
222 430 14 16 0.88172895 
405 390 10 13 0.8568511 
341 396 9 13 0.78810567 
57 407 9 13 0.7049383 
497 398 10 13 0.6848069 
136 434 10 12 0.607327 
384 394 10 14 0.60218066 
204 420 10 13 0.59226435 
578 391 9 12 0.4640133 
749 404 10 12 0.45186085 
644 374 10 13 0.4369192 
800 390 9 11 0.41243002 
464 391 10 13 0.40013736 
839 391 9 12 0.37922093 
278 402 10 12 0.32034338 
673 391 8 10 0.2979863 
924 391 7 9 0.28976458 
526 400 10 13 0.285471 
320 392 11 14 0.27513286 
101 422 8 11 0.25980344 
861 388 9 12 0.25515592 
640 379 11 12 0.21659502 
481 390 10 12 0.1989499 
22 404 10 13 0.19648974 
977 412 8 11 0.17901905 
870 375 8 9 0.17740896 
119 430 9 11 0.17132379 
866 406 8 11 0.16805686 
1000 388 9 11 0.15798242 
663 391 7 10 0.15711989 
782 389 10 13 0.15613183 
425 391 9 12 0.15322204 
248 423 9 10 0.15200505 
700 379 9 12 0.14876035 
821 415 9 11 0.14162038 
223 425 11 12 0.13868862 
745 399 10 14 0.13616653 
565 405 9 11 0.13441281 
429 386 11 14 0.13178013 
727 407 10 12 0.13158976 
689 412 8 11 0.13097224 
150 429 9 11 0.12906405 
487 398 9 12 0.12905276 
903 389 9 10 0.12813003 
807 397 8 10 0.12663439 
96 431 8 10 0.124332935 
418 299 25 29 0.12358733 
169 431 9 12 0.119011275 
140 430 10 13 0.11732673 
113 422 8 10 0.11525664 
693 414 8 10 0.11277858 
284 403 11 13 0.11184765 
896 382 7 9 0.110972896 
622 399 9 12 0.10970638 
615 76 11 16 0.109702565 
191 429 9 10 0.10305396 
254 423 8 9 0.10270926 
551 385 8 10 0.10211354 
849 368 8 9 0.100283526 
89 431 8 11 0.09982486 
616 396 9 11 0.09719078 
274 399 9 13 0.09591203 
550 399 9 12 0.09420746 
116 424 9 10 0.09414831 
566 399 8 11 0.08893993 
204 428 11 13 0.08830426 
40 423 8 10 0.087653674 
401 393 12 16 0.0863284 
388 391 9 13 0.08608385 
981 408 9 11 0.08551116 
800 395 9 12 0.08476641 
805 392 9 11 0.08401553 
872 383 9 11 0.08363093 
711 416 8 10 0.08212866 
446 398 9 11 0.07956435 
468 395 9 12 0.07792896 
878 390 9 11 0.07636768 
843 388 11 12 0.073573135 
904 385 7 9 0.07275982 
567 383 8 10 0.07269551 
101 428 8 11 0.07268204 
704 421 10 11 0.07122096 
645 369 10 11 0.07063972 
1004 385 9 11 0.06989917 
400 366 11 14 0.06924231 
160 423 9 12 0.06912866 
771 384 11 14 0.068070464 
545 398 8 10 0.06642477 
822 421 9 11 0.06570988 
824 405 8 10 0.06529771 
936 438 9 11 0.06474807 
248 429 9 10 0.064467326 
848 373 9 11 0.063419685 
840 384 9 12 0.06310636 
521 399 9 11 0.06279374 
129 422 8 11 0.06236028 
938 384 7 10 0.061622676 
411 288 26 31 0.06083666 
176 403 10 12 0.060264297 
663 381 9 11 0.059548143 
313 396 9 14 0.058576588 
726 399 9 11 0.05704264 
294 405 10 12 0.0560425 
191 423 9 11 0.055971004 
622 390 10 12 0.055674568 
376 395 11 15 0.0551917 
694 420 9 12 0.055173054 
613 89 13 17 0.05506101 
241 421 10 12 0.05440074 
130 415 9 10 0.05425235 
942 384 8 9 0.0534699 
576 385 8 10 0.052830726 
482 395 10 13 0.05261985 
207 437 9 11 0.052339163 
115 429 8 11 0.052122753 
302 414 9 13 0.05199857 
734 415 9 10 0.051759053 
815 391 9 11 0.05144471 
411 389 10 13 0.050922174 
111 438 9 10 0.04965777 
417 373 9 12 0.0494868 
638 388 12 13 0.048298076 
897 378 7 9 0.047967706 
501 392 10 14 0.0479303 
134 424 10 11 0.047798935 
294 396 11 16 0.04737657 
592 383 8 10 0.047060207 
172 434 10 12 0.046683677 
532 397 11 13 0.04647041 
561 400 9 11 0.045787506 
455 388 11 14 0.045590583 
501 402 10 12 0.04529319 
336 392 18 22 0.04496839 
876 384 9 10 0.04495618 
306 467 10 13 0.044903353 
658 391 8 11 0.044895574 
583 386 8 10 0.044485744 
437 289 14 19 0.044232544 
404 369 12 15 0.044106193 
127 430 9 12 0.043989044 
704 416 9 10 0.043618694 
567 94 11 14 0.043603957 
769 413 9 11 0.043400984 
415 367 9 11 0.043391068 
736 421 8 11 0.042806488 
247 417 9 11 0.04254465 
830 414 9 11 0.04209761 
910 383 8 10 0.042067703 
791 389 8 12 0.04201926 
832 397 9 11 0.04197748 
710 420 8 11 0.041758783 
407 360 10 11 0.04171964 
887 392 9 11 0.041670796 
16 410 12 14 0.041324507 
102 417 9 11 0.04127946 
895 389 9 11 0.041080434 
413 290 15 17 0.040869262 
143 425 9 11 0.04050846 
581 405 11 12 0.04041164 
590 388 10 13 0.04040543 
879 396 9 11 0.04029191 
945 399 8 9 0.040155746 
534 389 10 13 0.04012007 
992 423 9 12 0.039984673 
181 400 9 11 0.039905056 
134 382 9 12 0.039658215 
534 382 10 11 0.039598417 
223 416 8 10 0.039563388 
912 376 8 9 0.039528776 
428 292 13 16 0.03948845 
926 385 7 9 0.039397407 
639 396 9 11 0.039030816 
662 396 9 10 0.039000563 
430 376 13 15 0.037953842 
426 311 16 17 0.037757207 
369 363 10 13 0.037468694 
399 403 11 12 0.037448682 
111 366 7 9 0.037440464 
273 421 9 12 0.03724172 
705 141 9 11 0.03708764 
617 80 15 19 0.03698309 
393 365 10 13 0.036878858 
565 411 10 12 0.0368271 
792 384 8 11 0.036702782 
993 383 9 12 0.036685195 
809 165 9 11 0.035948556 
582 414 11 14 0.03589293 
641 358 8 9 0.03582345 
921 395 8 11 0.035780717 
87 423 8 11 0.035730526 
19 400 9 12 0.035679284 
81 423 8 11 0.0355078 
576 402 10 12 0.03521772 
192 437 10 11 0.035128884 
112 417 7 10 0.035071783 
829 182 8 11 0.03493684 
228 423 10 12 0.03475439 
609 396 9 11 0.034634378 
301 290 11 14 0.034477524 
246 437 9 10 0.034045648 
950 399 8 9 0.033974715 
423 366 9 11 0.033647817 
582 420 10 13 0.03330606 
729 367 7 10 0.03328715 
284 411 11 14 0.033174522 
96 416 10 12 0.03314864 
280 392 10 13 0.033114254 
641 367 10 12 0.032835655 
863 399 9 10 0.032778714 
624 382 10 12 0.03246805 
544 390 9 11 0.032284457 
921 440 7 9 0.032206465 
967 389 7 10 0.031998694 
768 406 9 12 0.031870756 
993 376 7 9 0.0317573 
567 86 11 14 0.031750772 
133 408 9 11 0.031715248 
253 428 9 11 0.031607516 
135 388 9 11 0.03159063 
509 397 9 11 0.031463947 
767 360 9 11 0.031361986 
531 404 10 12 0.031326734 
27 404 10 13 0.031225665 
184 429 8 11 0.031146696 
903 397 10 12 0.031089848 
240 437 9 11 0.030964948 
921 385 8 10 0.03094674 
840 206 9 11 0.03079131 
791 397 9 11 0.030531734 
814 159 9 11 0.03044118 
176 422 9 11 0.030441111 
654 128 8 11 0.03042934 
367 389 11 15 0.030390522 
944 389 8 9 0.030279066 
689 419 9 13 0.029978909 
999 421 11 14 0.029940326 
214 422 9 12 0.029828807 
285 392 10 14 0.029816197 
622 355 9 11 0.029800862 
297 413 9 13 0.029639266 
743 431 8 11 0.029585248 
94 436 8 10 0.029544733 
722 397 9 11 0.029353144 
399 360 10 12 0.029337212 
903 405 9 12 0.029265596 
528 391 10 12 0.029220963 
88 360 8 10 0.02914179 
926 406 8 10 0.029131228 
632 382 8 11 0.028880786 
373 359 10 12 0.02851579 
910 399 9 10 0.028469654 
816 384 8 10 0.02845438 
734 405 10 13 0.02843491 
295 391 10 13 0.028220693 
300 403 13 16 0.028215209 
165 414 9 11 0.028021816 
748 204 11 12 0.028012514 
381 398 14 17 0.028010765 
518 481 8 10 0.02797659 
640 370 17 21 0.027906273 
229 444 10 12 0.027817937 
741 382 8 11 0.027799297 
717 59 13 18 0.027749203 
609 75 10 15 0.027714264 
970 414 8 10 0.027706197 
240 416 9 11 0.027491188 
353 366 212 206 0.027419202 
511 381 10 12 0.027228696 
575 386 17 22 0.027159384 
591 406 9 10 0.027154628 
742 437 8 10 0.027044754 
918 375 6 9 0.026977066 
433 413 10 13 0.026974266 
655 381 9 12 0.026935441 
429 360 11 11 0.026479796 
448 390 10 14 0.026478998 
167 406 10 12 0.026226312 
484 383 12 14 0.026207322 
57 402 17 22 0.025958128 
928 440 8 10 0.025934495 
729 357 8 10 0.025934074 
657 397 9 11 0.025857575 
568 390 9 11 0.025833445 
113 456 9 12 0.0257675 
829 405 9 10 0.0257482 
960 385 7 9 0.025598815 
911 405 8 11 0.025478477 
857 384 10 12 0.025349189 
542 478 9 11 0.02530198 
494 393 17 22 0.025240796 
745 395 18 23 0.025228245 
482 404 10 13 0.025011238 
853 374 8 9 0.0248879 
598 397 10 11 0.02485285 
925 396 8 10 0.024831127 
518 391 9 12 0.024713121 
1 712 54 63 0.024606664 
641 470 9 11 0.024555437 
701 173 10 13 0.024551587 
183 423 9 11 0.024379373 
368 395 12 16 0.024317946 
855 220 11 12 0.024256868 
815 396 8 12 0.024212478 
318 391 18 22 0.024139795 
903 376 8 9 0.024079759 
1004 417 14 16 0.024071373 
885 212 11 12 0.024050899 
907 54 14 17 0.024048485 
81 427 9 12 0.023926262 
424 381 11 15 0.023796527 
559 383 8 10 0.023705397 
961 389 8 10 0.023633722 
390 415 11 13 0.023534598 
721 392 8 11 0.023527034 
1015 382 8 10 0.023318322 
510 376 9 11 0.023273675 
485 411 10 12 0.023222847 
609 91 10 16 0.023193061 
597 383 9 11 0.023059225 
958 400 8 8 0.023057641 
89 365 8 9 0.02303148 
632 389 8 12 0.022939613 
454 395 11 13 0.022915915 
39 427 10 13 0.022779657 
432 480 8 10 0.022702008 
841 168 8 10 0.02269679 
413 359 9 12 0.022637317 
128 436 9 11 0.022608966 
736 430 9 12 0.022524344 
734 397 11 14 0.022492232 
200 415 18 22 0.022469828 
807 143 9 12 0.022346795 
968 368 8 9 0.022342276 
765 151 8 10 0.022291038 
654 374 9 12 0.022282934 
710 38 9 11 0.022107003 
597 389 11 14 0.022036433 
870 437 8 11 0.022015685 
639 110 9 12 0.022012465 
824 167 8 9 0.022006243 
510 389 12 15 0.021993255 
557 477 9 10 0.021991763 
426 377 19 24 0.021978155 
866 368 8 10 0.021907123 
232 397 8 12 0.021872962 
297 419 9 12 0.021794751 
444 462 10 12 0.021763247 
535 377 8 11 0.021753676 
697 134 9 11 0.021731457 
743 422 7 10 0.021676617 
437 478 9 11 0.021651717 
1014 445 8 12 0.021628687 
381 420 12 13 0.021606939 
439 276 11 14 0.021598963 
240 429 10 12 0.021568451 
855 413 9 12 0.02156444 
103 438 9 10 0.021498099 
422 281 25 31 0.021488667 
463 384 10 13 0.021429481 
279 412 11 13 0.02126135 
716 45 10 13 0.021257082 
559 390 8 10 0.021198452 
991 397 8 10 0.02119374 
844 397 10 12 0.021188727 
951 383 7 10 0.021137808 
224 455 10 12 0.021125706 
894 454 8 9 0.021051187 
452 383 13 15 0.02104549 
772 405 11 13 0.021038333 
870 399 9 11 0.020976748 
966 238 9 12 0.020957507 
771 392 13 16 0.020922773 
437 389 10 14 0.020804888 
414 394 10 12 0.020690404 
415 412 9 12 0.02053315 
434 380 11 16 0.020443901 
231 416 8 10 0.020435885 
670 384 8 11 0.020429756 
152 381 9 12 0.020380115 
975 384 8 10 0.020244975 
67 406 9 12 0.020221628 
51 406 10 13 0.020218486 
998 443 10 14 0.02017902 
793 143 8 10 0.020175852 
676 395 10 12 0.020146798 
646 116 8 12 0.020105073 
719 423 8 10 0.020102207 
807 414 9 11 0.020093061 
44 421 10 13 0.02008569 
853 368 9 10 0.020078832 
719 85 9 11 0.020075267 
893 395 11 13 0.020028355 
