2_Demonstration_Demonstrators_2_196
1575
182 723 11 15 0.9297875 
87 717 12 13 0.86061364 
150 723 13 17 0.7513065 
208 694 12 15 0.68560845 
35 735 12 14 0.66226566 
156 744 13 16 0.6302392 
739 621 10 13 0.63011855 
107 666 13 17 0.62969947 
295 462 9 12 0.61178845 
444 309 12 17 0.5051662 
414 613 8 11 0.47530913 
445 607 10 13 0.45035174 
374 709 13 17 0.44011617 
478 606 10 12 0.43867233 
832 679 9 12 0.42283118 
133 695 17 21 0.39337185 
278 581 10 13 0.38585594 
622 204 13 15 0.3757457 
642 630 9 12 0.3606874 
942 658 11 14 0.3515621 
926 630 10 11 0.3415426 
63 366 8 10 0.328759 
64 484 11 13 0.32360566 
510 581 10 13 0.3182149 
637 669 10 15 0.30924234 
406 316 11 15 0.30566758 
93 499 10 13 0.30387095 
302 300 9 11 0.29692033 
503 688 12 16 0.2874874 
491 587 11 14 0.2845061 
175 471 8 10 0.28060102 
273 462 8 11 0.27968276 
477 643 11 14 0.27256814 
436 532 9 11 0.27024648 
721 502 9 12 0.26377568 
347 722 12 16 0.26336688 
25 486 9 11 0.26209918 
192 464 7 9 0.2605093 
198 499 9 12 0.2595802 
369 441 8 11 0.24580702 
148 639 9 12 0.24322551 
125 648 12 17 0.23857212 
191 374 8 10 0.23283772 
108 350 9 12 0.22934236 
599 324 13 15 0.2286532 
180 359 8 11 0.22714363 
185 295 9 12 0.22606252 
807 653 12 15 0.22559404 
69 480 9 11 0.22360142 
581 400 16 18 0.22175227 
311 270 8 11 0.21737325 
142 361 8 10 0.21317764 
250 342 8 11 0.21313992 
80 545 10 12 0.21151324 
159 359 11 12 0.20968464 
32 571 8 11 0.20930263 
236 509 9 13 0.20929638 
134 511 10 13 0.20722966 
408 322 11 15 0.20517588 
386 488 8 11 0.20449504 
257 472 9 12 0.20101444 
83 748 12 15 0.20100762 
522 605 10 14 0.20033474 
585 552 9 10 0.1999901 
319 310 9 12 0.19908032 
56 669 10 11 0.1976329 
349 632 13 18 0.19627808 
583 390 9 11 0.19610578 
222 470 8 10 0.18984999 
684 716 11 13 0.18975025 
193 697 9 13 0.18762282 
466 473 9 11 0.18650743 
20 233 14 20 0.18519686 
144 494 11 13 0.18431048 
711 632 13 17 0.1792093 
943 648 9 11 0.17805642 
249 723 13 17 0.17734586 
524 524 9 12 0.17729244 
341 509 8 10 0.17727932 
67 532 11 14 0.17525241 
337 340 10 12 0.17384687 
824 654 9 12 0.17384209 
628 422 10 12 0.17318858 
460 376 10 12 0.17111808 
826 697 15 18 0.1687654 
752 527 10 12 0.16734321 
586 587 12 17 0.16694663 
161 493 9 12 0.16575879 
373 279 10 13 0.16385342 
342 332 9 13 0.1631632 
63 361 7 9 0.16237131 
302 514 10 15 0.16231753 
903 636 8 10 0.16188538 
520 38 8 11 0.16179335 
431 291 10 12 0.16116056 
232 685 11 15 0.15952848 
273 254 7 8 0.1577298 
393 563 10 12 0.15760836 
767 647 11 15 0.15759657 
357 536 8 11 0.15713832 
674 694 16 21 0.15646411 
762 733 11 14 0.15360977 
360 608 10 13 0.15219627 
0 504 7 12 0.15093195 
175 478 9 11 0.15014747 
239 605 9 12 0.15003493 
645 635 9 12 0.14802551 
735 626 12 16 0.146199 
206 309 8 10 0.14613946 
112 375 9 12 0.14610109 
756 615 15 18 0.14558922 
150 343 8 10 0.14360417 
297 351 7 9 0.14347924 
325 343 8 12 0.14239693 
405 262 10 13 0.1417844 
628 611 10 14 0.14008643 
230 431 7 9 0.13971725 
340 556 9 12 0.13957597 
161 446 9 11 0.13887282 
177 363 9 12 0.135351 
343 328 9 12 0.1350122 
278 486 9 11 0.1349998 
478 582 12 14 0.13494998 
126 733 14 19 0.13424742 
147 475 12 14 0.1342028 
446 584 8 11 0.13289565 
318 709 10 13 0.1326887 
343 296 8 10 0.13240995 
125 711 10 14 0.13192974 
599 438 9 12 0.13160518 
64 371 8 10 0.13045229 
751 610 15 17 0.12422195 
807 693 11 14 0.12381802 
88 375 9 11 0.123331256 
161 452 10 13 0.12306285 
57 498 10 13 0.122861765 
486 579 13 17 0.122805186 
223 439 8 11 0.1225752 
483 568 10 12 0.12230269 
242 495 7 10 0.121965356 
484 319 13 18 0.12185636 
310 423 9 11 0.121697195 
435 267 12 15 0.121604554 
523 519 9 12 0.12074517 
145 220 8 10 0.12033757 
632 662 10 13 0.120081514 
486 573 10 14 0.11996274 
531 340 12 17 0.11947049 
91 446 8 10 0.11864374 
113 214 7 10 0.118170075 
784 614 12 14 0.11807024 
767 711 14 19 0.117024854 
44 550 9 12 0.115765914 
445 598 10 12 0.115336396 
167 461 8 10 0.11475635 
105 518 10 13 0.11365571 
231 445 9 11 0.11356771 
346 660 12 16 0.11356039 
687 740 14 20 0.11287087 
423 659 11 14 0.11133509 
370 365 8 12 0.11086608 
410 556 10 11 0.10955133 
163 748 14 16 0.10948523 
755 591 13 16 0.109393895 
79 501 9 12 0.10878351 
445 589 9 11 0.108557425 
405 332 11 15 0.1084743 
357 303 7 10 0.10713681 
675 446 11 14 0.10544798 
257 295 8 11 0.105121896 
416 635 12 14 0.10491186 
389 252 11 13 0.104888976 
623 533 25 36 0.10434873 
433 528 10 13 0.10417834 
102 711 12 17 0.10362879 
924 661 9 12 0.1021741 
85 525 8 12 0.10216816 
228 485 9 11 0.100689605 
742 616 12 15 0.10055545 
181 351 7 11 0.10043389 
746 714 14 19 0.09906071 
880 388 12 15 0.09898772 
630 518 11 15 0.098317295 
112 296 8 11 0.09829085 
620 440 10 13 0.098104715 
295 312 8 11 0.09768313 
456 379 12 15 0.097680554 
24 567 8 10 0.097377256 
277 454 8 12 0.0972736 
246 652 9 11 0.09599207 
190 581 10 13 0.09592396 
226 431 7 10 0.09547087 
707 668 12 16 0.095353335 
300 681 16 20 0.09527932 
1005 329 15 20 0.09497329 
294 316 8 11 0.09474244 
128 206 8 11 0.09471162 
234 188 9 11 0.09421612 
441 583 9 10 0.09394802 
366 738 14 17 0.093298905 
561 647 10 12 0.09253219 
855 711 10 13 0.092250906 
296 343 7 9 0.091934 
87 311 9 11 0.0918132 
926 568 9 11 0.09114333 
238 457 9 10 0.08981316 
254 510 8 11 0.08948711 
8 574 9 12 0.088683374 
81 471 7 10 0.08859649 
344 540 9 11 0.088397555 
29 623 8 10 0.088299185 
200 672 9 11 0.08809182 
407 623 10 13 0.08800896 
110 748 13 18 0.087993965 
2 563 9 13 0.087667026 
110 356 8 10 0.08764444 
831 164 9 11 0.08750153 
597 660 12 16 0.08743546 
894 645 8 12 0.08687605 
103 573 8 9 0.08434033 
919 637 11 13 0.08431759 
73 445 7 9 0.08409075 
218 320 7 9 0.08301095 
757 688 14 18 0.08271235 
576 577 10 15 0.082686864 
454 604 9 13 0.082615055 
170 750 14 16 0.08260429 
756 625 12 16 0.08248861 
914 731 14 19 0.08207278 
512 585 10 14 0.08176165 
93 336 8 11 0.08172564 
557 470 10 12 0.08161414 
23 480 8 11 0.08144267 
195 496 8 11 0.08077715 
143 247 8 10 0.08049069 
120 247 8 10 0.0804266 
231 438 10 13 0.080355495 
125 366 8 11 0.079883076 
919 653 12 14 0.07988197 
419 629 11 13 0.079843536 
504 601 9 11 0.07931242 
254 501 9 12 0.07927554 
126 357 7 10 0.079040855 
780 713 14 18 0.07858095 
217 445 7 10 0.078363076 
336 493 8 10 0.07822758 
188 301 9 11 0.078101695 
430 415 8 10 0.07768361 
968 654 11 15 0.077530466 
295 415 8 9 0.077355266 
101 465 8 10 0.07721613 
265 381 8 10 0.07717991 
182 215 7 9 0.07699892 
300 463 8 11 0.0767984 
349 223 9 12 0.07664181 
399 642 10 14 0.07637981 
327 396 8 12 0.076117635 
525 533 9 12 0.07546906 
56 477 9 12 0.07524919 
223 478 10 12 0.075120576 
159 333 7 10 0.07476362 
300 734 17 23 0.074712284 
150 348 8 9 0.07469315 
128 744 16 19 0.07465714 
17 751 8 10 0.074516945 
518 373 10 11 0.07449749 
24 663 8 11 0.074480176 
95 295 7 10 0.07424434 
200 684 10 14 0.07389319 
61 492 11 13 0.0736324 
754 566 10 13 0.073519416 
143 729 14 18 0.07335385 
533 472 9 12 0.072725184 
159 441 8 10 0.07258825 
205 677 9 12 0.072040804 
436 554 14 17 0.07201385 
14 709 11 13 0.07193494 
437 478 8 11 0.07120024 
923 163 12 15 0.07106243 
670 453 14 18 0.07082266 
237 319 7 10 0.07057073 
66 528 9 11 0.07046153 
755 603 16 19 0.07004977 
93 748 12 15 0.07003522 
714 748 12 13 0.069973715 
464 743 10 11 0.06994251 
206 687 11 14 0.06981597 
334 535 8 12 0.06972676 
54 181 9 10 0.06959009 
15 589 10 12 0.06904185 
286 295 7 10 0.06898958 
605 663 12 14 0.06896777 
232 455 8 10 0.068751775 
257 301 8 10 0.06858337 
319 305 7 9 0.06833146 
111 447 9 10 0.06830272 
200 676 10 14 0.06817693 
89 496 10 12 0.06806741 
61 718 9 12 0.06767431 
463 322 11 13 0.067562826 
409 575 9 10 0.067227736 
422 427 12 14 0.06673073 
503 427 10 13 0.06661867 
461 543 12 14 0.06638134 
636 674 14 20 0.0661061 
403 338 12 16 0.065445065 
353 535 8 11 0.06522037 
178 215 7 10 0.065167844 
125 351 10 11 0.06499601 
90 722 14 17 0.06462455 
29 492 9 12 0.06457479 
302 351 6 9 0.06451349 
269 428 9 11 0.064377315 
199 694 9 13 0.064288035 
363 646 12 14 0.06427059 
532 740 12 15 0.06425786 
296 430 8 10 0.06420653 
613 500 11 13 0.06417866 
265 423 9 12 0.06387599 
897 638 9 11 0.06382769 
22 742 10 12 0.063691474 
41 544 8 11 0.06361701 
526 546 14 17 0.06341282 
125 335 10 13 0.0631329 
78 478 9 12 0.063112564 
487 596 10 12 0.06297629 
288 388 9 11 0.0629478 
371 725 15 18 0.06290777 
486 626 11 14 0.06283614 
229 471 8 10 0.06276954 
158 651 10 14 0.0627337 
201 365 9 10 0.06270615 
173 399 10 12 0.06259732 
90 709 14 18 0.06256605 
230 679 9 12 0.0623209 
713 740 14 15 0.06230628 
272 686 10 12 0.062200706 
543 419 12 16 0.062083457 
658 638 8 11 0.061980866 
838 161 8 10 0.061973047 
160 215 8 10 0.06194554 
130 185 7 9 0.06189956 
417 424 10 13 0.061460588 
304 410 7 9 0.06130374 
527 450 9 12 0.06118243 
181 640 10 11 0.06115441 
321 346 9 12 0.06096048 
0 190 9 13 0.06068989 
96 463 9 10 0.06051247 
15 543 9 12 0.060400393 
115 744 15 19 0.06025262 
822 647 9 13 0.060250178 
248 423 8 10 0.06023645 
56 717 11 14 0.059984174 
582 580 12 17 0.059931584 
838 670 11 14 0.059884135 
113 233 9 11 0.059673395 
222 326 7 10 0.059631027 
335 488 9 10 0.059487928 
182 415 9 12 0.059369348 
301 643 9 13 0.05933008 
431 102 8 12 0.059197836 
338 518 9 12 0.059179258 
335 540 8 12 0.05913543 
133 686 13 17 0.059016224 
46 204 13 15 0.058980167 
114 471 9 11 0.05882641 
162 384 8 10 0.058717284 
237 439 9 11 0.05866254 
233 311 7 10 0.058652014 
748 634 12 14 0.0586214 
848 727 11 14 0.058580928 
25 623 8 12 0.05849304 
144 641 12 15 0.058471985 
0 516 9 12 0.05831803 
486 312 12 15 0.058223605 
729 628 12 15 0.05816847 
184 326 7 9 0.0581331 
461 605 9 11 0.05804498 
660 572 15 18 0.05801314 
218 440 7 10 0.0580013 
7 591 9 12 0.057771206 
750 629 12 15 0.057743154 
521 530 10 13 0.057704385 
583 445 10 13 0.057616327 
111 328 7 8 0.0575464 
224 312 7 9 0.057174865 
517 588 9 11 0.05694556 
89 455 8 11 0.05668896 
694 695 12 15 0.056668125 
554 439 15 18 0.05666425 
350 496 7 9 0.056651212 
146 240 8 9 0.05662282 
947 714 17 20 0.05659468 
236 184 9 11 0.05655974 
343 494 7 10 0.056514844 
216 327 8 9 0.05639219 
128 200 7 10 0.056298394 
87 742 12 16 0.056163833 
343 627 14 19 0.05616004 
959 662 10 13 0.055739284 
486 614 10 13 0.055626556 
488 350 7 10 0.05556762 
144 485 12 14 0.0552363 
364 727 21 26 0.055017088 
302 533 8 11 0.055001184 
214 717 11 14 0.054953087 
144 375 10 12 0.05490048 
665 447 23 31 0.054801404 
576 398 12 16 0.054654814 
553 504 9 11 0.054649483 
84 713 18 22 0.054565273 
312 275 8 11 0.05437955 
111 487 8 10 0.054332066 
222 319 7 9 0.05428811 
200 345 7 10 0.054259714 
89 336 9 11 0.05423587 
294 422 9 11 0.054217264 
0 469 7 12 0.054068357 
121 198 8 10 0.05388435 
958 744 14 18 0.053823654 
76 392 8 10 0.05324893 
70 232 11 14 0.053139515 
353 301 8 12 0.0530905 
256 310 7 9 0.052994333 
280 432 8 11 0.05296919 
9 683 13 16 0.0528735 
794 750 15 16 0.052825283 
191 647 9 11 0.052775618 
589 656 13 18 0.05266447 
773 604 10 13 0.05263876 
409 606 10 13 0.052362725 
206 304 9 11 0.05230897 
13 573 8 10 0.052238256 
565 589 10 14 0.05221775 
166 384 8 9 0.052164283 
257 526 9 11 0.052136894 
912 651 11 14 0.052128695 
623 414 9 13 0.05212011 
480 601 9 12 0.05211748 
295 408 7 9 0.0519045 
365 607 9 12 0.051671375 
692 620 13 18 0.051510353 
175 639 11 13 0.051210593 
813 636 10 13 0.0511759 
524 38 10 11 0.051161338 
150 221 8 10 0.051144324 
161 238 9 11 0.051077638 
519 559 13 17 0.05104958 
130 645 12 16 0.050901968 
333 612 10 12 0.050864365 
621 653 10 13 0.05077061 
235 687 13 18 0.050727036 
33 454 9 11 0.050447453 
23 473 9 11 0.050340004 
161 459 10 12 0.05019831 
583 409 14 17 0.04991122 
131 541 12 16 0.049722258 
56 473 8 10 0.049682245 
257 462 9 11 0.04958559 
518 581 9 13 0.04954466 
0 704 7 12 0.049526453 
84 694 13 15 0.04936081 
191 586 11 15 0.049329717 
3 246 11 14 0.049316436 
474 606 10 12 0.049109787 
242 653 9 11 0.048923887 
478 739 13 15 0.048839986 
119 486 10 11 0.04881183 
23 372 9 12 0.048744917 
388 534 10 12 0.04861537 
436 291 10 12 0.04850264 
443 554 10 15 0.048414435 
422 548 10 13 0.048393242 
344 622 11 14 0.048389357 
344 614 10 11 0.048283935 
249 272 7 9 0.04818186 
337 502 8 12 0.04808334 
479 550 10 13 0.048068292 
719 662 13 17 0.04805667 
305 422 9 12 0.048038308 
240 295 7 10 0.048028365 
150 591 11 13 0.048016455 
344 227 10 12 0.047908403 
525 610 9 12 0.04779372 
313 469 7 10 0.047668986 
138 249 8 10 0.04763583 
484 581 20 25 0.04760734 
154 728 15 18 0.047594488 
135 231 8 10 0.047527645 
238 501 10 14 0.04748351 
955 670 16 20 0.04736133 
727 648 10 12 0.047361266 
1012 179 10 14 0.047338843 
360 344 8 11 0.047278248 
89 304 7 9 0.047178864 
520 369 11 12 0.046709064 
349 600 10 13 0.046574622 
168 502 9 12 0.046477977 
938 654 20 24 0.046477225 
235 515 11 15 0.046369743 
342 597 10 12 0.046309303 
717 522 15 19 0.046281043 
386 375 7 10 0.046217423 
451 348 11 14 0.046147026 
261 296 7 10 0.046136495 
414 553 10 11 0.046006456 
134 185 8 9 0.04599558 
88 460 8 11 0.04597604 
184 190 7 9 0.045964032 
337 327 8 12 0.045954105 
111 639 9 11 0.045950465 
290 421 8 10 0.045940746 
301 469 9 10 0.045873895 
416 80 8 10 0.045867864 
104 343 9 11 0.045775317 
327 659 13 16 0.045724116 
597 635 10 12 0.04560329 
120 254 8 10 0.04547973 
625 520 22 31 0.045188982 
329 288 6 9 0.04514374 
96 252 9 11 0.045121506 
360 237 7 10 0.04504225 
70 716 9 13 0.04500391 
159 222 7 9 0.04499391 
150 239 8 10 0.044969533 
754 531 12 14 0.04496642 
702 583 10 13 0.04492354 
702 635 13 19 0.04475424 
224 305 8 9 0.04469174 
200 334 8 9 0.044579707 
13 492 10 12 0.044558156 
70 174 9 11 0.04454283 
430 751 11 12 0.044483263 
381 30 9 11 0.04445634 
250 278 7 10 0.044408485 
494 693 11 14 0.04430787 
639 484 10 14 0.044265274 
408 454 11 13 0.04420998 
175 557 12 15 0.04418329 
529 54 9 11 0.044068065 
65 175 9 11 0.04406255 
214 453 9 12 0.044062134 
749 581 11 14 0.04405436 
169 478 9 12 0.044021543 
119 479 9 10 0.043972846 
208 349 7 10 0.0439464 
43 236 14 17 0.043894302 
281 265 6 9 0.043859746 
732 533 10 12 0.04369596 
260 475 9 12 0.043676272 
580 638 13 17 0.0436706 
694 555 13 16 0.043663662 
143 198 8 10 0.04363195 
672 700 21 27 0.043574024 
623 604 14 18 0.04354741 
553 643 23 28 0.043503195 
789 630 14 17 0.043489784 
351 604 10 14 0.043396454 
121 367 9 11 0.043176312 
202 304 7 10 0.043164432 
910 401 17 19 0.043156635 
664 707 25 31 0.043153193 
30 711 8 11 0.04310719 
25 183 9 12 0.043044366 
297 286 7 9 0.04303637 
337 552 9 13 0.043035783 
181 558 10 13 0.042962838 
281 303 8 9 0.04293966 
46 554 9 12 0.042900052 
37 502 9 11 0.04266724 
39 525 9 12 0.042623222 
298 295 8 11 0.04256908 
158 328 7 10 0.042511933 
843 669 12 14 0.04243136 
392 -66 430 486 0.04228553 
193 369 7 10 0.042272393 
166 237 9 12 0.04225393 
145 349 8 10 0.04217468 
15 568 9 11 0.042149402 
392 366 8 11 0.04211705 
152 335 8 11 0.042075694 
205 360 8 11 0.04200797 
7 579 8 12 0.04197037 
308 678 14 19 0.041959804 
80 732 10 14 0.041908044 
118 215 7 10 0.04186239 
166 388 8 9 0.04181067 
284 286 9 11 0.041800436 
382 514 14 18 0.041784495 
0 276 11 18 0.041692 
763 721 15 18 0.04166992 
103 558 10 12 0.04165994 
405 638 10 13 0.041538164 
94 311 8 10 0.041436978 
233 625 9 12 0.041413598 
191 240 8 10 0.041269124 
323 699 12 16 0.041200936 
702 619 11 16 0.041165464 
165 487 9 12 0.04113453 
233 366 9 10 0.041037217 
442 714 15 20 0.041020237 
145 422 9 11 0.040982343 
174 255 8 10 0.04096627 
452 285 13 16 0.040960014 
499 751 15 15 0.040945668 
104 513 9 11 0.040769115 
255 397 9 11 0.040675182 
853 724 10 13 0.040631022 
901 671 12 14 0.040561184 
101 750 13 17 0.040555246 
216 190 7 9 0.040536817 
253 336 8 10 0.04053128 
1008 181 10 13 0.04051356 
612 148 15 20 0.040427733 
312 463 8 11 0.040384136 
958 733 13 16 0.040361106 
347 333 9 11 0.040327735 
104 673 12 15 0.040313583 
304 414 8 10 0.040275708 
808 751 12 14 0.040266976 
233 382 10 12 0.040261004 
523 553 15 20 0.040225863 
909 163 10 12 0.040206615 
297 355 8 11 0.040188324 
897 632 9 11 0.040106814 
484 605 10 12 0.040046554 
229 478 9 12 0.040018715 
118 735 19 26 0.04001386 
917 643 12 15 0.039972816 
249 510 9 13 0.039945103 
270 541 9 12 0.03993546 
295 324 8 11 0.039878264 
351 612 9 13 0.039776105 
701 547 15 20 0.039665498 
582 418 15 20 0.039621178 
293 383 8 11 0.03960558 
479 556 11 13 0.039572023 
144 472 11 13 0.03955872 
103 248 7 11 0.039426725 
302 309 8 11 0.039328735 
86 729 13 16 0.039317045 
848 716 11 13 0.039263047 
366 628 12 16 0.03924093 
652 590 12 16 0.039141174 
553 489 8 11 0.03910815 
170 375 7 9 0.039081622 
164 532 11 15 0.039080687 
69 180 9 11 0.03904365 
430 596 9 12 0.039043088 
537 642 12 19 0.038984906 
217 475 9 12 0.038958874 
715 733 13 16 0.038891092 
432 275 11 13 0.038846467 
376 608 9 11 0.03881101 
150 216 8 10 0.038786564 
89 296 8 10 0.038760494 
21 543 9 12 0.038695462 
201 319 7 9 0.038678568 
431 580 9 10 0.03864254 
776 749 12 14 0.03855944 
44 738 11 14 0.038547773 
634 545 13 17 0.038483746 
290 415 8 11 0.038481258 
600 503 9 11 0.038433157 
97 568 8 10 0.038432214 
423 624 9 12 0.03834894 
133 206 8 10 0.038269658 
254 496 9 11 0.03826081 
641 134 7 10 0.038225144 
340 239 10 12 0.038150426 
916 630 21 25 0.038126215 
885 654 12 14 0.038106307 
154 718 13 16 0.038070504 
285 578 12 16 0.038023233 
319 689 13 18 0.03801526 
224 465 8 10 0.037836906 
825 684 11 13 0.037796773 
652 410 50 69 0.037766267 
310 511 10 13 0.0376832 
476 617 13 17 0.037601385 
160 209 8 10 0.037566815 
4 658 12 15 0.0374545 
441 597 10 12 0.03743962 
246 573 9 14 0.037411436 
78 741 12 16 0.037397802 
582 486 8 10 0.037391216 
158 677 10 13 0.0372692 
160 255 7 9 0.037264362 
615 452 12 16 0.03725765 
286 302 8 10 0.03725557 
706 675 12 15 0.03724779 
144 429 8 11 0.03713151 
105 368 8 10 0.037072882 
254 573 14 18 0.03706062 
186 374 8 11 0.037007708 
85 582 9 12 0.03699559 
48 707 9 12 0.036960177 
349 384 7 9 0.03694573 
48 471 8 10 0.036918744 
119 684 12 16 0.036915556 
217 335 7 9 0.036889184 
190 652 10 12 0.036886808 
824 160 9 11 0.036879536 
783 734 11 13 0.03686205 
154 327 8 10 0.03679672 
474 583 10 14 0.03673005 
558 488 8 10 0.03670826 
70 538 12 15 0.03669645 
943 691 11 15 0.036664423 
200 328 8 10 0.036651094 
329 612 9 12 0.0365765 
837 684 10 13 0.03649316 
207 486 8 11 0.03627542 
81 583 9 12 0.03625384 
138 367 9 10 0.03622137 
77 168 9 10 0.036219593 
989 732 12 15 0.03621648 
285 366 9 11 0.036216397 
693 602 12 16 0.03617271 
145 463 8 10 0.03613687 
339 596 9 12 0.036031287 
371 705 22 27 0.036025394 
287 454 10 14 0.036011785 
566 594 14 18 0.036011316 
145 414 9 11 0.035960983 
278 481 10 11 0.035956312 
59 664 11 12 0.035941727 
232 397 10 11 0.035908747 
232 522 12 16 0.03590506 
97 279 8 10 0.035887137 
110 523 11 15 0.03587092 
643 668 13 17 0.035820197 
234 359 8 10 0.035791844 
608 126 8 10 0.035766777 
1 230 9 14 0.035760563 
514 376 9 11 0.03561695 
70 461 8 10 0.03549851 
47 512 9 11 0.035490297 
185 209 6 8 0.03547381 
474 612 11 15 0.035470806 
912 645 12 14 0.0354607 
911 637 10 12 0.03545798 
899 598 17 22 0.035448257 
106 381 8 11 0.035407335 
433 492 10 13 0.03540252 
239 572 11 14 0.035393663 
36 653 11 13 0.035383373 
147 381 10 13 0.03537079 
222 350 7 9 0.035359263 
289 406 8 11 0.035354372 
175 465 7 10 0.03530721 
95 398 7 10 0.035169482 
15 487 9 11 0.03512471 
237 627 9 13 0.035109647 
94 360 8 10 0.035031497 
230 549 9 12 0.03499251 
183 644 9 11 0.034907628 
428 652 10 14 0.034899265 
142 398 7 9 0.034800984 
436 539 11 13 0.034772784 
230 425 8 10 0.034725703 
185 321 8 10 0.03472278 
763 618 11 14 0.034706652 
24 571 10 11 0.03470027 
52 206 11 12 0.03466952 
113 221 8 10 0.034662962 
946 653 12 16 0.034649353 
38 462 8 10 0.034616385 
308 743 15 20 0.034602046 
182 654 11 12 0.034573805 
120 222 8 10 0.03455785 
296 279 8 10 0.03454101 
116 375 9 11 0.034482937 
143 271 9 10 0.034478955 
272 535 9 11 0.03440329 
254 516 9 12 0.03440054 
377 31 9 11 0.034368373 
415 642 13 16 0.034364797 
20 725 11 14 0.034357328 
238 324 7 10 0.034352712 
392 360 7 11 0.03434377 
232 388 11 13 0.034309648 
79 724 11 15 0.034272503 
247 658 11 15 0.034222133 
390 272 8 11 0.03418097 
988 707 13 17 0.034154125 
92 699 13 16 0.034099426 
196 589 11 13 0.034097347 
68 374 9 10 0.033987038 
916 586 17 22 0.033931587 
695 614 20 27 0.033911552 
199 558 9 11 0.033869125 
363 130 23 30 0.0338081 
168 686 10 13 0.033734646 
921 160 9 12 0.03369143 
838 694 11 14 0.0336871 
350 296 8 10 0.033478748 
104 271 8 10 0.033435255 
176 550 10 12 0.033401687 
238 414 10 10 0.03337711 
208 345 7 9 0.03332665 
669 645 12 16 0.033233874 
112 209 8 10 0.033197824 
470 741 11 13 0.033161897 
174 373 8 10 0.033150144 
39 614 9 13 0.033148464 
510 650 10 14 0.03312977 
463 334 12 15 0.03311449 
304 334 7 9 0.03310108 
581 572 12 16 0.033097513 
216 343 8 9 0.033094168 
708 621 11 14 0.033060502 
544 366 8 12 0.033059087 
207 253 7 10 0.03301617 
78 174 8 10 0.03300498 
545 492 8 10 0.03292496 
527 346 12 15 0.032911275 
314 683 14 19 0.032872684 
892 651 10 14 0.03284186 
862 718 9 12 0.032830916 
101 568 9 11 0.032785192 
109 559 10 12 0.03278302 
225 426 8 9 0.032714948 
349 341 9 11 0.03271083 
128 190 8 9 0.03269111 
633 377 27 38 0.032653898 
5 230 9 11 0.032633416 
369 714 12 16 0.03262335 
216 350 7 10 0.032620504 
109 334 8 10 0.032618795 
808 731 11 13 0.03259745 
839 751 14 15 0.032584574 
278 468 9 11 0.032564115 
925 689 15 20 0.032554988 
769 661 10 14 0.032528736 
392 677 11 13 0.03252375 
279 406 8 10 0.032494478 
505 109 8 10 0.032489978 
492 462 11 15 0.032485828 
297 639 10 13 0.032482725 
60 723 10 12 0.032463104 
33 392 8 10 0.03239712 
342 524 9 12 0.03238712 
104 238 8 10 0.032346647 
142 446 7 10 0.032342244 
703 534 10 12 0.032315392 
9 596 10 12 0.032281097 
372 373 8 11 0.03227634 
439 561 12 16 0.032267287 
877 174 11 14 0.03224242 
41 591 10 13 0.032232486 
281 436 8 11 0.03219421 
103 278 7 10 0.032128483 
352 540 8 11 0.0320808 
682 692 14 19 0.032078736 
247 488 7 9 0.032042548 
185 700 10 12 0.032026723 
117 232 8 10 0.031976108 
96 287 8 10 0.031971745 
192 509 10 13 0.03186262 
991 175 8 10 0.03184908 
185 382 7 10 0.03181897 
413 620 11 15 0.031811286 
183 334 7 10 0.031783406 
249 295 8 10 0.031771675 
86 191 9 11 0.031717867 
126 223 8 9 0.03171668 
368 380 8 10 0.03171645 
634 522 14 18 0.03158303 
743 603 11 15 0.031562224 
437 484 10 13 0.031553145 
963 651 20 28 0.031542573 
254 347 8 11 0.03149765 
740 632 14 17 0.03136126 
740 597 12 16 0.031278826 
137 253 8 10 0.031274084 
413 448 10 12 0.031262822 
487 104 7 9 0.031251144 
391 372 7 11 0.031237748 
356 628 12 17 0.031224405 
277 255 6 8 0.03121234 
708 660 13 18 0.031068338 
925 644 11 14 0.031065509 
676 710 22 25 0.030999819 
237 312 8 10 0.030976316 
254 287 7 9 0.030947363 
150 677 12 15 0.030944044 
678 733 12 16 0.030920297 
110 644 10 12 0.030899003 
569 476 8 10 0.030877637 
310 595 13 16 0.030823275 
317 539 9 12 0.030690493 
246 580 10 13 0.030672701 
793 95 8 10 0.030655872 
448 286 10 13 0.03063348 
94 692 12 16 0.030614717 
846 661 11 13 0.030584844 
776 677 9 12 0.03056425 
383 277 9 13 0.030519776 
224 684 10 14 0.030516276 
595 324 11 14 0.030496314 
295 533 10 13 0.030472884 
190 320 7 9 0.030451775 
29 604 10 12 0.030416142 
290 311 8 10 0.030390177 
141 480 20 25 0.030387875 
5 517 9 11 0.030331345 
750 700 11 14 0.030316455 
215 303 8 10 0.030313235 
160 231 8 10 0.030292004 
585 501 10 13 0.030275369 
256 455 10 13 0.030274587 
342 349 9 10 0.030250678 
822 743 12 14 0.030225208 
599 496 10 11 0.030189587 
32 747 10 13 0.030154502 
931 635 12 15 0.030153485 
125 247 8 9 0.030143324 
587 424 13 16 0.030132355 
33 459 10 13 0.030130336 
636 555 11 15 0.030122077 
627 210 13 15 0.030120892 
185 246 8 10 0.030068142 
1 590 9 12 0.030037876 
312 541 10 11 0.030011792 
326 358 8 10 0.029979685 
414 630 18 24 0.029935798 
302 477 9 10 0.029887162 
984 735 23 27 0.02988705 
772 629 11 14 0.029886315 
15 150 7 9 0.029858496 
191 207 7 9 0.02984087 
772 636 12 15 0.02981349 
271 639 10 12 0.029801467 
693 732 12 18 0.02976622 
128 383 8 11 0.029744595 
327 293 7 9 0.029743962 
263 462 8 10 0.029725492 
492 612 11 14 0.029715523 
330 540 8 12 0.029714419 
598 584 12 18 0.02970793 
474 639 19 24 0.02969712 
136 430 8 10 0.029669112 
297 511 11 15 0.029579557 
32 655 10 12 0.029576328 
117 238 9 12 0.029567504 
638 623 11 14 0.02954718 
384 533 9 12 0.0295365 
457 546 13 16 0.029494705 
254 701 9 12 0.02948252 
343 564 10 13 0.029476065 
630 512 10 13 0.029429788 
535 533 10 13 0.029401079 
771 644 13 17 0.029398521 
200 488 8 10 0.029398317 
144 231 8 9 0.029388562 
32 727 10 14 0.029384715 
135 485 9 12 0.029375277 
545 373 9 11 0.02936368 
149 632 11 13 0.029355772 
757 714 13 17 0.029321618 
462 491 12 17 0.029289067 
252 655 9 11 0.029269876 
510 412 9 12 0.029266877 
430 605 9 13 0.029266464 
124 636 12 17 0.029251283 
121 207 7 10 0.029228583 
533 79 11 12 0.02921946 
70 415 7 9 0.029214839 
862 723 10 13 0.02919258 
102 312 8 10 0.029148279 
248 711 11 13 0.029117897 
198 223 7 10 0.029071337 
421 666 12 15 0.029070873 
491 576 11 13 0.029068457 
32 616 9 12 0.029017277 
392 384 9 11 0.02900309 
454 343 10 14 0.028961353 
397 254 11 14 0.028944483 
565 582 11 14 0.028908096 
803 620 13 15 0.02889321 
880 632 9 11 0.028889297 
692 636 15 18 0.028874729 
505 576 10 14 0.028808406 
127 501 10 12 0.028805062 
99 691 12 16 0.028790893 
372 245 10 11 0.028786605 
14 669 10 12 0.028776797 
206 319 8 9 0.0287701 
509 603 10 14 0.028765392 
921 623 10 13 0.028761718 
167 208 7 10 0.028723847 
57 484 10 13 0.0287047 
179 479 9 12 0.02869639 
119 492 11 14 0.028643567 
327 643 12 14 0.02863351 
303 328 8 10 0.028626205 
501 609 12 15 0.028616926 
623 597 11 14 0.02858766 
336 523 9 13 0.028586302 
73 749 10 14 0.028580034 
828 750 10 13 0.028548805 
239 566 10 13 0.02854551 
65 165 9 11 0.028544482 
128 213 8 10 0.02851624 
86 230 8 11 0.028508587 
693 726 10 14 0.02850097 
95 654 11 14 0.028453652 
116 689 15 19 0.028397052 
895 622 10 12 0.028371003 
87 428 8 10 0.028359447 
829 743 10 12 0.028328279 
54 709 11 15 0.028283406 
525 577 12 15 0.028245779 
551 385 11 15 0.02823091 
885 684 10 14 0.028212724 
628 199 13 17 0.028210094 
53 189 10 12 0.028199483 
46 722 11 14 0.028096749 
134 199 8 10 0.028077554 
89 441 8 11 0.028072285 
984 706 25 32 0.02806922 
185 579 10 13 0.028032124 
232 336 8 9 0.028018026 
386 541 9 11 0.028003614 
533 637 23 30 0.027976856 
119 262 8 10 0.027969852 
460 477 21 29 0.027961 
166 506 12 15 0.02795007 
645 347 11 14 0.027944736 
231 305 7 8 0.027944196 
260 546 13 16 0.027941212 
947 684 13 18 0.027931359 
286 437 8 10 0.027908608 
318 429 8 10 0.027898725 
258 532 9 11 0.027871115 
231 503 18 24 0.0277762 
165 677 10 13 0.027754469 
615 345 10 13 0.027747989 
21 221 14 17 0.027747044 
312 535 9 11 0.027711095 
246 462 10 12 0.027707145 
387 508 12 16 0.027694622 
1 581 9 13 0.02763038 
387 522 12 16 0.027624859 
877 537 9 11 0.02758391 
636 204 12 13 0.027580284 
160 270 8 10 0.027537318 
614 325 8 12 0.02750768 
198 382 8 10 0.027488202 
110 368 9 11 0.02741758 
160 352 7 9 0.027380846 
709 651 12 15 0.027375963 
441 603 17 21 0.027370092 
239 540 10 14 0.02731541 
780 677 10 12 0.02731077 
567 504 11 12 0.02727992 
193 629 9 11 0.02727306 
27 221 11 14 0.027266975 
253 279 8 10 0.027256913 
1 195 10 14 0.027255435 
167 215 7 9 0.027245741 
495 414 9 12 0.027213544 
145 262 8 10 0.027212527 
726 530 13 16 0.027204257 
40 519 8 12 0.027096536 
430 314 13 15 0.027052982 
530 164 9 11 0.027047673 
820 505 28 37 0.027037565 
106 708 13 18 0.02701581 
543 488 8 11 0.026982196 
174 667 14 16 0.026977276 
764 603 13 16 0.026958322 
937 653 12 16 0.026951205 
782 740 11 13 0.026926218 
45 545 10 12 0.026910868 
508 525 12 15 0.026905058 
86 520 9 12 0.026882082 
29 187 9 11 0.026880555 
339 295 8 10 0.026879499 
373 260 10 12 0.026843298 
281 281 8 10 0.026833847 
121 192 7 9 0.026823109 
106 374 9 11 0.02679461 
668 719 15 18 0.02677916 
520 600 10 14 0.026750306 
9 707 10 14 0.026734192 
884 613 9 12 0.026714591 
430 406 10 14 0.026687795 
232 375 9 11 0.026669867 
264 279 7 10 0.02665727 
766 700 13 17 0.02662794 
296 436 8 10 0.026609426 
328 638 10 13 0.026588727 
357 308 9 10 0.026481088 
248 428 8 10 0.026447134 
805 599 14 19 0.026440846 
276 575 19 24 0.02643293 
702 653 11 15 0.02638647 
695 653 12 15 0.026374819 
278 564 10 14 0.026342545 
751 741 11 15 0.02631939 
724 725 11 14 0.026289385 
124 703 20 24 0.026281048 
88 494 19 24 0.026272986 
635 530 14 18 0.026263006 
93 302 8 10 0.02626286 
311 328 8 9 0.02624251 
576 642 11 16 0.026232941 
772 717 14 19 0.026228126 
677 437 12 14 0.026181677 
208 453 9 11 0.026176227 
207 556 12 16 0.026143802 
1008 175 11 14 0.026142057 
9 534 9 11 0.026121061 
413 341 11 16 0.026112901 
115 718 21 29 0.026093796 
560 580 11 13 0.02605712 
958 689 13 16 0.026032725 
158 638 9 12 0.025996719 
600 508 10 12 0.025949696 
72 723 10 13 0.025944056 
509 710 32 36 0.025937753 
889 646 10 13 0.025934124 
798 660 13 16 0.025921093 
9 487 9 11 0.025917724 
948 661 19 26 0.02590023 
104 295 8 10 0.025898648 
325 316 9 11 0.025889738 
468 323 11 15 0.025886646 
433 471 9 12 0.025880815 
150 388 9 11 0.02586506 
581 648 22 29 0.02585636 
80 496 8 10 0.025855534 
932 690 15 21 0.025839865 
314 310 9 11 0.02581014 
903 180 9 13 0.025804617 
546 672 26 30 0.025783224 
206 461 9 12 0.025739267 
61 565 9 11 0.025731562 
271 527 8 10 0.02572491 
296 606 8 9 0.025684254 
645 436 41 55 0.025662122 
422 543 10 12 0.02565402 
750 537 16 20 0.025648378 
396 276 10 13 0.025646435 
102 158 9 10 0.025638139 
180 483 10 13 0.02563139 
515 38 8 11 0.025624162 
290 317 8 11 0.025597818 
281 269 7 8 0.025595458 
887 632 8 10 0.02559512 
527 679 9 12 0.02556995 
302 524 10 14 0.025567258 
182 221 7 10 0.025532275 
219 691 13 16 0.025524598 
397 524 12 16 0.025485372 
23 639 11 13 0.025471088 
654 667 11 14 0.025469 
385 271 10 13 0.025454383 
185 718 15 18 0.025433715 
148 556 13 16 0.025427144 
496 606 9 12 0.025410736 
65 160 8 11 0.025400007 
231 406 11 13 0.025390912 
839 662 11 14 0.025357392 
590 577 22 29 0.02535024 
78 235 10 12 0.025335373 
150 245 8 10 0.025328958 
197 390 9 11 0.025327755 
111 739 13 18 0.025312431 
365 349 9 11 0.025289135 
40 532 8 11 0.025286766 
272 303 7 10 0.025267545 
462 553 11 13 0.0252632 
215 495 8 10 0.025247624 
193 349 8 11 0.025233688 
198 515 10 12 0.025170978 
411 284 13 15 0.025116185 
159 539 12 15 0.025096975 
296 600 7 10 0.025087573 
31 715 8 12 0.025086358 
691 40 230 282 0.025071798 
806 626 13 16 0.025061172 
588 444 10 14 0.025035424 
24 692 10 14 0.024995614 
335 287 7 9 0.024986262 
115 674 14 18 0.02498502 
349 422 8 11 0.024972158 
70 166 10 12 0.024951704 
397 247 8 11 0.024943134 
249 469 9 12 0.024929935 
197 507 11 14 0.02492297 
812 727 11 13 0.024916273 
45 607 11 13 0.024913134 
81 182 8 10 0.024910333 
206 374 9 10 0.024909383 
79 454 8 11 0.024847887 
336 222 9 11 0.024840804 
570 644 24 33 0.024829734 
174 492 10 12 0.024825308 
493 566 10 12 0.024818337 
14 510 10 12 0.02479537 
852 661 10 13 0.02479138 
77 447 7 9 0.024777459 
625 572 10 13 0.024776319 
563 654 14 21 0.02477126 
859 750 14 16 0.02476754 
104 328 8 9 0.024761703 
308 148 9 11 0.02474798 
687 557 12 16 0.024743078 
302 287 7 10 0.024738228 
739 577 14 18 0.024717137 
24 238 16 20 0.024712615 
190 639 10 12 0.024696104 
846 655 11 13 0.02468902 
634 479 9 14 0.02465748 
782 607 11 14 0.024607053 
301 114 42 49 0.024586989 
70 519 10 11 0.024586909 
96 328 7 9 0.02455958 
70 189 8 11 0.02454848 
287 431 8 11 0.024548355 
144 388 8 12 0.024540957 
357 219 10 13 0.0245391 
399 365 9 12 0.024495386 
411 697 13 17 0.024492389 
368 692 24 30 0.024486933 
190 309 8 10 0.024447458 
254 422 8 10 0.024413401 
249 318 8 11 0.024400981 
233 504 10 13 0.02439433 
489 321 14 18 0.024377074 
360 323 9 12 0.024359787 
1006 692 12 16 0.024356237 
923 623 21 26 0.024340576 
113 501 8 11 0.024330143 
135 214 9 11 0.024301978 
113 182 8 10 0.024281973 
380 739 12 17 0.024268992 
651 748 14 18 0.024260366 
374 360 9 12 0.024239015 
252 646 9 12 0.02423742 
4 280 12 17 0.024236238 
480 351 8 11 0.02421902 
112 255 7 9 0.024185618 
925 668 11 13 0.024168804 
161 264 8 10 0.024167221 
750 137 8 11 0.024128096 
47 751 10 12 0.024106579 
387 121 14 16 0.024094084 
428 622 10 12 0.024079941 
102 205 8 10 0.024025276 
637 445 10 15 0.023974864 
94 215 7 10 0.023962744 
352 527 7 10 0.023947468 
392 659 13 17 0.023922112 
77 507 10 12 0.023908189 
17 240 11 16 0.023898557 
241 302 8 10 0.023898 
814 645 10 13 0.023891347 
335 481 7 9 0.023878358 
137 445 8 10 0.023844412 
807 167 8 9 0.02384006 
622 666 11 14 0.02378442 
681 157 9 12 0.02378344 
378 610 12 15 0.023763316 
113 245 8 11 0.023754051 
467 540 11 13 0.02373714 
132 535 10 12 0.02373693 
152 207 7 10 0.023690145 
138 373 8 10 0.023689324 
78 531 10 14 0.023686484 
483 554 12 15 0.023679933 
672 406 25 36 0.023655798 
185 239 8 10 0.023642678 
617 407 10 13 0.023621973 
521 730 29 31 0.02358419 
588 220 10 12 0.023580777 
176 208 7 9 0.02357323 
827 677 11 15 0.023567325 
626 681 27 37 0.023531817 
916 645 21 26 0.023517272 
246 494 8 11 0.023494199 
208 327 7 10 0.023465315 
483 104 7 9 0.023438158 
677 601 13 18 0.023423491 
998 183 11 14 0.023408206 
820 648 19 26 0.023398861 
36 572 9 13 0.023390528 
130 509 10 12 0.023377663 
1002 617 16 19 0.023377154 
310 265 10 13 0.023365524 
627 655 11 14 0.023347992 
32 500 9 12 0.023311505 
0 166 7 10 0.02330576 
142 659 11 14 0.023304846 
82 716 12 15 0.023290178 
764 748 12 15 0.02327307 
312 441 9 11 0.02327266 
222 541 11 15 0.02324768 
36 727 12 16 0.023242801 
73 548 11 14 0.023237007 
272 574 10 14 0.023190686 
22 175 8 10 0.023162518 
515 378 12 16 0.023158612 
224 548 10 14 0.023157787 
47 211 11 14 0.023127068 
174 247 8 11 0.023123201 
897 675 11 14 0.023121111 
112 493 9 13 0.023120152 
362 445 10 12 0.023114067 
661 715 16 20 0.023067579 
225 375 8 11 0.023061834 
106 447 9 11 0.023058418 
173 277 9 11 0.023049632 
370 283 11 13 0.023041306 
86 531 9 12 0.023038553 
265 700 13 15 0.02302957 
271 564 11 14 0.023014868 
74 396 8 10 0.023009207 
558 504 8 11 0.02300153 
567 486 8 10 0.022987423 
630 468 10 12 0.022942312 
588 643 12 16 0.02292094 
80 697 13 17 0.022903686 
681 596 22 30 0.022862857 
19 710 12 13 0.022843797 
130 722 21 26 0.02284319 
100 684 13 16 0.022841934 
167 638 10 13 0.022830278 
801 168 8 10 0.022814455 
292 388 10 11 0.02279912 
282 293 8 10 0.022784771 
137 223 8 9 0.022767186 
368 359 9 13 0.022765467 
111 288 7 9 0.022749316 
284 573 21 27 0.02274521 
116 300 8 11 0.022733442 
486 31 8 11 0.022728696 
378 515 11 16 0.022727553 
237 359 9 10 0.022716677 
142 253 9 11 0.022694003 
310 415 7 10 0.022661334 
628 617 12 15 0.02263613 
323 311 9 12 0.02263173 
828 721 14 15 0.022629054 
120 278 9 10 0.022626368 
47 191 12 13 0.022612637 
481 312 11 15 0.022587873 
509 111 7 9 0.022563417 
53 220 10 13 0.02254118 
520 347 11 14 0.022533307 
154 557 12 14 0.02252126 
274 586 11 14 0.022514952 
177 414 9 12 0.022502832 
62 509 8 11 0.022500854 
544 380 11 15 0.022498848 
93 505 12 13 0.022494275 
1014 100 9 13 0.022489253 
352 216 9 11 0.022488177 
293 399 9 11 0.02244573 
62 518 9 11 0.022425484 
204 501 8 12 0.022372326 
16 370 11 14 0.022365892 
116 296 9 10 0.022365434 
415 346 12 16 0.022325246 
123 339 9 12 0.022289023 
708 640 14 17 0.022285677 
718 494 20 25 0.0222357 
955 657 21 28 0.022220658 
387 247 9 11 0.022220448 
58 674 13 16 0.022219125 
143 184 7 9 0.02221815 
267 546 12 15 0.02220285 
835 697 12 16 0.022200868 
886 636 10 13 0.022193197 
541 679 16 20 0.022150772 
25 229 13 18 0.022149729 
175 311 8 10 0.022137653 
256 612 11 15 0.022134595 
775 743 10 13 0.022134036 
62 559 9 12 0.022126533 
24 447 8 11 0.02212643 
225 390 8 10 0.022071507 
656 580 12 16 0.022062652 
767 637 11 15 0.02202824 
304 446 9 11 0.022025557 
550 366 9 11 0.02200897 
652 579 23 27 0.021995135 
87 367 10 13 0.021986151 
555 385 13 17 0.021975843 
639 626 17 22 0.021973582 
430 611 10 13 0.021958802 
708 206 11 12 0.021938588 
120 574 9 11 0.02192254 
159 671 10 12 0.021921892 
177 335 8 10 0.021921197 
249 667 12 15 0.021914164 
111 190 8 9 0.021896152 
328 437 9 11 0.0218794 
216 358 9 10 0.021848807 
102 200 8 10 0.021819992 
252 659 13 16 0.02181362 
280 372 9 11 0.021803327 
242 343 8 10 0.021774214 
47 533 9 11 0.021765132 
69 491 10 12 0.021750784 
56 384 9 11 0.021744557 
1 182 9 14 0.021732053 
687 654 11 14 0.021721749 
189 421 9 10 0.021708952 
419 649 19 23 0.021694368 
362 408 8 9 0.021687794 
104 582 10 12 0.02167945 
126 328 8 8 0.021656806 
393 612 10 14 0.02165453 
670 394 52 73 0.021642577 
237 375 9 11 0.021578308 
309 295 8 10 0.021573333 
357 586 13 16 0.021573061 
101 654 10 13 0.021560442 
200 230 7 10 0.021543723 
16 124 107 137 0.021541368 
953 731 22 30 0.021526117 
516 166 10 12 0.021486321 
272 479 9 12 0.021469373 
533 614 10 14 0.021463685 
55 390 9 12 0.021448815 
832 673 12 14 0.02142672 
33 159 7 10 0.021419177 
262 415 9 11 0.021404091 
242 540 13 15 0.021392044 
335 627 11 15 0.021387696 
239 420 10 12 0.021376725 
573 478 8 9 0.021370668 
801 653 11 15 0.021366155 
169 254 8 10 0.0213638 
200 208 7 9 0.021354703 
329 94 11 12 0.021350667 
250 326 7 10 0.021338291 
78 676 12 16 0.021336144 
226 677 10 14 0.021329466 
839 655 10 12 0.021327931 
577 389 11 14 0.021325413 
161 197 8 10 0.021314818 
350 350 9 10 0.021312756 
247 379 9 12 0.021301415 
544 400 9 11 0.02128366 
89 222 8 11 0.021275494 
479 626 12 16 0.02127195 
93 380 8 11 0.02127142 
431 592 8 11 0.021260744 
166 232 9 12 0.021254387 
277 637 9 12 0.021217585 
663 539 11 13 0.021211263 
135 389 10 13 0.021201804 
342 655 14 17 0.02119262 
430 550 14 15 0.02117465 
358 320 9 10 0.021157831 
709 614 11 14 0.021153739 
254 391 10 12 0.021146482 
177 654 10 13 0.021144267 
81 196 9 11 0.021143116 
183 232 7 9 0.021138493 
65 189 9 11 0.021130765 
429 533 22 24 0.021100538 
135 478 10 12 0.021092486 
338 243 9 12 0.021086821 
372 230 9 10 0.021080451 
742 540 12 15 0.021079203 
503 413 10 13 0.021078307 
373 381 8 10 0.021068908 
93 366 9 12 0.021061402 
311 334 8 9 0.021048268 
304 428 8 11 0.021047639 
782 596 11 14 0.021033388 
327 205 11 12 0.021032311 
565 621 13 15 0.020994259 
751 589 20 25 0.020961609 
349 682 11 17 0.020931188 
285 566 11 14 0.020930316 
244 566 9 12 0.020922003 
341 592 10 12 0.020915616 
396 515 11 15 0.020903854 
550 464 11 12 0.020901412 
417 660 12 15 0.020889014 
334 700 11 16 0.020867676 
126 279 8 10 0.020857275 
338 301 9 11 0.02084606 
780 643 12 16 0.020844933 
82 191 9 11 0.020836033 
326 627 11 15 0.020828236 
78 484 9 11 0.020820474 
76 737 20 27 0.020816986 
156 683 12 15 0.020811865 
21 732 12 15 0.020804968 
330 492 9 12 0.020798532 
301 606 10 11 0.020793997 
468 518 12 16 0.02079104 
464 524 12 14 0.02076629 
104 286 8 10 0.020757524 
178 190 7 9 0.020750936 
134 502 9 12 0.02074858 
70 659 12 14 0.020737715 
257 248 7 9 0.020731868 
760 652 10 13 0.020719513 
436 402 13 15 0.020686345 
401 310 11 14 0.020661991 
293 686 16 22 0.020660495 
5 509 9 13 0.020649808 
217 432 8 10 0.02063561 
470 349 9 13 0.020626647 
629 444 12 16 0.02059012 
172 502 10 12 0.020585325 
505 694 24 30 0.020580623 
815 742 12 14 0.020573255 
812 754 13 13 0.020569248 
790 665 13 16 0.020555876 
453 143 10 11 0.020554222 
703 713 12 16 0.020542065 
119 710 21 25 0.020538658 
558 632 23 29 0.020537546 
350 518 10 13 0.020507472 
97 467 9 12 0.02046999 
105 487 8 10 0.0204678 
169 271 7 10 0.020466726 
440 573 9 11 0.02046328 
96 559 9 11 0.020460024 
152 319 7 10 0.020452939 
925 706 13 17 0.02044951 
461 450 15 19 0.02044485 
343 682 11 17 0.020420952 
369 461 11 14 0.020412892 
329 327 8 11 0.020400373 
872 622 9 12 0.020375138 
656 642 11 14 0.020362893 
757 680 12 13 0.02036097 
687 608 21 32 0.020335896 
774 621 11 13 0.020329896 
350 564 12 16 0.020325918 
307 270 7 10 0.020321319 
185 255 8 9 0.020310435 
635 419 12 16 0.020303525 
190 558 9 11 0.020272413 
222 490 11 14 0.02026532 
136 263 7 9 0.02025955 
607 149 13 17 0.020248862 
695 547 14 18 0.020241352 
614 659 14 17 0.020233199 
125 494 10 13 0.020218797 
446 388 11 15 0.020178907 
33 517 9 12 0.02017818 
182 343 7 10 0.02017814 
87 742 20 25 0.020153044 
311 302 8 10 0.02014668 
48 219 11 13 0.02014191 
570 588 20 27 0.020132642 
237 366 9 10 0.020121643 
174 674 14 17 0.020113146 
37 494 11 13 0.020105107 
172 692 11 13 0.020100556 
6 502 9 13 0.020100364 
14 557 9 11 0.020098872 
470 549 10 12 0.020084687 
615 444 20 27 0.020066196 
174 231 8 10 0.020064786 
809 657 13 16 0.02003909 
350 500 8 10 0.020033365 
269 692 11 14 0.020030964 
95 685 11 14 0.020029815 
436 301 21 27 0.020011479 
710 743 20 23 0.020008052 
565 572 13 16 0.02000742 
