2_Demonstration_Demonstration_Or_Protest_2_306
32
825 209 102 144 0.9998276 
668 212 60 85 0.99803156 
184 154 114 165 0.9767046 
357 182 54 64 0.97562575 
311 191 51 67 0.9562898 
585 234 49 59 0.88500947 
619 201 33 43 0.8204871 
332 185 54 64 0.820448 
341 323 73 84 0.6660779 
3 266 47 65 0.39353544 
748 247 42 76 0.26415634 
400 164 30 43 0.1207162 
790 232 95 133 0.08217666 
994 253 14 17 0.06312426 
444 205 56 61 0.06177617 
278 169 80 107 0.06105575 
25 262 60 67 0.053175 
597 214 48 56 0.051409 
444 288 47 62 0.041506242 
-8 271 362 488 0.03351489 
756 245 75 110 0.033105195 
41 117 54 82 0.0316571 
456 303 27 38 0.030759396 
628 212 32 44 0.028576162 
709 218 62 104 0.027520385 
740 264 33 49 0.027210562 
409 297 79 93 0.025197998 
230 178 76 110 0.024491318 
374 303 85 107 0.023879386 
409 271 51 68 0.023646994 
59 471 276 244 0.02264739 
383 174 40 52 0.021544473 
