2_Demonstration_Demonstrators_2_309
48
814 286 46 60 0.99725026 
992 383 33 48 0.97474426 
137 263 22 32 0.8270009 
152 235 19 22 0.8247883 
83 231 18 22 0.7975217 
233 298 44 53 0.72222555 
452 170 107 138 0.67549276 
634 549 90 116 0.46511865 
120 266 18 23 0.27978715 
912 355 11 14 0.12939349 
256 299 35 54 0.116406254 
331 186 44 63 0.10397009 
931 362 13 17 0.079165295 
511 494 11 14 0.072869 
0 266 11 21 0.071599916 
132 248 13 17 0.070259586 
963 378 14 18 0.05347054 
155 241 21 27 0.050047524 
32 224 13 17 0.04746504 
955 383 21 29 0.042410646 
296 266 11 13 0.036816865 
186 258 15 21 0.036556106 
513 488 8 11 0.03592957 
496 449 9 12 0.03335115 
107 266 23 29 0.03289732 
147 258 15 23 0.030596072 
9 226 12 16 0.030134205 
504 473 11 14 0.029849278 
189 256 26 39 0.028757924 
503 304 17 20 0.02679543 
83 222 16 21 0.026433231 
271 272 42 57 0.026241438 
956 368 24 31 0.025970273 
999 341 11 14 0.025337081 
181 240 14 19 0.024561444 
271 300 31 43 0.02389264 
538 498 14 17 0.023837168 
188 262 40 53 0.02367325 
1000 369 23 34 0.023255587 
929 354 23 29 0.023018437 
786 475 30 35 0.022921482 
419 155 184 234 0.02211835 
502 192 62 89 0.02166893 
242 375 49 66 0.0212072 
974 344 9 12 0.020807123 
958 394 21 28 0.02061501 
974 489 39 52 0.020330923 
150 248 21 31 0.020112429 
