2_Demonstration_Political_Rally_2_267
55
747 307 31 35 0.9959359 
196 364 20 26 0.6589201 
451 326 20 28 0.41522276 
198 432 22 29 0.38798863 
142 363 23 32 0.29977214 
100 402 22 27 0.29821938 
338 270 27 42 0.2879999 
458 320 17 28 0.20643324 
0 363 34 64 0.18262461 
443 333 22 27 0.17722374 
808 357 24 44 0.119223475 
706 393 25 33 0.09360406 
467 373 38 62 0.083765216 
770 401 29 36 0.07721154 
544 291 34 40 0.074619114 
146 354 18 23 0.06836001 
16 460 26 34 0.06684032 
857 372 29 37 0.059758246 
463 442 14 19 0.057618786 
286 350 32 41 0.056780078 
556 301 45 59 0.055258278 
462 463 15 20 0.05341406 
626 384 26 32 0.051158052 
208 431 19 25 0.049739417 
570 287 35 43 0.04443398 
319 272 31 42 0.044313066 
817 352 29 47 0.04372756 
431 334 25 31 0.04207014 
452 317 17 21 0.041657396 
35 440 17 20 0.036863986 
13 301 39 55 0.035220917 
759 381 44 51 0.03319184 
494 317 83 127 0.03142771 
91 408 26 28 0.03009711 
95 404 16 20 0.029140878 
830 344 36 52 0.028914336 
369 377 416 485 0.027652668 
956 525 60 77 0.027107462 
466 340 77 129 0.02709036 
695 399 41 47 0.025427645 
143 349 15 20 0.025397902 
752 377 26 36 0.025332501 
530 306 81 108 0.025251755 
114 445 18 23 0.024215085 
584 296 32 48 0.023903532 
75 392 17 21 0.023885284 
-2 333 45 76 0.023470372 
307 269 28 45 0.022956697 
789 365 40 51 0.02244431 
89 426 18 20 0.021195428 
78 448 23 28 0.021061672 
217 478 44 65 0.020780466 
702 400 17 21 0.020220036 
846 332 39 52 0.020201722 
189 437 25 32 0.020156365 
