2_Demonstration_Demonstration_Or_Protest_2_430
115
109 238 52 70 0.9991272 
489 127 59 98 0.99796534 
285 206 51 71 0.99698704 
349 181 45 61 0.9948678 
677 117 60 90 0.99341583 
607 129 46 62 0.99341524 
760 147 46 62 0.97047365 
859 222 44 55 0.9143701 
660 108 51 73 0.907534 
363 504 61 70 0.6407365 
18 362 56 76 0.5453246 
813 125 25 37 0.48976398 
858 171 43 53 0.4882459 
236 220 31 33 0.4293599 
759 112 44 61 0.29952124 
23 261 32 38 0.28213593 
0 140 27 55 0.20057991 
62 217 14 16 0.15532662 
655 105 37 45 0.1548393 
858 161 30 42 0.114234835 
407 188 42 55 0.10617755 
135 370 47 50 0.10150085 
724 76 12 14 0.09378953 
434 471 82 98 0.09367736 
428 219 42 60 0.083484836 
829 467 31 37 0.08338039 
970 525 36 48 0.07816427 
779 123 26 40 0.06287776 
539 42 17 24 0.06267205 
995 353 14 19 0.0624159 
514 98 19 21 0.062367793 
26 337 56 73 0.06165724 
419 469 57 80 0.060933042 
33 315 51 60 0.060773753 
56 306 28 39 0.06036114 
382 481 79 91 0.059036788 
18 268 20 23 0.057366475 
802 124 25 34 0.0566839 
192 417 47 58 0.05365862 
421 409 44 61 0.052824166 
234 428 36 51 0.04957583 
777 127 42 59 0.04852097 
615 115 36 45 0.04179633 
835 550 29 29 0.040757976 
117 215 14 17 0.040147368 
180 187 26 36 0.03994011 
469 109 49 66 0.03843897 
434 -4 102 131 0.0367603 
480 495 64 68 0.035428472 
325 507 73 65 0.03395244 
28 276 19 24 0.032724127 
356 427 44 55 0.032447286 
187 414 31 44 0.032427363 
491 101 51 68 0.032232337 
770 100 45 55 0.03208089 
725 127 72 92 0.031415727 
112 216 30 32 0.030196011 
962 510 31 50 0.029570185 
7 270 28 36 0.02916985 
370 422 29 33 0.028790906 
184 202 41 49 0.02824807 
3 369 95 122 0.028076695 
194 395 54 54 0.027643632 
647 116 37 50 0.027396582 
193 216 17 20 0.027213177 
333 434 13 16 0.027112128 
31 272 33 37 0.027011922 
806 142 16 22 0.026920665 
478 79 28 31 0.026721124 
8 254 32 36 0.026283607 
859 165 19 27 0.026023587 
366 395 12 15 0.0253482 
799 525 42 50 0.025307529 
185 430 34 55 0.025306482 
55 217 25 28 0.0251394 
474 93 28 32 0.024511557 
684 103 34 49 0.024247205 
380 411 28 35 0.023941997 
322 441 16 18 0.023928033 
42 302 31 38 0.023850223 
996 343 12 18 0.023764392 
199 220 40 47 0.023681024 
468 187 35 47 0.023579847 
793 462 28 33 0.02348531 
185 202 23 32 0.023292866 
823 127 28 38 0.023072986 
822 485 31 38 0.023071088 
86 203 45 55 0.02295215 
861 550 26 28 0.022794858 
180 201 14 20 0.022766488 
0 281 20 33 0.022606418 
535 36 12 18 0.022331322 
352 141 10 14 0.022303477 
801 475 26 32 0.02219151 
446 522 69 52 0.0220724 
722 71 11 14 0.0220619 
221 226 13 18 0.022024734 
625 101 47 60 0.021815896 
424 475 33 54 0.021697521 
239 407 35 51 0.021572104 
410 441 47 76 0.021507634 
101 211 47 61 0.021340398 
382 179 49 60 0.021321464 
919 228 30 38 0.02115985 
281 502 53 65 0.021029176 
349 531 55 47 0.020928713 
5 152 44 64 0.02089608 
720 72 20 24 0.020875394 
761 108 28 40 0.020809485 
798 488 22 29 0.02080073 
186 238 40 50 0.020711545 
817 114 28 35 0.020262763 
525 45 41 57 0.020167008 
380 430 17 21 0.020165244 
401 299 16 20 0.020010924 
