2_Demonstration_Protesters_2_460
118
884 201 28 39 0.999629 
787 67 31 40 0.9995802 
841 67 29 37 0.9994412 
34 66 27 32 0.99929893 
483 238 33 41 0.99909365 
484 97 35 44 0.9983492 
804 176 38 50 0.9968047 
75 89 25 33 0.9960228 
163 82 17 22 0.99275744 
272 232 42 53 0.9925659 
641 57 39 51 0.99174035 
133 74 16 19 0.9901046 
954 93 22 34 0.9839467 
434 73 23 26 0.95939815 
707 64 22 30 0.9370461 
283 75 12 16 0.8679134 
996 88 14 17 0.7405302 
749 92 13 15 0.51550126 
146 192 23 25 0.3261219 
1011 196 12 15 0.18373694 
681 18 29 33 0.11335993 
1012 58 10 18 0.11019364 
255 146 9 12 0.08803573 
0 69 11 18 0.087810814 
264 143 10 12 0.07472941 
200 105 13 17 0.068060376 
695 67 25 29 0.06797421 
68 132 32 39 0.066431254 
208 131 12 16 0.06112389 
162 148 11 15 0.05757858 
328 177 9 12 0.057086688 
1001 85 13 17 0.057078965 
183 75 14 18 0.05672737 
223 121 10 11 0.055969365 
990 116 13 18 0.055586513 
237 142 8 11 0.05508163 
974 74 12 15 0.053297963 
630 287 13 15 0.052422658 
291 195 11 12 0.05202416 
1 69 19 29 0.051899713 
925 274 16 19 0.05169534 
456 264 18 22 0.05127423 
221 228 15 17 0.05060012 
742 83 20 27 0.0500122 
151 203 24 27 0.047122627 
244 190 12 15 0.045578048 
326 207 8 10 0.044889163 
430 58 34 48 0.04411638 
679 66 13 17 0.042715646 
950 106 15 23 0.042024538 
508 242 28 33 0.04179303 
212 127 10 13 0.039699305 
246 119 7 11 0.03865799 
969 77 9 13 0.035866983 
245 125 8 10 0.034859154 
142 188 16 22 0.034629565 
280 62 9 12 0.034358088 
103 107 21 27 0.034089237 
968 64 9 10 0.033908553 
328 191 8 12 0.033644196 
67 75 14 19 0.03351924 
239 136 8 10 0.03259694 
963 89 32 47 0.032515626 
997 61 10 14 0.03187236 
336 199 8 10 0.031664696 
162 211 17 20 0.03140315 
446 77 24 34 0.031184517 
997 123 12 16 0.030303996 
203 187 13 17 0.029643245 
721 73 14 20 0.029291034 
231 119 8 11 0.028236696 
955 84 16 23 0.02770495 
239 192 14 18 0.027493445 
1004 50 20 29 0.027356751 
160 194 16 20 0.027157394 
680 239 26 30 0.027141154 
1007 203 12 14 0.027092006 
964 85 12 19 0.027013214 
908 68 11 14 0.026649978 
977 219 15 18 0.026256924 
521 247 18 23 0.026233958 
935 205 14 18 0.025713222 
278 158 12 16 0.025458688 
1001 219 10 15 0.024813758 
115 152 25 30 0.024397686 
109 170 15 21 0.024288762 
327 213 8 10 0.024246303 
332 175 10 11 0.024143374 
907 216 15 20 0.024007756 
269 148 9 12 0.023975529 
239 118 9 12 0.023559883 
147 182 17 21 0.023397163 
180 82 14 18 0.023344008 
225 235 32 41 0.0232485 
972 68 21 28 0.023166273 
224 157 9 11 0.023005059 
1003 213 12 15 0.022995137 
670 61 26 33 0.022454213 
1003 128 12 17 0.022123268 
248 148 11 14 0.022096269 
262 65 13 17 0.021989914 
46 71 18 22 0.021967066 
215 174 9 12 0.021836907 
334 168 8 10 0.021751123 
70 89 19 26 0.021717845 
3 63 16 20 0.021551004 
219 225 25 31 0.021547407 
186 89 13 17 0.021442074 
969 69 11 15 0.021417204 
586 316 18 22 0.021135202 
237 146 10 14 0.021044841 
-1 77 13 23 0.020936068 
980 101 24 34 0.020923667 
306 151 8 11 0.020803297 
326 196 9 12 0.0205542 
206 182 11 15 0.020214856 
919 69 12 14 0.020210398 
215 179 10 13 0.020041488 
