2_Demonstration_Demonstrators_2_486
32
375 384 92 122 0.99829775 
550 401 67 94 0.9967913 
1001 275 17 22 0.980247 
146 460 56 55 0.9302894 
934 325 42 66 0.6818948 
26 261 13 16 0.66713107 
197 421 36 40 0.47179326 
280 381 38 55 0.43618736 
867 232 25 32 0.38455483 
989 342 36 64 0.10420843 
180 284 30 39 0.10377053 
208 420 19 21 0.08069214 
17 33 18 23 0.07097139 
958 333 43 66 0.050551917 
976 342 32 47 0.042105686 
203 436 48 58 0.040718984 
696 450 49 53 0.03830161 
193 386 26 30 0.034672726 
178 347 13 15 0.033910226 
88 300 10 13 0.03173931 
257 395 49 66 0.030229319 
291 468 31 46 0.029219523 
35 259 13 17 0.0262045 
922 332 35 55 0.02616569 
830 305 14 20 0.024505265 
24 85 25 28 0.024452375 
18 61 16 21 0.023526188 
46 284 12 17 0.022881065 
29 282 11 14 0.02250471 
195 402 29 37 0.02182054 
199 70 11 14 0.021755874 
327 467 41 53 0.020701444 
