2_Demonstration_Demonstration_Or_Protest_2_32
260
454 1061 54 70 0.997586 
726 1099 61 76 0.99743 
629 1064 27 36 0.9972613 
524 1144 63 96 0.99622214 
238 1242 84 107 0.9939638 
516 1060 29 37 0.9937546 
334 1032 32 39 0.98575217 
304 1091 54 74 0.97830266 
895 1023 24 27 0.97252774 
169 1086 56 71 0.9677968 
865 1107 31 34 0.9654349 
530 1110 35 48 0.9186626 
426 1030 34 47 0.9044103 
936 1080 20 24 0.8887124 
986 1049 25 30 0.8445242 
575 1079 24 33 0.8394695 
285 1073 54 71 0.7902198 
48 1049 40 47 0.76861435 
703 1099 36 57 0.73054844 
370 1032 23 30 0.7215982 
824 1095 26 39 0.7209118 
491 1018 14 21 0.52061206 
551 1021 13 16 0.51862097 
926 1027 20 25 0.48639715 
293 1031 28 35 0.4859273 
750 1076 23 26 0.4790594 
980 1059 18 22 0.40477583 
631 1034 14 17 0.36910027 
970 999 20 30 0.26103178 
970 1171 14 21 0.26092866 
603 1013 12 16 0.25678006 
708 1086 28 33 0.25132647 
662 1048 12 14 0.22809534 
962 1051 14 19 0.2191208 
398 1032 26 32 0.21619734 
777 1061 16 21 0.21456712 
547 1061 16 24 0.20492081 
-3 1254 58 106 0.20373361 
912 1151 24 35 0.19956477 
940 1052 18 21 0.19872212 
117 501 243 220 0.19725968 
272 1056 36 51 0.19704509 
586 1037 15 20 0.19235572 
633 1158 17 21 0.19035122 
5 991 76 116 0.16611378 
961 1064 16 21 0.16011538 
808 1060 10 12 0.15550025 
972 1126 17 22 0.1491438 
724 1055 17 20 0.14893672 
524 1029 21 25 0.14463326 
581 1117 28 39 0.14291751 
721 1063 23 28 0.13416189 
385 1047 28 34 0.13105974 
114 1220 32 36 0.12638614 
328 928 24 30 0.1256913 
976 1039 24 32 0.12551254 
954 1146 17 19 0.113957286 
197 1038 27 33 0.11296115 
862 1028 14 16 0.11178271 
701 1093 28 41 0.11165994 
1012 987 12 21 0.10082697 
714 1074 27 34 0.09235918 
867 1032 15 19 0.09162017 
614 1039 9 11 0.090386406 
693 1044 12 15 0.08486365 
824 1058 11 14 0.08196369 
596 1122 15 22 0.079861276 
13 150 27 43 0.07737207 
879 1075 25 27 0.07558215 
998 1052 19 24 0.07530596 
972 1058 19 26 0.07427944 
443 1010 17 20 0.072891094 
912 1022 22 28 0.0701588 
751 1019 12 13 0.068784475 
0 149 21 41 0.0683958 
925 1020 17 22 0.06769631 
970 1112 24 31 0.066500746 
33 223 167 286 0.06399913 
928 1065 22 29 0.06263329 
936 1062 22 28 0.062331766 
629 1104 23 29 0.060378667 
317 1044 32 35 0.06035434 
568 1044 11 14 0.058659367 
1002 1162 15 20 0.058420915 
603 1047 14 20 0.055920936 
943 986 13 16 0.054595612 
585 1068 17 22 0.05454251 
810 1086 30 42 0.053717226 
40 204 42 56 0.052496184 
843 1057 12 16 0.052414022 
452 1152 53 66 0.05239887 
862 1082 15 18 0.051915556 
546 1043 15 21 0.0518073 
608 1037 10 12 0.05166115 
635 1039 15 19 0.051651187 
923 974 16 20 0.050748833 
624 1022 10 12 0.050618418 
765 1054 10 13 0.049603056 
646 1044 13 16 0.04914363 
630 1061 16 23 0.048675127 
315 1050 53 60 0.048231576 
768 1032 8 10 0.047959387 
877 1102 29 35 0.045253586 
756 1030 10 12 0.04514238 
588 1122 16 22 0.044883527 
1006 1016 16 19 0.04460745 
945 1186 16 19 0.044245407 
249 1066 43 59 0.043610744 
693 1111 29 41 0.04354602 
613 1043 13 18 0.043070022 
656 1044 19 23 0.042935673 
381 848 9 10 0.04129864 
971 1046 17 22 0.041080773 
965 1067 20 28 0.039936144 
500 979 29 39 0.03946191 
432 1017 27 38 0.039381016 
226 1068 41 57 0.03876116 
974 1038 16 20 0.038362168 
0 645 38 62 0.037202306 
929 1107 16 23 0.037156448 
280 1041 50 62 0.03711432 
975 988 14 20 0.036823887 
575 1028 13 15 0.03657339 
738 1070 26 29 0.03639855 
238 577 123 141 0.03593425 
616 1002 10 13 0.035725605 
645 1049 16 20 0.035639282 
946 1057 22 28 0.03465778 
557 1105 42 51 0.034391996 
790 1130 43 57 0.034321014 
978 1099 24 29 0.03420893 
283 1037 29 37 0.03360666 
868 1085 31 36 0.033572134 
693 944 13 17 0.033204515 
22 198 40 47 0.033102624 
255 1135 40 59 0.032751918 
195 1080 50 68 0.03267126 
605 1008 12 15 0.032404277 
268 1147 43 56 0.03238172 
541 1102 32 40 0.032343764 
897 1149 28 35 0.03201983 
154 1071 52 70 0.0319738 
765 1054 23 25 0.03149388 
533 1033 19 26 0.031194618 
965 1003 17 23 0.030910257 
729 825 9 12 0.030834105 
837 1091 14 22 0.03077856 
953 1075 22 27 0.030684438 
828 1052 12 16 0.030596685 
572 1037 20 26 0.030301798 
860 1037 15 20 0.030108063 
350 1036 38 48 0.030061342 
1011 1077 13 19 0.030020338 
522 1101 27 39 0.029971808 
580 1028 14 18 0.02992651 
651 970 13 17 0.029773977 
864 1080 24 27 0.029580694 
135 431 385 358 0.029074399 
336 932 15 17 0.028669383 
511 1110 45 62 0.02865129 
572 1050 11 15 0.028606506 
176 1037 10 14 0.028548924 
417 1023 29 44 0.028504537 
607 1118 21 32 0.028425068 
830 1047 11 13 0.028329812 
508 1094 25 35 0.0283035 
979 1121 22 30 0.028129214 
603 1123 14 22 0.02811665 
800 1038 9 12 0.028025992 
775 1044 14 15 0.027751295 
490 1002 26 35 0.027724061 
580 1023 12 14 0.027554385 
533 1061 25 33 0.027534012 
772 1069 17 20 0.027428923 
625 1028 10 14 0.027264055 
918 1068 23 28 0.027263632 
982 1160 27 32 0.027250718 
616 1129 39 51 0.027242668 
753 1037 9 12 0.027148413 
724 1088 30 36 0.027066773 
574 1036 11 15 0.027043346 
61 391 191 278 0.027030274 
915 1140 16 24 0.027006883 
623 1036 11 16 0.026755191 
999 1157 13 18 0.026668543 
700 979 11 13 0.026579792 
670 831 12 14 0.02652374 
302 1044 33 39 0.02652129 
575 1077 15 20 0.026340198 
531 1022 15 18 0.026249195 
742 1053 10 14 0.025901398 
619 1043 13 18 0.025588436 
122 1183 17 20 0.025549771 
620 1132 12 16 0.025351178 
665 1050 14 17 0.02521786 
775 1053 12 15 0.025124194 
560 1086 30 38 0.024951344 
819 1053 21 25 0.024921853 
533 1012 11 13 0.024911841 
852 933 12 16 0.024847077 
622 1106 15 19 0.024684776 
623 1140 11 14 0.024557425 
107 551 147 258 0.024430666 
418 985 18 20 0.02423378 
741 1030 9 13 0.024219867 
962 1157 20 29 0.024083078 
388 1042 18 23 0.023981804 
954 1150 22 30 0.023936734 
735 1031 9 12 0.023808721 
611 977 15 19 0.023792982 
916 738 25 27 0.023524905 
733 1045 12 15 0.023488171 
746 1074 51 65 0.023344375 
63 1112 33 35 0.023327082 
812 1065 11 14 0.023307353 
616 1113 24 33 0.023297159 
955 1133 25 27 0.023231339 
891 1102 25 30 0.023224909 
668 979 9 14 0.02309882 
758 1036 9 11 0.022984458 
725 1047 13 16 0.02294903 
721 1051 14 18 0.022864973 
27 187 29 34 0.022732098 
755 1072 15 17 0.022669835 
760 1058 12 14 0.022663195 
800 1054 12 14 0.022286363 
679 1029 9 12 0.022283262 
888 1026 14 19 0.022237549 
823 1047 10 12 0.022176348 
361 851 12 15 0.022102166 
668 974 9 13 0.022076435 
1007 1105 15 20 0.021703664 
815 1045 10 12 0.021667844 
807 1056 19 24 0.021659039 
236 1075 23 37 0.021496037 
331 1094 56 73 0.021474654 
646 1052 24 32 0.02143524 
318 1053 15 20 0.021270668 
536 1023 18 24 0.021255787 
995 1036 15 19 0.020978818 
621 1162 15 18 0.02095088 
981 1091 18 20 0.02087344 
870 1037 22 28 0.020845938 
4 140 30 40 0.020754164 
874 1028 14 18 0.020741342 
834 1049 19 25 0.020628138 
798 960 10 12 0.020533495 
933 1056 17 21 0.020489272 
377 1045 18 23 0.020488042 
657 1103 17 22 0.020475967 
892 965 11 13 0.020371078 
67 1117 18 19 0.020350693 
851 1106 27 34 0.020345489 
135 1070 47 64 0.02032206 
628 1116 18 22 0.020276938 
381 852 11 13 0.020264536 
117 1184 27 34 0.02016101 
930 1017 22 28 0.020071898 
-2 1006 49 86 0.020067915 
201 1034 20 21 0.020034174 
