2_Demonstration_Demonstration_Or_Protest_2_914
282
258 29 41 53 0.99137336 
606 302 13 18 0.9756916 
49 336 16 20 0.96895087 
376 317 13 18 0.9685301 
833 352 15 20 0.95608723 
637 315 10 14 0.95184284 
165 53 22 36 0.923949 
907 346 21 28 0.90566385 
720 363 11 14 0.7911248 
186 342 10 14 0.75838584 
901 107 14 18 0.72257805 
779 358 13 16 0.6743658 
103 363 11 14 0.5518153 
855 121 12 20 0.50197625 
388 302 9 12 0.46954602 
165 335 13 16 0.45436168 
77 72 22 26 0.44391453 
513 329 10 13 0.4363112 
233 61 23 28 0.39342958 
250 343 9 10 0.3859295 
409 103 16 18 0.3620179 
293 313 12 16 0.32759905 
313 340 11 14 0.32460088 
392 151 12 15 0.296651 
99 29 12 14 0.26441595 
44 52 13 17 0.2610861 
508 314 10 12 0.25145727 
546 319 9 12 0.23399132 
596 133 11 13 0.21904518 
86 56 13 16 0.2058901 
574 316 11 12 0.18637992 
290 333 14 17 0.17404944 
119 340 12 17 0.15241225 
631 424 18 22 0.1447067 
759 389 10 13 0.14381774 
254 319 14 18 0.13527976 
465 312 9 10 0.1320445 
549 335 10 10 0.12647991 
302 316 13 16 0.118672006 
544 324 11 14 0.10917435 
479 340 9 11 0.107240856 
374 128 11 14 0.10666106 
488 315 9 13 0.10512826 
545 333 9 11 0.101620845 
290 311 9 13 0.09699583 
138 98 13 15 0.09612761 
575 324 13 16 0.093657136 
470 139 9 11 0.09102508 
419 109 14 17 0.0895645 
321 322 11 14 0.08932242 
304 303 10 12 0.08918249 
125 77 8 12 0.08868408 
851 107 26 33 0.08592731 
500 177 13 16 0.08566485 
895 348 24 30 0.082621664 
504 132 8 9 0.08125032 
763 380 12 16 0.07923203 
784 275 12 14 0.07837942 
487 137 8 10 0.07649628 
165 327 13 16 0.07483114 
315 334 13 17 0.07066089 
285 160 26 31 0.06862729 
234 334 9 12 0.0674308 
781 128 8 10 0.06627638 
205 73 20 31 0.06307665 
576 134 10 13 0.062127914 
278 341 8 12 0.061125457 
231 66 15 19 0.059885748 
815 367 11 13 0.05891018 
958 394 16 21 0.05837887 
231 350 8 10 0.05787829 
735 151 8 9 0.055986434 
557 327 12 14 0.05470637 
81 268 9 11 0.054377884 
502 352 10 11 0.053359065 
519 294 9 12 0.05322958 
433 335 9 11 0.052825913 
476 111 10 12 0.05236417 
419 119 15 18 0.052043527 
123 335 11 15 0.051809408 
480 139 9 11 0.05170044 
845 150 9 13 0.05157519 
140 317 11 14 0.051371764 
171 65 26 34 0.050223906 
38 47 13 15 0.050046638 
381 126 10 13 0.048771717 
241 269 10 11 0.048112 
308 303 11 14 0.047389157 
247 346 11 13 0.046929453 
248 324 12 15 0.046794 
418 324 8 11 0.0459867 
729 120 8 10 0.04515256 
792 391 8 10 0.04468722 
368 163 13 18 0.044571526 
438 341 8 10 0.04401538 
530 157 9 12 0.043811593 
471 99 11 13 0.043262385 
592 127 10 12 0.04301764 
213 343 9 11 0.042772967 
101 53 12 18 0.04217367 
495 295 9 11 0.042134445 
246 285 9 12 0.04205762 
39 40 9 12 0.040922377 
425 350 10 13 0.04034662 
429 180 15 17 0.038751513 
48 31 9 12 0.038553588 
235 299 12 15 0.03841076 
776 277 9 11 0.038344614 
839 155 13 17 0.03812086 
644 324 12 14 0.037873954 
405 142 10 12 0.037869498 
229 99 14 18 0.037472855 
645 332 11 13 0.037301797 
404 341 10 13 0.03655352 
400 105 13 17 0.036221515 
397 426 25 29 0.03610177 
171 339 12 15 0.035987638 
56 339 14 17 0.035688363 
890 329 43 53 0.035678808 
495 135 8 9 0.035459936 
806 112 10 11 0.03529818 
594 137 9 13 0.035184417 
752 387 13 17 0.035021015 
183 337 17 22 0.03498512 
422 325 9 11 0.034815703 
182 132 28 33 0.034696836 
579 309 11 16 0.03454079 
579 317 12 14 0.03422711 
825 165 16 21 0.034040324 
501 292 10 13 0.03380905 
244 267 12 14 0.03380827 
493 311 10 14 0.03336926 
734 125 8 11 0.0332738 
819 373 12 14 0.033271868 
370 122 20 26 0.033143874 
568 324 11 14 0.033036362 
189 73 25 30 0.03268272 
470 334 12 13 0.0324551 
371 169 13 17 0.032441646 
99 45 11 15 0.03243378 
798 314 11 13 0.032206442 
537 327 9 12 0.03205162 
471 150 10 12 0.03199134 
239 279 10 12 0.031889 
639 336 11 13 0.0317291 
136 87 10 14 0.03167222 
135 322 15 17 0.03158707 
524 300 11 15 0.031452246 
392 144 11 13 0.031388156 
447 320 9 11 0.03124995 
816 146 9 13 0.030997284 
306 318 14 18 0.030961763 
33 287 7 10 0.030858282 
446 139 9 12 0.030744046 
603 132 11 14 0.030739613 
638 345 14 16 0.03046747 
750 380 13 16 0.03043438 
871 69 117 154 0.03010439 
843 191 15 19 0.030004904 
220 286 9 11 0.029933609 
93 23 19 24 0.029821217 
778 127 8 10 0.029815005 
569 316 12 14 0.029559074 
380 310 11 16 0.029472144 
390 323 11 14 0.029433241 
247 358 11 14 0.029353395 
832 151 8 11 0.029349545 
487 126 8 11 0.029142838 
513 293 10 12 0.029111154 
71 291 9 11 0.029106533 
556 275 13 16 0.028868072 
765 374 12 16 0.028765555 
86 268 10 12 0.028758822 
855 299 12 15 0.028580906 
387 92 12 13 0.028568136 
252 333 13 16 0.028558409 
125 84 10 13 0.028436124 
775 270 10 13 0.028422989 
144 310 11 13 0.028367557 
830 155 25 34 0.028357504 
241 284 9 13 0.028194265 
912 148 9 11 0.027916733 
304 372 10 12 0.027867448 
216 270 9 12 0.027801797 
798 396 10 11 0.027736476 
141 87 11 14 0.027669001 
899 333 12 15 0.027638841 
837 370 12 14 0.02748203 
619 342 12 14 0.02722319 
759 119 7 9 0.027201422 
560 415 31 44 0.027140595 
221 271 10 12 0.027091518 
638 397 8 10 0.027070308 
432 340 9 11 0.027003169 
788 362 11 14 0.026879458 
358 358 8 11 0.026839646 
297 304 9 11 0.02665388 
733 163 11 13 0.02645889 
239 342 8 10 0.02629904 
399 366 10 13 0.026215341 
234 342 7 10 0.026188742 
614 119 13 15 0.02600822 
545 313 9 13 0.025923498 
496 127 9 11 0.025912544 
431 326 10 12 0.025890987 
511 301 12 14 0.025878254 
491 417 12 15 0.025875755 
454 324 10 13 0.02586506 
884 342 11 14 0.025647592 
591 120 9 11 0.025619647 
167 319 12 14 0.025585022 
206 270 10 11 0.025572544 
316 320 19 25 0.025511365 
931 317 12 13 0.025371488 
471 126 8 12 0.025236854 
583 127 10 11 0.025018914 
845 306 10 14 0.02497754 
91 81 12 16 0.0249359 
439 334 8 12 0.02488307 
315 344 13 15 0.024806118 
281 144 40 44 0.024645552 
188 336 10 14 0.024442652 
178 269 9 11 0.024429835 
398 144 10 12 0.02438844 
121 70 10 14 0.02437521 
247 335 12 14 0.024349498 
486 174 9 12 0.024337726 
891 89 29 34 0.024325492 
358 151 8 12 0.024168277 
895 350 15 19 0.024133345 
167 103 39 48 0.024116475 
246 335 19 24 0.02404346 
272 286 9 13 0.024042048 
792 396 9 12 0.023961348 
518 315 10 13 0.02380805 
462 351 11 13 0.023799183 
788 284 11 13 0.023720283 
248 365 12 15 0.023558315 
482 316 10 13 0.023471013 
117 337 21 26 0.023424853 
490 294 9 13 0.023168882 
495 142 8 10 0.023127101 
861 212 13 17 0.023113677 
374 138 10 13 0.022988271 
389 125 10 13 0.022979725 
260 92 17 23 0.022739321 
547 338 12 13 0.022723645 
317 308 10 13 0.022653254 
356 309 11 13 0.022611516 
426 110 11 15 0.022549286 
94 270 9 11 0.022500683 
616 131 12 15 0.022475665 
500 301 13 15 0.022431338 
189 285 10 13 0.022248818 
185 390 8 11 0.022236504 
439 326 10 12 0.022200797 
559 144 8 10 0.022098044 
629 111 13 15 0.02204581 
199 270 11 12 0.022032183 
830 158 12 15 0.0218839 
397 323 11 13 0.021805229 
502 310 19 23 0.021801108 
225 93 25 31 0.021752069 
735 374 10 14 0.021679774 
621 317 11 14 0.021558572 
225 351 9 10 0.021552823 
544 326 21 25 0.021546308 
790 291 11 12 0.021539368 
509 128 8 10 0.021132791 
462 165 9 12 0.021109786 
397 74 11 14 0.02084735 
952 398 22 29 0.020820681 
936 342 11 15 0.020639298 
139 337 14 17 0.02060414 
524 294 10 14 0.020470912 
237 327 10 12 0.020435262 
509 323 17 22 0.020431058 
769 363 11 15 0.020375744 
384 295 17 23 0.020279344 
744 142 10 11 0.020162502 
288 346 12 15 0.020085901 
383 86 13 15 0.020031434 
