2_Demonstration_Demonstrators_2_547
57
683 136 54 81 0.99913883 
215 137 58 70 0.9985662 
483 163 40 46 0.99823797 
821 136 45 56 0.99689376 
877 177 40 45 0.9944524 
640 161 40 55 0.97237355 
0 213 26 39 0.9699738 
931 202 27 37 0.9387502 
458 201 25 34 0.91198146 
987 208 29 53 0.8859996 
419 192 26 34 0.8051526 
928 291 43 61 0.6498811 
950 214 38 50 0.5733778 
937 203 36 50 0.26987833 
309 110 15 20 0.22080149 
165 160 42 52 0.20619898 
404 224 15 22 0.1584588 
469 207 28 38 0.15470609 
969 212 36 49 0.13734913 
988 366 27 35 0.13490102 
425 188 18 23 0.12686957 
201 183 22 34 0.119828 
976 369 26 36 0.112467565 
459 195 16 21 0.102444366 
-2 509 39 60 0.0999395 
765 205 26 29 0.086286716 
913 184 22 30 0.07594227 
405 213 22 30 0.0593608 
480 214 30 36 0.05632055 
413 202 27 35 0.042793073 
1003 409 16 20 0.042411063 
762 406 22 29 0.035349716 
170 218 29 35 0.03377735 
1000 373 17 22 0.033562474 
662 469 27 32 0.033551157 
445 201 24 34 0.031238802 
866 331 33 40 0.027834343 
589 56 24 35 0.027538504 
165 171 13 18 0.02725512 
178 183 41 52 0.026714055 
398 217 15 25 0.02647318 
262 224 52 59 0.025730954 
458 239 26 32 0.025465088 
963 361 24 33 0.025358085 
186 170 33 43 0.02503419 
458 222 29 38 0.023882132 
379 190 12 14 0.023737216 
994 390 17 21 0.021685412 
1 340 38 66 0.021601804 
435 203 16 26 0.020970281 
875 320 27 36 0.020965148 
413 198 18 22 0.020831274 
946 354 28 33 0.020729523 
658 162 38 49 0.020420037 
1002 205 22 44 0.020386796 
162 188 33 42 0.02020096 
852 319 27 32 0.020019386 
