2_Demonstration_Protesters_2_542
41
603 169 66 89 0.9989579 
16 99 61 83 0.99604416 
856 87 17 21 0.8479314 
920 98 18 22 0.83005834 
204 347 58 49 0.26557896 
636 422 63 81 0.093013145 
6 565 82 157 0.07703134 
311 217 47 85 0.064505346 
215 152 8 11 0.059741046 
224 178 9 12 0.05831983 
36 605 55 95 0.039270733 
258 293 24 27 0.039140634 
311 179 48 85 0.038872823 
772 77 12 15 0.03562509 
510 128 9 11 0.03434393 
555 296 121 168 0.034129288 
439 140 10 14 0.033071764 
767 71 11 13 0.032116238 
610 386 99 137 0.031841498 
246 149 9 11 0.029832883 
515 65 13 15 0.027988646 
191 140 9 12 0.027535249 
928 102 16 22 0.027004149 
238 174 7 10 0.0266768 
197 134 9 11 0.025798908 
528 102 11 13 0.024840355 
854 116 10 12 0.024837306 
193 136 8 11 0.024567323 
545 130 9 12 0.023471301 
157 309 60 57 0.02290831 
543 103 9 11 0.022454038 
297 151 9 12 0.022324184 
977 109 10 13 0.022239096 
241 126 9 10 0.022011891 
535 95 9 11 0.021899858 
212 339 43 34 0.021643365 
186 328 62 56 0.02154173 
265 286 11 13 0.021031778 
181 -30 213 216 0.020725533 
273 151 8 10 0.020678267 
26 670 55 71 0.020616151 
