2_Demonstration_Protesters_2_817
53
291 559 33 44 0.99279624 
377 536 41 53 0.9110651 
523 89 31 32 0.638612 
297 608 43 59 0.17551999 
359 552 45 51 0.09137897 
585 146 40 46 0.082479306 
199 444 14 17 0.08064397 
345 562 43 50 0.064665124 
544 630 49 44 0.064025536 
558 622 13 15 0.06125388 
334 581 23 30 0.05753895 
193 456 18 21 0.056261662 
194 442 23 29 0.05360281 
559 553 12 15 0.051400077 
504 198 19 25 0.048668034 
203 440 12 15 0.04416228 
578 129 71 72 0.040988717 
665 565 10 12 0.038902808 
547 556 11 16 0.037910588 
603 628 12 15 0.036948103 
599 612 14 19 0.036916412 
545 625 26 28 0.036583338 
530 633 31 31 0.03591517 
525 101 33 35 0.035380326 
484 195 13 15 0.035163235 
320 545 41 53 0.033149786 
533 613 15 17 0.033025973 
482 182 27 31 0.031130971 
516 185 15 20 0.030825298 
344 583 48 52 0.030328417 
506 185 28 37 0.02863781 
450 118 192 203 0.027830059 
174 627 23 29 0.027488405 
496 541 45 58 0.027291985 
526 93 16 22 0.02708801 
306 565 29 38 0.026741147 
594 165 45 46 0.025824632 
675 592 27 32 0.025805723 
477 188 12 16 0.025190063 
566 626 56 45 0.024919422 
469 182 26 33 0.024291461 
540 134 34 37 0.023814296 
539 640 18 19 0.023166971 
511 172 43 50 0.022910092 
669 580 40 53 0.02287692 
570 641 18 22 0.022875203 
599 608 11 14 0.022804001 
494 609 28 33 0.022548603 
523 105 48 54 0.021662692 
473 579 47 56 0.021651484 
538 550 21 27 0.020765148 
524 541 42 56 0.0204841 
323 585 47 58 0.020194285 
