2_Demonstration_Demonstrators_2_231
62
494 412 116 172 0.99969435 
40 460 56 71 0.99954236 
924 425 46 57 0.9982162 
227 459 48 63 0.99660957 
980 418 16 21 0.97581506 
267 478 39 49 0.8567721 
138 466 18 22 0.74674654 
95 467 15 20 0.53442925 
874 290 15 20 0.17338534 
748 258 10 14 0.16168709 
903 437 12 17 0.16149631 
748 318 14 17 0.15267949 
1012 431 12 23 0.13112591 
745 226 11 14 0.1032646 
24 760 9 11 0.09685049 
873 324 11 13 0.08409843 
339 438 132 237 0.073874734 
969 259 10 12 0.057961263 
683 77 21 27 0.055806167 
873 395 11 13 0.05576166 
747 291 13 16 0.052702617 
382 346 25 34 0.050788242 
984 217 28 35 0.049289167 
8 757 8 10 0.047615174 
886 184 10 14 0.046183333 
821 186 12 14 0.045010924 
126 462 20 27 0.042441484 
97 483 28 36 0.04217904 
779 237 19 26 0.041920513 
857 204 10 15 0.039581537 
117 468 11 16 0.039042473 
358 459 13 19 0.03804591 
393 271 68 77 0.03731034 
157 470 11 14 0.036567267 
357 451 24 39 0.03632942 
777 16 17 24 0.033885676 
879 173 10 12 0.032575708 
90 472 25 33 0.03241961 
24 839 11 13 0.0322568 
995 232 15 19 0.032107 
184 619 45 63 0.03194393 
111 468 10 14 0.03167688 
640 445 10 13 0.030417385 
782 471 9 11 0.029204035 
344 418 15 21 0.029184451 
23 753 8 10 0.027447065 
974 198 46 58 0.026942858 
879 180 12 15 0.026238067 
872 422 12 15 0.025978442 
871 357 14 16 0.025443831 
830 366 9 11 0.024883984 
828 2 15 17 0.024667624 
896 442 11 15 0.024196012 
358 445 43 71 0.023440348 
343 256 94 115 0.022433216 
350 419 91 162 0.022351466 
127 458 38 47 0.022279995 
665 437 8 10 0.022000141 
276 5 16 20 0.021250706 
893 451 11 16 0.021027336 
7 835 8 12 0.02074985 
133 479 16 21 0.020174379 
