2_Demonstration_Political_Rally_2_690
82
814 394 64 91 0.9918053 
645 392 25 41 0.9886389 
521 388 101 141 0.9859747 
752 370 10 14 0.6829023 
948 372 11 15 0.29203174 
78 367 10 13 0.20198067 
62 364 9 10 0.20135821 
180 350 8 11 0.1569708 
93 411 9 12 0.1164793 
68 347 11 13 0.10154136 
943 377 13 17 0.10048236 
78 358 8 10 0.099566184 
117 358 8 10 0.09862036 
777 408 52 64 0.08737343 
82 440 7 9 0.07999042 
109 393 8 10 0.07661642 
65 342 12 14 0.06759228 
84 372 10 13 0.06445838 
117 365 9 12 0.063482195 
86 440 7 9 0.059175227 
217 382 10 13 0.05281075 
935 379 12 14 0.05193351 
11 443 12 14 0.05128357 
1014 421 9 13 0.050459847 
905 356 12 15 0.05020832 
177 345 8 10 0.04899586 
48 375 9 12 0.048946947 
72 374 9 12 0.048363693 
87 351 9 12 0.047239926 
89 408 8 11 0.04714764 
114 352 9 11 0.046227418 
96 390 7 10 0.045956127 
194 359 8 10 0.044026215 
58 358 9 12 0.044022966 
71 358 10 12 0.04120799 
65 373 9 11 0.0399409 
749 367 18 23 0.039505705 
695 366 9 10 0.038626913 
474 340 168 216 0.036923323 
0 497 21 39 0.035115037 
3 391 7 12 0.03491762 
649 375 10 12 0.03455609 
72 365 10 12 0.03417974 
56 351 9 11 0.034094583 
104 407 8 10 0.03369316 
46 360 8 11 0.032071713 
1002 415 9 11 0.031673126 
65 336 9 10 0.030731607 
45 366 8 10 0.030432217 
705 405 12 15 0.030139005 
746 371 12 15 0.029468652 
701 592 32 33 0.02890764 
95 383 8 10 0.02786649 
106 398 8 10 0.027790664 
79 350 9 13 0.026424255 
942 366 14 19 0.025538668 
181 344 8 11 0.025402373 
929 380 11 13 0.025319953 
81 398 9 10 0.025169346 
733 428 9 13 0.025057813 
749 363 43 53 0.024754968 
64 381 10 13 0.02304013 
169 343 7 9 0.023039734 
751 371 23 30 0.022951286 
102 439 8 9 0.022939742 
932 387 14 17 0.022682719 
96 439 8 9 0.022346854 
687 359 8 11 0.022341648 
69 379 11 13 0.022218544 
908 352 11 14 0.02216882 
74 363 19 24 0.022013655 
939 383 15 20 0.021917712 
111 421 8 9 0.021809872 
53 374 9 12 0.02157968 
78 342 10 12 0.02138607 
41 361 9 11 0.02093583 
756 379 48 60 0.020467035 
902 352 19 25 0.020463824 
109 406 8 10 0.020463154 
1007 419 11 13 0.020431545 
182 336 7 10 0.020354362 
222 376 9 12 0.020209594 
