2_Demonstration_Demonstrators_2_195
42
690 61 111 130 0.999466 
322 188 61 85 0.9956593 
390 184 75 110 0.99341124 
282 220 31 44 0.9305329 
48 220 20 23 0.36312371 
911 164 94 170 0.29207045 
462 164 40 49 0.23397505 
75 267 10 13 0.14937472 
398 157 12 15 0.107813515 
517 13 24 29 0.094570205 
41 223 29 32 0.087905064 
314 37 23 25 0.072920464 
289 217 19 27 0.06738965 
990 40 23 32 0.049796525 
852 19 32 39 0.04822701 
539 255 60 52 0.04494819 
213 165 61 73 0.041103646 
34 228 43 52 0.03884886 
467 5 52 59 0.03692048 
13 276 48 80 0.036060132 
535 49 13 16 0.035444465 
511 54 13 14 0.032243025 
603 71 18 23 0.032178197 
506 -2 45 46 0.031919125 
433 17 13 17 0.03180393 
886 34 28 30 0.030815285 
546 257 35 32 0.029838039 
294 227 30 46 0.028112411 
527 124 15 19 0.02738133 
888 34 15 19 0.02558776 
393 151 22 26 0.023900546 
44 214 18 22 0.023759255 
1003 443 21 39 0.023216126 
856 164 40 39 0.023099871 
156 230 101 105 0.02220658 
259 196 48 63 0.022067873 
619 300 32 44 0.021556424 
495 138 32 37 0.021156102 
967 24 15 18 0.021029834 
929 20 28 29 0.021023579 
204 243 56 60 0.020320954 
371 47 15 18 0.020262167 
