2_Demonstration_Protesters_2_493
843
91 112 25 32 0.999629 
771 129 33 42 0.99945253 
555 131 34 43 0.9989673 
386 148 37 47 0.99777323 
718 133 37 44 0.9969921 
257 99 21 27 0.9963736 
923 158 36 49 0.995231 
711 110 27 30 0.9949032 
375 97 25 31 0.99489355 
848 140 31 42 0.9941401 
650 176 44 52 0.99351066 
456 132 36 45 0.99079025 
941 129 30 41 0.9903565 
868 91 26 35 0.99017566 
0 421 79 162 0.98876023 
636 104 25 31 0.9884651 
304 160 37 44 0.9875364 
279 114 27 33 0.9865317 
523 117 24 32 0.9826341 
314 83 21 27 0.97609836 
340 90 22 26 0.97577196 
830 74 26 31 0.9756192 
409 114 25 28 0.9747195 
347 115 26 34 0.97403437 
19 100 21 26 0.9698145 
218 65 16 21 0.9693675 
161 81 21 25 0.9686756 
606 84 22 28 0.9669134 
202 79 20 27 0.96466064 
736 91 22 26 0.9591693 
434 69 18 25 0.94974625 
268 74 21 27 0.943625 
524 89 16 20 0.93916535 
877 210 43 53 0.9370899 
802 20 13 16 0.9258375 
388 72 19 23 0.91487074 
924 46 18 24 0.9126762 
199 116 21 28 0.9110671 
292 67 19 26 0.9104299 
963 69 19 25 0.90827537 
916 71 26 34 0.90435976 
951 51 15 18 0.8786234 
31 68 22 27 0.8758426 
67 62 20 25 0.87409896 
322 58 15 19 0.87330043 
481 59 19 23 0.864165 
79 88 21 25 0.85836184 
187 58 15 19 0.85680056 
544 75 19 23 0.854755 
74 44 15 18 0.84414625 
637 52 16 21 0.8362752 
550 110 25 30 0.83491164 
567 52 14 16 0.8015163 
654 20 12 14 0.80131066 
210 116 19 24 0.80030066 
833 182 38 51 0.79092497 
664 63 17 21 0.7837479 
982 148 40 63 0.77456456 
761 44 16 20 0.77443177 
523 65 15 19 0.76614136 
-1 87 13 25 0.7638159 
229 85 20 27 0.76140267 
333 42 11 14 0.75106025 
704 51 13 16 0.7351086 
134 103 22 28 0.7308763 
784 84 21 30 0.72399276 
549 38 11 13 0.720247 
14 60 15 17 0.7142626 
584 129 21 31 0.70652276 
703 9 11 14 0.69120765 
552 15 10 14 0.6893446 
131 83 20 26 0.6779701 
158 47 13 16 0.67494154 
566 30 10 13 0.6513808 
666 49 16 19 0.6511393 
656 89 22 28 0.63258237 
744 47 16 20 0.6311264 
817 119 23 32 0.6186807 
306 47 14 18 0.61783737 
423 141 23 35 0.5804666 
618 20 11 14 0.5666244 
693 76 22 27 0.5484431 
888 50 17 21 0.54677624 
998 85 23 34 0.54477036 
390 51 13 16 0.54321265 
488 256 27 43 0.5309184 
787 58 15 18 0.5309181 
585 62 17 20 0.52916455 
236 46 13 15 0.5279771 
129 65 12 18 0.49909827 
844 48 15 19 0.46988267 
295 117 22 29 0.46414557 
752 25 14 17 0.4547924 
173 38 10 14 0.446092 
2 132 27 34 0.44552225 
426 52 13 16 0.44537652 
719 81 17 21 0.43870682 
471 36 11 13 0.43793634 
752 195 29 34 0.4350709 
144 35 10 12 0.42339802 
622 71 15 19 0.41357532 
138 49 14 16 0.40542468 
459 57 14 17 0.3989498 
468 125 29 36 0.39601353 
95 58 11 14 0.3946261 
380 32 11 13 0.38410786 
148 31 11 13 0.38160864 
618 59 14 18 0.3677116 
440 30 11 15 0.35464934 
519 39 11 12 0.3442283 
34 53 12 15 0.34288812 
708 7 13 14 0.33307967 
420 36 13 14 0.33132347 
317 31 9 12 0.3270623 
752 7 11 13 0.32634568 
706 85 21 26 0.30959833 
491 92 20 26 0.29815918 
255 46 11 13 0.29726917 
691 34 12 16 0.2962823 
248 61 13 18 0.29603243 
718 55 15 19 0.28956512 
872 15 9 12 0.2877928 
499 98 18 25 0.28492177 
181 82 15 19 0.2827906 
823 8 14 16 0.27913836 
546 54 11 13 0.27782196 
124 37 10 12 0.2755012 
0 45 10 16 0.27531973 
278 38 11 14 0.273002 
458 83 15 18 0.25862408 
286 46 11 14 0.25805554 
628 1 11 12 0.2575115 
56 81 13 19 0.2567744 
112 62 12 15 0.25447488 
490 62 16 20 0.25375515 
885 56 17 22 0.25230327 
245 82 17 21 0.2484124 
369 52 12 15 0.24777035 
222 15 8 10 0.24428898 
133 14 9 11 0.24350484 
209 36 10 12 0.23960593 
500 12 10 13 0.2379876 
233 38 9 10 0.2375426 
194 60 12 16 0.23635118 
500 8 8 10 0.23200943 
188 8 8 10 0.22988562 
281 30 9 11 0.22385766 
361 36 10 13 0.22230108 
18 22 7 10 0.22222295 
429 34 12 14 0.2189507 
500 21 10 12 0.21655656 
807 48 16 20 0.2162789 
673 21 10 13 0.21014404 
566 8 9 11 0.2081505 
108 45 11 14 0.20510237 
661 0 10 11 0.20408039 
476 13 10 13 0.20148064 
363 76 15 18 0.2005602 
453 90 21 25 0.19944383 
565 77 14 19 0.19915727 
397 22 10 13 0.19914383 
255 30 9 11 0.19517197 
370 17 9 11 0.19373408 
182 30 9 12 0.19099878 
751 76 22 29 0.19035624 
656 0 9 10 0.19020212 
584 53 14 17 0.1894217 
589 46 11 13 0.18379392 
645 92 24 29 0.18351516 
249 154 24 38 0.18197837 
471 115 24 30 0.1792041 
16 40 9 11 0.1762374 
227 195 42 59 0.17608252 
782 6 10 13 0.17451864 
326 23 9 11 0.17308135 
495 31 9 11 0.16997102 
134 0 8 9 0.16825539 
250 89 23 28 0.1676784 
463 0 8 9 0.16616325 
207 71 20 27 0.1644223 
201 22 9 12 0.1640248 
600 1 9 10 0.16287796 
398 27 11 13 0.16149026 
353 22 10 12 0.16116565 
406 27 10 13 0.16058217 
176 31 10 13 0.15993291 
236 83 22 26 0.15991288 
235 39 12 13 0.15856951 
254 51 11 14 0.15757327 
21 43 11 13 0.15752806 
584 46 10 14 0.15636395 
666 91 14 19 0.15427855 
296 36 10 13 0.15361685 
905 127 27 40 0.15347435 
342 43 11 14 0.15271397 
477 38 9 12 0.14943248 
436 51 12 14 0.14704908 
533 37 9 11 0.14398134 
367 46 13 15 0.14241076 
272 21 9 11 0.14239918 
397 15 9 11 0.14223075 
348 44 11 14 0.14135748 
688 29 13 15 0.14096287 
261 52 13 15 0.13708338 
930 71 22 31 0.13676423 
132 398 63 59 0.13200901 
938 146 34 44 0.13200817 
258 8 8 10 0.13170399 
897 25 17 20 0.13033623 
766 0 10 9 0.12774117 
3 12 10 13 0.12649162 
478 9 10 11 0.12600873 
313 35 11 13 0.12508062 
245 21 9 12 0.12505111 
177 15 8 10 0.12409295 
377 35 11 13 0.12402223 
485 44 10 13 0.12314495 
44 34 10 13 0.12258442 
105 39 10 13 0.12193587 
519 19 10 12 0.12161748 
518 14 9 12 0.121396355 
897 20 13 16 0.121216044 
39 15 8 10 0.12116055 
257 13 10 12 0.12013392 
574 37 11 13 0.118766814 
570 58 14 17 0.118645355 
526 21 9 10 0.11862379 
180 109 17 19 0.1186081 
716 44 11 14 0.11856358 
230 51 11 15 0.11841133 
223 54 13 15 0.11836883 
445 110 21 29 0.11782301 
212 32 9 11 0.11767928 
585 115 19 26 0.11764953 
846 19 10 12 0.11659058 
305 116 15 22 0.11543629 
530 70 21 25 0.11488485 
238 30 9 11 0.1145926 
1012 117 12 23 0.11438908 
755 68 16 22 0.113569774 
499 58 13 17 0.11346438 
94 30 10 13 0.11310602 
524 146 22 28 0.112980515 
733 0 9 10 0.11283539 
444 23 9 11 0.11170031 
326 28 9 12 0.11112894 
163 45 12 14 0.11091088 
572 46 11 14 0.11086211 
218 17 7 9 0.10995793 
508 78 12 16 0.10986777 
72 16 8 10 0.10915322 
246 17 8 11 0.10897793 
285 29 9 11 0.10773448 
272 43 12 15 0.107355796 
415 44 11 14 0.10673256 
605 1 9 10 0.10649322 
247 1 8 9 0.10639093 
643 47 15 19 0.10597542 
530 61 13 15 0.10555316 
54 16 8 9 0.104789354 
716 6 11 13 0.1047232 
744 82 21 29 0.10443479 
35 47 11 14 0.103591554 
449 97 21 30 0.103503354 
134 22 9 11 0.10339637 
78 21 9 11 0.10284021 
297 31 10 12 0.0990948 
851 195 44 56 0.09902003 
945 69 19 27 0.098965555 
411 207 31 45 0.09766557 
707 47 13 16 0.09738581 
480 44 10 13 0.09683281 
574 20 10 13 0.09647876 
147 64 14 18 0.09608293 
289 22 9 12 0.09482834 
534 32 10 12 0.09284187 
465 37 11 13 0.09223695 
507 54 12 15 0.092160925 
837 11 13 16 0.09193829 
481 99 22 27 0.088884704 
118 45 11 13 0.0885339 
415 15 9 12 0.0881212 
410 100 18 24 0.08761696 
134 7 9 11 0.086940065 
263 123 24 32 0.08655211 
205 6 8 10 0.08625738 
190 118 21 25 0.0862469 
128 32 10 12 0.085854895 
558 106 19 22 0.08538084 
473 8 9 11 0.084771 
565 62 15 20 0.08476677 
232 32 9 10 0.08472906 
723 93 24 29 0.084581316 
242 16 8 10 0.084547244 
143 23 8 11 0.08434503 
271 16 8 11 0.08321384 
233 5 8 10 0.0832012 
990 88 20 29 0.08308641 
701 1 10 10 0.082698904 
812 29 12 15 0.082257956 
328 40 11 13 0.08224477 
582 104 17 21 0.08195277 
223 180 31 35 0.08165541 
83 69 12 15 0.08135059 
125 44 12 14 0.081157036 
265 155 23 36 0.080948494 
74 19 9 12 0.080900066 
555 19 11 13 0.08078952 
350 39 10 13 0.08069326 
999 20 13 18 0.08055282 
699 71 16 19 0.080520384 
483 126 17 23 0.07929059 
1005 12 15 21 0.07850524 
822 81 29 36 0.078438476 
335 29 9 11 0.078427106 
63 39 9 12 0.07834168 
414 30 12 14 0.07815931 
358 30 11 14 0.07812419 
321 24 9 11 0.0779882 
609 43 12 14 0.07793274 
732 5 12 14 0.07765964 
717 35 13 17 0.07741134 
159 22 11 12 0.0771478 
456 30 9 12 0.07710068 
466 106 25 29 0.07681246 
181 35 11 14 0.076258324 
365 28 11 14 0.07573809 
938 68 17 24 0.075245224 
709 28 14 17 0.07507302 
686 84 14 20 0.07478304 
254 39 11 13 0.07465981 
789 42 15 18 0.07449961 
757 37 14 18 0.074034736 
256 190 39 57 0.073968634 
333 1 8 8 0.07389492 
168 31 8 11 0.07375345 
846 30 11 15 0.07372368 
455 107 24 30 0.07340572 
362 158 24 30 0.072797336 
623 46 10 13 0.07268768 
262 85 22 28 0.07234946 
190 11 8 11 0.07225965 
111 23 9 11 0.07207918 
183 12 9 11 0.07200704 
261 30 9 12 0.07180346 
905 120 18 24 0.071309894 
500 28 10 12 0.07079187 
238 6 9 10 0.07046256 
539 114 23 30 0.07034668 
0 172 33 54 0.07000309 
116 52 12 15 0.06954976 
447 61 11 14 0.06898171 
463 22 9 12 0.06798273 
688 5 10 15 0.06796415 
522 43 12 14 0.06708286 
608 22 9 12 0.067016326 
864 31 11 15 0.06669932 
152 8 8 9 0.06654722 
50 14 7 10 0.06593525 
596 38 11 13 0.06567431 
184 25 8 10 0.06534453 
581 0 9 8 0.06496794 
884 68 17 21 0.064617306 
487 39 9 11 0.064581096 
381 44 13 15 0.06384776 
973 96 15 21 0.06316597 
607 52 15 18 0.062850915 
553 75 15 19 0.062821314 
105 23 8 10 0.062745124 
351 27 11 13 0.06252187 
342 30 9 12 0.062078822 
567 24 11 13 0.06198258 
391 29 10 12 0.06186111 
807 57 16 19 0.06145502 
38 21 8 10 0.061432812 
187 80 18 24 0.061237033 
491 31 8 11 0.061219245 
327 16 8 11 0.060844995 
512 39 10 12 0.060677312 
906 373 120 129 0.060664963 
513 31 9 11 0.06031839 
152 50 13 17 0.060131073 
978 92 19 27 0.05991171 
518 32 10 12 0.05965863 
278 24 8 10 0.059459694 
461 97 23 27 0.059178784 
61 115 23 26 0.058833957 
542 31 11 13 0.05860706 
813 68 25 31 0.058512498 
279 195 26 37 0.058349963 
1 50 12 16 0.05817887 
260 38 10 13 0.05807528 
676 52 12 17 0.057885285 
525 37 10 13 0.05766172 
328 2 9 8 0.05764027 
592 40 10 12 0.056861624 
484 249 50 61 0.056746148 
247 38 10 12 0.056671657 
256 22 10 12 0.05645177 
705 74 14 20 0.05644817 
485 8 8 10 0.056407955 
188 30 10 12 0.05614536 
152 13 9 11 0.056072615 
979 0 14 11 0.055910815 
581 40 10 12 0.055582292 
761 72 17 22 0.055478897 
233 166 30 37 0.05544293 
796 35 13 17 0.055424727 
292 45 12 15 0.055384852 
154 56 15 17 0.05525461 
35 61 14 16 0.05514485 
814 105 27 32 0.05481795 
413 20 10 13 0.05480304 
691 107 13 18 0.05453421 
248 31 9 11 0.054423798 
693 90 22 27 0.054378696 
409 140 29 41 0.05432361 
29 31 9 10 0.054307584 
289 6 7 9 0.054304764 
892 41 22 26 0.05402228 
811 65 16 20 0.054021426 
31 57 13 17 0.053976707 
551 8 10 12 0.05393428 
342 24 9 11 0.053550757 
532 55 11 14 0.05338507 
670 15 12 13 0.053224124 
274 6 8 10 0.05314398 
288 16 8 10 0.053096037 
284 39 10 13 0.052533135 
527 32 10 12 0.052452974 
429 46 12 15 0.05234307 
893 55 21 25 0.052304715 
55 21 8 10 0.05221775 
157 14 10 12 0.052206285 
142 15 8 9 0.05208461 
786 75 14 20 0.052050665 
383 11 10 12 0.05196527 
335 24 8 10 0.051872537 
224 31 8 9 0.051512208 
638 4 10 13 0.051332086 
276 160 26 33 0.050887406 
548 31 13 15 0.050756477 
727 8 13 17 0.050573036 
613 73 21 28 0.050519258 
792 47 19 24 0.05041099 
104 76 13 17 0.050303563 
99 55 12 14 0.050153706 
206 22 9 11 0.050060984 
490 87 16 20 0.049850028 
320 272 57 58 0.049659252 
560 8 9 11 0.04946781 
176 7 7 9 0.04928186 
156 67 12 16 0.049053196 
493 37 9 11 0.049036454 
691 40 13 17 0.04889726 
173 52 13 16 0.04864476 
344 7 9 11 0.04835763 
599 13 9 10 0.047872093 
421 44 13 16 0.047836334 
707 55 16 19 0.0476907 
63 15 8 10 0.04738865 
223 21 8 10 0.047382303 
517 7 9 11 0.047258794 
472 17 11 14 0.047113847 
613 38 10 12 0.047089238 
158 28 10 11 0.047016565 
558 45 11 14 0.04696808 
182 186 24 35 0.04692716 
133 29 9 12 0.04662784 
696 5 13 15 0.046122085 
352 15 9 11 0.046097137 
344 357 62 63 0.046084207 
279 71 22 29 0.04604978 
261 58 14 17 0.045923673 
63 31 8 10 0.04590778 
312 24 8 11 0.04586426 
33 22 8 10 0.04559323 
245 45 11 14 0.045439225 
271 28 10 13 0.04543517 
132 76 15 18 0.045364503 
157 8 9 10 0.04534399 
989 140 28 37 0.044891886 
532 43 11 13 0.04468034 
101 29 9 11 0.044579875 
207 15 8 11 0.04415306 
687 24 11 13 0.043800212 
344 67 12 16 0.043795697 
700 6 19 22 0.04374126 
174 60 14 17 0.043735 
726 83 22 26 0.04367297 
180 45 10 12 0.043608017 
463 3 10 11 0.04352038 
375 7 8 9 0.043474134 
303 23 8 11 0.043435868 
504 46 10 12 0.04327809 
223 8 8 9 0.043112427 
80 29 10 11 0.0428931 
299 58 15 19 0.042695493 
217 79 20 27 0.042405277 
28 39 10 12 0.042310175 
386 95 24 31 0.04199704 
732 18 14 19 0.041877054 
470 42 12 14 0.04175037 
290 302 54 73 0.041573733 
421 21 9 12 0.041495033 
535 539 50 39 0.04122552 
457 118 28 34 0.04118604 
310 14 8 10 0.041083213 
246 52 12 15 0.040984876 
911 14 13 14 0.040590465 
200 16 9 11 0.04058743 
128 362 119 92 0.040403765 
399 34 11 13 0.04027954 
215 20 8 11 0.040253058 
24 31 9 10 0.039812025 
748 55 15 19 0.0396937 
279 49 12 16 0.03964626 
946 245 38 47 0.039622344 
646 4 11 13 0.03944377 
906 66 16 21 0.03942923 
446 84 22 26 0.039394658 
336 6 8 10 0.039381754 
31 15 8 10 0.039374284 
600 87 18 22 0.03927197 
572 57 21 25 0.03908329 
600 30 9 12 0.039047193 
455 54 12 17 0.0389889 
667 5 12 13 0.03889055 
1007 5 13 17 0.03883266 
577 0 9 9 0.03858644 
319 2 8 8 0.038525347 
1006 91 20 38 0.038490433 
312 1 8 9 0.03829617 
72 40 12 15 0.038239043 
424 214 33 39 0.038154144 
703 28 12 16 0.038035464 
454 64 15 18 0.037911348 
317 46 11 14 0.037891973 
814 33 14 16 0.037863128 
112 8 7 10 0.037823394 
910 78 19 25 0.037783947 
87 93 19 24 0.037632212 
259 127 17 22 0.03755834 
189 36 9 12 0.037516393 
526 159 25 30 0.037434485 
512 23 9 11 0.03738999 
391 9 8 10 0.037362475 
142 420 65 59 0.03709046 
674 89 13 20 0.037039243 
717 66 16 19 0.036855508 
461 30 10 12 0.03671126 
546 45 12 15 0.036655556 
685 60 13 17 0.036642566 
479 53 14 18 0.036563642 
693 60 14 16 0.03654455 
477 226 43 63 0.036344375 
515 49 14 17 0.036292028 
222 48 11 13 0.036275312 
30 0 8 10 0.036201455 
765 14 12 14 0.036095403 
278 6 8 9 0.03597032 
773 0 10 9 0.035731312 
447 1 8 9 0.035714544 
23 15 8 10 0.03560443 
636 22 11 14 0.03558998 
48 51 10 13 0.03546937 
104 16 7 9 0.035463765 
216 191 27 35 0.035341654 
468 53 12 16 0.035337295 
262 19 9 13 0.03526064 
448 5 10 12 0.03525047 
543 5 10 12 0.03518963 
512 69 11 15 0.035100296 
284 165 32 37 0.035016578 
349 7 9 11 0.03488534 
772 90 26 30 0.034858603 
225 37 8 11 0.0348031 
306 123 21 28 0.034690257 
256 162 40 52 0.034612816 
116 22 9 12 0.034539253 
384 49 13 18 0.034458883 
684 53 11 15 0.03442754 
415 50 12 15 0.03435184 
628 53 18 25 0.034332573 
486 336 92 104 0.03424593 
820 30 13 15 0.034163445 
1002 122 21 31 0.034142528 
453 14 8 11 0.03393316 
214 44 11 14 0.03386676 
16 29 8 10 0.03383615 
150 24 10 12 0.0338286 
517 69 16 20 0.03376717 
135 39 10 12 0.033698544 
350 52 11 13 0.033658538 
167 15 9 11 0.033548914 
658 27 12 15 0.033500653 
407 0 9 9 0.03348285 
190 23 8 10 0.033385217 
627 138 13 18 0.033358205 
571 29 11 14 0.03321961 
274 34 19 23 0.03299798 
62 43 11 16 0.032994967 
869 6 11 13 0.032937586 
343 12 9 11 0.032901395 
453 6 10 11 0.032877628 
688 0 9 11 0.032861773 
759 82 23 29 0.032826684 
432 172 28 35 0.032748044 
310 56 16 20 0.032726634 
1005 78 14 16 0.032704797 
613 0 11 11 0.032667305 
949 1 11 10 0.03255361 
667 169 32 40 0.03246566 
7 60 13 16 0.032275677 
48 9 8 10 0.03200771 
40 9 9 10 0.03200125 
338 288 55 63 0.03184702 
231 24 8 9 0.031802826 
308 179 21 26 0.03173263 
88 31 10 12 0.031609826 
447 369 89 115 0.031469177 
820 51 14 16 0.03128293 
278 15 9 11 0.03124528 
552 1 8 9 0.031224174 
56 45 10 14 0.031222178 
476 33 9 10 0.031035736 
144 8 9 11 0.031003794 
558 36 10 14 0.030864578 
457 0 9 10 0.0304449 
955 157 16 22 0.030425657 
176 56 20 24 0.03034942 
733 33 13 19 0.030343147 
399 9 9 10 0.030311354 
295 15 7 10 0.03030306 
497 2 9 9 0.030221615 
26 6 9 11 0.030075971 
363 85 17 23 0.030039381 
312 7 8 10 0.03003541 
775 4 11 13 0.029899606 
92 334 41 62 0.029806815 
336 15 8 10 0.029764054 
483 114 15 20 0.029687976 
226 57 14 19 0.029687112 
395 48 11 14 0.029640885 
141 32 18 22 0.029611591 
547 33 18 23 0.029583609 
542 1 9 10 0.029493209 
409 15 9 12 0.029470664 
335 116 24 31 0.029382551 
210 167 27 37 0.029364023 
828 178 29 40 0.029311499 
406 89 15 18 0.029297704 
153 1 8 8 0.029217774 
562 30 20 22 0.02916194 
70 8 8 9 0.029146945 
49 21 9 11 0.029123165 
720 339 83 113 0.029120281 
538 152 16 21 0.029115342 
514 11 10 13 0.029033266 
304 14 7 10 0.02901742 
837 51 22 27 0.028996088 
823 113 27 32 0.02898035 
529 85 15 19 0.028937869 
655 64 16 20 0.028703941 
717 116 31 37 0.028666489 
62 21 8 11 0.0285218 
592 4 11 12 0.028504236 
693 68 15 17 0.028480407 
711 2 11 12 0.028468248 
894 33 17 20 0.028406449 
429 49 19 23 0.02818922 
195 110 15 20 0.028147249 
930 122 30 38 0.028009642 
840 17 12 16 0.02791443 
157 39 13 16 0.027908366 
95 15 8 10 0.027728917 
242 10 18 23 0.027694186 
511 1 9 9 0.027659636 
594 60 12 17 0.027603287 
503 52 20 25 0.027549222 
948 37 11 15 0.027471252 
445 48 10 12 0.027459737 
356 15 9 11 0.027455537 
207 43 12 14 0.027438853 
696 52 12 16 0.027386788 
628 46 13 15 0.027350433 
118 14 8 11 0.027277226 
227 74 14 17 0.027213715 
528 323 58 88 0.027056988 
518 124 33 46 0.027004639 
367 91 25 31 0.026858436 
376 27 19 22 0.026798835 
533 23 10 11 0.026794938 
287 1 8 9 0.026788402 
382 59 13 17 0.02672359 
680 35 11 15 0.026715016 
693 23 12 14 0.026713744 
717 23 11 15 0.0265589 
518 94 16 21 0.026544975 
310 319 52 65 0.02639205 
1011 40 13 22 0.026356215 
349 307 56 72 0.026266037 
558 0 8 9 0.026245246 
286 181 42 56 0.026208505 
256 41 19 23 0.026190246 
493 45 11 13 0.026101025 
594 0 9 10 0.026051586 
118 31 9 11 0.025944497 
646 40 12 14 0.02591027 
309 66 14 19 0.025896126 
368 109 25 34 0.02585245 
61 70 16 22 0.025694326 
998 202 26 42 0.025666902 
744 11 11 16 0.025634771 
0 136 43 60 0.025610412 
445 53 12 16 0.02553653 
86 14 8 10 0.025530593 
416 7 8 11 0.025444206 
313 292 55 68 0.025433011 
341 61 12 16 0.02541586 
633 117 24 31 0.025398098 
74 102 17 23 0.025336733 
504 38 10 12 0.025225308 
532 13 9 12 0.025096415 
6 39 9 12 0.025079885 
895 204 33 49 0.024996294 
411 222 41 60 0.024948452 
653 34 12 15 0.024933785 
809 20 12 15 0.024922526 
337 383 57 76 0.024906324 
837 29 12 16 0.024900632 
25 0 9 10 0.02485346 
333 49 13 17 0.024821017 
486 261 16 27 0.024617897 
56 38 10 12 0.024536083 
465 81 14 18 0.024469825 
96 24 9 10 0.024462514 
915 120 30 40 0.024438342 
256 140 24 35 0.024296856 
2 124 15 19 0.0242552 
65 9 8 10 0.024241537 
256 263 55 66 0.024207383 
401 129 27 37 0.024153423 
831 29 12 16 0.024149619 
667 0 11 11 0.024111206 
475 100 18 21 0.024079941 
677 15 9 12 0.024076164 
668 16 19 23 0.024074743 
749 115 22 30 0.02407128 
731 52 13 17 0.023973374 
341 74 16 18 0.023965426 
455 22 10 13 0.023933312 
561 51 12 15 0.023918869 
240 1 9 9 0.023918618 
332 118 38 48 0.023848135 
623 -4 21 22 0.023634173 
420 14 10 12 0.02360198 
346 159 27 31 0.023527138 
267 50 13 16 0.023506947 
963 77 22 32 0.023447461 
652 45 12 16 0.023424082 
454 47 11 13 0.023376144 
448 14 9 12 0.023352591 
749 31 16 20 0.023335828 
494 15 20 24 0.023245724 
179 327 104 111 0.02311149 
965 52 11 15 0.023088591 
359 6 8 10 0.023047011 
307 109 13 18 0.02304178 
313 25 18 23 0.02298632 
495 2 18 23 0.022983933 
651 103 24 31 0.022963518 
743 5 11 15 0.02291158 
991 16 23 29 0.022905638 
19 55 13 16 0.02290465 
805 125 23 32 0.022903074 
773 97 15 18 0.022849232 
653 87 16 19 0.022820376 
963 96 23 30 0.022761637 
41 30 10 13 0.022724126 
463 45 11 14 0.022698434 
945 164 30 41 0.022684766 
438 63 13 17 0.022664225 
6 31 9 11 0.022569172 
295 7 7 9 0.02253854 
470 54 20 26 0.02253214 
204 60 13 16 0.022526331 
406 50 11 15 0.022500284 
303 0 9 9 0.022386279 
647 13 13 16 0.022358855 
289 196 18 24 0.022340657 
177 22 9 11 0.022316195 
321 16 8 11 0.022274313 
700 380 55 75 0.022263296 
276 162 15 22 0.022238152 
566 109 25 30 0.022107918 
432 138 16 22 0.02210278 
312 180 33 42 0.022055002 
851 36 11 15 0.022004636 
887 19 12 17 0.021997217 
865 5 11 13 0.021946346 
415 1 8 9 0.021929257 
225 448 131 136 0.021894487 
303 73 19 25 0.021832036 
104 8 8 9 0.021803474 
591 28 10 13 0.021745073 
383 0 8 9 0.021569699 
80 0 9 9 0.0215144 
678 26 11 16 0.021505788 
470 3 19 22 0.021468168 
125 51 12 15 0.021402508 
942 58 15 20 0.02136475 
329 40 17 21 0.021332644 
365 340 42 50 0.021276645 
840 0 9 9 0.021276077 
621 38 11 14 0.0212514 
71 31 8 11 0.021244949 
573 6 10 11 0.02121693 
231 37 19 22 0.02120479 
435 139 30 37 0.02114204 
51 51 13 16 0.021137817 
201 1 8 9 0.02111764 
581 20 11 14 0.021060396 
546 21 9 12 0.02105113 
184 1 17 23 0.02103549 
2 18 9 14 0.021025354 
369 65 16 20 0.020898987 
938 86 15 22 0.020779086 
668 56 18 23 0.020686852 
208 123 25 29 0.02060005 
218 204 30 44 0.020541925 
768 48 15 19 0.02053981 
103 68 14 17 0.020468952 
649 138 15 20 0.020418908 
358 1 8 8 0.020383727 
462 437 57 59 0.020339886 
167 0 9 9 0.020333573 
14 7 9 10 0.02030841 
19 34 18 23 0.02028306 
23 89 23 31 0.020263981 
698 104 17 22 0.020126147 
581 92 15 18 0.02011976 
756 57 16 19 0.020111533 
