2_Demonstration_Political_Rally_2_107
150
227 490 29 36 0.999411 
164 591 62 73 0.99812585 
235 562 44 53 0.98065186 
860 504 22 33 0.9770922 
734 558 38 46 0.8804057 
519 538 61 92 0.84859574 
640 488 87 109 0.6379644 
922 538 20 26 0.43818086 
286 495 21 30 0.37972248 
259 493 23 28 0.27609745 
274 493 19 29 0.25913888 
819 519 12 15 0.2545214 
962 590 27 40 0.21414578 
296 489 25 30 0.19073632 
133 511 26 34 0.17130846 
840 499 16 21 0.13537356 
173 499 23 26 0.12667327 
137 522 31 42 0.12495479 
935 490 12 16 0.12008667 
202 478 23 27 0.11106782 
893 606 37 42 0.110216126 
355 521 14 21 0.11002707 
135 583 33 50 0.10309271 
841 477 8 10 0.10200949 
700 510 32 49 0.10107857 
809 481 9 11 0.09022513 
169 523 30 34 0.08783289 
886 343 11 12 0.08623773 
792 499 10 12 0.08248072 
972 542 18 22 0.08189026 
326 513 23 31 0.08153445 
965 576 43 66 0.079413846 
6 464 63 82 0.06958918 
958 534 14 18 0.06742213 
710 545 59 74 0.066017576 
765 508 10 12 0.06338727 
332 507 15 19 0.061675683 
261 485 16 18 0.061533213 
796 495 9 12 0.059687648 
683 493 54 80 0.05762798 
917 509 15 18 0.055422395 
813 485 10 12 0.053626057 
840 494 12 14 0.053244438 
607 514 135 129 0.053018168 
944 595 49 55 0.052657437 
887 478 14 16 0.051594183 
832 523 13 18 0.050653096 
856 461 8 9 0.050358027 
346 519 20 26 0.049223598 
794 486 8 10 0.047421113 
922 523 17 21 0.045017984 
751 494 8 11 0.044703275 
898 611 66 58 0.044468816 
981 577 13 19 0.04408331 
306 485 17 22 0.04268705 
567 516 111 121 0.04196031 
265 499 24 31 0.041187678 
872 511 17 24 0.04006079 
840 485 10 13 0.03991419 
492 539 62 89 0.039737724 
800 461 9 10 0.03942583 
813 499 10 13 0.039040096 
120 511 50 68 0.038957763 
964 536 21 25 0.03846889 
334 515 27 34 0.03841309 
975 534 15 17 0.0379752 
878 364 10 12 0.037470035 
878 467 10 13 0.036257878 
634 572 132 109 0.036013626 
846 496 23 31 0.034245815 
821 487 10 11 0.03356442 
822 463 8 10 0.033406556 
913 643 60 53 0.033133347 
894 501 11 16 0.033011604 
146 573 54 69 0.03289557 
861 485 11 15 0.032194458 
845 471 9 12 0.032030024 
792 470 7 10 0.03133918 
818 464 8 9 0.030955115 
901 540 26 31 0.030205045 
146 512 26 35 0.030159099 
849 463 8 9 0.029692223 
912 514 14 18 0.029554205 
228 638 29 40 0.029500045 
313 492 17 22 0.029488323 
543 567 34 57 0.02929811 
750 617 56 81 0.029238278 
871 590 85 101 0.028902214 
160 498 44 46 0.02848701 
392 506 14 15 0.028427236 
685 552 98 103 0.02836205 
798 480 8 10 0.02823572 
390 508 42 51 0.02810413 
901 490 11 15 0.027879804 
922 512 15 19 0.027694138 
928 531 16 20 0.027568646 
786 631 37 55 0.026664801 
817 525 17 20 0.026615428 
887 602 28 35 0.02661153 
794 480 7 10 0.025797071 
326 506 15 20 0.025662048 
358 500 12 14 0.025372114 
737 495 9 12 0.02518072 
871 478 9 12 0.024944065 
925 635 38 41 0.024897771 
247 492 26 34 0.024896888 
918 531 18 22 0.024722282 
770 534 24 31 0.0246609 
973 578 23 38 0.024592528 
810 494 10 14 0.024581388 
412 523 29 35 0.024507282 
361 521 17 22 0.024310278 
965 416 14 16 0.024174182 
799 556 28 34 0.024118884 
295 501 19 24 0.023871027 
7 437 60 68 0.023634534 
137 538 50 60 0.023391606 
164 522 18 24 0.02332527 
337 513 16 23 0.023273144 
830 517 12 15 0.023148784 
828 537 16 19 0.02304224 
934 514 12 16 0.022768978 
773 509 9 12 0.022693122 
273 565 32 46 0.022552324 
879 483 11 15 0.022468518 
880 414 9 12 0.022453865 
835 514 16 20 0.022344247 
797 524 14 16 0.022331333 
388 502 25 28 0.022260927 
815 511 11 13 0.022090852 
816 470 8 10 0.021763694 
323 493 13 18 0.021734102 
317 493 23 30 0.021667477 
340 504 24 30 0.021451786 
901 375 11 13 0.021245833 
394 605 20 23 0.021153653 
856 359 9 11 0.020957181 
149 527 37 43 0.020909045 
819 500 11 13 0.020866381 
925 501 11 15 0.020816453 
150 498 13 15 0.020808425 
824 480 8 11 0.020716628 
132 499 13 16 0.020651495 
184 503 17 19 0.020548632 
559 572 60 89 0.020527681 
707 595 91 105 0.02051619 
882 408 9 10 0.020452496 
238 633 35 45 0.020085074 
957 542 16 20 0.020083182 
870 483 10 14 0.020014087 
