2_Demonstration_Protesters_2_293
219
222 522 89 107 0.9990746 
289 431 56 76 0.9990564 
794 455 57 77 0.99852103 
456 434 53 77 0.9977628 
91 345 43 68 0.9966737 
540 458 73 99 0.99576676 
861 458 79 93 0.9955512 
164 375 38 54 0.99145633 
562 413 49 64 0.99051183 
479 365 42 52 0.98260766 
838 592 66 111 0.9753425 
354 364 31 47 0.95434874 
606 385 32 53 0.94813323 
42 328 36 50 0.8741336 
674 356 29 38 0.7687047 
547 356 33 38 0.74837905 
734 517 50 86 0.63145435 
410 337 33 43 0.6313546 
246 459 42 56 0.5618433 
412 468 43 86 0.554256 
840 399 47 50 0.49400568 
117 275 14 20 0.3905616 
49 304 41 53 0.36581758 
658 462 46 53 0.29412213 
580 329 18 23 0.28981367 
316 344 17 21 0.23478414 
863 394 36 48 0.22972842 
746 414 47 61 0.2242551 
339 311 24 29 0.2150063 
0 365 19 39 0.21055353 
103 286 22 33 0.19841968 
1 305 16 22 0.17057547 
677 452 46 53 0.1696009 
-3 374 34 62 0.16379064 
595 284 27 33 0.163226 
566 330 24 29 0.16168666 
131 360 30 46 0.16000527 
443 269 14 17 0.14029072 
586 386 44 62 0.13550115 
369 376 30 37 0.13129751 
356 293 17 22 0.12768613 
298 355 14 17 0.12238853 
397 350 12 15 0.122164324 
642 463 37 45 0.11281625 
560 360 20 24 0.11117583 
75 268 14 18 0.108444974 
42 366 34 56 0.10837819 
713 533 52 71 0.09285525 
793 374 22 29 0.0911386 
443 318 16 19 0.091099195 
878 325 10 15 0.09067339 
184 336 30 42 0.09060434 
584 292 23 32 0.088664316 
929 255 16 19 0.08488949 
826 406 46 54 0.08480851 
646 220 39 45 0.08419669 
157 291 25 34 0.07937639 
599 322 13 18 0.07649595 
109 279 15 25 0.0746272 
625 325 38 52 0.07407469 
724 423 47 60 0.07372642 
690 435 43 53 0.071554095 
752 282 24 33 0.07142666 
2 428 45 90 0.06950636 
560 339 26 35 0.06943534 
260 423 12 14 0.067627944 
56 311 22 28 0.06754348 
26 366 37 62 0.06287066 
584 333 23 31 0.062767096 
764 341 11 16 0.057159524 
745 484 49 79 0.05569168 
69 273 18 22 0.053678893 
419 334 42 58 0.04834918 
576 367 26 33 0.047936115 
441 256 21 27 0.047523785 
508 373 29 40 0.047404826 
826 403 29 36 0.047115326 
587 302 15 19 0.04608997 
996 353 31 43 0.045786176 
873 318 9 13 0.04560225 
588 418 34 50 0.04437381 
411 339 19 26 0.04428993 
565 179 26 33 0.044267997 
560 366 29 35 0.042579 
640 333 44 54 0.042058807 
651 320 57 71 0.042050373 
803 374 13 20 0.041682236 
716 286 11 16 0.041579273 
66 306 17 21 0.041496202 
429 331 27 37 0.041462652 
754 339 24 35 0.041392647 
421 456 31 58 0.040483113 
806 335 10 13 0.039382204 
-1 357 14 24 0.039112605 
602 331 13 17 0.039068192 
51 343 44 64 0.038780253 
656 368 31 37 0.038620565 
292 348 22 28 0.03812848 
818 462 55 71 0.03786185 
839 493 39 48 0.037630163 
595 328 15 22 0.037489247 
372 493 55 74 0.03732575 
261 433 44 62 0.037151724 
101 284 16 23 0.037082538 
780 327 11 13 0.036707643 
51 298 25 33 0.036328334 
123 340 34 53 0.036180366 
689 319 10 13 0.03608544 
524 368 32 39 0.035801783 
728 414 27 42 0.035732485 
173 334 29 36 0.03512451 
603 277 14 16 0.034911778 
839 332 13 16 0.034831095 
230 478 64 85 0.0346469 
600 358 27 31 0.03441602 
328 292 41 57 0.03421476 
123 271 12 17 0.03338243 
114 361 37 50 0.03335256 
581 353 27 35 0.033318754 
348 296 23 32 0.032957014 
441 256 10 12 0.03281226 
277 360 13 19 0.032703426 
820 347 11 15 0.032696933 
138 381 17 24 0.03198861 
710 274 11 14 0.031809937 
64 259 12 15 0.03169241 
770 266 15 19 0.031482644 
735 453 52 75 0.030681044 
857 341 10 16 0.030471077 
1 168 23 33 0.030467823 
463 351 44 60 0.030108063 
442 329 17 22 0.030000698 
812 397 26 39 0.029999748 
379 384 17 24 0.029637538 
35 350 28 46 0.029037632 
74 307 14 18 0.029008904 
368 402 28 31 0.028975235 
767 272 15 19 0.02884941 
606 289 20 22 0.02854044 
406 344 17 25 0.028313495 
-2 440 30 63 0.028190443 
283 333 42 49 0.027959632 
275 324 11 16 0.027949087 
165 285 15 19 0.027917322 
138 378 31 42 0.027914623 
588 341 27 34 0.027746335 
289 382 31 38 0.027523603 
101 329 31 44 0.027342394 
783 375 40 53 0.027185107 
202 336 29 40 0.027038401 
436 306 23 33 0.026648976 
590 376 30 41 0.026509425 
657 313 13 15 0.026248962 
620 388 15 24 0.026212126 
958 481 48 73 0.026088137 
575 341 25 33 0.025970247 
569 352 18 25 0.025922352 
696 374 26 40 0.025806362 
0 227 12 19 0.025656376 
788 339 11 14 0.025538776 
51 319 20 26 0.025448935 
145 367 35 43 0.02528296 
621 338 26 35 0.025203127 
811 340 24 30 0.025174038 
593 303 24 34 0.02511467 
755 403 33 48 0.025106862 
832 349 10 14 0.024697931 
558 260 13 15 0.024630912 
249 416 27 32 0.024369437 
515 378 18 23 0.02435053 
576 250 12 15 0.024168791 
177 329 17 19 0.024022842 
19 379 29 40 0.0239658 
61 255 22 26 0.023874398 
923 250 43 52 0.023815561 
715 376 17 23 0.023665743 
440 260 13 17 0.023369508 
709 377 27 40 0.02334167 
159 339 27 33 0.022979243 
803 412 47 60 0.02293555 
679 343 44 56 0.02278314 
280 353 22 33 0.022762114 
871 327 13 18 0.022529626 
763 406 45 58 0.022524856 
635 220 25 34 0.02251898 
690 548 57 70 0.022463711 
132 23 57 74 0.022309024 
722 379 32 45 0.022307184 
619 370 42 60 0.022278178 
965 554 51 76 0.022213172 
352 310 17 25 0.022190675 
637 380 31 40 0.021996224 
651 141 16 21 0.021940466 
110 303 41 57 0.021902384 
485 233 10 16 0.02184952 
462 361 13 18 0.021836266 
895 316 12 15 0.021829844 
410 362 30 37 0.021785846 
292 354 30 39 0.021592302 
710 260 13 19 0.021582076 
5 417 85 114 0.021578843 
453 258 14 16 0.021476468 
41 395 35 49 0.021468934 
928 315 30 37 0.02138769 
584 519 34 45 0.021278894 
113 295 14 22 0.02103507 
10 465 49 82 0.021004949 
304 349 25 30 0.020823427 
771 259 14 17 0.020727588 
221 455 50 66 0.02070541 
901 413 11 15 0.020689871 
70 281 25 30 0.020660505 
399 358 13 18 0.020653043 
574 244 13 15 0.020519968 
434 246 39 50 0.020438584 
765 423 55 73 0.020333085 
159 342 12 18 0.020134807 
-6 401 42 88 0.020075962 
-2 229 21 31 0.020060247 
