2_Demonstration_Demonstration_Or_Protest_2_655
103
278 111 26 31 0.97696495 
683 65 24 32 0.8797368 
511 96 24 31 0.7459174 
76 185 12 16 0.7313059 
628 125 13 15 0.46434146 
86 129 11 14 0.2924336 
477 54 23 30 0.19806184 
226 105 15 19 0.13290957 
288 62 9 13 0.12672341 
16 214 20 26 0.10082917 
14 176 10 14 0.1003508 
495 5 15 17 0.09966117 
808 157 10 13 0.092954546 
632 120 17 18 0.08639488 
479 42 15 20 0.086353496 
252 97 12 16 0.0804275 
336 114 11 16 0.072192505 
82 188 42 55 0.066455 
100 192 44 57 0.06106781 
340 387 39 44 0.05685243 
969 55 8 11 0.056476373 
44 210 15 21 0.056157865 
550 123 12 14 0.05431291 
262 100 11 15 0.05427441 
709 60 15 22 0.0524804 
-33 300 360 455 0.050707802 
615 36 11 16 0.04995816 
490 9 24 29 0.04987899 
15 213 13 18 0.047398202 
163 207 31 44 0.044550303 
375 374 36 31 0.042975668 
555 126 10 12 0.04258783 
221 92 15 16 0.041855056 
118 201 37 44 0.04179939 
282 68 10 12 0.040443484 
20 205 15 18 0.03981084 
174 154 29 33 0.039339054 
42 223 16 19 0.03904407 
74 180 20 25 0.036313828 
323 100 25 33 0.036199804 
464 40 38 50 0.03618979 
234 107 12 16 0.03592715 
290 58 8 10 0.035059996 
544 117 13 17 0.034782052 
26 223 18 20 0.034287583 
37 205 13 18 0.033804704 
24 212 17 18 0.03375474 
24 132 10 12 0.033713523 
30 181 9 10 0.033570003 
293 200 9 12 0.03349034 
624 128 13 17 0.03204119 
691 59 24 31 0.031872235 
91 99 12 15 0.0318673 
224 88 11 13 0.031833675 
859 6 12 13 0.03164114 
822 86 37 53 0.03129653 
781 44 11 14 0.031092133 
123 68 27 35 0.030666726 
32 217 22 26 0.030031709 
554 131 13 16 0.02916151 
553 72 25 38 0.028120752 
317 84 42 55 0.027646566 
108 123 54 60 0.02763183 
176 85 11 13 0.027475499 
173 53 11 13 0.027334126 
737 574 8 10 0.027009415 
522 89 17 23 0.026436096 
283 99 37 47 0.025833217 
158 62 12 15 0.0257667 
51 424 214 266 0.025679056 
126 224 45 58 0.025677532 
30 195 12 15 0.025577761 
27 204 15 17 0.025474392 
726 567 9 10 0.025048487 
177 177 25 33 0.025026925 
256 95 20 25 0.025002915 
218 92 23 25 0.02494569 
887 511 8 10 0.02440267 
832 528 8 9 0.02395974 
29 128 10 12 0.023364706 
879 533 9 9 0.023357634 
768 520 7 9 0.023336817 
358 390 35 32 0.023032742 
721 566 8 10 0.022773437 
20 179 9 13 0.022464655 
647 27 185 234 0.02242999 
887 552 8 9 0.022417791 
318 331 17 20 0.02218642 
710 566 8 10 0.022108648 
266 101 13 17 0.022011273 
860 94 38 51 0.021501794 
896 543 7 8 0.021472238 
90 124 13 16 0.02091482 
838 568 7 9 0.020881012 
60 61 11 12 0.020825967 
887 519 8 9 0.020741966 
13 196 12 16 0.020630162 
254 87 9 11 0.020619493 
261 95 10 14 0.020493148 
94 108 87 103 0.020471955 
45 171 9 12 0.020391755 
790 560 8 9 0.020357568 
351 200 11 14 0.020105543 
