2_Demonstration_Protesters_2_912
294
880 333 25 33 0.9990864 
835 326 29 35 0.99632806 
146 433 23 30 0.9910986 
478 309 26 33 0.98753196 
42 348 15 19 0.98703593 
721 279 29 41 0.9837144 
252 337 17 21 0.9767645 
169 361 18 23 0.954792 
996 351 23 29 0.9498665 
525 317 14 19 0.94382274 
548 314 18 22 0.90694505 
647 347 13 17 0.8971045 
599 319 21 29 0.71182275 
951 311 12 15 0.6904411 
64 348 10 16 0.6322089 
936 336 21 27 0.6306063 
367 326 13 16 0.62036866 
354 350 16 20 0.5857855 
260 389 20 35 0.53762054 
439 314 10 14 0.502142 
115 370 19 22 0.47103372 
757 357 13 15 0.42965955 
787 332 18 22 0.42738897 
191 338 12 16 0.40681785 
643 550 16 20 0.35162032 
618 323 13 17 0.33953425 
653 326 12 15 0.33425707 
511 309 10 14 0.32848185 
919 341 12 18 0.32771644 
288 318 9 13 0.31842652 
637 324 9 12 0.30887005 
405 483 15 21 0.3047314 
232 372 20 28 0.2924096 
513 338 18 24 0.28594145 
325 343 10 13 0.2850986 
812 286 10 11 0.2562306 
341 330 9 12 0.24591513 
395 310 9 11 0.23273441 
327 410 12 17 0.22566052 
270 394 21 33 0.18182494 
655 318 11 13 0.17085867 
420 303 9 13 0.16096799 
179 523 14 16 0.15012231 
528 293 11 14 0.1478897 
390 302 9 11 0.13703278 
268 318 9 12 0.13658364 
284 408 15 21 0.13390808 
714 368 15 18 0.13275596 
293 323 9 11 0.12991409 
296 304 8 10 0.12343839 
302 347 12 16 0.11474853 
496 285 8 10 0.114343025 
683 310 16 19 0.10942924 
565 319 13 19 0.10593187 
303 396 11 15 0.09948845 
457 322 22 30 0.09420265 
329 302 9 10 0.09293855 
390 269 8 10 0.09224606 
573 295 9 13 0.08983259 
393 315 9 11 0.08880266 
842 377 15 20 0.088562906 
723 276 17 22 0.088024594 
409 331 11 15 0.08777591 
200 354 13 18 0.087136246 
447 298 11 15 0.086919226 
631 325 11 13 0.08671057 
659 323 11 15 0.08660115 
389 284 10 12 0.0864064 
334 311 8 11 0.08387851 
661 317 10 13 0.08267055 
648 332 14 17 0.08258806 
297 309 9 12 0.0819121 
711 281 26 36 0.08042521 
312 308 8 10 0.07792906 
269 335 11 15 0.07682735 
612 325 13 20 0.0765791 
292 404 14 18 0.07456147 
254 395 17 23 0.07210398 
412 327 11 14 0.07033069 
348 361 15 18 0.06754251 
369 308 10 12 0.06738029 
240 331 9 12 0.06674673 
397 341 10 13 0.066386044 
922 336 18 27 0.066149846 
180 355 15 19 0.06613089 
410 316 10 12 0.06592288 
598 308 14 18 0.06361025 
316 450 16 20 0.06271204 
230 381 15 25 0.061987083 
963 377 25 27 0.06074834 
974 307 13 17 0.059905548 
443 310 11 17 0.059488934 
970 395 24 28 0.05929653 
631 332 10 14 0.059077796 
439 287 9 11 0.056669246 
434 315 11 14 0.05572222 
282 317 9 12 0.054892424 
288 302 8 10 0.05481345 
282 425 15 21 0.054470103 
301 404 11 15 0.05433026 
599 303 11 13 0.053738628 
386 302 8 10 0.05276872 
361 287 8 10 0.052327167 
344 348 21 27 0.051805563 
529 273 8 10 0.051699586 
457 277 8 10 0.051317524 
302 304 8 10 0.050915997 
331 309 8 11 0.05066786 
352 308 8 11 0.050440665 
792 529 16 22 0.04981228 
982 345 12 19 0.049428046 
346 302 8 10 0.049117427 
781 340 19 27 0.04887757 
198 343 15 21 0.04877438 
513 272 8 10 0.04876723 
500 314 12 17 0.04776662 
417 296 8 11 0.0474142 
374 320 11 14 0.047304247 
265 322 10 14 0.047008052 
234 384 21 30 0.046954323 
390 342 14 16 0.04660921 
515 309 12 15 0.046435263 
360 296 8 9 0.045401987 
911 344 15 20 0.044936493 
359 302 8 11 0.044433758 
568 297 11 14 0.044185355 
388 294 10 13 0.043999534 
639 313 9 11 0.04388727 
374 304 8 10 0.04382648 
512 288 9 11 0.04362409 
304 295 7 9 0.042652942 
890 426 13 18 0.04222573 
311 294 8 9 0.0413004 
285 287 8 10 0.041235898 
621 294 9 12 0.041010994 
390 264 8 10 0.040664338 
351 296 8 10 0.040506717 
590 309 14 17 0.040395577 
327 335 9 12 0.040269017 
186 344 15 20 0.040158693 
321 342 18 24 0.040043935 
968 308 12 15 0.039801676 
668 315 13 16 0.039347857 
776 332 11 14 0.03904244 
709 294 14 21 0.038807396 
555 313 20 26 0.038523287 
945 309 12 15 0.03817328 
175 579 11 12 0.03812727 
433 288 9 10 0.037481867 
516 350 14 19 0.03742491 
516 302 11 14 0.0373451 
303 270 8 10 0.037218314 
663 577 14 16 0.037183736 
52 348 12 17 0.037056413 
641 538 17 19 0.036855154 
800 300 12 16 0.036758937 
301 317 8 11 0.036754295 
398 327 10 12 0.036539927 
6 644 12 17 0.036508776 
810 289 14 16 0.036429405 
375 495 14 18 0.03598281 
658 330 13 16 0.035869464 
791 335 22 27 0.035533838 
350 302 9 11 0.035282042 
302 336 8 11 0.03486435 
221 385 21 29 0.034335803 
345 296 7 10 0.034013726 
343 310 9 11 0.033752255 
339 336 21 27 0.033666573 
206 329 15 20 0.033633348 
571 321 13 19 0.033287376 
298 466 15 17 0.03322359 
332 418 11 15 0.033083845 
416 309 10 12 0.032582276 
645 357 14 19 0.032309998 
489 279 8 10 0.03217762 
630 338 12 15 0.032123826 
142 408 16 19 0.03209436 
534 272 8 10 0.031721126 
590 308 23 30 0.031639274 
844 288 9 11 0.031614423 
130 370 14 19 0.031563602 
329 295 9 11 0.03137138 
351 482 11 13 0.03130389 
287 312 9 12 0.03081379 
983 352 15 22 0.030717954 
453 294 10 14 0.030634906 
502 287 7 10 0.030590795 
548 324 16 21 0.03003413 
368 304 9 11 0.029928142 
231 327 10 13 0.02967116 
401 465 24 38 0.0296181 
445 285 8 11 0.029114228 
535 337 13 18 0.028998924 
142 419 25 31 0.028978653 
577 271 7 9 0.028946716 
263 379 13 20 0.028940126 
1011 408 11 18 0.028744994 
509 320 13 17 0.028710868 
312 318 9 11 0.028472811 
358 319 10 12 0.028403394 
581 323 14 21 0.028398016 
312 288 8 11 0.028245158 
359 309 8 10 0.027805818 
393 456 9 11 0.02778987 
661 346 12 15 0.027659683 
553 284 9 11 0.027344188 
589 321 16 23 0.027308023 
297 348 11 15 0.027227458 
280 312 10 12 0.027102156 
380 323 11 13 0.026877193 
339 431 11 15 0.026768373 
198 318 9 11 0.026603736 
319 334 9 12 0.026601875 
333 287 9 11 0.026595548 
281 287 9 12 0.026537865 
918 389 13 16 0.026519954 
901 317 12 15 0.026322067 
693 284 11 13 0.026215114 
798 286 9 13 0.026172524 
214 389 20 29 0.026017984 
583 310 11 15 0.026011953 
333 294 9 11 0.025891824 
185 334 13 16 0.025502885 
520 291 10 14 0.025463138 
327 335 20 26 0.025356388 
457 286 8 10 0.025280714 
357 367 12 16 0.02519289 
618 299 10 13 0.025159627 
513 278 8 10 0.024859084 
342 317 10 11 0.024687387 
979 400 25 31 0.02467255 
705 483 160 190 0.02456627 
543 284 9 11 0.024504274 
663 312 10 12 0.024488201 
309 342 10 14 0.024330666 
122 366 18 22 0.024250517 
245 395 16 20 0.024218617 
328 399 11 18 0.024189856 
311 478 13 15 0.024099357 
565 312 11 15 0.024046918 
433 292 11 13 0.02400682 
294 271 8 10 0.023959806 
407 336 11 16 0.023931641 
774 327 11 13 0.023898082 
553 272 8 10 0.023836993 
631 527 24 29 0.023830915 
775 328 23 26 0.023745283 
356 341 14 18 0.023727704 
968 401 14 19 0.023720205 
390 304 17 23 0.023700802 
472 321 26 33 0.02361963 
462 277 8 10 0.023536716 
280 323 10 13 0.02336402 
286 334 10 12 0.023334214 
852 297 22 26 0.023235276 
378 278 8 11 0.023223132 
659 365 14 16 0.023130657 
296 333 9 11 0.023073813 
351 342 13 17 0.022992017 
507 304 21 27 0.022942884 
383 279 10 12 0.022939928 
447 279 8 11 0.022899948 
513 334 13 17 0.022885025 
632 319 18 23 0.022841668 
997 394 24 36 0.022838246 
665 313 21 26 0.022675015 
775 348 22 28 0.022664543 
653 363 15 18 0.022644829 
329 288 8 10 0.022510659 
304 288 8 11 0.022324754 
319 253 10 12 0.022312768 
661 357 13 17 0.022290561 
343 362 14 18 0.022223547 
990 354 18 21 0.021926533 
398 333 11 15 0.021733122 
772 292 11 12 0.021731678 
532 309 12 16 0.021677893 
366 320 13 16 0.021605873 
802 295 21 24 0.021443095 
413 499 12 15 0.021174263 
253 317 10 13 0.020996042 
794 324 17 19 0.020980975 
591 302 10 12 0.020975126 
532 333 22 27 0.020886663 
751 360 14 16 0.020856105 
462 286 9 10 0.020847717 
518 287 9 12 0.020837028 
780 560 16 17 0.020636708 
332 346 13 17 0.02062257 
388 353 15 17 0.020558301 
979 418 14 17 0.020521468 
318 490 13 16 0.02003989 
532 300 11 14 0.020004807 
