2_Demonstration_Political_Rally_2_940
19
402 179 249 314 0.9999051 
62 6 151 201 0.9832132 
-3 -14 80 125 0.33376238 
353 -12 181 231 0.13871245 
292 406 121 146 0.12562075 
208 15 110 133 0.082026914 
80 292 413 451 0.0744149 
0 52 49 79 0.07056625 
251 351 173 269 0.06718381 
343 257 210 294 0.05671868 
20 -4 121 160 0.04988107 
159 17 181 211 0.045602627 
286 39 121 163 0.042991027 
51 389 222 309 0.037948806 
101 75 146 178 0.035396084 
791 -17 195 205 0.031738136 
827 -15 113 84 0.028929945 
416 1 142 144 0.028704002 
798 11 126 116 0.024701888 
