2_Demonstration_Demonstration_Or_Protest_2_606
89
762 254 63 72 0.9987833 
542 292 94 130 0.99870706 
902 264 58 66 0.9986927 
218 295 44 59 0.9980306 
331 280 84 110 0.99763656 
186 248 30 37 0.9962638 
631 242 60 64 0.9937953 
712 258 33 44 0.99008876 
45 254 45 50 0.9870912 
709 220 23 27 0.98430264 
503 243 39 61 0.9814789 
219 240 38 47 0.9791175 
826 235 38 51 0.9731309 
744 273 34 49 0.9272134 
6 283 36 41 0.9214319 
445 222 30 47 0.9152591 
147 256 26 30 0.8515849 
999 278 26 53 0.828339 
283 233 31 41 0.8067804 
106 304 53 52 0.70107263 
117 240 19 26 0.5637626 
292 228 43 53 0.5440264 
125 103 21 27 0.42451257 
264 164 13 15 0.27574044 
110 241 16 22 0.09435324 
121 298 42 36 0.07997756 
262 204 11 13 0.072155096 
620 205 9 12 0.06514732 
70 64 7 9 0.057050116 
194 245 41 50 0.055935264 
148 244 15 19 0.05494259 
631 197 9 11 0.054141745 
700 224 24 30 0.054069936 
725 245 27 36 0.05288278 
128 247 14 20 0.05230914 
964 240 12 15 0.042832397 
614 200 12 15 0.04215132 
105 242 29 35 0.040108703 
688 204 10 12 0.039824422 
0 257 21 34 0.039769907 
695 232 14 19 0.038795814 
73 47 9 12 0.036828183 
-1 258 38 55 0.034489065 
126 275 49 51 0.03367168 
78 49 13 17 0.03336277 
102 245 16 22 0.032794587 
703 224 38 50 0.032664042 
260 249 16 19 0.03131088 
116 87 38 44 0.030225474 
0 258 12 21 0.03010966 
509 77 18 21 0.030012539 
66 64 8 11 0.029935852 
730 239 19 23 0.029704921 
695 211 11 14 0.028338473 
67 252 44 51 0.02812529 
726 269 34 45 0.027352704 
711 203 12 15 0.026696915 
92 246 30 37 0.026505157 
49 213 9 12 0.026018739 
612 208 13 16 0.025821568 
140 84 11 13 0.025515944 
622 200 9 12 0.025458967 
90 235 26 30 0.025292978 
1 315 26 44 0.025279652 
139 265 33 38 0.024857245 
45 231 9 11 0.02481468 
256 230 26 33 0.024745064 
474 233 46 64 0.024661135 
227 215 26 30 0.02452683 
55 220 9 12 0.023715194 
310 234 54 68 0.023570852 
58 150 9 12 0.022753779 
42 237 10 14 0.02265365 
982 156 9 11 0.022345476 
82 230 23 26 0.022322306 
971 558 15 21 0.022194069 
110 230 11 15 0.022186354 
637 205 11 14 0.022178985 
119 231 11 14 0.022113724 
124 248 25 31 0.021871049 
748 180 11 14 0.021765733 
621 212 13 14 0.021059552 
208 217 26 30 0.020890076 
104 313 32 36 0.020754308 
985 288 28 44 0.020666994 
60 221 10 13 0.020433338 
222 225 27 31 0.020427572 
628 229 15 19 0.020187607 
246 237 30 33 0.020164717 
