2_Demonstration_Demonstration_Or_Protest_2_54
267
443 133 37 46 0.9990752 
985 230 31 39 0.9982943 
731 164 31 39 0.99733657 
106 161 24 31 0.99724704 
775 136 34 41 0.99659663 
195 57 18 24 0.9910222 
240 149 30 40 0.99031013 
323 206 41 48 0.9897976 
171 111 19 23 0.9852556 
567 152 21 27 0.9809352 
670 136 26 29 0.9787404 
858 130 41 53 0.9565175 
372 92 14 18 0.9488898 
171 148 23 29 0.9360276 
132 152 23 30 0.93345374 
317 154 21 25 0.91567093 
532 151 19 24 0.908992 
181 174 21 28 0.900884 
401 169 18 23 0.896947 
267 143 19 25 0.8944927 
576 202 31 43 0.8935936 
613 163 19 22 0.8600484 
506 143 20 23 0.8558137 
102 89 24 27 0.8550302 
643 155 17 21 0.7644595 
362 177 17 22 0.76395154 
271 192 23 31 0.6932334 
254 146 25 33 0.6704473 
117 155 24 32 0.64851844 
631 92 11 14 0.64274067 
242 117 14 18 0.5290804 
690 163 24 28 0.50513697 
126 96 14 20 0.4411957 
554 172 14 19 0.33466005 
622 126 13 16 0.31382096 
436 26 13 15 0.2935015 
613 101 11 13 0.25529146 
581 329 47 55 0.23743261 
379 68 11 13 0.22956453 
596 93 10 13 0.20701936 
650 182 17 23 0.20029418 
201 133 17 22 0.19796315 
492 55 10 13 0.18023722 
381 165 14 18 0.16789864 
592 95 10 13 0.16295287 
487 10 10 13 0.15227187 
638 160 15 18 0.15199041 
906 147 22 31 0.14798766 
715 158 18 24 0.13440464 
599 155 14 17 0.13172081 
490 58 14 18 0.12617135 
9 429 45 42 0.12379609 
565 205 26 35 0.12207333 
1003 193 21 33 0.12030744 
535 124 11 13 0.113480575 
313 14 11 14 0.11315822 
724 137 17 21 0.109244294 
700 166 23 31 0.1070812 
486 32 9 11 0.10616441 
718 206 23 28 0.10071638 
477 164 24 28 0.09843377 
-7 417 114 73 0.09415189 
586 195 19 22 0.09234773 
556 126 9 12 0.09028804 
583 94 11 14 0.090231635 
356 162 23 32 0.08944679 
403 117 10 13 0.08527345 
519 39 8 9 0.08443116 
395 61 12 15 0.08289542 
508 27 12 15 0.08000094 
510 22 10 13 0.07971014 
436 34 15 18 0.07757587 
601 142 11 14 0.075071104 
559 69 11 13 0.07196062 
613 129 13 17 0.070845395 
357 159 15 18 0.07081071 
144 162 14 18 0.06945508 
147 230 31 40 0.0684333 
652 109 10 12 0.06787211 
283 166 11 15 0.06355225 
581 53 8 11 0.062158726 
608 134 11 14 0.059140693 
57 657 32 30 0.05875675 
583 88 8 10 0.058477692 
661 164 12 17 0.057739217 
364 114 10 12 0.056641202 
559 157 21 28 0.056053225 
278 169 14 18 0.05598885 
147 136 15 19 0.055654593 
10 388 76 57 0.053910945 
893 143 24 29 0.053683344 
496 112 12 16 0.05338805 
622 24 9 10 0.05321955 
512 3 11 13 0.05254766 
602 148 15 18 0.052358232 
726 142 21 25 0.05228123 
623 107 12 16 0.051968664 
276 188 15 19 0.05148344 
358 171 35 48 0.051222075 
21 441 49 43 0.05004195 
513 150 15 19 0.04968451 
554 103 10 14 0.04781159 
718 148 14 19 0.047543686 
580 116 11 16 0.04714532 
704 176 24 31 0.045149155 
565 64 9 10 0.04509036 
512 36 9 11 0.04465114 
479 31 10 11 0.044202317 
402 170 29 38 0.042981055 
-5 401 66 57 0.042742845 
392 43 11 12 0.04210434 
611 137 13 17 0.041949607 
558 75 11 13 0.041879673 
397 102 9 12 0.041840687 
415 0 13 11 0.041012757 
628 164 12 17 0.04027284 
634 98 11 15 0.03969724 
694 158 15 20 0.03889007 
719 169 36 47 0.038222767 
230 137 15 20 0.037812278 
715 131 13 19 0.03777972 
170 152 36 46 0.037640523 
533 143 14 18 0.037557602 
503 151 15 19 0.037515085 
392 99 11 14 0.037295118 
455 30 11 14 0.036944866 
195 118 21 29 0.03637033 
397 55 11 14 0.03617266 
230 216 32 42 0.036140807 
470 27 10 12 0.03587332 
471 22 10 12 0.03577075 
198 107 20 28 0.035683233 
875 139 33 38 0.035310004 
333 39 9 12 0.035277966 
345 94 9 12 0.035242137 
648 170 22 28 0.035014745 
740 157 16 17 0.034833677 
326 64 10 13 0.034758937 
649 160 16 19 0.034436595 
583 109 10 14 0.03440769 
669 217 16 21 0.033803474 
332 6 11 13 0.033747546 
488 21 10 12 0.03374372 
312 211 35 39 0.033649076 
475 22 11 12 0.033429712 
539 119 11 14 0.033245124 
18 404 132 113 0.03320786 
668 127 13 16 0.033130903 
441 69 12 14 0.032494985 
389 165 21 26 0.03203264 
487 60 21 31 0.031851135 
669 153 15 18 0.03178625 
366 64 9 11 0.03160023 
472 15 10 13 0.030915031 
608 107 12 14 0.030556228 
342 175 39 53 0.030544117 
221 113 14 20 0.030265361 
264 161 24 29 0.029706897 
552 129 12 16 0.029634401 
609 126 11 14 0.029519843 
399 43 11 14 0.029491158 
578 47 7 10 0.029341036 
535 42 11 13 0.029262258 
614 121 18 24 0.029190514 
344 133 11 13 0.028848654 
437 15 11 14 0.028694717 
511 114 10 13 0.028654115 
257 165 17 22 0.028626028 
575 39 7 10 0.028217155 
593 63 8 10 0.028134592 
465 22 9 13 0.027967932 
381 73 11 14 0.027926411 
495 23 8 10 0.02784898 
478 13 11 13 0.027751474 
592 187 19 23 0.027731279 
631 23 9 12 0.027637614 
670 151 25 31 0.02754207 
462 29 11 14 0.027516186 
576 121 12 15 0.027221393 
610 148 14 17 0.027076488 
303 158 10 13 0.026942218 
507 134 16 20 0.026735462 
729 157 24 31 0.026602358 
535 32 9 11 0.026590273 
713 172 18 24 0.026466291 
702 221 12 15 0.026402699 
204 98 16 21 0.026139216 
591 88 9 11 0.026094029 
621 116 14 18 0.026072755 
478 35 13 15 0.026037786 
504 24 11 13 0.025954045 
370 162 20 26 0.025838802 
581 219 35 42 0.025806656 
291 181 12 17 0.025724841 
1004 458 13 18 0.025466327 
667 133 18 22 0.025410404 
607 116 12 14 0.025408858 
384 175 40 51 0.0252373 
492 80 12 16 0.025135431 
533 129 13 17 0.024986075 
848 135 24 32 0.024947988 
624 14 10 11 0.024851074 
398 150 14 17 0.024677575 
571 38 7 9 0.024524728 
994 271 16 21 0.024519144 
504 34 11 13 0.024440378 
383 5 8 10 0.024396844 
551 53 10 11 0.024378037 
709 203 17 22 0.024357712 
295 132 11 14 0.024148995 
232 142 26 36 0.024110153 
379 87 11 14 0.024098584 
431 13 12 14 0.023880824 
661 156 13 18 0.023841176 
313 160 13 18 0.023702543 
377 8 8 10 0.023702256 
512 15 9 11 0.023444638 
630 10 12 14 0.023262842 
1003 265 17 19 0.023246737 
649 103 10 14 0.023224954 
141 139 23 30 0.023219248 
333 70 9 11 0.023074226 
501 154 24 26 0.023018427 
278 177 19 27 0.022986084 
578 86 8 11 0.022891674 
308 40 8 10 0.022647949 
403 154 15 18 0.022580646 
334 176 27 32 0.022448486 
613 180 25 31 0.022406435 
600 77 10 12 0.022392808 
653 79 10 12 0.022348111 
368 181 17 21 0.022327231 
443 74 12 14 0.022315482 
974 230 27 36 0.022269677 
656 158 21 27 0.02209582 
652 115 11 14 0.02196224 
995 491 13 16 0.021931468 
711 127 12 16 0.021877961 
997 115 13 15 0.021768076 
560 17 7 9 0.021654766 
345 88 8 10 0.021637676 
274 28 9 12 0.021599658 
384 1 9 10 0.021535706 
729 213 16 23 0.021309258 
492 14 11 12 0.021216467 
540 44 10 12 0.021204915 
613 117 11 15 0.021137482 
502 15 9 10 0.021117652 
27 280 15 18 0.021019049 
557 53 8 10 0.021001285 
615 86 9 12 0.020965153 
96 158 25 29 0.020922877 
616 22 8 11 0.020846719 
558 92 9 11 0.020829115 
400 110 11 14 0.020681616 
557 48 8 10 0.0205419 
970 68 7 10 0.020528356 
639 118 9 14 0.020507148 
477 196 36 44 0.020482033 
708 161 16 21 0.02045698 
986 87 7 10 0.020198712 
518 21 9 12 0.020196456 
974 537 24 33 0.020175874 
1011 75 12 20 0.020152764 
18 651 14 17 0.020100243 
708 189 25 34 0.02007522 
512 44 9 11 0.020021083 
