2_Demonstration_Political_Rally_2_335
503
269 264 52 62 0.9990398 
401 261 55 63 0.99893147 
670 416 60 69 0.9987878 
941 114 31 38 0.9984263 
616 81 27 33 0.9983625 
577 60 30 33 0.9983187 
325 105 33 38 0.998248 
880 151 28 37 0.9982394 
731 79 28 36 0.99823666 
891 340 53 65 0.9982002 
702 318 52 60 0.99815196 
753 174 35 43 0.998041 
379 332 53 63 0.99752384 
210 279 53 72 0.99719137 
279 431 47 59 0.9969765 
472 174 35 43 0.9968766 
821 478 70 78 0.9967932 
247 552 65 86 0.9967885 
349 499 64 82 0.99667704 
232 229 40 45 0.9965082 
59 140 36 39 0.99626607 
606 161 34 41 0.9961628 
307 326 58 68 0.99603707 
241 178 31 35 0.99597883 
782 567 73 84 0.9958396 
329 424 66 73 0.9956535 
861 64 25 30 0.99520963 
-1 229 31 48 0.9948201 
146 147 29 37 0.9944905 
68 89 26 30 0.99448013 
664 65 25 31 0.9943429 
658 127 32 38 0.9942363 
30 147 29 32 0.9938882 
485 128 27 34 0.9922271 
445 149 30 45 0.991882 
271 194 31 37 0.99086386 
922 197 31 38 0.9906942 
7 331 42 55 0.99056506 
777 199 36 43 0.9900984 
135 479 49 72 0.98944515 
729 442 51 76 0.98917246 
33 218 32 42 0.9890865 
109 267 43 52 0.98877895 
107 149 31 34 0.98779374 
339 58 22 27 0.9865676 
488 243 45 55 0.9861659 
860 117 22 29 0.9857486 
65 206 39 44 0.98333824 
474 439 48 71 0.98310375 
245 94 24 32 0.9827015 
695 213 41 43 0.9826461 
445 374 41 55 0.9825195 
739 141 30 35 0.9823069 
86 235 39 48 0.98192376 
37 77 23 30 0.98125744 
519 197 32 40 0.9773277 
572 329 40 48 0.9772081 
907 5 18 23 0.97459984 
850 168 30 36 0.97271436 
171 187 42 46 0.9713885 
157 260 36 45 0.97072846 
142 99 23 28 0.96848214 
877 309 33 49 0.9528332 
846 216 46 45 0.9521114 
4 404 47 62 0.9476326 
986 6 21 23 0.9447667 
476 294 40 52 0.938767 
78 401 48 56 0.9330178 
546 564 69 91 0.9324428 
356 159 40 38 0.93208855 
756 254 29 41 0.9296934 
576 135 34 41 0.92252505 
610 414 48 51 0.9199869 
142 227 36 41 0.9195444 
664 178 38 41 0.91949934 
816 74 27 32 0.90888375 
263 145 25 30 0.9066661 
572 481 47 59 0.904986 
661 230 40 48 0.8980776 
181 26 15 21 0.89493823 
275 327 43 54 0.8861339 
193 263 33 47 0.8851921 
568 113 24 30 0.8824129 
536 258 29 41 0.875777 
356 227 39 43 0.8725337 
833 56 19 23 0.8713994 
542 220 44 43 0.8653779 
170 75 18 24 0.85567945 
-1 495 40 51 0.85255975 
292 99 30 40 0.85154206 
649 92 25 34 0.8411382 
647 83 22 29 0.8301056 
13 34 17 20 0.82989436 
773 154 28 32 0.7771484 
827 430 43 52 0.7516363 
776 246 32 44 0.73232406 
802 126 25 28 0.7177491 
342 278 46 54 0.71477884 
895 223 28 35 0.7144473 
648 301 34 37 0.7116685 
713 77 15 18 0.687524 
940 408 40 51 0.6682752 
718 12 11 15 0.6583953 
569 120 33 38 0.6579592 
129 259 42 53 0.65333486 
905 65 18 23 0.6430325 
750 56 17 21 0.627403 
931 30 15 19 0.6229552 
72 182 37 43 0.62000203 
332 34 16 23 0.6124496 
50 209 36 48 0.6105541 
298 428 52 61 0.605948 
692 66 15 20 0.6057485 
65 60 23 27 0.5826172 
584 107 27 32 0.58186483 
124 118 22 30 0.5707266 
212 13 11 14 0.53208005 
781 51 14 19 0.5167136 
642 235 30 35 0.5153081 
615 57 16 20 0.50877863 
337 155 26 33 0.48384959 
835 188 25 33 0.474559 
17 51 19 23 0.4383932 
628 293 26 33 0.43670663 
467 28 29 36 0.43394148 
662 41 14 18 0.42218754 
71 47 22 28 0.40847802 
-1 75 17 20 0.39101565 
0 135 23 36 0.38724804 
28 1 16 14 0.36876625 
308 105 27 33 0.36213404 
214 44 12 15 0.3453721 
917 97 21 27 0.31171346 
363 211 42 45 0.31107947 
557 386 25 37 0.29944572 
688 116 23 30 0.28776777 
14 40 21 25 0.2851834 
786 5 9 12 0.28384814 
455 113 27 34 0.28364828 
691 306 30 39 0.28224748 
810 112 30 34 0.27479443 
820 185 24 31 0.27378708 
98 531 38 58 0.2726979 
68 71 24 28 0.27063355 
225 241 50 64 0.26376528 
169 51 14 18 0.26244706 
785 15 8 11 0.2559804 
407 66 15 21 0.25350633 
765 186 37 45 0.2533742 
636 132 25 32 0.2519322 
193 114 18 24 0.25097287 
184 57 14 18 0.249966 
758 13 10 11 0.24890584 
46 404 50 60 0.24748312 
66 26 15 17 0.23887712 
0 21 10 17 0.23856938 
411 92 21 30 0.2291639 
1 121 21 32 0.2250781 
166 412 56 75 0.21838188 
310 54 14 20 0.21474537 
202 60 12 16 0.21247175 
344 251 53 62 0.2111466 
278 167 32 38 0.20826939 
350 207 28 32 0.20583674 
318 193 20 31 0.20360816 
291 559 49 64 0.20095335 
455 129 40 49 0.2009185 
813 178 24 30 0.19055502 
652 75 25 31 0.19044895 
161 139 32 38 0.18867303 
679 66 21 26 0.18511453 
27 74 23 31 0.18420453 
816 98 32 35 0.18196917 
134 111 25 32 0.17964016 
741 33 13 17 0.1754357 
247 267 46 63 0.17498544 
938 0 16 14 0.17388935 
449 124 29 34 0.17349587 
539 269 37 48 0.16783902 
914 26 13 18 0.16754499 
643 401 29 42 0.16567421 
589 261 30 39 0.1623159 
457 269 26 34 0.16168213 
781 97 17 22 0.16106029 
58 240 29 40 0.15886669 
184 507 40 61 0.15121685 
403 431 42 61 0.14482707 
694 19 10 13 0.14241095 
538 297 33 46 0.14062926 
4 78 22 29 0.13530438 
750 30 10 13 0.13312373 
34 40 14 17 0.13121164 
858 52 23 27 0.13074896 
741 4 11 14 0.12718692 
783 129 30 34 0.1266924 
153 212 43 51 0.124185026 
460 647 45 46 0.123892725 
142 239 44 54 0.120524295 
513 210 34 43 0.11940072 
751 452 53 71 0.11816468 
22 77 15 22 0.11660656 
233 6 12 16 0.115579516 
889 6 13 15 0.115228765 
24 56 19 22 0.11404087 
24 413 47 59 0.11384758 
71 243 34 41 0.11360305 
273 157 30 35 0.11358991 
209 630 39 51 0.11269608 
780 60 13 19 0.10631805 
200 503 45 58 0.104490794 
68 159 38 45 0.102111794 
269 242 40 41 0.10150538 
284 42 11 15 0.10040006 
904 43 25 31 0.098579675 
42 139 35 45 0.09734586 
789 31 10 12 0.094567485 
212 96 17 22 0.09304932 
752 5 10 12 0.09288112 
134 356 40 52 0.09237684 
-1 32 10 17 0.09215279 
412 137 26 31 0.09162521 
858 43 18 20 0.091022134 
621 575 32 43 0.085962415 
102 69 10 15 0.08422984 
919 59 23 31 0.08420548 
251 234 46 58 0.081921965 
863 160 26 34 0.081880115 
470 144 42 52 0.079070844 
828 196 19 25 0.078702524 
741 70 24 31 0.07807452 
755 70 17 23 0.077831 
771 222 43 55 0.077195585 
363 167 44 48 0.07677246 
717 164 25 32 0.07609341 
742 47 22 26 0.07601599 
666 511 56 64 0.0758437 
23 41 21 25 0.075508066 
172 260 39 55 0.0753107 
386 301 52 68 0.07500149 
670 187 42 50 0.07492854 
519 217 45 53 0.074722394 
634 93 29 36 0.07397592 
751 1 10 11 0.07323194 
505 367 28 41 0.07223832 
504 381 33 47 0.07203535 
584 197 33 38 0.07127947 
973 5 25 26 0.07114526 
639 422 49 57 0.07085066 
118 71 15 20 0.07073544 
906 203 37 46 0.07064479 
265 203 41 49 0.06919274 
205 52 12 17 0.0679797 
776 456 49 65 0.06771766 
217 207 26 35 0.066712275 
448 137 19 22 0.06558204 
757 22 10 13 0.0639403 
481 0 18 19 0.06376078 
657 36 13 18 0.063749366 
47 248 28 38 0.06330962 
594 565 54 66 0.06229107 
563 251 40 55 0.062030118 
385 168 20 23 0.061143678 
11 311 30 45 0.061056413 
966 11 14 18 0.059790995 
789 2 9 10 0.059187707 
654 108 34 42 0.058569685 
177 13 10 12 0.057425536 
743 201 30 40 0.055671383 
467 45 26 36 0.055387944 
824 5 9 13 0.055285305 
151 1 10 11 0.054897297 
5 147 24 34 0.054632388 
769 165 38 48 0.05404797 
470 119 34 39 0.053453956 
612 336 16 22 0.053445116 
967 4 13 16 0.0528704 
353 437 60 70 0.05246478 
827 63 19 22 0.05242884 
2 27 14 18 0.05194262 
122 44 12 16 0.051005013 
56 63 24 29 0.050243616 
21 478 43 57 0.049874216 
619 101 22 30 0.0495759 
164 128 26 31 0.04927771 
557 204 44 50 0.04913618 
6 3 12 13 0.049111266 
62 6 11 13 0.04887081 
69 10 15 17 0.04854746 
533 607 50 75 0.048512463 
330 41 24 30 0.04790276 
34 122 24 29 0.04726644 
684 206 36 40 0.0464533 
755 27 12 14 0.046315193 
207 83 13 18 0.04575853 
159 453 51 81 0.04528217 
187 23 12 17 0.04465981 
24 319 44 58 0.0445081 
107 538 19 28 0.04446962 
562 106 20 24 0.04444034 
672 247 33 42 0.043966886 
320 55 24 29 0.043571632 
276 295 52 71 0.043470968 
772 28 10 13 0.04302131 
163 166 43 51 0.042368084 
737 34 20 27 0.041961573 
246 377 45 55 0.041658938 
47 0 11 12 0.041597053 
153 21 9 12 0.041097984 
177 7 9 12 0.041079342 
785 35 12 16 0.04103922 
124 109 14 20 0.040805925 
173 63 21 25 0.040802937 
177 21 13 18 0.040478878 
245 188 39 47 0.040243726 
314 562 35 47 0.040066265 
543 162 33 32 0.039597463 
184 439 47 68 0.03913138 
191 276 42 61 0.039129138 
174 419 36 42 0.03903307 
933 59 13 19 0.03901489 
303 193 31 38 0.03899147 
33 431 47 60 0.03897248 
298 91 20 27 0.038755633 
401 239 27 39 0.0387288 
-2 159 23 38 0.038686283 
689 11 14 17 0.037907362 
316 250 31 45 0.03787165 
60 79 24 31 0.0372691 
118 127 26 35 0.036805104 
95 156 33 38 0.036743518 
89 168 31 37 0.03672737 
665 265 30 35 0.03643612 
102 44 13 18 0.03642624 
334 265 40 49 0.036027186 
970 17 14 18 0.035709508 
704 160 30 38 0.035624944 
635 308 40 48 0.03554112 
597 46 11 14 0.035408538 
924 73 13 19 0.03519473 
876 211 43 50 0.034914434 
476 -3 28 32 0.03486045 
530 205 39 40 0.034830377 
824 1 8 9 0.0347692 
184 118 25 30 0.034578957 
184 300 29 43 0.03457344 
713 79 23 29 0.03451874 
848 197 35 44 0.03415245 
15 134 34 45 0.033823803 
281 227 43 51 0.033401858 
7 34 14 19 0.033126134 
462 290 36 48 0.033112306 
-1 178 12 23 0.032839175 
403 74 21 33 0.032671332 
788 143 38 45 0.032549392 
424 233 36 42 0.032497235 
663 44 21 28 0.032458913 
431 624 38 49 0.03224872 
598 343 28 35 0.032121383 
53 0 11 12 0.03190807 
821 200 21 29 0.031898286 
691 278 41 47 0.03189115 
572 188 36 40 0.031886563 
536 180 43 49 0.031774145 
76 143 31 35 0.031673793 
661 33 13 16 0.031652212 
625 86 28 33 0.03158179 
91 24 14 19 0.031547334 
638 279 41 47 0.031537868 
824 333 25 38 0.031438272 
878 79 23 29 0.031097906 
239 44 12 16 0.030691111 
458 110 17 23 0.030530073 
891 5 20 26 0.030178329 
915 70 17 22 0.030072996 
763 132 25 30 0.030058868 
913 281 29 42 0.02996218 
763 150 25 32 0.029958792 
285 188 34 41 0.029916784 
658 282 29 36 0.029831816 
197 106 21 26 0.029827964 
272 508 27 33 0.02982386 
103 561 26 42 0.02980525 
752 23 11 14 0.029506309 
837 318 36 50 0.029490104 
813 79 18 23 0.029468354 
726 30 10 14 0.029349128 
808 456 55 71 0.029286655 
828 27 11 13 0.028969059 
194 290 18 24 0.028843507 
289 159 32 36 0.028649166 
782 109 25 32 0.028302101 
735 173 37 48 0.028288083 
545 314 32 44 0.02811323 
602 331 27 34 0.028092757 
809 47 9 12 0.028049856 
468 29 18 22 0.027992992 
749 134 36 46 0.027866984 
135 52 13 17 0.027805459 
822 486 42 49 0.027717656 
47 83 19 24 0.027668921 
168 156 32 36 0.027493147 
656 297 22 23 0.027392307 
832 201 30 38 0.027193291 
812 52 10 14 0.026977366 
209 11 18 24 0.026882576 
122 149 30 36 0.026880061 
751 218 26 38 0.026875647 
133 1 10 11 0.026790071 
775 46 13 17 0.026782632 
968 -3 42 41 0.02673658 
12 58 22 26 0.026702516 
638 111 26 35 0.026404826 
776 23 9 13 0.026248323 
446 237 41 53 0.025920771 
255 173 28 36 0.025447251 
686 1 23 28 0.02536357 
204 432 13 16 0.025321838 
585 174 42 49 0.02507843 
656 407 18 26 0.024981728 
736 254 33 40 0.024896588 
45 21 10 13 0.024762133 
624 296 15 21 0.024723405 
868 98 14 17 0.024713121 
751 236 30 47 0.024689639 
137 371 54 73 0.024689365 
914 29 24 29 0.024631348 
119 19 10 13 0.02452593 
337 459 58 79 0.024437571 
914 57 18 24 0.024214901 
788 20 10 13 0.024214793 
856 36 13 16 0.024208918 
388 241 49 62 0.024164846 
454 629 43 50 0.024160942 
218 11 12 16 0.024049781 
605 278 28 37 0.024030486 
320 535 47 64 0.02396476 
903 37 13 17 0.023919981 
517 619 30 43 0.023884483 
786 44 13 17 0.023880536 
418 438 44 67 0.02381562 
35 202 29 37 0.023774784 
778 5 9 12 0.023715539 
675 216 34 42 0.023695132 
-1 85 15 24 0.02366917 
340 144 17 21 0.023637358 
972 1 14 13 0.023564357 
330 252 33 45 0.02352029 
485 387 50 65 0.02350138 
397 164 25 31 0.023381788 
225 222 31 36 0.02320009 
277 174 18 24 0.023047812 
563 226 34 36 0.023039814 
624 398 37 51 0.022987954 
151 27 11 15 0.022848256 
0 136 13 22 0.022844527 
181 15 11 14 0.022743167 
761 56 15 21 0.02268823 
844 183 18 24 0.022450956 
551 170 33 35 0.022434443 
406 89 18 25 0.022397377 
813 22 9 12 0.022190457 
686 250 44 53 0.022129862 
49 317 28 36 0.022121107 
656 31 11 15 0.022112515 
940 8 14 16 0.022104686 
990 280 33 66 0.022085672 
518 261 41 53 0.022055471 
535 380 38 52 0.022050524 
574 454 51 61 0.022046069 
62 29 22 27 0.021947283 
218 18 12 17 0.021908976 
724 152 28 36 0.021890696 
517 302 34 45 0.02186287 
675 286 40 49 0.021755839 
825 438 65 75 0.021645313 
8 293 27 41 0.021630052 
908 33 15 20 0.021602357 
611 344 28 36 0.021567933 
149 124 27 33 0.021549905 
920 410 51 68 0.021520354 
917 73 23 31 0.021466985 
818 69 18 22 0.021362644 
68 121 29 36 0.02128104 
623 328 43 52 0.021227745 
618 445 36 54 0.021121386 
527 622 33 48 0.020928519 
22 289 41 51 0.020886088 
724 5 12 15 0.020869782 
584 129 21 24 0.020800438 
10 311 17 24 0.020763924 
194 428 19 21 0.02054893 
309 91 26 32 0.020510461 
767 133 15 18 0.020498902 
619 298 26 38 0.020435778 
855 56 15 21 0.020407667 
735 30 14 17 0.020243468 
480 33 17 22 0.020235244 
15 154 30 37 0.02022996 
668 118 35 42 0.0202168 
823 93 22 26 0.020172762 
287 91 25 34 0.020059548 
393 163 17 22 0.020013642 
887 17 13 18 0.020009777 
