2_Demonstration_Demonstration_Or_Protest_2_58
327
786 442 63 80 0.9995927 
451 312 55 75 0.9993618 
149 158 29 36 0.9991099 
514 230 46 62 0.9990025 
314 124 26 33 0.9989666 
652 312 54 74 0.9988838 
590 175 33 37 0.99888295 
86 148 38 43 0.9988432 
284 386 58 79 0.99857366 
44 241 57 66 0.9984334 
162 296 56 76 0.9983718 
300 300 51 63 0.9982937 
29 509 99 106 0.99750537 
767 272 45 54 0.99738425 
836 169 36 42 0.99574596 
869 241 38 49 0.9955296 
963 286 48 54 0.99539703 
159 232 47 56 0.9951794 
334 177 34 44 0.99478805 
697 246 40 53 0.9944133 
-4 165 30 52 0.9942457 
247 245 46 52 0.99290943 
941 193 37 43 0.99197173 
982 148 28 29 0.985213 
154 111 27 33 0.9839671 
863 116 26 34 0.9833475 
184 88 21 27 0.98311216 
775 193 32 36 0.9747704 
623 267 37 53 0.9615886 
582 567 45 84 0.96069705 
374 294 45 51 0.9562628 
211 68 19 26 0.943513 
318 222 38 47 0.9333283 
162 50 15 19 0.9261971 
125 48 18 24 0.9219694 
113 86 17 21 0.917686 
105 54 16 19 0.89936405 
691 51 13 17 0.89907897 
695 78 16 20 0.8919567 
77 80 18 24 0.88378865 
825 143 24 32 0.87043494 
190 448 34 40 0.8561852 
46 43 16 21 0.83493674 
250 74 14 18 0.8263248 
904 329 33 54 0.78501624 
385 130 23 27 0.7659923 
768 30 15 20 0.7602959 
543 97 15 20 0.7534771 
635 104 20 27 0.74901927 
351 63 14 18 0.71953756 
779 149 20 27 0.6515513 
743 13 11 14 0.61359346 
474 121 14 20 0.60996294 
502 124 15 19 0.56889683 
15 82 14 18 0.54433733 
705 167 24 30 0.50278157 
171 32 15 20 0.4594379 
449 262 25 31 0.45878616 
946 116 22 35 0.4534546 
512 81 12 17 0.44325936 
363 157 26 34 0.42102903 
596 245 36 45 0.41320354 
262 91 12 19 0.39054 
0 53 10 16 0.37774825 
603 253 41 55 0.35262442 
759 199 15 21 0.35101768 
352 38 10 13 0.30984744 
13 60 12 15 0.30849028 
768 157 28 30 0.26713777 
437 186 21 30 0.25080854 
240 6 11 12 0.24222018 
714 46 9 12 0.22535431 
852 93 10 15 0.22045282 
689 3 12 13 0.21844909 
454 59 11 15 0.21687698 
471 173 23 33 0.20847572 
716 15 10 13 0.20548695 
546 198 35 41 0.19776772 
273 125 26 33 0.19707671 
783 1 11 10 0.18924856 
819 3 13 15 0.18729754 
111 51 20 26 0.18193991 
36 123 22 34 0.18073797 
167 29 13 18 0.1796943 
689 132 12 17 0.17071432 
926 113 12 15 0.16939077 
458 3 10 13 0.1655436 
973 87 10 14 0.16083068 
522 178 15 19 0.15254052 
428 236 26 39 0.1435054 
482 185 13 18 0.14019774 
568 130 22 28 0.13308378 
10 180 27 36 0.12453298 
253 29 23 35 0.12421227 
324 1 12 12 0.123821765 
882 155 24 31 0.11909746 
147 80 16 20 0.11694092 
683 185 30 37 0.11687643 
26 186 15 22 0.114899985 
1 81 16 21 0.10598352 
85 58 14 18 0.09907994 
840 92 11 14 0.08996366 
916 321 28 49 0.08799391 
471 76 8 10 0.08618902 
745 52 10 14 0.08464682 
694 164 24 32 0.083794 
254 40 13 21 0.0832294 
180 215 31 39 0.07718423 
4 51 11 16 0.074983336 
930 114 13 18 0.07453845 
104 253 38 54 0.0741059 
847 54 11 13 0.07393634 
6 18 25 28 0.07362856 
515 174 26 33 0.072358795 
358 135 12 15 0.071777 
803 181 23 33 0.07112296 
498 48 8 9 0.0702457 
449 99 10 14 0.068375714 
998 225 19 28 0.066930205 
158 258 52 70 0.06646908 
7 58 13 17 0.065461375 
253 82 19 26 0.064229235 
558 135 12 15 0.0639311 
564 137 16 21 0.06372512 
493 77 9 10 0.063523 
460 170 26 38 0.063007884 
377 134 24 30 0.06276915 
296 1 11 12 0.06259464 
709 117 11 13 0.06160085 
526 214 47 61 0.06027298 
787 140 15 24 0.060087975 
24 190 22 30 0.059563126 
437 243 27 38 0.059504624 
759 184 24 32 0.05904348 
3 21 18 21 0.05815593 
172 96 17 22 0.057533737 
454 258 17 22 0.056285363 
460 153 16 18 0.05575946 
764 161 20 21 0.055185705 
506 119 16 19 0.05389558 
693 175 36 43 0.053717636 
466 126 22 30 0.053605832 
359 98 12 17 0.053459838 
204 2 14 15 0.05341261 
262 22 25 38 0.053209238 
356 4 10 12 0.052307162 
551 135 11 15 0.051752713 
628 290 38 53 0.05164827 
703 28 8 10 0.051261403 
573 178 37 45 0.051020402 
942 116 14 23 0.05083132 
86 220 29 44 0.049519625 
247 41 12 18 0.049373522 
840 315 34 54 0.04914157 
161 28 12 16 0.0479588 
546 313 27 38 0.046036016 
426 165 11 14 0.04542473 
820 129 26 34 0.044854723 
577 238 38 54 0.04473163 
818 7 16 20 0.044469893 
338 223 26 36 0.04389183 
147 70 14 16 0.043755136 
541 139 12 14 0.0434179 
282 5 13 15 0.042960044 
685 204 30 35 0.04248635 
893 79 10 12 0.041795354 
78 73 15 20 0.04108446 
576 133 25 32 0.040832903 
261 129 22 30 0.04032707 
464 124 15 18 0.04026904 
844 89 18 25 0.03996971 
676 80 14 19 0.039526846 
511 186 30 37 0.039224163 
400 297 37 47 0.039093982 
211 249 11 14 0.039092794 
523 167 25 32 0.03883001 
968 89 12 15 0.038663037 
820 16 15 20 0.03853057 
742 58 11 15 0.038470954 
94 58 12 17 0.038396165 
128 263 28 41 0.037860885 
888 80 10 13 0.03777072 
82 68 16 21 0.03730177 
93 248 37 46 0.03638041 
726 53 12 15 0.036028747 
538 122 14 19 0.036014717 
701 3 11 13 0.035984285 
495 128 13 18 0.035823993 
594 139 16 18 0.035666645 
715 174 26 36 0.035281133 
317 37 39 49 0.035078287 
978 129 27 39 0.034993976 
149 105 18 22 0.034845866 
736 193 12 18 0.034044158 
9 58 19 24 0.03387453 
23 33 12 16 0.033864528 
402 136 14 20 0.033555213 
370 148 18 21 0.033292506 
872 161 27 35 0.033245955 
777 0 12 12 0.033090234 
845 125 34 37 0.032968644 
512 73 10 14 0.032859374 
476 123 20 27 0.03264144 
276 23 16 23 0.032556333 
671 4 10 11 0.032425724 
548 74 11 14 0.03227002 
460 137 23 30 0.031824134 
238 39 15 18 0.0317573 
365 299 31 39 0.031687107 
740 8 19 23 0.031569283 
175 35 20 25 0.031418063 
913 130 12 17 0.030710898 
782 235 30 37 0.030697249 
645 78 10 14 0.030386427 
585 275 46 59 0.029932087 
892 150 15 18 0.029742043 
452 96 8 12 0.029676486 
861 94 12 15 0.02956826 
270 6 11 13 0.029498475 
310 52 13 18 0.029417168 
768 8 11 11 0.029341321 
711 5 11 13 0.029162373 
512 413 43 58 0.02915087 
333 60 12 17 0.029102067 
893 98 13 17 0.028878225 
724 21 11 14 0.028832074 
736 20 11 15 0.0285083 
449 185 15 23 0.028385043 
838 95 15 20 0.02837714 
345 43 12 15 0.028290542 
149 84 21 25 0.027942615 
1014 93 9 14 0.027927838 
716 49 13 16 0.027402095 
126 40 13 15 0.02740209 
178 30 13 17 0.02719028 
513 88 14 18 0.027130604 
701 45 11 15 0.026563277 
18 62 15 18 0.026496926 
696 23 10 12 0.026429003 
242 128 20 30 0.0261364 
823 25 12 17 0.026125206 
717 26 11 15 0.026065623 
276 145 25 30 0.02603238 
377 154 16 21 0.02591046 
741 278 23 31 0.025772022 
254 136 15 19 0.02558348 
583 145 26 29 0.025325563 
540 112 14 20 0.025307884 
394 228 21 35 0.025214024 
694 68 22 25 0.02507401 
534 191 33 36 0.025023462 
866 110 18 20 0.024969157 
512 97 11 14 0.024873063 
315 49 25 33 0.024760965 
193 83 17 22 0.02470992 
796 191 27 33 0.024683349 
516 118 13 16 0.024572289 
843 149 41 53 0.024552008 
452 174 22 33 0.02447308 
304 214 38 49 0.024458548 
294 60 13 18 0.024411136 
761 165 27 32 0.024291655 
-1 46 16 27 0.024142515 
813 -3 22 24 0.024007512 
713 10 17 22 0.023905866 
348 32 18 26 0.023895174 
736 59 11 14 0.023877947 
732 186 22 30 0.023765136 
726 130 16 21 0.023743771 
316 53 16 20 0.023693684 
16 26 22 28 0.023682766 
774 4 11 13 0.02367235 
942 109 11 15 0.023583984 
351 134 21 25 0.023562253 
498 200 31 41 0.023554392 
557 141 16 22 0.023517128 
198 8 15 18 0.023362398 
742 24 14 17 0.02323567 
0 80 10 16 0.023223259 
683 158 24 32 0.023220498 
858 477 44 60 0.023211539 
901 101 10 14 0.023126202 
844 103 15 18 0.022962678 
706 187 30 38 0.022961367 
320 218 19 21 0.022945605 
821 598 49 47 0.022748236 
564 193 29 36 0.022629669 
363 390 35 52 0.022595651 
50 126 24 33 0.022385284 
687 0 19 20 0.022318125 
207 62 15 17 0.022213582 
149 228 14 19 0.022198765 
771 163 32 40 0.022127017 
833 127 30 35 0.021955494 
81 54 13 16 0.021856615 
94 270 36 40 0.02176771 
437 266 34 40 0.02176685 
502 111 11 13 0.021755116 
772 198 20 25 0.021576693 
1 14 18 19 0.021573443 
778 211 30 35 0.021480056 
534 138 13 16 0.02126509 
640 72 8 11 0.021257788 
245 119 16 22 0.02114663 
453 54 17 24 0.021100722 
433 218 26 40 0.021097168 
326 65 14 18 0.021046156 
466 77 9 11 0.020978585 
724 14 11 13 0.020935487 
724 185 14 19 0.020818163 
749 140 21 34 0.020750307 
748 190 21 29 0.020715866 
831 91 12 16 0.020707862 
382 28 8 11 0.020701578 
394 138 16 22 0.020617168 
524 163 15 20 0.020616468 
694 158 15 20 0.02048803 
95 54 20 26 0.020427678 
843 48 22 26 0.020419067 
486 48 7 9 0.020330738 
353 142 25 30 0.02019188 
712 28 11 14 0.020161536 
352 1 12 12 0.02014738 
187 218 19 23 0.020078287 
478 77 8 11 0.020049544 
373 160 28 36 0.020035643 
762 244 41 53 0.020016862 
