2_Demonstration_Political_Rally_2_609
742
156 145 29 38 0.99925023 
636 392 14 18 0.99190944 
965 450 14 17 0.9760418 
749 371 12 16 0.9700987 
809 544 22 27 0.9677402 
127 251 80 138 0.96280974 
941 375 14 18 0.95784116 
997 350 15 18 0.9559521 
510 340 12 15 0.9289499 
757 449 14 18 0.9187737 
888 457 16 20 0.9170777 
691 412 14 17 0.9017606 
790 437 14 18 0.8956377 
909 431 15 19 0.8945359 
676 403 13 16 0.89031786 
982 489 17 20 0.87892556 
765 564 25 31 0.8760919 
712 405 11 16 0.86704785 
461 365 12 16 0.85941154 
589 388 13 17 0.8452843 
852 520 15 19 0.8160914 
758 323 12 15 0.81248003 
848 557 21 26 0.8084834 
995 376 15 20 0.80646783 
731 516 17 21 0.79152626 
967 347 15 18 0.7858587 
939 575 14 19 0.7831072 
555 364 12 16 0.7712631 
772 494 16 19 0.76220834 
851 395 13 16 0.7597475 
608 327 12 14 0.75099146 
993 467 13 17 0.7473129 
783 465 14 18 0.74160874 
722 425 13 17 0.72193986 
755 506 12 16 0.71959734 
644 429 14 16 0.7090769 
448 343 11 14 0.6993954 
739 401 12 16 0.6941155 
923 491 16 20 0.6638087 
664 319 13 15 0.64396673 
384 399 12 15 0.6319049 
903 475 14 18 0.6229854 
811 451 14 19 0.6212474 
648 327 10 13 0.61314875 
820 405 13 16 0.6000218 
772 409 12 16 0.59991235 
477 409 12 17 0.59623605 
391 363 11 14 0.5946594 
643 348 11 15 0.58765566 
878 362 13 16 0.55566067 
491 389 13 16 0.52738833 
413 439 11 13 0.5271368 
940 464 13 18 0.5206665 
420 390 12 15 0.5032791 
851 485 16 21 0.49999827 
844 425 13 16 0.4692563 
322 372 13 16 0.46339658 
771 526 12 16 0.46082395 
536 341 9 12 0.46055552 
967 410 14 18 0.44980255 
484 408 12 14 0.44899353 
620 429 10 13 0.4458615 
865 475 16 20 0.43007645 
891 551 15 20 0.42087278 
470 342 12 15 0.40856385 
743 475 14 19 0.39203307 
749 539 15 20 0.39120153 
597 320 9 12 0.38886753 
442 406 13 16 0.38138327 
806 280 10 13 0.3717359 
226 402 41 47 0.35954612 
743 615 28 32 0.35479644 
823 355 13 17 0.34638318 
533 400 13 16 0.34553847 
455 388 11 14 0.339463 
719 458 14 17 0.33773747 
707 386 13 16 0.33599818 
414 357 11 13 0.33528182 
491 341 11 14 0.33185065 
965 620 13 17 0.3312525 
908 510 17 20 0.33052734 
812 324 15 18 0.31497625 
700 285 12 16 0.3097929 
696 355 12 15 0.30866995 
670 351 10 13 0.30444542 
597 342 12 14 0.30080086 
819 458 13 17 0.29735726 
800 299 10 12 0.2930127 
718 300 10 13 0.29065654 
884 392 13 16 0.28846368 
806 358 13 16 0.2753319 
438 431 11 13 0.27086675 
941 522 15 18 0.26345256 
357 382 11 14 0.24679868 
408 418 12 14 0.23498693 
555 346 11 14 0.23091821 
557 323 11 14 0.22625129 
389 445 11 13 0.21940838 
912 330 14 18 0.216485 
796 405 13 15 0.2095658 
860 617 14 18 0.19683225 
605 470 18 22 0.19193804 
769 595 28 35 0.18714386 
830 476 13 16 0.18079433 
612 366 10 14 0.1742257 
581 440 13 17 0.17298143 
717 478 11 15 0.17243755 
573 442 13 16 0.16240032 
891 540 19 23 0.16008876 
591 416 11 15 0.15886158 
946 507 14 18 0.15800984 
428 291 11 13 0.15765454 
496 306 10 14 0.15608793 
824 433 12 15 0.15470353 
478 324 10 12 0.1546078 
366 311 8 11 0.15410498 
734 428 11 14 0.15305458 
752 278 12 14 0.1495691 
869 417 13 16 0.14924449 
393 334 10 12 0.14905274 
989 567 14 16 0.14275287 
817 295 9 11 0.14207663 
687 496 13 15 0.1406212 
564 443 16 19 0.13898523 
857 480 18 23 0.13513537 
956 528 16 19 0.13441716 
866 523 15 19 0.133265 
344 359 11 14 0.13326052 
850 610 14 20 0.13099524 
835 478 12 15 0.1291945 
507 515 38 45 0.12791099 
576 394 12 14 0.12635066 
756 570 25 34 0.12188249 
575 411 10 12 0.1206363 
668 299 11 13 0.11784138 
554 442 18 19 0.11638224 
826 578 18 22 0.11374667 
958 478 11 15 0.11212129 
723 550 19 22 0.11137709 
812 357 12 16 0.10987319 
901 357 11 14 0.108857654 
790 526 15 18 0.10811083 
708 315 11 13 0.10579107 
672 372 11 14 0.1037391 
417 304 9 12 0.10366184 
472 271 11 12 0.10298537 
439 333 11 13 0.10122347 
460 307 12 14 0.100668795 
742 287 10 13 0.100228064 
709 428 10 13 0.097894646 
381 461 8 10 0.09779222 
772 295 11 14 0.09735019 
70 490 208 212 0.09590246 
901 601 13 18 0.09544595 
354 325 9 11 0.09500883 
383 348 11 12 0.09328505 
352 429 11 16 0.093135424 
125 237 53 91 0.092806585 
904 513 13 17 0.09051232 
304 362 11 13 0.09025374 
550 322 12 15 0.08961137 
916 496 18 20 0.08959384 
517 316 10 13 0.08947142 
790 386 12 15 0.08901471 
710 436 12 15 0.08790644 
452 481 14 16 0.08783118 
1013 478 11 17 0.08738956 
422 534 46 59 0.087203264 
476 526 14 18 0.087200284 
438 278 9 10 0.08484956 
727 316 12 16 0.08471926 
599 322 11 14 0.083982565 
994 331 13 15 0.083266824 
620 342 13 15 0.08309087 
454 446 11 15 0.081883706 
726 311 10 12 0.08107199 
429 393 11 14 0.080693506 
704 428 10 14 0.080561556 
629 334 9 11 0.08049205 
467 372 12 16 0.080273725 
603 347 12 14 0.07989074 
622 423 12 16 0.07980452 
790 410 14 16 0.07956851 
587 436 12 17 0.07892309 
930 654 12 15 0.07887279 
621 451 15 19 0.0785556 
471 406 14 17 0.07840302 
549 436 14 18 0.07837472 
456 422 10 13 0.07702283 
909 576 14 19 0.07339848 
1010 181 10 14 0.0730722 
618 469 16 19 0.07284235 
709 398 13 17 0.07280359 
719 262 10 12 0.07262942 
648 432 16 19 0.07232192 
333 356 10 13 0.07173734 
665 295 10 13 0.07111155 
566 364 11 14 0.07098299 
500 365 10 14 0.07090367 
543 319 11 14 0.068894975 
878 118 10 10 0.06756595 
724 499 10 13 0.06712004 
652 307 11 14 0.066548236 
432 435 10 13 0.066445224 
846 390 14 17 0.066291414 
614 300 13 14 0.06468213 
615 345 12 15 0.064561695 
969 624 13 18 0.06379151 
651 330 12 15 0.063349165 
386 439 10 12 0.0630507 
844 431 15 19 0.062246922 
845 443 12 17 0.062210113 
620 298 12 15 0.06179737 
309 441 10 13 0.061034653 
616 396 11 14 0.060775127 
832 237 10 13 0.060606867 
597 412 12 16 0.060335424 
516 299 10 12 0.06002641 
549 423 12 16 0.05969305 
399 347 10 13 0.059140805 
945 514 16 20 0.05868514 
652 406 11 14 0.058533154 
854 371 13 16 0.058515705 
757 302 9 12 0.058284957 
703 313 10 12 0.05821292 
790 531 21 27 0.057792004 
804 294 10 13 0.057701327 
932 636 10 12 0.057492603 
35 235 91 135 0.05721291 
742 544 17 19 0.056733035 
582 356 11 14 0.056556523 
1008 295 11 13 0.056214254 
681 404 14 17 0.055962764 
748 611 18 21 0.055916242 
341 307 10 14 0.055549 
391 293 9 11 0.055338517 
472 336 11 13 0.055050515 
398 278 9 11 0.054874677 
621 397 11 14 0.05462751 
352 376 9 12 0.054536745 
717 465 14 18 0.05430611 
666 507 14 19 0.054253656 
766 318 10 14 0.054208998 
128 241 30 37 0.053901147 
1000 191 9 10 0.05387776 
572 371 11 14 0.05364363 
614 389 11 13 0.0536053 
785 570 13 18 0.05352811 
375 280 8 10 0.053346686 
517 397 11 14 0.05326983 
860 365 12 15 0.05318126 
422 438 9 12 0.05308707 
672 459 12 16 0.05271088 
919 404 13 17 0.052389614 
789 316 16 19 0.05202903 
958 135 8 10 0.05194222 
753 584 26 33 0.05187039 
646 362 9 13 0.05166149 
812 278 9 12 0.051541664 
739 429 9 12 0.051356316 
603 409 12 16 0.051334243 
535 316 9 12 0.051260985 
997 144 9 12 0.051104464 
978 190 13 16 0.05073296 
436 390 11 13 0.05047391 
397 341 9 13 0.050423633 
544 279 9 11 0.049924903 
862 347 11 14 0.049885526 
475 332 12 15 0.04977841 
699 360 13 16 0.049715362 
481 389 12 14 0.049262118 
470 378 11 14 0.049027912 
352 342 10 12 0.048966028 
773 316 10 13 0.048912138 
948 526 16 20 0.04883477 
851 551 13 17 0.0486003 
374 286 10 12 0.04851396 
360 399 9 12 0.048459735 
430 483 12 16 0.04834524 
993 111 8 11 0.048322886 
391 339 11 14 0.04787631 
993 147 9 12 0.047858804 
417 382 10 11 0.04741584 
957 142 9 11 0.047360912 
718 561 14 21 0.0471334 
676 367 11 13 0.04696683 
512 295 10 12 0.04652764 
702 281 10 13 0.046471488 
490 404 12 15 0.046023943 
883 443 13 17 0.04598185 
434 278 9 11 0.04596171 
359 484 10 13 0.04557211 
746 575 26 33 0.045504414 
390 368 14 17 0.045339487 
1004 205 10 11 0.04516337 
425 230 9 11 0.045138538 
719 560 24 31 0.04473988 
919 118 9 11 0.04464272 
838 386 12 16 0.04461996 
605 358 12 14 0.044311956 
445 481 14 16 0.04424478 
829 215 8 10 0.04408624 
494 294 8 11 0.044019535 
480 428 11 13 0.04394008 
215 152 9 11 0.043812532 
572 365 10 12 0.043594573 
582 393 13 16 0.043390654 
441 339 10 13 0.043216497 
512 316 11 14 0.04300027 
598 472 15 20 0.042624205 
551 303 10 12 0.04250078 
712 330 12 14 0.04232079 
671 454 11 14 0.042309258 
528 253 9 11 0.042032186 
459 491 14 17 0.041647684 
807 426 12 16 0.04159259 
976 310 12 15 0.0415786 
840 213 9 10 0.04119027 
782 311 9 12 0.041181333 
955 541 16 21 0.04113819 
650 442 15 18 0.04108521 
382 317 9 11 0.04107141 
758 604 44 50 0.040882178 
409 478 24 26 0.040330306 
82 242 94 132 0.040284008 
906 660 13 16 0.040273298 
845 297 13 16 0.040190525 
853 478 13 17 0.040040713 
611 458 17 21 0.039826166 
787 498 14 17 0.039799724 
407 295 9 11 0.039657015 
372 366 10 12 0.039652668 
455 278 10 12 0.039505377 
501 359 10 12 0.03948925 
783 315 12 16 0.03900775 
427 373 12 13 0.03884295 
436 397 12 15 0.03872196 
248 395 40 42 0.038462963 
1008 414 11 14 0.038442735 
909 501 15 17 0.03809659 
782 526 20 25 0.03780274 
981 428 11 15 0.037699454 
879 340 11 15 0.03769759 
788 417 14 17 0.037612114 
445 335 11 13 0.037505038 
550 284 10 12 0.037313785 
1013 120 8 12 0.037279096 
471 319 10 13 0.03725983 
775 311 10 13 0.037253484 
494 260 9 11 0.03723116 
994 481 12 19 0.03717295 
375 292 10 12 0.03711408 
975 139 9 12 0.03707226 
822 584 22 29 0.036896203 
812 428 12 15 0.03687554 
648 411 12 15 0.03684605 
815 131 12 13 0.036811594 
878 438 13 16 0.036757704 
352 404 10 12 0.03669222 
853 443 13 18 0.036628 
502 370 11 15 0.036536478 
730 321 13 16 0.036488388 
311 393 11 13 0.03613926 
359 348 10 12 0.036127422 
1007 475 13 18 0.036050223 
454 284 11 12 0.03604323 
754 365 14 17 0.036035728 
868 547 14 19 0.035990853 
808 446 12 17 0.035808086 
274 398 13 14 0.035799116 
648 304 11 12 0.03577073 
851 625 15 17 0.03560462 
532 448 13 18 0.03559987 
381 312 10 11 0.035508577 
776 467 12 16 0.035482187 
261 369 13 15 0.035375763 
421 302 9 13 0.03530531 
949 650 12 14 0.035280302 
639 492 12 16 0.035201095 
384 263 10 12 0.03476639 
608 301 11 13 0.03455375 
405 349 10 14 0.034548726 
487 293 10 12 0.034522936 
489 261 9 11 0.034394875 
794 430 14 17 0.034178812 
820 444 13 17 0.03410811 
581 412 11 14 0.034069423 
756 376 12 14 0.034058698 
461 428 9 12 0.03403396 
781 205 8 10 0.03398015 
393 288 9 12 0.033937555 
319 388 9 12 0.033908 
802 315 21 27 0.033859193 
388 348 12 14 0.033858974 
798 347 11 13 0.033830877 
485 372 10 13 0.033782788 
873 363 12 16 0.03377721 
437 482 15 17 0.03360608 
548 424 19 27 0.033536486 
359 454 8 11 0.033503953 
485 318 11 14 0.033363037 
375 372 10 14 0.033283908 
958 396 12 15 0.03323848 
552 359 13 16 0.033154715 
820 308 11 13 0.03310026 
370 286 9 12 0.032868635 
984 570 14 17 0.032754403 
956 329 13 16 0.032555245 
976 348 14 16 0.03250708 
456 303 12 15 0.032436557 
751 260 10 12 0.03237103 
600 356 11 14 0.03236371 
761 618 16 21 0.032327052 
898 532 15 18 0.032287575 
712 470 10 14 0.03224402 
574 358 11 13 0.032241765 
982 477 21 26 0.03217979 
718 266 10 13 0.03215806 
904 572 13 17 0.032130137 
818 300 11 14 0.03207038 
935 181 12 14 0.03189906 
459 442 12 17 0.03182096 
840 208 9 10 0.031802066 
355 334 11 13 0.031768262 
492 434 16 19 0.03167707 
826 457 14 18 0.031634245 
718 325 10 15 0.031561527 
383 294 9 11 0.031442057 
391 328 10 12 0.031394996 
475 275 11 12 0.031382244 
815 272 9 11 0.031353492 
455 439 11 13 0.03126821 
650 450 15 20 0.031065637 
380 286 9 12 0.031064995 
725 330 14 18 0.030893894 
995 357 17 21 0.030749844 
933 394 13 15 0.030634668 
567 341 11 14 0.030312952 
772 579 28 39 0.03031228 
464 404 10 15 0.030290298 
372 358 11 13 0.030235196 
781 412 11 15 0.030123934 
724 261 10 12 0.030058255 
419 307 10 14 0.029867623 
702 421 11 15 0.02977699 
686 379 12 15 0.029714838 
757 414 10 13 0.029653141 
512 276 9 11 0.029645756 
1013 185 9 14 0.029601756 
825 274 10 14 0.029385585 
971 529 16 19 0.029274985 
506 215 7 10 0.02926202 
819 316 12 15 0.029189965 
376 457 10 12 0.029164555 
573 342 10 13 0.029032819 
720 307 10 13 0.029020907 
718 506 13 16 0.029007902 
510 365 13 16 0.028989803 
559 288 8 10 0.028972741 
494 221 9 11 0.028949715 
773 371 12 16 0.028873462 
395 357 11 14 0.028853472 
364 350 10 12 0.028782653 
614 286 9 11 0.028625026 
412 431 12 14 0.028583145 
852 468 12 16 0.028556095 
334 407 9 12 0.02852402 
576 277 9 11 0.028514985 
751 255 9 11 0.028511893 
532 362 13 17 0.028291075 
367 357 10 12 0.028290484 
960 128 8 9 0.028232649 
424 430 9 13 0.028156705 
478 373 12 15 0.028115695 
261 288 10 12 0.028082265 
455 327 10 12 0.028008351 
750 215 8 11 0.027990157 
750 271 12 14 0.027916977 
322 532 30 39 0.027913133 
784 322 12 16 0.027892286 
950 535 17 21 0.027844094 
1005 165 9 12 0.027800398 
450 451 12 14 0.02776097 
367 421 9 12 0.027743047 
862 355 12 16 0.027596362 
957 532 20 26 0.027585834 
692 506 13 16 0.027552275 
897 216 9 11 0.027498202 
720 315 10 15 0.027496008 
829 271 10 13 0.027401336 
820 128 11 12 0.027370485 
431 351 10 12 0.027355492 
802 403 12 16 0.027323846 
358 420 10 14 0.027309638 
570 412 10 13 0.027304867 
448 284 9 12 0.027267471 
845 475 14 18 0.027266145 
359 318 10 13 0.027166309 
694 425 12 17 0.027093442 
884 340 12 15 0.026926985 
354 386 10 13 0.026904363 
763 371 13 16 0.026894283 
453 271 10 11 0.026872385 
385 356 11 14 0.026818171 
795 648 16 21 0.026814943 
424 324 10 13 0.026758527 
327 335 10 11 0.026745876 
448 270 9 11 0.026584847 
838 434 14 18 0.026530476 
741 510 12 16 0.026132528 
893 596 16 21 0.0260471 
351 424 10 13 0.025952753 
516 365 12 15 0.025951454 
382 455 10 11 0.025813572 
446 479 23 24 0.025807243 
921 504 15 20 0.025721196 
325 386 10 13 0.02568445 
789 270 9 11 0.0256487 
93 203 150 220 0.025628265 
376 301 9 11 0.025570732 
391 377 12 15 0.025556177 
680 498 12 16 0.02547569 
407 303 10 12 0.025402164 
449 387 12 14 0.025382528 
941 180 13 16 0.025380556 
416 376 9 12 0.025355281 
488 308 10 13 0.025343688 
579 406 12 14 0.025272904 
960 346 13 17 0.025209969 
805 476 12 15 0.025152838 
360 238 8 10 0.025091749 
485 286 10 13 0.025057314 
812 286 10 13 0.025012994 
822 464 14 18 0.025003275 
470 263 9 11 0.024972737 
393 278 9 11 0.024959378 
1007 187 11 13 0.02490399 
591 261 9 11 0.024871072 
35 383 17 22 0.02486807 
807 309 9 12 0.024865724 
437 284 10 12 0.024849575 
736 287 11 13 0.024849348 
1007 174 10 13 0.024810774 
415 278 9 11 0.02476815 
342 415 9 11 0.024731703 
559 292 10 13 0.024727065 
748 574 44 51 0.024717283 
461 278 9 12 0.024716442 
903 655 12 14 0.024691427 
944 571 16 20 0.024686815 
429 231 9 11 0.0246529 
360 413 9 12 0.024646528 
365 245 9 10 0.024628444 
423 422 8 11 0.024584416 
910 179 11 14 0.024489803 
790 393 14 17 0.02446456 
950 512 21 27 0.02443881 
598 312 9 12 0.024416367 
510 214 8 9 0.024369748 
776 253 9 11 0.024342168 
785 270 9 11 0.024328392 
1000 373 15 19 0.024315486 
675 463 14 18 0.024295375 
909 348 14 16 0.024227759 
370 291 8 12 0.024225932 
956 506 15 19 0.024199586 
714 443 13 15 0.024116889 
847 255 9 11 0.024114745 
627 420 12 16 0.024109894 
582 364 10 13 0.024065012 
733 308 12 15 0.02403878 
795 419 13 16 0.024037864 
980 200 13 17 0.024033194 
699 351 12 15 0.02402099 
545 426 12 17 0.023974529 
884 259 11 15 0.023908308 
976 485 16 20 0.023898525 
948 181 12 15 0.023830356 
502 403 11 14 0.023803711 
734 445 12 14 0.023784658 
741 555 44 52 0.023723982 
941 331 13 17 0.023635438 
342 214 8 10 0.023591451 
923 331 12 17 0.023546603 
996 559 14 17 0.0235085 
887 557 17 22 0.023473881 
676 377 13 17 0.023453638 
685 300 10 13 0.023429697 
568 487 10 14 0.023342554 
345 428 12 16 0.023339495 
388 392 10 13 0.023329172 
907 353 14 17 0.02332826 
753 446 13 17 0.023295786 
423 477 24 27 0.023280129 
534 221 9 10 0.023232868 
903 499 13 16 0.023215888 
711 293 11 14 0.023180947 
502 260 9 12 0.023140047 
959 417 14 18 0.023118729 
778 625 35 42 0.023093669 
765 599 18 22 0.02303014 
725 568 26 33 0.023027375 
517 276 10 12 0.022997262 
959 120 7 8 0.022990873 
846 642 15 17 0.022985889 
334 293 8 10 0.022927968 
798 537 24 31 0.022922913 
825 409 14 17 0.02290386 
647 244 10 12 0.022881772 
356 376 11 14 0.022836521 
29 191 9 10 0.022800246 
829 442 13 17 0.022751827 
713 459 10 15 0.0226449 
896 221 10 13 0.022634042 
627 235 11 15 0.02263131 
863 596 24 28 0.02261552 
720 257 9 11 0.022594415 
751 511 13 16 0.022587243 
532 253 10 12 0.022578897 
653 284 11 12 0.022573957 
790 312 12 13 0.022570943 
527 311 10 13 0.022560503 
865 611 17 22 0.022559596 
462 293 9 12 0.022545712 
684 373 12 15 0.022534057 
527 355 11 13 0.022505099 
383 334 10 11 0.022455141 
784 599 18 23 0.022447033 
358 270 10 12 0.022446865 
814 397 14 18 0.022412296 
1000 285 9 12 0.022364495 
771 516 15 19 0.022339912 
674 508 13 16 0.022336492 
772 436 14 17 0.022327919 
358 254 9 10 0.022294218 
766 557 15 19 0.02229118 
610 502 21 30 0.022256624 
276 417 23 31 0.022217713 
406 414 19 23 0.022197897 
593 380 13 17 0.022168884 
478 286 11 13 0.022117795 
381 279 9 10 0.022073394 
358 276 10 12 0.0220645 
415 296 9 10 0.022060331 
880 221 10 13 0.022018522 
436 356 11 14 0.021985985 
566 333 9 12 0.021981362 
406 255 10 12 0.021930944 
665 350 10 14 0.021902334 
750 291 10 13 0.021894962 
814 308 12 15 0.021876192 
870 356 13 16 0.021867707 
685 529 14 21 0.021867696 
758 359 10 13 0.021861004 
585 381 13 17 0.02185054 
466 346 11 14 0.02174618 
597 277 9 12 0.021741228 
593 277 9 10 0.021739557 
532 354 13 15 0.021724299 
52 195 12 15 0.021706259 
318 279 10 11 0.021676527 
622 412 13 17 0.0216276 
924 346 13 16 0.021605153 
745 367 13 16 0.021471964 
801 361 13 16 0.021447713 
677 519 23 35 0.021414777 
455 254 9 11 0.021414591 
956 487 14 19 0.021372726 
433 412 9 12 0.02137173 
1000 183 10 12 0.021367174 
608 308 10 12 0.021363495 
951 394 10 14 0.021360133 
478 358 11 13 0.021339828 
457 483 15 18 0.021335118 
445 399 13 15 0.021306915 
700 605 13 16 0.021286655 
599 335 11 13 0.021283831 
436 444 12 14 0.021251215 
417 245 8 10 0.021250734 
510 323 12 14 0.021211455 
452 485 23 28 0.021193331 
489 301 10 13 0.021176914 
605 451 16 19 0.021168137 
451 456 15 18 0.0211535 
832 386 12 17 0.021140127 
845 363 12 15 0.021135982 
558 301 10 12 0.02112538 
675 348 11 15 0.021108398 
511 311 10 12 0.021065677 
564 456 13 17 0.021064779 
447 308 12 14 0.021059982 
671 408 13 16 0.021056697 
342 396 10 13 0.021055158 
591 475 12 17 0.021048397 
460 285 10 12 0.021025639 
713 267 10 12 0.021013884 
589 375 12 15 0.021009637 
761 207 8 9 0.021009225 
583 272 9 11 0.020970063 
887 492 12 16 0.02094981 
454 333 10 12 0.020935988 
479 310 10 12 0.020886654 
591 335 10 12 0.020827439 
659 508 24 33 0.020800672 
1006 160 9 12 0.020776406 
628 299 10 13 0.02076038 
722 512 22 29 0.02075243 
545 232 9 10 0.020714013 
647 404 11 15 0.020696957 
768 248 9 10 0.020674795 
351 286 8 9 0.020661697 
751 413 11 15 0.020623056 
863 127 7 9 0.020614374 
672 398 13 17 0.020609574 
453 358 12 14 0.020609427 
493 336 11 14 0.02056519 
853 378 14 18 0.020520503 
407 308 10 13 0.020518865 
827 219 11 13 0.020476721 
526 364 12 16 0.020474168 
868 348 12 15 0.020471135 
838 442 14 18 0.020448647 
446 328 10 12 0.020412901 
434 425 19 23 0.020374557 
685 342 11 13 0.02037314 
422 269 9 12 0.0203701 
877 348 13 17 0.02036511 
700 298 12 14 0.020356316 
816 408 14 18 0.02033165 
407 427 13 15 0.020308614 
390 270 9 11 0.020281306 
376 231 10 11 0.020255068 
723 302 10 13 0.020195844 
729 553 30 35 0.020170527 
326 303 8 10 0.020131687 
792 231 9 9 0.020128392 
737 528 20 24 0.020126337 
901 214 10 12 0.020088695 
845 192 9 11 0.020085664 
735 237 9 11 0.020054957 
740 444 12 15 0.020032896 
549 414 12 15 0.020007325 
