2_Demonstration_Protesters_2_822
80
719 384 85 109 0.99812955 
300 343 49 70 0.99629885 
937 383 37 39 0.9957653 
207 384 44 56 0.99243075 
28 362 40 56 0.9864299 
675 361 42 50 0.98054 
1001 368 18 24 0.9583411 
599 435 45 67 0.941385 
104 428 44 59 0.93558055 
975 360 20 27 0.56680524 
138 369 24 28 0.3944446 
-3 364 30 46 0.31131226 
718 331 14 18 0.23641288 
675 317 13 16 0.23404704 
477 355 14 16 0.23370089 
80 390 26 33 0.22068697 
8 354 41 60 0.17139179 
497 326 19 22 0.1432516 
600 426 29 41 0.119111 
193 372 12 16 0.1089419 
688 343 10 12 0.108014114 
354 606 9 12 0.10722434 
255 714 27 43 0.097290136 
985 364 20 26 0.09317849 
188 368 22 28 0.084209576 
266 380 38 50 0.074218765 
1011 467 11 18 0.07386706 
845 474 50 56 0.06563626 
120 444 47 61 0.060073406 
600 661 43 51 0.05871054 
450 574 30 40 0.05747638 
84 290 25 38 0.05451699 
431 337 14 20 0.052504342 
86 401 43 58 0.052499495 
85 396 31 38 0.045263723 
669 342 9 13 0.04160787 
563 282 15 19 0.03747974 
951 440 40 52 0.037174996 
124 365 28 37 0.03680723 
434 402 44 56 0.03591913 
3 404 29 48 0.033761587 
949 372 28 34 0.03373329 
387 571 59 82 0.032532606 
96 386 43 54 0.031426433 
819 475 46 58 0.030823857 
709 419 25 43 0.029966 
671 313 21 26 0.029946629 
926 380 27 32 0.028878516 
559 289 11 16 0.028669184 
493 334 18 20 0.02834091 
141 452 42 57 0.02833349 
1009 364 14 21 0.027542863 
132 382 30 35 0.027450036 
95 429 31 44 0.027418673 
366 585 57 84 0.026665188 
691 340 12 14 0.026621873 
958 365 12 16 0.025840094 
151 375 17 21 0.025432562 
687 336 11 13 0.025356673 
998 399 22 31 0.025032759 
284 555 11 15 0.02495893 
491 363 13 16 0.02455554 
482 358 16 18 0.02421184 
940 399 28 34 0.024118522 
938 424 17 21 0.023872258 
1014 235 9 15 0.023334198 
492 315 44 55 0.023096643 
992 261 10 13 0.023001824 
776 315 16 20 0.022833597 
471 360 13 17 0.022419617 
454 405 47 55 0.022298772 
555 274 21 30 0.022046808 
716 317 14 17 0.022024019 
482 350 14 18 0.02191863 
1006 461 18 30 0.021461558 
471 350 14 17 0.021031559 
257 390 33 44 0.0208057 
372 388 34 47 0.020472972 
238 369 46 60 0.020195512 
974 261 10 13 0.02007978 
