2_Demonstration_Demonstration_Or_Protest_2_816
151
140 280 53 68 0.99933076 
815 80 38 47 0.9979729 
348 264 49 70 0.99779415 
217 256 48 69 0.9975924 
793 225 38 51 0.994959 
722 2 38 52 0.99322987 
93 64 39 50 0.99242216 
14 170 43 50 0.99177176 
680 202 41 56 0.9897793 
447 63 34 49 0.98597205 
302 149 43 52 0.98485684 
863 171 40 54 0.9837081 
494 159 42 53 0.98270386 
683 65 35 48 0.9822681 
357 398 48 58 0.97457993 
460 220 46 59 0.97356623 
316 210 44 50 0.96018475 
575 122 44 50 0.9562864 
633 171 32 45 0.949574 
182 200 46 55 0.94608784 
436 197 30 49 0.94055974 
357 5 30 32 0.933302 
303 -3 43 45 0.9196192 
110 2 33 25 0.89874506 
890 5 23 30 0.8035974 
780 284 45 59 0.79217213 
490 2 26 30 0.7683006 
598 227 50 60 0.62806517 
970 144 38 45 0.6153383 
391 0 25 28 0.6087366 
311 486 89 115 0.47105542 
640 26 35 38 0.43557182 
161 -1 33 28 0.42921036 
203 159 17 19 0.37819213 
642 146 38 38 0.3333996 
193 163 28 35 0.2566665 
505 104 30 38 0.20683624 
460 278 22 30 0.18751186 
175 2 20 20 0.17743157 
103 535 61 71 0.17037748 
545 300 30 42 0.153 
1002 84 23 44 0.12852928 
53 -2 34 30 0.11203374 
842 19 41 50 0.10328647 
618 123 24 33 0.10327923 
587 246 41 55 0.096785896 
885 376 51 60 0.092967376 
167 98 25 33 0.08972371 
371 3 29 29 0.080011524 
0 33 21 45 0.0735024 
631 233 44 58 0.072740816 
176 185 38 46 0.06869364 
181 507 47 62 0.061887 
165 86 25 31 0.055586953 
871 66 40 51 0.054488372 
986 436 39 70 0.054459985 
572 261 42 58 0.054421116 
584 397 59 69 0.049484897 
0 -2 20 21 0.049367033 
845 16 18 21 0.04688786 
171 111 17 23 0.04679999 
635 156 30 38 0.04648005 
92 506 63 79 0.04316934 
614 201 52 63 0.042903714 
464 450 51 59 0.042619005 
218 28 41 48 0.04030973 
431 185 29 42 0.038527597 
166 8 29 38 0.03808011 
257 3 33 42 0.037937175 
650 243 32 42 0.037851594 
709 616 17 22 0.037729874 
281 187 20 24 0.03747858 
345 9 31 37 0.037339184 
158 2 20 20 0.03714143 
23 136 30 35 0.036728315 
227 526 58 60 0.0362474 
530 285 40 50 0.035717536 
665 267 39 57 0.035057683 
570 379 47 62 0.03505526 
396 446 45 61 0.03480195 
434 4 15 18 0.034630265 
874 -1 39 43 0.033793 
451 265 38 52 0.03371646 
654 251 40 58 0.0335887 
977 106 42 62 0.03322975 
12 -1 27 32 0.032222304 
163 548 57 74 0.03211924 
877 97 34 39 0.03202807 
169 183 29 38 0.031889465 
314 469 60 72 0.03180608 
979 92 36 44 0.031746272 
200 147 25 28 0.031538337 
650 26 45 56 0.031328034 
478 3 27 33 0.03126222 
123 -1 33 28 0.031109616 
846 5 34 33 0.030810954 
180 104 26 34 0.030602738 
640 259 40 63 0.030071883 
491 128 42 53 0.029371755 
186 525 56 69 0.029364118 
698 390 93 123 0.029242987 
768 60 42 49 0.029205617 
259 226 35 45 0.029163599 
892 345 55 71 0.02896535 
1010 94 15 26 0.028446177 
906 420 81 126 0.028396618 
867 357 88 105 0.028369548 
334 240 51 62 0.028171813 
428 214 35 55 0.027945038 
838 320 48 56 0.027853705 
300 463 50 62 0.027613577 
575 401 93 112 0.02757518 
503 3 18 22 0.026859129 
231 59 29 31 0.026630469 
303 602 19 23 0.026608407 
975 510 36 44 0.02655518 
164 76 13 17 0.02654792 
0 67 18 33 0.026483169 
349 11 18 20 0.026415512 
511 116 33 41 0.026395813 
162 107 36 47 0.02604278 
962 420 67 121 0.02587051 
132 518 51 73 0.02533264 
171 160 40 49 0.024985032 
545 278 42 53 0.024780178 
401 8 27 34 0.024600564 
124 520 233 233 0.024205435 
632 138 34 39 0.02417755 
212 24 26 33 0.024173802 
880 395 85 117 0.023922281 
899 66 30 41 0.023458682 
990 66 33 48 0.022823019 
209 4 47 49 0.022802457 
618 133 30 40 0.022724694 
246 218 29 44 0.02263664 
117 494 57 72 0.022042742 
885 85 33 40 0.021993453 
181 16 26 34 0.021905677 
753 119 45 61 0.02184518 
176 90 18 22 0.021513186 
854 41 42 53 0.021507192 
641 8 38 42 0.020926967 
183 30 37 46 0.020813113 
191 225 51 64 0.020775272 
274 169 24 31 0.020709893 
535 1 45 47 0.020633565 
370 453 47 62 0.020584049 
664 371 52 63 0.020487769 
485 76 29 38 0.020403247 
845 350 55 70 0.020283634 
679 279 39 51 0.020015374 
