2_Demonstration_Protesters_2_525
1340
660 484 31 40 0.9989379 
994 458 31 36 0.9978077 
416 515 28 37 0.99713886 
880 518 35 44 0.9970203 
554 484 30 40 0.99681383 
760 458 26 32 0.9962167 
578 402 23 29 0.9961371 
484 436 27 33 0.99606353 
848 426 23 29 0.9948709 
849 368 16 19 0.993658 
763 400 23 30 0.9935941 
765 302 15 20 0.99076533 
297 487 31 36 0.9899664 
232 486 25 28 0.98979026 
468 331 14 17 0.9880432 
325 416 23 27 0.9874723 
389 437 20 27 0.9872758 
203 381 20 28 0.98700094 
999 397 21 28 0.98560774 
480 399 17 21 0.9799778 
920 477 31 37 0.9781123 
595 211 14 18 0.97716933 
337 346 19 23 0.973918 
501 318 13 16 0.973421 
712 307 16 20 0.97340083 
317 326 15 18 0.9721113 
657 427 26 31 0.9698462 
592 344 16 20 0.9680006 
310 384 20 25 0.96572024 
809 228 15 19 0.9656016 
54 433 23 30 0.96109384 
718 330 14 19 0.96088946 
919 376 20 24 0.96030664 
453 267 13 16 0.9593865 
781 344 16 18 0.95758474 
615 210 14 18 0.95689493 
455 308 12 16 0.95599896 
715 361 21 26 0.9548618 
250 368 20 26 0.9474344 
61 344 15 17 0.9442393 
362 307 14 17 0.93996924 
884 330 12 16 0.93964887 
2 372 20 27 0.93618435 
951 351 20 23 0.932627 
79 316 13 16 0.92877626 
527 277 11 14 0.92506075 
145 341 12 16 0.92335814 
671 321 16 20 0.9128591 
500 283 13 15 0.9126095 
835 341 12 16 0.9119133 
639 295 14 18 0.9115355 
1005 238 17 21 0.90862495 
725 206 13 15 0.9073727 
990 380 16 19 0.9066772 
248 311 13 15 0.9060872 
685 220 15 19 0.90574825 
862 331 12 16 0.90188175 
783 317 16 19 0.9004507 
845 397 17 22 0.89437175 
79 380 20 23 0.89306295 
414 314 12 15 0.8903309 
722 225 14 17 0.886063 
866 228 12 16 0.8822818 
525 395 17 21 0.8820691 
775 231 14 18 0.875292 
185 339 12 16 0.8671018 
441 292 11 15 0.85820156 
475 294 12 15 0.85266286 
960 236 10 14 0.8347101 
408 205 9 11 0.83380264 
541 287 12 15 0.8216299 
167 288 10 13 0.8162876 
385 280 9 13 0.8079717 
968 249 13 16 0.8043282 
147 450 17 22 0.76708484 
436 355 12 17 0.75217587 
797 364 17 19 0.7420618 
566 279 12 16 0.7342826 
133 285 10 13 0.7339131 
26 414 18 21 0.7325059 
123 300 11 15 0.7247864 
996 223 12 16 0.70999104 
53 298 11 14 0.708358 
385 348 13 16 0.7058377 
973 218 12 15 0.70459807 
20 296 12 15 0.6964389 
243 293 10 13 0.68422854 
560 208 9 12 0.67793524 
447 210 9 12 0.65020984 
255 347 15 18 0.64705104 
831 364 14 18 0.6403066 
644 217 13 17 0.6376487 
274 358 15 19 0.6336523 
31 319 12 15 0.62246037 
948 433 22 25 0.6161867 
56 410 20 22 0.59470916 
806 435 14 19 0.5916949 
115 358 14 18 0.5880973 
828 218 14 19 0.5815616 
532 335 16 19 0.5780629 
835 255 15 18 0.572416 
967 544 37 32 0.5705151 
225 312 11 15 0.5635395 
297 310 11 15 0.5623106 
86 409 17 21 0.5413953 
416 274 11 14 0.5334527 
327 276 8 12 0.53050023 
519 237 11 14 0.5187081 
222 284 9 11 0.51831883 
90 464 17 22 0.5183078 
767 217 14 17 0.51554924 
358 275 9 12 0.5140764 
265 287 10 13 0.5136758 
298 314 14 17 0.5035056 
310 284 9 12 0.5024897 
0 346 11 15 0.49874493 
109 354 16 18 0.49855176 
500 215 10 12 0.49534798 
209 353 19 21 0.493947 
632 228 10 13 0.49201617 
915 237 12 14 0.47639117 
753 204 10 13 0.47025388 
343 264 10 13 0.46720725 
588 268 12 15 0.4646024 
392 213 8 11 0.4635583 
373 292 10 13 0.46079472 
213 298 10 14 0.4564318 
319 294 10 13 0.4557892 
368 328 14 18 0.45151904 
466 373 16 16 0.4489635 
22 335 12 16 0.4488217 
383 523 28 39 0.4488104 
478 212 9 11 0.43894288 
825 181 9 12 0.4381997 
87 511 22 26 0.42055854 
532 555 26 25 0.41836175 
891 236 12 15 0.40869957 
558 329 13 16 0.4054113 
873 373 12 16 0.38226256 
406 407 15 21 0.37847757 
662 372 13 17 0.37769544 
876 406 13 18 0.3713322 
424 216 9 11 0.3670339 
334 303 10 12 0.36668256 
168 256 9 10 0.36156222 
157 279 9 11 0.35997358 
422 333 13 17 0.35508448 
532 310 12 14 0.34819227 
368 267 10 12 0.34741008 
822 402 15 20 0.34425148 
909 324 13 16 0.34341475 
618 267 12 17 0.3311169 
415 366 13 16 0.32591522 
926 263 10 12 0.3240698 
941 293 10 12 0.32266486 
75 261 8 11 0.32182178 
375 236 9 10 0.31832108 
99 513 17 22 0.3160558 
524 207 9 12 0.31592238 
726 293 15 17 0.3143736 
636 337 15 17 0.31246406 
578 299 12 14 0.30893677 
156 310 11 14 0.30848384 
274 270 8 12 0.30696633 
262 447 23 32 0.30071685 
112 270 9 11 0.29128236 
471 231 9 11 0.28975713 
664 307 13 17 0.28869212 
124 320 11 14 0.28680602 
309 264 9 11 0.28043115 
293 294 9 10 0.27870578 
885 218 12 17 0.26905957 
678 258 15 19 0.26881447 
293 347 14 19 0.2627754 
430 378 14 18 0.25638482 
104 280 8 11 0.25484845 
437 408 15 19 0.25249463 
192 324 11 14 0.25180003 
115 403 16 21 0.2504946 
541 207 9 11 0.24919237 
863 251 10 13 0.24742109 
765 515 21 29 0.24585262 
73 279 9 12 0.24488203 
471 250 12 15 0.2437951 
941 236 11 14 0.239966 
503 365 12 16 0.23833628 
406 254 10 12 0.23755375 
948 279 11 12 0.237002 
563 302 11 14 0.23554647 
498 253 14 16 0.23526843 
593 322 13 16 0.23241438 
351 292 10 13 0.23057967 
375 214 8 10 0.22905234 
902 350 12 14 0.22789729 
163 475 16 23 0.22606444 
392 298 11 14 0.22262202 
932 341 10 14 0.2217412 
165 480 23 31 0.22160242 
592 311 12 14 0.22153881 
780 359 15 18 0.22032827 
88 348 11 14 0.21943569 
563 325 12 15 0.2179217 
288 293 8 11 0.2140328 
428 221 9 12 0.21311638 
-1 423 10 20 0.2110567 
39 280 9 11 0.20847745 
574 211 9 12 0.20588453 
432 200 7 9 0.20554823 
370 383 18 20 0.20511308 
966 379 15 19 0.204906 
278 326 11 14 0.20234936 
487 238 10 12 0.20143685 
534 324 13 16 0.19921392 
252 444 23 31 0.19870432 
258 351 16 20 0.19815986 
876 206 10 13 0.19786128 
428 308 10 13 0.19721742 
191 275 10 12 0.19606182 
438 322 12 17 0.19533029 
442 386 13 16 0.19261308 
348 237 10 12 0.1910195 
30 401 15 21 0.1900356 
111 409 16 21 0.18991053 
550 395 16 21 0.18559894 
240 288 10 12 0.18454148 
169 260 8 11 0.18331732 
613 517 17 22 0.18290064 
383 238 8 11 0.1811875 
97 301 11 14 0.18024479 
520 211 9 11 0.17785753 
470 207 9 12 0.17716187 
826 513 17 21 0.17685504 
74 300 10 14 0.17618684 
117 270 9 11 0.17391996 
565 307 11 14 0.173637 
621 385 15 20 0.17043722 
301 320 14 18 0.17037845 
471 212 10 12 0.16996343 
503 354 12 15 0.16914503 
36 393 19 23 0.16900207 
984 292 11 14 0.1673694 
465 388 16 18 0.16720748 
894 190 11 14 0.16675928 
631 254 10 13 0.16404729 
452 208 8 11 0.16198486 
986 277 12 15 0.16162783 
335 317 12 16 0.16054468 
936 237 10 14 0.15943807 
156 303 10 11 0.1594228 
350 233 8 10 0.15845682 
645 224 15 20 0.15774935 
157 358 9 12 0.15773447 
422 310 12 15 0.15684819 
698 250 14 18 0.15598723 
573 318 12 16 0.15583102 
285 431 13 18 0.15497747 
416 284 10 13 0.15419497 
110 278 9 11 0.15260203 
144 268 9 13 0.15202129 
437 273 11 14 0.15180537 
890 183 9 11 0.15130328 
175 311 11 14 0.14839467 
718 260 15 19 0.14832962 
343 309 10 13 0.14720263 
477 231 8 10 0.14688773 
886 229 13 16 0.14668721 
919 400 14 19 0.14503047 
429 206 9 11 0.1446642 
301 352 14 20 0.14356202 
770 277 16 18 0.14354303 
741 264 13 17 0.14313109 
526 337 14 17 0.1409312 
901 425 17 21 0.14055163 
73 296 9 12 0.13939108 
611 367 15 19 0.13863967 
436 381 14 16 0.13776267 
394 531 18 23 0.13591437 
811 449 21 28 0.13572639 
464 232 9 12 0.13559762 
631 369 15 18 0.1352139 
271 452 24 30 0.1345127 
147 370 18 20 0.13279341 
141 397 15 19 0.13268721 
969 372 14 18 0.13188224 
772 531 26 37 0.13166058 
788 219 12 15 0.13165669 
380 555 15 19 0.13117374 
124 449 17 19 0.13055138 
564 206 10 13 0.1298166 
267 311 11 13 0.12964706 
31 269 8 10 0.12944435 
420 272 10 12 0.12902926 
932 347 10 15 0.12878051 
130 435 17 19 0.124237284 
934 220 10 14 0.123666584 
517 338 11 15 0.12310889 
407 228 9 12 0.12282299 
63 546 15 20 0.122639544 
141 357 13 17 0.12228574 
287 332 11 15 0.12217184 
466 212 8 11 0.12192015 
342 303 10 12 0.12112151 
836 245 14 18 0.120047174 
551 388 14 17 0.11864723 
197 329 11 15 0.117667645 
693 412 19 27 0.11670674 
334 254 9 11 0.11649661 
357 406 16 21 0.11615171 
540 456 23 28 0.11478515 
390 270 10 12 0.114628084 
953 255 10 14 0.11451094 
209 262 9 11 0.113962285 
888 420 18 21 0.112428084 
321 272 8 11 0.11210183 
797 279 12 16 0.111851566 
96 294 10 11 0.11161665 
356 284 11 14 0.11113362 
889 188 10 13 0.11087558 
877 212 13 15 0.11065492 
286 205 8 9 0.110227466 
158 330 11 14 0.1102243 
367 205 8 11 0.11013984 
127 474 14 18 0.110055365 
889 430 23 29 0.10965967 
943 215 10 13 0.10951129 
533 223 10 13 0.109321095 
334 307 12 14 0.10929565 
249 207 7 9 0.10868424 
264 256 9 11 0.10815183 
96 306 11 15 0.106974326 
76 283 9 11 0.10686155 
493 335 12 14 0.106115796 
883 442 23 27 0.10527312 
111 264 9 11 0.1048205 
313 292 10 13 0.10348173 
172 286 10 13 0.103356645 
497 278 12 16 0.102814905 
103 322 12 14 0.102393605 
437 246 10 12 0.100747734 
5 309 10 12 0.09972359 
458 491 17 23 0.09963805 
886 252 12 15 0.09855569 
254 207 7 9 0.09837219 
6 457 15 21 0.09830428 
270 263 8 10 0.09766927 
304 330 12 16 0.097404 
272 276 9 11 0.09723766 
970 330 13 17 0.096051015 
192 261 8 10 0.09568203 
192 309 9 12 0.0956432 
652 353 14 18 0.09399022 
97 286 10 11 0.09362381 
543 371 14 18 0.09338006 
296 272 8 10 0.09332676 
278 431 22 29 0.09235155 
8 324 9 12 0.09231318 
941 328 13 18 0.09220371 
327 301 9 12 0.09202768 
153 315 10 14 0.09182183 
503 230 9 12 0.0917343 
277 275 9 11 0.09168949 
846 226 13 16 0.09150402 
269 256 9 10 0.091141425 
245 300 12 15 0.091082096 
904 343 11 14 0.09105698 
605 181 8 11 0.09099273 
187 333 13 17 0.090811715 
129 459 15 17 0.090807475 
799 211 11 15 0.09077617 
677 246 12 15 0.09064874 
300 340 12 16 0.090631045 
870 283 12 16 0.0903732 
910 251 13 15 0.09031089 
969 214 12 14 0.08993102 
801 358 16 19 0.08963907 
345 214 6 8 0.08942476 
911 242 13 16 0.08888536 
453 329 11 16 0.088862285 
573 307 13 14 0.088656396 
153 301 9 11 0.088587664 
348 310 10 13 0.08802557 
887 243 12 14 0.08794292 
43 380 14 17 0.08752185 
288 337 13 17 0.08737773 
472 326 14 17 0.08736863 
485 472 15 21 0.087146014 
17 545 26 30 0.08622491 
790 203 14 16 0.08611014 
329 255 9 11 0.08595879 
816 371 12 18 0.08592592 
151 411 15 20 0.08560897 
303 269 9 11 0.085552715 
372 265 10 13 0.08493426 
944 286 10 13 0.08486374 
371 508 30 39 0.08467997 
209 295 11 13 0.084086694 
897 354 12 15 0.08358112 
392 245 8 10 0.083524026 
933 229 10 12 0.0834189 
669 207 10 14 0.08341003 
185 207 7 10 0.0833266 
463 285 12 15 0.0827992 
156 417 14 17 0.08154822 
125 296 11 14 0.08140695 
804 210 10 13 0.08139648 
259 341 14 17 0.081354305 
305 222 6 9 0.08114299 
231 255 7 10 0.081065595 
35 330 12 15 0.08088668 
369 286 9 13 0.08067131 
544 261 10 14 0.08037748 
58 264 6 8 0.08033217 
622 407 19 26 0.08007281 
806 440 20 24 0.07994889 
715 559 16 18 0.07954365 
189 239 8 10 0.07950692 
463 377 14 16 0.0787341 
30 495 14 20 0.07845436 
256 272 7 9 0.078328565 
229 353 13 17 0.07799952 
565 317 14 17 0.07796813 
805 476 15 20 0.07782741 
373 499 23 26 0.07780768 
168 268 9 11 0.07772981 
635 227 13 17 0.07766424 
725 239 14 18 0.07762425 
865 327 13 15 0.07746787 
995 542 25 34 0.07722322 
1 308 9 12 0.07718364 
397 215 8 9 0.077175304 
149 270 8 11 0.07706882 
349 263 9 11 0.07662997 
304 254 7 10 0.07606945 
148 360 15 17 0.07568031 
340 316 12 14 0.074701525 
597 252 12 13 0.07470119 
80 518 23 28 0.07434306 
303 248 7 9 0.07418791 
148 402 14 17 0.07398533 
31 371 12 17 0.073161185 
441 206 9 12 0.07308602 
872 209 12 15 0.07304653 
264 332 12 15 0.07243724 
590 183 9 11 0.07229914 
585 182 7 10 0.07199232 
445 326 12 16 0.07196861 
497 221 9 11 0.07186784 
362 207 7 10 0.071856424 
422 244 8 11 0.071586624 
288 271 8 10 0.071536824 
459 423 16 23 0.0714267 
748 234 11 14 0.07127323 
171 355 13 15 0.0711347 
33 279 8 11 0.071077555 
342 392 16 19 0.07078615 
440 239 9 11 0.070592485 
50 296 10 12 0.07058549 
73 257 9 11 0.06996835 
743 354 15 20 0.06963792 
431 360 14 18 0.06938888 
417 245 9 11 0.069334336 
100 451 15 19 0.069195114 
634 377 16 19 0.06908081 
421 285 10 13 0.069043264 
180 309 10 14 0.06904225 
138 443 21 25 0.0690113 
682 251 13 17 0.06889672 
304 278 9 12 0.06871723 
390 239 8 10 0.06868171 
528 315 12 15 0.06826387 
351 270 10 12 0.068235464 
527 200 8 10 0.06817791 
796 373 16 19 0.068033576 
6 280 8 10 0.06801171 
111 325 10 12 0.06797325 
207 362 15 19 0.06789335 
142 322 11 14 0.067669794 
969 255 16 19 0.0666495 
942 434 18 21 0.06662598 
549 267 12 14 0.06656628 
984 284 13 15 0.06594357 
580 306 13 16 0.06559788 
392 254 9 11 0.06551093 
329 240 8 10 0.06530853 
32 264 8 10 0.06523379 
963 232 11 13 0.065169245 
708 199 10 13 0.06513465 
893 255 10 13 0.06501023 
754 379 20 23 0.06500504 
66 236 8 11 0.06493005 
945 271 9 11 0.064880185 
887 390 11 14 0.06483947 
152 212 7 10 0.06445066 
360 214 8 10 0.06418195 
121 297 10 13 0.06388184 
6 304 10 12 0.06377114 
486 268 10 14 0.06346135 
159 284 10 13 0.06316787 
504 237 9 11 0.06309207 
934 334 11 15 0.06303024 
949 214 9 13 0.06301628 
794 401 15 18 0.062473465 
117 458 12 18 0.062443502 
385 208 8 9 0.062400036 
881 404 15 18 0.06235562 
400 221 9 12 0.062063735 
231 339 12 15 0.06193093 
429 253 12 15 0.061834864 
636 273 14 17 0.06180328 
433 246 9 10 0.061754227 
110 340 13 15 0.06174644 
47 340 11 16 0.06169038 
28 331 12 17 0.0616088 
543 181 9 11 0.061492447 
247 455 24 32 0.061377376 
222 302 8 12 0.061261587 
574 339 12 16 0.06120232 
479 236 9 12 0.06110474 
537 211 9 11 0.060972426 
967 265 13 15 0.060804248 
549 378 14 18 0.060673937 
163 469 15 18 0.060425587 
909 278 10 12 0.059867226 
396 307 12 15 0.05968901 
20 356 13 17 0.05955138 
441 392 16 19 0.059549626 
487 379 13 15 0.059354804 
423 240 9 11 0.05916304 
892 317 12 15 0.05881908 
151 254 8 10 0.058802597 
328 209 7 9 0.05867543 
755 521 24 28 0.05819357 
423 303 11 13 0.058160424 
456 247 8 11 0.058126714 
525 250 14 16 0.05808853 
936 215 10 12 0.058010958 
294 288 9 11 0.057903312 
957 252 11 15 0.057818275 
271 246 8 9 0.05763719 
911 231 12 15 0.05752543 
283 206 7 9 0.05749836 
596 491 20 25 0.05743953 
3 367 16 20 0.057428624 
461 276 10 12 0.057417985 
527 222 11 13 0.05728468 
610 450 17 21 0.057274442 
573 222 9 11 0.057137664 
885 396 13 17 0.057001278 
383 199 8 10 0.056943946 
699 352 16 22 0.056875054 
569 222 8 11 0.056818925 
95 457 19 25 0.056803606 
898 361 15 18 0.056745104 
382 232 8 11 0.056524064 
787 377 15 19 0.05640734 
866 246 11 14 0.056363855 
264 207 7 8 0.05609209 
503 209 8 11 0.05603337 
487 206 9 11 0.05584182 
921 261 10 13 0.055707533 
556 268 11 14 0.055515878 
396 364 14 18 0.055458035 
558 319 12 16 0.05544415 
195 407 16 20 0.054990333 
600 182 10 11 0.054906316 
507 391 14 20 0.054869 
742 218 12 16 0.05484003 
370 232 8 10 0.054736633 
320 225 7 9 0.054668017 
921 267 10 13 0.054633282 
281 293 9 11 0.05458033 
6 286 9 11 0.0544094 
883 364 14 18 0.054191448 
26 337 13 17 0.054155115 
398 316 11 15 0.054084007 
156 387 15 19 0.053808168 
69 381 14 18 0.053687114 
377 543 26 29 0.053656414 
272 324 11 15 0.053540416 
762 372 16 19 0.053478174 
110 424 15 20 0.053418204 
431 271 11 15 0.053256076 
392 263 10 12 0.05294506 
905 330 12 16 0.05290388 
442 354 12 17 0.052881822 
743 228 13 18 0.05281569 
427 200 7 9 0.052777357 
719 297 19 22 0.052771106 
761 524 29 39 0.05266135 
501 246 10 13 0.05245316 
516 499 25 28 0.052391984 
560 276 12 16 0.052344706 
998 235 15 20 0.052323107 
437 200 8 9 0.05230663 
446 252 9 13 0.052228734 
710 354 20 26 0.052175015 
728 209 14 17 0.05214055 
948 272 10 12 0.05205039 
523 243 13 15 0.051926065 
336 247 7 10 0.051897757 
97 279 10 12 0.051590625 
24 287 9 12 0.051304646 
397 271 9 11 0.051184095 
78 268 9 10 0.051054038 
960 549 25 29 0.05102531 
370 238 8 10 0.050805163 
166 208 7 9 0.050666727 
250 238 8 10 0.050415736 
32 312 9 12 0.050250154 
103 350 14 17 0.049998667 
838 238 12 15 0.04989318 
787 362 16 18 0.049699932 
365 277 9 11 0.04950235 
430 403 16 19 0.04941904 
424 255 10 12 0.04926087 
278 231 7 9 0.0492019 
207 319 10 13 0.048997227 
975 237 11 14 0.048806436 
877 199 9 12 0.048790947 
236 339 13 17 0.04878599 
345 294 10 12 0.048730917 
672 242 12 16 0.048380397 
736 266 12 15 0.04804582 
595 268 11 14 0.048031732 
337 261 10 14 0.047961034 
950 219 10 13 0.047876634 
468 287 12 16 0.04726927 
815 224 18 23 0.04720646 
218 286 8 11 0.047147285 
512 208 9 12 0.047143936 
384 215 8 10 0.046893377 
559 246 11 13 0.04684647 
631 343 14 17 0.04684097 
479 268 10 13 0.046724476 
197 309 10 12 0.046648134 
208 269 8 11 0.046597846 
824 214 13 16 0.04659758 
377 220 8 10 0.04657028 
48 271 7 8 0.04645864 
703 203 12 16 0.04627454 
1 340 14 17 0.046216216 
888 308 10 13 0.046195954 
83 311 13 16 0.046165653 
649 232 16 18 0.046112135 
543 255 10 12 0.04610592 
525 228 11 13 0.046062093 
784 214 11 15 0.045841448 
335 240 7 9 0.045814928 
566 182 9 11 0.045808963 
668 364 13 17 0.045706842 
372 369 17 19 0.04547813 
902 271 9 11 0.045470197 
8 292 9 11 0.045314312 
257 254 9 11 0.045257296 
304 475 31 38 0.04517115 
229 303 10 12 0.045150667 
747 361 14 19 0.045101237 
711 220 10 14 0.045086697 
488 199 8 10 0.04496337 
815 402 14 21 0.044885278 
959 213 10 12 0.044824116 
423 328 11 14 0.044822916 
550 252 11 13 0.044799026 
904 277 10 12 0.044769842 
214 270 8 10 0.044637717 
96 404 21 27 0.044502407 
183 427 14 16 0.04447081 
927 236 10 14 0.044468034 
437 416 22 26 0.04442463 
345 208 7 10 0.04437554 
585 265 10 12 0.04420979 
74 309 11 14 0.04420892 
594 332 14 17 0.044173397 
827 414 17 21 0.04406231 
256 434 18 24 0.043974727 
438 252 11 13 0.043921057 
439 230 9 10 0.043701172 
830 245 13 15 0.043666903 
164 332 10 13 0.043452743 
863 355 11 15 0.043419223 
533 344 14 17 0.043220162 
879 337 11 14 0.04317763 
856 244 11 15 0.0430015 
123 396 15 20 0.04293096 
430 315 12 15 0.04292064 
464 200 8 10 0.042918213 
900 377 15 17 0.04276395 
274 231 7 9 0.042667884 
680 266 13 16 0.042602416 
283 325 12 18 0.04236483 
911 271 9 11 0.04219498 
495 323 12 14 0.04208997 
244 322 14 17 0.04199204 
226 230 7 9 0.041857246 
852 222 12 17 0.041652475 
1001 228 16 18 0.04155159 
932 431 17 22 0.041541122 
477 247 9 11 0.041476395 
15 351 11 14 0.041384943 
919 291 9 12 0.041367292 
519 292 11 13 0.041275956 
488 222 10 11 0.04126927 
343 244 10 11 0.041243166 
207 208 8 10 0.04123197 
63 271 8 10 0.041166287 
206 368 23 28 0.04112659 
151 296 9 12 0.041068938 
360 200 7 10 0.041051123 
311 325 13 16 0.04098791 
952 415 24 27 0.040951993 
191 284 10 13 0.040908694 
699 487 18 22 0.04089611 
1006 214 11 12 0.040746298 
929 222 10 14 0.04068772 
105 217 7 9 0.04065377 
306 215 6 8 0.04054582 
537 286 10 13 0.040467802 
249 232 8 10 0.040367194 
196 319 11 13 0.040270206 
68 373 13 15 0.04026455 
165 370 13 16 0.040231608 
453 424 16 23 0.040158007 
950 395 16 19 0.040104378 
1001 221 14 16 0.040045034 
892 310 11 13 0.03986821 
329 246 8 10 0.039866205 
374 208 8 10 0.039799906 
813 277 11 13 0.039766863 
533 392 18 24 0.039758835 
423 375 14 19 0.039757848 
262 431 22 30 0.039527103 
30 284 9 11 0.039451238 
47 285 8 10 0.039433125 
404 396 15 19 0.039395086 
495 230 9 11 0.039362866 
272 239 8 10 0.039342735 
134 395 13 19 0.039316297 
185 271 8 10 0.03926921 
453 378 12 16 0.039127186 
154 404 14 17 0.0390861 
581 386 14 18 0.0389417 
928 214 10 12 0.038931318 
407 247 9 11 0.038741283 
523 276 10 13 0.03872724 
4 334 12 15 0.038615268 
843 508 23 28 0.03847233 
524 272 18 22 0.03844398 
30 430 15 20 0.038432337 
281 288 8 11 0.03840386 
558 261 12 14 0.038360197 
189 207 8 9 0.03831837 
347 301 11 13 0.03823945 
632 296 14 18 0.038212925 
795 219 13 16 0.038162954 
646 347 14 19 0.03802885 
220 339 13 16 0.038026407 
415 291 10 12 0.038004737 
603 211 13 17 0.037945822 
876 447 17 22 0.037921306 
551 318 12 15 0.037905913 
351 256 9 11 0.037798204 
79 514 15 20 0.037750226 
372 334 14 19 0.03759668 
512 242 11 14 0.03755255 
957 408 17 20 0.037527293 
867 306 13 15 0.03741494 
895 290 12 15 0.0374018 
881 225 10 15 0.037233397 
788 449 16 20 0.037228175 
907 466 15 20 0.03721107 
57 269 7 10 0.0371969 
360 239 7 10 0.037108812 
238 330 13 16 0.036965467 
340 323 11 14 0.036938194 
106 261 8 11 0.036935743 
880 250 12 15 0.036927987 
446 247 9 12 0.03686807 
66 277 8 11 0.03679167 
662 403 15 17 0.036613263 
643 274 16 18 0.03659502 
152 324 10 13 0.03645685 
477 222 9 12 0.03639825 
630 269 12 16 0.03636651 
733 554 19 21 0.036293734 
373 419 15 20 0.036264744 
560 236 10 12 0.036149908 
111 334 12 14 0.03612707 
444 425 17 23 0.036116794 
183 354 13 16 0.03605073 
61 294 10 13 0.035987474 
780 367 16 21 0.03596375 
110 256 9 10 0.035937734 
295 320 13 18 0.0357359 
374 244 9 11 0.035729356 
713 266 11 15 0.035664745 
28 458 12 16 0.035580732 
527 323 12 15 0.03555783 
519 223 9 12 0.035529416 
889 195 10 12 0.03549655 
165 283 17 22 0.035493337 
35 554 16 20 0.035460066 
144 377 14 17 0.03539246 
287 224 8 9 0.03537143 
69 531 25 28 0.035368256 
795 199 11 13 0.035281327 
107 517 20 28 0.035234842 
489 332 11 14 0.035138797 
837 225 12 17 0.035137035 
799 339 12 16 0.035129733 
191 304 9 12 0.035128005 
686 299 14 17 0.03511568 
901 192 9 11 0.035099432 
408 237 9 11 0.034928836 
662 210 14 18 0.034890015 
455 200 8 9 0.034837123 
385 243 8 11 0.03481241 
359 261 8 11 0.034741342 
791 410 15 20 0.034738686 
288 230 7 10 0.034716725 
841 252 14 18 0.034712385 
405 517 26 35 0.034692623 
271 207 7 9 0.034663435 
1011 214 11 13 0.034500025 
175 324 11 14 0.03442729 
526 290 10 13 0.03439022 
620 364 14 17 0.034379214 
950 448 27 31 0.034366038 
105 256 8 11 0.034335352 
875 382 15 18 0.03430646 
43 556 14 19 0.034294687 
444 212 8 10 0.03426845 
453 338 12 15 0.034207307 
677 361 14 18 0.034155186 
116 339 11 14 0.034112707 
994 336 16 21 0.034098197 
615 384 14 20 0.03404998 
483 549 18 23 0.03404528 
509 311 12 14 0.03390275 
504 192 7 9 0.03389739 
469 318 13 16 0.03388485 
648 190 8 11 0.033877887 
567 229 9 11 0.03384447 
829 236 12 15 0.033745773 
756 392 23 29 0.03372177 
889 412 15 19 0.03369625 
264 280 8 10 0.03367668 
533 302 13 15 0.03365774 
273 224 7 8 0.03355944 
862 351 10 12 0.03354213 
13 323 12 15 0.03339841 
622 252 11 15 0.033395454 
493 237 10 13 0.033366937 
262 325 13 16 0.033359997 
960 554 15 19 0.033323348 
651 219 14 17 0.033323016 
351 223 8 9 0.03330586 
904 252 10 13 0.03330319 
885 208 10 12 0.03323783 
821 235 13 16 0.033170402 
405 200 18 23 0.033153895 
705 344 16 21 0.033130687 
164 433 14 16 0.03309907 
367 201 7 10 0.033098474 
369 245 8 11 0.032913066 
154 378 15 18 0.03281496 
259 365 20 26 0.03275253 
910 294 9 12 0.03269828 
445 228 9 12 0.03258346 
46 280 7 10 0.032581072 
41 405 20 27 0.032511357 
417 332 13 15 0.032498673 
770 222 17 22 0.03249357 
659 219 14 17 0.032490727 
28 300 10 13 0.032486606 
16 333 13 16 0.03243633 
55 341 13 17 0.032346856 
549 365 13 18 0.032300893 
201 214 8 9 0.032246143 
37 338 13 18 0.03223185 
54 287 9 10 0.032208048 
794 266 15 18 0.03211692 
690 213 13 16 0.032049462 
414 494 23 26 0.031937893 
562 182 8 10 0.031900335 
240 280 9 11 0.031875156 
952 299 10 13 0.03187264 
650 284 14 17 0.031866767 
255 276 9 11 0.03180259 
422 292 10 13 0.0316829 
278 318 12 16 0.031675745 
598 261 12 14 0.031579852 
956 221 12 14 0.031534165 
23 280 8 10 0.031491324 
77 257 9 12 0.031469043 
473 223 8 11 0.031451933 
64 287 9 11 0.031450506 
465 420 16 20 0.03144589 
566 212 9 11 0.03139657 
148 335 12 15 0.03136823 
401 207 8 10 0.031367127 
461 491 27 35 0.031294733 
319 230 7 9 0.031268872 
338 199 6 8 0.031241227 
160 221 8 10 0.031231357 
880 356 12 15 0.031194441 
139 286 10 13 0.031161578 
242 207 7 9 0.03111281 
507 348 13 16 0.031093195 
215 359 17 21 0.031040445 
97 232 7 9 0.030976381 
387 418 16 19 0.030952014 
220 294 10 13 0.030939959 
152 236 8 11 0.030928263 
903 245 10 13 0.030868215 
159 215 8 10 0.03083776 
186 419 20 25 0.03080667 
305 210 7 8 0.03075052 
138 270 10 11 0.030709118 
712 336 18 22 0.03056407 
374 297 11 14 0.030554678 
647 548 27 25 0.030543583 
812 365 13 17 0.030306231 
300 304 11 13 0.030274747 
376 377 18 22 0.030268585 
904 215 10 13 0.030253027 
254 233 7 9 0.030246152 
758 211 12 16 0.030194927 
584 272 12 15 0.030165583 
263 270 8 10 0.03015492 
644 323 12 14 0.030140512 
958 232 17 23 0.03012539 
53 304 12 15 0.030078864 
130 478 16 19 0.030053362 
910 284 10 12 0.029914288 
34 371 19 24 0.029909445 
294 432 23 30 0.029861042 
349 400 19 23 0.0298189 
64 255 8 10 0.029747402 
607 199 10 12 0.029737508 
622 245 10 14 0.029732611 
281 301 9 12 0.029699244 
782 205 11 14 0.029696262 
81 221 8 10 0.029679216 
102 341 13 15 0.029673405 
295 303 11 14 0.029618181 
855 349 10 13 0.029612713 
199 302 10 13 0.029556055 
161 421 15 17 0.029546188 
820 277 10 13 0.02953631 
488 327 10 13 0.029449878 
431 351 13 16 0.029395161 
217 347 17 20 0.029273076 
225 239 7 10 0.029222438 
129 279 9 12 0.02917378 
1014 190 8 12 0.029164057 
3 355 15 18 0.029149469 
356 347 12 16 0.029102739 
545 290 13 16 0.02908859 
792 447 22 26 0.029073246 
53 404 16 21 0.029069062 
722 250 15 18 0.029037243 
148 263 10 12 0.02903011 
182 286 8 11 0.028871447 
365 502 23 31 0.028868219 
166 350 12 15 0.028823646 
208 288 9 11 0.028760215 
108 457 15 20 0.028728187 
471 258 12 14 0.02868145 
118 544 14 19 0.02865261 
383 275 16 21 0.02863163 
117 332 12 16 0.028628439 
65 232 8 10 0.028619299 
855 534 25 30 0.028586248 
774 353 16 21 0.028559852 
750 384 15 20 0.028489178 
448 201 8 10 0.028469093 
825 489 16 19 0.028461905 
62 263 7 9 0.028448127 
362 388 21 26 0.028434953 
513 199 7 9 0.02837104 
440 223 9 10 0.028362563 
653 360 16 20 0.028324451 
851 360 13 16 0.028282363 
63 385 14 18 0.028268771 
583 176 8 10 0.028249227 
153 284 9 12 0.028224928 
516 386 14 21 0.0282107 
533 253 10 14 0.028200345 
459 303 12 15 0.02815366 
751 198 18 23 0.028152283 
148 386 17 20 0.028104028 
115 412 20 26 0.028080031 
102 239 8 9 0.028058536 
1 284 9 13 0.02805247 
416 215 8 10 0.028015206 
564 260 11 13 0.028006392 
757 361 14 19 0.027992262 
880 349 10 14 0.027974626 
655 377 15 19 0.027973738 
409 310 13 16 0.027904514 
160 208 7 9 0.027838344 
526 345 13 17 0.027823249 
447 221 9 11 0.027794063 
140 511 15 20 0.02778127 
382 294 10 13 0.027772877 
999 217 10 13 0.027761418 
496 207 9 11 0.02774445 
286 301 10 13 0.0277427 
764 438 18 22 0.027716871 
487 232 9 10 0.027716294 
430 229 9 11 0.027692247 
368 401 23 27 0.02763591 
539 346 14 17 0.027602555 
81 216 7 8 0.027577048 
37 312 11 13 0.027564174 
125 329 13 16 0.027561972 
304 238 7 9 0.027513858 
239 270 9 10 0.027510084 
404 368 13 19 0.02747236 
121 475 12 17 0.02745155 
267 339 13 16 0.027448572 
558 203 17 22 0.027431512 
542 279 12 15 0.027430095 
899 386 16 20 0.027427575 
720 211 13 16 0.027412094 
6 262 8 10 0.027388897 
478 261 11 14 0.027357906 
416 338 12 16 0.027357813 
108 398 16 21 0.0272941 
183 303 9 11 0.027270304 
43 387 21 25 0.02726142 
327 284 9 12 0.0272304 
897 279 9 12 0.02722615 
1001 290 11 14 0.027217468 
105 496 16 21 0.027196873 
917 221 11 14 0.02713251 
666 378 13 17 0.027105562 
693 254 15 18 0.02710025 
262 282 17 22 0.027029974 
413 253 11 13 0.027017122 
151 248 8 10 0.026978549 
472 270 10 12 0.026917547 
173 261 8 11 0.026907647 
2 279 8 11 0.026869006 
379 363 15 19 0.026843298 
266 247 8 10 0.026842678 
63 325 11 13 0.026790079 
495 199 8 9 0.026743976 
876 260 12 15 0.026692089 
361 245 7 10 0.026658693 
92 341 13 16 0.026620142 
367 255 9 11 0.026579836 
502 299 11 13 0.026534976 
319 289 10 11 0.026498746 
948 292 11 15 0.026484285 
549 274 13 16 0.026470482 
59 300 10 14 0.026430618 
636 487 21 27 0.026409056 
413 321 14 16 0.026399376 
481 199 7 9 0.026392223 
352 215 6 9 0.026388869 
251 323 13 16 0.026336715 
804 281 13 16 0.026309045 
477 317 13 15 0.026298907 
639 284 19 22 0.026228506 
444 299 12 14 0.026227167 
226 255 7 10 0.02621818 
79 414 16 22 0.02621761 
458 230 8 12 0.02620777 
210 237 7 10 0.026126582 
872 261 10 12 0.026033506 
203 505 25 31 0.026018092 
580 316 12 16 0.025997527 
834 215 11 15 0.025974192 
373 470 26 30 0.025966821 
333 286 9 11 0.02595563 
977 213 14 17 0.025935028 
379 333 13 18 0.02589274 
409 285 10 13 0.025857467 
230 239 8 10 0.02576321 
247 279 9 11 0.02575745 
494 298 12 14 0.025750048 
301 383 18 24 0.025631368 
397 394 14 18 0.025618961 
60 334 14 16 0.025574332 
535 200 7 10 0.025573846 
815 349 11 14 0.025571786 
871 367 12 16 0.025531845 
234 346 14 18 0.025521945 
626 390 16 21 0.025461776 
845 474 22 27 0.025458813 
805 455 16 22 0.025443751 
631 332 15 17 0.025416039 
24 271 8 10 0.025404267 
949 409 16 19 0.025380062 
214 342 13 16 0.02537725 
184 277 9 11 0.025361858 
412 469 19 23 0.025348729 
123 422 20 25 0.025329039 
279 225 7 8 0.02527578 
416 240 9 11 0.025252184 
748 210 12 16 0.025206348 
584 214 10 12 0.025176631 
895 206 9 11 0.0251754 
891 389 14 16 0.025148699 
564 253 11 13 0.02512768 
517 317 11 14 0.025103083 
312 224 6 8 0.025080564 
369 315 13 17 0.025066439 
823 494 24 30 0.025044948 
223 272 8 10 0.024992976 
694 474 15 18 0.024965916 
478 498 14 17 0.024965616 
1004 297 16 20 0.02494508 
398 240 8 10 0.024920808 
550 476 26 32 0.024902295 
937 232 18 22 0.024880325 
133 333 12 15 0.024838796 
76 527 17 21 0.024802094 
106 439 15 20 0.024767362 
866 412 22 24 0.024764547 
338 562 16 16 0.024752999 
678 380 14 18 0.024660377 
374 488 18 21 0.02463698 
676 369 15 18 0.024624899 
462 246 9 12 0.024622213 
310 256 8 10 0.024618996 
642 333 12 16 0.024612693 
151 231 9 12 0.024593359 
408 276 11 12 0.02458459 
13 417 13 18 0.024576912 
418 356 18 23 0.024566928 
313 174 9 11 0.024462193 
167 309 10 14 0.024439858 
214 257 8 10 0.024406374 
178 198 7 9 0.024380405 
191 430 22 26 0.02436755 
296 239 6 8 0.02432292 
307 318 12 15 0.024322199 
209 230 8 10 0.024308447 
638 324 14 17 0.024300009 
823 356 12 15 0.024151951 
975 209 10 14 0.024132363 
926 172 8 10 0.02411238 
495 310 11 14 0.024051538 
224 321 11 15 0.024042089 
776 217 18 22 0.024025435 
279 308 11 15 0.023981672 
656 174 10 12 0.023971729 
163 450 14 18 0.023950886 
655 261 11 14 0.023943624 
939 335 15 20 0.023885844 
918 198 8 10 0.023882525 
884 400 22 24 0.023874227 
790 260 13 17 0.02383921 
424 192 7 9 0.023832908 
239 263 7 9 0.023823762 
133 322 11 16 0.023822626 
431 239 8 11 0.023814954 
287 308 11 16 0.023761159 
503 492 24 27 0.023745267 
405 386 14 18 0.023729727 
231 333 11 15 0.023719836 
617 367 19 24 0.023714142 
0 551 9 14 0.02370835 
892 214 10 14 0.023636207 
446 203 16 22 0.023635617 
763 353 15 20 0.023614628 
149 391 21 25 0.023592398 
266 239 8 9 0.023539651 
393 218 8 11 0.023538312 
232 260 8 10 0.023524739 
565 235 10 12 0.023522506 
966 531 29 35 0.023510473 
334 294 10 13 0.023501402 
105 221 8 10 0.023491506 
73 315 13 15 0.023489207 
240 231 6 8 0.023470258 
320 247 7 9 0.023469945 
965 462 16 22 0.023456147 
622 511 22 28 0.023437478 
224 225 8 9 0.023434557 
489 493 24 29 0.023406113 
100 295 10 11 0.023395048 
96 499 23 29 0.02338667 
903 230 10 14 0.023382235 
416 221 8 11 0.02335339 
902 292 11 14 0.023345834 
344 222 7 10 0.023325544 
359 256 8 11 0.02327159 
399 246 8 10 0.023204617 
829 207 12 15 0.02320299 
877 365 13 18 0.023090277 
929 465 29 40 0.023058554 
670 189 8 11 0.023025364 
949 208 11 13 0.023025269 
1 483 11 16 0.023002176 
389 395 13 17 0.022999292 
747 365 20 25 0.02296947 
444 287 12 15 0.022967169 
191 200 8 9 0.022945667 
69 246 9 10 0.022932304 
902 261 10 12 0.022906173 
241 469 26 35 0.022760635 
2 419 15 21 0.022760248 
449 263 10 13 0.022726774 
133 458 24 28 0.022692952 
983 399 14 18 0.022685513 
510 192 7 8 0.022649754 
90 525 17 20 0.02259496 
820 348 13 16 0.022592358 
488 193 7 9 0.022572998 
160 492 28 34 0.022541942 
491 335 18 23 0.022500606 
263 302 11 14 0.022464067 
956 385 16 20 0.022462625 
177 428 23 25 0.022451261 
193 415 17 22 0.022369104 
230 230 8 10 0.022342393 
644 393 13 17 0.022325223 
27 364 14 19 0.022278989 
352 208 6 9 0.022275474 
129 280 18 22 0.022256086 
475 390 14 18 0.022216355 
491 546 27 30 0.022204597 
937 326 11 15 0.022203144 
349 243 10 12 0.022148073 
64 319 9 11 0.02214253 
320 239 6 9 0.022132533 
313 299 10 13 0.02208897 
575 182 9 10 0.022078037 
233 247 7 9 0.02205744 
52 554 17 19 0.022043426 
314 198 8 9 0.022037549 
745 205 10 13 0.022036504 
215 224 8 9 0.02203251 
497 437 25 30 0.022005351 
573 228 9 11 0.02198328 
664 510 27 32 0.02197 
320 254 9 11 0.021969985 
306 278 19 24 0.021901218 
782 293 13 17 0.021894662 
615 201 10 13 0.021817502 
711 282 14 18 0.021747628 
72 269 9 10 0.02174385 
413 200 8 11 0.021671543 
101 396 14 19 0.02166929 
93 540 14 18 0.021667318 
777 544 30 31 0.021663241 
201 190 8 10 0.021661062 
366 259 18 23 0.021634588 
383 221 7 10 0.021518214 
112 246 8 10 0.021504408 
0 532 11 17 0.021498555 
471 201 7 9 0.021498272 
519 394 16 20 0.021491555 
125 271 8 10 0.021480493 
510 480 24 26 0.0214615 
253 304 11 13 0.021453341 
903 284 11 14 0.021447843 
24 318 12 14 0.02144592 
400 253 9 12 0.02143949 
198 256 7 9 0.021418009 
317 289 18 23 0.021406155 
453 482 17 23 0.021386296 
574 253 10 12 0.02137063 
428 430 24 30 0.02136602 
37 366 13 16 0.021356132 
910 206 10 12 0.021349499 
159 272 9 10 0.021273531 
43 316 11 14 0.021269439 
450 433 23 31 0.021265687 
357 338 13 18 0.021249473 
175 304 9 11 0.021198004 
671 265 15 19 0.021188455 
433 194 6 8 0.02117688 
365 334 15 19 0.021176588 
906 471 23 29 0.021174258 
184 263 8 10 0.02115881 
343 287 10 12 0.021149654 
534 258 11 15 0.021098042 
520 201 8 10 0.021097008 
869 356 10 15 0.02109635 
448 411 14 19 0.021043107 
670 199 9 12 0.021005886 
559 294 11 14 0.021005293 
864 284 12 15 0.02099663 
963 337 16 19 0.020980384 
258 261 8 10 0.020969642 
545 464 24 32 0.020958103 
389 296 18 24 0.020929253 
762 218 11 16 0.020907138 
248 271 9 10 0.020881442 
343 275 11 12 0.020870535 
425 228 10 12 0.020865066 
862 195 10 13 0.020836318 
640 206 11 14 0.020835262 
199 232 7 9 0.02083485 
369 213 8 10 0.02080327 
352 272 19 25 0.020795945 
567 201 8 10 0.020770602 
518 510 25 31 0.020767123 
431 323 12 17 0.020722652 
191 291 9 11 0.02071671 
106 271 8 10 0.020671645 
731 285 14 19 0.02064042 
337 224 8 9 0.020638226 
401 200 7 9 0.020607369 
476 493 24 32 0.020592105 
209 257 8 10 0.020579575 
428 193 19 25 0.020535411 
518 201 18 23 0.020526832 
121 362 12 17 0.020511204 
267 351 15 19 0.02050101 
336 232 7 9 0.020498738 
118 443 14 18 0.02049848 
98 237 8 11 0.020473426 
499 338 12 15 0.020450551 
226 214 7 9 0.020427871 
158 351 10 14 0.020413762 
741 531 24 28 0.020376047 
185 244 9 11 0.020320773 
77 363 13 16 0.020301323 
424 210 16 22 0.020298239 
538 182 8 10 0.020297408 
783 453 23 28 0.020293092 
290 238 7 9 0.020270545 
999 300 13 17 0.020246658 
522 546 27 32 0.020236785 
101 332 12 14 0.020236764 
28 356 12 16 0.020236557 
91 531 25 30 0.020195782 
99 318 20 23 0.02016869 
600 177 10 11 0.020154035 
63 415 18 21 0.020151872 
158 237 8 10 0.020139193 
628 473 17 21 0.020085664 
715 439 23 28 0.020050991 
617 508 17 21 0.020049386 
636 355 16 19 0.02000624 
