2_Demonstration_Demonstration_Or_Protest_2_76
32
160 316 116 148 0.99978596 
20 362 115 139 0.9997836 
571 236 103 141 0.99854714 
702 215 107 148 0.9971506 
330 387 77 107 0.9266175 
548 353 26 35 0.3745325 
616 213 115 167 0.3015526 
521 198 61 76 0.27429524 
582 161 30 38 0.19625764 
532 332 50 76 0.15532531 
530 268 104 137 0.10849735 
593 149 17 19 0.086624 
544 212 92 125 0.07126894 
536 219 61 88 0.06333632 
0 207 46 76 0.062406562 
302 442 36 48 0.060193703 
427 87 17 20 0.059558116 
446 341 40 63 0.039584063 
228 177 16 19 0.037948314 
495 281 93 126 0.0340635 
2 235 31 45 0.030405203 
147 81 55 68 0.029179513 
426 155 18 21 0.027947403 
562 363 34 50 0.027864804 
276 198 15 19 0.027121242 
572 167 32 48 0.026686534 
122 61 58 76 0.024800312 
129 57 34 48 0.024542846 
-8 159 68 129 0.023647843 
277 188 14 19 0.020904213 
286 541 35 30 0.020702621 
48 120 102 149 0.020422788 
