2_Demonstration_Protesters_2_268
63
395 239 32 37 0.99853075 
283 243 29 37 0.99503726 
844 212 35 44 0.9937437 
592 210 36 41 0.99187464 
74 208 41 52 0.98836863 
535 258 25 32 0.97854245 
189 216 28 47 0.7892648 
366 242 27 35 0.70712143 
985 256 27 30 0.6736583 
689 231 25 35 0.3631915 
477 225 24 30 0.3572282 
752 212 23 33 0.32524 
18 241 15 19 0.22362995 
460 235 15 18 0.19514439 
515 266 12 15 0.15260686 
238 238 29 33 0.13961822 
278 337 33 38 0.12967087 
252 239 19 25 0.092384644 
763 208 30 32 0.08082796 
695 188 22 30 0.07808326 
755 226 27 31 0.07561992 
512 276 11 14 0.07005495 
321 205 9 10 0.068842895 
468 228 22 28 0.06518192 
456 241 14 16 0.05844028 
810 155 12 15 0.05794669 
200 278 39 49 0.05784492 
373 236 45 54 0.056855474 
976 251 42 50 0.05569919 
284 316 47 56 0.04747096 
928 157 11 14 0.044547513 
511 257 19 27 0.041721415 
928 153 9 12 0.04167992 
635 239 15 18 0.04151528 
462 228 38 45 0.038594633 
169 221 38 44 0.037444964 
286 317 10 11 0.03676685 
487 226 17 22 0.036244698 
540 255 16 18 0.03584699 
1014 133 8 12 0.033806432 
781 211 21 35 0.033533707 
301 324 11 13 0.03173991 
44 669 14 15 0.031520203 
552 154 9 12 0.031141913 
688 563 14 16 0.030259347 
572 208 14 18 0.029563358 
224 242 33 34 0.028746026 
338 200 9 11 0.026523124 
305 328 36 40 0.026438747 
308 220 11 13 0.025770972 
705 187 16 23 0.02573551 
557 232 22 29 0.025579102 
1003 365 20 40 0.025101477 
252 320 12 15 0.024816038 
524 255 23 30 0.02354761 
742 565 13 17 0.023460014 
398 194 12 15 0.023030972 
769 223 27 32 0.021998366 
14 242 30 34 0.021720748 
686 555 23 28 0.021213796 
308 233 16 22 0.021101443 
1014 149 8 13 0.020249018 
526 260 44 49 0.02019071 
