2_Demonstration_Protesters_2_12
80
921 328 52 64 0.99741757 
827 329 44 65 0.9968432 
374 320 45 61 0.9949586 
18 348 55 71 0.9942173 
52 305 50 64 0.9933903 
293 282 49 61 0.9930842 
635 348 49 68 0.99140793 
485 313 48 59 0.9905539 
768 285 39 47 0.98422825 
398 266 36 45 0.9824683 
422 338 41 56 0.9599152 
681 275 45 56 0.9588781 
642 314 45 60 0.87242997 
664 582 30 52 0.7634847 
597 311 43 50 0.7330604 
543 571 14 20 0.51252055 
183 304 39 48 0.47418585 
635 534 11 14 0.3764539 
167 311 40 52 0.21089347 
473 587 18 22 0.1881906 
625 602 10 14 0.16136585 
907 318 29 39 0.13349217 
506 285 14 17 0.12703703 
476 260 16 20 0.1205363 
225 294 17 21 0.10384489 
1004 311 21 43 0.10245585 
682 592 41 51 0.097598664 
717 326 34 50 0.09375576 
769 338 45 59 0.08759518 
372 292 32 36 0.08546687 
549 263 20 28 0.08526439 
263 508 33 34 0.0805066 
342 314 40 56 0.07473872 
912 307 32 38 0.07431431 
911 327 40 47 0.07163594 
660 309 43 59 0.07100626 
595 571 25 27 0.0702554 
992 323 30 48 0.0592961 
961 298 37 55 0.05776263 
744 559 42 59 0.052942622 
764 316 45 57 0.05089842 
700 298 42 58 0.05084153 
455 335 28 39 0.04790952 
703 587 41 55 0.04569164 
506 330 32 41 0.045575883 
159 319 29 48 0.045415167 
940 302 44 61 0.044160224 
1011 334 13 25 0.04278517 
909 318 16 22 0.04139132 
965 297 16 19 0.04085377 
926 305 34 36 0.04050183 
733 318 40 55 0.03856086 
725 271 15 20 0.037744626 
941 303 29 34 0.03715213 
462 577 27 31 0.036804643 
895 340 24 33 0.035820145 
960 297 25 34 0.03414816 
607 328 36 51 0.03366649 
628 573 11 12 0.03286788 
722 574 35 54 0.031281468 
151 333 26 39 0.030763587 
504 278 12 17 0.029321024 
551 262 12 17 0.028519794 
665 519 26 30 0.02844743 
170 337 29 43 0.026599595 
768 361 34 52 0.02645467 
590 334 37 47 0.025768206 
632 532 18 22 0.025714647 
597 566 16 17 0.025500767 
440 338 35 43 0.024921931 
622 599 21 30 0.023832921 
717 381 45 63 0.023484651 
209 293 28 35 0.023069516 
597 583 15 18 0.022823894 
753 535 64 76 0.02216848 
629 586 26 34 0.022091143 
655 573 11 15 0.021485379 
970 293 12 16 0.020550866 
711 568 33 50 0.020513097 
335 317 30 40 0.020004662 
