2_Demonstration_Protesters_2_156
91
432 322 44 62 0.9979539 
250 314 41 56 0.9964144 
739 439 54 53 0.9938836 
612 340 47 53 0.99268603 
137 324 37 45 0.99226534 
57 290 35 42 0.9895835 
987 -3 39 50 0.95590854 
-1 315 21 32 0.2664203 
353 121 15 18 0.22805199 
704 148 11 14 0.21262369 
779 131 16 19 0.12741645 
97 140 15 17 0.11180568 
58 134 27 29 0.10875208 
553 119 23 30 0.10115042 
685 144 9 12 0.100450605 
512 502 28 34 0.091149785 
38 406 32 41 0.090277866 
695 160 10 13 0.08726095 
659 207 15 20 0.08514413 
754 376 13 17 0.07532164 
702 154 11 15 0.07454292 
672 134 9 11 0.072528146 
711 134 9 11 0.07199826 
671 165 10 13 0.06799481 
101 165 12 14 0.065022014 
686 118 9 11 0.06295824 
680 119 8 11 0.0608348 
679 142 10 13 0.058698665 
755 156 13 16 0.05295848 
673 139 9 12 0.052890934 
678 125 8 11 0.052551664 
240 166 10 13 0.04717718 
708 141 10 13 0.04474257 
679 110 8 11 0.04258331 
759 141 9 11 0.042437688 
756 151 12 14 0.041606102 
797 148 9 12 0.04074451 
721 120 8 11 0.039166786 
776 117 9 12 0.03890922 
719 134 11 14 0.03846314 
703 128 8 10 0.03719096 
673 109 8 10 0.03617894 
836 157 9 11 0.03481888 
701 176 9 12 0.03419533 
681 265 21 31 0.033464056 
686 112 10 12 0.032985058 
688 124 8 11 0.03276816 
710 128 9 11 0.032494824 
669 159 11 14 0.032153707 
673 126 9 12 0.031203208 
703 134 10 12 0.03111497 
735 151 8 10 0.03102857 
774 337 29 39 0.030575266 
628 120 14 15 0.030445857 
774 167 9 12 0.030367946 
293 207 32 40 0.030028032 
744 152 8 11 0.029842036 
689 157 9 13 0.029600117 
695 127 8 11 0.028453084 
475 317 15 23 0.028256744 
665 157 11 15 0.027529543 
70 317 29 32 0.027137911 
725 130 14 18 0.027048087 
665 152 9 12 0.026291262 
273 174 10 12 0.026047181 
708 395 44 50 0.025818521 
133 500 37 38 0.025638215 
720 125 10 13 0.02540633 
667 92 11 14 0.024962552 
701 139 19 24 0.024582634 
792 392 43 48 0.024529295 
838 96 40 53 0.024483483 
696 132 8 11 0.02446636 
462 416 90 119 0.024295893 
808 115 13 17 0.02399269 
734 449 34 38 0.023670396 
766 149 11 13 0.023514515 
764 142 11 13 0.023116536 
759 116 11 14 0.023108417 
672 119 9 12 0.022836767 
349 126 15 19 0.022645816 
702 189 9 11 0.02242928 
307 566 13 18 0.021943197 
677 158 10 13 0.02189859 
766 156 9 13 0.021848166 
831 158 9 11 0.02160256 
502 335 13 19 0.02148564 
269 480 34 35 0.021229547 
815 149 10 11 0.02036443 
54 131 17 19 0.020270064 
662 112 9 11 0.020091295 
