2_Demonstration_Protesters_2_148
47
701 246 110 144 0.9997819 
394 374 87 122 0.9985821 
475 191 50 57 0.99790275 
329 130 70 97 0.9939361 
666 217 60 87 0.99333256 
607 241 54 65 0.992822 
155 225 28 45 0.98969275 
405 200 37 51 0.98250246 
973 177 50 105 0.9304761 
549 248 23 31 0.7513983 
647 227 53 73 0.503833 
47 235 21 33 0.18806307 
112 226 31 39 0.15301852 
583 252 22 33 0.14195038 
677 225 97 124 0.120318435 
7 232 44 61 0.11643886 
556 241 36 47 0.09916114 
258 625 40 37 0.09836838 
228 210 12 15 0.08035389 
123 221 44 49 0.0749879 
822 290 64 84 0.07221162 
247 622 69 70 0.06139389 
574 237 41 53 0.060477726 
29 236 32 36 0.05332071 
191 246 10 13 0.05039015 
-3 246 58 88 0.04584467 
-18 -31 197 218 0.037472837 
781 274 87 110 0.036364663 
365 163 72 90 0.036139652 
69 192 11 14 0.0325009 
224 207 11 14 0.030372087 
801 6 47 52 0.030262047 
541 358 12 14 0.028998202 
214 202 11 14 0.028820496 
869 193 44 62 0.027075257 
18 252 21 25 0.026761767 
236 210 13 15 0.023717709 
605 230 34 40 0.023425154 
243 210 12 15 0.022357639 
56 238 16 26 0.022297628 
578 225 34 39 0.022083253 
127 198 10 11 0.021807404 
595 240 34 41 0.021437207 
950 210 27 41 0.021317225 
42 335 42 59 0.020297164 
784 39 28 35 0.020254625 
171 237 25 33 0.02006127 
