2_Demonstration_Demonstration_Or_Protest_2_813
148
537 356 22 30 0.96598035 
253 333 22 31 0.69622856 
803 287 19 23 0.67695105 
837 378 17 22 0.6537316 
701 456 13 21 0.40180367 
471 366 19 26 0.36475348 
703 391 11 15 0.28013435 
495 368 18 29 0.26657104 
895 391 24 26 0.26650193 
653 445 15 18 0.25520664 
478 363 20 31 0.23998569 
234 334 25 32 0.2297118 
717 474 14 18 0.2066756 
884 382 20 30 0.20504993 
662 390 10 13 0.18322499 
668 442 14 19 0.16587234 
871 379 21 29 0.15612605 
707 449 13 24 0.15104449 
463 387 13 16 0.14530295 
328 352 21 25 0.12661399 
448 367 10 14 0.099509366 
488 359 9 12 0.09920319 
395 534 22 31 0.09885119 
445 332 8 11 0.09818023 
685 456 14 18 0.0978013 
906 393 22 28 0.0950263 
481 336 9 11 0.09143489 
694 452 15 20 0.08814219 
712 475 21 30 0.08207096 
311 349 12 19 0.07738647 
315 352 15 20 0.075816475 
842 371 24 30 0.07212607 
354 364 14 19 0.071047254 
649 435 15 18 0.068828695 
320 342 11 17 0.06814078 
639 445 11 16 0.065024786 
648 431 11 14 0.06459332 
353 394 9 13 0.064106666 
483 338 12 15 0.063522175 
678 452 12 17 0.06277614 
750 270 10 13 0.061779343 
481 556 8 11 0.05878413 
912 349 9 11 0.058689382 
806 317 11 15 0.058628675 
462 373 21 26 0.05832646 
702 444 13 21 0.054723684 
385 341 10 13 0.054715 
685 444 14 18 0.05282569 
22 4 15 18 0.052250925 
101 18 14 20 0.05099597 
646 443 15 17 0.049663562 
602 368 15 16 0.049454134 
529 358 20 33 0.047962606 
324 347 14 18 0.046856284 
568 347 11 18 0.046213612 
541 350 14 21 0.04483623 
337 349 15 19 0.04430451 
574 348 10 15 0.04414039 
917 376 17 24 0.044048026 
856 348 9 12 0.04394067 
-1 54 10 17 0.042181335 
658 435 20 26 0.04188754 
863 355 12 15 0.041704275 
856 374 22 29 0.040490665 
33 2 15 18 0.039140742 
423 391 10 12 0.03801526 
839 539 10 12 0.037366934 
480 359 10 15 0.036909435 
442 328 9 12 0.036123123 
700 386 19 24 0.035607345 
581 348 11 14 0.035456248 
721 483 12 18 0.035403334 
110 34 13 18 0.035245184 
623 349 10 13 0.035192903 
511 350 12 15 0.03500915 
351 357 13 17 0.034757342 
504 373 17 23 0.03359305 
383 324 9 12 0.03356334 
350 368 14 21 0.032121707 
658 454 16 20 0.03203572 
493 357 10 16 0.031331766 
722 470 11 16 0.030764077 
870 526 15 20 0.030681558 
28 0 14 15 0.030665493 
908 408 16 19 0.030484082 
206 472 9 12 0.030278252 
385 318 9 12 0.02975743 
16 9 13 17 0.029753443 
777 309 10 14 0.029742412 
553 354 16 23 0.029698227 
493 362 14 24 0.029561406 
509 332 10 12 0.029494967 
516 354 13 19 0.028943738 
636 363 10 13 0.028491959 
447 359 9 12 0.028322274 
658 384 19 25 0.028244993 
97 20 11 15 0.027921345 
356 392 12 15 0.027346026 
424 340 8 12 0.026997048 
92 351 8 10 0.026392331 
697 389 12 17 0.02621873 
517 361 14 22 0.02614833 
861 351 11 14 0.02593834 
838 564 12 17 0.025937177 
45 5 12 14 0.025678163 
620 426 13 16 0.02558456 
341 370 13 18 0.02551951 
526 355 14 24 0.025374653 
871 390 26 35 0.025266405 
860 361 14 19 0.025096823 
445 366 19 25 0.024723835 
141 37 11 14 0.024594594 
506 361 17 23 0.024458064 
709 382 10 13 0.023776483 
384 335 10 12 0.023672633 
516 416 22 26 0.023560705 
264 333 15 26 0.023554858 
55 6 11 12 0.023222534 
457 319 8 9 0.022247275 
611 370 13 16 0.022043062 
380 542 40 49 0.021993838 
440 357 10 12 0.021831837 
715 458 13 18 0.021581382 
664 423 24 29 0.021494012 
826 402 13 17 0.021402366 
839 387 24 32 0.02129695 
416 335 9 11 0.021284366 
750 323 13 18 0.021256834 
630 397 11 13 0.021213979 
500 355 14 19 0.021135291 
648 449 22 26 0.021101037 
413 516 13 17 0.021036904 
917 364 10 14 0.020924289 
455 386 15 18 0.02085109 
650 302 40 47 0.020733066 
648 423 10 13 0.020716567 
-1 12 9 13 0.020679248 
115 28 13 16 0.020601513 
401 255 8 9 0.020557819 
409 326 9 12 0.02042572 
599 387 13 16 0.020398365 
353 316 11 15 0.020388259 
468 395 10 13 0.020318698 
79 6 12 15 0.02031798 
482 262 8 11 0.020300817 
694 461 15 21 0.020283813 
639 382 8 12 0.020170672 
385 313 8 11 0.020160997 
