2_Demonstration_Demonstrators_2_306
92
45 390 10 13 0.3092837 
124 327 15 17 0.27086598 
110 414 13 17 0.24681143 
0 482 13 22 0.23913285 
167 334 11 13 0.23415366 
151 419 13 17 0.20290093 
165 429 11 14 0.19318081 
718 153 39 45 0.1408374 
189 363 10 13 0.11988675 
47 393 12 16 0.11039766 
863 346 83 137 0.09695465 
112 397 12 16 0.093694784 
184 428 14 18 0.09117784 
206 393 9 11 0.09049745 
37 381 11 15 0.084752604 
141 408 14 21 0.07934783 
212 373 9 12 0.079290055 
732 550 23 28 0.07733189 
202 397 10 12 0.07426841 
239 373 8 11 0.073449425 
164 422 12 15 0.07271262 
714 485 16 21 0.06843142 
210 368 8 10 0.06677581 
68 373 9 12 0.064713806 
271 366 9 14 0.063306965 
157 427 13 16 0.058592375 
34 403 12 15 0.05717609 
234 375 7 10 0.056427803 
183 405 12 16 0.053378988 
187 381 11 14 0.052241266 
648 491 12 16 0.050876047 
582 490 14 15 0.047980644 
7 361 14 20 0.045906395 
62 570 14 17 0.04583611 
149 406 11 15 0.044874042 
62 387 14 16 0.044499014 
141 395 10 15 0.04216975 
32 378 11 15 0.041646183 
43 384 11 14 0.039351422 
133 404 16 20 0.038855225 
35 374 11 14 0.038435943 
190 424 9 13 0.03514718 
144 487 11 14 0.03454513 
37 396 11 15 0.032709897 
247 384 8 11 0.031948544 
156 414 14 17 0.03132135 
5 419 12 18 0.031280532 
56 371 12 14 0.030392082 
172 429 11 15 0.030268727 
102 417 16 19 0.029635962 
223 383 8 10 0.029318385 
149 382 11 13 0.029133117 
85 369 11 16 0.028682666 
62 380 13 16 0.028423423 
691 -41 386 471 0.028175611 
633 522 43 50 0.027846448 
0 382 6 12 0.027603874 
11 328 15 20 0.027384922 
94 364 15 18 0.026974263 
192 446 9 11 0.026247578 
199 380 10 13 0.02582573 
247 388 9 12 0.025705257 
185 360 10 12 0.025572771 
232 392 8 10 0.025429295 
142 389 11 15 0.024877356 
125 409 16 21 0.024567204 
152 387 10 14 0.024443448 
246 368 8 11 0.024144873 
39 383 18 24 0.024073843 
81 365 11 15 0.023682607 
131 441 13 16 0.023530798 
142 478 10 13 0.02335856 
52 389 13 17 0.022885809 
223 391 8 11 0.022766815 
141 425 14 17 0.022607615 
163 414 12 15 0.022587173 
214 378 10 13 0.02236061 
742 595 45 45 0.022172058 
69 368 10 13 0.022119837 
706 118 19 25 0.022038504 
172 421 11 15 0.021846717 
113 400 15 20 0.021311156 
533 454 12 15 0.02126482 
189 371 10 14 0.021161174 
133 414 18 22 0.021132214 
155 429 22 26 0.021017332 
223 375 9 11 0.021015214 
1 354 12 18 0.020721525 
851 493 27 30 0.020558521 
4 412 18 30 0.020287666 
173 436 9 13 0.02028522 
61 367 12 14 0.020108042 
