2_Demonstration_Political_Rally_2_319
768
618 457 33 46 0.99608946 
392 466 26 34 0.99447757 
116 446 23 29 0.98863494 
666 445 25 32 0.9841532 
157 486 24 36 0.9781109 
716 531 29 51 0.9229223 
459 436 16 26 0.890966 
137 685 23 38 0.8846957 
46 567 23 45 0.8501 
192 412 18 23 0.7611258 
0 395 11 17 0.7064052 
175 419 13 16 0.68416554 
308 422 13 16 0.65431094 
857 432 15 23 0.5812349 
876 388 9 12 0.58010757 
182 384 12 14 0.5792828 
158 386 13 17 0.5574391 
465 391 19 23 0.5566971 
261 377 12 15 0.528949 
838 572 41 63 0.5159961 
57 459 21 29 0.5096519 
345 366 9 11 0.49302375 
220 394 13 16 0.4708418 
807 449 18 23 0.46430486 
238 398 12 16 0.45308036 
511 480 16 21 0.44859508 
35 391 11 13 0.4148459 
198 381 11 14 0.39591327 
493 381 15 18 0.39362377 
24 366 9 11 0.387988 
730 477 26 30 0.38663283 
748 404 10 15 0.38208446 
845 399 9 12 0.364015 
243 379 12 15 0.3634071 
723 399 11 13 0.3545327 
997 489 16 23 0.34356704 
275 450 14 21 0.34039855 
42 436 17 22 0.3374982 
73 350 8 11 0.2793577 
323 396 15 19 0.27796698 
320 342 10 12 0.27384257 
985 360 9 11 0.2730395 
279 444 24 31 0.2713555 
244 373 12 15 0.26590475 
174 413 12 16 0.25709838 
269 356 10 13 0.25175822 
312 379 12 14 0.24406661 
782 419 10 14 0.24104112 
223 350 8 11 0.237776 
833 466 16 19 0.23674299 
380 416 17 22 0.23162648 
952 398 12 17 0.22691438 
686 405 10 13 0.22631213 
266 354 10 12 0.21793148 
45 457 23 30 0.21556464 
79 391 9 12 0.21433778 
109 371 9 12 0.21317865 
764 420 13 16 0.21147142 
56 371 9 12 0.2091424 
234 359 9 12 0.20663968 
208 444 23 27 0.19704442 
299 478 15 23 0.19502455 
147 412 11 14 0.17273632 
375 359 8 10 0.17074303 
424 366 10 11 0.16664265 
247 369 9 11 0.1645907 
386 410 15 19 0.16320094 
555 390 16 21 0.16056202 
895 394 13 15 0.15958366 
183 356 8 12 0.15936491 
926 375 8 11 0.15849112 
80 396 10 14 0.15812516 
967 365 7 9 0.15131141 
335 413 10 14 0.15097941 
388 405 13 16 0.1506305 
863 377 7 10 0.14958227 
582 523 34 45 0.145366 
399 364 8 10 0.1389796 
192 358 9 12 0.13636646 
106 369 8 10 0.13333009 
502 419 27 42 0.12969743 
436 411 14 18 0.12928306 
136 367 8 10 0.1263548 
894 359 7 9 0.12609924 
966 374 9 12 0.12558037 
793 396 9 11 0.12483429 
739 472 27 33 0.12179739 
873 413 11 14 0.12120196 
542 445 25 32 0.120566435 
191 335 6 8 0.120499596 
88 367 9 11 0.12023389 
252 403 14 18 0.119602434 
30 463 14 19 0.119548455 
798 397 9 12 0.11944081 
128 375 9 12 0.11923098 
873 384 10 12 0.11706608 
0 331 8 12 0.11699489 
752 392 8 11 0.11643052 
222 399 14 20 0.116315514 
23 359 9 12 0.11596333 
190 382 10 14 0.113597 
801 404 10 13 0.11335526 
302 359 9 12 0.11205108 
1000 352 8 9 0.10949365 
72 355 9 11 0.108812734 
1013 382 9 12 0.10773763 
273 466 24 33 0.10708455 
287 375 9 12 0.10502398 
370 357 9 11 0.1042505 
255 333 9 11 0.10391206 
830 384 8 10 0.10380016 
508 370 10 14 0.10374814 
341 411 14 20 0.10217354 
272 452 23 31 0.10185584 
143 371 10 13 0.10172586 
406 360 8 9 0.1013105 
982 382 10 12 0.10023776 
880 373 9 10 0.100005984 
865 396 10 12 0.098869525 
540 450 17 23 0.098858 
330 326 8 11 0.098635614 
359 208 10 13 0.097503416 
54 319 8 10 0.09737971 
202 379 13 16 0.097196616 
239 390 11 15 0.09619383 
856 390 9 11 0.095359 
165 365 9 11 0.09482806 
744 374 9 11 0.094743736 
750 398 10 16 0.093707845 
431 445 19 27 0.09157584 
237 364 10 12 0.0914527 
223 345 8 10 0.09143361 
284 358 8 11 0.09142907 
242 401 13 19 0.091267586 
310 358 9 10 0.09116015 
815 392 8 10 0.08955405 
1008 367 8 9 0.08943033 
863 406 10 12 0.08907493 
5 368 8 11 0.08884293 
825 435 10 14 0.0887443 
30 320 8 9 0.08828588 
331 403 12 17 0.08722764 
110 450 17 22 0.087186076 
40 446 25 31 0.08692339 
315 419 11 17 0.08631284 
963 401 15 17 0.0851051 
382 358 8 11 0.08485323 
735 421 11 16 0.084079824 
76 381 10 12 0.083896406 
678 347 12 15 0.08343959 
229 402 13 19 0.08259973 
95 386 13 16 0.08135934 
257 328 8 10 0.08127884 
891 429 21 27 0.08102232 
326 392 10 14 0.080574416 
0 371 10 13 0.0804787 
311 520 21 36 0.07992822 
455 374 10 13 0.0793697 
389 398 10 14 0.07803688 
89 358 10 11 0.077718906 
864 438 16 22 0.0767278 
365 421 12 18 0.076509684 
16 350 8 10 0.07643058 
369 341 9 12 0.07579064 
892 441 16 21 0.07542024 
280 343 8 9 0.074884534 
297 352 8 10 0.07486207 
830 430 11 16 0.07391551 
89 352 8 10 0.07331098 
833 367 7 9 0.073241554 
1001 357 8 9 0.07280952 
10 349 9 11 0.072645605 
207 365 9 11 0.07208712 
320 401 12 18 0.07174234 
262 319 7 9 0.07118809 
179 413 13 18 0.07048707 
971 396 14 17 0.070216045 
799 359 7 9 0.06986555 
684 408 14 20 0.06921974 
169 410 11 15 0.069154575 
269 442 18 24 0.06903531 
197 358 9 12 0.06887237 
890 358 8 10 0.068781376 
198 351 9 10 0.068713 
73 304 8 10 0.06811529 
369 349 9 11 0.06748641 
121 382 10 13 0.067435235 
724 479 19 23 0.067166865 
61 367 9 11 0.067049436 
509 419 14 22 0.06701823 
961 361 7 10 0.06687604 
248 344 8 9 0.06664184 
845 435 21 29 0.066451475 
858 382 9 10 0.066266924 
159 366 11 12 0.066252515 
619 329 13 17 0.06623754 
64 319 7 9 0.06578835 
438 408 20 27 0.06543839 
486 418 22 33 0.06539 
303 412 14 17 0.06505612 
951 382 9 13 0.064635865 
897 404 11 14 0.064613305 
248 334 8 10 0.064457186 
765 406 11 15 0.0641645 
38 411 10 13 0.06415391 
346 414 16 20 0.06365164 
745 380 9 11 0.06356982 
816 366 9 10 0.06354604 
775 414 10 15 0.06328806 
202 343 7 9 0.06257901 
207 342 7 9 0.062418487 
416 365 8 12 0.062384706 
350 450 16 20 0.062091317 
204 375 11 13 0.06207072 
870 407 10 11 0.06188845 
326 407 13 18 0.06167349 
372 404 10 14 0.061171286 
814 396 9 12 0.06105465 
461 365 9 12 0.06060436 
595 404 16 20 0.060143862 
295 363 11 14 0.05976757 
279 351 11 13 0.059324596 
351 317 8 9 0.059035048 
889 353 7 9 0.058678146 
575 443 13 18 0.0586307 
193 362 10 13 0.058621988 
897 427 14 18 0.058454197 
743 439 14 18 0.058097925 
807 380 9 11 0.05781244 
41 365 8 11 0.05768954 
5 372 10 13 0.057638384 
222 355 10 12 0.056819573 
177 386 12 15 0.056540836 
298 333 8 10 0.056486104 
218 309 9 12 0.056212183 
807 359 8 9 0.056189474 
551 425 25 34 0.056141824 
7 327 8 12 0.055735018 
953 375 8 11 0.055545803 
369 335 8 11 0.0555345 
286 364 10 13 0.055492878 
592 434 24 31 0.05526756 
841 401 10 13 0.05517231 
710 391 9 12 0.055044796 
774 424 12 15 0.054926325 
710 419 11 14 0.054827552 
25 320 8 10 0.054577675 
286 464 24 35 0.054434475 
12 395 10 15 0.054375082 
40 359 9 11 0.054233644 
292 374 11 13 0.0542146 
988 364 9 11 0.0540965 
743 407 13 17 0.054070916 
971 523 32 35 0.053917903 
315 341 9 12 0.053649597 
677 334 13 17 0.05353775 
196 408 13 16 0.05279752 
109 395 10 13 0.052210346 
823 368 7 9 0.051961303 
318 388 12 15 0.051790763 
206 397 12 15 0.051157773 
1004 483 15 24 0.050970566 
534 394 13 16 0.050935566 
990 374 9 11 0.050728828 
692 374 8 11 0.05071905 
838 366 7 10 0.05061189 
64 451 23 33 0.05027556 
786 421 11 14 0.050211992 
278 320 8 9 0.05014784 
407 468 24 30 0.05002517 
912 343 9 12 0.049928114 
313 351 8 10 0.049849357 
253 367 9 11 0.04983867 
848 352 7 9 0.04977412 
1007 358 8 10 0.04966301 
119 389 9 12 0.049452137 
198 363 10 12 0.049311824 
262 334 8 10 0.04929943 
15 334 9 10 0.049244985 
222 375 9 11 0.049227744 
801 411 10 14 0.049173564 
754 460 22 31 0.04916607 
134 372 10 12 0.04882464 
239 326 8 10 0.048528932 
273 363 10 12 0.048341226 
879 342 6 8 0.04822574 
796 392 9 11 0.04793009 
880 358 7 8 0.047498748 
104 349 8 11 0.047349006 
241 412 21 29 0.04680431 
282 477 17 23 0.04679129 
473 389 16 19 0.046739213 
247 349 9 11 0.046621952 
818 457 14 21 0.046572123 
474 417 24 34 0.046536703 
528 390 11 14 0.046386242 
823 349 7 9 0.045901056 
396 412 13 17 0.045888443 
70 403 12 16 0.045762513 
368 381 10 13 0.045539092 
525 435 14 19 0.04531558 
523 371 13 15 0.045282252 
384 352 8 10 0.04522552 
261 384 14 18 0.045207214 
371 419 19 26 0.044986904 
78 375 9 12 0.0449621 
131 405 15 17 0.04493484 
285 343 7 9 0.044932682 
1001 366 8 11 0.04479971 
822 345 7 9 0.044573076 
101 388 11 14 0.04457268 
397 419 14 19 0.04457245 
896 365 7 9 0.044569977 
552 446 25 37 0.044271827 
885 389 10 13 0.044084072 
40 348 10 12 0.04402727 
61 373 10 12 0.04400665 
709 412 12 15 0.044000983 
881 369 8 9 0.043982375 
951 388 12 17 0.04396743 
960 531 48 55 0.0438922 
268 380 10 13 0.04380868 
304 480 18 24 0.043805424 
255 378 12 16 0.04376034 
791 365 8 11 0.043730613 
151 368 8 12 0.04372129 
53 326 9 10 0.04371695 
281 336 7 9 0.043570038 
703 390 11 13 0.04354055 
394 364 8 11 0.043408312 
717 410 12 15 0.04334525 
271 336 8 10 0.04332826 
825 384 8 10 0.04329108 
272 342 8 9 0.043212768 
77 400 12 16 0.043092433 
974 375 8 11 0.043053754 
184 336 8 9 0.043049216 
193 353 8 10 0.04297718 
610 326 19 27 0.04297663 
360 470 24 32 0.04297403 
319 337 8 11 0.04295387 
345 479 23 26 0.042890098 
209 337 7 9 0.042800933 
14 327 8 10 0.042639513 
733 389 9 12 0.042616766 
9 343 9 12 0.04255045 
859 375 8 10 0.042458404 
447 410 21 32 0.042396665 
871 382 18 24 0.04213986 
649 335 10 12 0.0421309 
286 335 7 9 0.042078115 
879 394 10 12 0.04194399 
570 533 30 41 0.041734733 
886 396 10 12 0.04172802 
528 437 28 34 0.041639198 
369 478 23 30 0.041375097 
450 373 10 13 0.04128233 
118 367 8 10 0.041270085 
984 375 9 12 0.041186605 
383 334 7 9 0.04106664 
284 351 9 11 0.0410063 
911 413 9 14 0.040960178 
73 344 9 12 0.040883124 
765 523 39 56 0.0407929 
693 382 9 11 0.040766414 
956 390 14 18 0.040711 
393 360 7 9 0.04035585 
21 351 8 11 0.04021872 
757 402 12 16 0.040106207 
92 367 10 11 0.040092014 
861 422 12 17 0.0398712 
273 326 8 10 0.039686806 
1013 374 10 15 0.039653517 
40 304 7 9 0.03944942 
431 352 10 12 0.039441418 
358 368 8 11 0.039362136 
280 380 10 13 0.03927264 
922 379 10 12 0.03911404 
744 399 11 16 0.039045606 
222 326 8 9 0.038919825 
864 337 8 10 0.038884763 
612 337 12 16 0.038856227 
454 492 22 35 0.03883277 
848 367 7 9 0.038743418 
818 344 8 9 0.038651697 
358 419 13 17 0.038451113 
177 353 8 10 0.038413297 
80 327 7 9 0.038324513 
602 439 15 20 0.03832151 
193 376 20 24 0.03829025 
382 375 8 11 0.0379199 
162 391 14 17 0.037827644 
268 434 17 20 0.03766385 
886 367 8 9 0.037644934 
240 342 8 10 0.03762884 
158 373 11 13 0.037327472 
66 468 16 20 0.037300516 
298 342 7 10 0.037256204 
161 496 31 40 0.037193175 
489 385 14 18 0.037010066 
285 400 14 18 0.03691633 
117 394 11 14 0.036796004 
65 325 8 10 0.0367209 
80 334 8 10 0.036715165 
520 364 11 14 0.03670334 
959 379 11 14 0.03668832 
958 342 7 10 0.036552455 
699 402 16 19 0.036521696 
224 380 10 14 0.036505707 
730 536 36 50 0.036425307 
94 351 8 11 0.036376145 
900 423 12 14 0.036297303 
311 384 14 17 0.036283806 
517 429 27 35 0.036057387 
799 365 8 10 0.036002446 
104 395 11 14 0.035912916 
719 394 18 22 0.03582444 
608 340 11 13 0.03573576 
214 366 8 10 0.03568928 
9 332 8 11 0.03555783 
293 468 14 21 0.03546516 
139 407 18 22 0.03540793 
534 335 8 10 0.035219576 
206 360 8 10 0.035118498 
96 474 12 18 0.0350374 
166 373 10 13 0.034872428 
975 380 10 13 0.034854107 
791 342 8 10 0.034790162 
232 320 8 10 0.03475069 
398 341 9 11 0.03473738 
897 527 33 46 0.034693584 
208 326 8 10 0.03462306 
604 359 10 13 0.034595866 
807 398 10 13 0.03458058 
406 364 10 12 0.034474447 
289 443 20 24 0.034375668 
846 392 10 13 0.03428824 
825 471 25 31 0.034225255 
175 496 28 35 0.034177974 
56 312 8 10 0.034135215 
16 342 9 12 0.03401244 
871 341 8 10 0.0339452 
972 388 13 16 0.03394492 
112 333 7 9 0.03389871 
318 358 8 10 0.033854112 
349 372 10 12 0.033754587 
815 360 8 9 0.033739585 
433 334 9 10 0.03372416 
989 493 18 21 0.033597674 
691 402 13 19 0.03348438 
175 374 11 13 0.03330896 
46 381 10 14 0.033218224 
124 687 42 58 0.033165228 
214 335 7 9 0.033119928 
674 333 21 30 0.033098582 
866 418 21 27 0.033045515 
856 563 47 70 0.033004098 
302 352 8 10 0.032944083 
853 396 10 12 0.03290974 
861 411 12 14 0.032810077 
368 328 8 10 0.03278599 
793 382 9 11 0.032677747 
335 348 8 11 0.032677397 
381 469 23 32 0.032542642 
72 387 12 14 0.032503005 
54 377 10 15 0.032491896 
358 372 10 12 0.032397285 
193 375 9 12 0.03229247 
62 410 14 17 0.032269854 
180 389 15 18 0.032232217 
996 405 13 16 0.03222348 
455 498 35 51 0.032045703 
103 343 8 10 0.032037932 
750 533 32 43 0.032022648 
512 522 38 51 0.031931102 
800 541 42 60 0.031919096 
764 457 15 26 0.031890873 
240 321 7 9 0.03184154 
163 383 12 15 0.03181131 
237 524 38 53 0.03173478 
961 374 9 12 0.03171476 
221 319 9 10 0.031703014 
215 390 13 17 0.03170154 
177 366 8 11 0.031590126 
230 343 7 9 0.031573337 
406 379 13 15 0.03154366 
215 326 8 10 0.0314135 
47 333 9 10 0.03140286 
750 350 10 13 0.031256087 
314 336 8 10 0.031253755 
807 421 9 11 0.031213777 
853 448 13 19 0.031165715 
62 312 8 10 0.031151608 
544 359 9 11 0.031037806 
780 423 14 18 0.031006413 
501 424 15 23 0.031000188 
279 326 8 9 0.030956687 
234 326 7 10 0.030918246 
336 367 8 10 0.030782277 
877 406 10 13 0.030740267 
457 367 11 13 0.030701729 
296 327 9 11 0.030699182 
837 427 13 18 0.03065525 
383 327 7 10 0.030651564 
952 342 10 12 0.030615173 
513 425 16 23 0.03059769 
31 325 9 10 0.03059106 
793 359 7 10 0.030556628 
680 446 23 29 0.030509261 
198 537 35 37 0.03040704 
578 438 23 29 0.030405415 
835 441 23 30 0.030382914 
230 421 12 16 0.030348897 
854 424 12 16 0.030266942 
200 327 8 9 0.030183842 
63 378 11 14 0.030060668 
479 385 22 27 0.029875413 
288 451 26 35 0.02986998 
974 367 8 9 0.029860685 
379 484 16 23 0.029836105 
241 334 7 10 0.029794931 
965 387 14 17 0.029619554 
594 409 23 27 0.02954972 
1012 386 11 15 0.029507851 
823 442 12 17 0.029497007 
182 364 9 12 0.029469261 
865 360 7 9 0.029397247 
122 469 27 33 0.029390538 
465 398 25 33 0.029263368 
997 382 10 12 0.02920125 
856 406 9 11 0.028949289 
327 511 37 53 0.028925491 
407 371 12 14 0.02885222 
507 438 30 42 0.028755827 
265 506 12 16 0.02866038 
858 335 7 10 0.028631842 
496 408 22 30 0.02862671 
70 376 10 13 0.028617075 
71 320 8 10 0.028539492 
945 383 10 13 0.028500522 
131 414 16 19 0.028487436 
946 556 48 52 0.028410308 
715 418 13 16 0.028323742 
216 343 8 11 0.02826683 
693 443 23 31 0.028225983 
273 321 8 10 0.02797466 
991 350 9 11 0.027902203 
807 353 7 8 0.027866373 
423 486 23 35 0.02785925 
15 372 10 13 0.027851414 
997 388 10 13 0.027747601 
909 419 11 14 0.027569555 
71 397 12 16 0.027325235 
523 529 14 24 0.027321806 
248 406 20 26 0.02720712 
906 430 23 29 0.027110029 
991 398 10 13 0.027060032 
745 389 9 12 0.027038218 
682 398 10 15 0.027033472 
815 404 10 12 0.026986454 
871 367 7 9 0.026966041 
308 405 14 17 0.026920848 
510 459 24 36 0.026881248 
21 335 8 10 0.026874067 
872 359 7 8 0.026869237 
849 358 7 10 0.02677816 
493 386 21 26 0.026702076 
793 374 8 10 0.02663734 
451 405 13 18 0.026578916 
270 386 11 16 0.026572231 
97 335 8 9 0.026546927 
733 396 10 14 0.026485292 
35 458 18 24 0.02642991 
799 374 8 11 0.02642892 
277 361 13 15 0.026428808 
983 351 10 12 0.02636392 
901 411 11 14 0.026304731 
183 342 8 9 0.02630041 
493 410 16 20 0.026273342 
39 384 10 13 0.02624611 
217 316 10 12 0.026201181 
905 351 7 9 0.026189135 
347 405 16 20 0.02613976 
414 360 8 11 0.026112657 
915 497 40 48 0.026028305 
400 372 9 12 0.026015902 
39 320 8 9 0.025945941 
24 325 8 10 0.025893508 
318 409 12 19 0.025799528 
195 419 24 28 0.02578303 
453 403 23 34 0.025725963 
911 389 8 11 0.025710745 
6 356 9 12 0.025686942 
103 452 16 23 0.02562361 
799 353 7 9 0.025472486 
264 344 8 9 0.025357353 
902 367 8 10 0.025306676 
25 455 10 14 0.02527511 
925 407 10 13 0.02524851 
833 360 9 10 0.025174122 
229 352 9 10 0.025173584 
533 369 14 16 0.025150368 
683 334 10 14 0.02514456 
130 368 7 11 0.024997085 
232 335 7 10 0.024993801 
748 465 17 23 0.024992755 
168 482 29 38 0.024980275 
223 336 8 9 0.024972372 
524 377 13 17 0.02496356 
43 386 12 16 0.024909137 
917 429 16 18 0.024891214 
787 426 13 16 0.02489108 
353 455 18 21 0.024851711 
828 442 13 19 0.02482465 
734 383 9 12 0.024765208 
760 423 14 19 0.02469974 
809 300 98 132 0.024686884 
609 332 11 16 0.024616214 
1005 352 9 11 0.024570253 
839 391 8 11 0.0245231 
176 321 7 9 0.024521869 
20 361 19 23 0.02448094 
200 336 7 9 0.024479752 
387 420 16 23 0.024442175 
958 337 8 10 0.024434183 
458 372 13 16 0.02442126 
831 420 12 16 0.024373583 
519 360 9 12 0.024365027 
473 516 26 43 0.024344778 
366 411 13 18 0.024273712 
719 481 15 20 0.024223544 
1004 406 11 15 0.024198923 
46 343 10 11 0.02415646 
760 412 13 16 0.024059858 
552 543 32 37 0.024050014 
238 548 12 16 0.023984166 
328 322 8 10 0.023799852 
550 392 24 32 0.023779292 
725 391 13 14 0.02372163 
296 320 7 10 0.023698842 
466 486 22 35 0.023632236 
605 348 11 14 0.023623765 
354 460 25 30 0.023518613 
393 340 9 11 0.023461688 
507 377 12 16 0.023402208 
739 419 13 17 0.023391291 
627 326 11 14 0.023367215 
93 372 9 11 0.023334568 
794 350 7 10 0.023236584 
723 409 14 19 0.0231903 
823 374 8 10 0.02314883 
911 382 8 11 0.023144398 
8 319 8 10 0.023132337 
255 341 8 10 0.023119193 
462 359 9 13 0.02310958 
582 411 12 17 0.023108836 
799 419 11 13 0.0230731 
734 403 11 15 0.02305683 
879 352 7 9 0.023043605 
304 374 11 13 0.023018327 
744 367 10 13 0.02300298 
892 391 20 23 0.02295679 
871 376 8 10 0.022918632 
128 409 14 18 0.02291735 
259 411 14 17 0.022911979 
694 386 12 15 0.022908127 
717 391 13 16 0.022901222 
702 395 13 16 0.022882301 
15 319 8 10 0.022870906 
650 340 10 12 0.022857461 
223 365 9 11 0.022841757 
247 320 8 9 0.02267422 
193 450 30 32 0.022654397 
918 412 11 14 0.022617772 
216 304 9 12 0.022588432 
18 357 8 11 0.02254363 
950 519 46 52 0.022541936 
650 472 16 22 0.0225364 
955 401 25 28 0.022518761 
104 335 8 9 0.02244324 
885 521 32 37 0.022390435 
262 457 14 17 0.022382643 
356 475 17 23 0.022332998 
496 369 18 23 0.022326514 
627 419 17 22 0.022314692 
932 374 9 11 0.022298979 
997 399 11 13 0.022282545 
302 342 7 10 0.022200085 
262 452 23 30 0.022198033 
588 332 10 12 0.022189753 
733 413 12 17 0.02217762 
499 404 13 18 0.022171635 
26 459 12 17 0.02216208 
808 390 9 12 0.022125455 
772 458 14 23 0.022105712 
38 310 8 9 0.022071231 
953 358 8 11 0.02206671 
78 321 8 9 0.021942768 
1012 366 9 13 0.021907145 
176 325 8 10 0.021905396 
247 328 8 11 0.0219025 
413 380 12 15 0.021872697 
786 412 13 17 0.021759959 
333 381 12 14 0.021736057 
381 364 9 11 0.021700041 
328 332 9 11 0.021677166 
941 413 11 14 0.021523463 
754 445 22 32 0.021454997 
97 460 22 30 0.02145143 
18 365 9 12 0.021447016 
109 427 12 17 0.021444889 
791 403 10 14 0.021439642 
38 333 10 11 0.021438392 
229 390 12 15 0.021437174 
256 312 8 9 0.021430861 
1 302 6 10 0.021430496 
314 326 7 10 0.021424292 
27 372 10 13 0.021377644 
998 373 9 12 0.021356005 
20 613 54 69 0.021289626 
119 374 10 12 0.021273378 
493 431 14 24 0.021224586 
640 606 34 45 0.021204552 
702 345 40 55 0.021198986 
150 392 14 19 0.021144968 
329 366 9 11 0.02113962 
214 373 9 13 0.021075396 
389 392 11 13 0.021057224 
807 364 8 11 0.0210333 
79 454 21 30 0.021002969 
502 344 8 10 0.020970358 
38 327 9 11 0.020955121 
840 344 7 9 0.020954788 
847 428 14 21 0.020905372 
521 393 24 29 0.020891171 
192 342 7 10 0.020885222 
156 412 11 15 0.020866575 
32 386 17 22 0.020839041 
980 396 11 15 0.020771326 
847 314 101 132 0.020768564 
948 375 21 28 0.0206904 
919 398 10 12 0.020657307 
909 406 10 13 0.020605063 
291 400 21 27 0.020580206 
32 404 12 17 0.02057162 
839 373 8 10 0.020561583 
1011 367 19 27 0.020522114 
77 308 9 11 0.020507583 
552 336 8 10 0.020493833 
873 352 7 9 0.020473901 
199 439 25 27 0.020472331 
936 422 11 13 0.020449318 
278 386 12 16 0.020413205 
71 364 9 11 0.020373883 
707 402 14 18 0.020353079 
164 518 43 50 0.020348478 
990 380 10 13 0.020347262 
869 410 19 24 0.020291291 
40 373 9 12 0.020222211 
709 424 15 19 0.020219859 
20 226 195 232 0.020212898 
686 387 11 16 0.02016942 
332 387 12 15 0.020161752 
991 345 9 10 0.020046003 
29 360 9 11 0.02002626 
363 429 17 21 0.020022117 
879 382 19 25 0.02002086 
80 368 9 10 0.02001962 
