2_Demonstration_Protesters_2_351
26
226 109 35 44 0.99240416 
105 22 55 57 0.87915975 
383 -4 48 47 0.7924268 
426 53 28 46 0.43843484 
610 47 32 45 0.27636975 
904 9 42 56 0.18511005 
953 50 65 98 0.1674051 
451 53 38 51 0.15877879 
356 2 64 52 0.14442779 
0 65 24 37 0.12294231 
644 109 28 31 0.091306366 
416 40 30 47 0.07399444 
633 62 35 39 0.06902638 
604 101 16 24 0.05626413 
342 0 54 39 0.032461736 
478 546 13 15 0.03172813 
24 -3 33 38 0.029488044 
603 487 33 32 0.02717938 
599 483 65 54 0.025793074 
637 97 43 51 0.025436273 
677 80 16 20 0.023901118 
439 250 11 13 0.023740737 
514 308 28 34 0.023129815 
846 292 53 62 0.021010123 
477 40 38 54 0.020872325 
90 4 30 50 0.020868026 
