2_Demonstration_Demonstration_Or_Protest_2_314
22
138 335 193 265 0.99980086 
557 273 151 206 0.9982779 
842 552 32 40 0.99163026 
884 531 41 48 0.33018333 
792 543 48 66 0.13070947 
746 512 87 126 0.07181408 
489 -7 373 489 0.041863836 
873 544 37 47 0.039225727 
360 190 220 285 0.03471468 
228 141 340 447 0.03168651 
614 1133 125 184 0.030117206 
824 556 26 40 0.029782137 
858 556 30 38 0.029404845 
367 452 138 110 0.02571862 
0 461 23 36 0.024434272 
92 541 341 513 0.02247088 
424 1210 116 119 0.021847814 
28 882 410 538 0.021606227 
715 -7 58 63 0.020440718 
976 1093 13 17 0.020298794 
300 11 377 486 0.020100815 
819 550 46 66 0.02008712 
