2_Demonstration_Demonstrators_2_456
47
1 275 104 130 0.99780136 
905 487 77 88 0.993587 
632 425 76 105 0.9924063 
348 37 91 111 0.9813874 
461 348 67 93 0.98111063 
171 212 74 92 0.9677702 
227 467 50 66 0.91551745 
850 234 107 118 0.6857705 
54 96 28 40 0.23508738 
37 112 35 33 0.19821295 
62 84 27 45 0.19783856 
185 261 61 79 0.15651311 
217 317 39 49 0.09682623 
204 288 51 68 0.095042124 
21 339 68 86 0.08260079 
919 -3 47 33 0.08239556 
873 417 38 51 0.061306372 
550 2 113 95 0.060299233 
131 422 50 55 0.046306446 
67 530 25 29 0.043631606 
846 21 57 66 0.043262877 
348 5 72 86 0.042231645 
66 411 43 54 0.040891923 
44 425 43 52 0.036565088 
29 86 53 59 0.03607799 
322 265 91 151 0.032722972 
835 1 91 110 0.03244503 
780 160 51 63 0.031212261 
833 38 49 61 0.030906433 
558 38 71 72 0.030059937 
826 202 155 208 0.029674932 
49 122 19 25 0.02958549 
296 58 109 116 0.027342677 
763 183 48 54 0.02612361 
747 438 58 60 0.025756707 
862 279 78 94 0.025217464 
946 35 85 123 0.02348444 
659 249 107 130 0.02252498 
833 54 27 32 0.022521432 
82 401 48 58 0.022244828 
228 319 46 59 0.021527242 
554 131 25 36 0.021487255 
768 430 43 36 0.021418404 
53 172 15 17 0.02127171 
310 283 57 75 0.02105627 
244 330 47 60 0.021005342 
72 89 41 53 0.020891443 
