2_Demonstration_Political_Rally_2_117
185
586 194 35 44 0.9979097 
382 213 28 34 0.99393976 
284 194 24 31 0.987631 
839 203 26 34 0.98386323 
791 212 22 26 0.96637875 
66 198 16 23 0.9643189 
731 218 28 35 0.9511096 
24 205 19 22 0.9180005 
879 194 25 37 0.8813787 
142 208 15 21 0.8453699 
453 197 12 16 0.8200718 
413 206 18 24 0.8196424 
806 190 11 14 0.8038439 
636 203 21 27 0.6401959 
954 189 24 30 0.5955876 
476 191 11 15 0.5047556 
780 201 14 18 0.49714437 
407 152 8 10 0.4534976 
730 181 9 13 0.36332044 
537 188 11 14 0.32191533 
471 172 9 11 0.27996704 
541 226 15 19 0.2626199 
762 183 9 11 0.257847 
416 170 9 13 0.25381705 
247 191 13 21 0.25167277 
116 212 15 19 0.23851454 
123 218 14 22 0.23639673 
541 185 9 11 0.21519935 
628 194 17 21 0.21440221 
486 175 8 10 0.19501846 
745 192 8 10 0.19351058 
695 201 14 20 0.18732747 
175 198 9 12 0.1856588 
372 183 9 11 0.1559189 
406 184 8 11 0.14816834 
398 188 8 12 0.1450847 
527 189 8 12 0.120220475 
359 197 12 15 0.11740509 
83 230 13 15 0.1162571 
430 144 7 10 0.10582766 
760 187 11 14 0.10165975 
21 156 11 14 0.09870894 
263 216 15 21 0.08997292 
788 195 15 20 0.08939624 
999 259 12 15 0.08932981 
684 230 14 18 0.08519809 
622 196 14 19 0.08105637 
12 176 8 10 0.07961795 
481 174 8 11 0.079275474 
783 201 20 25 0.07726343 
513 191 8 11 0.073152535 
741 228 27 30 0.07187436 
763 206 12 15 0.07117796 
823 177 11 15 0.06970265 
801 191 11 14 0.0691169 
497 204 14 16 0.06862942 
526 184 8 10 0.06799496 
186 227 25 28 0.06651859 
5 204 10 14 0.065706834 
259 194 14 18 0.061242387 
744 194 11 15 0.059950244 
494 198 13 15 0.059369158 
534 193 11 14 0.059274882 
250 190 19 27 0.057590194 
459 201 13 17 0.056447633 
551 183 7 10 0.05595455 
792 181 8 10 0.055809144 
128 210 19 26 0.05277558 
642 138 11 13 0.05024043 
728 176 9 12 0.04997817 
241 195 11 16 0.04802401 
709 166 9 11 0.047577288 
4 146 13 17 0.047494605 
495 172 10 12 0.047297195 
412 150 8 12 0.046475716 
421 168 9 12 0.046280414 
877 185 15 25 0.045822162 
521 183 8 12 0.04546668 
401 186 8 11 0.045350082 
759 194 13 16 0.045189075 
792 192 11 14 0.044971194 
867 201 24 35 0.044442266 
484 179 11 14 0.044340093 
809 191 14 19 0.044252947 
857 208 15 20 0.044115063 
914 135 9 11 0.0434294 
520 189 9 12 0.043311097 
480 182 11 13 0.042876393 
371 187 11 13 0.042589787 
472 179 10 13 0.041264895 
11 180 10 13 0.041033424 
690 207 21 32 0.040268164 
698 201 22 29 0.039968673 
403 155 8 11 0.039512545 
721 169 8 11 0.038672507 
628 193 34 44 0.03785394 
880 181 11 16 0.03765545 
963 656 44 54 0.037383404 
447 151 9 11 0.03686176 
511 172 10 12 0.035803203 
869 187 11 16 0.03565531 
680 227 25 29 0.03557133 
110 215 16 20 0.035435203 
439 149 9 11 0.035292905 
241 278 13 16 0.035216678 
707 148 8 12 0.034913987 
424 209 14 18 0.03465904 
483 189 11 15 0.034427132 
193 221 18 19 0.034156334 
687 190 9 11 0.034114167 
680 189 11 14 0.034078006 
886 202 29 34 0.033961724 
693 191 10 12 0.03340889 
979 119 40 51 0.033385523 
713 183 9 10 0.03317208 
345 190 9 11 0.033145264 
113 220 26 30 0.032798782 
677 195 14 18 0.032408524 
527 175 8 11 0.03174512 
733 186 10 12 0.03081008 
684 202 16 21 0.02981475 
430 199 12 15 0.029746894 
469 202 11 15 0.029716492 
500 198 12 15 0.028998252 
732 178 11 13 0.028953932 
969 192 14 19 0.02893265 
202 227 15 20 0.028710654 
719 182 10 12 0.028590918 
367 220 12 17 0.02789179 
57 134 9 11 0.027824804 
659 188 14 17 0.027804002 
501 172 10 13 0.027753621 
784 93 8 9 0.027594773 
93 228 11 15 0.0272004 
781 192 13 17 0.027169218 
437 144 8 11 0.026917575 
11 187 12 15 0.026817499 
63 278 10 14 0.02632036 
8 197 11 16 0.026133154 
783 203 35 43 0.02609856 
330 10 10 13 0.025944628 
393 185 8 11 0.025611268 
142 197 13 16 0.02503066 
950 166 10 12 0.024262626 
683 212 21 31 0.023914719 
795 192 19 24 0.023302883 
327 135 8 12 0.02325716 
963 181 16 22 0.023138942 
477 200 12 15 0.023034941 
487 169 8 11 0.02297737 
759 206 22 25 0.022891503 
685 195 13 18 0.02273857 
890 187 28 36 0.022692705 
200 193 10 11 0.022620872 
956 202 18 24 0.022596478 
448 192 12 16 0.022353796 
529 195 9 12 0.022309398 
535 182 18 23 0.022205573 
425 148 11 14 0.02211655 
813 180 11 15 0.022001335 
425 155 9 12 0.021961326 
468 210 12 16 0.021856675 
821 330 185 277 0.021797428 
757 182 19 23 0.021756703 
790 488 24 28 0.02174732 
545 220 16 19 0.021625424 
898 159 9 11 0.02146582 
681 183 9 12 0.021448663 
942 193 11 19 0.021419123 
485 128 8 10 0.021327844 
827 174 12 14 0.021270368 
641 196 16 21 0.021261606 
421 183 10 11 0.02113727 
255 202 20 31 0.021075351 
642 77 9 11 0.021068912 
864 183 11 14 0.020972414 
943 169 9 11 0.020826425 
136 196 11 15 0.020825023 
817 176 8 11 0.020751992 
264 198 22 29 0.020746935 
789 92 9 10 0.020730603 
266 209 22 31 0.020400146 
717 186 11 14 0.020347742 
400 172 8 11 0.020089503 
616 96 10 12 0.020000968 
