2_Demonstration_Demonstration_Or_Protest_2_173
312
846 291 52 67 0.99929035 
48 355 52 51 0.99814045 
671 278 47 63 0.9977823 
654 207 33 45 0.9976411 
353 229 27 35 0.9965103 
774 187 32 43 0.9963587 
273 278 36 42 0.9959811 
255 252 29 41 0.9944352 
170 313 43 54 0.99407816 
459 232 32 40 0.9932074 
581 233 44 56 0.9929403 
869 209 41 55 0.98449576 
360 295 40 56 0.98012793 
740 161 21 27 0.9780652 
504 216 40 54 0.977536 
548 166 14 18 0.9712668 
108 247 38 51 0.97044075 
174 225 20 25 0.95608526 
0 301 24 51 0.9524235 
3 217 13 16 0.9484998 
671 153 19 27 0.93389654 
360 190 16 21 0.9018534 
320 207 17 23 0.8733748 
831 164 19 27 0.841394 
207 239 20 26 0.82119656 
889 175 26 30 0.8171712 
439 192 14 19 0.8136753 
574 185 19 25 0.81332254 
452 210 24 28 0.8124632 
640 167 19 27 0.8045349 
286 195 14 18 0.7890595 
326 182 13 16 0.74782956 
17 241 14 17 0.7263883 
491 161 14 18 0.7157413 
100 216 18 22 0.7141877 
252 221 16 20 0.71017706 
469 190 16 22 0.6978135 
515 191 23 29 0.66361666 
134 210 14 18 0.66081744 
517 156 10 13 0.6529993 
401 182 9 11 0.5735267 
453 220 29 38 0.56686985 
381 199 17 21 0.52361965 
965 120 13 16 0.52162254 
882 147 13 16 0.493643 
184 275 31 36 0.47318345 
598 149 24 34 0.46004486 
389 198 13 16 0.45798895 
648 281 30 42 0.42846182 
157 192 8 10 0.3496829 
223 205 13 17 0.34910762 
4 252 14 17 0.3355768 
212 197 11 14 0.32068142 
404 178 12 16 0.31399417 
439 175 10 12 0.31311715 
48 262 20 26 0.31165004 
38 216 10 13 0.30709007 
431 152 10 12 0.2956551 
30 214 10 14 0.29540315 
250 188 10 11 0.29503334 
116 201 11 13 0.28961578 
231 188 9 12 0.2805231 
376 174 9 11 0.27465189 
192 190 9 11 0.2715796 
917 109 9 12 0.25058624 
453 205 17 20 0.24084984 
909 133 15 17 0.23357262 
265 181 9 11 0.22641757 
175 191 7 9 0.22559878 
168 202 11 14 0.2121326 
252 183 9 11 0.2034465 
972 299 29 36 0.1851863 
1006 169 14 19 0.17938933 
436 151 8 11 0.17139448 
749 208 23 31 0.16837533 
0 187 9 14 0.15268199 
997 171 14 18 0.15094429 
454 144 11 13 0.1486944 
344 175 10 12 0.14801553 
710 125 12 15 0.137358 
237 208 13 17 0.1358302 
47 206 9 12 0.12999317 
166 217 13 18 0.1297608 
39 199 9 11 0.12430367 
12 250 14 18 0.12334461 
4 246 12 16 0.122824475 
491 101 10 15 0.119447835 
599 423 20 27 0.11402552 
428 168 10 12 0.109498926 
100 191 9 11 0.10506075 
365 192 20 25 0.10405927 
237 184 8 10 0.10318751 
69 197 10 12 0.098581895 
173 198 10 13 0.09132012 
47 212 9 13 0.09113369 
258 244 18 21 0.08890372 
437 179 14 16 0.0857939 
944 195 26 29 0.08157811 
906 137 12 17 0.080238916 
62 219 9 13 0.07926473 
413 193 14 19 0.077929884 
401 445 19 21 0.07746176 
41 203 10 12 0.07640921 
662 147 13 16 0.07435303 
117 218 11 15 0.07327846 
290 191 15 18 0.072688974 
374 177 13 17 0.07172509 
843 197 15 19 0.07087662 
561 150 10 13 0.06920628 
711 139 10 15 0.06517125 
127 197 9 13 0.06470801 
916 129 13 15 0.06258542 
300 199 17 20 0.061412454 
411 178 13 17 0.060527578 
474 195 16 23 0.05980295 
1000 159 22 34 0.059254866 
406 149 10 11 0.057193127 
426 151 10 13 0.056949608 
307 203 14 19 0.05662389 
435 155 10 13 0.05442064 
55 214 10 13 0.05440004 
255 96 14 17 0.054157548 
479 166 9 13 0.053524613 
718 152 14 17 0.052108485 
461 143 9 11 0.051537264 
180 207 10 12 0.05147078 
222 199 12 15 0.0509018 
556 155 13 18 0.050485063 
71 192 11 12 0.04846074 
636 257 16 20 0.048335787 
160 220 13 17 0.047455493 
232 226 15 19 0.047058158 
212 197 20 24 0.04701838 
882 184 30 34 0.045743022 
370 173 9 11 0.045306396 
296 182 11 13 0.04511701 
7 138 10 14 0.044263944 
139 219 13 16 0.043713026 
811 144 15 17 0.0435443 
421 178 12 16 0.043019164 
57 259 16 23 0.042890597 
170 190 9 11 0.04245352 
471 140 10 12 0.041605894 
24 208 9 12 0.041599344 
113 128 9 12 0.041375227 
268 187 10 12 0.04130385 
655 279 41 57 0.041165136 
169 183 7 10 0.041132852 
466 250 19 24 0.040717363 
219 453 31 32 0.040689882 
28 269 11 15 0.04063701 
914 105 9 12 0.040521204 
442 198 20 25 0.04033381 
190 172 8 11 0.040321466 
391 192 12 14 0.04027663 
229 196 11 14 0.039640155 
40 265 21 28 0.039025504 
1011 174 12 19 0.038987737 
71 150 11 16 0.038821284 
334 177 10 13 0.038728427 
303 173 11 14 0.038528357 
10 219 11 15 0.038252767 
247 175 9 11 0.037806667 
908 140 16 20 0.037456315 
208 173 9 11 0.037417207 
21 231 12 13 0.03708012 
991 171 23 28 0.03690232 
290 211 13 17 0.03679241 
101 196 9 11 0.036604736 
846 216 22 35 0.036553282 
638 253 23 33 0.036432702 
143 226 13 17 0.036378838 
226 187 11 13 0.036300704 
95 223 14 17 0.0362967 
79 214 8 11 0.035904836 
351 168 8 11 0.0358069 
26 332 49 64 0.03569819 
153 194 11 14 0.03522691 
618 410 22 29 0.034916718 
300 178 12 15 0.03478504 
912 132 22 28 0.034766085 
992 176 14 17 0.03476436 
224 159 8 10 0.0341527 
208 199 13 17 0.034050398 
510 102 15 17 0.03403076 
253 232 21 25 0.033955645 
196 241 16 21 0.033734847 
937 116 10 12 0.033585884 
20 198 9 11 0.03354373 
498 156 13 17 0.033274062 
1000 156 11 14 0.033029463 
692 141 10 14 0.0328888 
723 414 26 29 0.03283998 
877 202 30 39 0.032533273 
234 218 16 20 0.03247275 
28 266 36 50 0.0324553 
30 209 9 11 0.032361407 
450 147 10 13 0.032314677 
96 183 8 11 0.03221622 
396 185 13 17 0.032174688 
80 222 9 12 0.032168634 
34 467 41 35 0.032061826 
394 181 10 13 0.0320018 
406 158 10 11 0.031639643 
1015 143 11 17 0.031532876 
15 193 8 10 0.031450532 
512 162 15 18 0.031190252 
128 192 9 12 0.031041322 
762 193 27 39 0.03088904 
425 171 11 15 0.030881975 
737 21 16 21 0.030502293 
25 242 12 17 0.030227898 
179 213 14 17 0.03015315 
632 268 38 51 0.029471826 
485 201 13 19 0.02940586 
868 161 13 18 0.029273385 
45 200 9 11 0.028974878 
453 154 13 15 0.028763192 
88 220 10 14 0.02866187 
101 207 12 14 0.02862425 
246 227 20 26 0.028518619 
97 206 11 14 0.027187701 
109 216 21 25 0.027042544 
228 230 19 27 0.027014509 
110 61 10 13 0.026914865 
284 219 14 17 0.026758296 
842 197 24 32 0.02675211 
192 184 10 12 0.02674446 
16 197 9 11 0.026731368 
430 177 13 17 0.026678508 
438 169 10 13 0.026415048 
418 188 14 19 0.026366118 
510 186 17 20 0.026188018 
300 281 16 21 0.026154846 
903 179 15 19 0.02601944 
124 200 19 23 0.026000418 
64 204 11 13 0.025996171 
255 217 12 15 0.02589988 
515 168 14 18 0.025693461 
375 204 23 30 0.025689343 
229 164 9 12 0.025512597 
370 187 14 17 0.0254639 
644 410 13 18 0.025412695 
112 195 18 23 0.025362534 
983 289 30 42 0.025297962 
369 169 8 11 0.025232835 
24 217 12 14 0.025202207 
563 155 11 15 0.024992576 
407 194 13 18 0.024904335 
603 141 15 20 0.024903985 
419 696 23 33 0.024872426 
312 142 9 11 0.024755081 
655 230 34 39 0.02473599 
71 216 8 11 0.024455696 
1012 215 12 20 0.024420684 
87 176 8 10 0.024227815 
6 210 10 12 0.024091637 
132 198 10 13 0.023867901 
609 429 18 21 0.023840725 
182 190 9 11 0.023768105 
175 185 8 11 0.023631284 
549 185 12 18 0.023622148 
55 256 12 15 0.023491496 
449 158 11 13 0.023453483 
628 248 26 33 0.023228917 
643 252 41 55 0.023174131 
715 119 11 15 0.023022588 
581 154 13 17 0.022966119 
5 190 9 11 0.022959681 
4 237 13 17 0.022828853 
208 192 10 13 0.02276292 
53 207 9 13 0.02269885 
350 192 15 19 0.022574177 
69 220 9 12 0.0225092 
134 105 12 17 0.022424612 
655 147 12 15 0.022379875 
838 180 24 32 0.0223403 
459 147 10 14 0.022308217 
447 166 9 12 0.022298729 
148 222 13 17 0.022233427 
631 169 16 22 0.022226574 
383 167 9 11 0.02222528 
344 189 11 15 0.02192277 
944 260 25 29 0.021825407 
636 398 12 16 0.02180029 
29 274 13 16 0.02172517 
695 137 9 11 0.021626167 
704 130 12 14 0.021458996 
443 180 12 16 0.021413289 
246 182 18 23 0.021302095 
963 348 30 48 0.021286128 
272 196 11 16 0.021091377 
905 126 11 13 0.021020388 
0 239 10 15 0.020889249 
285 138 11 14 0.020870423 
322 195 16 20 0.02080561 
61 255 12 15 0.02079972 
922 145 13 16 0.020697247 
475 138 13 15 0.020671025 
783 197 20 27 0.020629562 
516 182 16 19 0.020591497 
345 170 9 11 0.020556888 
453 163 10 12 0.020446224 
526 140 13 15 0.020434413 
207 181 9 12 0.020409597 
586 144 22 32 0.020342102 
927 251 14 18 0.020260355 
198 205 10 14 0.02022635 
79 208 8 11 0.020217555 
452 173 11 13 0.020194145 
126 211 19 24 0.020038186 
245 168 9 12 0.020012124 
