2_Demonstration_Political_Rally_2_456
221
397 310 29 36 0.9970317 
149 360 27 35 0.9943323 
83 373 24 35 0.7684096 
813 215 17 21 0.654533 
642 307 15 20 0.63908297 
488 332 18 21 0.5640662 
708 251 13 17 0.37914982 
599 251 13 16 0.37780046 
356 209 13 19 0.37578148 
500 256 16 22 0.27778745 
630 215 8 11 0.264031 
595 257 14 16 0.22709802 
618 283 11 15 0.20982105 
515 217 23 27 0.20434503 
199 245 13 17 0.20192549 
624 252 10 12 0.19882467 
662 217 12 15 0.17558509 
487 239 21 31 0.16066678 
636 230 10 12 0.15988654 
631 220 9 11 0.14981972 
629 260 10 14 0.14246967 
468 240 13 17 0.14245448 
558 245 10 15 0.13774359 
771 228 12 16 0.13547976 
662 258 15 22 0.13481745 
932 214 13 17 0.12649125 
629 253 10 13 0.12631015 
632 305 22 27 0.12384487 
709 228 14 17 0.118445836 
712 274 12 15 0.11267822 
659 238 11 13 0.11172795 
857 231 11 14 0.10402611 
695 243 10 13 0.102000535 
663 208 10 12 0.10183592 
467 270 20 24 0.09524077 
572 249 16 21 0.09175372 
525 249 13 17 0.08946214 
669 220 12 15 0.08778456 
663 287 12 14 0.08664037 
685 243 10 12 0.082106486 
702 247 13 16 0.081663325 
61 378 26 32 0.08108204 
713 249 14 18 0.08043173 
350 204 14 21 0.07688411 
765 215 18 20 0.076638244 
510 225 23 29 0.076341055 
426 247 18 24 0.07467533 
807 215 15 20 0.074199595 
950 227 14 18 0.07303456 
993 207 15 19 0.072130725 
563 246 19 26 0.065801546 
94 386 24 34 0.064847246 
630 248 10 12 0.06371501 
502 234 23 30 0.062855855 
552 252 12 18 0.058135796 
292 245 13 18 0.057522014 
783 236 10 14 0.056598287 
566 238 10 13 0.05592227 
925 211 23 27 0.055629056 
679 244 13 15 0.055566266 
637 236 11 14 0.054836396 
669 253 12 17 0.05430861 
692 268 11 15 0.053434204 
978 269 13 17 0.05336757 
476 239 21 27 0.05322843 
654 265 15 18 0.050811034 
531 240 16 21 0.05030754 
702 235 13 15 0.0501851 
710 222 14 16 0.04908552 
668 213 12 14 0.048470926 
597 265 14 16 0.048292574 
800 217 11 16 0.047090523 
636 223 9 11 0.046811406 
461 240 15 19 0.046793632 
520 228 23 27 0.046581626 
939 214 12 17 0.04614092 
647 268 11 14 0.045978587 
622 300 10 13 0.045849748 
616 216 8 10 0.045588594 
825 192 10 12 0.0448583 
191 242 16 18 0.044517595 
828 194 10 13 0.04399601 
714 235 15 17 0.043748446 
700 299 15 16 0.04334798 
967 238 12 15 0.04322539 
637 242 12 15 0.042744804 
571 266 14 16 0.042432904 
972 237 14 17 0.042098276 
672 357 11 15 0.042006608 
648 214 9 11 0.04170902 
776 318 8 12 0.041701123 
508 355 12 15 0.039917517 
658 219 10 14 0.039802365 
704 255 13 17 0.03944066 
663 201 8 10 0.038761243 
696 310 13 17 0.03826168 
291 204 15 22 0.03767775 
670 227 11 13 0.03753701 
429 229 14 18 0.035778213 
649 310 15 20 0.03577168 
149 249 16 19 0.035507392 
913 209 25 33 0.03534305 
580 268 11 14 0.03516223 
427 231 23 28 0.03513109 
615 278 18 24 0.03494766 
631 208 9 11 0.034788627 
669 207 11 13 0.034285374 
649 208 8 10 0.034194943 
361 205 15 21 0.034160506 
640 285 11 14 0.033736676 
622 267 12 16 0.033431225 
625 208 8 11 0.033041324 
606 239 11 14 0.032920774 
661 228 11 14 0.032205027 
947 295 14 18 0.03199251 
972 141 12 15 0.03177387 
959 300 12 15 0.031747077 
700 275 12 17 0.031714745 
460 223 15 21 0.03170664 
464 240 22 29 0.03141265 
612 237 11 13 0.031310573 
675 221 10 13 0.030998992 
505 294 23 31 0.030354215 
655 251 14 17 0.030251553 
675 249 13 16 0.030077543 
646 252 11 14 0.030072013 
923 224 15 21 0.030030893 
537 234 17 22 0.030001864 
221 288 10 13 0.029840102 
616 289 11 17 0.029698871 
552 244 11 17 0.029437888 
628 353 15 22 0.029434713 
656 231 10 13 0.029336622 
477 333 39 48 0.029216934 
672 200 10 12 0.02920176 
725 330 12 14 0.028692337 
695 274 12 16 0.02853355 
502 232 15 21 0.028509023 
644 243 12 16 0.028343016 
597 299 16 19 0.02834035 
392 365 43 59 0.028174562 
719 214 11 14 0.028150825 
466 220 11 16 0.02810955 
683 309 21 30 0.02804089 
939 219 21 26 0.028028928 
870 215 9 11 0.027646393 
723 220 13 16 0.027300803 
458 247 15 21 0.02700848 
634 288 24 31 0.026952969 
628 342 11 15 0.026656847 
714 222 21 25 0.026626715 
980 208 15 20 0.026335953 
495 336 17 19 0.026264934 
78 381 17 23 0.026127346 
661 307 13 19 0.026019791 
815 198 11 12 0.025433708 
625 219 10 12 0.025256878 
710 280 12 15 0.02518679 
181 220 23 28 0.025064828 
941 235 13 16 0.024817139 
491 340 25 27 0.024748044 
692 261 13 16 0.024725502 
182 251 11 14 0.02462224 
639 290 12 16 0.024461705 
673 339 11 14 0.02435886 
670 236 10 13 0.024333484 
766 205 14 18 0.02422724 
678 230 10 12 0.02400967 
174 242 13 16 0.023991082 
676 213 10 12 0.023940044 
591 221 10 11 0.023784455 
636 252 11 15 0.023781646 
217 274 11 14 0.023607638 
734 222 11 14 0.023590451 
225 222 26 32 0.023369057 
695 250 13 17 0.02321922 
647 221 10 11 0.023211915 
268 269 18 22 0.023197487 
440 205 12 15 0.023197336 
615 250 10 14 0.02319713 
868 219 11 14 0.023185765 
879 214 10 13 0.023066694 
983 201 22 28 0.022988612 
863 224 10 13 0.022793405 
676 205 10 13 0.022672556 
219 267 13 16 0.022623116 
723 203 12 15 0.022555824 
554 243 19 26 0.022433221 
722 243 12 16 0.02234259 
821 256 17 20 0.02227116 
656 208 9 11 0.022194656 
723 211 13 16 0.022141838 
540 334 16 18 0.022083808 
530 217 17 21 0.021873014 
180 243 12 16 0.021833925 
460 215 13 18 0.021730248 
714 186 221 227 0.021709442 
382 204 11 18 0.02166645 
409 245 23 33 0.02160268 
637 206 9 11 0.021508621 
625 255 19 24 0.021457357 
654 234 18 22 0.021420326 
512 245 20 28 0.021366054 
613 245 11 14 0.021361707 
615 270 11 14 0.021260023 
466 227 13 18 0.021038035 
813 205 14 18 0.021000503 
691 306 23 29 0.020819489 
165 213 26 29 0.020686692 
351 215 13 18 0.020628016 
64 361 39 49 0.020595537 
623 306 14 19 0.020511808 
429 221 12 15 0.02034509 
99 397 25 32 0.020243622 
571 238 12 13 0.020243183 
174 145 42 52 0.020218652 
855 224 18 24 0.020188507 
820 205 14 17 0.020187842 
855 215 9 11 0.020076273 
277 242 15 18 0.02006536 
579 256 15 19 0.020028066 
