2_Demonstration_Political_Rally_2_171
69
850 652 57 92 0.9941087 
124 568 17 23 0.9912156 
619 665 53 91 0.98908347 
407 707 47 58 0.9800868 
150 706 31 57 0.9571773 
103 628 42 53 0.951673 
47 711 39 55 0.9267252 
449 655 23 41 0.91436523 
553 659 23 41 0.8896737 
947 621 18 21 0.8030938 
424 665 31 37 0.79962444 
437 660 27 39 0.7960429 
304 649 34 37 0.7228898 
1003 625 20 25 0.706395 
730 726 51 41 0.6328888 
48 645 32 45 0.2682116 
331 701 36 52 0.18222484 
300 633 35 40 0.1530832 
996 715 15 18 0.14250128 
417 680 30 41 0.11428823 
917 692 46 66 0.082093716 
302 620 34 35 0.080142304 
208 712 49 52 0.074602686 
297 661 32 45 0.0739222 
266 -46 390 487 0.07013387 
695 653 46 73 0.05854646 
677 657 76 116 0.05507443 
418 594 24 36 0.052628487 
185 675 51 61 0.049530488 
377 730 44 42 0.04862408 
965 707 13 18 0.045641128 
187 715 49 52 0.045369897 
160 713 52 55 0.044808403 
266 670 42 66 0.04319513 
246 712 50 55 0.0404754 
145 683 17 21 0.039059114 
204 657 37 34 0.03885043 
150 604 15 21 0.038523905 
631 657 81 108 0.038215026 
449 600 24 34 0.037816267 
288 192 8 10 0.036206476 
421 690 37 51 0.035336662 
346 701 45 56 0.034575034 
306 656 22 24 0.033119667 
322 650 19 23 0.03251968 
973 701 10 16 0.031322215 
768 199 12 14 0.03120613 
702 688 65 74 0.029234942 
57 631 29 45 0.029170215 
984 715 12 17 0.028854934 
316 520 14 18 0.028805312 
54 666 33 39 0.028252035 
892 684 53 73 0.027536603 
753 199 12 15 0.02661742 
989 716 16 20 0.026052454 
48 665 22 28 0.025944889 
190 661 35 38 0.025866466 
185 651 29 34 0.025582224 
824 692 53 75 0.024672033 
784 199 11 13 0.024003232 
613 688 30 52 0.023352351 
668 497 26 36 0.023283964 
346 670 43 52 0.02259272 
121 678 44 63 0.021700598 
535 550 27 34 0.02116062 
411 653 34 42 0.020930087 
203 698 36 54 0.020410392 
970 637 16 19 0.020310955 
955 707 24 32 0.020245997 
