2_Demonstration_Demonstration_Or_Protest_2_402
417
476 125 45 52 0.9946885 
797 124 57 66 0.9904226 
313 150 61 71 0.9860519 
387 111 56 63 0.98362213 
187 151 56 65 0.9790238 
672 140 61 66 0.9278609 
609 112 51 57 0.9215028 
916 9 18 23 0.73482996 
484 70 15 20 0.6738449 
970 73 13 16 0.44346583 
521 29 9 13 0.34619886 
497 14 9 11 0.33800468 
154 157 17 22 0.33508614 
480 55 11 14 0.31603453 
393 69 10 13 0.2812485 
478 37 10 12 0.276921 
443 68 14 18 0.27564338 
309 16 10 13 0.26942927 
253 250 13 16 0.24660146 
328 59 9 11 0.2397058 
388 443 23 27 0.23284647 
444 63 10 13 0.22500911 
414 44 10 12 0.22241555 
844 28 15 19 0.21197861 
153 103 17 21 0.20547171 
977 16 11 14 0.1945393 
974 106 14 19 0.19118367 
445 23 8 10 0.19057618 
549 12 11 14 0.18963733 
499 21 9 12 0.18887925 
971 179 12 16 0.18331017 
519 61 9 12 0.1760793 
319 56 9 12 0.1696851 
486 14 10 12 0.15914541 
532 46 10 12 0.15762995 
370 491 18 21 0.157447 
518 54 8 11 0.15061967 
454 54 9 12 0.14835176 
91 221 12 15 0.14442809 
503 104 25 30 0.14218055 
333 56 8 11 0.14030933 
486 20 10 12 0.13751596 
840 62 28 32 0.13749045 
479 43 10 13 0.13714519 
519 22 10 13 0.1370141 
446 30 9 12 0.136917 
518 15 8 11 0.13473724 
212 253 16 19 0.13399501 
463 12 11 13 0.13087375 
314 56 8 11 0.12619704 
496 43 10 12 0.12554844 
431 32 9 12 0.123443164 
983 35 9 12 0.119734414 
683 92 11 13 0.11893983 
397 47 8 11 0.11877398 
320 38 8 11 0.1182379 
360 62 7 10 0.11590898 
319 33 7 9 0.11582665 
726 88 11 14 0.112441584 
463 44 9 11 0.11171955 
647 66 14 15 0.10915733 
595 28 13 17 0.10214192 
312 61 9 11 0.101996884 
981 204 10 13 0.10148942 
992 125 13 16 0.10095741 
433 37 8 10 0.10075176 
373 20 8 11 0.098869994 
974 59 13 17 0.09831212 
397 31 8 12 0.09749721 
176 93 15 19 0.09697237 
400 52 7 10 0.09687696 
978 284 13 14 0.096466884 
346 54 8 10 0.09616129 
351 54 8 11 0.09565298 
420 38 9 11 0.09452874 
393 38 9 10 0.09378105 
415 29 10 13 0.0904533 
473 37 10 12 0.09014046 
404 69 11 12 0.08895112 
313 72 9 12 0.08774475 
93 213 11 13 0.08691145 
480 75 21 28 0.08639782 
410 46 9 11 0.084170945 
839 14 26 31 0.08411995 
533 68 10 12 0.08285664 
156 10 25 29 0.080360934 
520 67 9 13 0.08025876 
519 34 10 12 0.079855025 
706 11 10 12 0.0792615 
918 226 12 15 0.07885828 
421 31 10 12 0.07781702 
593 83 11 13 0.07689924 
369 17 8 10 0.07643409 
455 47 9 11 0.07578965 
352 28 9 11 0.07577286 
1014 355 9 13 0.07512403 
358 56 8 11 0.07477067 
357 78 8 11 0.074344486 
374 39 8 10 0.07330508 
164 70 16 19 0.07328039 
527 15 9 10 0.072773084 
327 40 10 11 0.0723144 
310 45 8 11 0.072153166 
527 23 10 12 0.07184246 
617 28 14 18 0.07137914 
448 56 10 12 0.06971117 
238 194 22 30 0.06888949 
432 61 9 11 0.06688092 
160 105 23 30 0.06687919 
358 22 8 11 0.06648727 
286 45 9 12 0.064154595 
301 452 22 25 0.06397691 
357 30 8 11 0.060818408 
172 97 22 27 0.06033964 
163 125 15 19 0.059125125 
993 221 10 13 0.059013728 
333 38 9 11 0.058560614 
159 52 26 33 0.05838655 
414 63 9 11 0.057409097 
995 115 12 17 0.057179105 
413 68 9 10 0.056479488 
424 61 8 11 0.05534475 
500 7 9 12 0.055298742 
438 35 9 12 0.054846868 
607 70 10 14 0.054411348 
368 38 8 11 0.053848337 
361 37 8 11 0.05351096 
863 243 14 17 0.05339504 
532 100 13 16 0.05329513 
517 47 10 13 0.052906103 
1010 213 12 16 0.052657045 
440 30 10 13 0.052614428 
408 64 9 12 0.05255647 
471 73 11 14 0.052391294 
385 77 9 11 0.051677693 
383 425 13 16 0.051320862 
391 32 10 12 0.051117186 
534 40 10 12 0.051066905 
525 63 11 13 0.051058203 
414 52 11 12 0.050661173 
1000 310 11 12 0.050555654 
397 72 13 15 0.05054906 
83 196 10 13 0.049722392 
414 285 11 13 0.04920513 
319 15 9 12 0.04876223 
154 5 15 17 0.048629913 
550 18 12 13 0.04860502 
334 86 8 10 0.048544906 
305 18 10 13 0.048208334 
329 544 9 10 0.047989834 
325 23 8 10 0.047717568 
579 45 10 12 0.04769622 
857 52 14 17 0.04763865 
754 271 11 14 0.04732587 
338 14 8 10 0.047267113 
393 0 9 10 0.04724735 
95 208 11 12 0.04723724 
311 7 8 10 0.04655387 
384 8 9 11 0.04590155 
925 237 13 16 0.04547202 
398 65 9 12 0.044882365 
367 512 14 18 0.044750918 
430 56 9 12 0.044641294 
175 367 11 14 0.044486236 
542 39 10 13 0.04438957 
835 18 14 18 0.04436302 
335 33 8 10 0.044164676 
312 39 9 12 0.043968525 
575 15 9 11 0.043753926 
390 15 10 13 0.04367522 
411 39 10 12 0.04330422 
440 15 9 12 0.04304637 
343 22 10 11 0.043024883 
457 14 10 11 0.04270582 
772 10 18 23 0.042563546 
176 43 16 18 0.042219594 
689 30 11 14 0.042153485 
481 13 10 12 0.041998062 
252 327 10 14 0.041924194 
391 52 10 12 0.041880812 
527 39 11 12 0.041490585 
375 45 7 9 0.041485596 
539 127 10 13 0.04117297 
102 213 9 12 0.04098499 
285 28 10 12 0.040946357 
444 15 10 12 0.04059154 
691 34 12 15 0.04002051 
352 90 10 13 0.039878044 
487 9 9 11 0.03976299 
447 34 10 13 0.039688032 
500 40 9 12 0.039658155 
980 341 9 12 0.039415177 
847 260 12 16 0.0390338 
409 29 10 12 0.03887838 
318 432 13 16 0.038729418 
284 319 10 13 0.038549893 
528 52 11 13 0.038216162 
640 29 11 13 0.03778866 
857 5 13 14 0.037514977 
844 78 17 19 0.037504166 
315 31 8 10 0.03724047 
983 302 10 12 0.03686274 
413 22 12 15 0.036670223 
438 0 10 9 0.036570534 
515 102 22 27 0.036557727 
154 208 15 18 0.03641003 
592 62 10 13 0.0362473 
454 30 11 13 0.03621106 
281 292 10 12 0.03604979 
407 54 9 10 0.03561938 
977 205 10 15 0.035608627 
336 79 8 11 0.03560347 
349 48 9 11 0.035592135 
967 322 11 15 0.035581023 
484 38 10 12 0.03546784 
613 69 10 13 0.035446797 
579 22 9 11 0.0354062 
990 91 12 16 0.035402738 
974 212 14 20 0.0353585 
764 86 10 13 0.03518874 
384 55 8 10 0.035149407 
288 232 13 16 0.034809254 
289 220 12 17 0.034775387 
980 0 13 12 0.0346259 
990 301 10 13 0.0344426 
327 32 9 11 0.034432855 
1002 205 10 13 0.034409918 
973 10 21 26 0.034376144 
726 12 10 13 0.034361932 
339 469 10 13 0.03431142 
630 111 35 40 0.034118656 
386 71 9 12 0.033979367 
93 145 11 15 0.03374422 
448 72 14 18 0.033735152 
353 72 9 11 0.033441752 
235 2 14 15 0.033299 
998 303 9 10 0.03275443 
922 103 13 16 0.032660294 
100 220 11 15 0.031952098 
343 78 9 12 0.031462744 
485 28 11 13 0.031454783 
155 158 25 34 0.031433955 
630 66 11 14 0.031412728 
534 95 10 14 0.031348467 
913 47 10 12 0.031285156 
432 46 9 10 0.031089332 
974 118 12 16 0.031015163 
569 36 9 12 0.031005729 
386 31 9 11 0.030957688 
353 60 9 12 0.030873427 
461 18 13 14 0.030667322 
1000 37 11 13 0.030656992 
918 157 11 14 0.030632373 
421 21 10 14 0.030437184 
985 322 11 14 0.030391948 
975 50 13 16 0.03030998 
153 120 26 32 0.03017831 
342 39 9 10 0.030170774 
913 220 11 16 0.030006612 
772 95 22 26 0.029872712 
330 86 8 10 0.029690703 
397 21 9 12 0.029646106 
445 345 39 48 0.029517537 
360 17 9 11 0.029501703 
173 110 15 19 0.029470148 
414 429 14 17 0.02943241 
693 24 11 13 0.02940896 
285 51 10 12 0.029406006 
369 44 9 10 0.029196534 
329 79 8 11 0.02913989 
385 37 9 11 0.02913235 
214 248 13 14 0.029055364 
968 79 14 18 0.028835073 
414 14 11 13 0.02872341 
597 68 11 14 0.028528884 
1010 357 9 12 0.028472414 
349 104 11 13 0.028341047 
358 69 8 11 0.0283004 
373 32 9 11 0.02803048 
485 45 11 13 0.02801981 
335 71 8 10 0.027973847 
419 44 10 12 0.027800284 
970 63 20 25 0.027795712 
333 542 9 11 0.027761584 
316 76 9 12 0.027741283 
550 44 10 12 0.02768818 
501 27 9 11 0.027671881 
472 473 11 12 0.027646873 
977 27 10 14 0.027646529 
609 263 9 12 0.02759681 
365 62 9 11 0.027573314 
240 169 42 53 0.027479896 
628 36 10 13 0.02744681 
154 150 15 19 0.027117029 
384 13 9 12 0.02708738 
284 99 11 16 0.027027423 
460 28 11 14 0.027019016 
593 35 11 13 0.026975995 
767 152 13 18 0.026952242 
591 56 11 13 0.026932506 
725 22 11 14 0.026809385 
771 147 13 17 0.026673773 
718 373 12 15 0.026521387 
622 68 10 12 0.026519481 
484 61 12 14 0.026505455 
319 21 8 11 0.026485274 
521 175 24 30 0.026397588 
991 338 12 13 0.026345469 
534 29 10 11 0.026269654 
975 38 10 14 0.026220934 
326 14 8 10 0.026157744 
493 52 12 15 0.02607561 
974 201 40 61 0.026012626 
268 318 9 12 0.025992282 
334 95 9 10 0.025811939 
555 21 12 14 0.025787285 
638 62 10 13 0.02575029 
454 37 10 13 0.025598735 
180 88 11 14 0.025566198 
472 43 9 12 0.025480842 
343 72 8 11 0.025468603 
275 460 12 18 0.025421312 
439 56 11 13 0.025214132 
384 46 8 11 0.025002938 
386 21 9 11 0.02490797 
1011 84 11 18 0.024846083 
367 31 9 11 0.024797007 
616 46 11 13 0.024783999 
513 19 11 14 0.024767898 
312 96 8 10 0.024730027 
557 113 11 15 0.02468794 
937 21 10 13 0.024665585 
164 178 12 18 0.02459229 
979 217 23 31 0.024592046 
568 100 10 13 0.024544256 
45 191 9 12 0.024530549 
357 527 10 13 0.024481874 
175 317 11 15 0.024398282 
581 40 10 12 0.02437869 
332 44 10 12 0.024345318 
144 281 14 16 0.02426545 
343 60 9 11 0.024262719 
432 21 9 11 0.024135897 
561 83 10 13 0.024038369 
210 162 48 59 0.023886723 
478 0 9 9 0.023879614 
541 31 11 12 0.023859465 
916 25 12 16 0.02375862 
520 74 10 13 0.023699643 
918 78 11 13 0.02364959 
155 47 12 15 0.023515813 
327 492 14 18 0.023501605 
991 390 10 12 0.023417775 
584 125 11 14 0.023374628 
990 235 14 17 0.023306705 
495 27 9 12 0.023303835 
356 85 10 15 0.023254737 
903 208 10 13 0.023169603 
21 120 9 11 0.023112936 
147 374 12 16 0.023049137 
566 55 8 11 0.022988494 
513 28 11 14 0.022967674 
344 28 9 12 0.022905992 
532 13 9 12 0.02287497 
1003 208 19 27 0.022838235 
76 168 13 18 0.02271661 
1005 220 19 34 0.022650978 
982 93 12 16 0.022612201 
761 137 24 35 0.022570182 
677 87 19 24 0.022353357 
935 71 10 12 0.022136047 
486 89 22 30 0.022040594 
977 246 10 13 0.021976355 
998 141 12 14 0.021843255 
981 226 13 18 0.021762943 
438 45 9 11 0.021758638 
87 93 11 15 0.021751678 
1006 304 9 11 0.021630168 
626 396 13 18 0.021485578 
473 54 11 12 0.021472575 
997 340 10 12 0.021454552 
970 174 22 27 0.021452008 
990 220 22 31 0.021396732 
365 56 10 11 0.021381525 
588 139 11 17 0.021363234 
338 20 9 12 0.021351425 
581 14 8 11 0.021327514 
325 49 20 25 0.021182202 
108 102 13 17 0.021124039 
459 53 11 14 0.021095768 
376 9 8 10 0.021082258 
639 67 12 14 0.021082003 
523 63 18 23 0.021033293 
621 15 13 16 0.020902261 
991 47 9 13 0.020879645 
256 158 32 49 0.020873016 
582 54 10 13 0.020800052 
345 48 8 10 0.020787274 
87 215 19 25 0.020745607 
566 84 10 12 0.020656707 
150 84 12 16 0.020641852 
595 76 12 16 0.020548476 
152 36 10 12 0.020524453 
415 8 9 10 0.020481354 
396 15 9 12 0.020462856 
424 475 10 12 0.020378202 
995 86 15 21 0.020326864 
974 201 21 28 0.02028636 
456 22 9 11 0.02026744 
408 22 11 14 0.020259596 
472 0 10 9 0.020225609 
461 111 29 36 0.02019349 
479 8 10 12 0.02014097 
973 279 20 24 0.020139912 
777 77 10 12 0.020059632 
162 169 15 21 0.0200564 
921 145 10 12 0.020026762 
