2_Demonstration_Protesters_2_486
41
816 116 112 124 0.99991095 
44 382 133 178 0.9989819 
26 536 37 47 0.9968586 
450 110 148 182 0.99528223 
232 427 56 61 0.9776488 
619 239 54 75 0.6267404 
814 316 16 20 0.11960846 
420 501 36 35 0.09056647 
838 310 12 14 0.0764131 
0 617 15 20 0.056959502 
815 317 23 33 0.049650636 
816 313 11 14 0.04630607 
731 611 52 54 0.044417266 
50 223 29 34 0.041212488 
891 572 64 61 0.040494062 
421 516 33 36 0.039533503 
404 107 13 17 0.03922949 
351 501 48 54 0.037634593 
402 99 14 17 0.0352528 
0 430 27 45 0.035165727 
41 232 53 62 0.031254865 
969 6 47 51 0.030418575 
195 421 60 76 0.030294094 
808 321 12 17 0.030213494 
403 114 15 19 0.029335983 
322 479 17 21 0.02894406 
577 233 95 117 0.028852783 
603 300 132 150 0.027634153 
0 510 25 36 0.026796235 
335 473 12 16 0.026324255 
773 319 15 20 0.025099214 
3 256 56 80 0.02478363 
826 310 22 29 0.024090948 
593 279 216 238 0.023762325 
27 263 18 23 0.02244208 
46 452 15 20 0.022050604 
778 315 15 20 0.021904323 
832 314 12 15 0.020947233 
393 538 19 20 0.020403048 
390 530 53 53 0.020158116 
0 508 13 23 0.020052383 
