2_Demonstration_Demonstration_Or_Protest_2_895
447
673 333 32 41 0.9990446 
486 347 56 71 0.99867177 
627 338 32 40 0.98678255 
276 306 22 31 0.98323214 
803 304 24 28 0.9663794 
138 272 15 18 0.9578907 
23 285 18 25 0.9526564 
67 283 17 22 0.937082 
374 318 19 28 0.925456 
198 272 13 18 0.864998 
610 281 13 16 0.80700946 
992 323 23 28 0.79099363 
414 279 14 17 0.7854919 
926 310 11 14 0.78095543 
215 379 33 34 0.75600004 
967 305 15 19 0.74929637 
383 275 13 15 0.6712362 
341 280 11 14 0.66931576 
115 285 15 19 0.6342177 
426 311 15 23 0.62092245 
522 293 12 16 0.6177751 
53 270 13 16 0.6037734 
616 331 25 37 0.5734377 
299 310 15 22 0.4992492 
0 284 10 15 0.43863636 
729 279 9 12 0.41630664 
549 303 15 19 0.41061497 
48 298 21 27 0.38093486 
725 418 61 68 0.34577742 
297 292 15 18 0.3274551 
206 307 23 28 0.31776747 
749 299 15 19 0.31173876 
532 277 10 13 0.30119523 
369 268 9 11 0.27596945 
459 304 24 30 0.25837272 
259 291 13 17 0.25457168 
785 425 33 55 0.24214515 
303 331 14 18 0.23998113 
256 268 10 12 0.23064741 
44 418 95 99 0.22806112 
926 286 10 12 0.22423981 
836 294 10 12 0.2226536 
603 504 29 43 0.21371624 
328 292 13 15 0.20885928 
756 301 13 16 0.2083635 
870 325 12 15 0.19886027 
133 315 26 28 0.1930256 
466 302 14 17 0.19092992 
558 263 8 10 0.19082521 
194 256 9 10 0.17843708 
703 320 15 20 0.17786379 
155 283 11 15 0.1740287 
455 287 10 13 0.17356049 
675 274 13 15 0.16423792 
709 283 10 13 0.16212897 
211 299 14 18 0.16150752 
551 250 7 9 0.15788504 
338 314 14 18 0.1572381 
834 335 24 26 0.15378669 
364 366 20 27 0.14807065 
229 316 20 27 0.14726728 
302 274 12 14 0.14476527 
885 269 11 12 0.14047912 
290 308 18 26 0.13625935 
175 279 11 15 0.12534107 
452 305 14 19 0.12242583 
867 329 17 23 0.12142178 
564 284 14 16 0.12116096 
213 283 14 18 0.11903805 
472 260 10 11 0.11859414 
299 285 14 17 0.11815095 
121 286 16 20 0.11810996 
361 377 16 23 0.118073955 
829 255 8 10 0.11777821 
526 254 8 11 0.11768497 
749 296 11 14 0.116216846 
855 291 9 11 0.11486353 
667 261 10 11 0.11360123 
862 256 9 12 0.1130476 
437 333 22 28 0.11270646 
567 281 9 11 0.112049155 
336 284 13 16 0.10822889 
613 335 16 25 0.10693079 
788 356 12 16 0.106710486 
814 256 7 9 0.10604204 
535 292 11 14 0.10593356 
521 242 8 9 0.10542087 
462 312 14 18 0.10193949 
816 310 17 20 0.10189677 
66 309 14 19 0.100662254 
689 300 14 18 0.100187086 
803 333 24 33 0.098424286 
925 303 11 15 0.098334685 
764 301 10 13 0.09800967 
338 335 24 30 0.09796655 
579 351 29 35 0.09471995 
614 262 10 12 0.09434726 
574 265 10 11 0.09345081 
327 288 11 13 0.090725265 
881 268 9 12 0.09045864 
306 337 15 18 0.0901367 
489 260 10 12 0.089639865 
976 271 7 10 0.08726349 
566 357 39 51 0.086977474 
665 256 10 11 0.08526475 
275 291 15 18 0.084122255 
778 262 7 9 0.08231929 
211 290 15 19 0.08051643 
535 248 7 9 0.07917801 
147 276 14 17 0.0788658 
293 295 20 27 0.07770391 
407 265 11 14 0.0771166 
136 357 38 46 0.07675031 
603 337 39 50 0.076343305 
612 -5 435 525 0.075851835 
921 292 11 13 0.07508888 
591 263 7 10 0.07340212 
175 297 12 17 0.073078014 
178 279 14 19 0.072997846 
403 418 52 68 0.07237633 
192 260 12 15 0.07193367 
668 298 11 14 0.07179145 
1014 302 10 15 0.071563534 
295 274 12 14 0.07050414 
857 260 10 11 0.06966968 
535 283 12 15 0.06923525 
294 270 10 13 0.067703545 
368 292 14 18 0.0675052 
395 301 14 15 0.06740238 
409 282 11 15 0.06582829 
943 296 11 12 0.06578346 
232 90 24 32 0.06559296 
302 254 9 12 0.06509118 
942 270 8 10 0.06504293 
830 299 14 18 0.06367022 
788 344 24 30 0.06315512 
864 364 55 50 0.0627362 
336 320 22 28 0.06250754 
469 292 14 17 0.06249113 
477 285 12 15 0.062460896 
451 344 16 21 0.06238228 
411 450 65 80 0.06187109 
215 310 23 30 0.061847847 
630 292 14 16 0.061695103 
476 308 12 14 0.06144117 
204 389 49 50 0.06117412 
269 291 14 17 0.061056513 
793 255 7 9 0.060891334 
785 361 11 16 0.060456544 
696 424 58 67 0.060029965 
797 353 13 16 0.058942888 
783 353 21 28 0.058927074 
47 294 16 20 0.058627658 
274 297 20 27 0.05838215 
310 300 11 16 0.057893585 
861 287 10 12 0.057447333 
863 330 28 35 0.057443097 
412 330 12 18 0.057418134 
826 364 34 42 0.05702843 
219 308 14 18 0.056176774 
686 270 11 13 0.05584379 
467 321 13 18 0.055782013 
155 267 12 15 0.05552179 
148 345 31 45 0.055459373 
897 312 9 11 0.054759644 
577 351 16 25 0.054671947 
421 348 12 18 0.054223645 
372 268 11 12 0.05422092 
27 400 50 73 0.053997293 
29 416 22 35 0.053595617 
631 247 8 10 0.053474933 
553 271 9 12 0.05322556 
404 337 17 23 0.052990545 
831 347 29 31 0.052679434 
126 434 56 79 0.05261161 
903 315 10 11 0.052553955 
308 270 10 12 0.052245744 
309 277 10 13 0.052239638 
439 265 13 16 0.05166565 
485 308 9 12 0.05163358 
558 290 14 16 0.051392477 
598 290 11 14 0.050924778 
801 297 42 49 0.050442565 
525 286 12 16 0.050257113 
550 275 10 13 0.05019801 
137 309 18 21 0.050114594 
47 271 15 20 0.04997892 
766 278 10 11 0.049851514 
874 268 9 11 0.049747575 
535 253 8 10 0.049519762 
711 256 9 12 0.049514603 
844 334 24 29 0.049029205 
557 269 8 11 0.04778751 
169 277 12 16 0.047717106 
319 284 10 13 0.047326848 
527 247 7 9 0.046956666 
709 312 11 14 0.046465907 
120 259 10 14 0.04644707 
532 298 13 16 0.046022262 
428 347 12 18 0.0459348 
220 300 13 17 0.045294374 
810 256 8 10 0.045079354 
412 344 15 22 0.044941943 
980 319 39 54 0.04476813 
946 323 14 16 0.0444387 
669 280 17 19 0.044326853 
205 281 15 18 0.04429899 
559 278 9 11 0.04429869 
462 314 25 34 0.04424406 
471 287 12 15 0.043929394 
799 278 9 10 0.043628767 
545 255 8 9 0.04326798 
566 380 13 19 0.04313055 
614 257 8 10 0.042843092 
1 288 14 18 0.042697847 
777 254 9 11 0.042547185 
590 267 9 12 0.04243647 
441 224 10 12 0.042380985 
415 287 14 18 0.041840747 
631 458 14 22 0.04170218 
1 256 9 12 0.04166439 
636 288 10 13 0.041400257 
635 301 11 13 0.04132333 
803 350 16 20 0.04082984 
836 371 49 57 0.04081642 
873 285 9 11 0.040802907 
242 346 25 33 0.040491052 
724 341 40 48 0.039782617 
805 316 26 36 0.039666366 
316 301 12 15 0.039618134 
206 371 25 36 0.039424762 
619 267 11 13 0.0392778 
638 269 10 13 0.03919385 
140 323 30 35 0.039135236 
258 354 13 19 0.038998224 
370 359 21 29 0.038831692 
294 265 9 11 0.038763855 
598 246 7 9 0.038602434 
686 251 11 13 0.038600367 
564 377 25 38 0.03857001 
848 285 10 13 0.038512092 
669 269 16 18 0.038350943 
414 252 9 11 0.03829896 
610 261 9 11 0.03825099 
477 256 10 13 0.03820159 
834 361 19 25 0.038181476 
444 226 11 14 0.037896775 
48 255 11 14 0.037838034 
535 308 11 14 0.037704337 
76 299 20 27 0.037662815 
951 268 9 12 0.037443772 
699 323 22 29 0.03720506 
368 323 16 22 0.037189975 
838 240 9 10 0.037165556 
56 270 17 21 0.036904983 
862 335 15 20 0.036843456 
136 255 9 10 0.036826286 
846 281 9 11 0.03678075 
930 313 13 17 0.036778398 
969 270 9 11 0.036675986 
196 96 25 34 0.036478195 
126 275 14 18 0.036327306 
113 282 10 12 0.036039382 
461 293 13 17 0.03599015 
765 362 16 19 0.035932247 
200 399 31 35 0.035614066 
738 351 41 49 0.035293624 
572 277 11 12 0.035233356 
608 257 8 10 0.035199363 
982 270 8 10 0.035024907 
975 293 11 14 0.034856062 
542 261 9 11 0.03459628 
253 348 15 20 0.0344721 
249 262 9 11 0.034390837 
799 292 12 13 0.03433898 
705 260 10 12 0.034328673 
907 311 11 13 0.03389375 
308 387 44 48 0.033780556 
412 318 19 28 0.033551127 
450 190 8 10 0.033336688 
254 272 13 17 0.03325151 
147 267 15 19 0.033225536 
324 307 14 17 0.033185977 
313 339 14 18 0.03268562 
260 338 15 21 0.03259082 
61 311 22 28 0.032581154 
193 267 13 19 0.032486893 
744 305 14 17 0.032483537 
920 311 19 22 0.032412127 
526 287 20 24 0.03231217 
763 338 12 17 0.032175045 
109 350 45 56 0.031605564 
218 90 44 51 0.031310864 
389 351 23 29 0.031208955 
655 260 9 12 0.031130482 
543 299 14 19 0.030929592 
672 385 44 62 0.030889528 
404 323 16 22 0.030849397 
872 263 8 12 0.030837387 
939 303 17 19 0.030760497 
759 361 28 34 0.0305141 
1014 295 9 13 0.030498523 
254 284 15 19 0.030156093 
808 350 43 52 0.030094985 
820 300 23 28 0.029930545 
233 328 28 32 0.029925345 
789 315 45 52 0.029907646 
269 298 17 21 0.029632844 
736 381 54 65 0.029617224 
849 262 8 10 0.029149387 
559 257 9 10 0.02909253 
424 340 21 28 0.029050717 
255 295 12 16 0.02895026 
777 248 8 10 0.02883895 
221 280 8 11 0.028807603 
388 282 11 15 0.028769381 
746 263 8 10 0.028706374 
429 262 10 13 0.02863553 
728 273 9 12 0.028520778 
316 380 28 35 0.028463949 
662 257 21 27 0.028408559 
819 378 17 22 0.028290667 
169 288 22 29 0.028134884 
226 307 13 17 0.02778497 
681 248 10 13 0.027726458 
197 296 26 31 0.027687846 
360 328 12 19 0.027505044 
127 270 12 15 0.02737699 
571 270 8 10 0.027305175 
717 255 8 11 0.027133042 
185 273 22 28 0.026996123 
624 294 13 14 0.026975501 
911 264 9 10 0.02689318 
364 119 10 13 0.02688455 
289 274 11 15 0.02675295 
253 348 22 34 0.026730994 
451 290 22 28 0.026584119 
102 346 36 43 0.026409503 
798 263 7 9 0.026378006 
593 360 20 23 0.026209714 
151 272 19 25 0.02605863 
634 333 18 20 0.026014542 
426 317 20 31 0.025965266 
460 408 46 62 0.025911272 
920 299 13 16 0.025766771 
528 273 11 14 0.025763545 
535 287 19 25 0.02573616 
764 399 45 71 0.02559268 
781 248 7 10 0.025556056 
307 293 12 16 0.025534283 
46 259 21 27 0.025516853 
473 312 15 19 0.025431126 
832 333 45 50 0.02514608 
920 287 18 22 0.025085567 
317 307 13 17 0.024742894 
676 299 14 17 0.02469599 
580 310 14 18 0.024656098 
198 97 49 56 0.024619332 
495 310 11 12 0.024480384 
784 333 42 53 0.024385909 
302 261 11 13 0.024379265 
999 446 27 52 0.024376908 
542 313 12 16 0.02433336 
885 299 10 12 0.024237996 
525 241 7 9 0.02416028 
429 206 8 10 0.024090119 
757 360 16 21 0.024056107 
306 307 14 20 0.024004254 
548 295 14 17 0.023954302 
943 275 9 10 0.023934929 
510 263 8 11 0.023865068 
945 299 13 17 0.02386208 
412 262 10 13 0.02383267 
325 331 14 17 0.023614539 
654 255 9 12 0.023586717 
916 270 9 11 0.023369513 
192 400 46 60 0.023340039 
588 314 15 20 0.023266753 
463 325 15 22 0.02309658 
481 279 10 13 0.022938943 
549 283 12 15 0.022912258 
932 302 12 14 0.0228908 
721 278 10 13 0.022737557 
310 263 10 12 0.02270122 
704 279 12 14 0.022654546 
316 280 11 13 0.02265364 
991 262 7 9 0.02258117 
982 315 12 16 0.022556338 
535 314 13 16 0.022555871 
164 340 23 40 0.02246951 
791 302 10 14 0.022413276 
589 257 9 10 0.022316877 
0 403 11 19 0.02230258 
636 306 13 15 0.02229845 
693 248 9 11 0.02229534 
272 311 17 21 0.02226696 
327 369 23 32 0.02217151 
228 69 50 54 0.022171065 
128 264 21 26 0.022148527 
569 263 9 11 0.022118147 
512 247 8 10 0.022109041 
799 284 11 13 0.022065997 
749 364 43 55 0.021930972 
552 384 31 40 0.021691319 
247 256 10 12 0.021681394 
725 277 18 24 0.021660132 
240 254 10 12 0.0214906 
632 275 10 13 0.02137522 
333 331 16 21 0.021360971 
640 240 7 9 0.021334719 
455 247 8 11 0.021319138 
442 428 57 61 0.021265635 
541 276 11 14 0.021224288 
868 301 10 12 0.021221472 
123 294 16 20 0.021220215 
608 525 19 25 0.021215882 
846 229 9 12 0.021182735 
625 253 9 10 0.021154275 
840 278 9 11 0.021116164 
794 261 8 10 0.021108203 
930 285 10 12 0.021094795 
305 339 23 27 0.021032417 
258 291 22 27 0.021018676 
446 274 10 14 0.020980591 
772 351 23 31 0.020898681 
719 271 9 11 0.020850467 
913 268 9 11 0.020724956 
50 280 17 22 0.020708144 
607 514 13 20 0.020686494 
396 401 43 64 0.020667866 
984 263 7 9 0.020665608 
167 277 21 25 0.020617262 
127 309 13 16 0.02060539 
864 281 9 11 0.020587863 
126 262 9 13 0.02056095 
644 308 12 15 0.020548107 
742 304 24 28 0.020524126 
736 229 9 11 0.020401794 
643 269 11 14 0.020397784 
333 343 17 19 0.020359501 
574 308 13 17 0.020305794 
35 275 15 20 0.020234078 
728 262 8 10 0.020196766 
140 262 15 18 0.020156939 
214 95 30 35 0.020136887 
621 276 11 15 0.020128336 
640 350 19 24 0.020062553 
