2_Demonstration_Protesters_2_684
1565
693 364 12 15 0.98219115 
848 568 53 72 0.9637273 
738 435 15 18 0.953474 
614 421 13 16 0.9376032 
364 372 12 15 0.9356492 
910 417 19 22 0.9322196 
774 414 13 17 0.9276285 
107 498 18 25 0.9165099 
648 350 10 13 0.91389215 
523 424 15 19 0.9124743 
990 271 10 13 0.90112823 
307 393 14 17 0.896582 
869 432 21 26 0.88703066 
163 348 12 15 0.88097614 
205 373 12 15 0.8764999 
397 327 10 13 0.87649935 
946 477 30 32 0.8729391 
662 443 17 21 0.86481327 
77 403 13 15 0.85489225 
1004 310 12 15 0.8117602 
229 418 18 22 0.8064303 
336 350 13 16 0.79335153 
93 329 13 15 0.78411174 
465 340 12 15 0.7578115 
620 345 12 16 0.7524824 
449 375 10 12 0.75051194 
647 328 11 13 0.74495846 
200 346 12 15 0.73757136 
855 364 12 15 0.7287199 
572 323 11 13 0.72293264 
397 359 10 12 0.6899068 
295 319 9 10 0.68265253 
756 326 9 13 0.67862135 
810 307 9 12 0.64982885 
372 351 11 14 0.6205665 
463 373 12 15 0.5849377 
140 316 11 13 0.57592136 
885 336 10 13 0.56475633 
829 325 10 13 0.5616723 
418 339 10 14 0.55860204 
378 334 9 12 0.5498621 
937 483 32 38 0.5453605 
536 375 11 14 0.53419673 
816 339 10 14 0.5303372 
38 359 11 13 0.5017491 
544 350 11 14 0.49183363 
113 357 10 12 0.47610846 
740 373 13 15 0.4640688 
309 326 8 11 0.46356985 
479 316 8 10 0.455417 
441 324 10 13 0.45010075 
500 378 16 19 0.4434637 
601 329 10 14 0.4406522 
145 336 8 11 0.43353006 
688 328 11 14 0.42881793 
683 547 22 27 0.4241945 
633 318 9 11 0.42187133 
422 380 11 13 0.41308618 
207 303 8 11 0.40982607 
574 362 11 14 0.40906945 
748 478 18 22 0.40605336 
571 339 11 15 0.39923874 
392 300 9 11 0.39054874 
993 329 9 13 0.380249 
563 468 15 20 0.3734675 
308 307 9 13 0.37149262 
850 387 22 27 0.37063462 
505 321 8 11 0.3679329 
429 302 8 10 0.36043978 
71 323 10 12 0.3585817 
382 315 10 12 0.35365427 
828 452 16 20 0.3443163 
335 332 10 13 0.33949435 
775 324 9 12 0.33762676 
612 477 15 18 0.33537877 
10 511 28 34 0.3312663 
216 260 8 11 0.3296965 
160 335 10 12 0.32949337 
502 300 10 12 0.32877758 
958 272 7 10 0.3261604 
326 372 10 13 0.32613465 
399 279 9 11 0.31936222 
463 296 9 11 0.3141143 
367 404 11 13 0.31368014 
800 295 8 10 0.31328514 
304 499 13 17 0.3103391 
445 293 8 10 0.30598825 
77 320 10 12 0.30218676 
377 286 9 11 0.2983782 
736 262 9 12 0.29624695 
184 310 9 11 0.2959595 
238 325 10 12 0.29503134 
214 319 8 10 0.29374278 
609 285 8 10 0.28593364 
759 215 8 10 0.28573027 
456 303 9 11 0.28473225 
477 446 12 15 0.2839449 
934 364 10 13 0.27735573 
677 232 9 11 0.27715865 
269 317 9 10 0.2737672 
351 319 9 11 0.26664492 
550 317 10 12 0.26486924 
622 296 8 10 0.26384807 
154 293 9 13 0.2608806 
120 344 10 12 0.2599507 
14 332 9 11 0.257598 
397 388 11 13 0.2572353 
3 483 16 21 0.25571465 
429 285 8 11 0.25545827 
295 323 10 12 0.24512897 
276 383 9 13 0.24421193 
117 425 15 18 0.24385369 
189 318 10 12 0.24376851 
718 406 13 17 0.24352366 
357 326 10 12 0.23742145 
831 343 10 13 0.23645207 
707 412 14 17 0.2351156 
694 182 7 10 0.2318495 
542 316 10 12 0.23077677 
415 294 7 10 0.23022261 
597 352 9 12 0.22794956 
94 367 12 14 0.22705649 
455 276 8 11 0.2203023 
976 271 8 11 0.21719934 
823 217 7 9 0.21681589 
939 286 9 11 0.21642967 
60 347 11 15 0.21482179 
159 341 14 18 0.21320713 
897 305 8 9 0.21055667 
926 278 7 9 0.20996857 
48 328 8 10 0.20991753 
998 332 10 13 0.20952089 
669 408 13 17 0.2094749 
581 365 10 13 0.20392454 
556 436 10 14 0.20217566 
973 347 11 14 0.20019811 
573 238 7 10 0.19962402 
614 208 8 10 0.19882764 
210 319 8 11 0.1986225 
305 345 9 11 0.19441822 
430 461 11 13 0.1916084 
929 362 10 13 0.18833455 
376 293 9 11 0.18823265 
217 288 8 10 0.18801278 
289 302 8 11 0.18635908 
479 339 10 12 0.18588753 
87 294 8 10 0.1857026 
888 292 8 11 0.18260227 
425 296 8 11 0.18235168 
446 332 10 12 0.18162785 
887 363 10 13 0.18155351 
570 293 9 13 0.18050174 
617 297 8 10 0.17682679 
366 301 9 11 0.17644317 
279 327 9 11 0.17564869 
398 296 8 12 0.17462814 
292 358 10 13 0.17441277 
377 280 8 11 0.1737694 
350 293 8 10 0.17321141 
333 272 8 10 0.17310558 
253 287 9 12 0.17310336 
687 341 10 12 0.17215832 
593 354 9 12 0.17142591 
441 239 8 10 0.17056064 
398 351 12 14 0.16824521 
798 278 6 9 0.16770433 
376 340 10 13 0.16692112 
981 392 17 21 0.16364604 
599 371 12 13 0.16330771 
490 403 16 23 0.16199455 
422 346 9 12 0.16115795 
839 309 8 10 0.16104802 
185 342 10 13 0.15954609 
345 293 8 9 0.15951739 
793 278 9 11 0.15847708 
6 335 9 11 0.1561595 
358 430 13 16 0.15527442 
56 341 11 14 0.15443808 
905 285 8 9 0.15402159 
980 302 10 12 0.15328318 
598 301 8 11 0.15254007 
753 198 7 9 0.1520486 
183 302 9 10 0.15195338 
341 487 10 12 0.15194792 
653 475 16 18 0.15153222 
305 304 9 12 0.15112391 
396 530 10 15 0.14967582 
345 404 11 16 0.1491605 
688 294 8 10 0.1484909 
416 279 8 10 0.14705688 
468 367 10 12 0.14596684 
422 364 9 11 0.1453086 
343 374 8 11 0.1444287 
266 311 9 13 0.14417538 
384 271 7 10 0.14384376 
349 341 9 12 0.14336886 
941 280 8 10 0.14205107 
641 293 8 10 0.14017704 
336 311 8 11 0.13986777 
758 301 10 11 0.1385092 
335 318 9 11 0.13840076 
446 289 9 11 0.13704263 
998 291 9 11 0.13677819 
353 323 10 13 0.13625237 
13 423 12 15 0.13616703 
53 333 10 12 0.1356125 
874 295 7 9 0.13537993 
231 302 9 11 0.13433626 
535 343 10 12 0.1340397 
191 276 10 12 0.13376065 
831 286 8 10 0.13371937 
400 284 9 11 0.13275057 
441 262 8 11 0.13178192 
201 296 8 10 0.13110955 
305 327 8 11 0.13078451 
777 286 9 12 0.12983601 
976 306 10 12 0.12919204 
593 277 8 10 0.12881263 
646 292 8 11 0.12787074 
610 262 7 10 0.12733822 
502 343 9 12 0.12733062 
1014 248 7 10 0.12699394 
343 289 8 9 0.12684059 
279 308 9 11 0.12604645 
249 334 11 12 0.12564479 
170 311 8 10 0.12466149 
359 331 9 13 0.1246312 
192 324 10 11 0.12310122 
1005 258 10 12 0.12295363 
221 342 11 15 0.122679435 
371 418 12 16 0.12189938 
856 294 7 10 0.12179684 
409 294 9 10 0.12144002 
919 295 8 10 0.120918125 
202 301 9 12 0.12052938 
502 277 8 11 0.119864225 
375 390 11 14 0.11962037 
944 300 9 11 0.118545495 
530 420 14 19 0.11817052 
237 448 13 16 0.11776783 
593 301 9 11 0.1170535 
327 296 7 9 0.11667592 
311 288 8 10 0.11658045 
583 279 8 10 0.11611498 
249 292 9 12 0.11592592 
912 265 7 9 0.115209684 
65 600 24 39 0.11513548 
726 215 8 11 0.11444775 
502 356 9 11 0.11438692 
606 468 15 17 0.113961965 
509 320 9 11 0.113158934 
613 284 8 10 0.11291251 
463 262 8 10 0.112852335 
755 418 12 15 0.112717696 
592 272 9 10 0.11271738 
500 271 9 11 0.111225136 
845 398 24 33 0.110552244 
445 350 9 11 0.11031485 
801 223 7 10 0.109768786 
638 206 7 9 0.109626345 
407 311 8 10 0.10955192 
669 343 8 11 0.109257035 
446 261 8 11 0.109127976 
222 294 9 11 0.108602375 
32 356 11 13 0.10815516 
365 270 7 9 0.107811816 
738 386 14 17 0.10771033 
174 311 8 10 0.10694613 
674 235 9 12 0.1068996 
502 350 9 12 0.10666955 
416 379 11 13 0.105789945 
825 294 8 10 0.10558384 
881 481 27 33 0.105469875 
754 402 13 17 0.105353594 
536 318 9 12 0.10486131 
976 293 8 10 0.10477715 
333 398 11 13 0.104227796 
571 289 8 11 0.10361644 
677 160 7 9 0.10352254 
-1 358 8 12 0.10322207 
680 382 10 13 0.10296474 
968 288 8 11 0.102428705 
848 295 7 9 0.102329016 
718 279 7 9 0.10228097 
334 278 8 10 0.10153726 
338 286 7 10 0.10067775 
343 400 10 12 0.099844255 
942 294 9 11 0.099677384 
293 302 8 11 0.09965615 
616 317 10 13 0.099252306 
933 489 18 24 0.098917596 
837 265 8 10 0.0988608 
945 231 6 9 0.09878736 
902 319 8 10 0.09820594 
58 302 7 10 0.0981808 
525 357 9 12 0.09802281 
372 395 13 15 0.09793579 
673 289 8 10 0.09793573 
863 311 10 12 0.09742997 
661 552 10 12 0.09711899 
801 357 10 13 0.097016804 
878 326 8 10 0.09684467 
789 303 9 11 0.09642537 
805 356 10 13 0.09606229 
262 280 8 11 0.0954518 
769 326 8 11 0.09543447 
214 416 13 19 0.09510411 
608 280 8 11 0.09505405 
526 351 9 11 0.094814785 
735 267 8 12 0.09474737 
598 273 8 9 0.09463571 
304 279 7 9 0.09414075 
925 273 8 10 0.093901075 
529 327 9 12 0.09382373 
200 253 8 10 0.09377732 
241 279 8 11 0.0934623 
903 229 10 13 0.093308754 
898 319 7 10 0.09330381 
821 454 16 20 0.09329687 
714 444 13 16 0.09273805 
233 318 9 11 0.09226063 
631 368 9 12 0.09222104 
40 309 9 10 0.09188025 
495 262 9 11 0.09169902 
309 319 9 11 0.091347955 
618 480 13 16 0.091103084 
139 384 15 18 0.09091898 
858 317 8 11 0.09075355 
999 223 6 9 0.089605846 
477 437 14 17 0.08939116 
734 176 8 9 0.0891399 
344 304 8 10 0.0891059 
509 302 8 10 0.08901075 
264 301 8 11 0.0889447 
537 346 10 14 0.0888398 
294 313 9 11 0.08860139 
423 278 9 12 0.088534 
711 183 10 12 0.08831325 
656 264 8 10 0.088263944 
534 292 8 11 0.088008 
209 307 9 11 0.0877017 
713 272 7 9 0.087688036 
727 344 11 14 0.087687396 
367 310 8 11 0.08713812 
738 378 13 16 0.08690958 
672 364 9 12 0.08686496 
452 376 11 15 0.08619978 
598 277 8 10 0.08593172 
922 278 7 9 0.085368104 
1004 339 12 14 0.08513123 
415 286 8 12 0.085115306 
904 281 7 9 0.08455865 
124 342 11 13 0.08420549 
224 300 9 11 0.08401383 
328 412 10 13 0.08383664 
729 303 9 10 0.08376305 
261 564 10 13 0.08371441 
993 224 7 9 0.083703525 
664 356 10 13 0.08344478 
170 303 7 10 0.083295405 
7 372 10 12 0.08328876 
535 324 10 13 0.08282495 
781 342 9 11 0.082776174 
693 301 10 12 0.08261938 
367 296 8 11 0.08254782 
488 254 9 11 0.08225302 
378 311 8 11 0.08211439 
695 238 9 11 0.0816229 
950 296 8 10 0.08132721 
735 197 7 10 0.08118879 
1012 253 9 13 0.08104741 
415 255 9 11 0.08053575 
876 320 9 11 0.08026518 
453 326 10 12 0.08025861 
760 220 7 10 0.08009059 
530 285 9 12 0.079823025 
663 312 8 11 0.0798198 
329 254 7 10 0.07953681 
74 295 8 10 0.07943058 
777 260 10 13 0.07924631 
175 302 8 11 0.07829917 
79 312 8 10 0.07804633 
430 309 8 11 0.07764477 
901 303 8 10 0.07728879 
901 359 8 12 0.07727505 
1002 255 10 12 0.0771352 
301 413 13 18 0.076847404 
761 262 8 11 0.07649115 
838 343 10 13 0.07643726 
288 328 8 11 0.07640873 
188 345 12 16 0.07608195 
974 289 8 10 0.07600426 
896 360 9 12 0.07598193 
375 329 10 11 0.07586984 
959 277 7 9 0.07555077 
231 448 13 17 0.075493686 
465 238 7 9 0.07499561 
690 197 8 10 0.07491472 
87 319 8 10 0.074210025 
20 412 11 14 0.07398506 
40 341 9 10 0.07389632 
192 273 8 9 0.07334702 
497 342 10 12 0.07282419 
718 263 8 11 0.07232384 
31 320 9 12 0.07200641 
910 286 7 9 0.07196873 
425 238 8 10 0.07189879 
119 389 12 15 0.07183999 
981 344 9 11 0.07182855 
759 253 8 11 0.07169751 
677 164 8 11 0.071274124 
605 356 10 12 0.071232215 
135 335 10 13 0.071130134 
589 263 9 10 0.070984416 
533 334 10 12 0.07052968 
938 293 9 12 0.07052146 
276 286 9 11 0.07015997 
586 263 8 10 0.070090406 
415 260 10 11 0.06989194 
639 365 10 12 0.06969302 
775 231 9 11 0.06958657 
191 283 9 12 0.06949772 
922 271 7 9 0.06932888 
503 285 9 11 0.06926089 
994 269 10 13 0.06924296 
367 411 14 18 0.069109656 
440 341 9 11 0.069106594 
510 224 8 10 0.06905491 
1009 191 9 11 0.06884794 
89 333 11 13 0.068788484 
544 394 13 15 0.06811349 
160 270 7 9 0.06776554 
638 312 9 13 0.06761025 
327 318 8 11 0.067580804 
114 303 8 10 0.066881716 
231 272 7 9 0.06661502 
6 340 8 11 0.06659412 
263 296 8 11 0.06634275 
497 349 10 13 0.06631382 
418 417 14 18 0.065849274 
478 429 13 15 0.06577215 
757 248 8 10 0.065585285 
468 335 11 13 0.065369196 
774 311 9 11 0.065306306 
605 319 9 12 0.06515708 
655 246 8 11 0.065118186 
102 295 7 9 0.065065995 
667 347 12 14 0.064988315 
431 255 8 10 0.064726874 
600 319 9 12 0.06468239 
428 380 9 12 0.064358555 
833 281 8 10 0.06432772 
591 311 9 12 0.06402276 
528 363 8 13 0.06399446 
893 255 8 9 0.06396219 
591 296 9 10 0.06362904 
429 280 9 11 0.0636287 
707 381 13 16 0.06350652 
1014 271 9 13 0.063453496 
443 397 11 14 0.06334634 
707 395 12 16 0.06330974 
333 373 11 13 0.06322988 
730 296 8 10 0.063174 
398 271 10 13 0.0631588 
478 214 7 10 0.06313966 
822 262 7 10 0.06299656 
319 358 9 11 0.062925406 
214 310 9 12 0.06287173 
904 270 7 9 0.062806234 
753 247 8 11 0.06259759 
943 270 7 10 0.062270034 
148 340 11 14 0.06196358 
222 417 17 20 0.061935972 
475 317 8 10 0.06191164 
496 309 8 11 0.061783437 
727 208 8 8 0.06157982 
608 296 8 10 0.061562195 
259 537 13 16 0.061422408 
247 255 7 9 0.06141318 
670 359 9 12 0.06124496 
173 317 9 11 0.061215777 
641 325 8 11 0.06112878 
329 405 11 14 0.061118335 
153 288 9 11 0.061087627 
79 295 9 11 0.06078024 
862 317 8 11 0.060749047 
833 309 10 10 0.06061337 
381 278 9 11 0.06050659 
818 217 7 8 0.060429655 
232 308 9 12 0.06025448 
308 417 12 16 0.060158014 
583 285 9 10 0.06011782 
726 220 9 11 0.060085543 
731 271 8 9 0.06006856 
780 325 10 13 0.06006689 
313 294 7 10 0.059953485 
361 368 11 14 0.059889514 
362 436 11 14 0.059812997 
96 296 7 9 0.059793957 
52 328 9 11 0.05952665 
486 312 7 10 0.05944744 
622 317 9 12 0.059192672 
470 261 10 11 0.058799032 
294 296 8 10 0.05879346 
456 261 8 10 0.05870582 
343 343 12 14 0.0585648 
214 408 12 15 0.058355793 
942 348 9 11 0.058259882 
920 231 7 9 0.058242865 
809 279 7 9 0.058187675 
509 343 9 12 0.058122847 
623 337 10 13 0.058035124 
818 221 7 9 0.05766032 
384 304 8 9 0.057652626 
845 392 17 21 0.05754332 
409 254 9 11 0.05751168 
793 342 9 11 0.057315186 
862 339 9 11 0.057278547 
833 304 8 10 0.057278212 
47 415 11 13 0.057114597 
241 254 7 9 0.056922697 
366 264 7 10 0.056565218 
425 309 9 12 0.05634325 
699 370 11 14 0.05633262 
132 523 15 20 0.056229416 
735 182 8 9 0.056178737 
552 430 11 16 0.056104083 
343 309 8 11 0.056085117 
362 404 9 12 0.056065258 
718 347 12 15 0.055973254 
360 295 8 10 0.055759914 
767 301 9 11 0.055723373 
926 248 7 8 0.055600643 
43 364 10 11 0.055580832 
584 302 9 11 0.055574264 
382 292 8 11 0.055562664 
825 288 8 10 0.05555918 
601 239 7 9 0.05552814 
173 573 10 12 0.055520914 
801 228 8 10 0.055496067 
648 301 9 12 0.0554818 
423 257 8 9 0.05537447 
230 296 9 12 0.05531354 
759 271 9 11 0.055235106 
497 319 7 11 0.055077717 
24 325 9 11 0.05506121 
799 288 7 10 0.0550493 
272 323 10 13 0.0549622 
745 200 6 8 0.05484769 
31 351 10 13 0.05482649 
856 216 6 9 0.054795012 
746 372 11 14 0.05461513 
469 294 8 11 0.05449016 
568 344 11 15 0.05444287 
363 427 14 17 0.054400384 
237 357 14 16 0.05436542 
550 371 9 12 0.054329492 
735 216 7 10 0.054188244 
440 256 8 10 0.054180227 
696 231 8 11 0.054030687 
87 289 7 9 0.053710338 
823 256 7 10 0.05365816 
446 257 9 10 0.05349935 
439 244 9 11 0.053428646 
888 301 8 11 0.053417142 
751 397 12 17 0.053350203 
12 382 12 14 0.05322699 
794 560 21 22 0.053224813 
563 482 13 17 0.053206977 
94 377 13 15 0.053185552 
421 385 12 14 0.053040538 
318 430 11 15 0.052945934 
733 394 13 17 0.052900966 
646 309 9 11 0.05241899 
445 239 7 9 0.052389447 
73 357 9 12 0.05236751 
567 259 9 11 0.05231084 
622 311 9 11 0.052267727 
321 279 7 9 0.052228335 
937 246 7 9 0.052093484 
605 398 15 20 0.052003153 
184 337 9 11 0.051982578 
118 308 8 10 0.051878177 
848 223 7 9 0.051798582 
718 272 7 9 0.05174231 
351 335 10 12 0.051742148 
295 332 9 11 0.051732462 
223 311 8 11 0.05167282 
240 284 9 10 0.051468354 
735 193 8 9 0.051302932 
1005 373 16 20 0.05129274 
534 369 11 13 0.05126704 
11 373 10 13 0.05124292 
214 303 9 11 0.05118905 
985 270 10 13 0.051121674 
225 272 7 10 0.05111885 
686 288 9 11 0.051044356 
583 271 8 10 0.050882664 
943 238 7 9 0.05071218 
974 209 8 9 0.050702818 
289 297 8 10 0.050587017 
776 280 9 12 0.05050724 
821 270 8 11 0.050477616 
591 256 7 9 0.050359335 
944 247 6 9 0.05021835 
414 326 9 11 0.05016622 
495 335 8 10 0.05016056 
535 312 9 11 0.04987806 
705 293 9 12 0.04975279 
415 272 9 11 0.049706284 
754 216 7 9 0.049611952 
814 316 9 11 0.04959505 
817 270 8 10 0.049532305 
79 300 9 12 0.04952203 
872 420 24 30 0.049502704 
489 249 8 10 0.049311362 
518 240 8 10 0.0492997 
583 248 7 9 0.049043827 
692 295 9 11 0.0489488 
221 288 8 10 0.048912562 
407 287 8 10 0.04890755 
806 230 7 9 0.04882735 
358 253 7 9 0.048678953 
631 293 8 10 0.048373327 
703 387 12 16 0.048288424 
874 323 9 12 0.048186827 
615 323 10 12 0.04818112 
168 297 8 10 0.04815257 
24 320 9 11 0.04807834 
790 142 9 12 0.04797902 
671 334 9 11 0.04795358 
350 312 8 10 0.047942434 
608 257 8 9 0.047933817 
805 223 7 9 0.047823824 
939 358 10 13 0.04760776 
111 412 13 15 0.04756771 
1000 259 10 12 0.04732057 
751 133 8 11 0.047300655 
870 310 8 11 0.047265388 
523 414 17 20 0.047243834 
821 335 10 12 0.04723237 
307 384 13 18 0.04723037 
358 340 9 12 0.047182217 
737 238 7 10 0.047140185 
705 288 8 10 0.047061812 
713 278 8 10 0.047030944 
760 209 8 9 0.04701256 
592 316 9 11 0.046757165 
680 256 8 10 0.046743482 
938 365 12 14 0.046650287 
894 342 9 12 0.04661501 
408 318 9 12 0.04652956 
758 278 10 11 0.0464683 
462 222 8 9 0.04641745 
791 323 9 12 0.046367954 
341 334 11 13 0.04635472 
776 330 10 13 0.04635217 
402 311 7 10 0.04633792 
363 301 8 11 0.046274554 
556 239 9 11 0.046217896 
952 363 11 14 0.046172347 
489 215 8 10 0.046157304 
849 231 6 9 0.046142146 
975 238 8 9 0.046119757 
413 319 9 11 0.045914087 
394 277 8 11 0.04590759 
417 388 10 12 0.045740046 
425 233 6 8 0.045729868 
358 249 8 9 0.04564218 
534 239 10 11 0.045565493 
221 255 8 10 0.045436464 
474 214 8 10 0.04542111 
740 394 14 18 0.045374803 
243 448 11 13 0.045372702 
816 458 14 17 0.04528143 
456 257 7 9 0.04525714 
728 319 9 12 0.04524323 
967 319 10 13 0.0451421 
416 300 8 10 0.04508883 
679 262 8 10 0.045069564 
9 328 9 11 0.04505164 
871 302 9 10 0.0450396 
890 255 7 9 0.044949 
126 272 8 9 0.044938557 
465 288 8 11 0.044847067 
815 278 7 10 0.044739507 
726 308 9 11 0.044702455 
197 325 10 11 0.04461127 
213 393 12 14 0.044600703 
736 402 10 15 0.044531114 
368 343 10 12 0.04448675 
782 224 8 9 0.044433154 
1013 197 8 13 0.044431187 
737 159 7 9 0.044313207 
905 265 7 10 0.04421154 
237 302 9 12 0.044068042 
959 247 7 9 0.044009563 
864 304 7 9 0.043799993 
449 308 10 12 0.043726694 
111 408 23 28 0.043670423 
36 398 15 18 0.043565676 
341 378 11 14 0.0435506 
306 494 19 25 0.04343271 
258 280 8 10 0.043416336 
695 224 8 10 0.043403953 
328 398 11 14 0.043400787 
322 318 8 11 0.043312598 
974 223 8 9 0.04324197 
66 319 9 12 0.043225016 
24 366 10 11 0.043217994 
730 278 7 9 0.04316989 
969 342 11 14 0.043146517 
374 382 11 13 0.043103997 
415 398 10 13 0.04298448 
623 263 7 10 0.042980965 
278 294 8 10 0.042980377 
736 120 7 10 0.04297722 
794 285 9 11 0.042958908 
679 360 9 11 0.04295544 
273 264 9 10 0.04293335 
444 320 10 12 0.042911936 
88 352 9 12 0.042625926 
720 317 8 12 0.04253588 
974 231 7 10 0.04248613 
336 304 8 9 0.04247707 
369 371 12 14 0.042467114 
529 280 8 9 0.042348817 
863 232 7 8 0.042301696 
814 344 12 16 0.042249855 
304 450 13 19 0.042161707 
600 297 8 11 0.042118702 
753 295 8 12 0.042112034 
991 265 10 13 0.042004835 
205 418 13 18 0.04198986 
288 352 10 12 0.041961826 
583 311 9 11 0.0419031 
627 347 11 14 0.041886456 
842 215 7 9 0.041824512 
608 269 8 11 0.041820936 
646 346 16 22 0.041820575 
640 357 11 13 0.04179211 
743 184 6 9 0.041788172 
471 278 10 10 0.04167003 
981 368 11 14 0.04160897 
729 184 7 8 0.041581944 
616 311 10 12 0.041434117 
23 520 17 21 0.04140307 
807 351 10 13 0.041310765 
741 402 12 15 0.041295618 
694 277 9 11 0.041137557 
776 223 8 11 0.041126613 
704 403 14 18 0.04110375 
309 348 8 10 0.04103201 
673 166 7 10 0.041017078 
541 419 11 15 0.04101258 
980 294 9 11 0.04096338 
347 400 10 13 0.04094649 
902 348 9 11 0.040881135 
736 125 8 10 0.040877536 
678 286 9 11 0.040858936 
223 355 11 14 0.040846523 
463 359 10 11 0.04083925 
926 301 8 10 0.04082775 
429 376 9 12 0.040626727 
889 498 26 41 0.040609878 
969 254 8 9 0.040602546 
494 255 7 10 0.040595066 
489 260 9 11 0.040528353 
833 199 7 9 0.040519606 
890 489 15 22 0.040486727 
321 262 7 10 0.04037723 
722 221 8 11 0.040374253 
685 541 15 18 0.040373698 
838 380 38 48 0.04036541 
256 262 7 10 0.04035391 
600 255 7 10 0.040346827 
970 224 7 9 0.04028082 
857 340 10 12 0.04023729 
637 229 8 10 0.04020398 
112 296 8 10 0.040198453 
960 238 8 10 0.040092107 
530 332 9 11 0.04002592 
655 294 9 11 0.03996486 
296 408 10 13 0.039911307 
637 225 8 9 0.039875053 
766 215 7 10 0.03986322 
733 320 10 11 0.03966565 
307 287 6 8 0.039657377 
351 272 7 9 0.039634183 
776 215 7 9 0.039632324 
600 246 8 10 0.03956057 
360 287 7 9 0.03953168 
374 301 9 11 0.039481305 
678 293 9 11 0.039406586 
800 216 8 10 0.039393254 
471 257 8 9 0.03933708 
857 290 7 9 0.0390995 
718 183 7 10 0.038941093 
719 285 8 10 0.038902536 
94 359 11 13 0.038842622 
1 319 7 10 0.03876279 
798 351 10 11 0.03873636 
367 278 8 10 0.038733125 
558 461 15 21 0.038685836 
569 359 12 13 0.038633544 
527 302 8 10 0.038602225 
951 248 7 9 0.038524568 
263 320 11 14 0.038444843 
90 326 10 13 0.038432132 
976 394 13 18 0.038401928 
329 249 7 9 0.03825118 
834 268 9 11 0.038194727 
927 254 8 9 0.038154196 
862 216 7 8 0.03815255 
6 319 8 10 0.03814282 
31 401 12 16 0.03810857 
240 249 7 9 0.038093776 
175 324 8 11 0.038090244 
245 279 8 10 0.038064808 
834 505 42 49 0.03798054 
744 327 9 11 0.03795689 
328 278 8 10 0.03782256 
394 323 17 21 0.037807357 
988 266 18 22 0.037803557 
361 278 7 9 0.03779434 
830 147 9 11 0.037755422 
542 229 8 10 0.037712276 
935 254 8 10 0.037697345 
946 500 20 24 0.037616767 
424 273 8 10 0.037590545 
734 279 7 10 0.037539676 
895 262 8 10 0.037520543 
119 279 7 9 0.037514415 
758 285 10 11 0.037470672 
769 231 8 11 0.03740987 
208 394 11 14 0.03739712 
992 229 8 10 0.037358634 
1015 240 8 12 0.03729058 
736 257 8 11 0.037236363 
960 287 9 11 0.037170317 
666 168 8 9 0.037145548 
440 268 8 10 0.037120752 
813 356 11 14 0.037119422 
391 393 12 15 0.03687608 
1000 207 8 10 0.03686028 
314 396 11 16 0.036858205 
678 208 8 10 0.03685624 
322 225 6 8 0.036747303 
548 342 11 14 0.036744736 
311 428 11 15 0.03671358 
689 246 9 11 0.03665896 
82 399 12 15 0.03664945 
895 287 7 10 0.036648266 
211 261 7 10 0.03656902 
93 320 10 12 0.036525268 
959 231 7 10 0.036490194 
41 335 9 11 0.03643801 
534 270 8 10 0.036410563 
399 263 7 10 0.0364047 
394 362 11 13 0.036272377 
407 381 9 13 0.036261488 
584 295 8 10 0.036155857 
857 312 9 12 0.036149893 
176 271 8 9 0.036128983 
792 272 9 12 0.036124665 
119 384 10 12 0.0360457 
928 208 7 9 0.035956338 
575 301 9 11 0.03589878 
732 342 11 13 0.03587272 
921 300 8 10 0.035841376 
781 373 10 11 0.035748478 
111 319 10 12 0.03573429 
848 216 7 9 0.03572363 
859 467 19 21 0.035663027 
790 149 8 12 0.035646673 
176 277 7 10 0.035615288 
272 304 8 10 0.03557774 
1006 238 9 11 0.03549304 
531 318 8 11 0.03538445 
85 298 11 12 0.035373524 
414 403 12 15 0.035362396 
858 369 13 16 0.035351068 
254 326 10 13 0.035221256 
736 245 7 10 0.035170622 
1008 276 10 13 0.03515074 
837 279 8 11 0.035134643 
320 296 7 10 0.03513429 
348 373 10 13 0.035077445 
744 205 7 9 0.035074838 
274 232 6 9 0.03498512 
919 364 9 12 0.034901563 
695 244 10 12 0.03482752 
944 254 7 9 0.034807686 
542 293 10 12 0.034770958 
417 365 10 12 0.034758616 
941 331 10 13 0.03469441 
151 310 8 11 0.034656163 
329 334 9 12 0.034620665 
781 255 9 11 0.03461233 
404 388 9 12 0.03452677 
45 310 8 10 0.0345232 
744 333 9 11 0.03450623 
503 308 8 9 0.03443314 
655 318 9 11 0.034408763 
781 334 9 12 0.03439786 
840 247 7 9 0.034383163 
122 429 16 20 0.034370385 
473 312 8 11 0.034347128 
41 326 9 11 0.03427811 
24 343 9 12 0.034229215 
920 225 7 9 0.03420531 
441 289 8 11 0.03418428 
623 287 8 10 0.034158964 
118 319 8 11 0.034126475 
844 342 9 11 0.034097787 
937 240 8 9 0.034020167 
432 246 9 11 0.03397776 
769 319 9 13 0.033952754 
253 382 12 14 0.033896636 
0 363 10 15 0.033875532 
743 216 8 9 0.033872504 
912 365 10 11 0.033829305 
317 420 11 14 0.033824567 
853 351 11 14 0.033811476 
949 300 9 12 0.033771716 
765 294 11 14 0.033770904 
18 418 13 15 0.03368615 
33 304 8 10 0.033644654 
433 318 8 11 0.033631276 
903 295 8 11 0.033598702 
754 301 8 11 0.033579398 
1008 247 9 11 0.0335779 
664 269 8 10 0.033513576 
792 223 7 9 0.033475935 
887 262 8 11 0.033471063 
406 325 10 13 0.03346793 
856 300 8 9 0.033416852 
687 263 9 9 0.033331987 
677 363 10 14 0.03332464 
993 292 10 11 0.03321732 
671 317 10 11 0.033204377 
89 371 13 15 0.033185977 
499 295 8 12 0.03318182 
318 302 8 10 0.03314575 
534 278 8 10 0.033096254 
693 189 9 12 0.032957856 
469 287 9 11 0.032948967 
694 271 8 9 0.032920197 
231 277 7 10 0.03288841 
110 418 16 21 0.032848973 
454 287 8 10 0.03279051 
358 421 14 18 0.032753937 
776 367 9 11 0.032701794 
767 223 7 8 0.032681365 
774 159 8 10 0.032610256 
0 478 12 18 0.03251247 
505 246 7 10 0.032330662 
398 343 11 13 0.032324478 
870 146 10 14 0.032278072 
319 351 10 11 0.032086253 
439 311 8 11 0.031951535 
944 263 8 10 0.03193112 
576 311 10 11 0.031874288 
526 405 11 13 0.03181428 
290 278 9 11 0.031779807 
62 309 8 10 0.031765535 
90 371 21 25 0.031724446 
666 173 8 10 0.03171127 
742 239 9 9 0.03169942 
263 382 10 14 0.031692073 
457 295 9 10 0.031683728 
491 397 14 19 0.03163565 
478 271 9 11 0.03163457 
445 340 9 13 0.031608343 
726 435 16 18 0.031606402 
239 295 9 10 0.031589873 
301 428 14 18 0.031548742 
1009 196 9 12 0.03154498 
113 280 7 9 0.031529315 
273 295 8 10 0.031523366 
62 288 7 9 0.031499192 
144 347 11 14 0.03144752 
719 255 9 10 0.031439006 
838 286 7 9 0.031436533 
654 300 10 12 0.03141223 
806 216 7 9 0.031391915 
293 351 10 11 0.03138799 
662 335 10 12 0.031377666 
688 269 9 10 0.031365495 
912 333 9 12 0.031344518 
463 257 8 10 0.031338375 
530 270 8 10 0.031311046 
378 273 7 9 0.031269193 
349 387 11 13 0.031230114 
913 294 7 10 0.031202335 
923 247 7 9 0.031183474 
289 309 8 11 0.031170927 
127 327 10 11 0.031164166 
471 328 9 10 0.03112107 
455 414 12 14 0.03107207 
207 254 8 11 0.031035297 
725 396 14 18 0.031010114 
938 232 7 8 0.031003108 
560 272 9 12 0.030994214 
832 232 8 10 0.030938135 
398 246 7 9 0.030877082 
294 279 8 10 0.030874185 
679 326 10 13 0.030844294 
344 261 8 9 0.03084399 
57 295 8 10 0.03082423 
1016 224 7 10 0.03081426 
328 341 10 12 0.030791607 
937 300 9 10 0.030732807 
679 280 8 10 0.030688155 
343 318 9 11 0.03068387 
440 402 12 14 0.030655235 
545 285 10 12 0.03062146 
650 248 7 10 0.030615555 
576 279 9 11 0.030597119 
679 374 10 14 0.030583803 
600 262 7 9 0.030548748 
959 291 9 12 0.030547366 
656 311 9 12 0.030523524 
538 231 7 9 0.030509712 
328 325 8 10 0.030483443 
975 370 12 15 0.030482614 
449 302 8 11 0.030445827 
486 349 9 12 0.03044467 
707 476 16 19 0.030409442 
209 377 14 16 0.030368956 
334 343 12 15 0.030307157 
464 232 7 9 0.030301014 
205 248 8 10 0.030229883 
25 358 10 12 0.030229554 
776 349 8 11 0.030222008 
584 256 8 9 0.030220445 
829 294 8 10 0.03020179 
367 317 9 11 0.030197114 
905 235 8 11 0.030192219 
517 245 10 12 0.030131353 
409 510 34 33 0.030121462 
175 264 7 9 0.03006668 
797 115 8 11 0.030014802 
108 424 23 28 0.030013204 
46 340 10 13 0.029998299 
383 431 11 14 0.029916044 
631 288 8 11 0.029900258 
768 150 7 10 0.029892977 
528 208 7 8 0.029833928 
450 277 9 10 0.02982566 
111 324 9 12 0.029821796 
199 320 8 11 0.029769016 
615 257 7 9 0.029752042 
96 394 12 14 0.02972671 
887 270 8 10 0.029706268 
688 159 8 9 0.029698776 
502 365 11 13 0.029689103 
603 366 11 13 0.029688327 
19 511 15 20 0.029678393 
716 354 12 14 0.029646136 
81 342 8 10 0.02962572 
982 263 9 12 0.02962509 
774 128 8 10 0.02957262 
319 547 11 13 0.029524215 
722 207 8 10 0.029493012 
46 303 8 10 0.029469877 
702 247 8 10 0.029462285 
687 253 8 10 0.029433442 
187 565 12 15 0.029425098 
225 277 8 10 0.029395737 
337 491 10 12 0.029373268 
805 296 7 9 0.029368494 
1001 248 8 10 0.029367581 
167 279 8 10 0.029330611 
878 506 40 53 0.029264998 
254 310 10 13 0.029237462 
346 485 13 16 0.029191175 
632 270 7 8 0.02919071 
767 167 8 9 0.029178686 
328 312 8 10 0.029149657 
365 401 19 23 0.0291422 
381 325 9 12 0.02912078 
135 324 10 13 0.029062044 
504 239 7 9 0.029061517 
569 233 8 10 0.029008407 
478 262 8 10 0.028957412 
782 367 10 13 0.028882151 
115 390 21 26 0.028865693 
157 300 9 11 0.028859591 
694 177 9 11 0.028747398 
911 342 8 10 0.028737629 
118 286 8 10 0.028712649 
759 373 11 14 0.028689045 
710 366 10 12 0.028686425 
44 396 12 16 0.028665308 
127 277 7 9 0.02862516 
392 383 12 16 0.028610555 
807 327 8 11 0.02857151 
295 382 11 14 0.028546914 
237 307 10 13 0.028514234 
367 327 8 11 0.028458377 
96 301 9 9 0.02843395 
1 325 8 12 0.028407954 
349 380 10 14 0.028365338 
985 224 7 9 0.02836117 
897 348 9 12 0.028149558 
959 224 7 9 0.0281407 
432 261 7 10 0.028089782 
861 294 7 10 0.02807696 
974 253 8 10 0.02806626 
393 350 11 14 0.027969211 
116 402 15 20 0.027969178 
251 557 14 17 0.027965765 
115 361 12 16 0.027963249 
277 280 9 11 0.027944759 
760 229 8 11 0.027858485 
419 424 14 17 0.027788516 
391 272 8 11 0.027773272 
547 420 11 16 0.027714187 
730 176 7 9 0.02770653 
529 342 10 13 0.027700275 
944 224 7 9 0.027695745 
989 350 10 13 0.027694825 
882 364 10 13 0.027684031 
479 399 22 27 0.027660113 
512 252 8 10 0.02762737 
232 264 7 9 0.027619302 
990 301 10 12 0.027613819 
221 394 11 14 0.027598787 
442 374 10 12 0.027597358 
795 295 7 10 0.027592158 
320 365 10 13 0.027590623 
606 339 10 12 0.027587624 
772 424 15 19 0.027487677 
598 311 9 11 0.027424008 
512 247 9 10 0.027398743 
753 321 10 12 0.027342329 
38 319 9 11 0.027302034 
620 415 11 16 0.02727691 
753 128 8 11 0.027275324 
184 272 7 9 0.027218277 
296 342 8 11 0.02715022 
743 221 8 10 0.027147539 
711 167 7 8 0.027130278 
855 459 14 17 0.027102053 
773 152 8 10 0.02709173 
664 255 7 10 0.027066275 
172 341 11 15 0.026996966 
8 422 21 25 0.026953537 
748 377 12 16 0.026780449 
757 380 12 14 0.026737735 
882 331 18 22 0.026735824 
495 384 14 18 0.026695773 
729 199 9 10 0.026694821 
645 370 11 14 0.026688578 
952 470 19 24 0.026685005 
733 301 8 10 0.026681062 
289 271 8 9 0.026604181 
814 125 8 11 0.026602997 
432 324 10 12 0.026479132 
111 333 8 11 0.026478292 
558 312 8 11 0.02646284 
495 325 9 11 0.026443524 
402 348 12 14 0.026412545 
99 327 11 14 0.026405176 
334 255 7 9 0.026384301 
735 167 7 9 0.026380278 
192 264 7 9 0.026371105 
349 302 9 11 0.026367867 
327 301 7 10 0.026365353 
842 223 8 9 0.02626941 
260 543 14 19 0.02625923 
545 278 8 10 0.026256436 
319 286 7 10 0.02623506 
582 317 8 11 0.026216367 
656 242 8 9 0.026208067 
327 261 8 9 0.02618417 
919 264 7 9 0.026152411 
984 229 8 10 0.026151575 
1008 269 10 13 0.026138753 
490 221 8 9 0.026119415 
248 261 8 10 0.026116157 
936 351 10 11 0.026096309 
974 248 9 10 0.026053088 
463 217 7 9 0.026051767 
430 359 10 12 0.026042556 
287 342 9 10 0.02603972 
800 208 7 8 0.026030822 
713 264 7 10 0.025997605 
898 280 6 8 0.025992608 
542 402 14 16 0.02594003 
670 311 9 12 0.025915278 
748 390 12 15 0.025906533 
514 215 6 9 0.025873004 
475 440 20 25 0.025829773 
793 347 9 12 0.025815606 
52 448 14 20 0.025786443 
709 373 11 14 0.025786439 
760 175 8 10 0.025776561 
147 524 15 17 0.025765097 
367 333 9 11 0.025669038 
289 263 7 9 0.02566692 
102 357 10 13 0.02565445 
1000 214 8 11 0.025648003 
370 363 13 16 0.025641756 
662 263 8 9 0.025618535 
776 269 9 12 0.025575534 
672 263 7 9 0.025501447 
133 410 15 20 0.025486866 
693 386 14 18 0.025451189 
464 245 8 10 0.025415938 
142 322 11 14 0.025351463 
351 277 8 9 0.025315389 
727 247 8 10 0.025312446 
649 269 8 10 0.02529922 
474 389 14 16 0.025294336 
575 255 8 10 0.02528136 
991 215 8 9 0.025266562 
824 321 9 10 0.025266102 
463 310 9 12 0.025175752 
600 395 13 17 0.02514175 
695 118 9 11 0.025094151 
184 277 8 11 0.02509058 
277 264 8 9 0.025080016 
366 387 12 15 0.02506518 
413 247 9 10 0.02506151 
190 335 11 13 0.025059622 
821 447 14 17 0.025049895 
92 426 15 19 0.025022313 
718 332 9 11 0.025004791 
415 331 17 22 0.02499609 
672 222 7 9 0.024990132 
513 240 8 9 0.024974996 
24 311 8 9 0.024952445 
846 301 8 11 0.02493818 
845 310 8 11 0.024904696 
257 359 10 12 0.024874019 
672 327 10 12 0.024857014 
198 278 8 11 0.024811339 
975 264 10 12 0.024777131 
912 256 7 9 0.024766002 
913 326 8 11 0.024750626 
39 271 7 9 0.024667267 
825 320 19 22 0.02465501 
101 427 12 17 0.024627104 
552 244 12 14 0.02459051 
2 372 9 14 0.024587698 
1 514 13 19 0.02458588 
773 303 9 11 0.024574138 
847 349 9 12 0.024567904 
741 341 10 12 0.02453411 
969 309 9 11 0.024507362 
671 248 8 9 0.024483265 
752 182 7 9 0.024423262 
757 199 7 8 0.024420949 
13 408 20 23 0.02435332 
175 296 8 11 0.024339747 
895 295 8 9 0.024309767 
244 548 17 18 0.024271805 
139 529 14 16 0.024267169 
701 239 8 10 0.024264555 
278 232 8 9 0.024263058 
244 532 16 18 0.024249423 
502 334 9 11 0.024209209 
469 411 13 18 0.024192488 
63 434 11 16 0.024173899 
589 287 10 10 0.024119494 
336 428 10 15 0.024114905 
185 285 8 11 0.02409167 
806 386 13 16 0.024089132 
318 414 10 14 0.024081068 
671 214 7 9 0.024076588 
409 240 8 10 0.024038905 
773 433 13 18 0.024029063 
732 465 40 45 0.024010228 
790 364 11 15 0.024004798 
696 252 9 11 0.024001107 
390 526 20 26 0.023984652 
494 248 7 9 0.023969209 
613 389 10 14 0.023951711 
771 319 19 24 0.023947433 
675 410 14 17 0.023884026 
662 295 8 10 0.023872815 
899 229 8 11 0.023868512 
552 465 12 18 0.023840569 
688 307 11 13 0.023801003 
239 459 11 14 0.02380016 
256 315 11 14 0.023796096 
713 332 9 11 0.023767298 
31 362 11 13 0.023753343 
1010 313 11 15 0.023749948 
958 323 12 15 0.02371972 
730 229 7 10 0.02371355 
203 355 13 16 0.023712251 
805 451 11 14 0.023699058 
968 302 10 12 0.023681853 
181 305 19 23 0.023680493 
74 310 8 10 0.023660176 
663 247 8 10 0.023600392 
390 309 10 12 0.023592385 
728 391 12 14 0.023568489 
622 280 7 10 0.023561774 
688 360 10 13 0.02355957 
463 330 19 24 0.023549583 
289 254 7 10 0.023542304 
758 438 12 16 0.02351693 
684 426 17 22 0.023511697 
7 377 14 17 0.02350797 
444 389 11 14 0.023491522 
711 223 8 10 0.023481505 
655 287 7 10 0.0234431 
785 307 9 12 0.023442267 
719 176 8 10 0.02342744 
528 379 11 14 0.023420697 
383 247 7 8 0.02341663 
396 393 11 14 0.023414563 
273 237 7 9 0.02340417 
302 375 10 12 0.023396293 
693 264 8 9 0.023393242 
398 320 10 12 0.023388315 
777 208 7 8 0.023370296 
608 223 8 9 0.023344718 
968 279 8 9 0.023342095 
753 251 9 12 0.023341062 
737 134 8 10 0.02333629 
998 346 13 16 0.023276623 
245 327 11 13 0.023255374 
752 414 20 25 0.023245098 
984 254 9 11 0.023242207 
756 349 10 13 0.023229513 
38 418 15 17 0.023184698 
321 230 7 8 0.023170026 
690 238 9 11 0.023119973 
672 226 18 23 0.023081874 
810 342 9 12 0.023069762 
849 237 7 9 0.023055172 
745 135 8 10 0.023034131 
293 313 18 23 0.023029132 
272 268 9 10 0.02302898 
735 286 8 9 0.023019923 
158 540 12 14 0.02298909 
648 320 10 11 0.022983579 
991 247 8 10 0.0229743 
0 508 23 33 0.02297221 
921 238 7 9 0.02295642 
759 191 7 9 0.022947254 
136 311 18 22 0.022945475 
160 266 7 8 0.022922188 
934 261 8 10 0.022918604 
540 321 11 14 0.022914765 
735 335 9 11 0.022889873 
791 158 7 9 0.022858474 
782 348 9 11 0.02280838 
387 434 12 14 0.02279383 
509 296 9 11 0.022784889 
896 224 8 10 0.022779506 
151 346 11 16 0.022769753 
705 483 22 28 0.022751808 
143 548 12 15 0.022732193 
343 388 11 14 0.022719426 
663 223 8 10 0.022695726 
251 543 15 20 0.022667527 
510 365 9 12 0.022666616 
657 207 8 10 0.02265254 
689 231 8 10 0.022650264 
673 389 10 13 0.02263209 
656 255 8 10 0.022627367 
485 317 9 11 0.022616042 
721 310 9 12 0.022585811 
630 357 10 12 0.022579907 
205 296 8 9 0.022518497 
855 237 8 9 0.02250939 
775 164 8 11 0.022508446 
781 230 8 9 0.022493677 
922 254 7 10 0.02248294 
72 314 18 23 0.022403223 
873 289 7 10 0.02239892 
335 263 7 9 0.022366023 
304 295 7 9 0.022356072 
552 322 10 13 0.022331886 
669 555 12 15 0.022319203 
401 255 7 9 0.022306995 
751 321 17 23 0.022305904 
804 446 11 13 0.022292193 
761 167 8 9 0.022257859 
350 367 10 13 0.02223328 
926 296 8 10 0.022231707 
264 255 7 10 0.022218274 
622 352 11 15 0.02220803 
574 232 8 10 0.022183312 
170 255 7 9 0.022177724 
753 151 7 9 0.022140848 
88 247 7 8 0.022132909 
766 145 8 9 0.022119002 
657 554 11 14 0.022110986 
37 522 12 16 0.022093542 
462 279 8 10 0.022084503 
455 319 10 12 0.022061462 
319 379 12 14 0.022055354 
190 295 9 10 0.022031493 
230 396 12 14 0.021979118 
968 343 18 22 0.02196454 
542 345 17 22 0.021931624 
507 223 8 11 0.021919189 
871 505 30 38 0.02190721 
881 264 8 10 0.021906367 
670 174 8 9 0.021884065 
879 294 8 10 0.021879774 
790 136 9 11 0.021879246 
793 335 8 11 0.021874191 
103 287 8 11 0.021860005 
425 456 22 24 0.02185221 
111 395 12 16 0.021830898 
245 300 11 13 0.021820914 
857 232 7 9 0.021795334 
655 371 10 13 0.021792674 
699 552 14 19 0.021767035 
405 502 28 32 0.021736888 
838 393 15 22 0.021729074 
96 247 7 9 0.02171481 
44 443 16 21 0.021711748 
340 427 11 15 0.02169218 
949 350 9 11 0.021689026 
354 254 7 10 0.021684268 
494 217 7 9 0.021682387 
703 253 8 10 0.02167857 
529 311 8 11 0.021669772 
797 320 9 10 0.021643033 
171 451 16 19 0.021622758 
123 383 11 14 0.021614455 
601 476 12 15 0.021612529 
809 272 8 10 0.021604292 
742 191 7 9 0.021584995 
676 142 9 11 0.021583492 
221 316 9 11 0.021552045 
6 412 13 17 0.02154328 
544 271 8 11 0.0215427 
1012 333 10 13 0.021538405 
170 348 12 15 0.021533292 
172 578 11 14 0.021531973 
670 270 8 10 0.021513527 
799 335 8 10 0.021501055 
271 379 17 22 0.0214824 
708 495 16 21 0.021477139 
164 337 18 25 0.021473557 
77 364 10 12 0.02145976 
240 272 8 10 0.021458097 
344 279 8 9 0.02144747 
751 143 7 9 0.021412859 
887 347 10 13 0.021405729 
930 355 17 22 0.021388544 
679 332 11 13 0.021371694 
294 286 8 9 0.021357732 
463 317 8 11 0.021335647 
741 255 10 12 0.021335507 
807 156 8 11 0.021317424 
281 341 10 12 0.021303227 
974 317 9 12 0.021290576 
717 135 8 10 0.02129052 
1003 343 15 18 0.021286111 
856 222 7 8 0.021275671 
257 270 7 9 0.021259815 
606 390 12 15 0.021259299 
534 415 19 25 0.021257147 
72 288 8 10 0.021252697 
439 278 8 10 0.021251751 
911 360 10 11 0.021234471 
111 240 7 9 0.021222653 
584 439 10 14 0.021199638 
425 244 7 10 0.021125266 
719 245 9 11 0.021106116 
177 201 8 10 0.021071816 
601 286 8 11 0.021064678 
862 325 9 10 0.021051051 
459 417 13 16 0.021039555 
330 399 17 23 0.021026295 
152 280 8 9 0.021003878 
968 237 8 10 0.021003433 
921 269 19 25 0.02100242 
127 565 9 13 0.020992573 
728 159 7 10 0.020983836 
140 330 18 23 0.020963568 
54 365 10 11 0.020941205 
407 302 9 11 0.02093793 
543 468 11 15 0.02090568 
734 233 8 9 0.020901132 
113 255 7 9 0.020839442 
1015 228 9 11 0.020838594 
303 272 8 9 0.02081518 
246 272 9 10 0.020811256 
255 256 7 9 0.020800207 
423 315 9 12 0.020793049 
304 263 7 9 0.020787923 
734 205 7 9 0.020783203 
246 309 11 14 0.020768825 
810 127 9 10 0.020768132 
36 352 12 15 0.020753074 
670 255 8 10 0.020711401 
857 519 54 62 0.020710155 
679 212 8 11 0.020703075 
181 518 11 16 0.020678863 
153 247 7 9 0.020677704 
792 357 11 13 0.020664364 
712 349 12 15 0.020663774 
840 208 8 10 0.020662189 
514 208 6 9 0.020638715 
592 232 7 9 0.02063448 
831 236 8 10 0.020631848 
502 314 18 23 0.020631619 
405 511 15 19 0.020630088 
423 327 8 11 0.020621167 
777 176 7 9 0.02059857 
98 420 23 30 0.020561391 
767 208 7 9 0.020536045 
257 300 9 12 0.020525064 
720 158 8 10 0.020502714 
55 256 7 8 0.02049541 
204 297 18 24 0.020494085 
959 264 8 9 0.020460218 
473 223 7 8 0.020441135 
151 270 8 10 0.020438613 
87 340 8 11 0.020415453 
590 365 10 13 0.02040819 
510 358 9 11 0.020396452 
95 288 8 10 0.020394335 
68 350 12 14 0.020381993 
743 159 6 9 0.02036657 
696 152 7 8 0.02036473 
72 363 9 12 0.020315899 
831 256 7 8 0.020309445 
766 261 8 11 0.020301806 
897 323 9 11 0.02027764 
646 322 18 22 0.020277126 
33 272 8 9 0.020274892 
57 288 9 10 0.020271938 
556 317 9 12 0.020265704 
892 336 9 11 0.020265188 
705 270 8 10 0.020264585 
826 476 25 30 0.020255655 
506 375 13 16 0.020251745 
639 279 8 10 0.020250017 
705 189 9 11 0.020239899 
1001 238 9 10 0.020239858 
577 271 8 11 0.020223752 
611 456 22 26 0.020218505 
181 201 7 9 0.020206489 
743 303 8 10 0.020204592 
642 349 10 14 0.020203289 
775 358 9 11 0.020190548 
769 158 7 10 0.020185212 
990 192 8 10 0.020149518 
677 118 9 11 0.020135531 
53 396 11 14 0.020122752 
397 239 8 10 0.020105937 
93 352 10 12 0.020094141 
321 247 6 9 0.02009139 
198 272 7 9 0.020090705 
645 479 16 19 0.020089062 
86 313 9 10 0.02007398 
951 253 7 9 0.02006887 
457 358 9 12 0.020064145 
928 240 6 8 0.020056648 
752 240 7 9 0.020026464 
449 271 8 11 0.020010086 
775 248 9 11 0.020005586 
