2_Demonstration_Political_Rally_2_264
952
649 465 16 20 0.91748685 
902 402 15 19 0.87065315 
388 548 19 23 0.82148004 
1005 398 11 14 0.78839 
581 462 14 18 0.7281204 
958 382 12 16 0.7066594 
612 470 14 17 0.66013634 
55 346 11 13 0.6338544 
335 417 15 19 0.56857634 
964 450 16 19 0.55572397 
601 514 15 18 0.5267474 
988 523 13 17 0.51067424 
93 356 12 14 0.48872328 
684 458 21 27 0.47797078 
280 347 11 12 0.47394666 
730 435 14 17 0.46335146 
446 349 10 13 0.4500919 
453 428 10 13 0.43342125 
790 366 12 15 0.4137652 
599 366 11 13 0.41237083 
382 261 13 18 0.39171433 
337 453 15 19 0.38010168 
395 426 13 16 0.33962098 
109 506 12 17 0.3265661 
679 591 17 21 0.32590175 
531 506 17 20 0.32526788 
28 458 15 18 0.3173095 
419 398 12 16 0.31491852 
557 324 10 15 0.3029571 
155 364 13 15 0.30294955 
440 500 16 21 0.30191487 
534 498 16 20 0.29848006 
805 348 11 14 0.29711965 
512 489 16 18 0.29043543 
3 283 16 19 0.2777882 
862 410 15 18 0.26480228 
192 366 10 13 0.26346374 
475 483 15 21 0.25735557 
544 334 9 11 0.2500272 
312 511 17 18 0.24138206 
1009 179 12 18 0.23771313 
455 457 13 16 0.2321513 
739 416 14 17 0.23166965 
221 544 20 27 0.22676955 
668 405 14 18 0.22267956 
796 407 14 17 0.21974939 
43 372 13 16 0.21937156 
369 428 12 15 0.21478939 
361 526 11 14 0.20284812 
810 423 16 23 0.1910207 
340 361 12 15 0.1840175 
418 390 9 13 0.18126833 
140 480 16 20 0.18047033 
737 607 17 19 0.17715959 
871 357 11 13 0.17256193 
98 413 14 18 0.17198402 
528 513 15 18 0.17064252 
1009 402 14 19 0.16866624 
620 364 10 12 0.16713525 
544 302 10 13 0.16470273 
496 328 9 11 0.15837042 
489 407 10 13 0.15787578 
327 535 13 19 0.15713288 
126 325 9 10 0.15665329 
708 503 16 20 0.15456282 
276 320 16 19 0.1506088 
620 562 20 26 0.14779346 
956 417 13 16 0.14748739 
646 304 8 11 0.14527296 
785 326 9 11 0.14336394 
513 411 12 14 0.14260462 
622 300 10 13 0.1421609 
142 451 14 18 0.14085342 
69 467 15 20 0.13978457 
111 348 10 13 0.13925943 
726 439 13 17 0.13282236 
840 419 12 16 0.13008727 
752 358 11 13 0.12898588 
416 341 11 13 0.12865147 
24 300 10 12 0.12555209 
616 420 11 14 0.12466225 
235 545 16 22 0.122743055 
463 414 10 13 0.12000761 
153 359 11 13 0.11727823 
582 295 10 13 0.11688785 
417 334 10 13 0.11404573 
162 549 16 23 0.11032046 
32 323 10 13 0.109778956 
43 365 12 13 0.10967111 
177 512 22 30 0.10932302 
566 408 12 16 0.10930904 
605 421 11 13 0.10921168 
101 499 16 22 0.108996935 
610 262 9 12 0.10832415 
809 363 11 14 0.10764069 
965 421 12 14 0.10737265 
587 597 17 21 0.10478244 
898 313 8 10 0.103746586 
645 358 9 12 0.10341677 
596 490 13 17 0.10272378 
141 419 13 17 0.10047952 
956 576 37 50 0.10004911 
311 484 11 15 0.09970919 
278 451 12 17 0.09947713 
928 371 13 16 0.099130735 
501 512 14 18 0.098521754 
245 279 15 20 0.09757255 
913 315 10 12 0.096879296 
468 380 10 13 0.09642209 
283 410 14 18 0.095090434 
0 365 10 14 0.09503002 
446 435 11 15 0.09459199 
640 352 8 11 0.09397204 
148 418 16 19 0.09331204 
814 403 12 16 0.092912585 
381 279 12 16 0.092361316 
942 350 9 12 0.091968656 
468 348 10 13 0.089418486 
397 382 10 12 0.089243464 
669 364 11 13 0.086531304 
811 536 15 17 0.08571387 
58 293 8 11 0.085396595 
246 299 15 18 0.085095994 
236 576 17 22 0.085087575 
720 341 9 12 0.084890604 
511 448 15 19 0.084288836 
481 359 9 11 0.082871504 
764 500 13 18 0.08285904 
918 388 12 16 0.08281656 
214 366 10 12 0.08233245 
754 439 17 22 0.08172751 
806 356 12 14 0.08169237 
647 365 10 13 0.08167978 
604 415 10 12 0.08024875 
165 350 10 12 0.08008848 
308 324 12 16 0.07983627 
929 359 9 11 0.079092726 
393 434 16 19 0.077529676 
803 410 13 18 0.077520855 
641 356 9 12 0.07728584 
588 490 15 19 0.07728382 
363 404 11 13 0.076295815 
411 498 13 16 0.07618721 
786 458 13 15 0.07607642 
464 374 10 12 0.075949825 
62 471 15 20 0.07460501 
272 460 10 15 0.07426009 
101 347 12 15 0.07376648 
109 382 9 14 0.07372542 
85 473 15 21 0.073451646 
496 363 11 14 0.072582826 
548 331 12 16 0.07143827 
720 335 9 12 0.068744086 
39 357 11 14 0.06843771 
928 364 12 14 0.06840871 
109 300 10 13 0.06827237 
822 348 10 11 0.06774111 
721 311 8 10 0.067258134 
641 308 10 12 0.06686956 
117 366 11 14 0.066661306 
606 373 8 10 0.06625321 
309 451 11 16 0.06599017 
35 441 14 20 0.06593432 
911 358 10 14 0.065885775 
633 327 8 11 0.065121576 
350 538 13 15 0.06488715 
504 302 10 12 0.06445227 
198 382 9 12 0.064062595 
935 320 9 11 0.06349838 
335 396 12 14 0.06336803 
696 412 12 13 0.063159585 
720 441 13 17 0.06290639 
477 302 8 10 0.06167648 
845 424 15 20 0.061394766 
303 450 11 14 0.061029725 
624 307 10 13 0.060247842 
620 416 10 12 0.0596793 
477 284 9 11 0.05944396 
763 441 17 23 0.059136078 
526 332 9 12 0.05878096 
196 371 10 12 0.05853573 
527 302 9 12 0.05834267 
910 271 8 10 0.058332518 
598 358 12 16 0.058097012 
621 296 10 11 0.0580672 
217 547 13 20 0.057459828 
801 287 7 9 0.05728223 
865 355 11 14 0.057114985 
1014 352 11 16 0.05636742 
814 359 9 12 0.05631609 
456 302 9 10 0.055770133 
156 510 17 22 0.055535633 
554 319 9 13 0.055245347 
863 343 8 11 0.055137448 
896 318 9 10 0.055050984 
301 523 12 15 0.05504697 
871 426 13 17 0.054847274 
714 320 8 10 0.054843858 
813 342 9 12 0.054793827 
73 460 16 21 0.05468812 
743 342 9 11 0.054501273 
721 422 10 13 0.054452483 
239 386 12 16 0.053846415 
728 303 8 10 0.05363097 
864 349 10 13 0.05345178 
94 198 8 10 0.05332918 
152 335 10 13 0.053087313 
702 342 9 11 0.052325044 
652 156 11 13 0.051646028 
328 417 14 19 0.051631875 
330 310 10 13 0.051529497 
831 364 9 11 0.05145858 
272 452 12 17 0.05142291 
735 342 9 11 0.05140313 
141 444 13 18 0.051309254 
206 307 9 11 0.05108674 
840 309 8 11 0.050739333 
448 423 12 15 0.050737496 
873 303 7 10 0.05058544 
520 222 9 12 0.050309606 
34 390 13 15 0.050250154 
355 535 15 17 0.049745247 
532 284 9 11 0.049386427 
878 311 8 11 0.049214166 
74 472 16 20 0.048949108 
504 297 8 10 0.048771013 
695 407 10 13 0.04830506 
65 214 9 10 0.04823104 
814 335 8 10 0.04811625 
940 378 11 16 0.04809185 
725 395 13 18 0.048070766 
813 348 9 11 0.047974523 
919 325 9 10 0.047917876 
823 286 7 9 0.047900856 
469 343 10 11 0.04768301 
17 238 8 10 0.047616735 
743 374 10 14 0.04754791 
669 400 12 15 0.04751627 
917 358 9 12 0.047167957 
831 319 7 9 0.047122627 
877 423 12 16 0.04708008 
775 309 9 10 0.047013767 
528 307 9 12 0.047000263 
791 361 10 12 0.046994023 
664 309 8 10 0.04690838 
164 355 10 14 0.04689924 
932 356 10 13 0.046820693 
89 351 10 13 0.046708055 
571 405 12 14 0.046659183 
183 397 10 12 0.046522263 
533 342 9 11 0.046498068 
271 604 13 16 0.046489578 
767 334 9 11 0.046386156 
678 356 11 14 0.045896668 
641 288 8 11 0.045874715 
155 412 14 18 0.045770418 
655 404 11 14 0.045657113 
908 425 16 20 0.04556092 
38 350 10 13 0.045273658 
715 451 38 48 0.04523197 
703 335 8 10 0.045228522 
657 295 8 10 0.04507521 
502 328 9 11 0.04500305 
714 325 9 12 0.04499479 
964 413 13 15 0.044960193 
876 358 9 12 0.044871606 
895 324 9 11 0.044787023 
718 318 9 11 0.044732165 
862 375 10 12 0.044695348 
1003 425 14 17 0.044614688 
936 350 9 12 0.04460922 
543 296 11 13 0.04445792 
644 578 12 16 0.044307146 
576 299 11 14 0.044253837 
141 438 12 15 0.044167195 
485 364 9 13 0.044154514 
481 335 8 12 0.043926332 
923 389 14 19 0.04390429 
459 447 13 16 0.043748256 
757 363 10 13 0.043698058 
761 375 9 12 0.04367676 
100 407 12 16 0.043660946 
917 382 11 15 0.043590717 
932 375 15 19 0.043584853 
35 428 13 17 0.04352569 
711 302 8 11 0.04344872 
766 324 9 11 0.043412723 
39 378 12 14 0.043308653 
222 367 9 12 0.043288562 
695 374 8 11 0.043264236 
624 247 8 10 0.04309369 
839 327 9 11 0.042968653 
761 381 10 12 0.042735923 
944 355 10 12 0.04245286 
796 415 16 21 0.042285778 
380 269 21 27 0.042222254 
236 514 15 19 0.041990217 
283 570 13 17 0.041858118 
69 215 7 9 0.041668855 
103 294 10 13 0.041645803 
832 311 8 10 0.04158643 
94 503 16 21 0.041516233 
697 303 8 10 0.041473545 
761 324 9 11 0.041464377 
886 302 8 10 0.041178644 
423 364 11 14 0.041070987 
855 319 8 9 0.040985234 
824 319 8 11 0.040783625 
855 326 9 10 0.04067799 
488 272 8 10 0.040614586 
914 400 15 21 0.040577997 
697 318 8 10 0.040535938 
728 379 10 13 0.04051726 
137 466 23 32 0.040443458 
685 379 12 15 0.040344138 
142 396 11 13 0.0403118 
697 341 9 12 0.040180344 
911 387 12 16 0.040090658 
251 290 13 18 0.03991207 
674 408 13 17 0.03978524 
728 325 9 10 0.039782394 
862 380 11 13 0.03976934 
843 414 11 15 0.039733656 
798 476 13 16 0.03959356 
980 477 39 52 0.039592452 
991 370 10 14 0.039533403 
617 294 10 12 0.039495 
160 510 23 30 0.03939242 
583 366 10 15 0.03935105 
161 191 9 10 0.03926199 
823 324 8 11 0.039041385 
608 267 10 11 0.03899901 
293 323 11 16 0.038955037 
591 336 10 12 0.03886697 
167 326 9 11 0.0388553 
141 340 11 14 0.038827684 
452 344 9 11 0.03882381 
544 374 11 13 0.038775537 
465 344 9 11 0.038551874 
113 354 11 14 0.038492855 
7 232 8 11 0.038458962 
766 319 9 11 0.038439468 
820 403 14 18 0.038210515 
959 217 14 20 0.037862938 
823 359 9 11 0.03776994 
631 364 8 11 0.037580118 
65 208 8 9 0.03754352 
816 328 8 10 0.03749419 
164 365 10 13 0.03744959 
743 328 8 10 0.037431464 
687 317 8 10 0.037275415 
277 413 16 21 0.037249956 
216 371 10 12 0.03724742 
976 317 9 12 0.03716926 
148 444 12 16 0.03714538 
919 335 9 11 0.037077375 
121 326 9 11 0.036857948 
512 332 8 11 0.03666947 
553 239 8 9 0.036585588 
678 334 9 10 0.036556635 
785 371 11 14 0.036466748 
760 335 10 11 0.03638766 
734 301 8 10 0.036303844 
789 416 15 19 0.0362966 
310 518 13 17 0.036248483 
207 208 9 11 0.036248103 
520 332 9 12 0.036233023 
766 373 10 13 0.036223453 
565 298 10 13 0.036222603 
439 269 10 13 0.03619616 
328 460 13 17 0.03616934 
322 512 13 17 0.036168344 
364 519 11 13 0.03614032 
621 371 9 12 0.036046643 
421 329 9 11 0.035990205 
961 474 37 49 0.03596639 
863 388 11 15 0.03590434 
727 319 9 10 0.035804432 
247 271 10 14 0.035773244 
617 286 8 11 0.035735458 
768 302 8 11 0.035729993 
520 485 20 26 0.035672102 
391 389 10 12 0.035670154 
666 349 9 12 0.035669375 
732 349 11 13 0.035635363 
516 417 12 15 0.035538074 
840 304 9 10 0.03550664 
328 396 10 13 0.035432678 
697 311 8 10 0.035428975 
734 319 8 10 0.03541956 
173 518 16 22 0.035320804 
752 351 9 12 0.03531952 
792 340 10 12 0.035207525 
7 237 9 11 0.035065692 
855 381 10 12 0.035035606 
592 365 11 14 0.034939367 
725 311 9 10 0.03471556 
172 529 14 20 0.034682274 
840 350 9 10 0.034670018 
461 296 8 11 0.034637656 
40 190 7 9 0.034629773 
712 332 9 11 0.034590356 
173 326 9 11 0.034541346 
79 398 10 13 0.03451928 
608 381 10 13 0.034427825 
744 365 10 14 0.03435134 
542 210 11 14 0.03432654 
775 303 9 11 0.034234904 
743 335 9 10 0.03420757 
494 310 10 12 0.034174673 
665 280 9 10 0.0341634 
903 326 9 11 0.034049522 
880 237 11 13 0.034025032 
904 335 9 11 0.033933662 
960 445 14 18 0.033789225 
374 274 16 22 0.033779595 
735 296 8 11 0.033634797 
533 364 11 15 0.03362039 
773 342 10 12 0.03361992 
714 482 27 33 0.033594467 
790 334 10 12 0.033579897 
980 390 12 15 0.033396367 
529 342 9 11 0.033389457 
124 387 11 14 0.033337146 
160 351 11 13 0.033265002 
906 271 7 9 0.03326462 
639 374 11 14 0.033238955 
441 356 10 12 0.03320925 
1011 436 13 19 0.033142574 
862 365 10 12 0.03311485 
509 428 11 13 0.033100367 
839 319 8 9 0.033090755 
862 395 14 17 0.03306068 
644 503 14 18 0.033050437 
629 307 9 12 0.03304615 
329 455 20 26 0.033026125 
440 436 12 16 0.032942533 
769 444 20 27 0.032938737 
631 357 9 12 0.0329256 
623 278 8 10 0.032906372 
926 377 13 18 0.032863814 
416 385 10 12 0.032829482 
816 303 7 10 0.032807123 
798 420 22 29 0.032771174 
874 310 8 10 0.03275361 
61 482 15 20 0.03264578 
473 280 9 11 0.032601546 
222 372 9 13 0.03254683 
378 252 22 29 0.032487806 
672 343 9 11 0.03248409 
468 365 10 12 0.03246774 
863 294 8 10 0.032437753 
641 466 13 19 0.032392092 
737 434 14 18 0.03235117 
759 341 11 13 0.032329183 
542 318 10 13 0.032313347 
867 417 14 18 0.032312993 
597 349 11 13 0.032300886 
648 254 8 10 0.03227745 
491 575 13 16 0.0322554 
856 366 8 11 0.032169256 
852 419 14 18 0.03212376 
550 308 9 12 0.032121047 
701 310 8 10 0.03208927 
802 308 8 11 0.032006912 
689 263 8 9 0.031967632 
710 349 10 12 0.031964336 
25 317 11 15 0.031922046 
766 491 21 29 0.031909276 
27 314 19 24 0.03190726 
520 318 8 11 0.03188977 
488 311 9 13 0.03186827 
4 310 11 15 0.031860467 
758 349 11 15 0.031838566 
340 406 11 14 0.031764816 
703 383 10 14 0.031660777 
415 436 10 13 0.03158156 
1000 420 13 17 0.031548515 
167 343 9 13 0.031492442 
420 346 10 13 0.031489637 
734 326 8 10 0.031425595 
466 388 9 12 0.03142513 
77 444 13 17 0.031400662 
511 419 12 14 0.031388678 
950 414 15 18 0.03134387 
400 301 9 12 0.031336308 
5 297 12 15 0.031232247 
109 395 10 14 0.031213263 
704 357 9 12 0.031086216 
993 292 10 13 0.031038221 
445 441 11 16 0.031016089 
373 321 15 18 0.031014154 
948 366 12 15 0.030994399 
916 310 10 13 0.030981353 
279 406 14 18 0.030955827 
873 318 7 9 0.03078345 
702 304 8 10 0.030756563 
679 348 11 14 0.030746998 
791 320 9 11 0.03072837 
729 355 10 13 0.030706462 
90 197 8 10 0.030659668 
645 287 8 10 0.030618927 
101 286 9 11 0.030606447 
529 280 9 12 0.030582065 
748 396 12 16 0.030558642 
327 391 10 12 0.030454539 
561 295 9 12 0.030435652 
527 327 9 13 0.030431658 
605 407 10 13 0.030423932 
167 531 24 34 0.030377606 
90 479 14 21 0.030323157 
889 326 8 10 0.030317957 
790 278 8 10 0.030290948 
527 296 10 11 0.030230904 
663 303 8 11 0.030224543 
212 330 10 14 0.030204412 
905 255 8 10 0.030190662 
486 335 8 11 0.030151121 
558 310 10 13 0.030146563 
895 352 10 13 0.030099982 
667 370 12 16 0.030095799 
91 468 16 21 0.030073375 
175 356 9 13 0.03006405 
479 388 10 12 0.030006554 
206 212 10 13 0.029995315 
958 206 13 17 0.029949794 
943 269 8 10 0.029910745 
173 349 10 13 0.02990324 
350 406 11 14 0.029854331 
1005 433 15 19 0.029833071 
78 322 12 15 0.029793954 
630 278 8 10 0.02975332 
27 388 21 26 0.029707367 
966 406 11 13 0.029598739 
725 343 9 11 0.029493907 
778 448 21 26 0.0294898 
805 310 8 10 0.029474076 
144 486 16 19 0.029441457 
752 302 9 10 0.029440789 
726 430 14 17 0.029401956 
839 333 9 12 0.02936664 
646 315 10 12 0.02933404 
222 380 10 13 0.029330157 
640 364 10 13 0.029286614 
568 400 10 13 0.029217258 
587 473 14 17 0.029214732 
591 372 9 13 0.029211013 
493 399 9 13 0.029108083 
89 183 9 10 0.029097518 
464 367 9 11 0.029055655 
617 279 8 11 0.028972259 
349 413 12 15 0.028909452 
326 329 14 17 0.028894434 
165 483 15 19 0.02887064 
51 341 19 24 0.028866075 
656 303 8 10 0.028834477 
779 396 13 16 0.028819827 
332 490 14 18 0.028817303 
213 544 42 49 0.02874872 
895 294 9 11 0.028646247 
718 450 13 16 0.028615508 
743 396 11 15 0.028522845 
703 349 10 12 0.028495573 
698 420 14 17 0.028453084 
527 318 9 11 0.028397856 
97 287 9 11 0.028386733 
774 318 9 11 0.028309524 
85 397 11 14 0.028234262 
877 364 10 12 0.02816506 
613 416 19 24 0.028156303 
312 207 10 12 0.028120423 
487 351 9 11 0.028045567 
501 358 10 14 0.028039271 
191 397 10 13 0.028019866 
743 311 8 10 0.028018452 
950 373 11 14 0.027986817 
817 318 8 10 0.027965 
94 374 10 12 0.027946917 
582 289 9 11 0.027710384 
976 333 11 14 0.027702393 
404 299 10 13 0.027599175 
358 429 10 14 0.027596772 
811 410 15 20 0.027557546 
918 372 11 14 0.027520511 
486 341 7 10 0.02751077 
703 500 15 19 0.02749161 
998 367 10 12 0.027488474 
695 262 9 10 0.027465425 
356 412 12 15 0.027417937 
104 381 11 14 0.027388351 
512 240 7 8 0.02726388 
321 389 10 13 0.027258094 
772 458 13 17 0.027178144 
938 302 9 10 0.0271484 
664 378 13 17 0.027090972 
295 450 11 13 0.027090913 
303 514 13 18 0.027080055 
197 396 11 14 0.027052416 
681 296 9 9 0.027047252 
702 394 11 14 0.02698032 
520 301 9 12 0.026941292 
748 380 10 13 0.026938016 
292 317 11 14 0.026823735 
678 342 10 12 0.026717694 
993 303 9 12 0.026701475 
106 498 20 26 0.026682485 
598 284 10 12 0.026640331 
488 400 9 12 0.026596881 
328 562 12 15 0.026587995 
120 196 8 10 0.026569568 
224 533 24 30 0.026556795 
720 304 8 10 0.026545133 
633 256 8 9 0.026509363 
410 348 9 12 0.026503334 
630 285 9 12 0.026493397 
980 316 11 13 0.026480086 
94 387 10 14 0.026463035 
494 419 10 13 0.026426071 
331 315 11 14 0.026405096 
420 436 10 13 0.026401062 
440 366 9 11 0.02639885 
918 351 10 12 0.026379416 
800 318 8 11 0.026341593 
703 373 9 12 0.026324993 
412 405 15 20 0.026306618 
101 318 12 15 0.026299981 
274 309 17 19 0.026285332 
1000 317 9 11 0.02628477 
645 483 14 16 0.0262468 
135 396 10 13 0.02621818 
1000 391 11 16 0.026216429 
275 338 20 24 0.026203765 
347 459 10 14 0.026193911 
558 238 7 10 0.02615614 
639 255 8 9 0.02613647 
772 334 10 11 0.026041443 
901 317 8 11 0.026036164 
183 421 13 16 0.026026545 
988 507 23 32 0.02593763 
904 341 9 10 0.025886515 
456 326 10 14 0.025874171 
918 286 9 11 0.025865337 
430 360 9 10 0.025851626 
773 372 10 13 0.025835713 
879 316 8 10 0.025816554 
623 254 7 10 0.025749732 
670 284 8 11 0.02574892 
808 327 8 10 0.025713073 
633 351 8 11 0.025708236 
31 349 12 15 0.025677362 
615 269 8 10 0.025633225 
271 412 14 19 0.025623318 
711 343 9 12 0.02562126 
880 302 8 11 0.025616473 
149 397 11 13 0.025565155 
481 412 10 14 0.025534311 
845 402 12 16 0.025476001 
110 372 11 14 0.02546754 
355 420 12 14 0.025463302 
656 309 8 11 0.02545127 
614 256 9 11 0.02535957 
886 342 8 10 0.025252977 
150 406 13 16 0.025244715 
54 520 14 17 0.025220431 
121 192 8 10 0.02520191 
408 318 10 12 0.025193851 
560 420 12 16 0.025193274 
284 446 12 16 0.025166847 
136 444 12 17 0.025166592 
879 374 10 12 0.025163269 
766 341 10 12 0.025152711 
957 207 26 31 0.025144909 
1000 485 25 35 0.025142154 
609 256 9 11 0.025131403 
1012 417 12 16 0.025100779 
375 530 12 16 0.025092352 
927 323 8 10 0.025067149 
760 311 8 9 0.02506343 
136 436 11 15 0.025017373 
102 373 10 14 0.025012972 
349 475 10 14 0.024998615 
174 460 12 16 0.024994442 
8 443 11 15 0.024989055 
487 401 17 23 0.024955397 
664 327 7 9 0.024950145 
392 301 10 14 0.024899308 
846 396 12 16 0.02489772 
509 317 10 12 0.024871813 
240 524 23 29 0.024852797 
512 244 98 129 0.024804369 
210 553 23 30 0.024782306 
766 366 10 14 0.024743035 
384 234 97 125 0.02469362 
456 367 8 10 0.024687158 
40 240 9 11 0.024671061 
761 319 9 11 0.024607504 
661 295 10 11 0.02460639 
767 427 13 16 0.024550915 
224 335 9 12 0.024543894 
767 295 8 10 0.024542006 
169 545 17 25 0.02453961 
524 429 13 16 0.024518946 
536 246 7 9 0.02451179 
801 303 8 11 0.024449667 
265 463 10 14 0.02434063 
480 328 8 10 0.02432427 
789 425 14 19 0.024304 
794 369 12 16 0.024290035 
174 365 9 12 0.024284504 
44 418 14 17 0.024267977 
969 252 11 14 0.024262737 
165 520 13 18 0.02425626 
21 239 7 10 0.024255207 
596 361 19 23 0.024235075 
341 340 10 12 0.024204625 
686 303 8 10 0.024159933 
37 332 9 13 0.02413959 
911 352 9 12 0.024124017 
286 426 13 16 0.024114918 
342 537 12 16 0.024052894 
448 457 13 19 0.024049005 
685 355 10 14 0.023971954 
856 295 7 9 0.023970949 
331 544 13 18 0.02396045 
507 306 11 14 0.023949608 
305 484 12 16 0.023891164 
685 295 8 9 0.023888633 
537 207 10 12 0.02388737 
958 415 20 24 0.023855869 
848 296 7 9 0.023848701 
764 354 11 15 0.023847492 
479 351 10 12 0.02382254 
16 183 8 10 0.023821408 
405 436 11 16 0.023803718 
36 412 13 15 0.023776267 
110 207 8 9 0.023775857 
1000 381 9 13 0.023764366 
89 189 9 11 0.023755351 
847 319 8 10 0.023751188 
901 424 14 18 0.023731086 
125 330 12 14 0.023724705 
56 215 7 10 0.023723364 
418 397 21 26 0.023717916 
750 342 8 12 0.023715582 
991 218 12 14 0.023709739 
372 442 12 15 0.023707442 
493 351 10 11 0.023661785 
390 395 10 14 0.023643583 
925 339 10 14 0.023643088 
738 424 15 20 0.02362384 
759 303 8 10 0.023569394 
563 485 12 17 0.023561405 
119 382 12 16 0.02356007 
598 323 9 11 0.023559289 
846 303 8 10 0.023540994 
482 517 14 16 0.023499925 
157 333 10 12 0.023451265 
984 366 10 13 0.02344609 
68 441 16 20 0.023442158 
257 156 8 10 0.023431094 
614 431 14 18 0.023425875 
88 389 10 11 0.023424275 
341 350 11 14 0.023415336 
173 344 10 12 0.023405809 
958 318 8 11 0.023367941 
736 335 8 10 0.023347594 
990 483 11 14 0.023342337 
801 270 8 10 0.023340408 
749 437 15 20 0.023318944 
238 374 11 14 0.023318369 
713 497 23 30 0.023310786 
517 436 13 16 0.023298107 
299 532 12 16 0.023289632 
70 358 11 14 0.023269057 
784 321 9 11 0.023252651 
656 326 8 10 0.023248931 
743 284 9 11 0.02324576 
495 232 8 10 0.023234447 
79 222 8 10 0.023232661 
969 444 15 21 0.023200015 
286 143 10 13 0.023179557 
655 319 8 11 0.023174452 
118 332 11 13 0.02317212 
749 373 10 14 0.0231638 
255 324 10 13 0.0231551 
469 356 11 13 0.023119949 
207 200 8 11 0.023089083 
99 422 15 19 0.023082178 
832 295 7 10 0.023066053 
861 333 9 11 0.023062149 
592 248 9 9 0.02305662 
164 370 11 15 0.023055108 
696 334 9 11 0.023039905 
747 419 12 15 0.02301901 
598 254 8 11 0.02301374 
488 276 9 11 0.023010632 
336 356 18 24 0.023007063 
700 327 10 11 0.022991823 
862 312 7 10 0.02299157 
688 405 9 13 0.0229187 
789 434 14 18 0.022901041 
718 444 25 30 0.022754883 
688 272 9 10 0.022753308 
135 415 12 16 0.022722803 
84 486 15 20 0.022714963 
391 499 12 14 0.022687789 
632 331 10 13 0.022680797 
37 341 10 13 0.022647198 
215 294 10 12 0.022625532 
493 272 9 11 0.022622315 
710 372 10 12 0.022586128 
190 360 17 23 0.022579128 
911 303 9 10 0.022574753 
340 333 12 14 0.022565894 
806 318 8 10 0.02248977 
366 343 9 11 0.022458436 
494 295 9 11 0.0223672 
776 325 8 11 0.022360919 
799 357 10 11 0.022360794 
871 326 9 11 0.022353603 
784 287 8 10 0.022339411 
672 334 8 10 0.022334883 
241 335 9 11 0.022333596 
725 334 9 11 0.022283915 
319 522 21 29 0.022276435 
1014 324 9 13 0.022270793 
644 353 9 11 0.022230271 
799 342 10 13 0.022225386 
930 277 8 10 0.022168009 
216 380 10 13 0.022147518 
592 346 12 15 0.02214408 
150 534 39 51 0.022140145 
719 427 13 16 0.022133013 
100 509 17 22 0.022103941 
120 184 7 9 0.022097219 
115 350 10 12 0.022064883 
832 325 8 10 0.022061015 
622 262 8 11 0.02202603 
879 381 11 14 0.022025319 
413 358 10 12 0.022023648 
776 271 7 10 0.02202189 
385 344 9 11 0.022011923 
845 429 20 26 0.021981593 
750 327 9 10 0.02193224 
165 470 22 27 0.021908365 
624 326 8 11 0.021876987 
2 370 14 20 0.021866955 
143 348 9 12 0.021852424 
974 380 11 14 0.021833953 
357 435 11 16 0.021829555 
666 358 9 12 0.02182753 
180 459 13 17 0.021781519 
592 340 11 14 0.021762881 
479 309 9 13 0.02174214 
846 380 10 13 0.021721238 
109 181 8 11 0.021719353 
23 463 15 19 0.021715173 
607 335 9 11 0.021706166 
824 364 9 12 0.021700174 
56 299 9 13 0.021677205 
549 378 11 14 0.021630656 
479 294 9 11 0.021622142 
452 444 20 26 0.0215294 
45 316 13 16 0.021526147 
29 310 12 15 0.021522682 
202 302 9 13 0.021510122 
543 198 9 11 0.021450423 
777 398 20 25 0.021424942 
1006 319 9 12 0.021383975 
36 373 21 25 0.021359842 
313 318 20 26 0.021316323 
697 349 9 13 0.021276794 
87 373 11 14 0.021266056 
536 333 10 13 0.021247083 
89 363 10 13 0.02122747 
487 293 8 12 0.021211179 
664 318 8 11 0.021198213 
134 424 14 18 0.021197112 
918 364 10 13 0.021185908 
48 303 9 11 0.021166991 
1012 487 12 16 0.02115582 
359 531 20 26 0.021147419 
305 447 19 27 0.021142354 
445 514 13 16 0.021140546 
704 366 9 11 0.021125467 
464 356 10 12 0.021114128 
283 310 14 17 0.021086564 
594 459 14 19 0.021083819 
886 310 9 11 0.021082852 
870 343 9 11 0.021067899 
64 363 11 13 0.021031385 
508 436 22 27 0.020988531 
481 254 8 10 0.020981947 
320 396 11 13 0.020881891 
70 208 7 8 0.020875609 
519 427 12 16 0.020838518 
444 429 19 24 0.020816373 
554 319 17 24 0.02080582 
251 305 12 15 0.020776318 
104 190 8 10 0.020752788 
909 335 9 11 0.020751514 
348 484 12 15 0.020744136 
911 326 9 11 0.02071305 
454 518 10 13 0.020703679 
270 374 10 12 0.020702245 
550 356 11 15 0.020694252 
402 279 14 18 0.020689653 
687 333 8 10 0.020658512 
30 383 12 15 0.020654306 
880 342 9 10 0.020638412 
531 484 15 19 0.020627087 
457 465 16 18 0.020585923 
631 342 10 12 0.02058484 
290 404 12 16 0.020564277 
93 397 11 15 0.020532265 
770 435 14 19 0.020519339 
465 395 10 14 0.020505108 
920 339 10 13 0.02048055 
837 366 9 10 0.020473316 
673 270 8 9 0.020467786 
292 434 12 15 0.02046311 
1006 490 14 18 0.020458566 
159 327 9 11 0.020444112 
970 259 10 13 0.020444093 
998 309 9 10 0.020441735 
806 303 8 10 0.020423964 
45 397 12 13 0.020412425 
553 246 8 10 0.020353496 
233 380 21 26 0.02035006 
702 262 8 10 0.020338725 
415 388 18 23 0.020302191 
830 349 9 11 0.02029487 
616 307 10 14 0.020290736 
305 237 96 123 0.020286324 
197 387 11 14 0.020272719 
847 359 9 11 0.020230928 
863 318 7 9 0.020228922 
990 477 10 14 0.020207679 
249 520 25 30 0.02020444 
681 302 8 10 0.020183759 
503 349 10 12 0.020183524 
220 558 15 19 0.020156525 
954 317 8 10 0.02012917 
592 358 11 13 0.020117406 
270 358 10 12 0.020107757 
482 207 8 10 0.020101702 
672 263 8 9 0.020091085 
61 289 9 11 0.020089705 
679 328 8 10 0.02006732 
183 435 12 15 0.020065384 
138 432 20 27 0.020015256 
380 318 12 16 0.020005671 
