2_Demonstration_Political_Rally_2_891
46
308 269 130 183 0.99984026 
492 27 152 197 0.9983486 
27 385 50 63 0.98922324 
233 285 34 53 0.9420686 
28 255 26 46 0.93068105 
182 385 39 52 0.78307265 
59 261 15 22 0.6238257 
73 241 13 18 0.38578686 
239 280 52 70 0.2736172 
249 178 54 86 0.13779895 
118 339 14 18 0.13353178 
160 257 13 19 0.11919932 
124 233 13 16 0.10195372 
50 258 25 36 0.10078732 
48 488 43 64 0.08171402 
111 366 23 30 0.051618334 
123 225 24 30 0.050710578 
166 237 11 14 0.042861886 
192 227 11 15 0.041986246 
89 345 24 36 0.039308842 
270 236 12 18 0.03915222 
385 140 12 15 0.039124873 
123 334 13 16 0.035243437 
13 325 14 17 0.03319498 
1013 185 10 16 0.03237894 
178 226 14 17 0.032291375 
115 363 16 19 0.032261543 
165 343 11 12 0.03175779 
65 258 14 22 0.031401932 
5 249 44 63 0.031192789 
28 506 56 79 0.031140277 
883 172 13 17 0.030720707 
169 350 25 29 0.029554794 
187 245 11 14 0.026366355 
185 296 10 11 0.02551829 
258 235 23 34 0.025187464 
23 243 25 35 0.024946116 
169 217 24 28 0.02383926 
135 251 10 14 0.023327997 
172 243 12 15 0.022929024 
184 301 10 11 0.022782627 
172 232 15 18 0.022589996 
21 471 56 80 0.021228915 
164 227 21 28 0.02069208 
20 364 48 60 0.020535229 
256 199 34 49 0.020071898 
