2_Demonstration_Political_Rally_2_22
120
76 389 103 116 0.99986565 
580 476 47 67 0.9991799 
867 404 52 75 0.9446782 
377 323 60 83 0.8099258 
573 410 25 36 0.80007935 
453 382 23 28 0.7280644 
427 440 22 29 0.60102695 
767 368 29 35 0.5445547 
297 418 26 42 0.25545102 
538 368 43 55 0.22692265 
748 349 48 58 0.18972407 
981 333 17 21 0.16508529 
564 404 45 53 0.15301539 
1006 394 14 18 0.10972207 
998 388 23 31 0.096668035 
419 275 13 19 0.0865625 
803 390 38 51 0.07913071 
369 180 21 30 0.07211954 
359 279 99 129 0.06380714 
536 599 41 46 0.063690096 
556 89 31 44 0.06257866 
593 411 32 41 0.06129605 
960 326 12 14 0.058301013 
593 306 12 14 0.05535263 
251 111 52 66 0.055276133 
526 366 29 42 0.05330972 
203 98 41 42 0.052177154 
436 341 92 115 0.0515953 
345 236 9 13 0.04767394 
558 384 31 47 0.047615387 
588 344 13 15 0.04663755 
330 292 15 21 0.04642482 
31 381 34 43 0.046337247 
454 365 55 70 0.044629443 
837 269 11 13 0.0434827 
408 326 82 107 0.043220628 
-1 244 10 19 0.04300906 
999 392 14 19 0.04285965 
1011 399 11 18 0.042329308 
711 310 97 105 0.041898046 
761 369 41 60 0.040947333 
885 334 15 20 0.040718082 
89 341 14 17 0.040556546 
801 234 15 19 0.04009905 
307 188 11 15 0.039214604 
402 332 34 44 0.03897964 
603 396 27 38 0.03755389 
440 299 46 50 0.037275463 
881 316 16 19 0.037215825 
899 331 21 29 0.037138246 
635 252 10 14 0.035084 
902 344 14 19 0.03497746 
570 420 49 60 0.03330047 
450 426 12 16 0.032802038 
388 323 33 47 0.032713838 
716 433 17 26 0.03268672 
285 405 29 38 0.031912707 
179 430 53 64 0.031844653 
351 219 11 15 0.031562775 
731 259 120 158 0.031119695 
349 228 10 13 0.031025859 
398 315 56 69 0.030382238 
422 223 10 13 0.030331329 
556 408 28 38 0.03006556 
3 299 13 16 0.030042214 
481 224 9 12 0.030014953 
593 292 11 14 0.02971553 
355 214 12 16 0.029646771 
617 336 31 42 0.028474817 
889 329 22 31 0.02760415 
25 315 10 13 0.027337257 
421 229 13 16 0.027259706 
928 319 8 10 0.027200267 
813 315 14 16 0.027139895 
555 358 30 50 0.02676044 
582 287 11 14 0.026549147 
182 208 13 18 0.026544737 
496 230 9 11 0.026503772 
500 279 14 22 0.02619044 
793 229 26 32 0.025929546 
878 397 31 52 0.025622139 
543 229 11 15 0.025465006 
687 172 38 49 0.02473457 
31 183 9 12 0.024624918 
358 179 23 32 0.024549201 
77 349 28 34 0.024473244 
957 337 14 17 0.024447994 
324 292 27 32 0.024405204 
444 395 54 71 0.023825366 
847 294 27 36 0.023696087 
608 322 12 17 0.023689957 
956 324 20 25 0.023671987 
435 441 25 42 0.023633325 
882 317 24 34 0.02325253 
929 326 10 12 0.023075748 
1008 299 13 16 0.022718458 
519 345 48 69 0.02271542 
216 95 51 65 0.022643397 
768 210 51 65 0.022353942 
446 313 13 18 0.02224717 
496 274 25 36 0.022089368 
8 325 9 12 0.02208453 
603 414 18 26 0.021921229 
100 282 16 20 0.021868259 
610 411 39 54 0.021698058 
909 297 12 14 0.02159743 
397 307 15 18 0.021436686 
372 300 10 13 0.021313783 
415 443 27 31 0.021309488 
72 336 9 11 0.021180224 
997 340 14 20 0.02117839 
485 225 10 12 0.021060029 
928 309 10 12 0.021033153 
520 483 43 63 0.020615319 
338 214 22 26 0.020475173 
47 174 11 13 0.020439316 
564 129 42 55 0.020436924 
422 167 10 13 0.020436103 
378 186 12 17 0.020348938 
424 309 50 60 0.020233156 
