2_Demonstration_Protesters_2_901
197
582 171 34 45 0.9821613 
523 646 69 97 0.95985353 
446 340 59 65 0.9464091 
684 338 39 49 0.92352414 
896 683 76 108 0.91012603 
789 350 53 59 0.88400304 
411 354 38 55 0.8279816 
280 353 58 65 0.7583838 
534 450 34 50 0.7302131 
491 334 34 52 0.60089844 
-10 654 99 162 0.59616685 
668 348 36 41 0.5498403 
537 193 31 39 0.52862793 
388 349 45 58 0.5261649 
835 99 39 49 0.5071064 
118 405 34 42 0.4713424 
364 344 47 66 0.45727614 
14 332 63 79 0.36925957 
580 369 32 38 0.3665754 
298 672 53 60 0.34383246 
139 343 49 59 0.283374 
956 640 33 46 0.274411 
859 81 42 61 0.26896468 
602 369 42 50 0.26212227 
86 617 46 57 0.23159394 
444 487 44 53 0.22767293 
623 381 45 56 0.17867461 
922 508 33 37 0.17190613 
362 335 28 41 0.13521776 
752 533 48 61 0.13387434 
121 75 17 19 0.1323756 
115 343 53 64 0.12357362 
828 648 56 75 0.12007294 
1 293 96 131 0.11350169 
232 735 61 78 0.110755004 
557 484 55 68 0.10329579 
243 119 26 29 0.098638095 
963 522 54 74 0.098128684 
648 246 30 47 0.09689415 
932 662 56 76 0.09113595 
120 331 79 99 0.086984485 
426 358 41 45 0.0854711 
282 605 34 40 0.084559835 
953 702 51 80 0.084135756 
285 667 80 103 0.083129026 
891 -2 35 26 0.08232905 
825 109 31 38 0.07587636 
748 380 28 35 0.072644964 
319 723 54 78 0.06937332 
468 659 52 75 0.06770293 
300 370 62 74 0.06739341 
749 123 43 61 0.06532344 
116 605 32 43 0.06477337 
37 348 39 48 0.06465177 
158 339 54 66 0.064089544 
334 340 67 96 0.063816026 
377 332 33 41 0.062343024 
136 345 32 41 0.06223744 
814 128 15 22 0.0617488 
511 455 48 57 0.060394034 
0 568 30 53 0.060048204 
562 464 87 107 0.060031544 
55 318 99 113 0.05957533 
722 200 49 59 0.05879624 
2 188 28 39 0.05879326 
228 118 23 29 0.057551544 
321 669 50 68 0.05754846 
830 733 60 59 0.057539932 
270 678 38 42 0.057523206 
648 757 69 65 0.054913577 
627 245 39 55 0.05316282 
830 759 64 61 0.050704125 
937 499 25 41 0.050276008 
816 122 24 31 0.049085792 
845 671 56 75 0.04892463 
767 128 32 40 0.048567902 
123 344 28 39 0.048278943 
644 387 28 36 0.04698984 
37 603 40 60 0.04656239 
570 359 31 44 0.044446394 
422 667 55 65 0.043528598 
73 606 81 108 0.043104652 
614 353 34 50 0.0429328 
269 616 29 40 0.042916577 
400 659 52 68 0.042735487 
783 127 29 35 0.041221857 
637 524 38 45 0.041083816 
908 510 29 39 0.041014604 
348 672 28 49 0.04088898 
797 124 23 30 0.040180568 
274 360 34 44 0.03980671 
28 645 118 163 0.03964552 
338 755 29 41 0.039499838 
16 586 44 71 0.038923133 
626 367 32 46 0.038911305 
186 672 47 65 0.037649613 
488 447 47 60 0.037484605 
51 610 46 65 0.036754016 
86 286 100 122 0.036393985 
759 386 30 34 0.036388602 
343 743 42 59 0.03607629 
537 730 36 44 0.03571539 
446 676 59 70 0.035168234 
603 381 83 95 0.035109367 
608 252 39 55 0.03494246 
211 241 51 68 0.034878995 
231 587 50 73 0.03484835 
454 494 51 65 0.034173764 
0 342 50 77 0.033613797 
478 474 49 62 0.033574134 
249 616 30 51 0.03328605 
695 209 22 30 0.032903235 
728 177 19 22 0.032534257 
105 363 55 74 0.03249773 
416 752 58 64 0.031952146 
301 686 94 120 0.03175341 
23 345 37 40 0.030901588 
666 250 33 45 0.030726628 
769 370 54 57 0.030684026 
548 456 34 43 0.030583903 
896 535 45 62 0.030428788 
245 481 28 36 0.029859284 
-2 358 30 50 0.029594926 
631 411 34 38 0.029189128 
3 715 57 112 0.028812274 
945 659 38 50 0.028328942 
369 661 49 65 0.028253626 
988 704 15 20 0.028231332 
478 636 50 73 0.027925381 
746 367 27 34 0.027313937 
580 346 54 67 0.02724963 
921 303 96 140 0.027097113 
725 185 29 42 0.02652544 
596 559 55 61 0.026492264 
229 35 14 19 0.026364997 
138 346 18 23 0.02634014 
865 662 81 110 0.026309239 
743 381 48 59 0.025948811 
725 304 43 59 0.025821997 
253 689 64 72 0.02548889 
702 305 44 58 0.025354976 
343 666 52 69 0.025197566 
726 105 76 109 0.025179243 
41 641 62 85 0.025168927 
965 718 32 49 0.025162224 
746 328 48 57 0.024942376 
962 639 46 63 0.024936406 
684 392 27 35 0.024840187 
682 205 26 30 0.024663303 
551 190 29 38 0.024644917 
953 499 41 53 0.024509974 
747 513 81 108 0.02433037 
575 386 28 39 0.024330297 
792 632 85 107 0.024260463 
80 666 99 139 0.023683855 
872 69 32 47 0.023671446 
191 454 23 32 0.023459367 
474 517 56 68 0.02341022 
975 582 45 73 0.023225509 
363 375 38 52 0.023190858 
700 617 114 162 0.023047328 
775 125 46 57 0.022988485 
399 726 97 106 0.022942776 
609 488 55 70 0.022766821 
526 582 54 56 0.022765994 
747 297 33 46 0.0225563 
43 343 68 84 0.022438053 
342 546 46 64 0.022424312 
958 598 50 79 0.022382716 
932 627 57 75 0.022351194 
223 118 49 49 0.022327993 
34 203 20 23 0.022309128 
519 440 81 100 0.022111291 
842 709 100 112 0.021939587 
181 238 88 112 0.0218739 
564 426 25 32 0.021846376 
255 619 49 69 0.021771125 
771 536 50 62 0.021597305 
648 364 30 36 0.021572918 
550 486 35 43 0.021564618 
684 195 14 18 0.021447344 
150 365 32 43 0.021419564 
347 766 17 24 0.021321798 
514 331 37 53 0.021181105 
892 538 31 42 0.021162879 
122 270 97 116 0.021160524 
280 324 88 109 0.02100979 
875 66 60 80 0.020875374 
744 348 83 97 0.020848235 
559 350 28 40 0.020500615 
673 358 22 25 0.020312006 
248 698 90 110 0.020289754 
755 350 48 55 0.020182693 
666 206 26 29 0.02017465 
473 656 97 121 0.020083504 
208 552 85 121 0.020036489 
612 402 32 40 0.020013561 
