2_Demonstration_Demonstrators_2_181
211
881 592 47 60 0.9990196 
75 530 60 79 0.99838924 
942 543 33 42 0.9982039 
661 521 37 48 0.9961677 
848 501 23 31 0.9953939 
718 513 22 28 0.9935514 
412 532 24 32 0.9935128 
546 515 13 15 0.9612236 
259 528 15 20 0.941515 
528 562 22 30 0.93875396 
781 499 19 23 0.9116534 
230 543 21 27 0.90911245 
187 552 22 28 0.87204874 
761 566 26 31 0.860891 
464 534 13 17 0.8294712 
280 529 16 23 0.7412726 
338 535 13 17 0.46157703 
759 527 21 27 0.37938896 
542 539 11 13 0.31488255 
455 516 11 13 0.2662523 
734 556 22 30 0.2644997 
424 516 11 14 0.25349334 
379 518 10 13 0.24011387 
191 515 13 17 0.21973167 
438 510 8 11 0.1713223 
450 517 8 11 0.15113139 
559 547 13 15 0.15048711 
473 512 8 11 0.15015842 
181 533 14 18 0.14813267 
512 517 9 11 0.14362505 
313 516 11 14 0.13598153 
408 516 10 12 0.118225545 
482 502 9 12 0.1161606 
586 471 9 11 0.11528383 
545 471 8 10 0.109327674 
439 555 13 18 0.101413414 
526 525 9 11 0.097198516 
508 525 10 13 0.09175456 
308 524 11 14 0.0908418 
479 508 9 12 0.08975355 
344 640 39 40 0.08701951 
313 509 11 14 0.08563724 
910 315 11 14 0.07956649 
364 541 11 14 0.07630481 
462 514 8 9 0.07532721 
205 528 341 459 0.073738895 
780 520 13 17 0.07358941 
281 539 18 24 0.07169373 
155 561 16 25 0.06863759 
352 514 8 10 0.06791867 
552 501 11 12 0.066077255 
400 513 8 10 0.06518074 
462 481 9 10 0.064695396 
478 518 9 13 0.06202177 
808 457 13 16 0.059980016 
454 495 8 10 0.05949162 
502 495 7 9 0.058093816 
312 503 10 12 0.056828946 
503 531 9 12 0.056259476 
573 546 14 19 0.05522923 
486 496 8 10 0.054788418 
307 531 11 15 0.054293144 
479 523 9 12 0.05400941 
564 543 12 15 0.053829484 
493 473 8 9 0.053721316 
577 503 10 12 0.05357853 
544 487 8 11 0.052605193 
497 495 7 9 0.052385043 
773 522 13 19 0.051249184 
170 528 20 26 0.0496523 
512 496 7 9 0.049211003 
534 500 9 11 0.047681976 
415 512 9 11 0.047494173 
535 495 8 10 0.04618353 
564 549 15 20 0.045901094 
633 508 9 11 0.045649968 
379 533 11 16 0.04562931 
182 545 17 23 0.0444157 
253 559 16 20 0.044162642 
163 530 16 19 0.043295056 
568 525 10 11 0.040822834 
511 501 8 9 0.04023376 
368 513 8 10 0.03990522 
358 513 8 10 0.039765205 
413 516 10 13 0.03962599 
758 535 28 37 0.03941043 
199 583 22 29 0.039091904 
617 506 8 10 0.03848549 
552 496 9 11 0.038132112 
527 518 10 12 0.037824545 
345 518 9 11 0.037815277 
588 485 10 12 0.037568424 
197 563 24 30 0.03727458 
550 545 14 17 0.03722522 
336 528 10 13 0.036900196 
375 513 9 12 0.03685979 
497 517 9 12 0.036693137 
764 513 16 20 0.036480516 
796 499 12 17 0.03541221 
575 519 10 13 0.03427974 
431 510 10 13 0.033830192 
528 500 9 11 0.03379705 
488 479 7 9 0.033732966 
453 500 9 11 0.033615205 
484 507 10 12 0.033437837 
463 462 7 9 0.03314304 
481 496 9 11 0.03252378 
527 530 10 14 0.03225686 
555 517 10 13 0.032024607 
585 476 9 12 0.03127884 
287 501 10 12 0.03113182 
325 508 12 14 0.031057913 
913 303 9 12 0.03094746 
339 542 14 18 0.03029464 
536 533 10 14 0.03017376 
517 518 10 12 0.030092489 
203 530 13 17 0.029756907 
535 549 11 14 0.029337166 
310 569 13 16 0.029302068 
438 514 10 12 0.029284457 
134 232 27 36 0.029049587 
533 560 13 16 0.028764939 
340 526 12 15 0.02874228 
664 493 13 16 0.028675033 
174 560 15 20 0.028560938 
549 478 8 10 0.028544286 
57 548 31 43 0.028229311 
374 514 17 22 0.02809982 
528 495 9 11 0.027708894 
810 1032 63 70 0.027640145 
622 364 11 15 0.027477633 
545 476 8 10 0.027465515 
558 496 8 10 0.027350567 
582 492 10 13 0.027169546 
463 527 13 16 0.02714833 
448 513 7 10 0.02705098 
437 540 10 15 0.027032131 
520 454 8 11 0.026979394 
161 528 10 14 0.026961964 
547 540 13 16 0.026860792 
385 779 176 282 0.02660859 
972 190 40 62 0.026263995 
239 539 18 23 0.025952764 
441 479 9 11 0.025932064 
393 472 7 8 0.025833689 
317 655 191 273 0.025505213 
356 645 48 48 0.025476962 
185 537 14 19 0.02546825 
381 512 9 11 0.02540915 
914 314 14 17 0.025317704 
315 522 11 13 0.02529818 
304 536 12 17 0.024955971 
566 532 13 15 0.024923097 
208 579 17 22 0.024713367 
576 484 8 11 0.024660435 
458 479 9 11 0.024660086 
541 543 15 18 0.024616556 
229 533 14 18 0.024505004 
528 511 9 12 0.024436666 
57 558 19 25 0.024209114 
195 522 14 16 0.02412909 
521 524 9 11 0.024028627 
327 515 10 13 0.024013165 
454 511 19 22 0.023933342 
576 479 8 11 0.02389391 
464 457 7 9 0.023867657 
303 518 12 16 0.02384531 
567 485 8 10 0.023820426 
725 563 28 36 0.02366917 
403 513 20 24 0.023668114 
195 511 11 14 0.023563998 
537 488 8 10 0.023512645 
647 507 11 15 0.02338481 
269 324 51 63 0.023234673 
420 513 20 25 0.023193453 
661 496 21 25 0.023168085 
316 503 11 14 0.023136737 
580 506 11 13 0.023113152 
511 479 7 9 0.02303368 
73 -8 431 415 0.023016363 
502 512 9 11 0.022975123 
450 495 8 10 0.022931151 
326 486 8 9 0.02292892 
768 530 18 27 0.022901446 
622 505 9 11 0.022827411 
487 486 8 10 0.02279805 
310 504 18 24 0.02271756 
516 549 10 13 0.022654437 
495 501 9 10 0.022603093 
503 518 8 11 0.022518205 
438 549 13 17 0.022491468 
548 658 17 22 0.022099705 
543 493 8 10 0.021910597 
496 488 8 9 0.021874825 
392 511 8 11 0.021819247 
393 517 9 13 0.021781752 
471 485 8 11 0.021674115 
744 557 17 25 0.021626992 
346 512 8 11 0.021539776 
534 512 9 11 0.021366391 
409 485 7 9 0.021276554 
504 562 10 14 0.021189583 
359 547 10 13 0.021124512 
578 540 16 21 0.02112418 
589 464 11 13 0.021073358 
229 527 12 15 0.021028757 
415 505 8 10 0.020795826 
408 505 9 10 0.020530399 
240 182 422 502 0.020262768 
456 486 9 10 0.020180844 
565 579 14 21 0.020164087 
