31_Waiter_Waitress_Waiter_Waitress_31_118
18
369 92 163 199 0.9971866 
390 789 9 12 0.08940192 
132 170 12 16 0.06034994 
691 17 11 16 0.04757118 
950 534 12 16 0.047398455 
820 752 25 29 0.046644397 
427 767 16 17 0.030835943 
668 18 11 14 0.029096143 
360 770 52 58 0.028932288 
14 323 429 505 0.028381342 
668 551 123 98 0.02676788 
917 254 23 30 0.026686592 
780 758 12 16 0.024230784 
809 732 44 55 0.023353826 
952 539 23 28 0.023072062 
660 343 22 27 0.02272543 
934 534 11 13 0.022326076 
663 15 12 16 0.020487513 
