31_Waiter_Waitress_Waiter_Waitress_31_484
30
334 176 109 146 0.99993813 
574 72 120 172 0.9998654 
126 712 11 13 0.18380538 
87 704 8 9 0.09950422 
130 681 7 9 0.09033086 
95 683 10 13 0.08300369 
112 692 9 11 0.06785712 
577 462 145 181 0.047669575 
159 696 10 12 0.044764824 
119 719 9 11 0.036439702 
28 740 9 11 0.03511816 
116 739 12 15 0.033916596 
89 727 9 11 0.033421017 
103 712 8 9 0.027544536 
100 680 9 11 0.027495963 
153 701 10 11 0.025924522 
64 691 9 11 0.025293482 
113 720 9 10 0.024295107 
118 689 7 9 0.024176443 
61 735 10 13 0.022903781 
110 711 8 9 0.022797085 
81 676 8 9 0.022426529 
117 693 9 10 0.022423698 
164 695 10 11 0.021550788 
94 704 7 9 0.021261755 
73 710 10 13 0.020940354 
61 740 11 15 0.020617746 
134 685 8 10 0.020487757 
77 716 9 12 0.020329539 
144 718 10 12 0.020041883 
