31_Waiter_Waitress_Waiter_Waitress_31_162
62
468 350 221 311 0.9995315 
19 715 15 21 0.625014 
311 716 13 17 0.3801116 
386 483 28 30 0.22900958 
373 724 12 16 0.19566944 
724 440 27 38 0.16506264 
345 784 178 246 0.15672 
262 723 14 17 0.13337249 
278 725 11 16 0.13327321 
214 722 12 16 0.12810008 
254 734 22 29 0.105836004 
34 711 20 27 0.07676935 
337 818 94 155 0.07506389 
71 699 13 16 0.06403724 
244 715 11 15 0.063353404 
284 725 10 14 0.06182145 
209 717 12 15 0.055795375 
900 193 102 123 0.054733213 
824 141 163 248 0.054559983 
349 877 58 83 0.052345105 
259 728 16 20 0.049598664 
378 846 23 34 0.043721892 
86 723 15 19 0.043689247 
242 711 10 15 0.043397095 
420 893 129 151 0.04329184 
376 721 17 21 0.04225589 
254 722 14 18 0.039538454 
326 739 14 19 0.03946598 
270 727 12 17 0.03642067 
672 724 341 375 0.035569668 
41 98 364 488 0.03551312 
10 700 42 49 0.034730468 
9 709 23 32 0.032522596 
265 742 14 21 0.031263307 
304 1039 222 301 0.030348651 
159 724 13 17 0.030174736 
330 744 16 20 0.028896509 
314 728 16 18 0.028686717 
361 842 48 83 0.02861783 
246 721 13 16 0.027091557 
288 868 55 73 0.026890485 
341 742 12 16 0.025697358 
263 725 21 28 0.025675694 
242 736 27 34 0.025503341 
365 714 22 28 0.025492048 
14 696 27 32 0.025326608 
49 712 17 20 0.0246902 
77 724 27 32 0.024203012 
180 750 12 14 0.02406377 
776 478 30 40 0.023965988 
321 743 21 27 0.0230449 
185 871 67 62 0.022020124 
204 764 13 18 0.021960981 
268 719 13 17 0.021859348 
258 692 91 109 0.021565795 
208 712 10 14 0.021390857 
63 697 14 18 0.020940294 
359 897 34 48 0.020870315 
1001 646 19 33 0.0207891 
7 720 14 20 0.020373063 
271 762 12 15 0.020353202 
757 449 52 69 0.020082785 
