31_Waiter_Waitress_Waiter_Waitress_31_327
75
451 350 105 164 0.9997224 
302 352 103 136 0.99954116 
744 649 23 38 0.70641726 
962 580 16 21 0.38413662 
252 558 9 11 0.307662 
182 638 38 54 0.30712005 
148 598 8 11 0.28414178 
300 565 10 13 0.2512231 
225 558 8 10 0.19169542 
310 589 11 17 0.19136062 
198 559 8 10 0.17894748 
170 560 8 10 0.13386042 
196 587 12 16 0.1031859 
243 612 18 21 0.087727696 
146 593 7 11 0.082520425 
966 576 11 13 0.0820096 
769 592 8 10 0.08062837 
344 340 100 137 0.064820506 
264 557 9 11 0.056958105 
242 558 7 9 0.05301659 
199 564 9 12 0.052142013 
744 598 11 14 0.050563317 
184 557 8 10 0.04931066 
193 558 9 10 0.048565846 
866 675 104 122 0.047594853 
164 616 75 102 0.046446342 
302 591 16 22 0.042008173 
219 636 26 36 0.041517645 
744 592 9 12 0.04012203 
215 558 9 10 0.036181573 
295 571 11 14 0.036075484 
227 610 13 16 0.034006372 
207 559 8 10 0.03387475 
698 702 14 16 0.033605732 
297 561 10 11 0.033481255 
296 560 18 24 0.03320429 
725 591 9 12 0.031889286 
183 552 8 10 0.03153145 
200 572 10 11 0.031156713 
808 674 127 141 0.030768467 
286 575 11 13 0.030561602 
197 619 53 64 0.029873021 
198 553 9 11 0.02920325 
254 553 9 12 0.029151265 
240 565 10 13 0.028969016 
302 581 13 16 0.028447758 
232 528 9 11 0.027569177 
248 562 10 13 0.02697107 
175 552 9 10 0.026650567 
190 595 14 16 0.02651297 
135 485 192 226 0.026495166 
309 563 12 16 0.026326504 
280 566 10 12 0.026041636 
152 528 8 10 0.025871124 
310 571 10 15 0.025437178 
976 549 10 12 0.0252781 
750 592 8 12 0.024951795 
159 528 8 10 0.024140907 
304 557 22 30 0.02349494 
248 554 10 12 0.0234655 
235 623 48 61 0.023023682 
221 605 15 17 0.02301221 
125 526 11 14 0.023004597 
134 528 9 10 0.022720806 
205 565 106 119 0.022498151 
275 587 13 20 0.022264004 
311 558 10 13 0.02219531 
238 616 16 20 0.021956652 
232 615 26 32 0.021494295 
306 578 21 28 0.021363724 
167 528 7 10 0.020395393 
317 555 26 36 0.020303551 
3 640 26 35 0.020293277 
183 590 10 14 0.020252885 
182 597 11 13 0.02007373 
