31_Waiter_Waitress_Waiter_Waitress_31_842
20
348 148 171 232 0.9994098 
752 588 137 215 0.99246466 
305 559 381 448 0.125495 
809 552 54 80 0.12267444 
374 903 474 399 0.07534446 
288 1361 149 164 0.06604666 
576 1122 450 484 0.05437347 
237 379 40 55 0.048182137 
789 561 104 155 0.045926712 
494 76 501 449 0.045665443 
406 944 257 248 0.04284234 
219 984 410 507 0.03834115 
512 705 100 105 0.029823443 
283 781 403 444 0.02956548 
-48 -35 380 523 0.028211221 
424 701 222 225 0.027492918 
103 362 408 435 0.025223643 
111 703 434 467 0.024071503 
188 1058 131 133 0.02291432 
826 627 114 183 0.022683049 
