31_Waiter_Waitress_Waiter_Waitress_31_915
39
463 195 113 164 0.99979395 
941 558 24 30 0.9639265 
619 215 219 296 0.117935665 
714 292 93 117 0.112595595 
114 513 16 18 0.10138143 
40 463 11 13 0.088890426 
37 475 14 16 0.08190991 
1001 640 21 34 0.07232192 
521 210 374 462 0.06595872 
981 554 16 20 0.059872165 
21 505 12 15 0.053858735 
56 487 9 11 0.05074571 
171 532 12 15 0.049239323 
118 494 9 10 0.04412325 
22 484 11 14 0.03876564 
20 461 11 14 0.037773952 
124 515 16 16 0.033209343 
676 337 46 52 0.03309246 
88 621 23 29 0.031479523 
581 361 26 33 0.028445294 
580 -1 190 241 0.027523963 
974 584 26 32 0.026923459 
562 609 19 20 0.02660543 
36 490 12 15 0.025409484 
971 579 16 20 0.025134476 
17 507 11 15 0.024830053 
711 320 57 71 0.024426239 
630 338 48 52 0.024071528 
30 482 13 16 0.02358323 
96 601 13 15 0.0227149 
29 502 12 14 0.02267008 
5 579 15 18 0.022636848 
13 566 11 14 0.022152826 
33 468 12 14 0.02173192 
47 559 10 13 0.021222893 
10 573 14 17 0.020731924 
61 572 11 14 0.02065605 
31 462 11 14 0.020540228 
1001 104 9 12 0.020451708 
