31_Waiter_Waitress_Waiter_Waitress_31_212
20
518 350 84 119 0.522512 
527 272 58 67 0.42218855 
409 249 111 137 0.25867197 
571 135 48 80 0.15457465 
641 161 67 69 0.14820938 
455 253 104 112 0.08735012 
550 333 96 139 0.07312178 
604 144 82 102 0.068235494 
513 258 53 65 0.06054501 
710 231 44 59 0.05338714 
67 6 29 45 0.047659148 
516 70 313 412 0.044845313 
199 10 356 487 0.044137713 
693 221 46 58 0.04315075 
57 41 42 66 0.040401302 
653 189 62 75 0.030414779 
761 31 110 126 0.025585072 
622 159 101 117 0.02384395 
910 -13 123 136 0.022766316 
360 186 187 234 0.02210188 
