31_Waiter_Waitress_Waiter_Waitress_31_358
50
308 279 63 74 0.9994561 
500 277 67 105 0.99611735 
804 170 80 86 0.9958171 
684 363 24 30 0.9786799 
174 309 42 62 0.9649112 
136 257 22 27 0.9495852 
359 358 53 70 0.5605839 
683 254 33 41 0.20789725 
618 418 12 15 0.15897293 
159 260 16 19 0.11023907 
660 247 48 58 0.07657698 
612 389 24 29 0.054449044 
580 365 16 20 0.049158696 
573 346 27 36 0.048496827 
148 311 58 78 0.043280605 
131 253 39 46 0.041611314 
629 400 16 21 0.04095967 
892 642 11 12 0.03951926 
365 16 448 548 0.039242785 
76 287 93 97 0.034665868 
606 376 25 31 0.031245297 
637 405 14 20 0.03120026 
412 304 48 65 0.030077513 
904 627 12 15 0.02910771 
615 407 20 26 0.02882325 
644 382 16 20 0.028010255 
674 404 18 21 0.027732193 
620 400 17 21 0.026925767 
698 344 9 12 0.02665114 
928 653 11 13 0.026439535 
154 278 50 68 0.025683645 
164 264 23 27 0.02549327 
944 618 12 13 0.02520772 
790 605 31 39 0.024914034 
902 660 11 12 0.024847584 
903 654 10 11 0.024511365 
161 279 25 36 0.024363967 
598 380 11 14 0.024069352 
631 357 11 14 0.023837617 
202 253 13 16 0.02143705 
588 349 14 17 0.02142731 
889 644 10 12 0.021316856 
956 638 10 12 0.02125278 
589 365 44 57 0.021028541 
450 302 31 51 0.020834971 
674 360 40 48 0.020581173 
691 405 13 16 0.02047501 
673 409 26 30 0.020173939 
131 -14 519 443 0.020171743 
892 654 12 13 0.02011521 
