3_Riot_Riot_3_186
29
209 27 66 76 0.9893305 
386 50 43 51 0.98845017 
790 142 17 21 0.7158147 
544 41 39 53 0.5873014 
611 -1 38 26 0.34079877 
167 158 14 20 0.26640606 
217 321 53 62 0.14321765 
332 25 42 50 0.113331825 
355 19 31 41 0.08654172 
757 116 13 16 0.07054295 
404 0 28 24 0.06562741 
627 50 94 110 0.060542196 
315 99 43 54 0.05730125 
664 54 91 122 0.04729548 
315 40 51 60 0.040780734 
349 1 36 36 0.039814014 
393 313 90 106 0.03957191 
784 144 15 21 0.038242005 
349 46 41 51 0.0373412 
553 22 49 60 0.037122354 
758 108 23 31 0.031569045 
335 235 51 56 0.026994256 
609 -1 59 60 0.026083756 
500 190 27 35 0.024127906 
746 95 48 64 0.023125336 
657 88 31 35 0.022877835 
568 12 53 59 0.022731323 
699 101 91 114 0.022234011 
577 20 31 35 0.020944813 
