3_Riot_Riot_3_263
105
436 164 17 23 0.97176504 
478 164 22 29 0.9103551 
386 162 17 24 0.89985543 
419 164 15 20 0.8189851 
865 220 24 30 0.79368985 
6 130 22 29 0.71206206 
547 173 14 18 0.5520091 
207 143 15 21 0.49022117 
885 147 34 38 0.47653022 
349 143 12 17 0.30437177 
856 204 42 51 0.13326433 
540 330 55 52 0.084262215 
164 4 17 20 0.08203987 
630 130 125 143 0.08128937 
503 297 50 60 0.07903074 
777 147 62 71 0.07703093 
491 277 29 39 0.07246453 
664 489 36 41 0.06293686 
375 169 14 19 0.062378783 
195 91 14 18 0.059900865 
475 174 17 22 0.05845807 
275 146 13 16 0.055319197 
358 183 11 14 0.053497057 
117 113 23 30 0.0509248 
202 15 17 23 0.049057286 
827 198 33 44 0.048820354 
873 152 43 56 0.048706785 
527 178 13 16 0.048552502 
245 9 28 33 0.046815123 
392 110 7 9 0.046305038 
756 141 52 60 0.04620428 
111 115 39 50 0.042316783 
493 278 46 61 0.04219349 
661 165 14 15 0.041504897 
355 146 12 17 0.040982366 
268 139 14 19 0.039885186 
235 0 16 13 0.038980894 
517 305 57 63 0.03677971 
867 182 12 16 0.036635432 
364 123 15 19 0.03600956 
554 173 11 16 0.035417978 
22 195 11 14 0.032782923 
0 104 11 20 0.03277444 
106 118 25 29 0.0317724 
401 106 7 9 0.030600658 
874 199 50 60 0.030232152 
482 157 16 20 0.029554307 
400 110 8 10 0.029035226 
193 86 23 29 0.028644942 
1 95 18 30 0.028505951 
451 6 11 13 0.028499944 
471 281 35 42 0.028218908 
406 172 12 16 0.028151339 
499 265 29 40 0.02813413 
221 0 15 13 0.02784384 
230 1 29 30 0.027708862 
515 130 14 18 0.02769058 
190 96 15 20 0.026859703 
525 185 14 18 0.026844077 
1 92 12 21 0.026326904 
815 172 52 63 0.025029017 
414 176 13 18 0.025013957 
171 19 15 16 0.024985112 
385 109 8 10 0.024937812 
517 196 13 19 0.024840198 
236 19 29 33 0.02467329 
370 124 17 20 0.024548318 
802 188 50 62 0.024502086 
28 104 26 31 0.024415106 
161 8 26 27 0.024245115 
575 66 201 224 0.02406431 
420 174 13 17 0.024036275 
203 90 12 17 0.02358098 
623 102 31 45 0.023482617 
102 0 34 34 0.02347493 
384 105 8 10 0.023354424 
187 135 41 56 0.023187483 
844 194 28 40 0.023180204 
22 125 24 33 0.023176946 
160 8 14 18 0.023048965 
876 172 51 63 0.023047462 
349 121 12 16 0.022907177 
779 125 52 59 0.022620194 
4 497 18 20 0.022597687 
852 215 29 33 0.02249066 
319 193 10 14 0.022333177 
52 89 17 19 0.022327732 
351 165 11 15 0.02208094 
859 172 14 19 0.022026895 
349 136 11 14 0.022014787 
360 121 12 17 0.021965234 
395 158 12 18 0.021894345 
925 212 13 17 0.02148452 
51 10 11 13 0.021183567 
218 -2 27 26 0.021124477 
366 169 15 19 0.021051541 
375 110 8 10 0.02101128 
1014 165 9 15 0.020884246 
457 288 27 46 0.020818006 
885 157 19 24 0.020790149 
555 352 35 34 0.020586878 
658 153 75 85 0.020468965 
400 116 10 12 0.020430062 
530 168 21 26 0.020324677 
740 123 95 109 0.02026496 
