3_Riot_Riot_3_26
364
294 50 26 32 0.9991835 
250 229 31 38 0.9990784 
205 209 32 37 0.99904853 
789 61 27 35 0.99900705 
231 355 37 52 0.9989341 
359 71 27 32 0.9982139 
328 356 28 44 0.99778557 
658 63 26 33 0.9976197 
277 354 27 39 0.9975291 
674 228 29 32 0.99751806 
718 392 30 44 0.996601 
193 44 21 29 0.9965953 
846 35 25 30 0.9965402 
248 93 25 29 0.99571675 
816 9 26 33 0.9956125 
935 161 29 38 0.9955701 
854 386 27 41 0.9952567 
464 75 26 30 0.9948704 
421 369 34 44 0.99370736 
940 -3 25 29 0.99233854 
986 185 33 41 0.9908495 
357 222 32 35 0.98835075 
1001 43 22 28 0.98519266 
467 209 27 32 0.9811561 
783 213 28 36 0.98063993 
899 155 27 33 0.97884905 
255 332 32 37 0.97386646 
16 99 25 29 0.9732093 
337 423 26 38 0.9725643 
645 -1 25 24 0.9665853 
760 34 25 32 0.9638998 
973 16 23 27 0.9612214 
725 356 30 39 0.95526284 
894 45 24 28 0.94985646 
415 348 30 43 0.94975656 
674 355 33 36 0.9300933 
557 234 29 35 0.91987604 
646 211 22 26 0.89340276 
281 206 26 31 0.881831 
208 434 22 37 0.8791711 
537 99 20 23 0.87771386 
796 344 16 20 0.8609827 
52 243 26 35 0.788765 
98 362 23 29 0.7535283 
780 397 22 27 0.6752306 
151 331 26 31 0.65763575 
940 412 23 30 0.63275534 
58 324 26 33 0.62900245 
53 192 26 33 0.6246692 
642 345 24 35 0.5407499 
61 570 20 34 0.52509344 
891 243 23 30 0.43491936 
786 367 21 30 0.42353877 
863 356 14 18 0.42329022 
620 197 15 21 0.39923272 
532 212 25 31 0.37721464 
759 439 14 23 0.36154175 
602 215 27 37 0.33825722 
973 414 14 18 0.32005504 
735 492 24 33 0.31843913 
163 526 18 24 0.31032166 
961 381 17 23 0.30615968 
329 204 31 38 0.29674485 
511 81 16 20 0.29561985 
209 494 21 36 0.28376657 
428 215 26 33 0.28061312 
523 519 23 32 0.26023495 
923 370 13 18 0.23943745 
244 571 24 30 0.23897395 
913 343 9 12 0.23822792 
917 363 14 22 0.23220006 
758 69 17 22 0.2303531 
599 50 21 29 0.21295066 
786 446 25 38 0.20424551 
830 373 15 22 0.19217765 
948 417 25 34 0.16724946 
722 371 34 52 0.1373635 
979 363 15 17 0.13377322 
966 372 13 18 0.12826367 
122 513 23 32 0.124564976 
259 499 22 34 0.123016804 
951 407 12 15 0.12068956 
43 320 36 46 0.119780466 
787 381 17 25 0.11732481 
731 340 30 36 0.11502157 
787 397 25 33 0.11329934 
964 418 22 29 0.10946251 
795 369 22 30 0.108587466 
126 424 16 21 0.10775784 
92 509 18 21 0.105455324 
888 333 17 20 0.103556655 
912 357 12 16 0.100372344 
582 550 42 53 0.098210335 
150 350 16 21 0.09790803 
307 576 33 35 0.0976424 
337 212 35 40 0.096244924 
771 372 16 23 0.092191055 
578 516 32 46 0.0905302 
425 228 29 39 0.08998792 
941 403 11 15 0.08626916 
971 370 13 17 0.08551839 
853 306 11 15 0.08495478 
132 518 25 30 0.08429165 
690 48 20 29 0.08405757 
2 557 28 55 0.08361014 
996 440 26 31 0.082990356 
995 379 13 15 0.08122416 
461 215 39 45 0.08031662 
517 231 12 16 0.07762184 
769 312 25 29 0.076909535 
19 505 17 22 0.076609105 
891 237 16 19 0.07571418 
887 244 17 21 0.0756924 
868 351 12 17 0.07398883 
131 434 12 15 0.07340881 
999 415 10 14 0.07153104 
206 504 14 21 0.07088063 
653 387 21 31 0.070717655 
779 526 41 54 0.07048898 
821 362 19 26 0.06969191 
585 499 32 36 0.06927883 
506 65 26 34 0.06855526 
132 362 16 20 0.06711638 
203 450 18 26 0.066934384 
99 357 15 22 0.065913625 
756 45 24 34 0.06556888 
454 546 23 39 0.06478851 
363 571 21 26 0.06462098 
882 477 40 53 0.063132785 
859 381 15 23 0.062498868 
376 382 25 33 0.062407 
774 404 25 31 0.062290616 
730 490 17 28 0.06195939 
757 378 15 19 0.061688725 
877 347 11 17 0.060645007 
989 386 14 19 0.059798446 
988 360 16 18 0.059218768 
56 444 12 15 0.058608323 
219 491 16 25 0.05858052 
904 242 24 34 0.05803477 
1006 313 13 20 0.057958897 
789 355 16 19 0.057898626 
790 362 17 22 0.057534322 
492 436 41 53 0.0566919 
590 497 14 18 0.05602488 
539 220 28 38 0.054367587 
656 550 29 35 0.054206748 
341 409 25 35 0.05367884 
969 380 15 19 0.05364814 
117 520 14 20 0.053440757 
570 540 39 51 0.053170983 
581 524 45 58 0.053086665 
886 433 14 19 0.052937374 
322 426 25 39 0.05290806 
158 329 13 15 0.050726052 
920 513 58 60 0.050520226 
50 539 15 17 0.04989734 
149 440 16 20 0.049860258 
235 562 17 25 0.049638532 
62 473 21 30 0.049242046 
763 374 16 22 0.048983045 
883 359 15 21 0.048212916 
865 352 21 26 0.04784158 
40 534 26 28 0.047434025 
740 332 15 20 0.047314335 
937 399 12 15 0.047095187 
387 379 12 17 0.046906676 
772 415 17 23 0.046850197 
190 442 29 33 0.046726614 
464 544 24 35 0.045494653 
937 417 14 20 0.045220416 
408 438 22 33 0.045191016 
14 541 42 52 0.04513742 
212 489 16 25 0.04497281 
950 504 33 35 0.0449385 
375 439 15 22 0.044296905 
885 344 14 21 0.044251215 
901 488 51 54 0.043893766 
9 503 25 31 0.043859947 
794 457 27 36 0.043414883 
545 517 43 52 0.04283153 
894 306 16 21 0.04102999 
810 370 18 24 0.04094279 
472 443 12 18 0.040941723 
988 426 12 17 0.040788997 
952 387 13 16 0.040511135 
604 46 13 17 0.03959022 
299 368 23 33 0.039572816 
377 571 16 22 0.039207507 
471 433 25 34 0.039087605 
657 453 27 36 0.03889113 
974 567 26 44 0.03877527 
997 472 13 20 0.038281452 
557 511 23 36 0.038249385 
774 399 18 22 0.038047533 
981 386 14 20 0.037772644 
957 430 15 23 0.037730698 
609 207 19 24 0.037490506 
340 387 29 33 0.037461206 
936 402 22 28 0.03744358 
994 356 14 18 0.03690156 
686 361 38 52 0.03680167 
72 477 23 33 0.03667584 
645 205 36 44 0.036433302 
739 482 37 47 0.03613393 
874 485 32 37 0.036124095 
521 219 23 30 0.035940062 
0 264 9 17 0.035755757 
468 552 14 22 0.035411533 
856 474 12 16 0.035242412 
71 329 13 19 0.03491535 
139 367 16 21 0.034887042 
580 457 27 34 0.034441583 
725 366 18 26 0.034150325 
742 369 28 32 0.03403715 
740 325 11 14 0.03363365 
874 359 17 21 0.033391096 
872 419 23 30 0.03338908 
562 563 26 39 0.033368368 
313 436 25 33 0.033235922 
820 356 16 19 0.033201315 
379 524 26 36 0.033145767 
51 263 30 37 0.033078354 
85 423 15 21 0.03299408 
915 348 11 13 0.032966487 
107 510 22 30 0.032944165 
245 498 27 34 0.032873 
877 4 27 28 0.032674212 
651 348 27 38 0.032507304 
1002 417 15 20 0.032200612 
243 343 39 51 0.031994354 
27 509 15 21 0.031556506 
774 457 37 49 0.031537924 
417 563 22 30 0.031475034 
898 482 17 28 0.03146575 
92 420 13 18 0.031355336 
219 435 24 32 0.031028653 
847 301 13 18 0.030638617 
995 420 25 33 0.03051857 
593 167 18 21 0.030286377 
141 522 27 30 0.030168219 
768 377 23 30 0.029983403 
473 543 28 34 0.029959688 
345 403 18 21 0.0298776 
931 372 11 15 0.029721925 
13 501 15 20 0.029320102 
731 402 29 31 0.0293049 
684 581 22 34 0.029241629 
33 505 16 23 0.028899051 
534 484 15 17 0.028879706 
771 444 26 36 0.028837021 
990 404 10 15 0.02848687 
796 405 25 30 0.028413069 
822 14 33 45 0.028379416 
992 412 11 16 0.028303182 
35 482 23 34 0.028211 
800 393 18 25 0.028190104 
529 522 32 37 0.028190078 
214 566 31 30 0.028153263 
991 373 12 15 0.028142927 
901 353 12 18 0.028058529 
897 235 18 22 0.027982244 
470 484 13 20 0.027818346 
85 482 27 34 0.027655708 
45 248 17 22 0.027268533 
931 499 40 36 0.027245926 
27 535 29 35 0.026908506 
997 405 22 28 0.026704164 
377 125 19 21 0.026656535 
509 228 21 28 0.02649668 
1003 410 24 30 0.026493002 
746 334 16 20 0.026295122 
354 363 25 33 0.026260545 
940 535 49 62 0.026219897 
1012 417 13 17 0.026043637 
486 584 41 44 0.026008101 
757 465 37 49 0.025973434 
988 438 23 29 0.025969796 
52 475 21 31 0.02595088 
639 464 25 37 0.025645636 
138 431 24 31 0.025573982 
163 513 18 26 0.025573114 
196 552 28 36 0.025528364 
473 478 25 31 0.025425294 
324 206 19 26 0.025028886 
933 367 22 27 0.024815531 
1004 436 16 18 0.024732588 
630 194 23 30 0.024570584 
670 564 26 36 0.024461988 
375 445 25 31 0.024326049 
264 411 24 33 0.024291746 
761 318 26 30 0.02418945 
636 478 17 22 0.0240519 
316 363 28 38 0.023925371 
196 492 26 36 0.02387065 
0 540 21 37 0.023485377 
988 351 15 19 0.023477439 
81 379 11 17 0.023174029 
49 565 37 48 0.02315057 
753 339 17 20 0.023080673 
89 364 23 31 0.023052529 
51 131 18 23 0.022986028 
659 568 26 31 0.02297477 
997 393 13 18 0.022969931 
46 303 28 40 0.022946078 
987 442 38 53 0.022905065 
114 186 38 40 0.022852069 
132 439 14 19 0.022752943 
553 538 40 49 0.022693915 
595 387 23 29 0.022588132 
907 306 101 118 0.022580152 
68 468 14 19 0.022539038 
51 330 20 24 0.02245776 
735 326 11 14 0.022433564 
211 482 28 38 0.022250153 
379 562 24 31 0.022111868 
927 556 39 51 0.021993082 
759 385 22 30 0.021963708 
954 412 13 16 0.021909365 
813 360 17 21 0.021898394 
988 434 13 18 0.021879623 
411 423 22 35 0.021864006 
484 499 26 31 0.021850029 
883 368 13 19 0.021768842 
892 352 13 18 0.021748498 
586 492 23 29 0.021708976 
91 417 23 31 0.021608938 
715 487 27 36 0.021599734 
265 490 25 36 0.021542294 
44 550 32 42 0.021470085 
559 610 46 49 0.021442173 
891 429 14 19 0.02141817 
334 373 34 35 0.021338085 
650 341 16 19 0.021278987 
731 345 19 22 0.021274244 
3 485 31 40 0.021239024 
924 358 12 17 0.021237936 
506 509 39 47 0.021213824 
955 517 32 42 0.021198673 
109 348 12 15 0.02119039 
113 370 14 18 0.020968666 
59 339 18 24 0.02095162 
762 438 24 33 0.020937003 
64 183 26 36 0.020934127 
742 550 31 36 0.020928046 
735 331 13 17 0.020876613 
369 371 23 35 0.020874659 
196 329 26 33 0.020855902 
885 251 18 24 0.02082578 
355 426 25 36 0.020823749 
950 377 22 27 0.020806171 
368 519 27 38 0.020774437 
420 421 16 20 0.020734867 
890 322 18 23 0.020671308 
949 513 18 18 0.020558646 
495 506 16 20 0.020467618 
53 440 22 29 0.020266782 
846 467 26 34 0.020245414 
455 518 25 30 0.020239033 
73 405 38 51 0.020116067 
989 467 24 32 0.020112006 
725 504 46 57 0.020088404 
47 444 12 16 0.020076098 
300 388 18 22 0.02001178 
