3_Riot_Riot_3_184
89
966 173 32 37 0.9959461 
915 154 35 46 0.99310464 
752 164 22 28 0.96712506 
692 170 21 28 0.88505745 
729 174 17 23 0.857131 
65 48 52 72 0.78034884 
205 80 39 53 0.55864215 
481 291 51 41 0.3732693 
430 115 74 119 0.1790173 
663 243 13 17 0.16838531 
2 152 53 63 0.14749649 
587 228 17 21 0.14282492 
912 492 16 18 0.12046757 
679 209 17 21 0.11296994 
243 211 13 20 0.11275376 
26 221 36 57 0.1113321 
699 166 14 17 0.105134256 
183 149 27 32 0.09537285 
13 177 49 67 0.08496524 
140 123 14 20 0.0840559 
692 395 13 16 0.080750324 
573 540 31 33 0.074179776 
607 235 13 15 0.06939225 
362 514 25 29 0.06428996 
778 176 16 22 0.058590196 
188 242 26 28 0.05668077 
312 66 373 443 0.05308103 
172 136 44 52 0.05166194 
141 376 17 24 0.047457438 
537 176 50 59 0.04491551 
593 390 26 28 0.04420726 
116 156 43 46 0.043646466 
600 320 15 18 0.043595728 
651 223 15 20 0.043491922 
405 127 72 90 0.04200353 
964 153 16 18 0.040655345 
735 171 18 23 0.039800964 
769 163 15 22 0.03964088 
610 244 14 15 0.037819896 
712 226 13 18 0.036913376 
20 304 41 45 0.036245815 
193 192 24 35 0.03542698 
607 254 26 30 0.033707168 
923 162 44 49 0.03274262 
304 89 11 13 0.032510012 
237 186 13 16 0.031586956 
188 258 23 26 0.03116037 
26 288 30 37 0.030296285 
315 571 16 18 0.029476475 
344 155 186 276 0.029350588 
461 134 54 86 0.029274447 
130 238 28 33 0.028891986 
799 137 31 39 0.028760975 
596 401 16 20 0.028705072 
562 166 49 59 0.028288791 
767 166 24 31 0.028166808 
656 244 11 14 0.027797168 
611 193 13 16 0.027325964 
765 419 18 20 0.0271905 
602 396 14 17 0.02716428 
474 265 48 48 0.026548784 
6 238 51 73 0.026454967 
593 161 40 52 0.026269719 
998 185 14 21 0.026237227 
893 133 46 64 0.02560993 
204 195 15 22 0.025152335 
228 281 17 20 0.024881415 
218 139 23 33 0.024869235 
782 566 40 42 0.024288775 
34 207 26 46 0.023865782 
33 304 21 25 0.023541339 
607 186 13 17 0.02319068 
605 241 24 28 0.023013666 
130 182 19 22 0.02269561 
602 230 21 24 0.022546034 
43 175 42 57 0.02252233 
138 250 15 17 0.022223981 
188 146 17 21 0.022109177 
233 201 22 31 0.021686105 
594 472 25 40 0.0215925 
595 221 15 18 0.021466248 
930 258 51 49 0.021362383 
571 272 416 513 0.021335408 
686 175 17 22 0.020836294 
251 211 13 19 0.020828076 
180 152 19 21 0.020647889 
21 128 50 60 0.020535316 
216 233 27 28 0.02052371 
124 196 26 28 0.020395208 
