3_Riot_Riot_3_506
104
194 165 83 111 0.98196054 
448 261 30 36 0.97115254 
475 291 17 21 0.19390045 
663 11 13 15 0.16124594 
750 124 44 51 0.16111661 
583 427 16 22 0.1460228 
2 338 17 20 0.12268166 
468 3 24 29 0.07852602 
583 41 15 21 0.07683574 
476 296 21 31 0.071904525 
713 159 25 26 0.07038624 
684 34 13 17 0.068472 
99 323 55 57 0.06665152 
511 119 12 18 0.06304896 
486 121 10 13 0.06303718 
707 163 16 18 0.06303488 
363 394 13 20 0.061931565 
812 296 26 33 0.050696094 
786 133 27 37 0.05044434 
583 289 48 64 0.04771074 
850 203 13 16 0.047073346 
937 312 84 148 0.046835847 
657 34 11 15 0.045218535 
1 408 26 30 0.044734273 
855 378 10 13 0.044134192 
657 7 11 14 0.044023987 
463 270 17 22 0.04381783 
838 366 11 13 0.042784333 
796 141 13 17 0.042321093 
765 357 9 11 0.041951858 
605 51 12 16 0.041185793 
423 447 37 40 0.04045395 
949 344 53 89 0.039930232 
851 420 15 18 0.039079778 
852 415 12 14 0.038021974 
77 349 16 22 0.037056524 
797 383 10 13 0.036899906 
325 206 37 55 0.03459557 
621 19 10 14 0.03421453 
387 0 21 18 0.032422848 
117 344 15 18 0.03177848 
791 157 12 14 0.03173468 
658 75 24 28 0.031331256 
790 163 13 16 0.031134639 
390 298 13 17 0.030566406 
642 28 11 16 0.029930923 
837 179 12 17 0.029616792 
408 592 10 12 0.028669868 
644 94 16 19 0.028505106 
329 209 25 32 0.028239327 
608 10 12 15 0.028181117 
549 0 14 13 0.02741102 
445 298 23 30 0.027117204 
708 192 37 44 0.02633979 
842 226 57 56 0.026226204 
787 168 26 31 0.02616473 
644 52 10 13 0.025821038 
553 229 26 34 0.025820607 
616 40 11 13 0.025532924 
816 398 9 10 0.025100635 
87 379 450 450 0.025047323 
79 325 53 61 0.025025066 
364 429 32 43 0.024814777 
497 78 9 12 0.024664283 
333 213 15 20 0.024617342 
573 212 26 33 0.02426696 
774 350 9 11 0.024183568 
705 39 9 11 0.023841243 
731 184 14 18 0.023832921 
513 78 11 13 0.023795094 
556 207 40 50 0.023687962 
481 116 13 16 0.023677234 
840 230 33 33 0.023435 
546 358 16 21 0.022837033 
361 508 32 33 0.022806438 
503 109 9 12 0.022795364 
702 166 34 39 0.022762263 
834 364 11 13 0.022748034 
374 484 12 13 0.02274086 
470 309 23 34 0.022639684 
721 61 11 14 0.022224562 
410 462 31 36 0.021978129 
501 61 10 14 0.021769146 
450 266 41 49 0.021571878 
764 150 16 20 0.021361379 
758 181 14 17 0.02136057 
645 46 10 12 0.021312362 
768 248 30 32 0.021182029 
136 89 158 197 0.021173835 
692 67 18 21 0.021167241 
722 22 11 14 0.02114136 
855 246 38 43 0.020974446 
222 167 100 125 0.020935457 
455 301 29 38 0.020915587 
800 423 9 11 0.020821813 
574 69 12 15 0.02081994 
719 39 9 12 0.020795923 
401 312 25 29 0.020783924 
646 85 24 27 0.02072409 
109 335 31 32 0.020667937 
815 366 10 12 0.0205742 
720 170 28 35 0.020566424 
543 87 10 11 0.020460458 
814 440 12 14 0.020045066 
