3_Riot_Riot_3_322
27
258 6 117 144 0.99881387 
365 881 31 39 0.44076785 
519 693 387 418 0.28461853 
499 678 231 289 0.2552888 
639 407 47 57 0.24435718 
349 478 346 463 0.1239603 
992 37 33 74 0.12222466 
387 -4 94 118 0.101785585 
50 1036 263 312 0.08915165 
521 511 328 449 0.07889673 
622 450 41 43 0.07021603 
14 929 421 490 0.050481502 
336 -1 111 138 0.046758313 
22 701 12 16 0.045991033 
639 789 222 276 0.042062968 
1004 737 15 21 0.029732443 
489 966 29 42 0.02913108 
746 933 67 76 0.027823046 
421 -2 106 133 0.02687044 
465 51 100 132 0.024374442 
685 992 37 46 0.02391489 
665 1175 193 252 0.02384227 
-20 633 370 474 0.020887014 
-3 463 56 113 0.02058461 
628 430 39 48 0.02058259 
654 389 323 466 0.020539349 
782 330 57 63 0.020481294 
