3_Riot_Riot_3_958
120
135 3 29 34 0.99969006 
234 9 29 37 0.999275 
52 22 29 35 0.99856335 
372 33 24 31 0.9967186 
568 112 53 64 0.9954426 
520 45 27 34 0.9935982 
108 30 28 35 0.9902941 
14 9 35 44 0.9867381 
923 75 24 31 0.98440474 
865 20 35 42 0.98352295 
69 3 27 32 0.9792448 
401 23 37 51 0.97446895 
665 56 22 26 0.95861566 
775 39 29 36 0.9563039 
709 30 23 31 0.9483366 
336 36 21 28 0.92964315 
314 38 17 24 0.89372915 
951 58 26 35 0.86104953 
207 27 23 27 0.83339906 
497 33 20 25 0.8184007 
176 28 21 29 0.6065881 
307 0 15 18 0.41370857 
971 18 16 21 0.36477232 
823 44 26 31 0.29592374 
288 37 17 21 0.2786935 
962 57 26 31 0.27574155 
459 34 20 33 0.23995602 
870 61 24 30 0.21548854 
606 45 16 20 0.19930582 
771 46 17 24 0.18487938 
186 21 16 19 0.17411084 
395 20 27 36 0.17092296 
486 48 14 19 0.16832006 
771 119 27 35 0.16762592 
-3 24 14 24 0.14888301 
588 118 57 69 0.13355666 
187 46 16 21 0.122736424 
489 38 22 29 0.09802355 
191 26 22 29 0.09743499 
960 14 22 27 0.09447354 
297 115 24 26 0.08182237 
502 37 26 34 0.08129301 
2 15 25 35 0.07319008 
300 31 19 26 0.07156306 
579 51 18 21 0.06515822 
965 17 28 35 0.06311692 
756 63 24 33 0.062546045 
716 14 27 32 0.055748217 
306 24 20 29 0.055036254 
977 21 16 21 0.05466883 
637 56 11 13 0.05398316 
757 66 16 18 0.051099904 
1013 51 10 16 0.04960862 
646 62 11 14 0.048210785 
357 121 48 50 0.047999103 
307 5 20 26 0.04716418 
937 62 27 35 0.04652237 
559 81 43 59 0.046349686 
383 27 36 49 0.046195265 
259 2 16 19 0.045903005 
904 56 41 55 0.04517201 
108 0 22 24 0.044650495 
464 277 25 34 0.043345846 
861 31 42 57 0.043167863 
629 56 23 26 0.04023032 
739 0 14 12 0.04013386 
475 42 19 27 0.039297942 
955 35 37 47 0.038143028 
227 0 15 13 0.0357427 
812 1 24 25 0.033718992 
702 247 102 128 0.03355023 
564 -1 17 17 0.032763433 
765 47 28 39 0.03214984 
573 54 17 23 0.03161191 
675 210 56 72 0.030393958 
422 33 30 34 0.030119909 
654 64 13 18 0.029995179 
196 -1 16 15 0.029987032 
280 68 11 15 0.029774934 
748 7 22 26 0.028900268 
1000 59 23 33 0.028781697 
764 54 16 23 0.028575135 
612 46 23 27 0.028469691 
954 51 17 24 0.027772348 
729 0 22 18 0.027198633 
740 8 14 18 0.026488306 
675 49 23 29 0.026250688 
975 59 16 20 0.026115144 
482 262 31 36 0.025725303 
841 28 39 52 0.025601767 
312 0 14 13 0.025542043 
1004 49 20 30 0.02472461 
750 54 10 14 0.024661075 
610 39 14 17 0.024616472 
322 0 22 24 0.024520082 
283 66 24 27 0.024379151 
263 383 198 257 0.024037274 
782 46 33 39 0.023834806 
330 516 73 72 0.023361806 
641 0 25 29 0.023255212 
438 40 26 34 0.022974549 
638 58 23 28 0.02250512 
718 3 29 28 0.022381913 
495 43 23 33 0.022228628 
474 283 14 21 0.022052968 
476 271 28 35 0.02194982 
744 81 29 38 0.021804415 
955 3 24 28 0.021376638 
962 6 14 16 0.02135561 
701 37 24 33 0.021355363 
-104 6 436 466 0.021209316 
749 57 23 30 0.021194402 
644 55 10 13 0.021130282 
874 42 43 58 0.021012055 
262 64 17 20 0.020905595 
502 323 42 40 0.020654475 
557 69 29 49 0.02046369 
700 24 24 32 0.020416459 
485 247 37 35 0.02041297 
825 59 22 24 0.020323511 
