3_Riot_Riot_3_415
92
842 415 26 37 0.9853307 
389 266 25 30 0.91563284 
654 244 14 24 0.8848237 
516 266 21 29 0.87857586 
798 238 16 25 0.8719103 
711 235 20 28 0.8695354 
136 207 23 27 0.84539604 
308 278 24 31 0.7527744 
291 238 23 32 0.7491402 
979 362 16 22 0.6379822 
442 226 20 29 0.5643323 
901 218 25 33 0.49599046 
747 269 15 19 0.35368204 
657 303 16 23 0.25637454 
367 291 22 27 0.23647633 
228 274 23 28 0.20849498 
276 189 16 23 0.2051757 
555 261 14 19 0.1899392 
245 327 28 37 0.17715332 
702 316 26 40 0.16799259 
894 231 24 35 0.11203402 
915 421 35 28 0.111988984 
909 214 15 21 0.11058734 
508 250 27 36 0.09723006 
708 329 15 22 0.09493164 
982 373 28 28 0.08962674 
355 272 17 21 0.085132 
840 262 12 14 0.0768481 
1004 286 17 23 0.057073895 
263 294 24 32 0.055571306 
965 377 53 47 0.054617386 
165 320 64 54 0.053902492 
702 279 18 22 0.052895322 
361 280 20 27 0.05169241 
982 360 25 28 0.047314927 
277 233 22 31 0.047208548 
612 313 20 28 0.04664688 
609 349 8 11 0.04633863 
279 183 13 17 0.04609112 
297 251 28 33 0.046042174 
947 390 73 57 0.04454756 
305 337 14 21 0.043705046 
900 403 120 88 0.04363734 
870 393 15 19 0.04161595 
806 239 18 21 0.03962084 
374 279 24 30 0.039595634 
666 313 15 20 0.038310323 
561 282 18 20 0.036915943 
625 404 11 13 0.03680722 
553 266 26 29 0.036718618 
864 298 11 14 0.03669995 
290 264 27 32 0.0350144 
335 320 23 28 0.034730915 
758 432 17 22 0.03406791 
236 277 27 35 0.032748815 
398 254 25 33 0.032511737 
561 259 16 22 0.03211856 
748 316 40 50 0.03171757 
740 258 23 28 0.030701747 
510 264 17 27 0.030362118 
1005 278 13 17 0.029831706 
999 281 15 20 0.029721389 
351 298 26 29 0.029292595 
508 255 16 24 0.029277345 
433 278 26 39 0.028323015 
139 200 16 20 0.028087271 
888 242 23 32 0.027326599 
210 268 13 18 0.027257456 
692 324 28 38 0.02692184 
869 508 27 30 0.026002841 
306 258 28 35 0.025958087 
893 248 29 36 0.025822278 
712 321 28 40 0.025540091 
850 308 14 15 0.024981992 
753 304 27 28 0.02455251 
223 280 16 20 0.024184393 
1011 389 12 19 0.024096655 
256 340 19 25 0.023567002 
340 307 25 27 0.023255508 
149 284 14 17 0.022936407 
758 421 30 33 0.022708364 
997 385 23 30 0.022555117 
724 339 23 33 0.022490975 
703 297 24 31 0.022486474 
873 391 25 28 0.022170309 
155 253 18 19 0.022039741 
992 384 19 21 0.021835297 
389 260 16 23 0.021138543 
195 327 52 53 0.020987893 
325 359 17 20 0.020938283 
838 374 201 229 0.020788698 
884 322 13 17 0.020731948 
