3_Riot_Riot_3_790
108
206 275 26 32 0.9969945 
812 269 19 23 0.9853695 
785 250 17 23 0.97914505 
928 272 15 19 0.9401017 
244 253 18 23 0.93774194 
484 261 10 15 0.87230843 
986 275 16 19 0.8601384 
259 239 16 20 0.72947526 
429 272 15 17 0.6889161 
217 250 17 20 0.67143893 
325 260 15 19 0.6331029 
348 418 41 40 0.5744039 
284 286 18 21 0.48468748 
515 264 14 17 0.37783894 
431 289 12 14 0.27749565 
509 281 16 21 0.20818943 
853 263 15 19 0.1918884 
984 252 22 28 0.1541545 
448 286 11 15 0.1494649 
835 264 15 20 0.14462939 
243 351 15 21 0.1269619 
400 286 10 13 0.122698784 
843 262 17 21 0.11877897 
510 300 16 20 0.10932571 
424 496 36 58 0.10804113 
406 286 9 12 0.08904892 
962 309 14 18 0.08652198 
531 282 12 16 0.085047826 
824 265 19 25 0.08228385 
310 291 12 19 0.07659452 
204 257 17 20 0.07641255 
513 253 11 13 0.067497544 
428 278 19 24 0.067413285 
1012 252 11 18 0.06508778 
984 255 13 16 0.0602548 
984 319 25 27 0.06006024 
425 275 12 15 0.058907274 
775 245 12 15 0.058079634 
434 340 12 16 0.055579785 
709 269 8 10 0.053334825 
585 264 10 12 0.051818676 
413 291 10 14 0.048985034 
616 264 10 12 0.047066133 
380 260 14 18 0.04602421 
521 278 21 26 0.04558333 
993 250 17 21 0.04541864 
764 261 15 18 0.04376701 
861 298 12 15 0.0435651 
391 285 8 12 0.043100707 
479 255 12 15 0.042967916 
451 290 11 15 0.04104998 
982 270 14 20 0.04094177 
544 270 10 12 0.040667787 
385 285 9 12 0.03994177 
518 248 10 12 0.037559893 
372 259 16 20 0.037539456 
914 282 16 19 0.03659692 
776 253 20 26 0.036573943 
1001 248 20 26 0.03558149 
246 346 24 30 0.03528856 
538 333 12 17 0.034904648 
384 279 10 12 0.03450329 
226 256 15 18 0.034055352 
536 327 12 14 0.031960584 
878 308 12 16 0.030289916 
550 269 10 13 0.029930007 
956 333 13 16 0.028937992 
569 512 24 31 0.028354758 
434 333 14 16 0.028066268 
236 272 22 30 0.027643155 
368 422 37 49 0.02742361 
727 278 9 11 0.027337411 
433 347 11 13 0.027080765 
940 297 16 19 0.027067067 
139 330 31 36 0.02681091 
512 273 17 21 0.0266279 
181 326 24 30 0.025751723 
513 287 17 21 0.025707347 
751 261 11 15 0.0256871 
502 270 11 15 0.024909906 
601 239 10 13 0.02485905 
999 281 21 28 0.024825262 
218 275 23 31 0.024504293 
793 221 10 14 0.024485713 
918 289 14 18 0.024339424 
815 307 15 18 0.024243325 
523 267 12 14 0.024236947 
258 271 14 21 0.024198454 
126 363 11 15 0.024190418 
477 277 14 18 0.024082428 
491 260 11 14 0.023090295 
947 294 13 17 0.022809431 
620 266 10 12 0.022782765 
894 270 12 15 0.022692125 
534 270 11 14 0.022558583 
402 255 15 19 0.022454664 
430 263 13 15 0.022432331 
410 616 18 19 0.02222632 
270 290 14 18 0.022159057 
502 275 14 20 0.021984462 
492 283 14 21 0.02154368 
992 281 16 17 0.020908177 
1005 323 13 17 0.020898966 
470 299 11 13 0.020770572 
407 290 11 14 0.020707076 
251 279 15 22 0.02053522 
501 261 11 14 0.020391982 
333 310 13 17 0.020325942 
