3_Riot_Riot_3_354
136
403 160 25 30 0.9702598 
498 177 21 30 0.9315969 
619 97 14 17 0.8582004 
916 109 18 22 0.5854415 
385 250 30 47 0.46212226 
238 153 23 27 0.34724057 
429 124 12 17 0.3128525 
421 116 12 15 0.28604597 
692 61 11 15 0.24915057 
346 256 40 54 0.22307283 
548 131 16 20 0.21708658 
648 98 11 13 0.18067074 
555 136 16 21 0.16691783 
734 68 13 15 0.11602551 
345 229 35 48 0.108574584 
705 77 8 11 0.10006092 
753 72 9 12 0.099082835 
766 60 12 14 0.09639862 
693 85 8 11 0.095995404 
694 103 10 12 0.094404526 
702 94 10 12 0.09421538 
785 94 9 11 0.09242483 
695 58 8 11 0.08652026 
976 147 22 33 0.081227385 
286 304 58 59 0.08063951 
702 105 12 15 0.0799884 
626 70 8 11 0.07978246 
770 123 26 38 0.07839745 
689 101 9 11 0.077815495 
689 66 11 14 0.07755726 
740 76 11 14 0.07270194 
719 75 9 12 0.07199278 
629 70 11 13 0.0695775 
592 288 46 68 0.068631686 
798 78 11 12 0.06404407 
710 75 9 12 0.062812425 
757 71 10 12 0.062089738 
672 134 12 17 0.060992237 
487 116 10 12 0.05883616 
657 78 10 12 0.05725973 
703 71 9 12 0.0569953 
544 136 13 18 0.056231663 
748 91 11 14 0.053631037 
239 150 15 19 0.05325468 
655 63 9 12 0.05246279 
707 107 12 14 0.051130023 
688 94 10 13 0.050879117 
564 133 12 16 0.049669825 
748 84 12 15 0.049460284 
669 353 107 125 0.049392067 
366 256 38 51 0.049017258 
677 52 9 12 0.04586275 
471 127 9 12 0.0458133 
694 93 9 12 0.045384895 
170 246 31 48 0.044392325 
787 132 26 29 0.04312337 
514 181 14 17 0.04258762 
621 89 13 15 0.042425435 
961 139 25 36 0.04051726 
523 95 14 16 0.04000275 
573 122 14 17 0.039665405 
815 87 10 12 0.038711477 
132 191 49 69 0.03731633 
495 131 11 15 0.036530554 
563 142 12 19 0.03594708 
656 69 9 12 0.034416907 
348 199 46 56 0.034338176 
568 117 13 15 0.032813054 
756 75 13 14 0.032591704 
688 77 11 14 0.031906556 
762 62 9 12 0.031845268 
117 189 16 20 0.03165325 
1011 249 12 19 0.031293873 
694 78 9 12 0.031237155 
729 70 11 13 0.030680694 
803 129 16 26 0.03039196 
8 238 44 54 0.030348098 
449 23 17 21 0.029424157 
681 62 8 10 0.029316721 
544 127 12 16 0.029139055 
778 114 28 36 0.029125324 
631 74 11 14 0.028998544 
632 42 9 12 0.028935215 
709 93 10 12 0.028863713 
687 106 11 14 0.02881314 
392 206 33 36 0.028621579 
202 263 29 37 0.028575866 
689 56 9 12 0.028569564 
248 158 19 22 0.02824404 
465 126 10 14 0.028073598 
638 90 11 15 0.027968276 
493 117 11 11 0.027945919 
415 110 19 24 0.027747395 
485 179 23 30 0.027709555 
804 115 23 33 0.0274777 
694 318 9 11 0.027462253 
249 146 16 19 0.027371323 
971 145 18 23 0.027351815 
230 143 37 45 0.027251406 
813 101 13 15 0.027013414 
985 147 15 22 0.026201913 
112 187 26 36 0.02601917 
381 333 55 59 0.025812337 
617 70 8 12 0.025554026 
648 69 10 12 0.02541839 
564 116 22 27 0.025416669 
679 93 10 14 0.024798818 
808 102 24 31 0.024787221 
727 75 10 13 0.02443042 
731 57 21 26 0.024421213 
660 84 11 13 0.024153452 
230 273 14 23 0.023889884 
998 135 24 29 0.02325469 
539 107 11 14 0.02323257 
229 251 23 37 0.022696873 
412 150 13 16 0.022689804 
311 245 45 59 0.022601217 
158 238 28 47 0.022434887 
649 62 10 12 0.02232308 
101 244 28 32 0.022040792 
680 69 10 12 0.021927865 
476 126 10 14 0.021642044 
436 118 10 14 0.021377327 
215 257 35 51 0.021223811 
699 61 9 13 0.021187594 
372 155 14 17 0.021157213 
617 103 13 16 0.020915275 
359 225 42 60 0.02080316 
762 52 21 27 0.020766 
494 138 12 17 0.020745743 
703 85 9 12 0.020601578 
493 176 39 46 0.020388346 
534 132 25 30 0.020118449 
989 140 25 34 0.020063307 
694 296 9 12 0.020046286 
96 263 27 28 0.020006368 
