3_Riot_Riot_3_137
513
921 347 58 70 0.99950385 
331 387 55 65 0.99901986 
108 410 37 46 0.99843925 
62 386 36 44 0.9921251 
924 315 27 31 0.99041146 
269 363 41 49 0.9857954 
972 322 27 34 0.98111457 
666 362 43 53 0.9766541 
402 337 28 38 0.9736443 
487 323 41 54 0.9508858 
894 324 27 31 0.8528336 
778 312 22 29 0.8171587 
790 296 12 16 0.7718151 
762 287 9 11 0.6469257 
812 294 10 13 0.49551326 
671 300 14 17 0.4353823 
751 306 10 13 0.43532234 
788 314 20 29 0.38916865 
175 295 9 11 0.38787806 
388 341 12 16 0.35994467 
350 328 16 20 0.34293136 
528 308 11 16 0.34270534 
734 314 14 16 0.3344409 
546 307 14 18 0.32705227 
338 324 10 14 0.3237149 
29 359 14 19 0.29035318 
607 292 9 11 0.24432275 
150 334 9 11 0.215569 
189 316 9 11 0.21148707 
394 334 25 34 0.20991988 
876 381 18 22 0.20589885 
231 296 7 10 0.20495377 
974 284 10 12 0.19875804 
1012 297 10 17 0.19177243 
198 351 22 27 0.18080196 
845 289 14 21 0.17845786 
22 328 11 13 0.17692332 
391 327 11 14 0.17162672 
565 323 23 28 0.17124094 
951 286 10 12 0.16912392 
728 285 8 10 0.1601895 
201 288 7 10 0.16016814 
886 329 32 42 0.1597874 
567 302 12 15 0.1584674 
741 309 10 14 0.15680498 
992 276 9 12 0.15593226 
461 310 15 19 0.15425715 
806 275 9 12 0.15413599 
0 411 11 19 0.1536974 
391 332 12 17 0.15344438 
829 272 7 10 0.15161191 
628 311 17 22 0.14865464 
132 411 33 40 0.14821807 
194 354 16 20 0.14545335 
893 298 13 17 0.14125745 
686 366 41 46 0.1371567 
20 358 15 20 0.13713783 
756 354 15 22 0.13662584 
182 289 7 9 0.13597669 
262 333 12 14 0.12428365 
168 323 10 13 0.12390722 
233 302 8 10 0.12291234 
647 356 40 49 0.11990338 
757 340 22 28 0.11383922 
171 297 8 10 0.11382361 
139 296 7 10 0.11195616 
248 294 7 10 0.110944055 
64 303 7 10 0.10763247 
964 309 12 16 0.106373884 
840 290 12 16 0.10406559 
903 308 36 45 0.10354203 
341 330 13 17 0.10219339 
948 279 9 11 0.10184282 
202 364 25 27 0.10066793 
202 338 24 29 0.100558676 
333 368 25 33 0.097958334 
720 323 11 13 0.09696574 
663 293 9 11 0.09565447 
102 336 9 11 0.095444985 
181 292 9 12 0.094900556 
344 343 23 27 0.093799956 
906 272 9 11 0.09249251 
783 279 8 11 0.09021534 
663 332 14 16 0.08998023 
877 339 31 42 0.089592636 
584 293 10 12 0.0889244 
585 289 7 10 0.0878519 
812 335 15 22 0.08579645 
374 336 8 12 0.0846266 
553 279 8 10 0.083983205 
145 334 8 11 0.08286404 
186 311 9 12 0.081275366 
790 230 7 10 0.08084135 
783 298 13 16 0.080286905 
589 331 14 21 0.080192 
268 331 13 14 0.078221925 
181 380 14 19 0.07751129 
583 300 10 13 0.07681182 
437 305 11 15 0.07518939 
152 310 9 11 0.07457575 
734 285 7 10 0.073823124 
827 323 17 21 0.07381809 
334 377 14 19 0.07296133 
109 302 7 11 0.07275276 
725 315 14 17 0.07239204 
55 297 7 9 0.07136597 
385 338 22 27 0.07089816 
133 339 9 11 0.07085927 
95 339 13 15 0.07037021 
79 304 8 10 0.07023341 
911 293 13 15 0.06998407 
885 335 14 19 0.069470674 
53 350 9 11 0.06922353 
66 309 9 11 0.06844987 
832 375 41 50 0.06829672 
705 316 11 14 0.06828717 
47 309 7 9 0.06762934 
589 288 8 11 0.06759238 
71 287 6 9 0.066914044 
773 309 16 20 0.06584063 
821 320 15 21 0.065498725 
743 302 11 14 0.06489591 
749 293 11 13 0.064802386 
8 304 8 10 0.064784415 
756 302 11 14 0.06400007 
686 178 11 14 0.06391271 
121 310 9 11 0.06371788 
223 287 7 10 0.062392376 
999 271 9 12 0.061724618 
801 276 10 12 0.06168784 
5 358 11 13 0.06158373 
734 254 11 14 0.061471645 
987 362 40 61 0.061118405 
147 414 30 42 0.06075748 
374 317 9 13 0.060587358 
457 301 23 32 0.060441785 
567 338 24 26 0.06040428 
744 294 10 12 0.060402863 
233 308 9 10 0.057752654 
580 338 16 20 0.05754671 
232 319 11 14 0.057186026 
792 255 7 8 0.056924842 
106 309 9 10 0.05688342 
162 418 30 46 0.05685041 
564 301 23 27 0.05675225 
771 344 17 22 0.056672096 
890 272 7 9 0.05645451 
223 256 6 8 0.05644429 
428 306 14 16 0.05621889 
623 309 13 18 0.055917993 
227 295 7 10 0.055015847 
197 347 16 21 0.05501088 
905 301 25 32 0.054920606 
821 288 9 11 0.05454242 
803 333 16 22 0.05387013 
15 311 9 10 0.05362679 
55 327 9 11 0.053375904 
41 305 7 9 0.053248573 
338 319 18 25 0.053160634 
615 301 9 12 0.052992757 
413 294 8 10 0.052779324 
201 292 7 11 0.05250212 
996 276 11 13 0.051628534 
120 303 8 10 0.0512146 
-1 400 20 31 0.051107276 
142 319 8 10 0.050959196 
397 316 15 17 0.05037911 
560 296 8 11 0.049959738 
871 272 8 10 0.049904007 
955 287 11 13 0.049620505 
750 333 22 27 0.04953692 
159 303 8 11 0.049354702 
57 301 7 10 0.049036108 
767 280 8 11 0.048504557 
340 356 24 32 0.048347984 
826 276 9 11 0.048127186 
519 306 13 17 0.047393873 
257 333 10 14 0.04729678 
340 319 10 13 0.04717209 
644 354 27 34 0.04715945 
144 327 8 10 0.04701488 
817 263 7 9 0.04671884 
141 300 8 10 0.046580065 
261 329 20 23 0.046105288 
575 295 10 12 0.04604491 
933 287 11 14 0.04584905 
207 310 10 12 0.04577421 
968 279 10 12 0.045589402 
104 317 9 11 0.04547916 
119 294 7 10 0.045446333 
777 271 8 9 0.045348626 
256 326 9 12 0.044986002 
23 312 8 10 0.0445869 
564 335 18 22 0.044495307 
50 296 8 10 0.044099506 
218 279 7 9 0.04409457 
64 296 7 9 0.044092763 
847 273 8 9 0.04407288 
158 287 8 10 0.043742258 
205 288 8 10 0.043679822 
612 340 14 18 0.043545995 
120 289 6 8 0.043466955 
168 349 10 13 0.04346527 
719 244 8 11 0.043101516 
589 300 8 11 0.042932034 
136 311 8 10 0.04272739 
804 351 17 21 0.04268462 
154 294 7 10 0.042524796 
237 351 8 11 0.042282254 
735 303 12 14 0.042190775 
817 344 16 20 0.042088326 
659 335 23 25 0.042034935 
922 321 47 60 0.041804314 
110 296 8 10 0.0416537 
612 294 10 13 0.041406307 
35 358 13 16 0.041252896 
894 295 23 28 0.04102922 
560 301 10 13 0.04099492 
351 319 11 12 0.04095795 
975 290 11 14 0.040763672 
317 310 8 10 0.040631324 
653 342 28 35 0.040594645 
847 277 9 12 0.040543575 
744 271 8 10 0.040366083 
96 336 10 11 0.03972919 
108 341 10 13 0.03960181 
725 332 12 14 0.039596714 
867 365 37 52 0.03959202 
393 323 16 18 0.039515935 
751 271 8 10 0.03936482 
764 289 10 14 0.039291784 
1005 272 9 10 0.039183766 
961 272 8 10 0.039108206 
967 320 43 57 0.039088212 
571 316 17 22 0.03853081 
774 302 11 14 0.038511124 
353 336 16 19 0.03846291 
807 340 22 28 0.038421236 
288 334 12 13 0.038016655 
105 296 8 10 0.037938368 
574 278 8 9 0.037533786 
208 294 8 11 0.037460886 
925 291 14 16 0.03745157 
262 317 10 12 0.037330247 
188 321 12 15 0.037324112 
567 297 9 11 0.03708819 
915 298 15 18 0.036979023 
53 331 10 13 0.03661809 
183 332 11 15 0.036368757 
549 303 19 27 0.036314018 
281 295 8 10 0.0360689 
197 364 17 22 0.03600283 
804 394 25 38 0.035910565 
48 304 7 10 0.03586892 
819 291 9 12 0.035794314 
287 307 10 12 0.035674278 
154 303 8 11 0.035581633 
257 312 8 11 0.035429645 
80 295 7 9 0.035344794 
72 304 8 11 0.035241053 
752 352 25 37 0.035169538 
1 303 7 11 0.03506454 
312 309 9 12 0.034862753 
850 291 23 26 0.03482926 
855 275 9 11 0.034803934 
32 312 7 10 0.034520462 
266 303 8 9 0.034273487 
801 322 16 21 0.034268767 
723 285 8 11 0.0341891 
156 332 9 12 0.03418058 
1006 293 17 27 0.034087062 
287 338 16 19 0.034057125 
1 116 23 31 0.034000847 
57 319 8 10 0.033950232 
821 328 24 30 0.03389012 
63 317 10 11 0.033756845 
883 344 16 23 0.033737034 
187 366 21 28 0.033660565 
157 347 12 14 0.033642545 
171 319 10 13 0.033624228 
665 300 11 15 0.033495307 
282 301 9 12 0.03343454 
547 321 13 17 0.033308346 
719 329 13 16 0.03315732 
213 296 8 10 0.032958824 
337 312 9 10 0.032784075 
275 332 10 13 0.03265959 
646 357 15 21 0.032549933 
79 351 9 11 0.03232454 
202 301 8 10 0.03221966 
71 295 7 8 0.032195173 
158 308 8 11 0.03215339 
558 307 11 16 0.032133956 
20 351 12 15 0.03184128 
704 322 12 14 0.031772535 
149 339 12 16 0.03148233 
223 317 9 11 0.031333942 
257 317 9 12 0.031192457 
391 319 11 14 0.031104786 
101 343 12 16 0.031094516 
18 326 10 12 0.031021025 
270 303 7 10 0.031007307 
236 303 9 11 0.030983925 
721 239 8 11 0.030895106 
660 321 22 25 0.030888641 
558 353 14 18 0.030857751 
110 327 9 11 0.03082266 
46 342 12 15 0.030723518 
841 278 9 11 0.030700479 
48 334 11 12 0.03061166 
9 309 7 10 0.030426057 
367 339 11 14 0.030414283 
440 295 10 14 0.030369418 
808 288 10 12 0.03015446 
222 311 9 12 0.03015109 
759 271 8 10 0.030148288 
854 376 29 35 0.030016785 
1015 271 9 12 0.03001507 
711 267 10 12 0.029953476 
537 292 9 11 0.029898683 
4 352 21 26 0.029859152 
797 286 10 13 0.029833622 
158 295 8 10 0.029825771 
944 283 10 13 0.029681647 
217 271 8 10 0.029674603 
121 316 10 12 0.029592551 
910 286 13 16 0.02959084 
143 347 11 14 0.029588936 
209 350 19 25 0.02951074 
815 289 10 13 0.029296517 
144 341 10 13 0.02926106 
129 337 9 11 0.029238867 
262 346 12 15 0.029161451 
737 348 28 40 0.029144907 
123 356 14 17 0.029126186 
567 288 7 9 0.02893539 
0 309 7 10 0.028819907 
758 282 18 22 0.028770724 
817 166 9 10 0.02873649 
632 355 27 34 0.028732806 
704 263 10 13 0.028726282 
751 252 9 11 0.028709976 
958 301 14 17 0.028639136 
961 276 10 12 0.028626963 
852 312 14 18 0.028600784 
671 278 8 9 0.028549124 
215 261 7 10 0.028497614 
326 302 8 11 0.028493473 
760 280 9 12 0.028412418 
311 303 8 11 0.028382815 
804 464 45 50 0.028246412 
898 329 42 52 0.02823019 
774 294 9 12 0.027918065 
578 288 7 10 0.027892223 
352 312 9 10 0.02770878 
64 342 9 11 0.027695665 
773 286 9 11 0.027642842 
236 334 10 13 0.027617764 
53 344 10 12 0.027588636 
808 290 17 21 0.027500499 
527 341 23 29 0.02749344 
960 314 13 17 0.02748288 
126 304 8 10 0.027457664 
851 286 14 19 0.027443632 
558 273 7 9 0.027441563 
14 303 7 10 0.02740836 
70 349 11 12 0.02727394 
753 287 10 12 0.027256444 
208 300 9 12 0.027210357 
366 333 11 14 0.02710139 
664 324 12 15 0.027093666 
272 285 8 10 0.027072707 
581 306 11 13 0.02706482 
998 299 13 16 0.026933016 
178 280 7 9 0.026852284 
430 301 21 26 0.026744887 
82 278 8 10 0.026724653 
750 345 17 22 0.026588308 
192 288 7 9 0.026476055 
992 281 12 14 0.026420034 
749 463 47 49 0.02632838 
736 305 18 24 0.026274785 
341 331 22 25 0.026054714 
557 278 7 10 0.026022203 
718 310 12 15 0.025932688 
40 310 8 9 0.025884433 
466 312 25 34 0.025771134 
241 287 7 9 0.025738478 
887 303 14 18 0.025735151 
443 299 22 31 0.025707414 
12 426 17 20 0.025580356 
193 294 7 10 0.025566136 
936 268 9 12 0.025443504 
776 277 9 12 0.025427138 
884 298 24 30 0.025263404 
898 293 14 17 0.02525887 
709 322 12 15 0.025083167 
46 354 12 14 0.024962436 
480 286 10 12 0.02495596 
762 347 24 30 0.024822744 
863 271 8 10 0.024807584 
119 332 10 12 0.02470248 
55 310 8 10 0.024494953 
255 348 11 13 0.024459781 
883 310 27 35 0.024394494 
285 301 11 14 0.024367018 
159 327 9 11 0.02436152 
858 304 16 20 0.024329511 
247 300 8 10 0.024242552 
776 247 8 10 0.024108727 
735 248 9 11 0.024091663 
559 286 7 10 0.024050899 
198 339 17 20 0.024020826 
999 295 10 13 0.023945997 
296 296 8 11 0.023940187 
33 304 7 9 0.023860626 
103 327 10 11 0.023846436 
205 335 12 14 0.023805633 
270 279 9 11 0.023772936 
616 307 11 14 0.023735484 
877 349 17 25 0.023708515 
175 308 9 11 0.023655869 
532 304 11 16 0.02356344 
232 277 7 9 0.023547456 
79 389 29 37 0.023527313 
871 276 10 12 0.023522219 
869 352 28 40 0.023489943 
560 330 13 19 0.023464657 
544 312 22 28 0.023421215 
39 318 8 10 0.023336709 
144 426 21 26 0.023313504 
214 310 9 13 0.023129992 
791 237 7 10 0.023102649 
720 278 9 12 0.023050303 
614 342 26 29 0.02287398 
786 224 8 11 0.022849657 
247 289 8 10 0.022789884 
531 337 15 20 0.022777552 
1005 277 10 12 0.02264655 
833 326 18 22 0.02263152 
446 291 12 17 0.02262786 
88 339 11 14 0.02260207 
698 193 97 119 0.022599874 
168 342 10 14 0.02250938 
975 271 8 10 0.022441903 
816 257 8 11 0.022387573 
889 231 7 10 0.022370521 
896 281 21 26 0.022355547 
398 302 10 11 0.02230124 
16 316 9 10 0.022293754 
984 272 8 10 0.022195034 
984 276 9 12 0.022166422 
108 334 10 12 0.022166329 
310 315 12 15 0.02214245 
8 316 9 11 0.022118326 
467 302 13 18 0.022092625 
176 270 8 10 0.022057738 
752 278 9 11 0.022057515 
979 285 10 13 0.022018174 
359 302 7 10 0.022018122 
766 302 12 14 0.021934303 
812 307 15 18 0.02192155 
706 312 19 23 0.02183421 
635 308 14 20 0.021776207 
690 279 8 10 0.021742122 
218 256 7 9 0.021666689 
69 342 11 13 0.021575682 
316 317 10 13 0.021575646 
621 327 27 33 0.021541487 
131 355 12 16 0.021516534 
441 286 22 32 0.021512253 
814 316 13 18 0.021474613 
85 370 15 18 0.021455593 
45 385 15 19 0.021448188 
154 287 7 10 0.021387007 
330 349 25 35 0.021374427 
842 272 7 10 0.021354739 
69 317 8 11 0.021317106 
621 301 11 14 0.021304144 
144 312 7 10 0.021269249 
61 326 9 11 0.021230001 
443 300 12 17 0.021205142 
80 288 8 9 0.021195909 
305 316 10 14 0.021157648 
719 303 10 12 0.021139998 
702 308 13 18 0.02111975 
907 316 16 20 0.021105273 
694 279 8 10 0.021093603 
309 322 13 18 0.02106511 
341 310 9 11 0.02095346 
747 303 18 23 0.020925034 
709 310 11 15 0.020875398 
966 271 8 10 0.020850156 
804 305 15 19 0.020845124 
571 350 18 20 0.020842612 
138 324 9 12 0.02081211 
223 272 7 10 0.02066448 
381 342 42 47 0.020646501 
981 12 28 34 0.02064194 
117 360 15 20 0.020604191 
675 296 22 26 0.020594731 
623 285 9 12 0.020592969 
786 254 7 9 0.020512417 
609 298 10 13 0.020470304 
595 323 13 18 0.020420497 
358 310 9 10 0.020373859 
741 254 9 12 0.020259384 
725 239 8 10 0.02024565 
743 289 9 11 0.020224564 
135 288 7 10 0.020214144 
721 345 27 36 0.02020813 
576 322 17 20 0.020197814 
12 346 40 48 0.02006889 
