3_Riot_Riot_3_725
109
728 262 25 30 0.99755955 
816 247 28 32 0.9905629 
389 230 23 28 0.985959 
462 243 25 28 0.9857808 
384 276 26 35 0.9842775 
262 237 22 27 0.9749283 
634 214 39 48 0.97467935 
296 246 21 28 0.9705659 
514 281 29 34 0.9662262 
324 239 18 25 0.82725656 
899 155 13 17 0.76924354 
941 151 12 16 0.68401563 
680 248 28 35 0.67767215 
734 233 18 20 0.64477175 
280 217 15 18 0.5482587 
227 284 12 15 0.38197896 
837 132 10 15 0.2993571 
307 223 18 21 0.2985766 
419 272 21 28 0.26944312 
452 240 25 32 0.26671505 
544 120 16 19 0.21457501 
863 146 15 20 0.19718698 
299 228 25 33 0.19352148 
959 184 14 22 0.19004156 
442 241 16 23 0.16837142 
247 253 12 16 0.1330877 
888 189 10 14 0.114239246 
409 232 16 21 0.101235606 
692 287 21 27 0.10113573 
534 115 26 30 0.09987243 
833 350 17 23 0.09651223 
768 247 12 14 0.09533947 
482 301 12 16 0.09163487 
893 188 14 18 0.08137289 
867 143 12 15 0.07895677 
946 155 12 15 0.07535881 
315 230 19 27 0.0745978 
475 244 24 28 0.06952422 
950 454 11 14 0.06892288 
985 549 25 30 0.061849065 
524 127 24 30 0.06042403 
525 139 16 22 0.059358876 
314 241 22 28 0.058381744 
895 160 13 17 0.05765107 
476 105 58 59 0.055891085 
53 75 212 198 0.05440471 
780 288 14 20 0.05406689 
675 273 29 38 0.050491806 
435 351 17 23 0.04869084 
851 181 12 15 0.04741732 
691 243 16 23 0.04698188 
316 323 13 14 0.04616062 
459 223 16 18 0.04523878 
668 241 16 22 0.045217093 
783 284 21 28 0.04496071 
765 248 18 24 0.04467867 
854 155 13 17 0.044103287 
962 177 24 33 0.04265468 
831 134 21 30 0.04255564 
38 12 129 106 0.042349588 
490 239 22 27 0.04157434 
417 100 42 45 0.040931027 
533 128 14 18 0.040739108 
540 257 25 32 0.039690822 
342 273 15 20 0.039675273 
670 241 27 32 0.03883162 
426 285 17 21 0.03848123 
447 224 362 477 0.036677964 
459 92 95 97 0.03599711 
427 212 20 25 0.035529982 
-27 288 389 445 0.035252124 
439 220 14 19 0.03450303 
748 236 12 17 0.030310092 
503 105 56 55 0.030201321 
768 260 20 28 0.029478367 
513 132 25 29 0.028515581 
487 122 35 35 0.028487436 
710 314 16 20 0.028300716 
950 163 11 13 0.027733738 
309 216 14 17 0.027044013 
353 45 103 104 0.027031833 
771 269 22 28 0.026393598 
864 143 23 28 0.026365448 
395 68 83 93 0.02597 
414 267 16 23 0.025163833 
905 154 14 18 0.02503172 
766 298 19 25 0.024940811 
863 135 12 14 0.02418622 
827 339 29 37 0.024064975 
256 232 35 46 0.023807919 
836 126 19 25 0.023644958 
620 261 28 35 0.023608755 
270 213 12 16 0.023543794 
432 245 24 29 0.023426436 
425 85 91 88 0.022696393 
919 135 20 27 0.022643669 
650 233 33 35 0.022581138 
373 242 12 16 0.02257232 
944 451 12 17 0.02256291 
438 223 19 27 0.022417251 
280 207 11 15 0.022296298 
151 129 102 158 0.021891823 
846 174 21 27 0.021496741 
251 241 25 31 0.021237947 
701 293 24 32 0.021089625 
889 165 11 14 0.021070438 
832 249 17 22 0.020887697 
341 257 16 21 0.020605676 
900 580 17 17 0.020393612 
