3_Riot_Riot_3_393
123
442 130 38 44 0.9953465 
788 154 14 18 0.98755753 
727 178 12 15 0.92998725 
222 131 18 20 0.84577596 
342 152 12 16 0.7449446 
125 143 13 16 0.7387444 
661 218 21 28 0.72137797 
541 120 25 27 0.679412 
853 176 10 13 0.40632474 
169 158 8 12 0.40177634 
92 127 16 20 0.17657481 
557 120 24 31 0.1586415 
672 159 10 13 0.15657459 
193 149 8 10 0.13759817 
573 140 42 54 0.12924787 
631 133 29 39 0.11687165 
814 166 9 12 0.10722818 
735 203 11 14 0.10429838 
84 123 19 21 0.10186186 
837 189 12 15 0.10113933 
223 106 12 15 0.098594084 
389 195 45 55 0.091225006 
42 123 16 21 0.090600714 
848 199 23 27 0.08669345 
787 189 22 29 0.085731514 
337 124 16 20 0.08387921 
775 196 11 14 0.07578532 
765 203 11 13 0.07557588 
121 122 14 17 0.06877654 
565 116 37 48 0.06462028 
758 117 9 13 0.05875862 
147 114 14 18 0.057933778 
474 215 23 28 0.055325504 
732 220 12 17 0.054127794 
89 307 20 28 0.051516376 
569 152 28 38 0.04702154 
844 188 13 16 0.043634154 
181 158 11 14 0.039027784 
662 109 14 17 0.03796697 
781 181 11 14 0.037852235 
846 195 15 18 0.03749923 
740 240 13 18 0.037276477 
784 135 9 12 0.03726272 
839 184 11 13 0.036296003 
750 246 12 16 0.035266384 
132 202 11 14 0.03513835 
237 211 11 14 0.034419157 
657 287 27 39 0.034348015 
774 203 10 13 0.03397735 
122 133 16 19 0.03297416 
192 155 10 13 0.03296364 
733 210 12 17 0.03278077 
78 129 17 18 0.03183839 
491 267 12 17 0.031422194 
596 150 36 38 0.031192226 
33 125 11 15 0.031048626 
809 165 11 14 0.030808108 
840 204 13 15 0.030543705 
824 207 8 10 0.030254334 
200 108 11 13 0.030170726 
197 158 10 12 0.029557837 
155 115 11 15 0.029423585 
118 153 14 17 0.029301556 
738 227 12 17 0.02921185 
207 139 11 15 0.029094651 
820 166 10 14 0.028154647 
123 149 15 19 0.028055577 
868 212 11 13 0.027847875 
611 136 44 52 0.027641183 
584 151 54 66 0.027479623 
761 198 11 15 0.0272585 
227 104 10 12 0.027032642 
859 195 14 20 0.02699695 
101 135 12 17 0.026932392 
609 494 48 51 0.02676337 
115 176 14 18 0.026568336 
151 215 9 11 0.026071884 
581 131 31 38 0.025857797 
708 229 14 17 0.025321465 
777 250 11 13 0.025318848 
621 144 16 21 0.024827957 
184 109 11 13 0.0246889 
806 215 9 12 0.024562275 
780 194 13 17 0.024176678 
109 147 11 15 0.023976048 
831 196 11 13 0.023949014 
307 203 15 20 0.023822207 
768 174 10 14 0.023710372 
621 132 27 33 0.023665853 
800 220 9 11 0.023572352 
0 111 7 13 0.023546174 
326 122 15 20 0.023400681 
814 141 96 122 0.023319744 
771 190 20 25 0.023193715 
124 215 13 15 0.02286947 
859 207 13 18 0.022790473 
0 115 9 16 0.02269176 
775 180 11 14 0.022662086 
853 188 12 16 0.022580737 
238 164 15 17 0.0225403 
739 198 11 15 0.022508482 
674 307 12 17 0.022506937 
654 210 34 47 0.021976309 
140 109 16 21 0.02183108 
828 205 10 13 0.021822378 
129 170 14 19 0.021696579 
125 166 13 16 0.021497231 
87 162 15 21 0.021417255 
297 236 25 32 0.021269454 
726 201 14 17 0.021267671 
870 221 12 13 0.020949312 
323 301 17 22 0.02084525 
428 128 30 39 0.02083173 
730 199 19 24 0.020815829 
777 192 24 30 0.020751672 
249 197 9 13 0.020601459 
334 134 21 27 0.02058595 
108 140 11 14 0.020411346 
239 160 11 13 0.020360982 
483 254 22 33 0.020136783 
817 207 9 11 0.020136708 
641 148 18 25 0.020114979 
195 142 12 15 0.020047482 
