3_Riot_Riot_3_306
59
743 85 63 85 0.99874914 
267 140 58 68 0.99864 
651 173 70 71 0.9949062 
478 190 50 58 0.9926744 
916 65 75 76 0.915345 
144 150 21 26 0.875591 
323 127 21 29 0.87496215 
238 185 29 39 0.67516196 
-1 20 86 115 0.639742 
233 268 57 68 0.59825414 
295 246 29 59 0.4128836 
473 135 34 37 0.30340534 
181 151 17 23 0.26890987 
221 88 15 18 0.16508776 
414 141 24 27 0.1426328 
223 193 33 38 0.13024734 
467 140 51 54 0.10621192 
272 253 44 58 0.10311885 
445 224 22 31 0.09927403 
71 207 11 13 0.09708427 
30 137 58 72 0.08828799 
472 126 23 30 0.05605332 
469 161 55 65 0.052068412 
174 153 16 22 0.051273506 
206 137 14 22 0.041885514 
428 218 40 51 0.0402368 
522 81 15 18 0.03911852 
319 125 38 50 0.038996488 
502 92 45 55 0.03435876 
539 314 59 74 0.03252544 
195 134 21 30 0.03088634 
183 141 13 18 0.030780641 
422 336 51 57 0.030540828 
839 128 15 20 0.030162472 
187 139 22 30 0.03000759 
639 157 57 72 0.029466785 
12 106 93 120 0.0284835 
478 112 46 53 0.028163673 
950 64 55 62 0.02753001 
552 125 24 34 0.02676011 
180 165 16 21 0.024935858 
962 -7 51 52 0.02489128 
0 361 15 24 0.024821684 
530 114 43 55 0.024682716 
439 153 29 32 0.02397159 
108 176 14 18 0.023968082 
520 79 25 30 0.023961924 
77 221 12 14 0.02333855 
509 90 25 31 0.022871375 
217 185 26 36 0.022746343 
457 290 35 35 0.022310017 
509 93 15 20 0.022205355 
477 116 27 33 0.022185419 
913 42 57 73 0.02188743 
388 107 15 22 0.021063907 
515 91 15 20 0.020822302 
418 150 31 34 0.02080672 
805 315 16 19 0.020767735 
165 153 14 21 0.020652344 
