3_Riot_Riot_3_101
76
728 334 51 58 0.9508475 
776 61 59 57 0.93317 
1 251 59 75 0.8250112 
612 2 57 62 0.42108074 
166 64 48 43 0.4175983 
500 232 61 67 0.37628895 
567 3 42 56 0.23022704 
651 129 56 62 0.20476708 
841 226 51 63 0.18619117 
968 112 55 103 0.14596005 
501 242 91 113 0.12001711 
104 179 27 33 0.10305254 
702 21 36 44 0.0876191 
173 68 57 66 0.084169134 
556 227 49 62 0.083611764 
279 121 30 34 0.069040254 
466 210 31 37 0.06664405 
746 56 59 71 0.06462192 
810 66 40 51 0.06030588 
191 207 31 38 0.05749817 
231 153 15 18 0.0505223 
386 137 449 500 0.048978955 
268 128 34 39 0.0464783 
554 6 35 52 0.04641556 
764 80 66 71 0.046408374 
158 146 16 19 0.045089632 
934 118 55 74 0.04379497 
896 186 56 50 0.043774176 
145 34 90 79 0.040232565 
672 321 35 43 0.038617104 
20 283 34 49 0.03676007 
359 333 45 62 0.034966357 
641 10 53 58 0.034212932 
882 -1 27 31 0.03412772 
545 175 63 56 0.03359096 
221 62 14 16 0.033588782 
132 43 57 61 0.03308919 
724 21 43 57 0.03201202 
191 62 37 38 0.031678274 
707 6 40 43 0.031207828 
229 -1 55 53 0.030829474 
2 287 38 54 0.030817663 
743 32 46 60 0.029151749 
868 224 51 56 0.02867657 
25 475 11 15 0.02846931 
876 0 18 21 0.02840322 
517 206 67 73 0.028097425 
675 19 48 55 0.027966246 
939 2 28 37 0.02742963 
118 446 11 13 0.02717028 
492 235 43 44 0.026596496 
199 84 49 58 0.026452312 
630 139 53 59 0.026230233 
170 92 39 44 0.026046075 
624 77 89 98 0.02594728 
919 113 48 66 0.025600944 
78 221 10 12 0.025506746 
881 205 54 56 0.025099603 
466 213 48 56 0.024742227 
787 0 61 50 0.024250755 
111 413 11 14 0.024243703 
22 20 94 134 0.023470625 
436 287 45 53 0.023354983 
212 54 27 31 0.022962622 
674 132 56 73 0.022910187 
720 263 58 60 0.022626199 
696 331 50 56 0.022592897 
622 324 13 16 0.022504795 
550 149 99 100 0.022485534 
272 420 128 131 0.02224012 
696 355 30 36 0.021422764 
223 94 45 53 0.021397565 
93 70 10 13 0.021348592 
576 169 54 55 0.020711677 
770 17 64 65 0.020395763 
103 226 32 30 0.020165967 
