3_Riot_Riot_3_123
79
588 465 70 81 0.915337 
318 395 19 22 0.42476097 
126 151 374 370 0.25843537 
989 278 10 12 0.25316292 
893 352 46 53 0.23600109 
943 232 8 10 0.14094518 
360 242 135 162 0.11807785 
1002 315 13 18 0.10651652 
927 261 9 11 0.10634016 
892 353 26 39 0.10120507 
918 522 57 67 0.09608062 
960 264 7 9 0.07509387 
905 127 9 13 0.074125305 
914 247 8 10 0.07159376 
897 230 10 12 0.071130045 
288 205 231 251 0.06306414 
511 367 22 32 0.06301362 
943 271 9 11 0.06219893 
591 481 41 45 0.061825793 
999 301 12 16 0.060888454 
1000 308 12 16 0.06044984 
659 466 55 66 0.059763342 
997 306 21 29 0.05560422 
542 476 53 70 0.055300985 
502 61 94 122 0.05473572 
617 459 63 77 0.050740015 
944 263 7 10 0.050540686 
266 5 353 494 0.04669434 
873 33 26 32 0.046151415 
568 475 57 69 0.046053257 
989 273 9 11 0.039032158 
128 425 17 21 0.039009802 
621 481 34 36 0.037979454 
174 312 133 121 0.037140444 
895 356 14 20 0.036951628 
935 248 7 9 0.03651661 
920 264 8 10 0.036281895 
953 287 9 13 0.03559185 
634 488 18 19 0.035366844 
986 262 8 9 0.0350103 
839 595 41 45 0.03479285 
806 627 94 132 0.03422808 
262 522 65 64 0.034173597 
693 465 50 65 0.032608822 
834 641 55 87 0.032167982 
918 252 9 11 0.031679004 
222 389 49 36 0.031348713 
983 281 11 15 0.031272016 
80 203 249 297 0.030950507 
273 432 25 38 0.030528082 
954 213 8 11 0.030082302 
910 417 12 16 0.029577253 
925 229 8 11 0.029110305 
674 134 215 279 0.028587598 
816 198 95 125 0.028368063 
51 441 202 231 0.02741372 
886 367 27 36 0.027174534 
101 173 35 37 0.02700508 
911 278 10 12 0.026160613 
520 375 17 22 0.025369441 
599 449 101 123 0.025275597 
489 289 27 38 0.025099931 
902 130 13 18 0.024453273 
993 319 25 35 0.024269242 
981 355 12 18 0.024189461 
913 264 8 10 0.023673715 
980 292 39 57 0.02363463 
922 224 8 11 0.02333893 
876 338 82 97 0.02313874 
847 145 84 120 0.02269961 
103 423 51 61 0.021605961 
734 126 27 41 0.02148256 
950 238 6 9 0.02133072 
960 110 46 72 0.021294804 
886 376 16 21 0.020826543 
332 422 24 31 0.020440381 
998 294 12 16 0.020386558 
945 256 9 11 0.020137358 
781 532 16 20 0.02008086 
