35_Basketball_basketballgame_ball_35_197
42
801 13 53 72 0.9994685 
627 152 60 80 0.9994641 
42 92 66 81 0.9991873 
257 181 62 84 0.9979784 
244 101 67 80 0.9979665 
718 207 67 91 0.99757403 
819 271 72 75 0.9942819 
447 165 61 74 0.9919985 
24 37 53 59 0.9626442 
4 -2 45 41 0.81136477 
700 168 49 66 0.7562668 
322 34 54 66 0.51255494 
343 36 32 37 0.42719784 
996 3 26 36 0.3101631 
991 160 29 53 0.14407232 
932 15 25 31 0.12025073 
44 0 42 39 0.10938525 
446 0 21 15 0.08032451 
359 85 42 60 0.07571046 
24 57 58 76 0.06597308 
357 3 20 19 0.06170355 
249 139 64 82 0.052067306 
96 384 67 62 0.04974389 
71 368 110 106 0.047373105 
663 164 56 72 0.0424732 
465 1 37 27 0.039704837 
34 15 54 62 0.039045088 
446 1 31 27 0.03881616 
935 564 44 55 0.03858768 
600 49 31 34 0.035470244 
340 1 30 25 0.034365248 
445 182 33 48 0.032426573 
42 340 160 203 0.027746534 
790 245 51 68 0.02519371 
743 638 9 11 0.02467893 
503 209 16 20 0.02374511 
24 375 108 142 0.022465084 
934 569 28 35 0.022300176 
143 -1 52 39 0.022252455 
312 5 55 51 0.021705953 
932 692 13 15 0.020604273 
718 139 15 18 0.020573312 
