35_Basketball_basketballgame_ball_35_998
128
684 64 47 66 0.998574 
342 98 56 76 0.9932569 
916 282 42 61 0.99321884 
63 281 34 39 0.9915705 
42 390 40 50 0.99085706 
0 310 25 41 0.9865914 
34 201 36 46 0.9821745 
444 141 33 43 0.9696536 
354 317 36 52 0.96896374 
122 284 32 48 0.9425972 
866 300 32 47 0.7448562 
652 101 28 35 0.7392824 
587 50 28 37 0.54109746 
463 103 30 38 0.52464235 
374 105 44 59 0.45950028 
997 320 28 44 0.4525116 
395 110 36 46 0.44529408 
561 244 443 551 0.442973 
840 221 28 36 0.32770303 
766 54 38 47 0.31142434 
325 407 28 41 0.29322752 
468 429 24 30 0.28393537 
8 426 31 37 0.2747761 
573 150 25 32 0.21747476 
987 271 29 34 0.19732888 
913 211 30 34 0.14478007 
435 527 14 18 0.14319693 
818 331 30 38 0.13474992 
832 98 25 35 0.13463221 
511 47 26 36 0.13062698 
11 213 23 29 0.115726925 
857 272 18 22 0.10371343 
113 117 25 31 0.10227055 
880 288 36 52 0.09443885 
476 234 29 34 0.09117041 
405 11 29 36 0.08989902 
97 73 16 21 0.0894148 
642 479 30 49 0.08708462 
514 343 18 23 0.08425686 
597 19 24 30 0.07368597 
23 207 31 39 0.07164491 
191 135 31 36 0.06606075 
853 281 24 29 0.059713773 
1 257 13 23 0.059360556 
757 42 35 49 0.058483873 
119 164 45 63 0.056184474 
113 113 18 22 0.055501718 
663 88 40 57 0.0539455 
177 130 28 38 0.052763045 
932 14 27 31 0.05163717 
392 97 32 39 0.04566338 
722 442 19 21 0.045363955 
874 299 19 23 0.044216573 
882 269 27 34 0.043308098 
762 24 41 54 0.042741686 
373 314 30 43 0.041969493 
782 549 13 17 0.04169572 
257 156 38 46 0.041157722 
697 1 29 31 0.040745676 
437 555 27 32 0.040064167 
928 219 19 23 0.03980265 
1006 315 16 21 0.039505944 
392 587 27 32 0.03847249 
388 319 17 25 0.035887625 
893 288 14 19 0.035175905 
465 99 20 23 0.034590676 
891 281 23 30 0.034512546 
899 291 12 16 0.03446435 
324 317 37 53 0.032992836 
476 247 34 38 0.032679416 
468 92 29 35 0.032242488 
639 93 28 37 0.032236233 
820 342 18 24 0.031574458 
80 292 19 25 0.031388793 
470 421 41 50 0.031160636 
122 367 19 22 0.031085642 
85 101 14 18 0.03057999 
871 98 28 37 0.030324314 
688 7 31 36 0.029850466 
217 363 477 451 0.02981447 
446 264 28 36 0.029767364 
498 18 29 35 0.02949669 
440 133 26 33 0.028144415 
412 110 29 41 0.0271258 
708 0 17 15 0.02710762 
423 514 27 34 0.026975995 
426 47 28 36 0.026458232 
180 118 16 21 0.02563575 
986 300 25 33 0.02563088 
0 239 10 16 0.025473716 
503 351 12 14 0.025350155 
989 308 15 20 0.024788594 
4 409 26 35 0.024593474 
996 52 25 42 0.024521537 
776 70 43 53 0.024490263 
854 291 30 42 0.024337001 
106 365 34 46 0.0240425 
399 301 372 418 0.024020264 
977 286 26 39 0.02370297 
866 275 40 53 0.022846261 
411 495 17 22 0.022841398 
952 306 25 32 0.02248387 
865 279 17 23 0.022462212 
18 443 19 24 0.02244913 
682 36 48 66 0.02243481 
846 268 25 31 0.022433346 
630 87 25 33 0.02231225 
819 290 28 35 0.022210836 
394 182 29 39 0.02219873 
1007 348 15 23 0.022007963 
832 231 29 39 0.021613287 
76 145 16 20 0.021391055 
752 94 31 40 0.021293422 
469 225 29 32 0.021223443 
745 37 33 46 0.021209784 
396 436 23 30 0.021190893 
226 123 23 30 0.021069687 
998 259 13 15 0.021025976 
933 296 35 43 0.02087905 
776 95 29 43 0.020858862 
446 524 14 17 0.020846097 
510 333 12 15 0.02051082 
568 132 28 36 0.020496389 
272 82 46 57 0.02046884 
462 437 26 34 0.020418216 
829 427 31 32 0.020353535 
703 144 40 38 0.02028323 
502 34 31 39 0.020067902 
