35_Basketball_playingbasketball_35_366
19
413 322 35 47 0.68321776 
422 790 30 40 0.24567042 
506 751 23 30 0.19616069 
394 332 42 46 0.16568659 
390 348 33 41 0.15336052 
553 164 28 43 0.113141134 
536 177 45 50 0.048349805 
514 749 15 21 0.04455381 
429 789 17 22 0.041713133 
578 49 14 20 0.034924153 
718 123 10 12 0.03305687 
408 326 11 15 0.030654212 
571 40 25 32 0.027107442 
630 115 10 14 0.026279557 
703 134 8 9 0.025399284 
494 754 27 32 0.024516407 
722 3 15 17 0.021416055 
421 795 19 23 0.020992465 
613 109 15 18 0.02017558 
