35_Basketball_playingbasketball_35_283
49
660 351 120 93 0.9453322 
0 254 123 197 0.2935747 
233 6 33 35 0.1052008 
157 309 16 20 0.07197928 
372 909 15 20 0.051855016 
258 0 37 32 0.050621722 
1012 750 11 19 0.048009537 
741 1372 17 18 0.045825027 
671 372 40 33 0.04276243 
780 1374 15 16 0.04251274 
373 29 37 61 0.038799375 
109 1235 10 13 0.03803762 
152 1318 10 12 0.036571108 
430 1184 12 15 0.035699826 
437 957 11 15 0.032176975 
1012 799 12 19 0.031655557 
309 1369 16 16 0.030647235 
290 994 223 249 0.030519996 
866 1373 17 19 0.030030059 
36 637 10 13 0.029160362 
0 925 11 15 0.028882492 
443 15 13 12 0.028657075 
247 1373 9 11 0.028589686 
391 1370 13 14 0.028413592 
151 1324 11 13 0.028150784 
685 363 55 53 0.026692225 
0 979 12 21 0.026369724 
413 880 10 13 0.026064577 
218 1306 13 16 0.025711844 
260 1177 40 58 0.025038019 
110 1326 9 12 0.024737107 
425 1180 11 14 0.024704458 
382 1368 10 12 0.024527451 
128 1309 11 13 0.024166472 
132 1259 12 15 0.02402577 
702 386 72 77 0.023727408 
398 1371 12 14 0.023599975 
886 1384 11 13 0.02358424 
302 1370 13 14 0.023583302 
0 909 15 17 0.023310112 
755 558 24 39 0.02309106 
267 1179 18 20 0.022797877 
422 191 14 17 0.022094779 
382 822 10 11 0.021482462 
429 1373 14 14 0.020918312 
587 323 224 168 0.02078809 
141 643 11 13 0.020772582 
462 341 13 15 0.020715512 
58 982 14 18 0.020006483 
