35_Basketball_basketballgame_ball_35_192
50
561 608 126 149 0.9995975 
744 133 130 172 0.9995572 
153 492 37 48 0.89453524 
2 933 35 55 0.6439375 
424 602 48 65 0.28204829 
57 422 42 52 0.24754366 
73 1016 55 67 0.20659861 
71 773 110 112 0.19932704 
57 327 30 37 0.18248557 
220 594 85 112 0.16383345 
200 636 36 49 0.13058776 
933 1147 58 68 0.12227462 
0 270 22 35 0.10158904 
953 141 23 29 0.089892 
33 568 38 44 0.0771224 
380 224 15 19 0.07595283 
1002 761 20 34 0.07299103 
104 747 104 112 0.07205483 
209 614 50 69 0.0708656 
222 479 90 99 0.06726919 
249 639 106 99 0.063523225 
131 934 31 38 0.0617371 
671 61 181 249 0.058799777 
345 198 15 19 0.05809251 
11 1120 51 96 0.048285406 
1005 674 18 37 0.047270987 
745 404 208 311 0.044749632 
344 206 24 31 0.044430554 
693 1129 111 113 0.040886253 
90 782 37 44 0.04037397 
521 172 32 42 0.040266808 
233 145 58 72 0.040170655 
322 318 47 63 0.037108302 
338 513 56 89 0.034687433 
353 219 16 21 0.03468169 
501 218 527 407 0.0331994 
-56 13 436 495 0.033027582 
524 1192 28 35 0.03162249 
56 76 212 295 0.031059844 
423 484 37 42 0.02705386 
149 752 77 84 0.0251516 
355 377 54 77 0.024083178 
87 760 67 88 0.023873257 
657 770 117 110 0.021452585 
342 328 15 21 0.021237796 
363 499 50 79 0.021165796 
967 741 24 34 0.02101277 
250 166 30 37 0.020816967 
105 809 16 20 0.02037486 
500 481 17 21 0.020018313 
