35_Basketball_basketballgame_ball_35_446
94
471 325 109 152 0.9989416 
867 847 26 33 0.8074655 
830 744 17 22 0.78604674 
791 935 22 28 0.64083743 
235 850 16 23 0.62725806 
883 811 19 25 0.603587 
763 829 16 21 0.60149467 
796 892 29 38 0.5090201 
862 779 16 21 0.5053503 
762 741 18 22 0.47681823 
863 896 26 33 0.4299778 
722 821 16 20 0.414456 
730 874 18 23 0.39242226 
255 802 19 25 0.32277334 
316 811 18 23 0.23580469 
806 866 17 23 0.2216946 
689 868 18 22 0.20828663 
808 813 22 29 0.2060456 
927 760 17 25 0.1963789 
665 847 17 21 0.17992389 
928 915 19 24 0.16306053 
301 863 25 29 0.15314552 
203 947 263 295 0.15211715 
692 897 24 30 0.1436906 
884 952 22 26 0.13856386 
756 896 20 27 0.12793215 
723 864 21 28 0.11550494 
277 770 21 27 0.11406267 
717 776 17 23 0.10488201 
801 874 28 37 0.096633896 
696 729 19 22 0.085900076 
900 988 27 36 0.08574789 
111 292 50 45 0.08166746 
822 991 27 33 0.077113576 
711 950 26 34 0.07094081 
779 781 15 18 0.06814715 
713 853 18 23 0.067315914 
818 783 18 20 0.06651752 
274 1088 31 35 0.058661573 
689 909 30 36 0.05195375 
306 739 16 19 0.05062678 
642 909 24 32 0.046698287 
745 738 16 19 0.045788605 
211 1064 41 46 0.04524065 
338 826 45 60 0.042524807 
341 843 27 38 0.042020537 
908 740 13 17 0.04076688 
823 776 22 26 0.040438548 
864 649 24 31 0.03749097 
885 850 26 35 0.037065193 
958 711 26 32 0.036832377 
131 1025 376 401 0.033870902 
809 824 24 31 0.033412594 
339 769 27 34 0.033271253 
560 557 106 164 0.032794494 
782 898 27 35 0.03257889 
747 738 25 28 0.031443242 
812 806 16 19 0.030847205 
300 744 16 18 0.03013137 
663 850 24 32 0.029923877 
498 513 47 52 0.029283684 
5 147 28 34 0.028582323 
27 499 28 32 0.0271227 
914 765 21 28 0.026306486 
330 841 27 34 0.02600512 
274 780 19 23 0.02555997 
233 946 69 80 0.025404854 
787 851 17 21 0.025126204 
477 117 99 146 0.024841486 
307 769 16 21 0.024789203 
772 869 23 28 0.024655819 
251 763 18 20 0.024448987 
228 734 24 28 0.02390139 
859 693 14 19 0.023830345 
635 954 57 70 0.02380811 
294 855 21 31 0.023779567 
780 789 17 23 0.023470653 
832 857 24 29 0.023296352 
906 770 15 20 0.023085853 
878 933 25 32 0.022240432 
690 873 26 32 0.022228668 
869 829 27 34 0.022164024 
816 836 22 27 0.02194704 
291 807 23 29 0.02187767 
780 905 17 23 0.021825371 
698 856 22 28 0.021691235 
241 768 24 29 0.021669865 
870 908 29 34 0.021611642 
875 822 18 22 0.02129289 
817 899 26 32 0.021038482 
703 1104 34 34 0.02047155 
214 761 26 32 0.020390667 
359 844 28 37 0.020348663 
824 812 23 30 0.020231115 
