35_Basketball_playingbasketball_35_362
374
889 427 15 19 0.9613009 
16 524 11 14 0.89043826 
536 403 24 28 0.8662003 
47 522 9 12 0.8058518 
206 487 11 14 0.78431207 
704 465 13 16 0.70881295 
475 386 19 22 0.70705557 
621 371 20 24 0.704009 
71 525 11 14 0.6977828 
69 470 9 11 0.4868658 
23 495 10 12 0.48567712 
96 528 9 11 0.45888016 
184 520 10 11 0.44560134 
168 520 10 11 0.43931285 
262 526 9 12 0.420394 
151 494 9 11 0.40290904 
221 502 9 12 0.2750476 
48 478 9 11 0.2513351 
627 433 17 20 0.23491174 
88 478 9 10 0.22306275 
141 523 9 12 0.21007665 
92 479 9 10 0.20095706 
53 572 9 12 0.19926284 
118 470 8 10 0.18740115 
362 504 8 11 0.18655105 
302 479 8 9 0.18473515 
241 525 8 10 0.18135211 
85 548 10 13 0.17564961 
46 501 10 12 0.17471771 
24 454 8 9 0.1684319 
184 502 8 10 0.16322084 
113 470 8 10 0.16273804 
136 487 8 9 0.15925026 
102 494 9 11 0.15504012 
49 465 8 9 0.15275706 
292 525 10 12 0.15237029 
53 504 9 11 0.14998351 
119 487 7 10 0.14914805 
245 525 8 10 0.14746732 
1 483 8 14 0.1447613 
41 502 10 12 0.1442931 
221 536 10 12 0.14155135 
239 519 8 11 0.14083607 
183 497 7 9 0.13897344 
312 519 8 11 0.13278374 
578 261 16 19 0.13159606 
279 517 8 10 0.13118327 
884 457 27 32 0.12699053 
494 536 8 10 0.12589905 
118 524 8 11 0.12440095 
376 528 7 9 0.123652145 
365 507 8 11 0.12333338 
334 488 9 10 0.121941656 
70 475 10 12 0.120580524 
293 504 9 11 0.11892384 
497 234 17 19 0.11754738 
304 517 7 9 0.11698672 
46 495 8 11 0.11535434 
617 428 28 33 0.11257321 
47 470 9 11 0.11023407 
77 573 9 13 0.10940523 
156 494 9 11 0.108212054 
288 502 9 11 0.10417204 
234 493 10 13 0.10171411 
299 481 7 9 0.10133177 
539 482 13 16 0.10051533 
158 533 11 14 0.09905477 
385 496 8 10 0.097607404 
183 511 9 11 0.095857985 
71 566 10 11 0.0957014 
296 485 8 10 0.0949927 
80 480 8 9 0.091646135 
597 411 22 27 0.09024497 
916 433 28 42 0.089983396 
202 492 8 10 0.08965514 
191 480 8 10 0.08775456 
236 512 9 11 0.087616645 
217 509 10 12 0.08717685 
280 502 8 10 0.08564402 
160 527 9 11 0.084205955 
394 528 8 10 0.08368554 
318 520 9 11 0.08302587 
70 542 9 12 0.08259107 
238 548 15 18 0.08238772 
177 495 7 9 0.08234944 
29 455 8 9 0.08225614 
29 493 8 11 0.080100864 
113 520 9 12 0.07990615 
95 485 8 10 0.07906455 
176 538 12 14 0.077149175 
277 535 10 12 0.07690156 
231 526 8 10 0.076490425 
186 480 8 10 0.07583347 
188 523 9 12 0.07413514 
286 496 7 9 0.071740046 
197 468 8 11 0.0709804 
224 528 9 11 0.07069794 
149 500 10 13 0.070460886 
320 538 7 9 0.07040078 
192 469 10 11 0.06976051 
49 485 9 12 0.069462515 
295 519 9 11 0.06884475 
71 501 9 11 0.06858043 
383 500 9 11 0.068538465 
127 445 9 10 0.067885794 
127 472 8 10 0.06776012 
973 501 10 13 0.06718562 
153 489 7 10 0.06659012 
305 536 9 11 0.066571675 
63 560 9 12 0.06580755 
390 496 8 9 0.065475024 
224 463 9 10 0.065064386 
52 479 9 11 0.06492719 
470 537 8 9 0.06488442 
172 524 9 11 0.06376078 
401 502 8 10 0.06373899 
138 520 9 11 0.06334378 
295 509 9 10 0.061962456 
170 503 9 10 0.061670262 
353 522 7 9 0.06147401 
265 522 9 12 0.060770106 
501 535 8 10 0.060426056 
80 543 9 11 0.059073575 
104 489 8 9 0.058496427 
19 519 11 14 0.05841208 
41 494 9 11 0.058014404 
493 540 8 11 0.056283843 
32 462 10 11 0.056278452 
89 473 8 9 0.056138285 
505 517 9 11 0.055934474 
76 567 9 11 0.054996315 
240 466 7 9 0.05496951 
925 439 12 17 0.054941323 
69 465 8 11 0.054836396 
175 509 8 10 0.054161403 
247 453 9 10 0.053059105 
478 511 7 9 0.052832715 
192 496 7 9 0.052698858 
957 501 9 13 0.052475307 
111 487 8 9 0.052204162 
118 464 8 10 0.05189253 
31 488 9 11 0.051360838 
174 503 9 11 0.050120477 
121 492 8 10 0.050104134 
393 534 8 9 0.050046057 
360 527 7 9 0.049390513 
93 474 8 9 0.04887358 
604 416 28 30 0.04763303 
369 487 7 9 0.047560975 
319 471 7 9 0.047075525 
96 539 10 12 0.04687716 
37 542 11 13 0.046816096 
150 538 12 15 0.046760388 
40 507 9 11 0.046703257 
368 528 8 9 0.046633404 
311 537 9 11 0.04579572 
6 511 9 11 0.045700066 
282 497 8 9 0.04531667 
213 492 9 12 0.045132335 
254 472 8 9 0.04498894 
106 470 8 10 0.044364344 
928 501 11 15 0.044112958 
4 479 10 14 0.04407997 
51 520 10 13 0.044057928 
367 535 8 10 0.043978076 
198 464 8 10 0.04360352 
279 511 8 11 0.043249533 
146 509 9 11 0.043089703 
151 479 6 9 0.041900933 
166 539 9 13 0.041838624 
336 480 7 9 0.041758392 
175 472 7 9 0.04174514 
920 440 12 15 0.04142896 
478 525 8 9 0.041370258 
341 486 8 10 0.0409461 
924 445 15 23 0.040933624 
936 485 10 14 0.040899795 
118 478 8 9 0.040691968 
352 479 8 10 0.04013017 
192 485 7 9 0.04012929 
143 479 8 9 0.03966175 
503 524 8 11 0.0396402 
394 542 8 10 0.039445072 
311 488 8 9 0.039378833 
42 524 9 11 0.039327964 
897 432 41 54 0.03895262 
17 461 9 12 0.038837478 
383 533 7 10 0.038818114 
137 481 7 9 0.038349696 
656 482 13 17 0.038212758 
80 484 9 11 0.038113732 
239 470 7 9 0.037895225 
358 486 8 9 0.0378422 
257 495 8 9 0.03750216 
397 543 8 10 0.037162166 
420 495 8 10 0.037136085 
17 455 8 10 0.03671145 
80 579 10 12 0.036626946 
38 487 8 11 0.036419883 
230 465 8 10 0.03617977 
288 520 9 11 0.036113206 
223 518 9 10 0.0359057 
1012 469 9 12 0.035740077 
399 496 8 10 0.035631627 
303 474 8 8 0.035002045 
226 566 14 16 0.034611605 
375 533 8 11 0.03432842 
174 549 12 14 0.03420841 
114 454 8 10 0.03413663 
249 572 13 15 0.0340248 
133 534 9 12 0.034021154 
474 520 8 10 0.033970885 
457 463 9 11 0.0337047 
465 535 7 10 0.033452198 
265 563 11 14 0.03339855 
100 500 10 12 0.033274923 
8 547 9 12 0.033261694 
65 543 8 11 0.03320791 
112 449 8 10 0.033179894 
358 480 8 9 0.033115402 
99 532 9 13 0.03311373 
199 525 9 11 0.033058196 
238 532 11 13 0.033007383 
39 549 11 13 0.03296016 
574 399 10 13 0.032857463 
983 502 8 11 0.032793563 
330 508 8 11 0.032482393 
216 515 10 12 0.032362144 
21 462 9 12 0.032032438 
101 509 10 12 0.031913176 
167 472 8 8 0.03181137 
165 565 11 13 0.031807072 
110 574 10 11 0.031782463 
326 524 8 11 0.03145937 
62 503 9 11 0.031373415 
233 518 8 11 0.031151608 
118 455 7 9 0.031022022 
38 464 8 11 0.03092746 
180 514 19 23 0.030865708 
167 549 11 14 0.03060612 
309 494 9 10 0.030537164 
375 480 9 9 0.030282032 
172 555 11 13 0.030234734 
158 488 8 10 0.030133959 
345 508 8 10 0.030061366 
447 544 7 9 0.030006265 
160 472 8 9 0.029899497 
336 8 76 81 0.029817492 
45 550 11 13 0.029622806 
161 519 9 11 0.029207084 
273 540 11 12 0.02908938 
217 527 9 12 0.02894241 
216 497 19 24 0.028904604 
160 478 8 9 0.02880307 
957 487 8 10 0.028699102 
222 496 10 13 0.028641254 
344 481 8 9 0.028614912 
456 541 8 10 0.028607955 
229 535 10 12 0.02852872 
287 0 113 118 0.02842518 
271 519 8 11 0.028330091 
185 485 7 9 0.028226813 
74 531 11 13 0.028173588 
368 539 9 11 0.028064242 
167 558 11 13 0.027919147 
69 560 10 12 0.027833397 
61 507 9 12 0.027818505 
477 376 30 33 0.027757382 
229 539 11 14 0.027630148 
167 487 8 9 0.027372312 
86 555 9 12 0.027238762 
222 545 12 15 0.026939088 
116 323 14 15 0.026937753 
85 516 9 12 0.026803764 
168 495 7 9 0.026771732 
314 471 8 9 0.026717305 
41 469 8 11 0.0265789 
608 261 401 512 0.026499016 
432 527 8 10 0.026419157 
472 364 27 36 0.02634347 
159 561 9 11 0.026294073 
52 470 9 10 0.026257925 
52 549 11 13 0.026206672 
113 464 8 11 0.02613817 
254 477 7 10 0.026061937 
262 501 8 10 0.026052639 
456 511 7 10 0.025886891 
29 448 8 10 0.025676064 
535 262 10 11 0.025674786 
367 519 7 9 0.025386052 
249 479 9 10 0.025350949 
509 510 8 11 0.025237782 
44 519 17 22 0.025235258 
540 552 16 20 0.025232166 
215 470 10 11 0.025139458 
362 533 8 10 0.025059372 
327 542 8 10 0.025026394 
1 509 8 12 0.024994671 
352 544 8 10 0.024981506 
253 454 8 10 0.024760919 
405 503 9 10 0.02475956 
77 519 10 12 0.024476694 
232 488 9 12 0.024427384 
42 478 8 11 0.024398005 
947 0 34 22 0.024065057 
332 503 9 11 0.02401419 
8 516 9 13 0.02400081 
611 433 16 19 0.023985574 
401 509 9 11 0.023979597 
350 504 9 10 0.023894569 
790 494 7 9 0.023841754 
330 488 9 11 0.023837596 
112 561 8 10 0.02381279 
147 488 19 24 0.023766793 
56 559 10 12 0.023707623 
302 504 9 11 0.023390202 
197 480 9 10 0.023314195 
997 486 12 17 0.023300376 
71 508 10 12 0.023282347 
147 495 9 11 0.02324515 
378 502 8 10 0.023137864 
208 470 8 10 0.02310326 
232 23 210 215 0.02296746 
274 510 8 11 0.022966456 
441 544 7 9 0.022893691 
360 497 7 8 0.022843644 
261 496 7 9 0.022799116 
86 464 8 9 0.022747278 
497 325 19 21 0.022656357 
101 584 10 11 0.022631941 
230 498 11 13 0.022477247 
416 500 9 11 0.02244753 
448 580 8 12 0.022419978 
588 421 27 30 0.022395449 
149 565 10 12 0.022382308 
992 477 8 10 0.022324514 
229 550 24 29 0.022207048 
377 496 8 10 0.022031156 
132 539 11 13 0.021991994 
243 542 14 16 0.021853315 
256 488 7 10 0.021811692 
0 471 8 12 0.02178011 
264 540 9 11 0.021760214 
104 464 8 10 0.02170893 
510 85 11 15 0.021685956 
335 518 8 11 0.021641154 
79 462 9 10 0.021609291 
126 526 10 12 0.021597391 
11 525 10 14 0.02154392 
721 544 9 11 0.021494573 
367 495 8 9 0.021459647 
129 476 8 9 0.021457016 
15 449 8 10 0.021431254 
474 524 8 11 0.021358298 
289 507 9 11 0.021168528 
0 548 8 12 0.021110082 
358 521 8 9 0.02103764 
506 239 14 18 0.020972062 
1012 535 8 11 0.02095445 
497 527 8 10 0.020924786 
343 537 7 8 0.020870503 
8 463 9 11 0.020869158 
368 481 8 9 0.020769581 
217 534 20 24 0.020606574 
135 518 20 24 0.020599576 
163 533 12 14 0.020433946 
238 497 11 13 0.020423478 
602 541 16 20 0.020393163 
111 565 10 12 0.020210566 
101 518 11 12 0.020184569 
32 520 9 10 0.020125037 
498 90 42 57 0.020086944 
87 483 9 11 0.02006514 
462 512 7 9 0.020019 
