35_Basketball_playingbasketball_35_491
19
337 126 219 303 0.9999504 
161 295 333 468 0.09471893 
285 600 408 460 0.08708142 
627 -38 402 502 0.06871829 
180 -7 201 166 0.04808724 
567 463 400 525 0.045567505 
43 72 219 255 0.03942836 
246 757 122 200 0.03916558 
34 691 30 36 0.03825285 
76 1 301 266 0.037761174 
649 799 513 482 0.034654874 
841 611 56 71 0.032545585 
982 1 33 23 0.028359724 
-27 398 443 467 0.027393235 
291 92 118 140 0.024542047 
282 1037 423 528 0.02439534 
788 757 16 23 0.02146118 
493 144 436 496 0.020570144 
7 693 24 33 0.02026613 
