35_Basketball_basketballgame_ball_35_341
20
499 196 121 155 0.99994755 
659 42 125 153 0.9999243 
247 246 100 166 0.99928963 
964 0 65 72 0.21348421 
770 629 49 49 0.20773974 
295 1178 69 76 0.16813186 
480 975 63 50 0.08296123 
282 0 18 17 0.053945187 
293 1149 61 74 0.046822906 
294 1131 52 57 0.046358112 
1004 349 21 47 0.030229932 
760 635 36 33 0.029112853 
775 1083 31 33 0.027580723 
349 860 448 473 0.023344778 
597 705 94 126 0.023043115 
293 1138 32 36 0.022132441 
474 417 406 388 0.021443367 
633 630 16 16 0.020520324 
771 637 17 19 0.020082103 
451 951 104 83 0.02006295 
