35_Basketball_playingbasketball_35_588
31
591 157 71 87 0.99863017 
604 467 131 198 0.99109674 
156 -2 48 50 0.91796005 
10 119 29 37 0.1603306 
209 23 209 213 0.12764345 
240 84 134 117 0.08553714 
108 199 38 37 0.06827492 
552 372 173 262 0.06613602 
482 708 84 110 0.059438806 
766 476 132 173 0.059056643 
708 380 47 68 0.049976636 
2 157 32 51 0.04899467 
315 9 68 68 0.041716065 
636 397 196 248 0.040306408 
218 639 80 121 0.036618117 
210 6 27 32 0.035911243 
502 342 56 54 0.031077838 
604 239 384 494 0.03001037 
678 1 33 25 0.026814548 
71 81 43 57 0.024981866 
222 8 68 74 0.024466323 
0 28 39 63 0.023774546 
907 -7 109 136 0.02339985 
213 12 108 113 0.022796156 
337 180 391 469 0.022366954 
106 208 50 51 0.022245836 
665 0 50 46 0.021675333 
512 0 39 37 0.021247517 
694 -1 31 30 0.021123478 
267 126 115 120 0.020763388 
440 725 89 104 0.02008834 
