35_Basketball_playingbasketball_35_644
21
336 208 173 212 0.99920076 
748 415 250 293 0.33826306 
519 827 338 480 0.15474528 
12 876 42 64 0.06227986 
613 931 209 294 0.051981036 
4 1272 52 84 0.050782144 
719 1263 78 132 0.050361626 
12 1253 57 74 0.047384575 
250 308 58 75 0.037554134 
100 1407 98 138 0.031850003 
952 1090 76 169 0.031099869 
28 1348 95 127 0.030663112 
771 1263 88 136 0.028655427 
-5 1264 89 146 0.028221797 
581 674 363 456 0.026327254 
794 457 178 152 0.026156828 
772 1233 170 230 0.025750978 
99 953 35 43 0.024952855 
-1 1297 147 227 0.024131067 
129 920 26 37 0.024130732 
592 445 452 449 0.020217592 
