35_Basketball_playingbasketball_35_127
61
636 32 33 43 0.9992866 
318 56 29 38 0.99925834 
886 64 27 35 0.9985372 
531 165 37 46 0.9978787 
491 111 37 47 0.9969789 
597 186 48 62 0.9965629 
91 18 18 24 0.9658968 
15 62 16 20 0.8677496 
418 74 23 28 0.8533027 
851 3 26 29 0.8384954 
167 1 23 23 0.70196086 
1004 115 18 33 0.50336945 
736 16 55 66 0.1284249 
760 15 18 21 0.11873368 
458 138 25 35 0.11737623 
123 2 17 18 0.11437118 
820 12 23 30 0.09455406 
168 47 14 18 0.08970731 
406 138 22 29 0.07414403 
813 67 25 32 0.071886286 
461 195 25 37 0.05264107 
108 2 17 18 0.050515275 
126 123 10 13 0.04877327 
406 66 23 32 0.04798424 
834 19 15 20 0.047050983 
819 61 14 16 0.041568223 
412 67 36 47 0.041231446 
817 67 16 20 0.039399553 
732 0 97 110 0.03790751 
899 134 31 39 0.036429413 
403 68 15 22 0.035939407 
163 33 25 33 0.035705063 
392 5 27 27 0.03439763 
680 14 25 30 0.033510946 
463 135 12 17 0.031175962 
403 2 24 23 0.030250179 
119 74 15 16 0.029404983 
843 10 25 35 0.026910305 
103 41 26 34 0.026807735 
645 565 10 12 0.026163816 
347 208 24 27 0.025815377 
205 345 511 493 0.025766255 
862 4 20 21 0.025737071 
432 258 17 23 0.025619771 
760 53 208 238 0.025406715 
406 36 39 52 0.024848094 
740 36 14 19 0.02442222 
378 3 29 29 0.024096686 
158 1 17 19 0.023977507 
618 108 14 20 0.023819612 
402 15 17 20 0.023573441 
989 270 10 14 0.022709223 
307 140 31 28 0.022441491 
571 139 445 440 0.021884995 
694 49 14 19 0.021502843 
830 13 24 32 0.021457136 
192 25 13 16 0.02127701 
864 13 18 22 0.021119395 
776 66 16 20 0.020620994 
803 71 26 35 0.020305496 
566 173 30 36 0.020219268 
