35_Basketball_basketballgame_ball_35_256
68
226 69 57 71 0.99827504 
935 357 43 54 0.99453545 
526 56 65 91 0.9945146 
869 329 41 49 0.991078 
356 152 36 47 0.98932475 
887 375 38 47 0.98923165 
762 351 47 60 0.98622686 
463 159 55 68 0.98245853 
922 121 31 39 0.97941315 
951 51 32 41 0.9756083 
984 342 36 51 0.96441346 
956 166 42 50 0.8831013 
778 114 32 41 0.8720789 
361 60 39 48 0.8240158 
737 152 36 41 0.75217575 
853 195 30 38 0.60212857 
425 21 28 34 0.596923 
975 509 25 32 0.5907708 
723 245 39 47 0.5271255 
282 134 30 46 0.5099743 
756 326 41 48 0.47267312 
842 168 33 40 0.4693768 
437 105 39 52 0.26009634 
884 504 28 31 0.24000336 
916 5 31 36 0.17166059 
674 103 27 34 0.16922083 
1004 540 19 29 0.11165302 
875 348 43 55 0.1030365 
916 458 35 40 0.09719302 
894 502 32 38 0.08991836 
160 147 41 54 0.08818068 
545 14 36 47 0.08762339 
682 269 30 45 0.07861678 
243 116 47 60 0.07096639 
477 535 54 57 0.059896834 
233 139 41 53 0.05825704 
532 31 54 79 0.05719023 
418 29 37 47 0.05697799 
741 138 31 38 0.050797336 
393 255 31 41 0.04904507 
665 37 24 30 0.047412936 
548 229 92 118 0.043852795 
895 411 31 36 0.042661805 
998 542 17 22 0.04242864 
702 199 33 47 0.04075736 
875 592 39 52 0.03889761 
328 123 31 39 0.038694635 
668 110 39 51 0.038237996 
787 365 31 38 0.037808187 
1011 495 13 22 0.03739114 
986 527 26 33 0.035564758 
123 679 19 20 0.03132159 
507 101 39 49 0.031285256 
976 522 26 34 0.03127005 
261 137 35 43 0.03096141 
995 457 28 38 0.028915292 
-2 313 38 70 0.028694462 
117 664 28 39 0.027326323 
592 82 14 20 0.026406547 
664 2 27 29 0.024839707 
750 334 26 42 0.023977775 
315 182 39 56 0.022341855 
864 192 20 26 0.02231329 
773 262 48 60 0.022176214 
920 108 30 36 0.021591064 
865 432 43 51 0.020131148 
768 46 39 47 0.020039245 
999 7 24 36 0.020022145 
