35_Basketball_basketballgame_ball_35_681
44
457 32 89 118 0.99933225 
925 500 22 29 0.6559729 
962 449 18 21 0.23725356 
721 546 18 23 0.15737392 
938 463 16 20 0.15403818 
252 274 31 42 0.13701119 
213 252 24 29 0.11932524 
115 218 29 37 0.10073785 
240 315 33 40 0.09703034 
288 410 18 21 0.08231557 
1009 465 16 25 0.081211105 
994 508 18 24 0.06580418 
135 379 25 28 0.050472196 
273 353 28 32 0.046560165 
170 421 24 29 0.045009036 
950 447 40 51 0.04386794 
897 450 16 20 0.042446874 
480 -38 433 513 0.04231549 
-15 87 406 442 0.037039034 
123 170 375 432 0.036658533 
601 356 29 35 0.036406953 
84 373 18 22 0.035204098 
127 286 28 34 0.034045592 
138 393 18 22 0.034009025 
171 409 22 28 0.032204416 
941 455 23 28 0.031051088 
210 392 17 21 0.030715354 
132 398 20 28 0.030404085 
304 277 32 34 0.029774746 
708 416 55 68 0.029461162 
714 409 87 108 0.029186724 
718 368 31 44 0.027691217 
875 602 23 30 0.027105497 
989 498 18 25 0.026490489 
122 302 45 58 0.024966387 
713 529 14 17 0.024450062 
866 126 83 112 0.023619447 
113 362 17 20 0.0230483 
283 392 27 33 0.022134556 
881 146 53 68 0.02142946 
785 422 97 123 0.021117458 
71 270 32 39 0.021042116 
0 577 19 38 0.02065615 
0 373 22 35 0.020023815 
