35_Basketball_Basketball_35_458
21
491 29 47 64 0.99879336 
245 36 40 56 0.991148 
743 27 40 57 0.98527354 
638 300 22 33 0.1571712 
163 137 32 39 0.1288862 
418 217 18 20 0.11383729 
588 220 24 27 0.10433984 
635 257 16 21 0.06650499 
644 291 15 21 0.03776363 
500 187 27 32 0.036253363 
642 282 15 17 0.03373815 
562 115 13 19 0.033247486 
177 131 31 38 0.031015579 
609 222 19 21 0.030518828 
414 203 28 35 0.029989459 
268 96 16 21 0.029646398 
597 217 25 27 0.026171401 
48 126 23 30 0.025084533 
516 230 23 29 0.024079459 
170 155 18 26 0.021180185 
450 233 426 530 0.020298561 
