35_Basketball_basketballgame_ball_35_64
142
127 288 55 74 0.9993168 
476 221 59 82 0.9990777 
293 237 62 81 0.9990415 
657 105 32 39 0.99862266 
34 244 55 70 0.9978942 
590 209 66 90 0.9966916 
689 215 73 94 0.9960387 
139 108 24 32 0.995443 
591 79 27 33 0.99516714 
237 243 34 46 0.9942737 
465 63 25 32 0.99385864 
901 174 54 82 0.9934028 
440 109 31 39 0.99340266 
386 67 27 33 0.99282336 
807 182 37 51 0.99275124 
492 160 34 39 0.9918058 
869 59 26 34 0.9916585 
954 185 74 104 0.99107176 
0 244 28 42 0.9886868 
96 129 24 31 0.98864007 
399 146 26 35 0.9883562 
536 17 24 31 0.9857993 
100 197 43 55 0.98338646 
272 126 27 34 0.981326 
526 90 26 36 0.9791029 
277 219 31 43 0.9770454 
344 154 25 31 0.97558993 
150 139 25 31 0.9690934 
193 216 28 34 0.963663 
70 210 33 42 0.9335286 
412 14 24 29 0.9231229 
413 112 29 36 0.90766174 
445 2 26 28 0.89976144 
234 190 32 38 0.87371194 
453 44 22 29 0.839935 
0 294 34 59 0.8289072 
213 103 27 31 0.82726943 
25 77 20 25 0.809571 
563 198 32 46 0.8055129 
267 6 23 27 0.80481327 
206 8 18 24 0.79166245 
299 92 21 26 0.7901687 
240 68 28 29 0.77341634 
243 165 26 33 0.7548887 
89 38 21 27 0.73688704 
621 4 24 30 0.7220272 
35 157 22 25 0.68275726 
46 40 19 26 0.68153334 
54 193 21 27 0.64057875 
718 68 53 65 0.5433116 
336 0 26 26 0.5293669 
263 100 25 32 0.5025337 
352 210 24 32 0.48869553 
0 103 24 40 0.4710362 
738 51 61 75 0.46465147 
156 7 19 22 0.4502103 
488 -3 24 26 0.43360627 
724 94 35 44 0.35286406 
377 168 19 24 0.33616665 
200 48 26 29 0.28397763 
293 1 18 20 0.25758398 
188 168 23 32 0.21333279 
239 173 33 44 0.19521745 
180 78 24 28 0.17784066 
3 214 28 38 0.1601405 
5 267 40 64 0.14030714 
63 -1 17 14 0.1337315 
55 220 50 61 0.12638459 
536 157 30 44 0.09944211 
442 209 16 18 0.097119026 
526 111 29 36 0.09578376 
892 379 22 29 0.09056533 
282 3 24 26 0.08551877 
173 119 24 33 0.085161954 
573 193 45 63 0.08478563 
405 132 28 37 0.07583763 
145 73 23 28 0.07482169 
927 183 60 90 0.07289693 
492 5 23 28 0.07213275 
843 691 49 52 0.064657144 
277 208 26 35 0.060686328 
804 402 47 51 0.05998632 
421 108 40 48 0.058531847 
262 282 42 54 0.052401133 
242 258 41 53 0.04894669 
156 41 18 20 0.048212733 
170 248 32 37 0.047963023 
493 178 35 42 0.047400866 
8 95 19 26 0.046614848 
616 136 33 38 0.04505161 
394 -2 19 15 0.043553263 
961 0 12 11 0.04299344 
221 91 16 19 0.042943522 
141 216 16 21 0.042673394 
256 85 24 31 0.042193413 
691 184 54 70 0.041912176 
453 53 28 37 0.041492943 
532 99 31 35 0.038968116 
655 198 76 113 0.038856164 
165 132 24 32 0.038419466 
454 10 21 25 0.03583892 
354 160 26 32 0.035102088 
404 9 25 27 0.033450633 
56 193 36 46 0.03335547 
180 228 33 35 0.03320034 
387 155 24 31 0.032828134 
208 57 25 30 0.032715637 
302 439 61 51 0.032619998 
204 105 19 25 0.03256851 
675 244 23 38 0.03150261 
217 119 26 32 0.029652776 
28 154 21 24 0.029523984 
799 698 32 33 0.029469008 
384 0 25 22 0.02919798 
100 117 16 20 0.028914457 
654 228 23 33 0.028859885 
731 110 32 39 0.02829595 
449 73 27 33 0.028115267 
302 0 18 19 0.027933933 
190 88 26 33 0.026593009 
698 44 84 107 0.026397418 
334 39 22 31 0.026352976 
379 2 18 18 0.026310705 
177 226 487 492 0.026244417 
688 68 25 33 0.025607169 
463 49 19 23 0.02518644 
374 71 27 35 0.025069175 
617 13 29 37 0.02444321 
233 77 28 33 0.02425804 
302 81 27 33 0.024038106 
46 160 17 22 0.024004852 
513 48 25 33 0.023669552 
290 6 25 29 0.023648877 
710 76 37 49 0.023516875 
44 48 28 37 0.023390135 
578 123 28 33 0.023218365 
254 72 19 24 0.022724932 
614 -2 42 43 0.022174034 
378 615 10 13 0.021746174 
139 78 18 22 0.02076671 
108 107 15 19 0.020419873 
28 65 25 32 0.020297244 
