35_Basketball_playingbasketball_35_582
65
511 134 59 48 0.99778 
679 110 37 58 0.97126454 
425 117 39 60 0.925356 
500 68 29 34 0.504493 
431 50 45 57 0.3929489 
202 204 11 13 0.1979974 
625 240 87 63 0.18982542 
455 66 34 44 0.16024129 
673 231 69 54 0.1243335 
624 228 52 36 0.10605269 
420 28 18 22 0.08872564 
440 100 42 68 0.07000896 
629 243 46 36 0.06593028 
485 55 37 46 0.06572126 
660 140 16 25 0.06459913 
84 224 10 13 0.053930413 
417 26 32 39 0.048292156 
467 50 39 49 0.046609636 
371 45 28 33 0.045826524 
221 206 11 14 0.044142723 
202 210 14 16 0.04198119 
140 199 9 11 0.04090367 
618 116 14 21 0.040800698 
168 206 10 12 0.039710183 
496 90 49 58 0.038860377 
411 39 31 44 0.038078472 
415 33 50 62 0.0358894 
801 120 15 21 0.035090934 
81 228 10 13 0.033792533 
399 122 52 65 0.031984154 
478 39 30 37 0.030980863 
160 196 9 11 0.029811246 
179 188 12 15 0.027285513 
341 185 479 479 0.027254965 
215 210 14 18 0.02701602 
674 155 26 42 0.026739093 
172 212 11 13 0.026664466 
654 124 24 44 0.026555499 
499 75 40 47 0.026290277 
1000 138 10 13 0.0257718 
135 180 9 12 0.02553291 
682 245 45 32 0.025172852 
95 212 10 13 0.024952155 
181 182 11 12 0.024780594 
63 215 11 13 0.024750944 
409 56 38 46 0.02469846 
840 170 13 17 0.02437586 
158 154 11 13 0.024371762 
308 176 10 12 0.024125142 
408 23 81 98 0.023632774 
635 132 14 20 0.023317397 
466 69 41 56 0.022908326 
165 198 10 11 0.022803294 
168 211 11 13 0.022641681 
201 577 30 36 0.022607282 
476 67 14 18 0.022553854 
445 72 32 51 0.022285204 
135 218 12 14 0.021980962 
158 208 10 12 0.021943422 
151 190 10 13 0.021465128 
222 200 10 13 0.021412559 
181 163 10 12 0.021218242 
209 150 9 11 0.020375937 
657 97 43 72 0.020187777 
822 138 13 17 0.020149317 
