35_Basketball_playingbasketball_35_219
124
242 682 105 117 0.9995994 
926 860 70 92 0.99785197 
699 1047 69 86 0.9978104 
464 958 67 82 0.9971988 
811 945 77 103 0.99205184 
582 859 34 49 0.98025656 
687 919 24 40 0.9802096 
830 885 24 30 0.26627082 
630 30 12 18 0.20905256 
236 435 12 15 0.19284734 
227 450 11 14 0.14246944 
323 430 15 19 0.13779317 
615 139 14 17 0.12889722 
708 91 56 73 0.12301283 
615 147 14 17 0.107211515 
761 153 25 31 0.09768505 
212 468 13 18 0.09663034 
483 95 16 19 0.08470528 
994 230 15 20 0.080040835 
404 340 15 19 0.0735181 
333 398 23 29 0.0722575 
204 422 14 17 0.070989154 
598 148 362 494 0.06967307 
462 304 9 12 0.06943021 
175 494 10 12 0.06942325 
382 415 17 22 0.067886166 
700 18 360 475 0.06588619 
230 466 14 19 0.06320912 
332 393 17 21 0.06084702 
449 49 364 456 0.05926861 
198 425 14 17 0.059020273 
446 403 13 18 0.058807828 
483 232 17 20 0.05837253 
269 520 15 19 0.0549602 
440 373 13 17 0.0538213 
286 431 13 17 0.053518478 
737 887 55 57 0.051132407 
475 94 18 23 0.047873788 
221 473 15 20 0.044886198 
499 11 12 15 0.044832148 
602 123 13 17 0.044727515 
310 371 14 19 0.044341 
210 499 12 16 0.043521907 
265 402 13 16 0.041294683 
327 454 13 16 0.039896578 
364 377 15 19 0.03869038 
223 298 11 14 0.03784296 
339 388 15 17 0.037253022 
301 348 13 16 0.03655901 
287 406 13 16 0.03571926 
216 445 9 12 0.035324924 
985 1066 40 51 0.033478275 
337 408 24 30 0.03307971 
590 103 10 12 0.033018835 
776 328 23 31 0.032675683 
398 402 16 21 0.0325025 
478 360 13 16 0.03218368 
468 97 16 21 0.03184627 
762 870 33 31 0.031405456 
342 424 15 19 0.031188468 
179 371 14 19 0.030713163 
331 433 14 18 0.030592414 
278 485 13 19 0.030536208 
481 338 11 16 0.030199975 
607 140 14 16 0.030048667 
192 502 12 15 0.029894305 
300 167 100 95 0.02986686 
372 344 17 19 0.029663732 
777 914 87 116 0.029500963 
828 37 16 21 0.029044876 
807 7 12 14 0.028425405 
254 411 14 18 0.028146693 
795 14 12 14 0.027756939 
263 396 13 16 0.0277234 
819 892 31 38 0.02745218 
227 476 15 20 0.026744274 
206 401 11 14 0.026518378 
345 386 15 17 0.026443856 
355 343 15 17 0.02635913 
212 461 12 16 0.026334217 
269 441 13 16 0.026020082 
242 460 14 18 0.02579522 
276 392 13 17 0.02520534 
151 -11 422 516 0.025203384 
358 366 23 26 0.024771309 
701 69 90 118 0.024708236 
358 402 14 18 0.024663776 
328 403 15 19 0.024610432 
249 355 15 19 0.02444495 
614 230 24 30 0.024406713 
160 523 10 13 0.024323752 
650 520 32 42 0.023898317 
296 489 14 18 0.023775581 
750 881 35 39 0.023326702 
477 83 25 32 0.02319362 
312 433 14 18 0.023101078 
724 866 104 114 0.023010109 
505 248 10 12 0.02292221 
259 575 16 20 0.022873562 
147 491 11 14 0.02286384 
340 431 15 19 0.02256653 
773 23 14 18 0.022363089 
193 423 12 15 0.022304252 
234 279 9 12 0.022286912 
234 425 20 25 0.022166166 
232 431 12 15 0.022038555 
878 253 11 13 0.022032049 
379 394 14 18 0.021725738 
356 575 16 22 0.021649593 
214 452 11 13 0.021554176 
405 381 10 13 0.021466253 
532 80 130 157 0.021360893 
300 364 16 20 0.021351317 
204 415 15 16 0.021152701 
836 899 35 40 0.020820947 
292 476 23 30 0.020655857 
229 385 15 18 0.020643057 
180 420 12 14 0.020541696 
277 434 14 17 0.020354 
417 1158 42 45 0.020245884 
743 151 29 34 0.020073947 
610 151 20 23 0.02004859 
282 307 420 522 0.02003107 
328 387 14 17 0.02000425 
