35_Basketball_Basketball_35_457
942
609 137 42 54 0.87930053 
169 401 15 18 0.5441136 
247 390 9 12 0.54256725 
184 358 9 11 0.46844062 
408 336 7 9 0.4627721 
153 296 7 9 0.44646585 
164 420 13 17 0.41578087 
940 319 12 15 0.4106156 
19 275 14 16 0.40554604 
158 367 8 11 0.39020047 
211 401 14 15 0.38847804 
377 328 7 10 0.36615032 
127 269 8 10 0.36219838 
144 334 7 8 0.3494563 
41 350 10 13 0.34615645 
80 344 8 11 0.28905538 
62 431 11 15 0.27092803 
56 420 11 14 0.26379892 
87 359 8 10 0.25394222 
289 335 8 11 0.2486606 
264 303 9 11 0.24812704 
192 367 8 11 0.24065842 
359 319 8 9 0.22988427 
167 271 7 9 0.22580393 
206 386 9 13 0.22449449 
81 255 8 10 0.22252005 
49 378 11 14 0.2161636 
127 381 10 13 0.21502995 
113 270 9 11 0.20914945 
280 288 8 9 0.2086441 
56 254 9 11 0.20039572 
109 397 9 12 0.19971128 
473 320 7 8 0.19633824 
113 334 8 10 0.19436839 
183 351 9 10 0.19374725 
69 271 8 11 0.19310059 
16 390 11 14 0.18762407 
119 406 13 16 0.18426667 
182 303 7 10 0.1828379 
58 259 9 12 0.17915857 
22 199 7 9 0.17841847 
167 389 11 12 0.17504026 
60 415 11 14 0.17365582 
71 398 14 16 0.17268835 
424 349 8 9 0.17193593 
239 312 7 10 0.17025805 
87 230 7 8 0.1697821 
5 410 14 17 0.16903843 
137 286 8 10 0.1681203 
80 308 8 9 0.16775434 
207 334 7 11 0.16720334 
22 245 7 9 0.16715637 
54 248 8 9 0.16621888 
128 369 7 10 0.16546029 
507 335 7 9 0.16328801 
31 260 8 11 0.16256256 
168 316 8 10 0.16058265 
184 364 10 12 0.15972702 
125 310 8 10 0.15739945 
465 368 7 9 0.15728666 
64 304 8 11 0.15565605 
127 374 9 10 0.15553503 
86 278 8 9 0.15473078 
521 328 7 9 0.15123688 
438 327 8 10 0.14984708 
885 361 9 11 0.14454266 
158 297 7 10 0.14285369 
48 247 8 9 0.14169635 
400 318 8 10 0.13568959 
337 310 7 9 0.13485906 
113 264 6 8 0.13432086 
0 350 6 11 0.13395081 
177 302 7 10 0.13372178 
37 191 7 10 0.1336055 
25 215 8 10 0.13313258 
290 328 7 9 0.13252877 
0 283 7 13 0.13238661 
113 357 9 13 0.13188933 
79 206 8 9 0.12939435 
244 367 8 11 0.12769152 
96 288 7 10 0.12717722 
81 231 7 9 0.12615724 
122 302 7 9 0.1254722 
449 391 7 9 0.12543058 
159 342 8 11 0.124283835 
25 221 8 10 0.123615064 
254 327 8 10 0.12186997 
320 336 7 8 0.1214806 
200 264 7 8 0.12106754 
40 223 7 8 0.1205169 
415 288 7 9 0.12025281 
359 325 8 11 0.119435646 
320 303 8 9 0.11939931 
118 357 9 11 0.11887618 
38 311 9 12 0.11861413 
875 489 34 39 0.116752416 
40 344 10 12 0.11622175 
469 368 7 10 0.11613507 
318 320 8 10 0.11531007 
272 360 7 9 0.115299135 
124 409 12 14 0.114537515 
374 309 8 10 0.11422719 
122 254 7 9 0.114133105 
233 312 8 10 0.11386617 
64 276 9 12 0.11381681 
156 402 12 17 0.11256923 
257 374 9 11 0.11238722 
2 198 8 11 0.11205771 
470 351 7 9 0.11199234 
94 382 8 10 0.11126063 
254 272 7 8 0.11117276 
112 224 7 9 0.11090736 
283 374 7 10 0.110523306 
118 270 8 10 0.109411985 
37 365 10 11 0.1083371 
1 414 9 14 0.10813499 
126 295 8 9 0.10773955 
311 295 7 9 0.1070262 
152 350 8 9 0.10535979 
347 452 13 15 0.105049774 
160 426 13 16 0.10381668 
305 286 7 9 0.103761 
193 311 7 9 0.10336339 
174 382 9 11 0.103361525 
142 280 8 10 0.10293105 
57 224 7 8 0.10266648 
487 312 7 8 0.10221646 
488 341 7 9 0.10192299 
48 215 7 8 0.101437494 
134 382 8 11 0.10098576 
96 271 8 10 0.100526035 
73 233 7 8 0.1003981 
327 303 6 8 0.10026297 
207 365 9 10 0.10022886 
63 224 6 8 0.100150816 
210 360 7 9 0.09946764 
17 192 7 9 0.098211385 
7 240 8 10 0.09765925 
927 203 28 27 0.097597286 
213 359 7 9 0.097395204 
132 413 10 13 0.09709772 
513 360 7 9 0.09692223 
208 312 8 9 0.09582972 
182 297 7 9 0.09581224 
49 208 7 9 0.09564674 
241 278 7 10 0.095645435 
113 229 6 9 0.095116675 
201 303 7 9 0.09451623 
136 294 7 10 0.09440809 
441 302 7 9 0.09379351 
433 312 6 8 0.093600795 
455 391 7 10 0.093591034 
0 334 7 11 0.09348455 
97 308 8 10 0.093086645 
263 343 7 9 0.09242313 
160 336 8 11 0.09236471 
39 255 9 10 0.09184593 
142 286 7 10 0.09163408 
126 400 10 12 0.091266364 
98 264 7 9 0.090895176 
474 385 7 8 0.0908913 
166 408 15 18 0.09079495 
370 287 7 9 0.09049871 
486 361 8 9 0.08960162 
263 279 7 9 0.08924826 
201 381 11 14 0.08886796 
434 328 8 9 0.08870952 
32 366 8 10 0.08864848 
482 359 8 9 0.08790306 
11 356 8 11 0.08722312 
1 279 8 13 0.08636899 
23 206 7 9 0.08624447 
35 316 10 12 0.0861032 
440 359 8 9 0.085822284 
70 382 9 11 0.08574134 
118 335 7 10 0.0847022 
393 352 7 8 0.08407018 
319 326 7 9 0.0840467 
446 287 8 8 0.0840365 
31 221 7 9 0.08382078 
199 374 8 10 0.08374012 
184 412 11 14 0.083326146 
434 391 7 10 0.08264972 
449 374 8 11 0.08247522 
438 391 7 10 0.082219645 
528 350 8 10 0.08185043 
337 304 7 9 0.08148528 
191 273 6 8 0.08137376 
38 327 8 9 0.081130266 
312 341 7 9 0.0802675 
246 374 8 11 0.08014435 
432 383 6 9 0.08013987 
79 201 7 9 0.07907886 
889 545 13 16 0.078677386 
527 397 7 9 0.07845783 
424 318 6 8 0.078422494 
177 296 7 9 0.078417204 
230 293 8 11 0.078289166 
48 241 6 8 0.07825508 
328 357 8 10 0.07794667 
57 214 6 8 0.07778759 
111 274 10 13 0.07758713 
215 312 7 10 0.07754385 
224 287 7 9 0.077425666 
328 285 6 9 0.07715967 
498 352 6 8 0.07707633 
447 303 6 7 0.07695621 
29 216 7 10 0.07645253 
442 298 6 8 0.076360814 
152 269 7 9 0.07611413 
377 367 7 9 0.07559365 
416 304 7 9 0.07554732 
441 321 6 8 0.07504618 
379 350 7 10 0.0749488 
375 304 7 10 0.074906625 
478 384 7 9 0.07421198 
81 248 8 9 0.07411748 
201 317 8 11 0.073749214 
368 343 8 10 0.0733638 
413 423 8 10 0.073196806 
21 396 10 13 0.07317821 
343 303 8 10 0.07290601 
422 382 8 10 0.07271509 
128 225 7 8 0.07213684 
207 316 8 10 0.071898535 
448 321 6 7 0.07185604 
145 295 8 11 0.07181585 
313 326 7 10 0.07175315 
490 399 7 8 0.07173373 
225 303 8 9 0.07161517 
28 278 10 13 0.071559295 
30 283 10 13 0.070941344 
46 355 9 11 0.070686474 
74 207 6 9 0.07049194 
54 318 9 11 0.07030178 
217 279 7 9 0.07002639 
162 271 7 9 0.06981664 
423 312 6 9 0.06964733 
487 365 8 10 0.06957708 
87 272 7 10 0.069520555 
56 426 12 16 0.06925604 
497 328 6 8 0.06906113 
138 281 8 10 0.06889852 
313 337 6 8 0.06875821 
409 407 9 13 0.068245046 
417 310 8 9 0.068213806 
382 352 7 9 0.06802095 
119 352 9 11 0.067819424 
247 319 7 9 0.0677995 
422 375 8 10 0.067715295 
232 289 7 9 0.06696444 
239 273 7 8 0.066835195 
466 351 7 9 0.06661095 
97 224 7 9 0.06651241 
88 287 9 10 0.06649557 
145 301 8 9 0.066485986 
96 377 8 10 0.0664248 
96 304 7 10 0.066317156 
8 223 7 10 0.06628864 
328 336 6 8 0.066109486 
519 391 8 9 0.065497994 
64 209 7 8 0.06540527 
255 334 7 10 0.06523632 
112 341 8 11 0.065233715 
208 296 7 9 0.065000035 
239 406 11 15 0.06483893 
257 256 7 8 0.064824 
310 288 7 9 0.06460524 
184 309 7 9 0.064295314 
128 248 7 9 0.06424943 
169 385 10 12 0.063777536 
503 401 7 9 0.063509315 
432 295 6 8 0.06339227 
56 209 7 9 0.06330353 
355 319 7 9 0.063301854 
506 304 7 8 0.06306344 
916 311 14 17 0.06285001 
40 333 8 10 0.06272432 
417 350 7 10 0.06269373 
152 358 9 11 0.062532514 
352 311 7 9 0.062454198 
321 279 7 10 0.062411968 
318 310 8 9 0.0621895 
80 292 7 11 0.062152512 
5 276 9 13 0.06209568 
118 364 9 12 0.061978217 
479 303 7 8 0.061859626 
16 223 7 9 0.061359275 
270 309 7 9 0.061278563 
293 335 7 10 0.061178096 
306 342 6 8 0.06111571 
278 279 7 9 0.061010357 
322 351 7 10 0.060884956 
214 391 10 13 0.06079233 
121 390 9 11 0.060727824 
121 249 8 9 0.060618203 
0 254 6 12 0.060290925 
170 302 7 8 0.060127787 
199 287 6 9 0.059941128 
954 303 9 11 0.059119806 
175 337 8 9 0.05875754 
376 295 7 8 0.05873647 
374 288 7 8 0.058069605 
512 383 8 9 0.057988778 
498 319 5 7 0.057966862 
136 247 6 9 0.057794325 
481 353 7 8 0.05776421 
218 430 9 12 0.05763996 
39 231 7 9 0.05748775 
535 382 7 9 0.057160594 
314 303 7 9 0.057151176 
398 351 7 8 0.0571297 
455 335 7 9 0.0570499 
141 357 9 11 0.056863133 
112 350 8 11 0.056854833 
1011 444 10 14 0.05681528 
199 369 8 9 0.05663582 
315 311 6 8 0.056582272 
56 396 9 12 0.056565765 
230 412 10 13 0.056285527 
111 209 6 8 0.056176674 
193 317 7 9 0.056160726 
433 332 9 10 0.056108184 
239 303 7 9 0.05605441 
474 303 7 8 0.055851772 
18 245 7 9 0.055851247 
242 396 10 14 0.055758916 
110 414 12 14 0.055735406 
125 303 8 10 0.055626784 
45 343 8 11 0.05530557 
481 336 7 9 0.05528848 
177 287 7 9 0.0552232 
201 296 6 9 0.05519445 
215 317 7 9 0.055193506 
418 382 7 10 0.054891706 
82 225 6 8 0.05477783 
102 310 8 10 0.05471537 
273 272 8 9 0.054541614 
422 390 7 9 0.054364447 
510 305 7 8 0.054343343 
218 397 11 15 0.05413167 
177 374 9 12 0.05400494 
336 440 12 15 0.053811926 
382 367 7 9 0.05375397 
136 349 10 13 0.053481385 
118 399 11 12 0.05346131 
34 295 10 11 0.05345875 
247 280 7 8 0.053423315 
46 311 8 10 0.053421125 
181 371 10 12 0.053026736 
256 280 7 8 0.052912887 
122 297 8 10 0.0528502 
522 333 7 9 0.05261962 
224 310 9 10 0.052586563 
169 256 7 9 0.052506912 
260 379 9 12 0.052490003 
142 342 10 11 0.05239532 
457 342 7 10 0.05227376 
422 304 6 8 0.05226436 
209 420 10 13 0.052203078 
240 350 7 9 0.05204646 
96 239 6 9 0.051980793 
256 352 8 10 0.05190142 
110 405 11 14 0.051830515 
126 253 8 9 0.05169063 
221 411 13 15 0.051624443 
168 337 8 10 0.051490776 
191 277 6 9 0.051413093 
64 214 7 8 0.05109538 
73 349 8 10 0.050991885 
77 392 11 12 0.05095761 
218 403 13 15 0.050888862 
65 230 6 9 0.050877295 
200 269 8 9 0.05085888 
400 313 7 9 0.050625935 
994 328 8 10 0.049981195 
42 216 7 9 0.049793724 
79 414 10 13 0.049785167 
271 295 8 9 0.049770202 
473 389 8 10 0.049541667 
177 342 7 9 0.049536575 
212 383 9 11 0.049486376 
293 327 7 9 0.048972692 
230 358 9 11 0.048909184 
113 329 8 10 0.048778158 
95 246 7 10 0.048774663 
473 325 7 9 0.048559334 
381 374 7 10 0.04839941 
72 237 7 9 0.04820861 
92 387 11 13 0.048176605 
129 229 8 10 0.048049822 
185 278 8 10 0.048038233 
142 349 10 12 0.047824364 
32 311 11 13 0.04770516 
337 366 8 11 0.04764232 
753 220 42 37 0.047133528 
487 337 7 10 0.047049772 
207 265 6 9 0.046863984 
456 305 6 7 0.046771906 
528 344 8 10 0.046670128 
377 383 7 10 0.046626464 
226 294 8 10 0.046597242 
87 304 8 10 0.046577707 
371 304 7 9 0.046506807 
497 359 7 9 0.046497095 
215 272 8 10 0.04648988 
249 272 8 9 0.04644756 
471 344 7 8 0.046446647 
131 405 11 15 0.046365738 
250 327 8 10 0.046083156 
70 304 8 11 0.04605686 
449 327 7 10 0.04590926 
391 336 7 8 0.04588915 
369 311 7 9 0.045751464 
186 272 7 9 0.045642033 
190 346 7 9 0.04561485 
536 360 8 10 0.04540523 
264 273 6 8 0.045224607 
103 262 7 9 0.045158338 
88 226 6 8 0.045102138 
326 352 8 10 0.045081712 
210 409 15 18 0.045068465 
136 240 6 8 0.04503408 
125 357 7 10 0.045030314 
384 391 7 9 0.044783838 
183 345 8 10 0.044659015 
72 326 9 12 0.04430915 
506 340 8 10 0.044161912 
200 405 9 12 0.044080444 
503 376 7 9 0.044058036 
15 168 7 9 0.043951835 
423 368 7 9 0.043937847 
279 272 7 9 0.043603193 
247 384 9 11 0.043478437 
463 313 6 7 0.043297704 
393 319 7 9 0.043237872 
168 297 7 9 0.043229178 
463 343 7 9 0.043062713 
391 305 6 9 0.042849742 
72 332 9 11 0.04273975 
214 365 8 11 0.04267159 
32 231 8 10 0.04252361 
180 404 11 15 0.04221942 
416 343 7 10 0.042189967 
257 357 7 8 0.042029977 
326 281 7 9 0.04190919 
120 264 8 10 0.04168207 
505 311 7 9 0.04154251 
406 365 9 11 0.041513517 
457 311 6 8 0.04138308 
82 359 9 12 0.04122554 
400 288 7 9 0.041133154 
152 288 6 9 0.041116156 
439 384 7 9 0.04107925 
167 264 7 9 0.04107231 
64 200 7 8 0.040989842 
256 342 8 9 0.040957354 
62 391 10 12 0.040910207 
232 344 8 9 0.040751815 
145 271 7 9 0.040658046 
430 350 7 9 0.040566012 
1 239 8 10 0.040492516 
405 320 8 9 0.040444404 
438 397 7 9 0.040381324 
225 366 8 11 0.040320877 
384 304 8 9 0.0403182 
479 319 6 9 0.040230986 
103 303 7 9 0.04014084 
256 286 7 8 0.040133037 
160 254 7 9 0.040105693 
529 359 7 10 0.04001104 
947 324 9 12 0.03999244 
517 385 8 9 0.039893106 
554 350 10 12 0.03984472 
104 277 9 11 0.03983035 
392 311 6 9 0.039773643 
126 316 10 13 0.03967385 
193 305 7 9 0.039605636 
206 375 8 10 0.039579313 
152 265 7 9 0.03956865 
541 359 8 11 0.039491944 
258 309 8 10 0.039379578 
360 314 8 10 0.039368957 
104 294 7 9 0.03922305 
71 215 7 9 0.03917865 
256 368 9 12 0.039154552 
161 313 7 8 0.039117314 
234 273 7 8 0.03906533 
206 303 8 9 0.03901908 
57 311 8 10 0.038945504 
369 335 7 9 0.0389162 
510 341 7 9 0.038910132 
34 184 7 9 0.038892906 
539 470 23 27 0.038808398 
213 420 12 14 0.038792536 
504 319 6 8 0.038570408 
111 214 7 8 0.03827366 
74 344 8 11 0.038256757 
256 320 8 10 0.03799866 
247 351 8 10 0.037994023 
24 404 10 14 0.037962686 
39 197 7 9 0.03796089 
136 343 10 11 0.037900146 
274 278 7 9 0.037842106 
173 428 13 15 0.037786547 
151 279 8 10 0.037765227 
66 184 7 9 0.03773706 
223 328 8 10 0.03767138 
139 335 7 9 0.037642304 
48 316 8 11 0.03752878 
206 327 10 12 0.03751776 
367 360 8 11 0.037305895 
359 366 7 10 0.037291553 
153 255 7 8 0.0370997 
18 174 7 10 0.03708643 
215 327 8 11 0.037072137 
321 298 8 9 0.03699235 
314 319 8 10 0.03696528 
489 327 7 9 0.036904998 
449 368 8 9 0.036886074 
200 311 8 10 0.03679644 
102 288 8 10 0.036780566 
1008 389 11 15 0.036657408 
441 352 7 9 0.036585692 
21 382 11 13 0.036252383 
158 398 19 24 0.036229495 
542 305 7 9 0.036168873 
447 383 7 8 0.0361057 
417 389 8 10 0.036004715 
120 373 9 11 0.035967663 
72 223 7 9 0.035894148 
455 373 7 10 0.035797138 
488 318 6 8 0.035754275 
160 287 7 10 0.035684407 
32 301 9 11 0.035601106 
281 256 6 8 0.035577808 
216 254 7 8 0.035561275 
377 358 8 10 0.03553953 
214 296 7 8 0.035509545 
406 360 9 11 0.035326574 
278 359 8 10 0.035320047 
57 229 8 9 0.03526497 
473 313 7 7 0.03505149 
80 237 8 10 0.035016365 
246 296 8 10 0.035008404 
87 395 11 15 0.03500493 
366 445 15 17 0.035004515 
284 289 8 9 0.03499978 
119 341 9 11 0.034955487 
358 376 7 8 0.034815356 
487 297 7 7 0.03474226 
38 301 8 10 0.03472991 
288 270 7 9 0.03469422 
104 223 7 10 0.034694143 
133 318 9 12 0.03466424 
269 344 8 10 0.03465907 
287 294 8 9 0.034571223 
85 260 8 10 0.03448916 
304 365 7 9 0.034449235 
295 297 7 8 0.034426443 
401 305 7 9 0.034389332 
473 337 7 9 0.03438273 
341 367 8 11 0.034262758 
167 276 8 10 0.03426196 
450 334 7 9 0.034247722 
262 368 10 12 0.034076795 
74 202 7 8 0.03403283 
174 241 7 8 0.033977084 
248 256 7 8 0.033908393 
60 256 8 11 0.03388711 
305 337 7 9 0.03386514 
287 393 8 10 0.0338443 
487 302 6 7 0.033660434 
306 327 7 10 0.033622164 
86 248 7 9 0.033614524 
189 349 9 11 0.033614516 
25 255 8 10 0.03354462 
93 326 8 10 0.033518426 
17 291 10 13 0.03350606 
456 369 7 9 0.03348998 
327 380 9 11 0.0334013 
134 418 10 14 0.033365764 
926 396 9 10 0.033334468 
232 350 7 8 0.03320854 
0 355 6 11 0.03315437 
126 341 9 11 0.033036307 
105 214 7 9 0.032929294 
464 372 7 9 0.0329261 
62 396 12 15 0.032909945 
297 279 9 11 0.032845892 
1008 335 8 10 0.032754023 
413 335 7 10 0.032677125 
521 398 8 10 0.032674007 
31 238 8 10 0.032672774 
22 333 8 10 0.032480486 
87 389 10 12 0.032432243 
7 397 11 13 0.032404255 
240 316 8 10 0.032390136 
218 286 7 9 0.032293316 
135 254 8 9 0.032292217 
17 240 7 10 0.032272987 
356 422 10 12 0.03223698 
18 205 8 10 0.032198858 
112 318 7 10 0.032188874 
125 387 11 13 0.032160826 
208 271 7 9 0.03209899 
42 248 8 10 0.032094505 
153 345 9 11 0.03205498 
381 327 8 10 0.032002058 
87 351 8 10 0.031944655 
84 414 10 13 0.0318845 
391 326 8 9 0.031770155 
496 400 7 9 0.031718522 
38 184 7 9 0.031677607 
88 238 7 9 0.03160399 
443 287 7 8 0.03152406 
269 365 9 11 0.031403273 
178 349 9 11 0.031382225 
170 239 7 8 0.031349253 
543 342 7 10 0.031297546 
536 397 7 11 0.031241111 
495 312 7 8 0.031199766 
368 264 7 8 0.031185264 
266 298 7 9 0.031182347 
440 344 7 9 0.031150792 
513 400 7 9 0.031100566 
383 296 7 8 0.031051807 
558 352 10 15 0.031043774 
136 326 8 10 0.03098651 
229 387 10 13 0.030879451 
56 284 8 11 0.030812722 
336 287 6 9 0.030788433 
424 336 7 9 0.030731821 
16 262 9 11 0.030725025 
412 412 9 12 0.030712886 
33 360 9 11 0.030705364 
883 542 25 29 0.030684853 
329 364 8 12 0.030674184 
409 304 7 9 0.03063069 
414 443 10 12 0.030430248 
536 336 7 9 0.030402169 
520 313 6 8 0.030365752 
438 332 8 11 0.030298308 
240 295 8 10 0.030274402 
465 287 7 8 0.030158957 
337 372 9 12 0.030158456 
24 261 9 12 0.030121332 
359 332 8 10 0.030118302 
185 254 8 10 0.030074233 
337 281 7 8 0.03002389 
495 383 7 9 0.029989788 
47 223 7 9 0.029859101 
263 350 7 10 0.029811867 
263 286 7 8 0.02977261 
17 283 11 14 0.02976936 
466 359 8 9 0.029752314 
777 216 33 42 0.029752295 
520 318 7 9 0.029692408 
6 203 9 11 0.029683143 
454 328 7 9 0.029665656 
191 254 6 9 0.029665597 
410 288 8 9 0.029631233 
384 311 8 9 0.029615961 
488 376 7 8 0.02958662 
102 382 8 10 0.029525125 
24 174 7 9 0.029502908 
90 214 7 9 0.029443102 
463 398 7 9 0.029431153 
225 372 8 10 0.029343141 
214 373 9 11 0.029321078 
382 358 8 10 0.02931251 
513 328 6 8 0.029211335 
376 345 7 9 0.029132888 
870 421 9 11 0.02903227 
122 382 9 13 0.029013235 
215 303 8 9 0.028960656 
31 175 6 8 0.028951392 
49 184 7 8 0.028940508 
69 410 13 15 0.028935323 
152 400 12 15 0.028908806 
528 366 7 9 0.028867899 
41 396 11 13 0.028769422 
327 296 6 9 0.028767467 
16 228 8 10 0.028751211 
329 310 7 9 0.028726032 
512 353 7 8 0.02872019 
447 359 7 9 0.028706469 
342 309 8 10 0.028696602 
134 263 7 10 0.028689383 
56 280 8 10 0.028673938 
247 285 8 9 0.028648024 
104 390 10 12 0.02864261 
391 356 7 10 0.028608603 
37 278 8 11 0.028565845 
240 285 8 10 0.028500274 
349 304 7 10 0.02847434 
513 320 6 8 0.028458362 
103 200 7 8 0.028434971 
91 396 12 15 0.028363915 
84 343 8 11 0.028362483 
439 312 7 8 0.028340522 
25 169 7 9 0.028328443 
463 392 8 10 0.028314693 
392 344 7 9 0.028303716 
502 352 8 9 0.028216591 
136 302 7 9 0.028205246 
81 272 9 10 0.028178167 
128 323 10 11 0.028158221 
112 257 8 9 0.02813977 
415 293 7 9 0.028128602 
935 540 35 34 0.028115448 
135 310 8 10 0.027996957 
497 377 7 8 0.027907578 
519 360 7 10 0.02773458 
222 391 10 12 0.027725045 
471 372 7 9 0.027611095 
225 358 8 10 0.027552199 
157 360 9 11 0.027472883 
487 352 7 8 0.027432138 
0 310 9 12 0.027428359 
376 320 8 10 0.027395135 
401 344 6 9 0.02735492 
341 372 9 11 0.027313307 
150 290 17 23 0.027277146 
164 387 21 27 0.027172364 
306 294 7 9 0.027149465 
48 200 7 9 0.027115008 
105 208 8 9 0.027095506 
101 376 7 10 0.026927903 
456 319 6 8 0.026922084 
125 432 14 16 0.02679021 
153 231 7 8 0.026771456 
271 350 7 10 0.026768202 
65 238 7 9 0.02675052 
1016 310 8 13 0.026744917 
418 375 8 10 0.026658768 
0 341 7 14 0.026620906 
40 238 8 9 0.026616974 
159 248 7 9 0.026610896 
1008 342 8 11 0.026576031 
15 310 9 11 0.026561307 
1007 382 10 15 0.026459467 
223 272 6 9 0.026422612 
251 389 11 13 0.026406743 
370 294 7 9 0.026370512 
239 261 6 9 0.026366798 
469 358 8 9 0.026352063 
264 358 7 8 0.026326077 
343 263 7 9 0.026301349 
162 316 7 10 0.026291937 
234 279 8 9 0.02628515 
478 391 7 9 0.02624175 
31 208 7 9 0.026239384 
210 277 7 9 0.02623219 
418 317 7 10 0.026190856 
154 238 7 9 0.02615447 
368 365 7 10 0.025904594 
150 318 8 10 0.025853751 
431 346 7 8 0.025827277 
511 310 7 9 0.025818303 
384 344 7 9 0.025720015 
64 190 8 9 0.025674103 
95 174 8 10 0.025624396 
117 429 16 18 0.025618427 
644 70 49 59 0.025616115 
247 313 7 8 0.025576228 
455 271 8 9 0.025575597 
126 337 8 9 0.025539119 
230 420 11 15 0.025529768 
465 318 6 9 0.02552844 
144 264 8 9 0.02550341 
188 418 11 14 0.025491029 
33 196 8 10 0.025433017 
285 368 9 11 0.025364343 
447 296 6 8 0.025339464 
194 287 7 9 0.025308648 
385 319 7 10 0.025242342 
47 334 8 10 0.025241148 
39 261 8 10 0.025239367 
249 342 8 9 0.025193792 
345 270 7 9 0.025170172 
481 311 6 8 0.02514254 
360 360 9 11 0.025105119 
7 192 7 9 0.024891201 
426 297 7 8 0.024853477 
88 292 9 11 0.024814805 
353 278 7 9 0.024671135 
353 375 8 9 0.024615003 
495 390 7 9 0.024580244 
142 241 7 8 0.024577608 
345 287 7 9 0.024539981 
247 249 7 7 0.024536496 
921 391 10 12 0.0244845 
360 343 8 9 0.024444005 
489 393 7 9 0.024417045 
215 264 7 9 0.024415694 
494 344 7 8 0.02441531 
96 208 7 8 0.02434218 
334 335 7 9 0.024319597 
0 245 8 11 0.024256252 
47 327 8 11 0.024248214 
402 360 8 10 0.024246823 
528 374 8 9 0.024206106 
7 254 8 11 0.024180088 
203 383 19 24 0.024156684 
262 256 7 8 0.024137696 
40 207 7 9 0.024117116 
429 423 9 11 0.024091609 
296 302 8 9 0.02404827 
888 420 10 12 0.024038995 
39 371 14 16 0.024037799 
392 384 6 9 0.024031593 
96 230 6 8 0.023985114 
526 334 7 9 0.023981916 
42 269 8 11 0.023933804 
201 325 10 13 0.023909265 
96 276 8 11 0.02389538 
239 360 9 12 0.023891855 
153 248 7 9 0.02388146 
320 271 7 9 0.02385535 
16 217 7 9 0.023841953 
94 335 9 11 0.023777207 
881 468 11 14 0.02374749 
351 287 7 9 0.023733925 
889 491 18 21 0.023727383 
88 207 7 9 0.023724362 
353 335 7 9 0.02371075 
383 272 6 8 0.023666346 
943 364 9 12 0.02362404 
345 296 7 8 0.023621762 
432 272 7 8 0.023586748 
240 382 9 10 0.023503073 
503 328 7 8 0.0235017 
71 357 9 12 0.023496004 
339 256 7 8 0.023472732 
287 264 7 9 0.023456266 
48 252 8 10 0.023376765 
128 289 9 10 0.023368677 
405 328 19 25 0.023354799 
334 360 8 10 0.023316612 
71 309 8 9 0.023251735 
345 335 7 9 0.023179406 
62 404 14 15 0.023151008 
354 366 7 10 0.023142746 
72 286 10 12 0.023042072 
95 255 8 11 0.023029152 
96 215 7 9 0.023001542 
153 370 10 12 0.022903265 
400 324 7 9 0.022882037 
182 287 8 9 0.022850424 
10 216 7 9 0.022783328 
56 404 9 12 0.022672713 
682 344 241 258 0.022640878 
424 407 8 10 0.02262025 
432 289 6 8 0.022609795 
23 328 7 10 0.022582138 
531 384 7 9 0.022571025 
706 126 41 52 0.02247441 
71 185 7 8 0.022379393 
996 437 12 16 0.022346517 
525 327 7 9 0.022336956 
134 375 8 10 0.02233593 
111 296 8 9 0.022300318 
440 365 8 9 0.022287572 
104 316 8 11 0.022266341 
167 287 7 10 0.022248637 
328 328 7 9 0.022220533 
456 350 7 9 0.022205714 
335 329 7 9 0.022160972 
365 318 7 10 0.022158887 
93 424 14 18 0.0220527 
130 240 6 8 0.022045728 
70 390 12 14 0.022007404 
949 334 10 13 0.021983894 
505 383 8 9 0.021973826 
142 382 8 11 0.021963665 
295 373 9 12 0.021954572 
322 285 7 9 0.021945704 
481 296 7 8 0.021943271 
392 287 7 9 0.02193973 
536 376 7 10 0.02179654 
408 278 7 8 0.021792633 
135 225 6 8 0.021773333 
112 302 8 9 0.021741513 
337 315 7 10 0.021715088 
46 368 11 12 0.021691855 
314 280 7 9 0.021674527 
496 288 7 8 0.021649335 
110 392 9 11 0.021600513 
535 342 7 10 0.021581722 
79 214 7 9 0.021433309 
183 262 8 9 0.021418683 
22 194 8 8 0.021414347 
150 326 8 11 0.021370752 
43 371 18 22 0.021362618 
320 341 8 10 0.021357756 
535 319 7 9 0.021346861 
495 334 7 10 0.021340922 
301 280 8 10 0.02133854 
279 352 8 9 0.021334311 
153 361 19 23 0.021331016 
287 421 9 11 0.021321287 
243 391 9 12 0.021314988 
181 352 19 24 0.021242443 
55 242 8 8 0.021236854 
937 365 10 12 0.021212405 
56 411 19 23 0.02120505 
81 191 6 7 0.02116538 
106 403 10 13 0.021153431 
173 319 8 10 0.021128979 
674 460 17 20 0.021052416 
222 280 7 9 0.021039257 
8 390 11 14 0.02097159 
78 317 10 12 0.02094626 
408 272 7 8 0.020926299 
464 384 8 9 0.02088874 
23 410 10 15 0.020826718 
72 319 8 10 0.020816714 
16 183 8 10 0.020813895 
304 303 7 10 0.020805286 
6 309 9 11 0.020791719 
153 223 7 8 0.020649789 
1003 439 21 27 0.02062084 
225 334 8 10 0.020590177 
261 389 10 11 0.020587135 
298 285 9 10 0.020584134 
2 194 8 10 0.020530079 
430 376 8 10 0.020513527 
407 327 7 9 0.02046131 
991 368 9 12 0.020449456 
2 223 7 10 0.020422624 
72 263 8 10 0.02038643 
997 327 8 11 0.020228108 
360 273 8 9 0.02021712 
416 327 7 9 0.020159231 
47 231 7 9 0.020153128 
544 349 8 11 0.020139284 
503 360 7 9 0.020129288 
409 351 8 10 0.020094315 
160 327 8 10 0.020067567 
375 279 6 9 0.02005357 
38 414 11 14 0.020036297 
