35_Basketball_Basketball_35_737
48
56 33 63 89 0.9987532 
229 313 28 36 0.9968912 
846 18 84 105 0.99521 
767 22 81 106 0.99177516 
646 229 59 93 0.990288 
955 432 21 28 0.95891076 
204 339 27 32 0.7832667 
39 319 87 65 0.49915186 
699 238 65 83 0.48154345 
938 468 19 22 0.24774924 
380 269 10 13 0.23482637 
392 98 10 13 0.19681278 
244 360 24 30 0.14062268 
242 369 16 20 0.13668986 
304 425 33 32 0.13004676 
365 279 8 10 0.12719005 
380 274 11 15 0.08932965 
389 263 8 10 0.07099432 
394 293 10 13 0.070477836 
405 260 9 11 0.06440304 
411 119 34 34 0.06315747 
384 265 10 12 0.060944293 
911 18 93 136 0.058741707 
488 379 49 66 0.049053416 
360 303 11 13 0.048431758 
218 320 26 34 0.04422061 
363 282 11 14 0.0427419 
236 374 17 22 0.039287284 
389 278 9 13 0.03752974 
392 285 10 12 0.033527803 
502 339 32 41 0.032309607 
365 305 10 13 0.031932198 
415 296 10 11 0.02897054 
357 317 15 18 0.027901402 
242 373 27 37 0.027051935 
717 216 89 111 0.026569203 
492 480 44 61 0.025773432 
405 286 11 13 0.025104254 
407 294 10 12 0.023741892 
675 221 63 95 0.02352613 
943 454 23 29 0.023318391 
415 278 10 12 0.023153696 
388 94 19 24 0.022499101 
652 229 35 57 0.021753032 
516 440 14 18 0.021279793 
234 354 40 50 0.020932453 
256 356 29 39 0.020897754 
400 257 10 13 0.020816294 
