35_Basketball_Basketball_35_304
18
768 266 30 39 0.98673844 
701 251 28 37 0.9817904 
865 347 56 58 0.1135682 
712 261 17 24 0.05976209 
282 109 451 442 0.049376488 
855 422 49 58 0.04926138 
758 296 15 21 0.044321306 
700 256 43 54 0.0430084 
715 265 26 35 0.032439236 
789 213 10 13 0.029859705 
763 341 45 49 0.029273408 
770 312 19 22 0.028823884 
721 266 14 21 0.027000977 
-18 99 468 462 0.026662407 
693 258 14 22 0.026443265 
142 2 424 441 0.023959553 
846 423 36 42 0.022036057 
741 296 28 31 0.020852298 
