35_Basketball_playingbasketball_35_248
64
492 922 31 39 0.9985002 
168 890 26 32 0.9887827 
154 956 29 39 0.9552116 
815 859 20 24 0.9038959 
143 854 18 22 0.8870714 
652 859 18 22 0.72547245 
631 893 56 51 0.6944492 
392 828 35 40 0.6792082 
289 854 9 13 0.5743733 
531 1088 25 33 0.20519571 
623 908 46 45 0.17429559 
651 887 42 36 0.1683 
503 374 114 137 0.1562121 
30 895 13 18 0.11101995 
487 800 9 11 0.09674387 
28 894 21 29 0.08648179 
909 838 18 21 0.08636497 
1012 715 11 16 0.06528226 
297 950 10 14 0.06052861 
755 1356 13 14 0.057531327 
648 865 15 19 0.04598703 
407 828 32 35 0.044402372 
446 770 16 19 0.04284651 
429 825 21 33 0.039984327 
305 836 10 12 0.038856357 
127 911 41 47 0.038131446 
503 773 26 34 0.03789036 
446 328 186 243 0.037477497 
131 843 12 15 0.03682769 
527 1079 41 56 0.0337744 
824 847 9 11 0.033634625 
510 793 14 19 0.032385454 
117 987 35 37 0.032221556 
750 1346 14 18 0.030476596 
363 154 31 28 0.030224161 
282 853 11 13 0.030006623 
494 798 10 13 0.029864844 
940 795 10 11 0.029770393 
398 809 12 14 0.02880785 
877 819 9 12 0.028585263 
292 856 10 13 0.02823854 
418 842 15 18 0.028186783 
905 812 9 11 0.028044982 
292 848 11 15 0.027901195 
403 831 16 20 0.027848853 
596 717 415 502 0.02692928 
173 790 12 13 0.026629731 
137 971 40 43 0.026501292 
151 850 16 24 0.02603687 
934 758 11 15 0.025228046 
9 807 7 10 0.024897201 
406 810 12 13 0.024626995 
136 856 15 21 0.02410832 
632 887 35 39 0.023441033 
896 845 23 25 0.023164574 
894 834 11 14 0.023109857 
114 909 15 24 0.023012497 
350 878 9 12 0.021361774 
145 938 41 47 0.021288842 
410 847 27 32 0.021065451 
134 824 10 12 0.020738829 
544 1096 16 21 0.020686122 
505 788 28 36 0.020451155 
657 906 37 41 0.020160545 
