35_Basketball_basketballgame_ball_35_565
1109
786 470 25 35 0.9898135 
881 354 21 28 0.9858137 
579 423 17 23 0.98508483 
533 449 16 20 0.9767626 
800 427 21 28 0.971817 
540 326 13 15 0.97180307 
898 290 18 23 0.9614587 
517 434 15 20 0.95802885 
797 331 17 25 0.950938 
614 343 14 18 0.94168305 
867 432 21 28 0.938479 
828 229 12 15 0.9349816 
702 386 21 28 0.92582655 
876 459 21 29 0.9073547 
868 216 14 19 0.8970103 
963 282 18 22 0.88981926 
802 259 13 17 0.8797167 
780 384 20 25 0.85630125 
223 449 13 20 0.85313374 
404 415 12 15 0.8441508 
705 484 26 31 0.84059834 
708 314 13 16 0.81939924 
590 474 20 27 0.8173178 
315 423 15 18 0.806862 
733 308 14 19 0.79563504 
501 369 12 16 0.7652175 
443 415 12 16 0.7629852 
947 355 18 24 0.76146215 
915 255 12 15 0.7585977 
646 325 11 15 0.7547995 
172 454 16 19 0.7482482 
660 308 12 16 0.7453709 
639 224 7 10 0.74518335 
567 310 11 15 0.7406232 
784 186 10 14 0.72147816 
687 308 12 15 0.7188592 
763 250 12 16 0.7094594 
137 451 13 18 0.69521195 
519 338 12 15 0.68588734 
437 341 10 13 0.67002183 
551 434 14 19 0.65778786 
256 458 16 20 0.65301603 
792 316 13 18 0.6522234 
928 394 17 21 0.637842 
956 245 13 16 0.63285106 
847 180 10 12 0.6182348 
400 341 10 13 0.6156337 
382 409 13 18 0.6000434 
549 280 9 11 0.59906536 
722 285 12 15 0.5986443 
939 234 13 17 0.5930656 
670 327 12 14 0.58465695 
470 380 13 16 0.56534046 
856 251 13 18 0.5523065 
854 194 13 16 0.5235995 
605 430 16 21 0.512763 
275 460 15 20 0.5082869 
196 455 13 18 0.50765496 
817 277 14 17 0.49820164 
650 349 12 16 0.48510942 
978 266 13 16 0.46047184 
160 390 7 9 0.45441005 
547 367 12 15 0.44253865 
204 413 9 12 0.44027716 
491 398 13 17 0.4372918 
870 468 26 34 0.4245015 
660 290 13 16 0.4081378 
828 384 17 23 0.4010859 
636 304 9 12 0.3918635 
704 247 11 15 0.38509727 
382 390 13 17 0.37769827 
672 263 10 13 0.3760522 
688 491 27 39 0.36766523 
381 342 10 12 0.3586422 
133 435 10 13 0.35602087 
332 374 9 11 0.3540629 
676 496 29 40 0.33129424 
70 406 10 12 0.32967445 
457 310 9 12 0.32860062 
181 368 8 10 0.32683936 
868 513 22 27 0.32610288 
868 486 16 21 0.32598406 
501 422 13 16 0.3244751 
443 367 12 15 0.3237745 
842 277 12 15 0.32302588 
785 233 12 16 0.31806263 
718 251 10 12 0.31785738 
633 270 9 12 0.31384712 
515 356 12 15 0.31026515 
614 300 10 13 0.30367875 
464 349 10 13 0.2889016 
116 424 10 12 0.28380933 
424 452 12 15 0.2824652 
419 337 10 13 0.26996002 
700 349 15 18 0.26821283 
378 343 9 12 0.26667887 
99 452 12 15 0.26151252 
910 234 12 14 0.2611747 
669 369 15 23 0.26010534 
817 210 11 16 0.25805452 
293 398 10 13 0.25157478 
117 391 9 12 0.24349168 
426 311 8 10 0.2432999 
469 451 16 20 0.24303357 
386 393 13 17 0.24103557 
255 372 9 10 0.23789774 
197 430 10 12 0.2372482 
347 583 15 16 0.23715849 
425 404 12 15 0.23431756 
455 391 11 14 0.23078161 
753 293 9 13 0.2253555 
793 322 16 21 0.21846507 
388 449 14 18 0.21743466 
480 422 12 15 0.21563348 
799 290 13 16 0.2127268 
189 414 8 11 0.21123827 
309 451 15 19 0.21073107 
486 366 12 14 0.21036056 
670 299 12 15 0.2089819 
306 465 15 19 0.2064464 
756 300 10 14 0.20276886 
760 465 16 21 0.19905221 
494 325 10 14 0.19723856 
339 358 8 11 0.19544888 
550 343 11 14 0.19001992 
662 256 8 11 0.18179935 
879 173 9 11 0.18116643 
870 443 23 30 0.17794952 
663 231 10 11 0.176878 
565 349 11 14 0.1750824 
470 294 8 10 0.17307389 
729 478 22 33 0.17048211 
979 147 11 13 0.16888216 
939 484 16 19 0.16758473 
529 294 9 10 0.16662998 
240 396 9 11 0.1661331 
778 266 13 15 0.16471264 
820 207 11 14 0.16466707 
14 389 8 11 0.16367681 
889 250 11 15 0.16208255 
680 349 12 14 0.16198334 
830 372 15 17 0.16097379 
844 314 15 19 0.15887262 
752 445 13 17 0.1577221 
264 457 19 24 0.15704486 
463 343 10 13 0.15644743 
1 416 8 12 0.1506678 
313 351 8 10 0.15018135 
352 326 7 10 0.15014109 
469 356 9 11 0.15008543 
774 443 15 18 0.14975712 
335 446 20 25 0.14940274 
129 430 11 14 0.14930645 
532 252 9 11 0.14872518 
461 316 9 12 0.14856401 
87 404 10 11 0.14796375 
408 289 7 9 0.14708078 
719 485 25 34 0.14606908 
238 411 9 13 0.14404155 
566 340 10 13 0.14372244 
747 360 15 20 0.14358968 
750 287 10 12 0.1414291 
680 253 10 12 0.13949795 
200 407 11 14 0.13898863 
688 271 11 13 0.13696098 
245 384 9 10 0.13643442 
198 381 8 10 0.13631761 
850 435 15 20 0.13590758 
529 249 10 11 0.13531661 
489 357 11 13 0.131417 
708 249 12 15 0.1313913 
669 230 9 11 0.13066262 
698 325 11 14 0.13015962 
184 388 8 10 0.12906125 
157 441 14 16 0.12819418 
619 397 14 17 0.12799232 
198 376 8 10 0.12611356 
616 279 8 11 0.12609786 
38 433 9 11 0.124282375 
494 411 14 17 0.123883575 
394 482 13 18 0.12325929 
1009 195 9 13 0.123139404 
703 208 8 10 0.122997366 
278 372 8 11 0.122104555 
447 287 8 10 0.12118281 
352 352 8 10 0.11951846 
916 162 12 15 0.119255446 
656 267 9 13 0.11918163 
70 436 10 11 0.119071014 
407 387 12 16 0.118392386 
216 429 11 13 0.11811571 
503 255 7 9 0.11810752 
391 308 8 11 0.11804599 
414 311 9 11 0.1159003 
101 439 9 12 0.11521982 
657 237 10 12 0.11518827 
182 374 8 9 0.11417744 
724 280 10 13 0.113962434 
425 315 11 14 0.11382537 
834 379 13 17 0.11296401 
83 491 13 18 0.112546265 
112 395 9 11 0.11197896 
702 380 15 19 0.11185882 
572 350 9 12 0.111512825 
685 230 10 12 0.11058312 
56 400 8 10 0.1083966 
237 472 15 22 0.10814732 
377 326 8 9 0.107373156 
612 308 11 15 0.106601946 
15 415 10 12 0.10603545 
751 189 9 11 0.105879195 
960 249 15 17 0.105631985 
976 197 11 13 0.10553804 
545 283 8 11 0.10496305 
992 199 10 12 0.10478609 
735 469 20 29 0.10451503 
501 301 11 14 0.10257496 
322 333 8 10 0.10225795 
76 404 10 12 0.101966664 
664 224 9 11 0.10183758 
494 366 13 16 0.10084429 
661 278 11 14 0.10060384 
55 406 9 11 0.10056519 
512 283 9 11 0.10014235 
65 407 8 11 0.10009647 
607 259 10 14 0.09945448 
495 255 8 11 0.09888243 
1004 140 15 18 0.09883636 
685 450 19 25 0.098614745 
596 388 13 16 0.09825429 
770 468 25 32 0.098185845 
523 335 11 14 0.09781117 
619 294 13 15 0.09772869 
886 262 11 15 0.09727774 
993 203 12 15 0.097253166 
605 396 12 15 0.09722457 
249 408 9 12 0.09704651 
657 262 9 13 0.0968953 
318 366 8 10 0.09672827 
617 230 9 11 0.096027225 
280 464 15 19 0.09529321 
335 365 11 13 0.09432978 
358 373 11 14 0.09391807 
632 307 10 14 0.093630776 
780 343 16 20 0.09357688 
931 283 15 20 0.09292582 
595 342 11 14 0.09279056 
469 286 8 11 0.09204972 
592 346 12 16 0.09163918 
61 422 9 11 0.091416195 
681 220 9 12 0.09109793 
215 380 8 11 0.09103497 
502 296 9 11 0.0909271 
998 291 13 18 0.08966364 
612 316 11 14 0.08912582 
582 268 10 11 0.08908511 
926 245 10 13 0.089073226 
357 379 11 14 0.087929256 
574 334 9 13 0.08720834 
669 461 17 23 0.0870853 
389 489 14 21 0.08605779 
509 363 12 16 0.085769154 
685 217 8 10 0.08495711 
787 214 12 15 0.084702864 
56 412 9 11 0.084173195 
772 546 25 29 0.08391179 
694 349 14 17 0.08363564 
365 402 13 17 0.082946725 
511 352 11 13 0.0822691 
947 238 13 16 0.08213314 
662 370 15 21 0.0818283 
481 295 8 11 0.07886413 
192 429 9 13 0.07873641 
341 364 10 12 0.07869366 
775 533 25 30 0.07846385 
606 334 11 14 0.07835237 
361 333 9 10 0.07824473 
866 410 14 18 0.07820453 
917 231 10 13 0.07816406 
359 357 8 10 0.07732642 
906 427 17 21 0.07688243 
279 368 8 11 0.07637687 
698 139 15 21 0.0763112 
405 511 25 29 0.076239824 
440 460 12 15 0.07591556 
71 401 10 12 0.07541338 
311 367 9 11 0.07516394 
235 458 14 17 0.074644774 
385 304 8 10 0.074066065 
953 206 10 12 0.07404456 
176 388 8 10 0.0738704 
353 321 8 10 0.07372757 
319 358 8 9 0.073471524 
385 404 14 19 0.073420435 
110 446 9 12 0.073259145 
432 285 7 10 0.072731405 
346 443 15 21 0.072529115 
351 374 11 14 0.07230535 
565 294 9 11 0.07202912 
666 305 12 16 0.07093757 
295 367 8 10 0.07079382 
63 412 9 12 0.070725635 
777 448 17 21 0.07065181 
623 254 9 11 0.07048217 
782 218 13 16 0.07011665 
577 264 9 12 0.06979304 
948 155 11 13 0.06958168 
142 474 14 18 0.069526136 
438 469 12 17 0.0694824 
718 345 12 15 0.06937242 
448 350 10 13 0.06847734 
848 186 12 16 0.0683725 
335 570 12 18 0.06827774 
787 184 10 12 0.068234675 
297 335 7 8 0.06791343 
878 236 11 15 0.067838475 
287 343 7 10 0.06769883 
700 290 11 14 0.06765871 
512 256 7 8 0.06755705 
995 282 13 19 0.0675397 
926 292 13 18 0.06741859 
244 388 10 13 0.06738326 
191 389 8 11 0.067083664 
447 324 8 11 0.06692259 
525 423 12 15 0.06667491 
676 459 15 21 0.06608574 
227 453 15 19 0.065966256 
692 315 12 15 0.065651186 
526 317 10 12 0.065574475 
831 213 10 13 0.06544985 
243 467 13 18 0.06538134 
453 442 13 19 0.06508181 
391 279 8 9 0.064937264 
274 374 8 10 0.06468623 
312 374 10 12 0.064429365 
849 194 12 15 0.06392071 
495 280 9 11 0.06377307 
495 261 8 10 0.06368764 
868 419 15 19 0.063302934 
568 336 11 12 0.06319368 
674 267 12 14 0.06293763 
906 438 16 21 0.06282157 
925 334 16 19 0.06278739 
402 232 7 9 0.06235028 
334 326 8 9 0.061940923 
264 336 7 9 0.06168345 
337 304 7 9 0.061263137 
536 287 8 11 0.06115004 
433 303 8 9 0.06094299 
184 429 11 13 0.06078136 
233 408 9 12 0.060684737 
663 503 30 42 0.06036303 
185 421 10 12 0.06016064 
1014 275 11 16 0.05976791 
957 206 10 12 0.059654083 
477 467 14 19 0.05956024 
444 426 13 17 0.059346635 
142 390 8 10 0.05923653 
536 270 9 11 0.058758464 
455 294 7 9 0.057901874 
324 447 22 26 0.057532202 
522 428 15 19 0.05742527 
355 411 12 16 0.05735606 
422 372 12 14 0.057309493 
472 310 9 13 0.056991544 
391 340 9 11 0.056974556 
328 326 7 11 0.05682093 
216 590 27 32 0.056705747 
816 432 16 19 0.056691647 
504 285 9 10 0.056638803 
305 367 8 10 0.056039244 
699 488 19 26 0.05591885 
88 392 8 9 0.055873655 
716 296 14 17 0.055762988 
417 294 8 10 0.055587716 
950 292 13 18 0.055556845 
343 303 7 9 0.055484656 
622 309 11 13 0.055445194 
588 228 11 14 0.055402026 
369 303 8 9 0.055226248 
599 433 15 19 0.05516493 
453 350 11 13 0.054487735 
167 389 8 10 0.053990595 
55 439 7 10 0.0539204 
802 285 13 16 0.053851333 
441 247 7 9 0.053727757 
820 289 13 16 0.053604856 
28 399 10 11 0.053561363 
591 221 10 13 0.0535436 
599 219 10 14 0.053381685 
247 344 8 8 0.053351194 
541 347 12 15 0.05315468 
516 348 12 15 0.05301772 
820 472 16 23 0.052764166 
561 293 8 11 0.052759062 
490 254 9 11 0.0527367 
477 278 8 10 0.052715417 
815 237 9 12 0.052593727 
749 447 20 26 0.052531585 
151 407 9 11 0.05241019 
591 302 11 12 0.052178547 
297 381 9 11 0.052017905 
871 508 15 18 0.051946823 
684 355 12 16 0.051826462 
462 303 8 10 0.0516964 
313 455 16 20 0.05150871 
561 355 12 15 0.05133992 
216 406 8 11 0.05114246 
618 406 17 23 0.05103206 
792 292 12 16 0.05102977 
192 384 8 10 0.050970636 
826 394 18 23 0.05069894 
101 472 10 13 0.05064868 
67 508 9 13 0.050234254 
241 344 7 9 0.050134916 
252 411 10 12 0.049909886 
574 550 11 14 0.04990618 
288 402 11 13 0.049801107 
641 401 15 22 0.04967008 
378 491 22 28 0.049666196 
387 520 18 20 0.049640793 
606 324 11 14 0.049434256 
748 461 21 29 0.04917513 
497 235 8 11 0.049133196 
136 390 9 10 0.04910784 
415 289 6 9 0.049105946 
731 493 23 32 0.04909474 
992 392 21 30 0.049006704 
296 374 8 11 0.049006328 
406 216 9 11 0.048958477 
7 420 9 11 0.048779503 
455 405 12 15 0.048752654 
727 224 9 12 0.048748676 
794 311 15 18 0.048728663 
742 214 10 12 0.048710503 
191 407 8 12 0.048609357 
152 436 14 17 0.048528973 
488 351 11 13 0.048238076 
273 367 7 10 0.04820187 
397 470 12 18 0.04816492 
429 372 12 15 0.04804245 
259 470 13 18 0.047983862 
712 278 9 12 0.04795386 
568 264 8 11 0.04762627 
710 300 13 15 0.04753715 
638 332 11 15 0.047423255 
451 410 14 17 0.0470865 
796 217 13 16 0.04667595 
754 329 15 17 0.046655066 
375 393 15 19 0.046649896 
358 320 7 9 0.04664014 
432 272 7 8 0.046585195 
431 279 8 11 0.046578232 
454 383 11 13 0.046390396 
700 493 30 41 0.046250846 
465 263 7 10 0.046165396 
525 312 10 12 0.04604224 
508 427 14 19 0.045944445 
760 473 20 29 0.0458563 
275 443 13 16 0.04582604 
327 398 10 13 0.045805547 
805 438 24 28 0.045725957 
50 405 7 10 0.045716573 
742 473 20 31 0.045684278 
457 305 8 9 0.045614064 
881 262 11 15 0.0455803 
358 405 12 16 0.045371003 
296 358 9 10 0.045328647 
184 407 9 11 0.045290202 
360 327 7 10 0.045269065 
265 359 7 10 0.04519359 
937 389 16 19 0.045103513 
242 335 6 9 0.04509653 
775 392 17 21 0.04508491 
641 324 11 15 0.04503673 
991 277 12 16 0.044977657 
348 366 10 12 0.044926032 
249 351 9 9 0.044902697 
476 612 33 37 0.04487511 
886 463 20 26 0.044865593 
988 442 20 22 0.0447416 
199 359 7 8 0.044606082 
475 339 12 14 0.04458673 
402 215 8 11 0.044503927 
361 366 10 14 0.044272598 
449 292 8 10 0.04422305 
638 387 13 15 0.044105012 
409 311 9 11 0.044052903 
600 262 9 13 0.044051953 
192 398 9 10 0.044033732 
303 374 9 11 0.043988183 
580 334 11 13 0.04395665 
868 489 25 30 0.043918673 
685 395 11 16 0.043811657 
922 504 18 23 0.04369403 
376 320 8 10 0.04361638 
552 241 7 8 0.043597266 
750 280 10 13 0.043555673 
496 270 8 9 0.04351404 
1005 306 13 16 0.043503586 
823 222 13 16 0.043495696 
686 344 11 14 0.04340411 
671 245 9 11 0.04322003 
788 450 12 17 0.04314605 
135 384 8 9 0.043145064 
451 434 14 18 0.04297249 
914 402 15 20 0.042927794 
384 357 9 12 0.04283445 
750 218 10 14 0.042819683 
858 269 12 15 0.042802148 
303 335 7 9 0.04279605 
990 331 12 16 0.042786334 
381 383 12 15 0.042642333 
491 524 14 19 0.04263266 
1012 192 10 13 0.04254505 
177 374 8 9 0.04246753 
345 327 8 9 0.042376205 
470 341 10 13 0.041951332 
111 384 8 9 0.041945968 
118 492 12 15 0.041839205 
680 228 10 13 0.041803975 
199 434 10 13 0.041702725 
344 334 7 9 0.041684564 
232 345 7 9 0.04167476 
646 509 10 14 0.041540362 
884 237 11 14 0.041404765 
317 351 8 10 0.04120082 
39 416 9 11 0.0410359 
214 344 6 9 0.040910237 
380 348 10 12 0.040901646 
479 373 11 14 0.040859673 
193 352 6 9 0.04069441 
374 309 8 10 0.04056352 
423 239 8 9 0.04054074 
273 319 6 8 0.040489234 
692 488 17 25 0.04037371 
611 416 16 23 0.040322535 
167 367 7 9 0.040234316 
491 503 12 16 0.040227707 
725 299 13 17 0.040124275 
190 422 9 12 0.040111035 
248 357 9 10 0.040079724 
796 393 15 20 0.03994159 
661 269 12 14 0.03988719 
624 261 8 12 0.039823372 
247 428 13 15 0.039815597 
1002 401 17 23 0.039754175 
190 435 10 13 0.039703038 
535 302 9 11 0.039582446 
669 237 9 12 0.039572347 
1006 221 10 13 0.039514974 
119 384 9 11 0.039440334 
828 355 13 17 0.03941193 
613 322 12 14 0.039392926 
558 362 12 16 0.039221395 
127 383 8 9 0.03919148 
465 373 11 13 0.039119855 
437 303 8 9 0.039033428 
256 556 26 33 0.038997706 
526 529 54 59 0.038932648 
1001 362 12 17 0.038837492 
460 389 12 14 0.038825408 
374 304 7 10 0.038769856 
905 483 15 21 0.038695734 
551 507 13 15 0.03852723 
424 322 10 13 0.038430408 
698 207 8 11 0.038427677 
934 487 16 22 0.038426105 
29 405 9 10 0.038307447 
336 352 8 11 0.03830091 
34 436 10 13 0.038288318 
462 444 13 18 0.03826985 
808 332 15 20 0.038172163 
745 284 11 13 0.03814231 
311 311 7 9 0.03810275 
209 351 6 9 0.038048252 
611 336 13 17 0.038005628 
163 442 14 17 0.037999824 
517 284 8 11 0.037945386 
210 344 7 10 0.037934717 
700 331 11 13 0.03783045 
788 519 17 23 0.037801735 
65 438 9 12 0.037629023 
992 377 17 21 0.037611797 
735 229 10 14 0.037603617 
481 367 11 12 0.0375525 
62 400 9 10 0.037552483 
302 381 8 11 0.037521493 
623 278 8 12 0.037496753 
750 348 15 18 0.037403923 
762 539 25 29 0.037269615 
424 246 9 11 0.03710985 
814 271 13 15 0.037070844 
472 280 9 10 0.037051864 
257 336 7 8 0.03693489 
292 441 13 16 0.036858708 
630 294 10 14 0.036851835 
423 418 13 15 0.03682032 
668 274 12 14 0.036771055 
333 379 10 12 0.03671649 
689 445 17 19 0.036676623 
513 260 8 10 0.03663395 
446 269 8 9 0.03660743 
775 454 23 27 0.036439624 
535 263 8 10 0.03638665 
595 403 16 19 0.036379576 
808 471 22 28 0.03632846 
446 264 7 10 0.036317725 
353 280 7 9 0.03613345 
980 203 12 14 0.036129512 
497 403 14 17 0.03612928 
205 436 10 12 0.036074508 
326 332 7 10 0.036055658 
953 356 22 28 0.036001686 
744 218 10 14 0.03589695 
705 310 13 16 0.035794675 
572 216 9 11 0.035769124 
533 385 13 15 0.035674304 
199 422 11 13 0.035562627 
254 344 7 8 0.035529427 
384 337 9 11 0.035483327 
382 325 8 10 0.03544051 
612 260 10 13 0.03538094 
402 475 14 18 0.03532156 
409 272 7 9 0.035240494 
518 255 8 9 0.035210993 
281 358 8 10 0.03516102 
908 418 16 20 0.034925234 
995 210 13 15 0.034817774 
215 352 7 8 0.034792148 
296 327 9 11 0.034784734 
927 275 13 17 0.034631062 
366 328 8 10 0.034551844 
137 493 11 15 0.03453688 
655 371 14 18 0.034452356 
738 213 9 12 0.034422915 
532 541 33 32 0.034366503 
423 303 8 10 0.034317706 
696 135 12 15 0.03425682 
543 247 9 11 0.034155596 
576 244 9 11 0.034088682 
432 348 11 13 0.03408305 
910 246 12 15 0.03406978 
20 413 10 12 0.034063473 
296 320 7 9 0.03405478 
401 288 7 10 0.0340435 
663 245 9 11 0.033843894 
231 349 7 9 0.033798072 
281 352 7 9 0.033742886 
376 335 9 11 0.033707436 
137 476 11 16 0.033678077 
966 151 11 13 0.033669107 
160 359 7 9 0.033572856 
637 263 9 12 0.033569846 
238 478 21 30 0.033531602 
631 264 9 12 0.03350324 
947 407 15 19 0.033481754 
441 240 7 9 0.033430126 
440 269 8 10 0.03339738 
797 559 26 34 0.033396803 
757 276 10 14 0.03336442 
465 280 7 10 0.033360228 
442 317 9 12 0.033342294 
501 231 9 11 0.033270076 
316 381 9 10 0.033264603 
225 352 7 9 0.03323298 
949 322 15 20 0.033221968 
713 477 18 24 0.0332137 
399 386 12 18 0.033143222 
488 248 8 9 0.033126824 
369 309 8 10 0.033095542 
647 513 12 17 0.032938037 
401 293 8 10 0.03285793 
724 247 11 13 0.032837335 
386 309 8 10 0.032818306 
471 300 9 11 0.03278026 
600 333 11 13 0.032766756 
428 429 11 15 0.03269284 
1012 280 13 20 0.032655507 
754 339 14 18 0.03258809 
614 255 9 12 0.03243744 
209 381 8 11 0.032411817 
551 273 9 10 0.032391667 
714 309 13 16 0.03233099 
498 295 9 11 0.032303542 
418 302 8 10 0.032286968 
151 398 8 9 0.032223597 
413 371 13 16 0.032187153 
254 358 8 10 0.032186333 
351 406 12 16 0.032167964 
327 457 22 27 0.03213937 
244 398 9 10 0.032138776 
199 367 7 10 0.03209966 
439 296 7 9 0.03209238 
463 323 9 12 0.032026175 
970 273 16 21 0.031991966 
1001 299 14 19 0.03196563 
902 448 16 20 0.031928465 
193 358 7 9 0.031924304 
25 406 9 11 0.031871594 
360 342 9 10 0.03184643 
93 398 8 11 0.031828098 
441 287 7 9 0.031759318 
829 206 10 13 0.031708144 
801 325 18 25 0.031665973 
147 470 15 20 0.031585064 
639 317 10 14 0.031554602 
903 206 9 13 0.03152093 
205 419 10 12 0.031419702 
564 363 11 15 0.031346694 
312 344 7 9 0.031296995 
479 299 9 12 0.031261567 
681 306 12 16 0.0312218 
593 394 12 17 0.031141685 
179 464 15 19 0.031138418 
957 466 14 17 0.031003902 
477 347 11 14 0.030991225 
198 389 9 10 0.030952238 
478 224 8 10 0.03094929 
384 278 8 11 0.030915158 
385 556 27 29 0.03091117 
366 357 9 10 0.030863812 
38 375 11 11 0.030859644 
909 214 9 12 0.030842263 
904 212 10 13 0.03081913 
778 183 9 12 0.030799512 
803 387 12 16 0.030790174 
931 460 12 16 0.030726004 
424 271 7 9 0.030721944 
873 213 14 17 0.030619895 
321 294 7 9 0.03059984 
965 501 10 13 0.030592414 
135 411 10 12 0.030560302 
474 384 13 17 0.030537264 
139 501 14 17 0.030522283 
412 380 14 16 0.030483993 
220 421 11 13 0.03047384 
685 491 13 19 0.030422594 
142 384 9 11 0.030407298 
572 504 11 13 0.030350523 
823 370 15 18 0.030312713 
966 205 10 13 0.030221423 
48 415 7 11 0.030132413 
441 264 7 10 0.030116603 
1000 219 10 13 0.03005878 
328 304 7 9 0.030058574 
383 321 8 10 0.03003552 
411 476 14 16 0.030008735 
430 231 9 10 0.02996205 
366 296 7 10 0.029898178 
47 422 8 10 0.029894415 
217 358 8 9 0.029865384 
811 287 15 19 0.029859675 
296 303 6 8 0.029759778 
543 355 11 14 0.029754683 
329 310 7 9 0.029730933 
488 231 9 10 0.02964917 
1013 340 10 15 0.02961429 
652 361 15 20 0.029549457 
345 -46 229 219 0.029469747 
657 300 12 17 0.029436124 
526 323 11 14 0.029433625 
665 217 8 10 0.029304283 
781 524 23 29 0.0293026 
458 394 12 15 0.0292272 
174 429 10 12 0.02917449 
571 302 11 14 0.02916513 
954 348 15 24 0.02914283 
834 234 12 15 0.029131329 
102 408 9 10 0.029122384 
634 463 17 22 0.029118663 
449 417 16 20 0.02902035 
600 325 12 14 0.028837983 
483 475 13 17 0.02861831 
398 304 8 9 0.02860162 
522 309 9 12 0.02854353 
208 368 7 9 0.028385412 
610 435 17 23 0.0283736 
364 371 11 13 0.028348302 
299 397 11 13 0.028193217 
712 238 9 12 0.028177438 
670 224 9 11 0.028063593 
169 384 9 10 0.027975274 
494 525 25 31 0.027965408 
104 397 8 11 0.027950712 
988 268 12 17 0.02794166 
298 496 22 30 0.027887292 
998 254 12 15 0.027880492 
153 391 8 10 0.027857391 
422 295 7 10 0.027838487 
607 247 9 9 0.02781533 
669 357 12 18 0.027735738 
428 324 10 12 0.02772645 
589 285 9 12 0.027720237 
184 361 7 9 0.027703898 
351 263 7 9 0.027686257 
592 263 8 12 0.027674215 
245 459 13 18 0.027638089 
760 450 22 27 0.027626427 
693 230 9 12 0.027539851 
802 316 14 16 0.027499931 
999 267 11 14 0.0274971 
573 472 25 30 0.027489971 
271 381 7 10 0.027481198 
504 279 8 11 0.027471967 
665 325 11 13 0.027445834 
194 375 8 10 0.027407207 
442 252 7 10 0.027388223 
600 245 8 10 0.027344042 
54 429 9 12 0.027325243 
248 368 8 10 0.027262716 
635 217 18 24 0.027229559 
536 279 9 10 0.027210439 
449 310 9 11 0.027097436 
443 475 12 16 0.027064715 
438 310 8 11 0.027041638 
790 298 13 17 0.026961641 
603 402 14 18 0.026923744 
710 342 12 15 0.026854401 
449 394 11 15 0.026841672 
980 270 14 19 0.026730686 
545 274 18 22 0.026712494 
143 374 8 9 0.026651654 
631 247 9 11 0.02659511 
427 457 13 15 0.026500726 
341 499 23 30 0.026480028 
605 221 8 12 0.026473247 
405 348 10 12 0.02646837 
183 435 12 14 0.026422245 
477 246 8 10 0.02641943 
168 420 10 12 0.026418725 
566 371 11 16 0.026399108 
472 335 10 13 0.026375687 
947 473 16 20 0.026362678 
835 213 13 16 0.02633996 
433 337 18 22 0.026336322 
926 140 100 129 0.026263757 
910 409 15 20 0.02617059 
988 158 10 12 0.02611139 
827 282 11 15 0.026096096 
629 466 16 22 0.026078494 
972 316 12 16 0.026046652 
679 314 12 14 0.0260032 
829 300 12 17 0.025985766 
813 382 23 28 0.025982598 
498 307 9 12 0.025960878 
526 300 10 13 0.025953319 
894 276 13 16 0.025923038 
711 215 8 10 0.025842853 
668 453 15 20 0.025775872 
639 506 23 30 0.025772903 
179 444 15 18 0.025754325 
371 427 15 18 0.025753379 
1000 261 11 14 0.025747327 
223 413 10 13 0.025731293 
69 442 11 15 0.025693065 
697 287 10 13 0.02563474 
48 430 9 12 0.025614878 
63 382 9 11 0.025566224 
380 507 24 27 0.02554333 
767 284 12 15 0.025521377 
599 239 8 11 0.025506118 
295 296 7 9 0.025482267 
931 495 15 22 0.025481004 
905 236 11 14 0.025413783 
207 390 8 10 0.02537983 
795 409 15 18 0.025339223 
730 441 17 20 0.025303014 
549 333 10 13 0.025235517 
189 444 12 16 0.02522006 
917 150 10 12 0.025215115 
416 272 7 9 0.025211804 
198 399 9 11 0.025141807 
556 277 9 12 0.02512814 
848 259 11 13 0.025121393 
511 394 11 15 0.025113815 
632 331 12 16 0.025106892 
374 400 17 23 0.025040522 
558 342 10 14 0.024982788 
461 456 15 18 0.024899418 
240 359 8 10 0.024850221 
983 332 12 17 0.024813028 
636 274 10 13 0.024804141 
208 375 8 11 0.024796993 
241 367 7 9 0.024785668 
161 367 7 9 0.024780385 
287 367 8 10 0.024773473 
935 189 103 127 0.024764232 
233 529 27 29 0.024706256 
214 433 12 15 0.024604075 
831 259 11 14 0.024602672 
815 230 10 14 0.02459777 
445 452 12 16 0.024569012 
628 505 24 35 0.024567878 
604 421 15 20 0.024465185 
135 397 9 11 0.024441503 
427 398 12 14 0.024366118 
363 296 6 8 0.024351608 
263 365 8 11 0.024341999 
425 251 8 12 0.02432456 
289 304 7 8 0.024296986 
336 343 8 9 0.024250912 
580 324 12 15 0.024228109 
1011 308 12 16 0.024222028 
249 329 6 8 0.024212679 
802 295 15 18 0.024172189 
623 400 18 26 0.024167499 
639 508 13 18 0.024121363 
367 491 24 31 0.024082236 
343 295 7 9 0.02407116 
473 223 9 11 0.024058133 
105 391 8 10 0.024047285 
944 337 22 32 0.024033261 
781 461 23 31 0.024027152 
223 375 8 10 0.02398607 
934 241 13 15 0.023976393 
86 411 11 12 0.023954432 
151 430 13 16 0.023935063 
662 291 19 22 0.023922164 
493 392 13 15 0.023858739 
861 518 18 22 0.023778543 
537 329 11 15 0.023756022 
740 230 11 14 0.023751603 
765 441 21 26 0.023737924 
495 321 9 11 0.023696262 
311 441 21 26 0.023625378 
755 285 12 16 0.023608165 
625 248 8 11 0.023522448 
712 294 11 14 0.023514478 
693 390 17 23 0.023470903 
559 271 8 10 0.023458412 
691 343 13 16 0.02345676 
157 448 14 18 0.023441924 
558 380 11 14 0.023427526 
56 444 8 10 0.023422847 
526 381 12 15 0.023417484 
265 382 9 11 0.023411015 
405 358 10 12 0.023343422 
279 383 8 9 0.023314754 
584 285 9 12 0.023314394 
558 301 9 13 0.023267243 
850 320 14 18 0.023261242 
448 305 8 9 0.023256004 
740 207 10 12 0.023245355 
433 337 9 10 0.023244616 
713 501 18 23 0.023237217 
479 482 13 17 0.02323486 
520 303 9 11 0.023183314 
265 342 7 9 0.023170922 
357 587 12 15 0.023056934 
286 351 8 9 0.023029868 
855 274 11 15 0.022978345 
21 431 10 11 0.022958625 
246 336 7 8 0.022944905 
199 406 18 23 0.022936577 
421 432 14 19 0.022906967 
427 354 13 16 0.022884188 
724 339 13 16 0.022836767 
802 401 15 19 0.022774305 
478 254 7 10 0.022745373 
675 361 15 21 0.0227439 
573 365 11 14 0.022724304 
1008 189 18 27 0.022721907 
543 271 8 10 0.022715628 
411 392 13 15 0.022702295 
540 311 11 12 0.022689 
348 493 24 29 0.022651749 
446 334 9 12 0.022644812 
302 445 15 18 0.022593655 
894 202 12 14 0.022592634 
654 313 13 16 0.022547662 
503 249 8 10 0.02247867 
490 541 26 32 0.022477875 
173 415 9 11 0.022477021 
668 489 26 35 0.02240419 
724 475 15 23 0.022383718 
989 383 16 23 0.022378832 
513 333 12 15 0.02236433 
621 222 8 10 0.022342872 
142 406 10 12 0.022339975 
74 325 207 230 0.022324214 
777 219 11 15 0.02231891 
1013 417 11 16 0.022251 
891 257 14 18 0.022243042 
937 197 11 14 0.022210216 
186 511 19 22 0.022185262 
837 196 13 15 0.022159273 
714 321 13 16 0.022133043 
476 506 15 18 0.022104196 
601 390 20 25 0.022086188 
943 329 13 21 0.022081645 
77 423 9 11 0.022077296 
55 414 21 27 0.021976683 
631 496 41 55 0.02194174 
785 321 12 16 0.021899156 
71 423 10 12 0.021833025 
477 532 10 13 0.021792868 
592 208 7 9 0.021775432 
536 309 10 12 0.021772051 
845 203 11 14 0.0217667 
824 197 10 13 0.02175658 
396 336 18 23 0.021733455 
151 350 8 10 0.021730946 
312 317 7 10 0.021704232 
918 511 17 20 0.021688132 
168 396 8 10 0.021663599 
993 193 9 11 0.021643111 
430 470 14 17 0.021613052 
496 396 14 17 0.021604007 
879 393 13 17 0.02159005 
367 287 7 9 0.021585947 
583 236 10 12 0.021583209 
782 293 11 15 0.021563513 
677 418 15 19 0.021559808 
968 260 12 15 0.021544565 
936 401 21 26 0.021536967 
463 363 11 14 0.021514552 
796 383 21 26 0.021511596 
632 239 9 11 0.02150518 
822 379 17 22 0.021498846 
316 426 23 26 0.021432241 
757 226 13 16 0.021405097 
446 240 8 9 0.021396697 
129 432 19 24 0.021352068 
838 320 15 18 0.021351375 
408 372 11 13 0.02130759 
816 244 11 14 0.021295639 
665 285 13 16 0.021287123 
541 380 12 16 0.021248834 
781 183 17 22 0.021187363 
657 249 19 25 0.021183053 
328 368 10 12 0.021168692 
924 258 12 16 0.021167021 
225 367 7 10 0.021154048 
502 272 8 10 0.021150688 
846 218 12 14 0.021103684 
63 444 9 12 0.021079931 
310 430 15 20 0.021075489 
163 540 15 18 0.021013135 
593 217 8 11 0.020991491 
974 192 11 13 0.020989193 
821 245 11 14 0.020965759 
364 432 16 22 0.020945163 
287 319 7 9 0.020937009 
188 463 15 21 0.020898644 
918 292 12 17 0.020881498 
159 394 8 11 0.020877149 
356 534 14 16 0.0208409 
113 376 7 8 0.020837845 
713 270 10 12 0.020800099 
304 304 6 8 0.020783693 
536 319 12 14 0.020779466 
559 246 8 10 0.020776406 
609 295 10 13 0.02076376 
829 218 19 23 0.02076248 
621 473 14 19 0.020755148 
553 302 10 12 0.020728886 
391 348 10 12 0.020719413 
879 434 17 22 0.020713821 
301 358 8 10 0.02070647 
675 295 11 15 0.020691711 
621 236 10 12 0.020689154 
277 396 11 13 0.020686395 
678 142 9 12 0.020673912 
974 192 20 23 0.02063971 
703 300 12 15 0.020637792 
343 288 8 9 0.02062592 
341 411 13 15 0.020604054 
261 414 9 10 0.020601392 
281 311 7 9 0.020595392 
204 484 16 19 0.020593077 
230 375 7 10 0.02059215 
327 287 7 9 0.020579658 
792 336 14 20 0.020577839 
289 336 7 9 0.020572457 
459 410 12 15 0.020543067 
278 390 9 12 0.020533867 
537 524 37 39 0.020506324 
250 465 22 28 0.020501206 
406 232 7 9 0.02047608 
153 474 16 19 0.020466346 
919 223 10 14 0.0204615 
119 407 9 10 0.020455407 
168 428 11 13 0.020421874 
728 313 13 16 0.020418173 
326 434 24 28 0.020385373 
335 321 8 8 0.020374652 
375 354 9 12 0.020307714 
441 324 10 11 0.020291315 
561 308 10 15 0.020288339 
241 375 8 10 0.02028687 
143 368 7 9 0.020282205 
518 261 9 12 0.020245796 
271 351 7 9 0.020245187 
821 298 14 18 0.020235265 
423 304 19 24 0.020228358 
226 477 20 29 0.020201718 
486 482 13 17 0.020172087 
637 295 10 14 0.020169836 
613 492 40 54 0.020161727 
411 420 11 14 0.02015804 
576 255 9 10 0.020155262 
288 382 8 11 0.020098936 
111 419 19 22 0.020097438 
838 204 12 14 0.020087518 
799 422 15 19 0.020053621 
617 235 9 12 0.02005088 
813 300 14 18 0.020040562 
931 472 21 26 0.02003906 
