35_Basketball_playingbasketball_35_674
101
370 150 65 81 0.9990181 
90 7 30 36 0.9976931 
15 233 36 47 0.99625033 
151 64 35 46 0.9960693 
0 89 24 47 0.99574643 
288 116 30 36 0.9953157 
185 139 44 55 0.9952775 
172 15 31 38 0.9937177 
215 75 26 34 0.9901669 
597 276 34 40 0.98545086 
563 102 29 36 0.98425275 
859 259 32 39 0.9828604 
633 45 44 69 0.9816009 
983 17 37 92 0.97786593 
950 249 23 29 0.960426 
406 16 30 40 0.9407861 
999 249 22 27 0.9294959 
875 167 28 32 0.89922094 
900 80 24 29 0.8761987 
267 85 29 36 0.8760454 
510 31 22 29 0.8538231 
356 91 29 33 0.8362914 
352 10 23 30 0.8167891 
451 21 29 38 0.76260823 
479 107 23 27 0.75907034 
802 53 23 29 0.74532956 
602 27 22 27 0.73067886 
840 136 24 30 0.7260729 
452 39 28 40 0.607315 
818 153 28 40 0.49153334 
551 34 25 31 0.43717068 
120 130 36 46 0.30317312 
579 72 27 32 0.24098454 
794 112 32 40 0.23498768 
785 87 26 33 0.22597313 
980 126 18 23 0.22244376 
340 119 41 54 0.19003129 
787 98 31 41 0.17482331 
930 84 19 24 0.12694271 
973 183 18 22 0.12163419 
266 -1 33 32 0.10911043 
128 147 31 44 0.092994116 
488 139 38 51 0.08790565 
351 108 41 49 0.08547666 
910 287 19 28 0.08354476 
163 0 29 24 0.08096785 
827 140 29 39 0.072191045 
4 403 231 265 0.07204899 
626 57 31 50 0.06544885 
1003 313 18 24 0.060916405 
878 144 24 31 0.0561855 
939 296 23 30 0.054624766 
739 43 25 36 0.052291136 
902 70 15 18 0.05228305 
808 121 19 25 0.048732083 
3 489 23 29 0.04829516 
519 36 24 31 0.046507508 
453 194 43 55 0.04575568 
366 97 29 35 0.04567768 
539 34 25 33 0.044192042 
133 259 45 67 0.043036606 
725 31 37 58 0.04219762 
984 345 19 23 0.038123522 
556 327 41 56 0.036794603 
999 274 25 39 0.036097463 
646 261 36 42 0.034955904 
262 9 29 36 0.034741998 
474 103 39 46 0.03341126 
255 17 26 33 0.03046722 
940 156 16 20 0.030125786 
278 0 23 17 0.029681003 
554 95 27 35 0.028408343 
978 174 15 19 0.028239215 
912 82 18 24 0.028018627 
792 59 28 36 0.027089283 
478 86 28 37 0.026470827 
997 255 26 42 0.026385844 
596 27 39 51 0.025989857 
510 142 39 52 0.02571768 
653 36 54 74 0.025537837 
477 63 22 29 0.025377449 
420 27 29 37 0.02528232 
965 296 24 32 0.025026334 
919 337 39 50 0.024685895 
569 84 29 37 0.024222186 
606 264 33 38 0.024211805 
110 138 37 54 0.02411892 
803 129 38 52 0.023922475 
100 182 29 38 0.023632541 
546 89 17 22 0.023513896 
175 1 29 30 0.023136081 
948 292 24 31 0.022502014 
279 100 34 46 0.022379963 
859 152 37 49 0.022046337 
586 66 19 25 0.022013994 
350 149 48 65 0.021884564 
554 228 42 55 0.02156714 
250 27 24 32 0.021555299 
433 23 38 52 0.021431584 
919 291 24 29 0.020349147 
503 31 19 24 0.020320117 
