35_Basketball_playingbasketball_35_65
83
851 414 15 19 0.9916517 
906 353 18 23 0.98248833 
620 388 17 22 0.98177713 
966 404 22 28 0.97706395 
921 374 22 33 0.9718964 
1005 414 16 23 0.9627083 
744 375 16 20 0.946028 
229 423 23 38 0.9048539 
801 422 15 18 0.7881284 
797 458 22 25 0.58258116 
679 231 12 13 0.5255617 
452 347 16 21 0.46370706 
854 459 16 18 0.46270517 
717 411 13 18 0.43071288 
709 460 21 26 0.34330234 
76 501 21 35 0.2839281 
796 499 14 18 0.26372507 
534 317 15 21 0.20061794 
744 427 16 20 0.15516952 
876 486 16 21 0.15483473 
831 488 16 23 0.15083882 
19 560 40 42 0.13549767 
410 384 15 18 0.13338184 
779 396 13 16 0.11976092 
462 341 24 29 0.113557555 
502 348 13 19 0.09859866 
889 384 17 21 0.08630313 
821 451 13 19 0.07710161 
973 462 27 34 0.07680585 
490 287 35 50 0.07425313 
779 450 14 18 0.06728512 
671 265 28 33 0.06584981 
823 395 12 15 0.056007355 
811 458 15 19 0.05503107 
809 398 10 13 0.05468426 
524 309 20 29 0.050624445 
853 353 14 17 0.048423715 
534 308 14 20 0.047604322 
675 268 17 20 0.047385886 
507 300 26 35 0.04726728 
480 37 11 14 0.043618917 
-1 529 29 41 0.04119123 
53 491 26 34 0.038938865 
228 419 17 26 0.038336635 
900 495 16 22 0.037684023 
827 448 16 22 0.037374217 
741 421 16 19 0.03656257 
887 449 14 20 0.035766527 
870 522 13 16 0.03450475 
194 487 18 24 0.03363619 
790 435 12 16 0.03316642 
721 414 14 20 0.032724988 
540 32 12 15 0.03226451 
1002 621 22 35 0.031289387 
477 342 21 29 0.03028083 
420 45 11 14 0.030180123 
837 379 12 15 0.029968932 
757 431 14 20 0.028524397 
763 376 15 19 0.028430767 
501 311 15 22 0.027483184 
494 348 13 20 0.02736182 
183 428 22 29 0.02734091 
824 376 10 13 0.027201971 
787 450 16 21 0.026436286 
790 457 18 23 0.026259972 
997 489 27 42 0.02549052 
521 224 23 29 0.0254464 
674 261 16 17 0.025094738 
784 361 11 14 0.0249217 
746 394 13 18 0.024757706 
365 46 11 14 0.0241493 
788 488 18 25 0.02289239 
537 309 21 28 0.022424756 
600 24 12 15 0.022308234 
979 458 17 23 0.022207461 
830 380 11 13 0.021703959 
756 373 14 18 0.021599576 
972 438 39 54 0.021345263 
820 481 14 21 0.021320086 
533 226 22 27 0.021152098 
878 348 12 16 0.020482237 
913 387 25 33 0.020414118 
557 280 16 20 0.02040381 
