35_Basketball_playingbasketball_35_431
18
446 148 47 62 0.9423289 
144 121 27 39 0.84472775 
470 46 68 82 0.8147276 
797 99 28 35 0.264808 
348 416 15 22 0.06796863 
436 58 53 66 0.0564849 
834 115 17 22 0.053359814 
496 55 83 102 0.045160964 
355 417 14 21 0.04148131 
342 416 14 21 0.033207804 
390 491 28 35 0.031323902 
540 66 50 74 0.02943891 
379 471 42 48 0.027164115 
378 487 27 35 0.026756546 
444 439 31 32 0.026240725 
785 93 28 32 0.025775595 
438 63 31 42 0.023582624 
530 510 25 39 0.021732716 
