35_Basketball_Basketball_35_653
29
268 41 56 79 0.99961203 
734 45 51 73 0.99959856 
380 292 53 75 0.9991326 
95 271 53 76 0.9990287 
653 273 49 68 0.9989827 
597 21 55 79 0.99892443 
535 294 57 76 0.9988141 
870 33 54 71 0.9987393 
208 313 49 67 0.99872094 
811 280 49 68 0.99850947 
922 277 55 76 0.9984395 
369 47 54 78 0.9984018 
462 67 54 78 0.9977042 
99 31 53 79 0.997439 
170 295 30 43 0.4345874 
159 396 49 53 0.06983693 
181 294 34 42 0.06964277 
361 65 12 18 0.06730121 
999 353 29 58 0.056430556 
148 290 30 41 0.039570518 
188 300 15 19 0.03680947 
175 417 32 41 0.0305084 
624 477 29 35 0.028611617 
684 262 44 65 0.027574731 
706 290 12 19 0.026472386 
707 251 46 66 0.023881204 
359 59 23 34 0.021314036 
817 314 50 65 0.020891784 
254 266 15 19 0.020487523 
