35_Basketball_basketballgame_ball_35_208
18
255 222 124 162 0.9999546 
599 226 113 143 0.99986756 
608 1 107 96 0.999619 
974 128 34 46 0.05983535 
267 -1 86 45 0.05054359 
553 8 60 70 0.0440682 
989 117 15 19 0.030813646 
899 394 88 145 0.030718826 
9 28 38 50 0.029570267 
842 407 81 135 0.028399916 
1011 116 11 17 0.025955368 
705 15 58 70 0.02523602 
846 342 96 160 0.025214236 
989 113 29 40 0.023418235 
572 0 90 97 0.022647064 
972 2 49 42 0.022630742 
964 117 55 74 0.022144282 
631 48 69 75 0.021559168 
