35_Basketball_Basketball_35_549
24
725 372 46 56 0.99788636 
690 380 29 45 0.26238358 
363 278 37 48 0.08085003 
-76 -60 519 380 0.07178747 
448 232 32 36 0.06008223 
603 970 26 33 0.05590251 
649 389 26 43 0.04025383 
735 981 29 47 0.03928853 
248 673 41 44 0.03811225 
699 373 28 42 0.036406897 
618 174 108 118 0.035154678 
436 268 34 40 0.032822948 
363 300 35 44 0.028707 
317 353 47 73 0.027341811 
739 924 15 20 0.026329327 
538 234 17 19 0.025989085 
354 355 28 30 0.024485298 
421 276 37 40 0.0239533 
441 246 44 50 0.02366683 
421 314 62 73 0.02338977 
462 230 29 34 0.023206187 
210 840 14 17 0.022515299 
979 -8 45 62 0.021206446 
868 914 16 18 0.020312354 
