35_Basketball_Basketball_35_361
78
164 249 26 36 0.99926645 
698 116 26 33 0.99906546 
651 252 27 34 0.9986438 
908 129 33 42 0.9985499 
71 163 27 33 0.9984676 
870 236 30 36 0.99835205 
596 121 25 31 0.9982981 
517 243 26 33 0.9979327 
405 247 24 32 0.99662566 
162 129 25 30 0.99612397 
478 117 24 33 0.9935381 
775 240 29 35 0.99329126 
301 251 23 32 0.9932482 
364 129 26 35 0.99300426 
263 126 25 31 0.9874979 
826 115 24 29 0.94930524 
759 245 31 36 0.22378816 
168 226 13 16 0.2210977 
2 210 11 17 0.14874502 
870 365 13 15 0.116736665 
274 244 15 20 0.10954675 
386 446 11 13 0.08362216 
189 249 14 20 0.07035392 
382 221 12 14 0.067114495 
454 444 14 16 0.05873741 
386 196 17 20 0.05837359 
99 165 17 21 0.05669923 
565 461 12 15 0.054283813 
311 252 25 34 0.04599919 
183 385 15 19 0.045777157 
649 384 10 11 0.045707136 
487 468 14 18 0.043530017 
501 444 11 13 0.043498907 
822 235 14 17 0.04270153 
583 440 10 11 0.042632263 
748 413 11 11 0.04185031 
382 243 17 21 0.04113733 
766 427 14 17 0.04071908 
619 446 11 13 0.037579045 
275 220 13 17 0.035398174 
533 248 24 33 0.035358895 
386 121 12 17 0.034813404 
162 157 22 26 0.03465746 
964 297 15 19 0.03445458 
266 199 26 34 0.033409882 
719 396 12 15 0.032294523 
263 161 15 18 0.031207807 
527 187 27 32 0.030090438 
662 180 12 17 0.029198736 
26 208 16 20 0.02857784 
411 160 13 17 0.028551487 
163 168 18 21 0.028459031 
0 133 10 15 0.02841058 
831 388 10 13 0.027649531 
747 423 13 15 0.027418166 
729 421 12 15 0.027320972 
89 163 20 26 0.027195698 
172 243 26 34 0.027173335 
591 431 8 9 0.026922204 
45 170 15 18 0.024781227 
268 230 23 32 0.02420537 
597 147 24 27 0.024181882 
373 121 22 28 0.023578769 
744 407 10 12 0.023166312 
765 435 15 18 0.02309729 
317 226 16 20 0.02241768 
757 409 11 14 0.02232938 
896 124 28 39 0.02223867 
372 219 23 29 0.022199115 
840 406 9 12 0.02174427 
830 423 11 14 0.02169247 
261 238 23 29 0.02166959 
23 196 13 17 0.02161491 
363 196 17 20 0.021585302 
532 443 12 14 0.021563776 
372 245 15 18 0.020849047 
486 210 13 17 0.020714069 
266 214 25 35 0.020511327 
