35_Basketball_playingbasketball_35_377
19
564 648 54 74 0.9959889 
539 1123 27 31 0.048113678 
409 1232 9 13 0.045602135 
618 1103 26 33 0.04225005 
502 1101 29 39 0.0338539 
372 1243 9 12 0.031210518 
392 1232 8 11 0.027667493 
349 1246 10 11 0.026239842 
334 435 67 69 0.025611535 
211 1160 152 174 0.025272656 
483 267 48 47 0.024210855 
344 1239 8 11 0.02305178 
344 1245 9 12 0.022032933 
929 1033 92 131 0.021857118 
350 1239 9 10 0.021807345 
398 1238 9 11 0.02162104 
973 1090 15 16 0.021188442 
196 1302 35 38 0.021027304 
400 1215 8 11 0.020897003 
