35_Basketball_basketballgame_ball_35_389
255
505 228 39 53 0.98036456 
622 588 17 23 0.9583099 
565 619 13 17 0.65528023 
322 613 11 14 0.61950195 
221 611 10 13 0.5570364 
85 621 10 12 0.5380549 
16 610 11 16 0.41754115 
641 577 22 29 0.39959902 
28 595 9 13 0.3615012 
500 584 11 13 0.32604802 
969 588 34 39 0.31168947 
136 586 9 12 0.30489933 
153 624 9 11 0.24355699 
635 581 19 28 0.22546086 
256 625 10 12 0.21528491 
136 565 9 11 0.2074575 
158 590 7 10 0.19673434 
567 593 12 16 0.17017142 
314 595 9 12 0.14945759 
570 569 12 17 0.120756276 
313 573 8 11 0.116933614 
303 557 8 11 0.10763027 
548 613 9 12 0.106294185 
185 592 8 11 0.10350426 
110 550 8 11 0.10344065 
9 597 11 15 0.100848004 
15 582 10 13 0.09314586 
805 303 22 30 0.08831555 
62 580 9 11 0.08249233 
589 573 13 15 0.078497425 
820 305 20 29 0.076936565 
916 405 10 13 0.07526411 
518 574 13 18 0.07385265 
151 604 10 13 0.06993283 
729 598 9 12 0.06726097 
560 597 10 14 0.0669786 
286 605 9 11 0.06490182 
262 614 8 11 0.06383687 
286 589 8 10 0.06359403 
683 621 11 14 0.060980618 
140 588 9 11 0.060837362 
867 588 13 19 0.060680598 
200 569 8 9 0.058585692 
606 594 11 15 0.057822336 
189 590 9 12 0.056176092 
319 567 8 11 0.055902284 
178 543 8 9 0.05498826 
317 591 9 13 0.054814357 
223 559 7 9 0.053216007 
700 570 11 15 0.05178957 
112 568 8 11 0.05151069 
14 587 11 15 0.051312543 
469 578 11 16 0.051004425 
675 573 13 16 0.050807375 
161 558 8 9 0.050427176 
201 512 8 9 0.0495997 
547 620 11 13 0.04957923 
166 559 8 10 0.048840072 
110 588 10 12 0.04874016 
883 625 13 15 0.04863821 
890 577 49 56 0.04818972 
555 544 11 13 0.048024554 
201 542 7 9 0.047651082 
934 599 25 36 0.046718437 
221 600 8 10 0.045907803 
349 604 9 12 0.045582175 
160 553 9 10 0.044896647 
233 558 8 10 0.04410417 
8 600 18 28 0.044077087 
141 566 8 10 0.043544583 
119 589 8 11 0.043306198 
145 542 8 10 0.04319799 
177 558 8 11 0.04316116 
342 560 9 11 0.043156087 
200 584 9 11 0.042793177 
660 587 14 19 0.0424436 
935 229 29 33 0.041754156 
903 435 12 13 0.041213088 
631 560 13 16 0.041167513 
209 528 7 8 0.040937 
206 573 8 10 0.040431485 
440 571 11 14 0.040361114 
941 586 16 20 0.040176243 
380 618 13 14 0.040018078 
21 620 13 16 0.039788645 
908 437 10 14 0.03954552 
460 616 12 16 0.039109357 
583 573 13 16 0.038943414 
913 580 51 57 0.038881868 
166 566 8 10 0.03885951 
81 615 10 13 0.038452297 
216 559 7 9 0.038421225 
161 567 8 10 0.038245235 
542 590 10 13 0.037947338 
96 568 8 9 0.037702598 
238 550 8 11 0.037637867 
90 581 8 12 0.037307683 
295 572 9 11 0.03687613 
605 553 15 21 0.0362081 
200 537 8 8 0.035987325 
201 573 8 9 0.03571123 
46 566 10 13 0.03560095 
191 584 8 10 0.035592668 
748 572 10 13 0.035505295 
917 454 11 14 0.034995273 
684 615 10 13 0.034606658 
142 561 8 9 0.034574386 
894 556 29 36 0.03418058 
701 595 14 18 0.034106076 
110 555 8 10 0.0339508 
193 569 7 9 0.033755355 
926 403 10 13 0.033633973 
192 574 7 9 0.03361899 
385 590 8 10 0.033289637 
282 590 8 10 0.033158053 
157 598 10 13 0.032596324 
176 512 8 9 0.03252141 
640 621 18 19 0.032162964 
393 540 9 12 0.032034405 
153 584 8 11 0.03190943 
103 568 8 10 0.03186639 
758 600 10 12 0.031811137 
281 584 8 11 0.031656317 
219 606 10 13 0.03164994 
129 566 8 11 0.031349853 
582 525 9 11 0.031280924 
111 615 10 11 0.030894902 
389 603 10 14 0.030810969 
237 616 8 10 0.030650467 
129 512 8 11 0.030462623 
237 555 9 12 0.030130457 
262 600 8 9 0.030107293 
562 614 11 13 0.030058712 
239 544 6 8 0.030023033 
181 519 9 10 0.029969577 
1 556 10 16 0.02948074 
183 574 8 10 0.029455137 
905 559 97 99 0.029188445 
159 527 8 9 0.02891866 
217 553 7 8 0.02889217 
474 558 10 12 0.028877955 
546 522 106 123 0.028647317 
105 557 8 10 0.028452309 
316 571 9 12 0.028417792 
161 518 9 10 0.028311806 
157 584 9 11 0.028210292 
258 617 8 10 0.02821 
119 567 8 11 0.028058866 
579 546 15 18 0.027936341 
94 620 10 12 0.027837591 
105 586 10 13 0.02775909 
183 567 8 10 0.027739512 
149 542 8 10 0.027503386 
191 597 8 9 0.026772091 
567 527 13 14 0.026749041 
285 624 10 12 0.026499607 
224 544 6 8 0.026398243 
158 572 9 11 0.026308889 
679 593 12 17 0.026252564 
262 560 8 9 0.026234701 
392 621 10 13 0.026189897 
607 615 13 16 0.025871117 
193 528 7 9 0.025863636 
181 558 8 10 0.02574661 
261 566 10 13 0.025719658 
200 518 8 9 0.025708014 
263 605 9 11 0.025626563 
193 608 9 11 0.02551039 
128 560 8 10 0.025509927 
938 586 26 37 0.02547998 
360 583 9 12 0.025275476 
226 581 8 10 0.025152007 
206 588 8 10 0.024902329 
206 542 7 9 0.024672583 
390 588 10 12 0.024606735 
286 599 9 11 0.024317449 
224 577 8 9 0.024231287 
562 572 10 14 0.024183232 
215 574 8 10 0.024158943 
477 562 11 15 0.024085194 
153 573 9 11 0.024073508 
659 609 16 19 0.02407135 
210 559 7 9 0.024038434 
288 570 10 13 0.02402971 
547 590 11 13 0.024003156 
182 537 8 9 0.023980467 
949 571 25 33 0.023948604 
129 583 9 12 0.023907395 
23 591 18 23 0.023901042 
444 588 10 13 0.023705324 
385 523 9 12 0.023678962 
137 551 8 10 0.023528354 
104 542 9 11 0.02341953 
577 534 25 31 0.02340345 
376 615 11 15 0.023368813 
453 540 9 12 0.023328481 
161 512 9 10 0.02313577 
64 557 10 12 0.023124428 
177 518 9 10 0.023032904 
375 564 9 12 0.022965685 
908 588 14 17 0.022864856 
177 608 8 10 0.022762008 
671 576 15 20 0.022714466 
525 565 9 13 0.022530101 
414 550 10 13 0.022477424 
37 230 10 14 0.022382932 
487 589 11 13 0.022245115 
719 591 9 11 0.022244481 
514 574 11 14 0.022238918 
511 579 12 16 0.022236712 
94 581 9 13 0.02213279 
312 614 11 13 0.022005374 
177 576 8 10 0.021944558 
487 571 10 13 0.021861905 
725 571 12 14 0.021775626 
286 612 10 12 0.021763183 
271 620 9 11 0.021726295 
461 565 9 12 0.021624986 
146 621 8 11 0.021602066 
433 575 10 13 0.021574318 
739 549 12 14 0.021549614 
396 619 11 14 0.021420045 
142 572 9 11 0.021366026 
565 602 13 16 0.021336503 
106 526 8 10 0.021315238 
165 512 9 10 0.021223973 
335 567 9 12 0.021211863 
397 587 10 14 0.02109338 
111 607 9 11 0.021048397 
151 559 8 10 0.021021718 
235 553 8 10 0.020912332 
547 566 10 12 0.020896114 
543 624 11 11 0.020884221 
320 560 8 10 0.020883707 
664 586 21 28 0.020880515 
702 628 11 12 0.020837948 
206 519 8 10 0.020781025 
37 599 10 12 0.020668207 
161 534 9 10 0.0205838 
670 620 13 15 0.02057314 
495 598 10 14 0.02050138 
321 403 27 33 0.020471098 
215 527 7 9 0.020437818 
134 512 8 10 0.020406066 
327 567 9 11 0.02028317 
224 520 8 9 0.020240894 
738 619 11 12 0.02023536 
875 549 24 32 0.020224176 
147 604 9 12 0.020189732 
177 582 8 10 0.020189714 
368 607 9 11 0.02016812 
181 551 8 10 0.020162579 
205 511 9 10 0.020128665 
182 511 8 10 0.020119488 
497 579 17 22 0.020116322 
