35_Basketball_playingbasketball_35_252
35
594 55 51 67 0.99907804 
101 10 49 67 0.99016213 
556 0 42 45 0.9857701 
480 67 46 71 0.9760751 
440 12 49 58 0.31407034 
1009 73 15 25 0.13080648 
74 -2 30 26 0.07927687 
416 4 54 62 0.0770282 
420 17 27 36 0.05868477 
359 204 45 71 0.055599805 
625 -1 35 33 0.054381154 
456 233 234 306 0.05319288 
512 44 28 43 0.04738342 
251 234 33 34 0.047319196 
498 16 43 50 0.042037908 
767 332 15 18 0.040075433 
659 18 182 238 0.0378845 
521 330 75 71 0.034632914 
583 0 30 31 0.032261606 
478 299 139 126 0.030848986 
342 58 53 62 0.029721024 
490 241 343 420 0.02843868 
378 146 50 69 0.02832198 
526 372 43 44 0.027812261 
514 -1 37 37 0.026644344 
445 3 35 40 0.02549436 
63 0 30 30 0.025171 
434 408 58 59 0.023806298 
49 6 29 30 0.023377808 
440 235 50 61 0.022555651 
409 2 35 43 0.022341495 
329 109 39 41 0.022184553 
351 0 31 24 0.021804344 
616 9 46 50 0.021670815 
443 256 107 108 0.021129157 
