35_Basketball_playingbasketball_35_585
18
248 216 206 276 0.99984205 
644 207 180 315 0.9996631 
552 877 474 493 0.0701648 
143 768 30 33 0.06739456 
559 298 478 531 0.05809245 
339 1132 30 35 0.055431902 
17 672 53 63 0.044284165 
387 1042 35 43 0.03990942 
244 1110 25 31 0.03358389 
18 639 56 73 0.028440814 
387 970 25 30 0.026573563 
148 660 25 30 0.025635386 
127 699 27 31 0.023938403 
212 1325 30 31 0.023212023 
395 884 28 33 0.023201302 
45 130 29 37 0.021662006 
292 1125 28 35 0.020694638 
780 406 157 178 0.020439802 
