35_Basketball_basketballgame_ball_35_309
41
778 65 172 227 0.9992113 
225 -1 69 73 0.99697304 
395 72 80 108 0.9963414 
132 55 65 106 0.98949426 
-9 516 75 156 0.8760844 
954 63 24 34 0.53859466 
987 93 21 26 0.3883143 
947 184 52 66 0.2552821 
936 47 41 54 0.12881781 
300 381 39 43 0.12010139 
682 68 25 32 0.11964863 
533 342 24 33 0.09875323 
914 5 24 29 0.08198597 
313 391 35 42 0.06481632 
686 65 17 20 0.06381771 
700 117 27 36 0.063370205 
680 122 27 36 0.059712008 
997 4 26 34 0.059276246 
707 115 18 22 0.050026283 
985 1 27 28 0.046201408 
894 461 45 38 0.045863792 
84 98 64 92 0.04202181 
119 -5 55 52 0.041338693 
883 454 82 63 0.041271403 
922 157 86 115 0.03987029 
934 41 31 37 0.039669223 
107 82 69 103 0.036355026 
422 272 38 59 0.036339194 
174 59 56 80 0.03373702 
637 168 44 58 0.032203026 
186 34 58 75 0.032084413 
973 -2 45 43 0.031027451 
676 100 45 56 0.02946071 
678 133 17 24 0.028136626 
331 409 17 21 0.027857915 
982 2 19 20 0.026961822 
959 181 31 35 0.02536691 
670 -4 90 122 0.023353163 
506 636 21 26 0.022384293 
400 101 12 16 0.022321614 
-6 131 50 74 0.02158364 
