35_Basketball_basketballgame_ball_35_82
880
284 253 49 61 0.99611205 
438 192 46 60 0.99496436 
770 407 22 27 0.98536325 
604 412 17 21 0.9849401 
141 228 13 17 0.97356623 
704 311 21 27 0.97172415 
650 405 19 26 0.96326584 
800 406 20 28 0.9582845 
110 370 16 19 0.934377 
151 200 14 18 0.8998417 
28 206 13 16 0.8906613 
77 205 12 16 0.88093865 
33 374 15 19 0.8767752 
250 168 14 17 0.8274755 
113 211 14 18 0.8229253 
99 233 14 18 0.82140946 
48 176 12 16 0.8013865 
756 275 13 17 0.7435056 
437 134 12 15 0.73349124 
10 287 14 19 0.7242025 
30 117 11 14 0.7197643 
192 156 12 16 0.71668124 
654 249 13 17 0.7123589 
648 320 14 19 0.7076062 
494 118 11 13 0.69594777 
537 37 10 12 0.6897887 
518 87 15 19 0.68705463 
184 248 12 16 0.6790366 
746 153 14 19 0.674263 
154 305 12 17 0.67048454 
798 208 13 17 0.66807663 
741 327 14 17 0.6540089 
207 262 10 13 0.6539921 
647 217 13 16 0.647741 
48 221 13 16 0.6353184 
633 375 15 18 0.61994874 
44 95 10 13 0.5987423 
174 228 12 15 0.58585787 
609 216 12 16 0.57737064 
34 141 14 16 0.5596409 
192 119 12 15 0.54727554 
495 97 13 16 0.53543776 
152 109 11 13 0.5310176 
53 367 13 18 0.5229463 
28 24 10 13 0.51241374 
391 138 12 16 0.5075489 
629 148 12 15 0.50119513 
294 198 12 15 0.50102335 
12 63 12 14 0.49786744 
765 222 12 14 0.49361783 
40 161 11 15 0.48366383 
162 43 10 12 0.46957994 
989 0 41 66 0.4555166 
639 195 13 17 0.45280188 
563 412 18 23 0.44651756 
32 289 14 18 0.4462204 
614 172 12 15 0.44594246 
65 110 11 15 0.4444006 
100 34 11 14 0.43186516 
166 102 10 12 0.41633987 
51 74 11 14 0.4144342 
708 187 16 18 0.4032912 
240 241 13 15 0.40099144 
618 398 13 16 0.39481822 
594 227 13 15 0.38882276 
637 237 12 15 0.38739678 
223 180 14 18 0.38700202 
106 298 13 17 0.38662383 
606 193 13 16 0.38507465 
55 44 13 15 0.38307986 
141 266 14 18 0.37869892 
514 179 15 19 0.37860936 
93 140 10 13 0.3713667 
115 165 12 14 0.36647663 
89 317 12 15 0.364761 
340 520 22 25 0.3460182 
439 153 12 17 0.3440669 
154 408 49 53 0.34072798 
753 122 12 14 0.3369987 
693 139 13 15 0.3273893 
733 306 14 16 0.32434928 
86 95 10 14 0.3224523 
220 149 11 14 0.3169609 
260 143 11 14 0.3155617 
171 275 13 16 0.31139994 
208 294 14 18 0.30468965 
91 210 13 16 0.3001685 
197 54 11 13 0.29937243 
125 106 10 13 0.29796597 
85 182 13 17 0.29498136 
343 223 11 14 0.29475135 
145 162 15 18 0.28601718 
685 141 11 14 0.28571007 
723 125 12 15 0.28563157 
782 28 11 13 0.28265738 
268 5 11 14 0.28194475 
235 105 13 16 0.2757073 
397 102 11 14 0.2728896 
603 143 11 14 0.27232292 
706 256 13 16 0.27153113 
553 182 14 16 0.2708387 
655 385 16 20 0.262052 
689 219 12 16 0.26194578 
685 117 11 14 0.26071087 
291 204 15 19 0.25821415 
727 212 12 16 0.2575634 
680 190 13 16 0.25138578 
676 320 16 19 0.24681489 
675 409 13 17 0.2456219 
246 191 10 12 0.24447325 
780 405 23 30 0.24099237 
77 403 11 15 0.23474632 
199 98 11 13 0.23470916 
0 141 9 14 0.2308245 
44 261 11 13 0.22448684 
108 78 12 14 0.21996081 
36 135 12 15 0.21839313 
735 144 10 13 0.21318433 
786 382 15 17 0.2083415 
425 125 10 12 0.204867 
102 333 10 15 0.20477414 
238 120 14 17 0.2017838 
174 282 11 15 0.20041183 
141 45 9 11 0.1993501 
197 186 11 14 0.19838336 
270 165 11 14 0.19521871 
250 228 11 13 0.19495 
742 271 10 12 0.19455127 
102 258 15 19 0.1943527 
670 290 15 20 0.19142634 
401 154 13 16 0.18944274 
37 325 13 16 0.18942977 
737 114 11 14 0.18881333 
132 71 10 13 0.1879115 
121 143 9 12 0.18736017 
634 366 16 19 0.18702817 
183 3 9 10 0.18533248 
62 136 11 13 0.18428935 
629 213 12 15 0.17682874 
193 306 12 16 0.17428398 
570 125 9 11 0.17288199 
29 73 12 15 0.172785 
224 66 13 15 0.17241013 
44 26 11 14 0.16552623 
5 132 12 15 0.16471349 
733 181 11 14 0.15732767 
223 22 10 13 0.15715286 
840 106 12 15 0.15593477 
725 100 11 14 0.15561044 
645 174 10 14 0.15497144 
204 139 11 14 0.1506582 
123 213 11 14 0.14968595 
750 39 10 12 0.1491346 
14 387 14 17 0.14837112 
672 153 12 15 0.1457373 
88 134 11 14 0.14405464 
678 374 17 21 0.14211732 
767 38 11 12 0.14161606 
778 360 15 17 0.14099053 
243 124 13 16 0.13983215 
803 275 11 15 0.13882363 
128 133 11 13 0.13847487 
571 172 12 15 0.13732323 
777 279 10 12 0.13727877 
68 162 14 18 0.13543975 
621 230 11 15 0.13452028 
102 148 11 13 0.13167846 
782 245 14 16 0.13131644 
208 86 9 11 0.12993987 
103 118 9 12 0.12970607 
119 339 14 18 0.12963283 
676 148 13 15 0.1287953 
768 134 12 15 0.12792759 
203 94 11 13 0.12684017 
88 73 12 15 0.12672202 
5 80 11 13 0.12558326 
843 226 14 20 0.12460795 
404 119 10 13 0.1239363 
396 208 14 17 0.12393507 
103 188 13 18 0.12376412 
590 21 12 15 0.12353549 
683 232 14 17 0.12311708 
10 193 14 18 0.122423604 
102 389 10 13 0.11901076 
469 116 10 12 0.118132114 
69 338 13 16 0.11661244 
605 128 10 11 0.11453376 
12 134 10 13 0.11227458 
80 125 9 12 0.11178524 
11 109 14 16 0.11016671 
157 165 13 17 0.1096735 
53 214 13 17 0.10809001 
550 128 9 10 0.10677325 
1 379 11 17 0.10580126 
150 326 9 11 0.10271383 
660 164 12 14 0.101811305 
604 244 15 19 0.101422794 
627 36 16 19 0.10048295 
224 271 10 13 0.10013058 
7 242 11 14 0.099852234 
55 3 12 14 0.099561445 
110 124 10 14 0.09833372 
125 141 10 13 0.09823152 
590 27 13 17 0.09760408 
158 337 14 17 0.096724726 
157 427 29 36 0.09652042 
148 140 14 17 0.09591239 
612 299 15 17 0.094917156 
784 386 19 23 0.094524585 
631 297 13 15 0.094516985 
782 92 14 15 0.092944875 
763 244 15 17 0.09253035 
169 315 11 14 0.09156817 
93 75 11 14 0.09153715 
121 283 10 14 0.09131181 
744 78 10 13 0.09107343 
489 117 11 13 0.0908992 
510 111 11 14 0.09074277 
44 2 12 15 0.090182506 
240 85 9 12 0.09017058 
174 337 14 17 0.08984291 
678 122 13 16 0.08936124 
691 176 12 17 0.0874707 
739 282 13 17 0.08696917 
739 50 12 14 0.086303666 
741 225 13 16 0.08614552 
590 15 11 14 0.08603479 
253 62 10 13 0.08509314 
645 155 10 12 0.08500253 
3 187 14 19 0.08500025 
718 214 12 15 0.08382273 
801 93 10 14 0.0831009 
688 172 11 15 0.08299424 
221 164 13 15 0.082902305 
647 343 14 18 0.08064518 
204 217 13 16 0.07939413 
662 141 11 14 0.07918226 
63 170 12 15 0.07614665 
601 132 9 11 0.0760549 
610 332 16 19 0.073292546 
226 171 15 18 0.0731882 
116 53 9 11 0.07238245 
693 248 14 18 0.072253086 
231 101 12 16 0.07165423 
631 126 9 11 0.07160326 
604 239 13 14 0.071326636 
63 105 11 13 0.07132297 
164 335 12 15 0.07100406 
637 306 13 16 0.07032827 
23 69 11 13 0.06974938 
68 104 10 12 0.06962475 
248 60 11 14 0.06948061 
627 164 12 15 0.06944449 
23 402 13 17 0.06905646 
263 68 10 14 0.06898127 
533 126 9 12 0.06858611 
642 544 13 17 0.067941524 
67 140 11 14 0.067793265 
143 140 12 15 0.06747966 
780 335 16 20 0.06730275 
720 103 10 12 0.06656609 
73 263 9 12 0.06623876 
7 159 10 14 0.065575846 
774 113 12 14 0.06530951 
652 393 21 25 0.06509039 
84 193 14 19 0.06493251 
184 300 11 14 0.064914614 
812 236 11 15 0.0643501 
123 188 15 18 0.063263744 
223 94 11 15 0.06297914 
56 134 11 13 0.062964626 
527 59 13 15 0.062817045 
145 12 8 11 0.062540315 
666 406 19 24 0.062525466 
380 6 10 11 0.062495194 
85 127 11 13 0.062336106 
143 52 9 11 0.061372045 
40 347 12 16 0.06131 
262 196 13 16 0.060966283 
287 209 13 16 0.060865603 
797 335 15 21 0.060003545 
469 70 12 15 0.059106585 
676 130 14 16 0.058478437 
99 40 14 17 0.058044314 
54 125 11 13 0.057741985 
748 386 15 19 0.057693392 
663 170 12 15 0.057524595 
86 243 11 14 0.05740601 
104 122 11 15 0.057316385 
61 148 13 15 0.057155985 
725 281 12 15 0.057012 
460 155 14 16 0.056665506 
96 145 11 14 0.05662324 
205 277 11 15 0.056237392 
134 261 15 19 0.056064993 
560 40 9 11 0.055996098 
791 394 20 27 0.055085275 
643 222 15 19 0.05505379 
148 332 12 14 0.054541364 
629 134 11 12 0.05424502 
676 396 14 18 0.054035597 
591 179 12 16 0.053980414 
28 179 14 16 0.053729914 
786 331 16 20 0.05360859 
209 125 11 13 0.053291373 
56 23 9 11 0.053137932 
582 404 14 18 0.052911192 
789 326 12 15 0.052180156 
459 98 12 14 0.052046 
108 395 10 13 0.051120587 
189 203 14 16 0.050857767 
87 61 10 12 0.050447978 
196 236 14 17 0.05018383 
125 308 14 17 0.05010865 
455 153 13 17 0.04984191 
160 102 11 14 0.049747296 
684 133 14 17 0.04963525 
705 398 19 22 0.049569134 
36 339 14 17 0.049430892 
20 396 13 17 0.049427263 
465 38 10 14 0.049240306 
115 186 17 19 0.04911483 
145 272 14 18 0.04898946 
238 210 14 17 0.048979428 
640 154 10 13 0.048940606 
177 115 10 13 0.048823796 
732 125 12 14 0.048812196 
587 332 10 12 0.048627004 
915 635 41 37 0.04857846 
745 186 12 14 0.048503004 
670 315 16 22 0.048409015 
15 339 12 15 0.048380867 
206 205 11 14 0.048326157 
106 185 19 23 0.04819594 
625 157 11 13 0.04801868 
187 21 10 13 0.047856707 
744 393 19 27 0.047691807 
0 228 7 13 0.047652014 
97 332 10 14 0.0469082 
685 248 15 20 0.04673153 
58 209 14 19 0.04657292 
779 283 12 14 0.04656019 
726 236 10 12 0.046538197 
103 184 11 14 0.046434574 
828 284 10 12 0.04604119 
812 188 11 15 0.04602588 
388 174 23 27 0.045992438 
14 281 18 26 0.045892637 
1 128 9 13 0.04583119 
246 92 11 13 0.045588817 
523 163 13 15 0.04552247 
93 124 12 13 0.04552064 
13 102 10 12 0.045514382 
625 143 12 15 0.04526179 
71 301 9 15 0.04498088 
614 325 21 26 0.044909414 
183 148 13 17 0.04482468 
93 286 10 13 0.04474286 
98 386 10 14 0.044620033 
685 167 11 13 0.044614222 
487 159 9 11 0.044540234 
2 372 18 27 0.044362735 
673 125 11 14 0.044339225 
122 434 15 19 0.044105355 
75 307 12 15 0.044077523 
231 289 12 15 0.04388716 
240 190 11 14 0.043844447 
271 159 13 16 0.043682653 
623 128 10 11 0.043552734 
596 234 13 16 0.04354299 
145 261 16 19 0.043501753 
55 149 12 15 0.043475863 
489 98 12 15 0.043370824 
627 323 14 20 0.04326918 
79 181 13 17 0.04320223 
118 117 11 14 0.043009434 
549 249 15 20 0.04292226 
463 112 11 13 0.042786725 
711 210 13 17 0.04259224 
76 262 10 12 0.042403057 
708 203 14 16 0.042398904 
245 87 10 13 0.042258184 
40 369 16 22 0.042251963 
152 29 10 12 0.042190194 
620 298 12 16 0.042170588 
51 268 12 16 0.042082615 
166 325 11 12 0.042065326 
194 150 14 17 0.04188778 
132 192 12 17 0.041551698 
270 177 13 15 0.041398846 
727 96 11 13 0.04121821 
630 170 11 14 0.041169845 
111 130 10 14 0.040976048 
703 230 11 15 0.04094701 
30 338 13 18 0.040792108 
134 140 10 13 0.040705446 
686 101 10 12 0.04069918 
788 156 11 14 0.040642295 
60 23 10 11 0.04062317 
230 147 14 16 0.040568534 
111 47 10 12 0.04052379 
188 14 10 13 0.040382735 
789 150 9 12 0.040358733 
742 182 12 15 0.040138833 
636 360 12 15 0.04008981 
770 184 14 18 0.039915748 
737 47 10 13 0.039821357 
410 193 12 16 0.039744306 
239 249 14 16 0.039646737 
391 378 44 54 0.03954936 
87 274 11 15 0.039433535 
152 315 11 13 0.03941585 
548 167 22 26 0.03941341 
90 186 14 19 0.039403155 
703 146 12 13 0.03924107 
220 154 13 17 0.03921771 
686 111 12 15 0.039207544 
773 243 12 16 0.03909484 
109 148 11 14 0.039073993 
109 324 13 14 0.039050743 
227 387 16 22 0.038745165 
621 166 11 14 0.03859567 
51 260 11 15 0.038593046 
111 159 12 14 0.03854901 
0 110 9 13 0.03847862 
149 339 13 17 0.038477615 
527 159 9 11 0.038323853 
216 165 11 15 0.038282752 
710 144 11 13 0.03812006 
90 323 12 15 0.038077146 
667 179 13 16 0.03803414 
248 67 12 14 0.038025707 
251 192 11 13 0.038021803 
668 215 15 18 0.03792911 
239 33 9 11 0.03789367 
691 116 12 14 0.037886105 
765 238 13 16 0.037809264 
598 248 15 19 0.037776597 
558 216 14 19 0.037619304 
63 188 12 15 0.037576787 
159 326 9 11 0.0374077 
70 148 11 14 0.037156943 
588 170 14 17 0.037087046 
633 120 9 12 0.036991227 
1 292 10 15 0.036965262 
40 256 18 23 0.03673227 
208 402 17 21 0.03663187 
140 444 12 14 0.036547814 
722 194 14 17 0.0364909 
148 135 13 15 0.036486175 
141 146 14 16 0.036323626 
873 35 25 32 0.036304023 
40 24 10 13 0.03614615 
205 319 12 15 0.036138084 
602 331 10 13 0.03608488 
4 21 9 12 0.036062602 
678 247 15 20 0.0359777 
531 55 12 13 0.03561716 
514 115 12 14 0.035583656 
774 229 11 14 0.03557448 
251 84 12 14 0.035462745 
0 194 11 17 0.035321984 
716 143 12 14 0.035284135 
188 3 9 12 0.03505508 
381 411 30 37 0.0350383 
596 290 11 14 0.0349249 
393 97 19 23 0.034746155 
182 141 10 14 0.034596376 
517 166 14 18 0.03428471 
96 259 12 16 0.03423137 
196 203 12 15 0.034222957 
7 114 14 15 0.034204394 
150 121 13 15 0.03395185 
699 134 12 16 0.033912208 
772 335 16 22 0.033890422 
789 221 12 13 0.033682793 
668 266 14 16 0.033598654 
61 194 14 17 0.033439055 
545 126 9 13 0.033367153 
271 236 12 17 0.033250727 
132 107 11 12 0.033215098 
231 115 14 17 0.03320148 
133 126 11 14 0.03296351 
808 231 10 14 0.032916617 
749 270 14 18 0.03289199 
787 228 12 13 0.032863256 
692 123 13 16 0.032844923 
608 180 11 14 0.03283203 
148 8 10 12 0.032789376 
254 195 11 14 0.032727733 
767 244 21 24 0.032718938 
580 425 447 441 0.03271797 
767 115 11 14 0.032595534 
251 125 11 14 0.03259129 
127 56 8 11 0.032501657 
11 126 12 14 0.03239432 
503 165 13 15 0.03235778 
246 99 11 15 0.032345258 
459 83 13 17 0.032294523 
709 109 11 14 0.032294076 
391 106 14 17 0.032268904 
51 375 15 20 0.032161623 
582 128 9 10 0.03215456 
654 85 11 12 0.032121226 
79 349 11 15 0.032089047 
238 128 16 18 0.03203378 
12 55 14 16 0.031957544 
251 272 13 17 0.031832866 
610 400 17 22 0.031821962 
192 182 12 15 0.031812612 
246 55 11 14 0.03177638 
215 379 27 36 0.031766307 
725 303 14 18 0.03168259 
479 116 9 12 0.031576924 
178 4 10 12 0.03147974 
78 253 10 14 0.031416424 
154 145 14 17 0.03132344 
212 85 9 11 0.03128455 
131 242 14 18 0.031277798 
564 165 12 16 0.031255055 
774 237 11 15 0.031227505 
714 190 16 20 0.031222919 
26 267 13 19 0.031190265 
732 93 10 13 0.031131132 
157 224 13 17 0.031083642 
700 203 14 17 0.031072285 
719 120 12 15 0.030929394 
891 399 49 62 0.03082229 
198 133 12 14 0.03075073 
392 186 24 29 0.030739278 
621 193 12 16 0.030647215 
554 162 16 19 0.030578157 
180 282 12 16 0.030556615 
629 539 9 13 0.030555906 
725 2 11 13 0.030509178 
183 117 10 13 0.030471388 
124 334 11 15 0.030405238 
487 112 11 14 0.030394265 
783 158 11 14 0.030391859 
757 205 12 14 0.030377064 
643 191 12 16 0.030338913 
781 228 13 15 0.030336374 
151 37 9 12 0.030313497 
402 366 26 34 0.030260617 
204 282 14 19 0.030243803 
214 80 9 12 0.030182179 
741 211 14 16 0.03017584 
33 208 12 17 0.030067 
92 274 12 15 0.030036105 
212 38 10 11 0.0299711 
534 33 18 21 0.02996016 
178 419 30 37 0.029955883 
749 83 12 15 0.029828852 
746 221 13 15 0.02980279 
680 113 19 23 0.02978641 
173 109 11 14 0.029756851 
107 332 14 18 0.029730136 
573 255 15 20 0.029511552 
96 421 12 15 0.029427463 
639 199 19 23 0.029380912 
70 120 12 15 0.029325353 
76 340 10 13 0.029214595 
356 34 26 29 0.029208472 
724 186 13 17 0.029182898 
261 170 12 15 0.02915446 
655 158 10 12 0.029066183 
21 37 12 13 0.029040536 
33 187 13 16 0.029020471 
78 355 14 20 0.029007042 
632 551 10 14 0.028968718 
639 250 13 16 0.028892932 
778 392 22 28 0.02888305 
25 19 17 22 0.028764373 
556 227 15 18 0.02869421 
613 127 10 12 0.028684186 
88 85 10 13 0.028671747 
580 138 13 16 0.028659187 
652 172 12 15 0.028630933 
676 137 20 23 0.02858104 
838 220 14 21 0.028501593 
216 19 11 14 0.028496286 
70 273 12 19 0.02846507 
37 76 10 13 0.028338302 
676 308 15 19 0.0283117 
807 142 11 15 0.028302968 
86 310 14 16 0.028288065 
491 113 18 23 0.02827976 
548 163 16 19 0.02827014 
132 306 13 16 0.028266806 
88 291 10 12 0.028266663 
72 398 13 17 0.02821752 
701 114 11 14 0.028171225 
669 187 14 16 0.02812268 
786 85 13 15 0.028094262 
184 294 20 25 0.028091032 
128 61 9 11 0.027948331 
254 66 11 15 0.027933972 
124 278 10 14 0.02789943 
8 101 11 12 0.027876971 
135 147 11 14 0.027820459 
97 118 10 12 0.027773367 
60 203 14 18 0.027732141 
168 227 12 15 0.027677832 
562 405 16 20 0.027667623 
275 180 11 13 0.027646529 
76 268 10 14 0.027627127 
778 108 14 16 0.02751766 
550 212 14 17 0.02747475 
192 184 19 23 0.027454413 
129 23 8 11 0.027435945 
484 201 15 21 0.027407195 
183 210 13 16 0.027376236 
74 157 14 18 0.027343092 
229 29 10 13 0.027283045 
400 121 12 15 0.027254827 
247 222 13 15 0.027249884 
240 90 13 15 0.02723489 
54 205 12 16 0.027210098 
205 147 12 15 0.027193619 
631 84 12 15 0.027180653 
137 40 9 11 0.027180314 
582 164 14 17 0.02710846 
54 102 10 13 0.027080648 
693 322 13 18 0.027077693 
189 194 14 17 0.026994081 
243 106 12 15 0.026935516 
16 42 11 13 0.026891608 
105 304 11 15 0.02687321 
757 109 10 12 0.026865238 
595 264 15 19 0.026817657 
589 16 21 26 0.026734747 
82 205 17 22 0.026731703 
100 414 11 16 0.026697118 
47 274 12 16 0.026678089 
755 150 13 16 0.026664644 
7 93 11 13 0.026645914 
335 225 15 17 0.026645863 
713 182 15 17 0.026635453 
693 273 13 16 0.026542371 
239 258 12 14 0.026486952 
206 6 11 13 0.026473505 
4 171 15 18 0.026337165 
223 308 22 27 0.026327679 
779 237 14 18 0.026306488 
542 163 14 18 0.026302313 
69 178 13 17 0.026262362 
61 120 13 17 0.02623367 
252 74 12 16 0.026188176 
238 80 10 12 0.026174426 
78 242 14 17 0.026167063 
636 211 14 17 0.026094994 
174 39 9 11 0.026090302 
559 396 13 19 0.026063155 
194 58 11 14 0.026046129 
57 363 14 18 0.026002012 
894 628 75 56 0.025969764 
100 380 13 17 0.025965123 
45 140 10 13 0.02595805 
158 123 11 13 0.025954572 
197 168 12 16 0.02595192 
389 114 12 16 0.02595053 
238 53 10 13 0.025923843 
230 45 12 15 0.025923116 
428 121 11 13 0.02591746 
693 297 14 18 0.025913171 
528 130 12 15 0.025850527 
414 117 9 12 0.025818858 
448 52 12 15 0.025800418 
478 157 12 15 0.025753511 
818 92 13 16 0.025752269 
110 59 13 14 0.025737606 
420 179 11 15 0.02573373 
192 101 10 12 0.025726916 
726 76 9 13 0.025716472 
155 115 12 15 0.025706809 
566 206 13 15 0.025703778 
680 164 10 13 0.025616057 
734 144 19 24 0.025612837 
784 393 37 43 0.02559375 
305 155 15 18 0.025590952 
631 382 14 18 0.025573745 
534 149 10 12 0.02545902 
208 39 9 11 0.025253199 
60 238 11 15 0.025234597 
554 256 16 19 0.025197422 
720 282 12 16 0.02518117 
197 212 14 16 0.02516999 
777 28 11 13 0.02516734 
101 73 18 22 0.025100555 
784 222 11 13 0.025091724 
88 329 11 15 0.025051286 
493 77 10 12 0.025035564 
668 543 11 14 0.02501522 
234 284 16 19 0.025008284 
639 176 13 16 0.024978874 
660 315 15 19 0.024915105 
413 166 12 16 0.024892677 
200 49 10 13 0.024878915 
125 116 11 14 0.02487481 
71 60 10 12 0.024869282 
799 281 12 14 0.02485308 
831 238 9 12 0.024840932 
706 235 13 16 0.024809236 
655 195 11 15 0.024717672 
38 169 12 16 0.02466906 
614 235 11 15 0.024610309 
735 107 19 23 0.024573447 
142 437 28 33 0.024547422 
181 46 12 14 0.0245455 
202 53 10 12 0.024525288 
97 348 10 14 0.02451181 
636 406 21 28 0.02450232 
600 188 12 16 0.024493651 
201 400 27 34 0.024399897 
788 345 15 19 0.024329748 
493 109 13 16 0.024327056 
615 160 10 12 0.024188863 
142 70 10 13 0.024122115 
221 242 13 17 0.024105692 
111 338 12 17 0.024094496 
63 333 13 17 0.02405135 
61 385 12 17 0.024025546 
677 181 14 17 0.02399102 
253 246 10 11 0.023932248 
685 224 18 22 0.02391199 
168 29 9 11 0.023911426 
758 323 11 15 0.02388537 
191 19 90 125 0.02380433 
6 294 15 19 0.02379989 
273 222 9 12 0.02379213 
234 272 23 28 0.023781557 
759 139 11 15 0.023772215 
298 208 14 17 0.023757393 
230 147 23 26 0.023714717 
644 97 13 15 0.023698552 
624 57 23 26 0.023654161 
0 299 10 14 0.02360348 
124 235 12 18 0.023597175 
521 54 11 13 0.023558829 
175 141 10 13 0.023552522 
41 90 17 21 0.023528095 
621 43 24 28 0.023487559 
10 236 13 16 0.023357932 
0 443 7 12 0.023342181 
10 162 13 16 0.023269145 
204 256 18 23 0.023266962 
164 116 12 15 0.023082998 
574 167 12 16 0.023076376 
196 68 11 15 0.023069708 
510 171 17 21 0.023066899 
550 235 14 17 0.022967963 
216 243 12 17 0.022955408 
680 171 11 15 0.02291201 
80 12 10 13 0.022884639 
127 326 10 13 0.022852086 
30 273 23 29 0.022841819 
46 262 20 27 0.022820026 
112 142 11 13 0.022801701 
545 132 10 13 0.022792418 
360 449 23 29 0.022742597 
19 363 14 17 0.022734853 
514 55 102 119 0.022690428 
149 155 19 24 0.022688862 
223 87 10 12 0.022688622 
838 241 12 16 0.022547295 
128 268 10 13 0.022546614 
21 332 11 16 0.022447469 
215 30 10 11 0.022439847 
226 274 14 16 0.02239431 
359 124 11 14 0.022385336 
21 379 13 18 0.022363886 
384 118 11 14 0.022344518 
529 63 16 19 0.022231983 
0 181 13 19 0.022219269 
599 69 10 13 0.022205247 
703 193 14 17 0.022196922 
528 150 10 12 0.022097496 
174 302 10 13 0.022097189 
134 357 11 15 0.022091197 
133 63 10 12 0.022073478 
54 636 12 13 0.022068033 
203 12 14 17 0.022054346 
149 220 12 16 0.02205174 
389 557 12 17 0.022028176 
144 340 12 14 0.02201503 
664 548 12 14 0.02198629 
129 28 8 11 0.021977836 
0 233 11 16 0.021960264 
57 117 10 14 0.021915197 
137 233 13 18 0.021846354 
784 148 10 12 0.021841073 
756 85 11 14 0.021829434 
521 171 13 18 0.021828614 
611 188 13 17 0.021821532 
36 125 11 13 0.02179693 
58 39 12 14 0.021778796 
278 221 12 13 0.02174214 
759 318 11 13 0.021714263 
136 447 27 31 0.02170928 
455 117 10 12 0.021675203 
444 127 11 13 0.02167173 
594 164 14 17 0.021658288 
115 122 12 15 0.021616563 
738 302 14 17 0.02157166 
165 132 11 13 0.021566756 
17 61 12 14 0.021551125 
45 377 12 19 0.021499464 
421 120 20 24 0.021464437 
733 218 13 17 0.021417713 
626 187 13 16 0.021414936 
180 220 13 16 0.021378133 
0 203 8 14 0.021340635 
210 211 12 17 0.021297093 
814 778 14 16 0.021260764 
92 194 14 17 0.021220228 
116 260 11 15 0.02121981 
829 785 31 30 0.021128852 
231 209 13 18 0.021101609 
829 80 89 123 0.021095036 
475 85 12 15 0.021092176 
676 265 13 16 0.021089016 
925 632 15 18 0.021063408 
277 227 15 19 0.021058358 
117 58 11 14 0.021035578 
162 320 21 25 0.021028448 
53 82 11 13 0.02102808 
175 44 9 12 0.020926915 
661 266 14 16 0.020923048 
204 181 12 15 0.020883748 
573 120 9 12 0.020838303 
133 30 9 11 0.020821534 
213 15 11 14 0.020791959 
142 75 11 13 0.020783767 
1 15 9 13 0.020764269 
81 98 11 15 0.020752477 
623 138 20 24 0.020720696 
262 83 11 14 0.020670298 
35 48 14 17 0.020654812 
677 384 17 22 0.020650202 
592 50 12 15 0.020618837 
197 288 18 25 0.020609094 
52 10 13 15 0.020603638 
0 254 11 16 0.020599704 
469 82 14 17 0.02059624 
86 447 10 14 0.02059156 
748 204 14 16 0.020584846 
60 155 13 16 0.020574838 
662 135 11 13 0.020552779 
142 122 11 14 0.02053639 
637 315 13 18 0.020529043 
223 52 10 12 0.020496005 
393 159 23 25 0.020489816 
843 224 23 31 0.020482097 
578 253 16 19 0.020478051 
197 315 13 16 0.020412851 
126 261 11 15 0.020352317 
575 42 12 15 0.02033557 
206 119 11 13 0.02033395 
0 267 11 16 0.02030845 
165 140 12 15 0.020307416 
414 175 13 18 0.020306071 
679 287 20 26 0.020301957 
385 139 13 17 0.020301394 
112 166 19 23 0.020267583 
681 102 10 12 0.020267153 
575 131 11 14 0.020263987 
616 405 20 25 0.020258605 
55 236 11 15 0.020235237 
755 211 21 24 0.020210067 
488 76 10 12 0.020195201 
647 244 13 17 0.020186579 
565 256 15 19 0.020176956 
149 105 18 22 0.020171326 
278 126 13 17 0.020139493 
273 171 13 17 0.020131662 
798 229 10 13 0.020114591 
766 78 11 12 0.020104377 
789 51 14 17 0.020098234 
641 372 14 17 0.0200388 
102 223 12 15 0.020026548 
