35_Basketball_playingbasketball_35_405
65
824 296 16 22 0.7480457 
356 316 13 18 0.26287365 
583 312 11 13 0.2578058 
558 317 13 17 0.20073342 
549 308 10 14 0.13115805 
358 309 12 16 0.12672202 
349 319 13 18 0.11289832 
517 115 12 13 0.11073242 
580 318 15 19 0.1102108 
342 321 13 17 0.09396377 
563 322 13 16 0.086055025 
543 134 8 11 0.0825437 
334 315 15 19 0.071625896 
575 321 14 17 0.063077085 
499 184 18 20 0.062160835 
560 277 9 11 0.061742984 
566 293 8 12 0.05754534 
805 308 12 12 0.053471852 
550 315 12 16 0.053372853 
550 323 12 16 0.049649436 
559 144 8 11 0.049010612 
843 341 25 34 0.047443952 
574 271 9 11 0.047407195 
533 294 8 11 0.045632847 
833 304 14 18 0.04364484 
545 334 9 12 0.043298572 
811 305 15 17 0.040530115 
548 331 11 14 0.03722099 
361 323 13 15 0.036020603 
328 322 12 17 0.035669215 
828 361 27 29 0.034194417 
555 310 14 17 0.032652523 
492 271 10 11 0.03132999 
544 271 8 10 0.03021598 
530 287 8 10 0.029605478 
815 299 16 18 0.029515283 
567 271 9 12 0.02699308 
560 271 9 12 0.026973885 
502 310 8 11 0.026575265 
486 311 8 10 0.02651931 
545 314 11 16 0.026020583 
537 385 13 19 0.025473543 
544 303 12 15 0.025362184 
547 302 18 25 0.02525246 
895 222 168 280 0.024409961 
584 276 9 10 0.024209963 
835 293 14 19 0.024204845 
577 357 14 17 0.023872074 
575 288 8 10 0.022761935 
589 278 9 10 0.022723284 
749 245 11 12 0.022711182 
1008 482 13 21 0.022338394 
568 167 9 11 0.022095444 
538 119 7 9 0.022059722 
560 293 10 13 0.021814084 
565 276 10 12 0.021703696 
819 301 26 31 0.021620708 
470 221 11 13 0.021469714 
527 300 8 10 0.021349248 
547 339 13 16 0.021140255 
491 180 19 21 0.020974783 
511 265 8 10 0.020860732 
351 319 24 28 0.020623585 
558 308 21 27 0.020425605 
543 277 9 11 0.020088471 
