35_Basketball_Basketball_35_393
28
181 27 258 215 0.91123706 
757 164 43 64 0.5279137 
202 15 412 434 0.25583175 
783 94 49 58 0.19161886 
824 380 184 247 0.18245016 
-55 300 476 399 0.15268151 
533 677 13 17 0.08789803 
726 127 77 109 0.08462877 
271 170 400 400 0.0823158 
773 180 40 46 0.049357884 
794 197 31 37 0.048443858 
199 694 51 60 0.047346685 
813 98 37 43 0.0392714 
37 83 465 519 0.039188832 
782 97 27 42 0.03457966 
748 179 35 60 0.031808652 
56 615 23 32 0.03130975 
763 271 40 47 0.03039028 
781 266 51 75 0.027998954 
776 248 103 147 0.027097398 
140 354 366 479 0.02676101 
739 268 50 60 0.02492084 
579 684 28 32 0.02424535 
547 667 16 19 0.023610411 
690 93 92 135 0.023323914 
765 95 52 80 0.023050178 
701 109 187 235 0.02281438 
369 691 36 41 0.021469742 
