35_Basketball_basketballgame_ball_35_153
18
83 2 120 152 0.99981767 
713 307 139 185 0.9992244 
412 232 167 215 0.9982999 
81 232 135 194 0.9975733 
189 1313 104 115 0.29937047 
786 -15 196 230 0.1599873 
899 425 29 36 0.10690074 
604 735 125 98 0.049934134 
869 19 159 213 0.03301414 
666 1228 215 227 0.02857 
150 230 105 167 0.028179666 
708 -6 191 251 0.026519772 
388 1485 30 31 0.026114676 
815 13 133 129 0.024325777 
311 308 104 143 0.023000969 
392 772 47 57 0.021180214 
625 27 154 189 0.020679418 
160 868 318 419 0.020666722 
