35_Basketball_playingbasketball_35_279
21
398 1004 189 129 0.96388996 
709 1247 217 221 0.12871124 
108 106 25 36 0.11028751 
66 91 24 39 0.10060588 
622 1083 407 461 0.07608299 
269 250 15 18 0.05837073 
132 68 42 71 0.054097477 
264 43 169 236 0.044607036 
258 486 170 247 0.041593686 
467 1045 158 129 0.04085977 
9 99 44 65 0.037391517 
114 69 40 62 0.035322655 
340 1025 198 186 0.031840578 
57 48 34 42 0.026988517 
99 88 44 57 0.026838927 
322 1192 439 433 0.024641266 
137 84 56 86 0.024205517 
146 961 23 38 0.023626814 
89 1092 463 431 0.022111604 
172 1 17 16 0.021143392 
158 4 15 16 0.02027059 
