35_Basketball_playingbasketball_35_73
27
795 376 50 66 0.99737465 
491 372 48 57 0.8579918 
695 57 58 64 0.38027987 
241 290 43 69 0.29004917 
170 359 115 112 0.22979046 
155 279 63 77 0.13737996 
371 288 95 119 0.1253675 
375 272 44 53 0.10268109 
706 82 60 73 0.08444116 
212 355 134 144 0.072541244 
381 288 52 63 0.07006892 
683 64 42 51 0.05594574 
215 273 382 492 0.043649156 
770 58 33 42 0.038901 
1 627 36 47 0.03782482 
577 453 54 88 0.03659519 
1014 545 10 15 0.032742925 
731 57 60 64 0.031633794 
144 290 107 139 0.029289303 
67 63 33 35 0.028538797 
814 86 11 15 0.02649184 
315 240 44 62 0.025820898 
227 273 68 114 0.024588715 
69 415 462 545 0.021550044 
379 249 43 49 0.02125292 
362 256 44 51 0.020126201 
183 264 88 98 0.02004258 
