35_Basketball_playingbasketball_35_632
59
908 482 17 21 0.95784605 
126 442 20 25 0.8150385 
330 515 47 42 0.3741713 
721 486 14 17 0.315763 
449 324 40 41 0.3011518 
452 455 31 40 0.29701787 
961 129 24 30 0.15533562 
31 508 8 10 0.14998025 
478 355 26 28 0.14880273 
139 491 11 13 0.117206916 
849 94 25 30 0.079450734 
888 39 24 28 0.07841471 
29 662 10 13 0.07560357 
929 122 43 49 0.07157565 
38 510 9 12 0.06634179 
647 281 7 10 0.06357355 
963 142 24 32 0.050716426 
0 650 11 15 0.05069258 
137 448 16 21 0.048336413 
929 118 30 33 0.046204366 
323 537 30 35 0.045505144 
891 484 24 31 0.039905295 
109 166 14 16 0.038546015 
471 338 32 32 0.03462168 
586 278 7 10 0.033438925 
206 328 9 12 0.032824356 
939 136 45 52 0.032249924 
23 540 12 15 0.030962233 
303 686 13 15 0.03039518 
135 497 12 15 0.030240616 
37 505 8 10 0.029524243 
935 123 14 18 0.029325424 
942 173 50 62 0.027934715 
238 351 11 13 0.02772376 
294 709 22 31 0.02771095 
720 480 11 15 0.027483152 
862 36 43 48 0.027366735 
38 514 12 14 0.02590861 
182 478 11 14 0.024609515 
893 222 49 68 0.024008127 
585 284 8 11 0.023971327 
641 279 8 10 0.023961913 
451 339 53 47 0.023636803 
822 85 34 36 0.023140239 
30 515 11 13 0.021770272 
220 349 11 13 0.021763848 
945 225 50 63 0.021360721 
833 83 40 48 0.021295719 
876 204 79 110 0.021020282 
896 246 30 43 0.021015938 
981 242 14 18 0.020980045 
688 318 8 9 0.020902703 
631 278 8 11 0.020813478 
717 495 14 17 0.020589797 
870 486 13 16 0.020385325 
560 285 8 11 0.020292597 
709 502 45 54 0.020206504 
328 555 32 30 0.020157728 
952 199 32 42 0.020017719 
