35_Basketball_Basketball_35_180
28
603 165 29 37 0.9996012 
384 193 27 36 0.99958485 
529 155 27 36 0.99901116 
218 173 30 38 0.99896264 
330 189 30 36 0.99883693 
282 187 33 42 0.99882036 
412 397 36 46 0.99869555 
473 218 32 41 0.9986411 
440 176 27 34 0.9985018 
685 164 28 38 0.9981377 
611 358 30 39 0.9963092 
434 375 26 33 0.15954159 
472 133 13 17 0.05245906 
524 244 15 19 0.051796548 
491 130 12 15 0.044792112 
544 251 13 17 0.03457988 
516 232 12 14 0.03425468 
895 61 42 53 0.03303342 
950 102 25 28 0.028545946 
575 340 12 16 0.02695852 
290 213 26 31 0.025821766 
356 217 18 21 0.025676977 
355 359 20 29 0.025341803 
359 209 16 21 0.024849989 
490 103 28 36 0.023707952 
452 157 24 29 0.022730656 
127 56 13 17 0.022025514 
302 216 25 31 0.021958144 
