35_Basketball_Basketball_35_791
39
770 40 81 121 0.99819726 
62 263 11 13 0.09227712 
952 656 13 20 0.08680778 
570 299 10 12 0.07691076 
613 328 8 11 0.07241564 
593 312 8 11 0.055052992 
1003 732 13 17 0.048398856 
986 737 14 15 0.041491278 
627 322 10 15 0.04070267 
500 199 9 12 0.040659685 
575 312 9 12 0.036621362 
77 283 10 13 0.03548769 
608 310 9 12 0.03415243 
94 275 10 12 0.033920564 
585 295 9 10 0.03346565 
687 211 75 138 0.029963644 
111 229 12 15 0.028100042 
229 404 15 17 0.028083859 
593 272 8 10 0.027692288 
567 339 10 14 0.02735999 
37 361 10 14 0.02714375 
556 362 14 16 0.026673222 
533 245 11 13 0.026501907 
548 341 10 14 0.02576184 
992 719 11 14 0.02549624 
618 287 9 11 0.025015622 
491 175 13 16 0.024975762 
544 284 9 12 0.024555905 
543 303 9 13 0.024185723 
149 229 10 12 0.023499867 
560 280 7 10 0.023265388 
261 236 14 17 0.023050265 
515 221 11 12 0.02297056 
90 238 13 14 0.022342518 
53 279 13 18 0.022306442 
574 272 9 11 0.021588039 
66 260 13 15 0.020664047 
126 563 11 12 0.020257786 
965 732 12 15 0.020041902 
