35_Basketball_playingbasketball_35_195
264
460 392 15 18 0.9899082 
971 388 14 18 0.968489 
580 382 16 22 0.92427224 
205 273 20 29 0.9055961 
303 403 9 12 0.8691542 
113 406 8 12 0.8456952 
711 398 8 11 0.80361766 
135 415 9 11 0.7170367 
505 387 11 15 0.71459466 
1011 397 11 16 0.68555266 
51 399 11 14 0.67948806 
431 402 10 12 0.6354967 
738 398 8 11 0.63510287 
156 405 9 11 0.62774366 
537 403 11 12 0.5599479 
559 396 11 16 0.39732152 
361 403 10 12 0.3698573 
367 419 9 12 0.34443125 
153 402 8 11 0.255088 
248 406 10 13 0.22305673 
782 389 10 12 0.20305833 
775 405 7 9 0.19301496 
994 233 24 37 0.17151709 
525 430 10 14 0.15911879 
345 400 8 9 0.15098481 
630 459 9 11 0.14565782 
405 412 9 11 0.14508758 
494 478 7 10 0.13323252 
435 404 10 12 0.11772819 
944 415 9 11 0.11472488 
672 487 9 11 0.112078816 
286 431 9 12 0.10512 
944 422 11 14 0.1038997 
406 398 9 11 0.09922499 
837 223 34 39 0.09757698 
94 465 9 11 0.09702374 
1008 391 11 15 0.09682246 
666 392 8 10 0.095185354 
333 494 8 11 0.089965686 
94 408 9 11 0.0875074 
401 412 10 12 0.082372345 
0 423 7 11 0.08121993 
760 431 8 11 0.0811142 
405 438 8 10 0.07917002 
669 397 9 11 0.07795441 
349 399 9 10 0.07409908 
653 485 8 10 0.07408919 
434 497 7 10 0.07298398 
521 422 8 12 0.07219636 
158 411 10 11 0.06747117 
90 439 7 10 0.067087285 
656 406 8 11 0.06569535 
710 394 9 10 0.06469374 
653 446 9 11 0.06457717 
344 405 9 10 0.06383419 
340 430 10 11 0.061154537 
737 394 8 10 0.060909964 
742 404 7 10 0.0594305 
424 438 9 11 0.05906319 
491 478 7 9 0.05877483 
916 347 14 19 0.05854106 
352 494 10 12 0.055135906 
521 380 10 13 0.053963456 
589 371 13 17 0.053651787 
679 405 8 9 0.052706234 
741 393 8 10 0.051827475 
872 265 13 15 0.05106857 
655 441 7 9 0.05050097 
390 430 9 11 0.050310496 
391 424 8 10 0.049801182 
401 438 8 10 0.049261026 
198 636 15 20 0.04812518 
0 374 9 14 0.04760748 
287 413 8 11 0.047570225 
489 422 9 12 0.04653016 
408 431 9 10 0.04634302 
771 405 7 10 0.04548665 
94 445 9 11 0.045209434 
654 414 8 11 0.045200277 
661 471 7 10 0.045178294 
321 435 8 11 0.044564612 
413 429 8 10 0.043980688 
750 416 7 9 0.04369385 
414 407 8 10 0.043525975 
709 238 13 16 0.043455914 
634 478 7 9 0.043306097 
943 408 8 10 0.04315888 
522 435 9 12 0.043064274 
695 462 8 10 0.042716738 
307 399 9 12 0.04180978 
708 500 10 12 0.041763004 
497 497 9 10 0.040743504 
654 480 7 9 0.040108703 
52 413 12 13 0.0400957 
330 500 9 11 0.039872255 
599 445 8 10 0.039491177 
282 430 9 12 0.039104875 
485 495 8 10 0.03859573 
250 412 11 14 0.038559474 
343 413 9 10 0.038370334 
524 459 11 16 0.038329843 
679 401 8 9 0.038317375 
351 404 9 11 0.037500463 
134 408 10 12 0.03659917 
746 422 7 10 0.036416654 
196 280 25 28 0.036243565 
1000 403 10 13 0.036015857 
525 413 8 12 0.035754185 
358 495 8 10 0.035291206 
648 421 9 11 0.03524521 
6 493 9 12 0.0350557 
55 419 11 13 0.034727555 
71 465 12 15 0.034664147 
128 439 7 10 0.034014195 
407 392 10 12 0.033869006 
511 480 7 9 0.033845186 
581 374 16 21 0.033822134 
533 479 8 10 0.03352763 
558 335 7 8 0.033305198 
565 389 12 17 0.033200666 
335 489 7 10 0.03267963 
39 428 10 12 0.03266355 
240 302 16 20 0.03260883 
90 413 9 11 0.032568067 
625 406 8 11 0.032551408 
145 404 9 13 0.032263137 
341 436 9 11 0.032218028 
116 411 9 12 0.032187685 
49 392 10 13 0.032155693 
759 399 8 10 0.031877562 
640 437 9 11 0.03167772 
696 390 7 9 0.03147716 
759 435 8 12 0.031165808 
384 437 8 11 0.03115173 
727 428 9 11 0.030981468 
725 477 8 10 0.030977905 
665 488 8 10 0.030882675 
280 424 8 11 0.030852932 
22 406 10 12 0.030604748 
540 493 9 12 0.03059141 
768 400 7 10 0.03051984 
16 452 9 13 0.030471724 
765 377 8 9 0.030437896 
453 424 9 11 0.030296156 
166 421 9 12 0.030014453 
645 432 7 9 0.029949822 
391 438 8 10 0.029833497 
303 504 10 12 0.029540047 
687 478 8 10 0.029482232 
167 413 8 10 0.029478483 
431 444 8 11 0.029173661 
384 398 9 11 0.029077593 
52 597 25 29 0.0287555 
946 426 12 17 0.028722266 
401 391 8 11 0.028159121 
753 456 7 10 0.028053336 
648 438 7 10 0.027944189 
361 391 9 11 0.027625488 
263 414 9 11 0.02741994 
138 413 12 14 0.027377117 
541 418 10 13 0.027316334 
726 440 8 10 0.027266473 
133 399 11 13 0.027142005 
549 461 11 15 0.026798882 
785 431 8 10 0.026719464 
131 410 19 22 0.026615448 
152 400 17 21 0.026571872 
622 472 8 10 0.026550477 
524 388 11 14 0.026537126 
129 404 9 12 0.026383545 
15 447 9 12 0.026354594 
622 424 7 9 0.026275132 
750 422 7 9 0.026135318 
996 436 10 13 0.026077779 
567 328 8 9 0.026026065 
166 407 9 12 0.025985802 
359 501 8 11 0.025984509 
765 431 8 10 0.025943702 
344 493 8 12 0.025890866 
617 424 8 10 0.025880486 
524 422 10 14 0.025782183 
427 399 8 11 0.025778463 
357 399 19 23 0.025755731 
726 414 8 10 0.025726927 
361 421 10 13 0.025614735 
686 501 12 13 0.025562543 
481 479 7 9 0.025505189 
299 397 11 15 0.025210895 
1008 386 17 27 0.025197588 
401 383 7 10 0.025032492 
428 437 11 12 0.024918972 
566 380 13 17 0.024867814 
425 405 9 12 0.024657402 
703 415 8 10 0.024607789 
1014 467 11 17 0.024482515 
582 493 9 12 0.024360614 
402 398 9 11 0.024294965 
849 139 55 88 0.024287282 
553 396 11 16 0.024166787 
553 430 8 12 0.024154605 
534 399 18 21 0.02398127 
495 473 9 12 0.02380687 
70 478 9 11 0.023778213 
671 482 9 10 0.023605777 
335 405 8 10 0.023469245 
707 394 18 21 0.023459118 
672 404 9 10 0.023293441 
487 416 9 12 0.02326819 
656 465 8 9 0.023233168 
447 504 7 9 0.022996105 
781 413 9 11 0.022962436 
481 486 7 9 0.022961373 
661 403 10 13 0.022958238 
0 508 9 16 0.022859838 
656 401 9 10 0.022841498 
449 426 10 13 0.022763569 
327 448 7 8 0.022691052 
1 415 8 11 0.022545855 
299 399 18 23 0.022532431 
310 414 8 10 0.022443755 
361 411 11 13 0.022429498 
641 432 9 11 0.02238556 
337 401 7 10 0.022371877 
144 431 10 13 0.022146774 
535 419 12 13 0.02213744 
568 376 23 28 0.022113599 
110 400 17 23 0.022079349 
408 423 9 11 0.022051057 
214 272 19 29 0.022014292 
455 495 8 10 0.021943573 
759 405 8 10 0.021937706 
428 399 18 22 0.02183334 
769 447 8 10 0.02160516 
616 399 8 11 0.021522593 
754 471 7 9 0.021440042 
529 478 8 10 0.021419235 
386 431 8 11 0.021390442 
66 477 8 11 0.021387624 
21 453 12 15 0.021292454 
-29 497 490 405 0.021283835 
406 478 8 10 0.021231081 
6 487 10 12 0.021213742 
334 381 8 10 0.021168929 
422 412 10 11 0.02111911 
599 336 9 11 0.021084739 
350 393 10 12 0.021059424 
721 415 8 10 0.020894574 
477 431 10 12 0.020893564 
645 343 9 11 0.020775445 
687 406 8 9 0.02068439 
758 391 8 10 0.02061939 
251 419 12 13 0.020599606 
487 461 7 10 0.02058142 
399 421 9 11 0.020521492 
328 486 9 11 0.020490149 
343 488 8 10 0.020390706 
62 398 9 12 0.020317912 
402 488 7 9 0.02028996 
679 388 9 11 0.02026582 
641 344 9 11 0.02025804 
376 382 8 11 0.020183418 
655 138 10 13 0.020178523 
399 432 9 11 0.02015494 
6 462 8 12 0.02006317 
