35_Basketball_basketballgame_ball_35_50
104
949 271 31 40 0.99939585 
276 167 25 32 0.99875677 
411 207 23 29 0.99640274 
586 126 36 46 0.9913545 
209 271 42 58 0.9783548 
774 336 40 41 0.40186647 
970 104 7 9 0.22962342 
943 103 6 9 0.14392278 
817 405 20 21 0.14152928 
997 110 8 9 0.13906793 
1006 75 12 15 0.12980866 
876 93 9 11 0.12792803 
1011 77 10 14 0.12270412 
871 112 7 10 0.12199798 
751 389 33 41 0.11445923 
958 120 7 9 0.09762795 
1000 74 10 14 0.09347347 
877 88 8 11 0.0932891 
845 83 10 12 0.087312534 
879 111 7 9 0.08636938 
929 116 9 11 0.08317865 
973 120 7 10 0.08286901 
771 68 10 13 0.08253436 
920 96 6 8 0.07887748 
889 94 8 11 0.074821465 
812 392 32 34 0.074253224 
583 63 29 39 0.0712715 
848 54 9 11 0.06579464 
960 103 7 9 0.06361781 
970 109 8 10 0.059062514 
861 96 9 11 0.056462158 
836 96 10 11 0.054938935 
842 80 8 11 0.05465061 
928 104 8 9 0.05445091 
858 102 9 10 0.052611683 
854 111 9 11 0.051574923 
854 117 8 10 0.050688084 
877 102 8 10 0.05051664 
954 119 8 10 0.050159946 
888 112 9 10 0.049508203 
959 126 9 10 0.048203014 
927 96 8 9 0.046359293 
936 103 7 9 0.04477773 
839 85 10 12 0.044091485 
1000 67 21 27 0.04341337 
993 104 10 12 0.04314156 
973 104 8 10 0.04181301 
166 372 44 39 0.03672678 
190 293 27 34 0.036473434 
937 96 7 9 0.036366012 
953 111 7 9 0.03305091 
915 95 6 9 0.032505054 
833 88 8 10 0.03247547 
992 120 9 11 0.032303274 
889 102 8 10 0.031946193 
847 49 9 11 0.031569242 
833 58 11 15 0.030911554 
966 134 8 10 0.03069746 
898 444 10 14 0.03003566 
172 46 24 27 0.029794037 
911 112 8 11 0.029727234 
848 70 8 10 0.02966395 
888 89 8 9 0.028464861 
174 51 12 16 0.02771179 
403 192 11 13 0.027300205 
543 153 26 36 0.027236251 
24 86 9 12 0.027044293 
687 72 8 10 0.027041022 
864 117 8 10 0.02681745 
1 90 9 13 0.026440559 
264 107 423 492 0.026325269 
245 276 29 42 0.026174268 
990 124 9 11 0.026141685 
395 256 25 30 0.025899975 
849 60 9 12 0.025841882 
182 305 26 32 0.025255399 
984 127 8 9 0.02492946 
952 105 7 8 0.024347771 
976 259 28 33 0.02425741 
969 126 8 10 0.02401867 
906 111 7 10 0.023941202 
958 112 8 9 0.02391444 
832 69 9 12 0.023803718 
657 48 7 10 0.023719113 
961 134 9 10 0.023566565 
191 319 32 35 0.023463754 
944 109 8 10 0.023413459 
832 79 7 9 0.02334795 
1016 109 9 12 0.022307428 
1005 63 15 17 0.021906685 
1011 70 11 14 0.021788256 
904 78 7 10 0.02100165 
836 55 10 13 0.02093174 
612 180 15 18 0.02092044 
656 57 10 15 0.020871505 
798 384 34 36 0.020700904 
984 133 8 10 0.02069371 
400 205 23 31 0.020481646 
732 39 12 15 0.020436725 
686 77 8 11 0.02035792 
161 349 51 48 0.02027387 
931 111 10 11 0.02009599 
688 62 8 11 0.02009492 
260 207 26 33 0.0200297 
