35_Basketball_playingbasketball_35_2
23
457 421 46 78 0.97790843 
818 530 65 87 0.9594219 
685 722 67 53 0.06767272 
192 693 55 74 0.057726298 
235 721 56 61 0.05756551 
368 988 40 67 0.052406635 
469 406 55 81 0.0393073 
604 1142 51 49 0.039241236 
377 1000 25 40 0.032347146 
666 295 76 115 0.031477842 
535 308 23 32 0.029600631 
993 2 28 39 0.028965214 
322 956 58 92 0.027853742 
706 721 44 32 0.026686296 
258 697 45 73 0.026427545 
23 856 445 437 0.024653485 
518 384 35 44 0.024263294 
488 395 51 70 0.02332678 
616 111 8 10 0.023207743 
445 439 37 55 0.022318205 
617 647 46 56 0.021932445 
491 450 186 243 0.021745166 
206 719 61 62 0.02042229 
