35_Basketball_playingbasketball_35_251
24
431 113 100 151 0.9979963 
168 932 23 29 0.16580556 
264 1199 24 31 0.08883758 
-26 -130 434 448 0.07586312 
274 939 18 20 0.059011664 
163 878 16 17 0.045240752 
-45 176 439 516 0.0373051 
114 878 13 15 0.030961197 
105 918 17 22 0.028545918 
127 281 25 27 0.027035976 
93 884 10 12 0.026356883 
446 597 9 10 0.026099024 
455 611 16 20 0.023854341 
363 276 30 35 0.023271699 
980 1060 11 15 0.022534195 
855 604 10 12 0.022430412 
775 1049 8 9 0.02216214 
807 1064 10 12 0.021228934 
857 19 17 20 0.021189677 
58 895 16 17 0.020934675 
27 933 16 20 0.020415215 
913 0 27 28 0.02028811 
161 909 16 18 0.02024875 
133 879 14 15 0.02003803 
