35_Basketball_basketballgame_ball_35_375
2229
992 534 13 20 0.67255026 
361 143 7 10 0.608696 
681 199 9 12 0.53370714 
658 136 8 11 0.50983167 
805 183 10 13 0.4989697 
969 78 7 10 0.47200826 
762 603 18 22 0.46948904 
413 133 8 11 0.46764398 
862 198 9 11 0.4491337 
352 127 7 10 0.44495934 
631 215 8 11 0.44407976 
575 149 8 10 0.41467965 
500 166 9 12 0.412983 
606 190 7 10 0.4115118 
648 177 8 10 0.4099911 
591 226 10 12 0.40394557 
830 215 9 12 0.400235 
845 152 8 11 0.38884088 
822 681 25 28 0.37387216 
593 110 7 9 0.34700534 
874 692 25 30 0.34217888 
610 231 8 10 0.34152558 
647 55 6 9 0.3408475 
635 132 7 10 0.34007627 
626 56 6 9 0.31622422 
615 217 8 10 0.3113705 
446 135 7 10 0.30000687 
433 167 8 11 0.29282328 
865 222 7 10 0.29242393 
862 127 8 11 0.29225692 
649 158 8 10 0.28911936 
449 211 9 12 0.2882443 
272 95 8 9 0.28691682 
537 158 7 10 0.27387595 
1 126 8 12 0.26742488 
862 133 7 10 0.26461682 
719 99 9 12 0.26060703 
334 104 8 10 0.25878114 
838 5 8 11 0.2515196 
272 175 7 10 0.251486 
576 111 7 10 0.24938512 
967 142 8 10 0.24909025 
393 147 10 11 0.24802576 
838 127 8 11 0.24639122 
465 158 7 9 0.24610074 
982 485 23 30 0.24427114 
862 157 9 10 0.24307549 
522 224 8 11 0.24283302 
808 745 19 21 0.24001683 
95 127 8 11 0.23527831 
430 190 10 12 0.23254603 
840 169 9 11 0.23180602 
52 524 12 16 0.23117028 
518 161 8 10 0.23087509 
986 483 15 19 0.23080485 
965 165 9 11 0.23056461 
695 111 9 12 0.22930437 
300 192 8 10 0.22796278 
842 150 8 10 0.22583494 
256 95 7 9 0.22518957 
738 97 7 10 0.22248045 
861 568 13 19 0.22120833 
118 168 8 11 0.22066347 
817 174 8 11 0.21919855 
933 214 8 10 0.21701647 
997 165 11 12 0.21647802 
823 150 8 10 0.21595202 
638 233 8 10 0.21427076 
567 166 8 10 0.21384414 
360 167 8 10 0.21340095 
86 102 7 10 0.21224649 
887 150 9 10 0.21181017 
94 152 8 10 0.21145238 
591 15 6 8 0.20950085 
592 55 7 9 0.20641887 
1010 146 11 13 0.20598565 
321 30 7 9 0.20544834 
543 204 8 10 0.20221183 
592 149 8 9 0.19361827 
871 520 13 19 0.19253635 
712 135 10 13 0.19246338 
896 171 10 13 0.1917833 
1005 15 10 13 0.19103743 
592 129 7 10 0.18944377 
724 182 8 11 0.18839143 
1009 483 11 15 0.18799312 
575 191 8 9 0.18576072 
701 23 7 10 0.18513307 
674 221 8 11 0.18351856 
477 94 8 12 0.1823129 
453 198 11 12 0.18155937 
450 166 10 11 0.18104456 
471 136 7 10 0.1800609 
273 158 7 9 0.17962502 
625 176 7 10 0.17934482 
862 151 9 12 0.17735164 
608 87 7 10 0.17671083 
181 64 7 9 0.17650475 
888 157 8 11 0.17614286 
804 681 16 21 0.1726579 
441 41 8 9 0.17238712 
859 199 8 11 0.17228377 
495 102 7 9 0.17115565 
493 641 21 26 0.17032194 
160 94 7 10 0.16895029 
768 69 8 10 0.1665555 
392 17 7 9 0.16647053 
62 121 7 10 0.1661894 
983 4 9 11 0.16594629 
318 143 9 11 0.16507699 
378 173 8 10 0.1648061 
617 199 7 10 0.16446859 
657 221 8 11 0.16384244 
575 89 7 10 0.1628838 
558 184 8 11 0.16284311 
888 135 10 11 0.16193534 
888 103 8 10 0.16084321 
821 273 9 10 0.16019766 
157 143 8 11 0.15973048 
685 237 8 9 0.15905733 
423 23 7 9 0.15903933 
471 207 8 10 0.15880732 
150 159 8 9 0.15844515 
863 177 8 10 0.15790947 
397 145 9 10 0.15632519 
918 506 13 16 0.15601571 
847 156 8 9 0.15576135 
390 41 8 9 0.1546512 
825 200 8 10 0.15292771 
110 157 7 9 0.15094121 
153 128 7 10 0.15058912 
949 7 10 11 0.15037197 
657 72 8 10 0.14855105 
997 36 9 11 0.1473509 
999 55 9 11 0.14660008 
855 111 8 10 0.14633955 
440 183 9 12 0.14567171 
290 121 7 10 0.14513908 
295 607 23 28 0.1438662 
506 150 7 10 0.14313617 
477 180 9 11 0.14246221 
477 101 8 10 0.14202997 
514 102 7 9 0.14198446 
889 142 9 12 0.14198045 
625 152 9 10 0.1413857 
110 531 13 16 0.14076261 
873 128 8 11 0.1403695 
694 79 8 11 0.13857225 
448 152 8 11 0.1383004 
320 198 8 10 0.13779463 
77 167 8 10 0.1374963 
905 205 9 11 0.13740708 
79 126 8 10 0.13732067 
558 71 7 8 0.13668188 
610 150 8 10 0.13642332 
999 159 10 13 0.13567889 
519 103 8 9 0.13505234 
625 156 8 12 0.13458289 
62 102 7 10 0.13425013 
893 506 15 18 0.13387467 
933 207 8 11 0.13327932 
559 103 8 8 0.13284692 
951 185 7 10 0.13268226 
437 190 10 13 0.13256869 
637 128 8 11 0.13187015 
378 24 7 9 0.13180979 
281 137 8 10 0.13120769 
590 189 8 10 0.13079743 
606 255 10 12 0.1306227 
729 64 7 10 0.130562 
519 183 8 10 0.13055415 
800 64 9 11 0.12985435 
512 176 8 10 0.12975651 
910 142 9 10 0.12962277 
896 435 10 15 0.1294843 
463 153 8 10 0.12877512 
775 143 9 11 0.12791674 
442 45 8 11 0.12757519 
677 113 9 11 0.12756355 
521 14 8 9 0.12594914 
429 72 9 11 0.12548392 
319 192 7 9 0.12519836 
514 159 8 10 0.12515011 
160 55 8 10 0.12492334 
425 72 9 11 0.12478528 
489 135 8 10 0.12458263 
566 54 8 10 0.124312095 
774 214 9 12 0.12415575 
448 157 9 11 0.12390857 
912 135 9 10 0.123779304 
169 160 7 10 0.12364346 
949 77 7 10 0.1236178 
440 23 8 10 0.12357663 
410 192 8 11 0.123105966 
207 39 8 10 0.12263678 
303 135 8 10 0.12238706 
535 263 12 15 0.12146384 
76 525 11 14 0.12112238 
909 158 8 11 0.12068503 
992 167 10 13 0.120680414 
553 46 8 10 0.12029837 
410 80 7 10 0.1197709 
545 103 7 9 0.11941988 
558 231 9 11 0.11896222 
569 215 8 11 0.11893601 
814 230 8 10 0.11891565 
554 87 8 9 0.118666664 
863 192 8 10 0.118494734 
374 8 8 9 0.118342616 
496 117 8 11 0.11810152 
164 563 15 18 0.11767896 
510 197 9 12 0.11745236 
412 172 10 12 0.11741563 
286 137 8 10 0.1169034 
263 142 7 9 0.11686494 
536 181 7 10 0.11610452 
922 151 9 11 0.116100304 
831 103 10 12 0.11586128 
334 605 15 18 0.115800254 
400 166 8 11 0.11574352 
919 191 9 10 0.115085825 
900 436 13 16 0.11500218 
639 73 7 9 0.11489571 
426 184 8 10 0.114848174 
350 105 7 9 0.11484202 
812 566 15 20 0.11422889 
437 196 8 11 0.11407821 
193 144 8 10 0.1139169 
225 80 7 9 0.113491766 
774 172 8 10 0.11296984 
641 95 8 11 0.11293334 
335 125 8 10 0.1129287 
525 204 9 11 0.112892024 
537 119 7 8 0.11203724 
280 191 7 8 0.11202637 
336 143 8 10 0.11202236 
351 132 7 10 0.11200582 
153 134 8 10 0.11180236 
494 143 9 10 0.11137064 
428 119 9 11 0.11090481 
586 165 9 11 0.11031639 
943 446 9 13 0.10828524 
921 197 9 12 0.10798071 
353 15 7 9 0.10797513 
500 217 10 11 0.1064038 
599 78 7 10 0.10637406 
303 65 6 8 0.10634116 
383 86 8 10 0.10621099 
874 110 8 11 0.10618015 
606 174 8 10 0.106015064 
157 174 7 10 0.105661355 
943 140 9 11 0.10537443 
6 99 11 13 0.1052245 
952 562 13 21 0.10514663 
94 62 7 9 0.10500863 
296 109 8 9 0.10423864 
142 151 8 10 0.10343185 
129 56 8 10 0.103041254 
384 23 7 10 0.10296335 
680 63 7 9 0.102548495 
680 94 10 12 0.10215921 
197 134 7 10 0.10211743 
1014 71 8 11 0.102108724 
281 80 8 10 0.10204496 
840 145 7 10 0.10197022 
433 196 9 12 0.10181894 
66 87 8 10 0.10133309 
129 119 8 10 0.10037437 
663 8 7 8 0.10020726 
646 95 9 11 0.10012762 
440 128 9 11 0.09990775 
744 30 7 9 0.09975855 
478 121 8 9 0.0994239 
624 181 8 9 0.099088095 
248 152 7 9 0.0988677 
614 113 7 9 0.09872013 
661 70 9 11 0.09867867 
457 40 8 10 0.09854959 
904 151 10 12 0.098408274 
688 128 9 11 0.09840796 
606 57 7 9 0.09805847 
607 183 8 11 0.09756687 
389 630 16 20 0.09745931 
663 55 7 9 0.09745359 
625 86 8 11 0.09736105 
256 79 8 10 0.096917555 
1000 468 11 14 0.096588984 
681 134 8 10 0.0954404 
945 136 8 10 0.095112495 
343 181 8 10 0.095077895 
31 90 7 10 0.0950355 
809 577 18 21 0.094968796 
80 62 7 10 0.09454941 
585 183 8 11 0.09433003 
81 571 18 23 0.09423635 
608 118 8 9 0.09375109 
382 111 8 10 0.092724994 
550 160 8 11 0.092710555 
736 81 8 10 0.0920282 
237 14 8 10 0.091985255 
535 48 7 9 0.09176386 
760 22 7 9 0.091620035 
469 213 9 11 0.09148499 
451 205 11 12 0.09140273 
221 111 9 10 0.091026716 
679 7 7 9 0.090657115 
430 134 7 9 0.09060866 
414 165 10 13 0.09054325 
255 87 7 8 0.09031904 
602 61 7 9 0.090295665 
609 215 8 11 0.09011203 
477 88 7 9 0.08990078 
426 77 9 11 0.089896925 
85 96 9 10 0.08974679 
702 238 8 10 0.08953056 
505 126 7 9 0.08923768 
390 21 9 11 0.08898406 
488 269 10 13 0.088850684 
255 183 7 9 0.08844494 
629 57 7 9 0.08841292 
39 56 7 10 0.08839505 
241 132 9 11 0.08797121 
837 104 9 11 0.087663956 
457 120 8 9 0.08759157 
747 214 12 15 0.08740028 
510 151 7 9 0.087373495 
590 216 7 9 0.08690179 
353 64 6 8 0.08649651 
528 151 6 9 0.086336985 
294 121 7 9 0.086217426 
697 207 7 10 0.08580674 
1011 478 11 15 0.08563538 
576 46 8 9 0.08519228 
359 15 8 9 0.08518718 
995 697 26 34 0.084458016 
91 555 13 18 0.084259205 
136 104 8 10 0.08402666 
264 103 6 8 0.08383426 
135 56 7 9 0.08382389 
688 102 8 10 0.08381307 
879 127 9 12 0.083722 
655 238 8 10 0.08364793 
496 111 7 10 0.08355303 
488 199 8 11 0.08349031 
398 182 9 12 0.08343697 
585 213 8 10 0.08338341 
129 140 8 11 0.08329611 
104 103 9 11 0.08327787 
313 104 7 9 0.08320673 
218 184 6 9 0.08307798 
319 148 9 11 0.08303789 
680 87 7 9 0.08271635 
914 116 9 10 0.082510285 
999 101 8 10 0.08231764 
593 87 7 9 0.08224464 
168 143 9 10 0.081972465 
879 166 8 11 0.08182242 
456 180 8 11 0.081574 
488 150 9 12 0.081550196 
207 102 8 10 0.08151123 
263 111 7 8 0.08141808 
478 189 10 12 0.08138627 
656 76 8 9 0.0810887 
909 199 10 12 0.081059664 
610 114 7 8 0.08096523 
415 40 7 8 0.08087614 
99 181 9 12 0.08073691 
702 55 9 10 0.080711514 
678 142 10 11 0.080695 
629 151 8 11 0.08057802 
625 220 8 10 0.08030503 
57 158 7 10 0.08014707 
246 128 7 10 0.08009227 
409 41 6 9 0.079856016 
471 199 10 12 0.07975975 
234 70 7 10 0.07958629 
945 73 8 9 0.07940357 
861 104 8 10 0.07934558 
407 86 8 10 0.07929866 
31 57 8 10 0.079231836 
376 55 7 9 0.07904403 
597 351 11 14 0.078959584 
304 94 6 9 0.078888245 
735 63 7 9 0.07850477 
414 62 8 10 0.0784956 
916 222 10 12 0.07846053 
359 61 7 10 0.07839133 
303 70 6 8 0.07807693 
176 112 7 10 0.07763465 
121 95 7 9 0.07760486 
558 95 7 10 0.07753945 
670 167 10 12 0.07739115 
593 49 6 8 0.07715172 
560 120 8 10 0.07710594 
447 140 7 9 0.07703745 
854 94 8 9 0.076946355 
678 80 7 9 0.07687065 
131 158 7 9 0.07684258 
152 88 7 9 0.076753914 
47 87 8 10 0.076686196 
224 28 8 10 0.076603964 
615 45 7 9 0.07649258 
456 96 7 10 0.07626646 
480 24 8 10 0.07589847 
19 517 13 18 0.0758774 
246 105 8 9 0.07579354 
520 260 9 11 0.07566398 
297 142 7 9 0.07521173 
543 158 8 11 0.075164415 
142 54 8 10 0.07507941 
96 8 8 10 0.0749879 
168 135 8 10 0.0748199 
647 117 9 11 0.07481934 
951 11 9 12 0.07464318 
634 39 7 9 0.074593864 
697 54 7 10 0.07454979 
302 37 8 10 0.07416032 
402 92 6 9 0.074075334 
646 112 9 11 0.07373857 
87 85 8 10 0.07351107 
674 157 8 10 0.07327406 
256 176 6 8 0.07313244 
945 13 8 10 0.07312601 
159 89 7 9 0.07300599 
678 150 10 12 0.07299936 
519 119 8 10 0.072968915 
201 96 7 9 0.072954565 
848 118 9 10 0.07289467 
238 184 7 9 0.07287852 
175 127 8 9 0.07266988 
0 682 13 21 0.072634235 
114 167 8 11 0.072566636 
359 119 8 10 0.07248833 
70 137 8 9 0.072316825 
158 15 8 9 0.07227888 
992 87 9 10 0.07221478 
271 72 8 10 0.07210976 
61 622 27 31 0.072073825 
668 172 10 12 0.07180045 
727 189 8 11 0.07173879 
230 149 8 11 0.07169811 
710 85 8 10 0.071527846 
878 110 9 11 0.0713796 
129 47 7 8 0.07124657 
384 79 8 10 0.07121812 
209 142 7 9 0.07116073 
438 173 8 10 0.07112415 
704 62 7 9 0.071016714 
520 96 8 10 0.07099582 
609 40 7 9 0.07085706 
233 169 7 9 0.07070477 
474 121 8 10 0.07033417 
544 166 8 9 0.07025237 
56 23 7 9 0.06999356 
589 160 9 11 0.06974283 
795 64 8 10 0.069716364 
559 222 8 10 0.069686316 
493 137 9 9 0.06962449 
239 117 7 9 0.06939234 
358 183 9 10 0.069283634 
159 148 7 10 0.06904553 
378 39 7 9 0.06899961 
752 157 11 12 0.06898819 
473 48 7 8 0.068902746 
279 113 7 8 0.06888219 
189 119 8 10 0.068844065 
542 175 9 12 0.068723604 
158 128 7 10 0.068667755 
240 113 7 10 0.06866686 
536 220 9 12 0.06854012 
538 152 8 11 0.0683553 
473 125 8 11 0.06833492 
552 120 7 10 0.06807383 
321 9 8 9 0.06805984 
822 31 7 10 0.067764916 
46 121 8 11 0.06753612 
640 112 8 10 0.067450285 
608 144 9 11 0.06706557 
649 245 9 11 0.06700289 
632 7 7 8 0.06697903 
945 8 9 11 0.06682967 
201 167 8 9 0.06680851 
334 121 9 10 0.06672141 
751 271 7 10 0.0667126 
152 38 7 9 0.06654417 
647 153 8 9 0.06647477 
465 214 9 11 0.0663381 
648 240 9 11 0.06631772 
161 60 8 11 0.06629463 
455 101 8 10 0.06629309 
352 40 7 10 0.06608038 
168 166 9 11 0.06593964 
511 143 8 11 0.065871306 
567 47 7 10 0.06556288 
919 168 11 12 0.06547903 
551 231 10 11 0.06545644 
118 71 8 11 0.06538965 
961 159 9 11 0.065326214 
641 117 8 10 0.065316685 
765 86 8 10 0.06527286 
980 641 17 23 0.06514581 
690 110 9 12 0.06507792 
233 128 7 9 0.065070726 
415 159 8 11 0.06485889 
919 185 9 10 0.0647353 
328 119 8 11 0.064706996 
662 105 8 10 0.06460422 
993 525 24 30 0.06444457 
128 60 8 10 0.064158104 
473 191 9 11 0.064060345 
904 80 8 10 0.063888505 
937 166 9 12 0.06388705 
932 133 11 13 0.06388571 
849 94 8 9 0.063815236 
949 136 8 11 0.063657954 
613 247 11 13 0.06360553 
975 22 8 9 0.06358251 
517 277 13 17 0.06354975 
913 111 8 11 0.0634905 
640 77 6 9 0.06341055 
13 514 14 18 0.06335852 
622 199 8 10 0.063285165 
223 128 8 10 0.06321565 
8 615 22 29 0.06298582 
447 76 11 13 0.06288675 
191 126 8 10 0.06288516 
553 260 9 13 0.062824026 
905 156 9 12 0.06272779 
346 105 7 9 0.06272434 
377 192 7 10 0.0626845 
197 183 8 10 0.06267441 
446 182 9 11 0.06261366 
808 150 7 9 0.062593125 
528 8 9 10 0.06251974 
320 183 6 9 0.062400147 
408 166 9 12 0.062362816 
137 174 7 10 0.0623393 
315 193 7 9 0.062330786 
48 519 10 15 0.062307164 
990 5 9 10 0.062260874 
558 262 10 12 0.062239878 
695 157 9 10 0.062214244 
209 61 8 10 0.062077668 
893 142 8 10 0.062051844 
585 188 9 11 0.062013753 
182 69 8 9 0.061984446 
234 173 7 10 0.061957937 
408 45 8 10 0.061867908 
94 156 8 11 0.061820462 
414 151 7 9 0.06177067 
881 207 8 11 0.06175059 
544 109 8 10 0.061652046 
960 494 10 14 0.061651405 
408 30 8 9 0.061601017 
152 112 7 10 0.06154613 
782 9 8 9 0.0615263 
278 153 8 10 0.061472274 
854 116 9 10 0.06123993 
273 101 7 8 0.061099965 
985 167 9 12 0.06100754 
690 80 8 9 0.060751192 
65 80 8 10 0.060680114 
429 125 9 11 0.060649276 
544 229 10 13 0.06063429 
741 95 8 10 0.060633603 
299 38 7 9 0.06060642 
1005 441 14 18 0.060569752 
321 121 7 9 0.060549743 
62 636 24 28 0.060528737 
79 120 7 10 0.060520794 
106 158 8 10 0.060410965 
129 103 7 10 0.06035141 
132 587 15 19 0.060202822 
425 46 8 10 0.060094558 
1013 13 9 12 0.060027055 
934 32 9 11 0.059993118 
983 111 8 10 0.059757125 
298 70 7 10 0.05975064 
993 152 8 10 0.05973137 
157 135 8 9 0.05957715 
623 190 8 11 0.05945229 
295 104 7 10 0.059322365 
335 110 7 9 0.05921793 
1004 691 15 19 0.059149373 
927 6 9 11 0.059035562 
828 198 8 10 0.05898137 
925 173 9 11 0.05892042 
327 8 7 10 0.058859065 
250 184 7 9 0.058828555 
84 561 16 23 0.058822393 
585 174 8 10 0.058808155 
258 143 7 9 0.058700785 
384 184 8 10 0.058674153 
608 134 8 9 0.058546726 
762 81 8 9 0.058473505 
677 156 9 10 0.058332007 
680 99 10 11 0.05828509 
967 146 9 12 0.05806558 
922 697 28 32 0.057995316 
369 56 7 9 0.05795438 
174 96 7 10 0.057846267 
199 102 9 11 0.0577913 
680 231 9 11 0.05777039 
497 219 10 12 0.057462566 
575 282 12 16 0.0574361 
393 62 7 9 0.057294466 
1006 111 9 11 0.05724736 
134 143 8 11 0.05722468 
670 126 9 10 0.057212364 
495 206 7 9 0.057185423 
262 138 7 9 0.057171997 
992 158 10 12 0.057134353 
120 7 9 11 0.057092007 
695 127 9 12 0.05695519 
222 105 8 9 0.056909006 
541 222 10 12 0.05689878 
794 23 7 9 0.0568011 
176 56 8 9 0.056681816 
887 108 8 10 0.056659844 
921 275 10 12 0.056576468 
573 214 9 11 0.056540556 
694 103 7 9 0.056459244 
608 157 9 11 0.056331348 
142 48 8 10 0.056260623 
538 274 13 16 0.056259792 
646 1 9 9 0.056161262 
59 607 28 33 0.056155678 
520 63 9 10 0.056112856 
743 8 8 9 0.055925418 
720 176 10 12 0.055910543 
495 229 13 16 0.055842523 
737 14 8 9 0.055805124 
216 161 8 9 0.055743307 
552 181 10 14 0.055688668 
818 135 8 9 0.055665355 
720 63 9 11 0.05564858 
550 236 11 14 0.05563011 
407 159 9 10 0.055506743 
616 24 7 8 0.055393122 
347 109 7 10 0.055254005 
749 256 10 11 0.055224087 
385 42 7 9 0.055152327 
654 96 7 9 0.055117354 
192 94 7 10 0.055080015 
474 174 9 12 0.055056404 
647 294 8 10 0.05498753 
664 167 9 12 0.054970637 
703 79 9 11 0.05492146 
104 108 8 11 0.054895733 
27 597 17 20 0.05482982 
857 143 9 10 0.054720156 
270 62 8 9 0.05458498 
471 54 8 10 0.054579858 
889 742 26 27 0.05455756 
145 71 9 10 0.054252297 
643 55 7 9 0.05423522 
525 71 8 9 0.054224867 
880 103 8 10 0.054075062 
541 151 8 10 0.05403505 
360 57 8 10 0.054005567 
219 117 8 10 0.05399504 
560 206 9 11 0.053973146 
456 44 8 11 0.053947203 
590 8 8 8 0.053851344 
910 31 8 10 0.053786755 
87 200 9 11 0.05370051 
152 166 8 11 0.05359242 
383 189 8 10 0.053550716 
765 44 8 10 0.053421967 
648 37 7 10 0.053366322 
721 189 10 12 0.05333446 
426 188 9 12 0.053317353 
55 55 9 12 0.053313203 
552 103 7 9 0.05329261 
702 41 7 8 0.053062387 
89 56 8 9 0.053050596 
856 165 9 11 0.05301273 
391 183 8 11 0.052973635 
489 112 8 9 0.05297075 
462 38 8 11 0.05295455 
463 30 7 9 0.052946817 
303 88 7 9 0.05283144 
653 118 10 11 0.052787203 
137 70 7 10 0.05275156 
288 175 8 10 0.052725885 
369 49 7 8 0.052604698 
631 94 7 10 0.052561887 
97 176 9 12 0.052546788 
536 176 9 12 0.05253763 
929 111 8 10 0.052454647 
858 103 8 10 0.052446336 
136 168 7 10 0.052362684 
174 158 9 10 0.05235115 
782 25 6 8 0.052317306 
446 41 7 9 0.052286025 
112 62 7 8 0.05219848 
328 14 7 9 0.05218888 
241 128 8 10 0.052175496 
800 222 9 11 0.052170623 
814 179 10 14 0.0520883 
885 127 10 12 0.052049845 
455 175 9 11 0.05204554 
886 40 7 9 0.052001916 
155 92 7 10 0.051977377 
711 80 8 10 0.051833473 
552 126 7 8 0.05178224 
81 133 8 10 0.05174423 
727 1 8 8 0.05174318 
135 150 9 12 0.051704794 
674 38 7 10 0.05169703 
801 176 9 12 0.0516952 
972 184 9 11 0.051620502 
922 498 14 17 0.051599193 
503 639 22 28 0.051589724 
488 128 7 9 0.051503815 
505 191 8 11 0.051465623 
815 8 8 10 0.051426772 
455 125 9 11 0.05141219 
794 69 9 11 0.051410433 
495 183 8 10 0.05139675 
50 136 8 10 0.05135789 
598 73 8 10 0.05134625 
31 174 8 10 0.051294483 
170 32 7 8 0.051265925 
1000 77 8 10 0.051208925 
493 40 8 10 0.051109754 
687 15 8 10 0.051084056 
661 215 8 10 0.05107221 
576 116 8 10 0.051012836 
1003 19 9 11 0.051006917 
625 60 8 10 0.05089806 
73 560 21 28 0.05082713 
543 77 8 11 0.05078961 
286 80 7 9 0.050783187 
214 136 9 10 0.05070837 
825 101 9 14 0.050689794 
525 101 7 10 0.05067289 
513 118 7 10 0.050667875 
96 121 8 9 0.050628714 
649 126 8 10 0.050615337 
320 25 7 10 0.050582 
378 112 8 11 0.05046134 
923 272 11 11 0.050385408 
614 157 9 11 0.05036808 
328 71 8 10 0.05034124 
694 133 9 11 0.050324682 
528 261 9 12 0.05032213 
151 63 7 10 0.05022012 
968 82 9 11 0.050148323 
288 95 8 9 0.050146088 
576 15 7 9 0.05009502 
941 166 9 11 0.05008537 
513 96 7 10 0.050061647 
551 255 9 12 0.05005883 
15 80 7 9 0.05000295 
906 435 14 17 0.050001692 
975 108 9 12 0.049922798 
447 6 8 9 0.049906645 
949 716 12 17 0.04989861 
740 101 8 9 0.049881905 
377 86 7 10 0.049881022 
553 41 8 9 0.049848374 
87 133 8 10 0.049819138 
797 689 15 20 0.04976416 
526 65 8 9 0.04975259 
521 78 8 10 0.04974955 
0 412 7 13 0.049488284 
679 69 8 10 0.04946927 
553 95 7 9 0.049421728 
248 157 8 10 0.04941944 
63 95 9 10 0.049368374 
985 492 28 35 0.04934624 
304 168 8 10 0.04931382 
602 174 8 10 0.04929151 
485 158 9 10 0.049283683 
648 31 8 10 0.04921796 
82 85 8 11 0.049190126 
664 157 8 10 0.04918787 
262 79 7 10 0.049187146 
406 93 7 9 0.0491287 
696 214 10 12 0.04911874 
977 3 9 12 0.049109895 
542 72 8 9 0.04907746 
660 222 9 11 0.049055237 
961 173 9 11 0.048970144 
656 230 9 11 0.048938747 
526 78 8 11 0.048929907 
321 96 6 8 0.048908833 
176 79 6 8 0.048906542 
622 72 8 10 0.048850033 
773 69 7 9 0.048602916 
494 25 8 9 0.048488572 
897 53 8 10 0.048414063 
351 200 9 12 0.048360772 
974 103 9 11 0.04831982 
232 112 7 9 0.04823256 
701 111 9 11 0.048206124 
176 24 7 8 0.048196837 
984 478 13 18 0.048155762 
290 103 8 9 0.048081767 
313 109 8 9 0.048057288 
66 135 7 10 0.048019446 
345 128 8 9 0.04794077 
174 152 9 9 0.047910254 
583 266 11 14 0.047758248 
286 86 7 10 0.047755864 
647 259 10 12 0.04774877 
125 8 8 10 0.04770519 
679 167 10 12 0.04768899 
208 15 7 9 0.0476502 
590 244 12 14 0.047650155 
657 16 7 9 0.047613908 
713 640 27 31 0.047535125 
342 144 8 10 0.047512867 
463 219 10 12 0.047498263 
344 88 7 9 0.047487844 
502 112 8 10 0.04747222 
189 166 8 10 0.047406897 
520 87 8 9 0.047386143 
537 164 8 9 0.047320127 
594 78 7 10 0.04731132 
695 72 7 9 0.04730001 
305 120 7 9 0.047287334 
479 28 9 11 0.04723835 
929 2 8 8 0.047219675 
528 182 8 11 0.04719236 
0 120 8 14 0.047162727 
121 111 7 9 0.047159027 
441 6 7 9 0.04711247 
238 169 8 9 0.047093347 
816 584 17 21 0.047088135 
584 46 6 9 0.047042158 
895 48 8 9 0.047023676 
533 7 9 10 0.04700601 
374 197 9 10 0.046855893 
440 29 8 10 0.046809755 
264 167 8 10 0.04679935 
737 9 8 8 0.046776097 
857 159 8 10 0.046720453 
624 17 8 10 0.046716526 
705 87 8 9 0.046701334 
240 88 7 9 0.046674374 
525 96 8 11 0.046656 
26 93 8 11 0.046630174 
883 523 14 17 0.046618465 
822 145 7 9 0.046614513 
953 150 9 12 0.046611417 
796 585 13 17 0.046577588 
494 149 8 11 0.04656045 
674 118 9 10 0.046554428 
306 128 8 9 0.046530746 
526 12 8 10 0.046488397 
254 63 8 9 0.04642978 
385 73 7 9 0.04641036 
737 234 10 12 0.046391357 
663 63 8 9 0.04638492 
597 112 7 9 0.04637943 
942 31 9 10 0.046366755 
71 151 9 11 0.046342127 
911 166 9 11 0.046339184 
720 7 7 8 0.046254843 
482 158 7 10 0.046221428 
111 16 8 10 0.046195187 
863 24 8 10 0.046173044 
943 740 24 27 0.04613794 
238 174 7 9 0.046116233 
489 142 9 11 0.046095293 
801 32 7 9 0.04608683 
269 56 8 9 0.046041753 
69 567 14 20 0.045943055 
959 151 9 11 0.04590941 
801 14 8 10 0.04581361 
933 22 9 10 0.04573108 
655 112 8 9 0.045632884 
705 71 8 9 0.045621317 
582 207 9 11 0.045608398 
512 261 9 11 0.0455947 
246 110 9 11 0.045576878 
543 120 8 9 0.045559783 
617 128 7 9 0.045525484 
917 608 27 31 0.04550351 
365 167 8 10 0.045483425 
798 730 23 30 0.045479592 
845 167 9 11 0.045478765 
953 28 8 11 0.04542361 
782 143 7 10 0.04529415 
423 15 8 10 0.04527825 
24 158 8 10 0.045223314 
682 14 7 10 0.045192048 
41 88 8 10 0.045124482 
614 144 8 10 0.04510011 
945 54 8 10 0.045088142 
267 63 7 9 0.04497396 
240 32 8 10 0.04490107 
645 5 9 10 0.044885524 
543 133 7 9 0.044875324 
147 64 7 8 0.04487438 
552 65 8 9 0.044874042 
885 239 10 12 0.0448587 
994 93 9 12 0.044845045 
126 95 7 9 0.04481875 
88 165 8 10 0.044794906 
407 143 10 11 0.04460349 
618 72 7 9 0.044601843 
495 96 8 10 0.044578724 
72 2 8 8 0.044531114 
998 94 10 12 0.044413917 
25 142 9 11 0.044395324 
325 31 7 9 0.04438491 
174 175 7 9 0.04438063 
1007 87 10 13 0.044357575 
806 177 9 11 0.044325568 
652 159 10 11 0.044305433 
448 219 10 12 0.04429423 
613 236 9 11 0.04428788 
223 168 7 9 0.04421263 
423 8 7 9 0.04420399 
920 493 12 17 0.04419863 
329 125 8 10 0.044126157 
360 172 9 10 0.044122245 
721 1 8 8 0.04408793 
583 72 9 10 0.0440217 
409 150 8 10 0.04396683 
617 206 8 9 0.043951802 
808 145 7 9 0.043912277 
512 86 7 10 0.043912113 
953 102 9 10 0.0439082 
895 96 8 11 0.0438024 
485 246 9 12 0.043726575 
295 56 7 8 0.043713078 
273 119 8 10 0.043694943 
608 127 7 9 0.043625005 
850 113 8 10 0.043606047 
447 16 7 8 0.043586962 
784 173 9 12 0.043544248 
685 96 9 10 0.043526076 
920 12 9 11 0.043512348 
335 174 9 11 0.043461613 
93 57 8 9 0.043439683 
607 197 8 10 0.04342872 
695 229 10 12 0.043426115 
251 80 7 9 0.043415107 
936 54 7 9 0.043337204 
947 183 7 11 0.043325067 
527 174 9 11 0.04327876 
453 71 9 11 0.043252364 
442 16 7 9 0.043227468 
408 128 10 12 0.04314065 
845 126 8 10 0.04307292 
678 216 8 11 0.043068275 
781 181 10 13 0.043005195 
1007 190 8 11 0.04292806 
519 110 7 10 0.04285641 
935 38 9 9 0.04275602 
377 29 7 9 0.042744134 
318 137 9 10 0.042725217 
809 734 19 23 0.04270381 
822 118 8 11 0.042659722 
749 261 8 11 0.04265711 
254 200 8 10 0.042652458 
609 93 7 11 0.04253233 
346 134 8 9 0.042442977 
665 88 8 9 0.042407084 
660 139 9 11 0.042406905 
870 145 8 10 0.04239169 
170 174 8 9 0.042377174 
861 109 9 11 0.04228696 
925 198 9 12 0.042260703 
894 101 8 11 0.042201534 
957 24 9 11 0.042157482 
197 143 7 9 0.042120438 
623 31 7 9 0.04208839 
174 30 7 9 0.04201366 
631 80 8 10 0.042012125 
519 200 9 12 0.042000365 
113 120 7 9 0.041988574 
575 41 8 9 0.041931923 
431 159 8 10 0.041918956 
498 172 9 11 0.04189627 
518 272 11 14 0.041891072 
462 96 8 9 0.041810505 
702 208 9 11 0.04178703 
70 6 9 10 0.04174507 
912 104 7 9 0.041683234 
192 206 7 9 0.041680843 
584 78 7 9 0.041608796 
867 630 19 23 0.041596442 
543 87 7 9 0.041565657 
713 102 9 10 0.041492734 
401 308 10 13 0.041484524 
713 16 7 10 0.041464478 
752 94 8 10 0.04141277 
165 72 9 10 0.04139507 
463 23 7 9 0.04123578 
412 244 10 12 0.04120035 
423 85 9 11 0.041187078 
854 284 8 11 0.041181464 
614 41 7 9 0.041181244 
968 31 8 10 0.041168198 
226 149 9 10 0.04108709 
920 156 10 10 0.04107702 
114 185 7 9 0.04105895 
551 175 9 12 0.04101484 
383 45 8 10 0.040999427 
494 200 7 11 0.04098285 
465 207 9 11 0.040973406 
751 139 10 12 0.04096653 
177 16 6 8 0.0409014 
81 79 8 11 0.040868532 
908 540 12 17 0.04081578 
704 94 8 10 0.04079514 
808 679 23 31 0.040748537 
527 119 7 9 0.04068834 
254 56 7 9 0.04068787 
198 108 9 12 0.04067319 
892 522 12 16 0.04064336 
306 650 23 32 0.040569283 
888 45 7 10 0.040559962 
249 86 8 9 0.04050771 
319 203 11 13 0.040483154 
897 118 10 11 0.04043469 
756 155 12 13 0.040415663 
720 15 7 10 0.04040936 
608 81 8 9 0.0403909 
74 126 8 9 0.040387627 
625 39 6 9 0.040288705 
835 682 16 21 0.0402345 
369 87 7 9 0.04023347 
869 149 9 11 0.040201142 
158 22 7 8 0.040159 
912 215 10 13 0.040144004 
678 38 8 11 0.040113732 
920 239 9 12 0.040066842 
696 15 7 10 0.040002767 
575 208 9 11 0.03995699 
215 56 7 9 0.039947685 
119 119 8 10 0.03993061 
526 86 8 10 0.039912917 
112 21 8 11 0.03990511 
334 15 8 9 0.039823364 
62 604 14 19 0.039814267 
754 23 7 9 0.03976961 
754 16 7 9 0.03974646 
344 63 8 10 0.039673127 
945 242 10 14 0.039622128 
216 14 7 9 0.039604798 
884 496 23 26 0.039584402 
130 24 7 9 0.039572775 
405 6 9 10 0.039542057 
862 143 9 11 0.039509494 
607 168 8 10 0.039501224 
542 127 8 9 0.039494134 
218 166 8 10 0.03945696 
369 80 7 9 0.03941633 
590 174 8 10 0.039405167 
255 112 8 10 0.03926517 
721 41 6 8 0.039219685 
142 174 7 10 0.039211135 
158 168 8 10 0.039146952 
145 76 7 10 0.03910964 
632 209 7 9 0.039062217 
1006 104 9 10 0.038969785 
825 286 9 12 0.03889763 
314 31 6 9 0.038856708 
615 7 7 8 0.0388333 
320 63 7 9 0.038764317 
399 16 7 9 0.03871701 
368 62 7 9 0.03870077 
126 594 16 19 0.038696498 
767 150 9 12 0.03869563 
251 71 7 10 0.03865428 
366 127 8 9 0.038618844 
216 128 8 9 0.03860948 
779 24 7 8 0.038600348 
949 1 8 9 0.038593605 
933 126 10 12 0.03858269 
942 161 8 10 0.038571443 
512 135 8 10 0.038487453 
510 72 7 9 0.038454853 
423 159 8 9 0.038433455 
142 104 7 10 0.038426444 
193 176 7 8 0.038394284 
641 175 9 11 0.038390342 
974 119 8 10 0.03837415 
162 70 8 11 0.038366865 
729 87 7 9 0.038356718 
391 29 8 10 0.03827736 
80 23 8 10 0.03824787 
952 96 9 11 0.038243394 
880 63 8 9 0.038233183 
734 111 11 13 0.03820635 
934 583 24 28 0.03812237 
240 37 8 11 0.0380729 
862 119 8 10 0.037982643 
535 52 8 10 0.03793862 
881 46 9 11 0.03792669 
672 70 7 10 0.037917014 
519 22 9 10 0.037917 
997 151 9 11 0.037863426 
111 192 8 11 0.037862357 
934 185 9 10 0.03785961 
624 166 8 10 0.037825417 
911 45 8 11 0.037815478 
104 71 8 11 0.037800174 
894 150 9 11 0.037746232 
479 111 7 8 0.037729844 
957 96 8 9 0.03770293 
761 41 9 10 0.037679367 
502 118 8 11 0.037669886 
200 191 8 10 0.03738631 
711 70 7 9 0.037374206 
354 121 7 10 0.037356302 
298 63 7 10 0.037330415 
207 127 8 10 0.03732109 
241 102 8 10 0.03729808 
463 101 8 10 0.03723109 
169 150 8 10 0.03719528 
28 116 10 11 0.037171032 
263 185 7 8 0.037117556 
879 174 8 10 0.037116468 
519 1 8 8 0.03708571 
567 79 8 9 0.03708028 
359 86 7 10 0.037078433 
887 214 7 10 0.03706403 
992 490 16 20 0.037013043 
935 7 9 10 0.036994904 
39 185 9 11 0.036985587 
440 76 10 12 0.03698368 
313 160 8 10 0.036973897 
758 17 7 9 0.036944736 
355 654 19 23 0.036942787 
90 158 8 11 0.036914714 
111 56 7 9 0.03689458 
400 104 8 12 0.036873344 
782 29 7 9 0.036850583 
104 191 9 11 0.036839034 
823 109 9 11 0.036834627 
7 509 12 16 0.03680339 
103 167 9 10 0.036769938 
616 133 8 10 0.036769 
591 206 8 10 0.03675161 
298 33 8 10 0.036729112 
184 119 9 10 0.036666367 
816 271 9 12 0.036651164 
328 88 7 9 0.036645982 
298 87 7 10 0.036640555 
297 79 8 10 0.03662477 
360 31 8 9 0.036621384 
862 620 21 26 0.036610052 
519 175 8 11 0.03657992 
59 125 8 10 0.036575288 
895 603 53 50 0.03656461 
982 126 8 10 0.03653448 
879 87 8 10 0.03652646 
608 15 7 8 0.036504317 
469 159 7 9 0.0364542 
150 77 7 10 0.036378387 
104 532 12 18 0.03636114 
672 6 7 9 0.036310527 
674 79 7 10 0.036297973 
887 96 8 10 0.036292568 
911 38 8 10 0.036244567 
423 29 8 9 0.036223054 
189 160 9 11 0.036204655 
358 136 19 25 0.036198426 
230 80 8 9 0.03618275 
615 30 7 8 0.036161203 
254 71 8 10 0.036090013 
558 39 7 10 0.036067292 
878 116 8 10 0.03606042 
174 48 8 9 0.0360577 
633 110 8 10 0.036038242 
498 233 15 17 0.03602438 
222 133 8 10 0.036019206 
302 79 8 10 0.035992056 
40 149 8 10 0.035970904 
767 94 8 11 0.035954904 
352 182 8 10 0.03594611 
377 183 9 10 0.035930116 
990 508 25 34 0.03590981 
829 278 10 12 0.03590647 
446 237 10 12 0.035899635 
934 118 8 10 0.03587062 
543 96 7 9 0.035797004 
559 111 7 8 0.035788897 
570 144 8 11 0.03578411 
715 137 11 14 0.035779387 
537 126 8 9 0.03569627 
652 175 8 11 0.035661392 
26 88 8 10 0.035656348 
3 624 16 22 0.03564387 
272 90 7 8 0.035640933 
310 127 8 9 0.035627645 
560 125 7 9 0.035622664 
384 93 9 10 0.035614952 
439 238 9 12 0.035603635 
893 196 11 14 0.035603464 
192 149 8 9 0.035568155 
457 23 7 9 0.035563167 
250 7 8 10 0.035509188 
503 160 8 10 0.03549051 
409 61 9 10 0.035478435 
696 48 8 10 0.035441317 
1013 343 9 13 0.03543996 
176 118 8 10 0.035439555 
935 15 9 9 0.03542226 
32 135 8 11 0.03538967 
234 65 7 9 0.035384994 
895 286 12 14 0.035372816 
567 219 9 11 0.03535597 
47 93 8 10 0.03534928 
769 172 9 11 0.035323177 
496 88 7 9 0.035283305 
623 22 7 9 0.035239022 
585 63 7 9 0.03523374 
641 23 7 8 0.035223253 
39 516 11 14 0.03520699 
385 103 8 10 0.035202824 
751 88 7 9 0.03514729 
1015 257 9 14 0.035128802 
774 113 8 10 0.03510482 
145 128 7 9 0.035029404 
70 142 8 10 0.03502716 
543 213 9 12 0.03502004 
586 228 9 12 0.03501153 
314 149 8 10 0.035007603 
615 94 7 10 0.03500391 
881 96 8 9 0.034986455 
641 181 8 10 0.03495126 
738 24 7 9 0.03493559 
926 72 7 9 0.034934703 
128 111 7 9 0.034896154 
311 120 7 9 0.034867063 
422 166 9 11 0.034859397 
623 128 7 10 0.034795925 
378 117 8 10 0.034758814 
858 175 8 11 0.034692362 
662 48 8 9 0.03465106 
639 167 7 10 0.034612823 
965 486 11 14 0.034580756 
712 128 9 10 0.03450533 
551 201 8 9 0.034483623 
59 525 12 17 0.034472775 
167 77 8 9 0.03447127 
281 65 8 9 0.034442715 
367 135 8 10 0.03443103 
477 196 10 13 0.03443026 
802 8 7 10 0.03441409 
698 39 7 8 0.034386743 
638 39 8 10 0.034354948 
833 167 8 11 0.034339044 
201 62 7 9 0.03428542 
383 7 8 9 0.0342845 
1012 487 12 16 0.03427992 
318 103 8 10 0.03420498 
213 141 9 11 0.03417931 
198 176 8 8 0.034140904 
586 8 7 9 0.034123737 
433 22 7 9 0.03403915 
672 87 7 10 0.034028634 
634 45 7 9 0.034027927 
863 218 9 10 0.033972792 
293 125 8 9 0.033959262 
376 46 8 10 0.033928163 
974 744 27 25 0.033924207 
418 23 7 10 0.03390532 
567 127 7 9 0.033873517 
287 158 7 9 0.03385912 
1004 164 9 12 0.033843208 
749 1 8 9 0.0337639 
630 176 7 10 0.033729397 
568 173 8 11 0.03365146 
194 103 7 10 0.033586297 
528 2 9 8 0.033568352 
936 171 9 12 0.033505514 
912 182 9 11 0.03349666 
694 201 8 10 0.03348973 
596 228 11 12 0.033482365 
2 96 9 13 0.03346924 
206 120 9 10 0.033469226 
177 70 8 10 0.033436634 
839 181 8 11 0.033416495 
459 30 7 10 0.03335831 
472 40 7 9 0.033358008 
127 40 8 9 0.03335101 
329 103 8 10 0.03334666 
366 183 7 9 0.033328976 
538 87 7 9 0.03330265 
917 135 8 11 0.03328211 
637 215 8 11 0.03326661 
741 229 12 15 0.033225447 
893 158 9 11 0.033219088 
752 277 8 11 0.033216897 
154 181 8 10 0.03319817 
655 128 8 9 0.033186883 
222 184 6 9 0.033144947 
825 96 8 11 0.033125587 
535 64 9 10 0.03311417 
639 142 8 11 0.0330784 
777 7 9 10 0.033078335 
154 150 7 10 0.03306728 
32 168 8 9 0.033061374 
640 272 8 11 0.033048045 
351 70 7 10 0.033040155 
160 99 9 11 0.033026095 
142 144 9 11 0.033022795 
510 127 7 9 0.032993432 
160 568 19 24 0.03298278 
65 8 8 11 0.032975502 
897 179 9 11 0.032959297 
79 183 8 10 0.03293377 
971 215 38 49 0.032890458 
872 64 7 9 0.032879096 
304 183 7 10 0.032873824 
662 14 8 10 0.03283368 
632 199 7 9 0.032825794 
542 256 11 13 0.032813616 
250 55 7 9 0.032767925 
936 159 9 12 0.03276404 
88 109 8 10 0.03276398 
103 22 8 10 0.032752242 
280 184 8 10 0.032748435 
873 104 8 10 0.032735508 
352 86 7 10 0.032699324 
200 87 7 9 0.032688778 
137 15 7 9 0.032680113 
426 133 8 10 0.032654684 
511 29 8 10 0.03264972 
521 9 9 10 0.032641858 
538 204 8 10 0.03263891 
439 72 9 10 0.03263237 
207 160 7 9 0.03261041 
862 742 21 28 0.0326012 
511 79 8 10 0.032578956 
287 181 8 11 0.03257649 
489 87 8 10 0.032575976 
798 677 16 19 0.032531496 
927 183 8 11 0.03253142 
89 128 9 11 0.032439355 
296 150 9 10 0.03242161 
672 63 8 10 0.032405905 
525 256 10 13 0.03237879 
925 155 9 12 0.032354105 
503 87 8 10 0.032349557 
424 196 10 12 0.03234017 
901 173 10 12 0.032305017 
104 152 10 12 0.032280233 
745 1 8 8 0.032242272 
250 189 8 9 0.03218361 
784 12 7 10 0.032172006 
807 14 7 10 0.032158792 
312 134 8 10 0.03215087 
524 228 9 11 0.032141373 
906 143 9 10 0.032086294 
735 1 7 7 0.032075156 
600 168 8 10 0.032055028 
1003 480 20 25 0.03203853 
991 704 16 21 0.032026824 
315 197 9 10 0.032017786 
56 176 8 11 0.031972203 
-1 677 24 31 0.03196591 
81 70 7 10 0.03193865 
35 586 15 17 0.031898886 
696 84 7 10 0.031893495 
657 103 7 9 0.03189281 
536 113 7 9 0.031852897 
888 192 8 11 0.031846575 
938 445 10 13 0.031836774 
600 207 9 11 0.031822383 
312 72 7 8 0.031817444 
587 56 7 9 0.031800475 
430 152 8 10 0.031792857 
544 236 12 14 0.03178505 
479 80 7 9 0.03173921 
814 13 8 9 0.031713307 
624 80 9 10 0.031690974 
329 167 9 11 0.03166909 
50 24 6 9 0.03164361 
791 127 9 11 0.031607118 
885 206 9 12 0.031601284 
238 95 8 9 0.03157785 
537 96 8 9 0.03152476 
567 198 9 11 0.031518232 
64 142 9 10 0.031486142 
615 87 8 10 0.031421617 
321 14 7 9 0.03140069 
206 96 8 9 0.031347934 
591 39 7 8 0.03133162 
646 87 8 10 0.031326693 
160 48 6 8 0.031322315 
954 745 20 23 0.031320482 
345 15 7 9 0.031311557 
447 62 7 9 0.03129389 
750 6 7 9 0.031293757 
599 102 8 10 0.031257555 
552 223 9 12 0.03120528 
466 142 7 10 0.031181231 
557 254 12 14 0.031179188 
875 748 16 21 0.031156482 
625 92 8 11 0.031153254 
925 167 10 12 0.03113769 
753 183 9 11 0.031135458 
734 198 9 11 0.031085454 
614 166 8 10 0.031078389 
121 33 6 8 0.031050572 
558 79 10 11 0.031048618 
467 136 7 9 0.031006498 
886 517 12 14 0.030998653 
743 26 7 8 0.030941 
115 537 14 17 0.030937465 
885 536 14 20 0.0309136 
673 95 7 10 0.030901445 
697 9 8 9 0.030890098 
570 94 7 9 0.03088718 
71 120 9 10 0.030846497 
399 23 7 9 0.03084412 
512 0 8 9 0.030835371 
1003 514 15 18 0.03081318 
568 134 7 9 0.030808788 
969 109 8 11 0.030804396 
687 215 9 11 0.03079216 
638 46 8 9 0.030789003 
121 89 6 9 0.030778795 
884 517 23 28 0.030769432 
641 87 8 10 0.030727824 
170 112 7 10 0.030724172 
200 214 7 10 0.03068799 
453 219 10 12 0.030678267 
943 198 8 11 0.030672098 
69 94 7 9 0.030631362 
318 166 8 10 0.030601362 
175 134 8 10 0.03054772 
273 112 7 9 0.03052696 
205 0 10 10 0.0304806 
229 25 8 10 0.030478895 
199 128 7 10 0.030440992 
664 153 8 9 0.030438015 
386 16 7 9 0.030436143 
804 66 9 12 0.03040124 
144 110 7 9 0.03039927 
4 164 11 14 0.030398814 
152 119 8 9 0.030341437 
896 111 8 10 0.03028768 
592 105 7 9 0.030280396 
540 281 12 16 0.030263621 
880 160 9 11 0.03024502 
588 135 7 9 0.030241808 
493 654 17 21 0.03022186 
946 190 7 10 0.030219201 
183 16 7 8 0.030212345 
566 120 7 9 0.030199863 
742 110 9 12 0.030196982 
953 109 10 12 0.03016351 
455 151 8 11 0.030155485 
944 23 8 10 0.030130913 
313 47 7 9 0.030109124 
360 23 7 8 0.030042717 
110 103 8 10 0.030030923 
936 47 8 10 0.029976381 
710 189 10 11 0.02997458 
513 111 8 10 0.029974012 
702 212 10 13 0.029954268 
949 206 9 11 0.02994044 
753 188 10 12 0.029905446 
608 221 8 11 0.029869251 
95 80 8 10 0.029858127 
604 349 11 15 0.029857973 
657 64 8 10 0.02985378 
847 279 12 14 0.029844416 
62 159 7 9 0.029838096 
814 188 8 11 0.029835043 
398 70 8 11 0.029817505 
144 168 8 9 0.029808981 
902 213 10 12 0.029781554 
36 596 13 17 0.02974392 
351 79 8 10 0.029733617 
570 87 8 10 0.0297273 
441 119 9 10 0.029716892 
489 7 8 9 0.029716348 
504 145 8 11 0.029690066 
818 149 7 11 0.029688083 
134 121 7 9 0.029681137 
0 715 13 21 0.029679751 
463 16 7 8 0.029668521 
330 172 9 11 0.029649964 
749 682 25 29 0.029640036 
225 48 7 8 0.02962287 
648 163 10 12 0.02961035 
351 2 8 7 0.029591063 
279 118 7 9 0.029586554 
537 145 8 9 0.029577408 
814 225 8 10 0.029568173 
1013 85 10 13 0.029562742 
39 144 8 10 0.029556565 
834 131 8 11 0.029528275 
134 61 7 9 0.02952602 
857 22 10 12 0.02952427 
701 128 9 10 0.02951162 
7 107 10 12 0.029507292 
1015 166 9 13 0.02948608 
1005 276 9 11 0.029458173 
225 72 7 9 0.029446274 
869 224 8 10 0.029411938 
401 159 9 11 0.02939236 
910 175 8 10 0.029387923 
733 263 8 10 0.029347168 
760 278 8 10 0.029265784 
112 88 6 8 0.029229678 
543 145 7 9 0.029219601 
305 173 8 11 0.029206552 
933 606 25 31 0.029159147 
408 55 8 10 0.029144483 
504 94 7 10 0.02910326 
824 0 8 9 0.029089049 
857 150 9 11 0.029076232 
329 112 7 9 0.029074816 
528 135 8 9 0.029033422 
737 31 8 9 0.029028319 
786 603 15 16 0.028992962 
231 47 7 9 0.028969107 
222 93 9 10 0.02896381 
609 23 7 9 0.028962761 
681 24 7 8 0.028851982 
423 41 8 10 0.02878408 
749 209 11 12 0.028759377 
563 260 12 14 0.028726969 
927 240 9 12 0.028708765 
759 6 8 9 0.02868293 
601 184 8 11 0.02864835 
832 1 10 11 0.028630456 
488 119 8 10 0.028627558 
918 45 9 12 0.028626963 
743 212 20 24 0.028604178 
981 223 11 14 0.028601348 
926 190 8 10 0.028583558 
840 190 9 11 0.028560063 
606 208 8 10 0.028543994 
680 57 7 8 0.028482085 
304 719 43 47 0.028479448 
406 15 8 9 0.028465552 
877 523 23 28 0.028462723 
335 95 9 10 0.02844875 
185 174 7 9 0.028422222 
537 71 10 11 0.028419612 
143 14 7 9 0.028415417 
471 166 8 10 0.02840143 
418 7 7 8 0.028391566 
165 62 7 9 0.028388513 
136 78 8 10 0.02836914 
969 103 9 11 0.028364219 
25 111 9 12 0.028363245 
0 465 10 16 0.02835368 
655 38 7 9 0.028352067 
158 113 8 9 0.028345197 
223 87 9 11 0.028334403 
17 617 22 29 0.028292444 
533 2 9 8 0.028280484 
817 144 7 10 0.02827677 
57 110 8 10 0.028232025 
488 23 8 10 0.028225511 
942 440 9 11 0.02822351 
567 61 7 9 0.028220255 
31 141 7 11 0.02819342 
257 136 9 10 0.028170697 
829 285 9 11 0.028141432 
702 9 7 8 0.02810162 
948 239 9 12 0.02809216 
351 23 7 9 0.028083272 
245 133 8 10 0.028079312 
334 41 7 8 0.028068285 
894 192 9 11 0.028061938 
461 119 8 10 0.02804918 
552 80 8 10 0.02800558 
329 78 8 9 0.02797305 
98 188 8 11 0.027968138 
159 32 6 9 0.027902264 
438 244 8 12 0.027868079 
616 15 7 9 0.027841082 
135 126 7 9 0.027821828 
391 103 8 11 0.027816053 
288 55 8 9 0.027809348 
875 507 15 18 0.02780266 
671 2 8 7 0.027780559 
318 159 8 11 0.027750831 
358 125 9 11 0.02771686 
48 56 9 10 0.027713839 
184 159 9 11 0.027698604 
129 174 8 10 0.027641708 
392 71 7 10 0.02762089 
772 649 18 23 0.027605576 
487 72 7 9 0.027571574 
105 87 7 9 0.027561566 
297 194 10 12 0.027560906 
292 596 15 18 0.027556749 
939 708 22 27 0.027534781 
154 56 7 9 0.027516201 
27 55 8 11 0.027513424 
512 25 9 10 0.02750828 
479 221 9 11 0.027470762 
121 102 7 9 0.02745416 
119 186 8 9 0.027452748 
505 8 7 9 0.027426792 
312 79 7 8 0.027387688 
745 691 22 29 0.027387455 
554 70 8 9 0.027385259 
234 117 7 9 0.027378269 
245 580 15 16 0.027354417 
655 32 6 9 0.027301565 
651 220 8 11 0.02729526 
702 46 9 10 0.027278969 
398 173 8 10 0.02727804 
446 129 8 10 0.02726646 
104 77 7 10 0.027261635 
801 36 8 10 0.027245961 
501 255 11 12 0.027233494 
481 16 7 8 0.02721531 
326 191 7 9 0.027211417 
278 96 8 10 0.027202653 
743 86 8 9 0.027186705 
736 58 7 9 0.027184851 
112 76 8 11 0.027177565 
647 60 8 10 0.02715997 
671 179 9 12 0.027157905 
319 110 8 9 0.027148338 
201 198 7 9 0.027145384 
273 78 7 9 0.027143456 
302 141 8 11 0.02714271 
952 166 8 11 0.027126158 
56 16 7 8 0.027112402 
913 190 9 12 0.02711163 
382 56 7 9 0.027060213 
80 110 7 9 0.027058695 
272 125 9 10 0.02705544 
41 126 8 10 0.027037788 
104 96 7 9 0.027030274 
400 127 8 10 0.02702547 
735 38 7 10 0.026996747 
353 143 8 10 0.026984075 
993 56 8 10 0.026933292 
777 40 8 10 0.026924033 
416 2 7 7 0.02688505 
995 681 26 35 0.026848989 
392 87 8 10 0.026847787 
803 705 18 20 0.026788302 
375 14 7 9 0.02678075 
698 62 7 9 0.026760189 
712 20 7 10 0.0267178 
729 196 9 12 0.026710523 
280 72 7 9 0.026701232 
297 95 6 9 0.026677813 
385 1 8 8 0.02667025 
567 207 9 11 0.026643338 
250 63 8 10 0.02663747 
13 100 8 11 0.026620438 
335 88 8 9 0.026614606 
999 115 9 12 0.026605159 
472 80 9 11 0.026598968 
576 184 8 10 0.026578622 
608 45 8 10 0.026565408 
928 105 8 9 0.02655429 
201 1 8 9 0.026540408 
238 64 8 9 0.026539395 
81 57 7 10 0.026520059 
960 63 9 9 0.026508778 
54 88 7 9 0.026498364 
465 1 8 9 0.026470702 
974 95 9 11 0.026467687 
691 116 8 11 0.02645844 
586 15 7 9 0.026452549 
448 112 8 10 0.026434774 
757 103 8 11 0.026431961 
896 64 8 9 0.026413376 
231 158 7 9 0.026403919 
166 56 8 10 0.026399354 
322 88 7 8 0.02638454 
562 164 7 10 0.026373893 
813 547 24 26 0.026361642 
406 739 11 14 0.026357114 
495 0 8 8 0.026326364 
235 699 57 69 0.026303135 
576 105 7 8 0.026270228 
917 111 9 12 0.026249846 
896 217 9 11 0.026246727 
647 205 8 10 0.026243778 
240 56 6 8 0.026240956 
128 88 7 9 0.026215456 
55 142 8 10 0.026200201 
565 232 8 11 0.026192252 
254 117 8 9 0.026177533 
345 24 7 9 0.026143398 
600 95 7 10 0.026135549 
685 171 9 11 0.02611087 
440 111 9 10 0.026107468 
64 13 8 10 0.02610704 
846 191 8 11 0.026080538 
42 119 8 11 0.026078068 
993 101 10 12 0.0260694 
554 187 9 11 0.02603986 
371 739 26 26 0.026037598 
956 739 30 35 0.026018837 
169 24 7 8 0.026000487 
431 40 7 9 0.0259957 
350 603 13 18 0.02598283 
186 191 8 10 0.025982482 
338 180 8 10 0.02596942 
623 112 7 9 0.025962867 
401 229 11 13 0.025945198 
706 182 9 11 0.025935862 
788 173 10 12 0.025931617 
203 40 7 10 0.025897374 
153 23 7 8 0.025890926 
191 89 8 9 0.025890194 
296 137 7 9 0.025886748 
478 39 8 10 0.025860181 
599 144 8 10 0.025851257 
201 160 8 10 0.025837755 
499 78 7 9 0.025836408 
936 200 8 12 0.025828158 
162 78 7 9 0.02582801 
796 632 18 21 0.025827313 
47 102 8 10 0.025820294 
381 167 9 12 0.025811661 
664 31 8 9 0.025791286 
191 201 7 9 0.025772817 
550 205 8 10 0.025736725 
456 16 7 9 0.025734993 
950 568 25 32 0.025706956 
480 152 8 10 0.025691183 
446 255 10 12 0.025687546 
773 196 10 12 0.0256679 
489 94 9 12 0.025666565 
168 128 8 10 0.025609506 
414 84 8 10 0.025564212 
901 125 10 12 0.025552562 
802 200 8 10 0.025537957 
466 56 7 10 0.025537338 
689 55 8 9 0.0255307 
121 56 8 10 0.025522107 
544 64 8 10 0.025514338 
368 15 7 9 0.02551122 
198 208 8 9 0.025510604 
816 119 9 12 0.02550792 
726 15 7 9 0.02547276 
661 77 9 9 0.025472462 
575 197 8 10 0.025430676 
455 6 8 9 0.025426222 
830 97 7 9 0.025425903 
373 134 9 11 0.025389861 
591 199 8 9 0.025364947 
920 202 10 12 0.02534789 
337 47 7 8 0.025342237 
886 64 7 10 0.02533736 
601 213 8 10 0.025337355 
680 31 8 9 0.025323203 
758 108 8 11 0.025312942 
492 261 11 13 0.025309293 
328 136 7 9 0.02530596 
311 175 9 11 0.025304591 
801 80 8 10 0.025301166 
633 33 7 9 0.025267418 
486 166 8 10 0.025264148 
584 40 6 8 0.02526117 
192 54 7 10 0.02521515 
54 200 9 10 0.02521215 
383 160 8 9 0.025210872 
640 150 8 10 0.025194068 
496 255 9 11 0.025150314 
184 143 8 10 0.02512752 
469 2 8 8 0.025094127 
366 149 9 11 0.025086418 
241 150 7 10 0.025070406 
128 125 9 10 0.025062768 
982 269 9 13 0.025059588 
742 57 8 9 0.025042977 
631 246 11 14 0.025038008 
602 118 6 9 0.025000678 
214 150 8 10 0.024985326 
70 649 21 20 0.024949556 
695 97 8 10 0.024944996 
129 151 8 11 0.024937425 
806 120 9 11 0.024936968 
623 206 7 9 0.024922438 
816 170 8 10 0.02491523 
215 40 7 9 0.024913834 
490 204 8 11 0.024913354 
22 126 8 10 0.024903608 
602 197 8 9 0.024899008 
186 96 7 9 0.02489473 
675 198 8 11 0.024885511 
514 164 8 10 0.024873428 
413 196 9 12 0.024873242 
136 87 8 10 0.0248672 
254 189 8 10 0.024858968 
496 245 10 13 0.024820356 
631 167 8 10 0.024820212 
370 71 7 9 0.024800176 
375 142 8 11 0.024793549 
239 144 8 9 0.024767732 
623 103 7 9 0.02474741 
805 32 8 10 0.024718992 
950 47 8 10 0.024704145 
416 31 7 9 0.02469764 
702 29 7 10 0.024694387 
440 62 8 10 0.024683911 
68 529 16 18 0.02467012 
592 73 9 11 0.024654975 
1004 593 16 21 0.02464106 
934 220 9 11 0.02458432 
942 174 9 10 0.024582526 
929 222 8 10 0.024546642 
200 57 7 9 0.024533162 
648 16 8 9 0.024522139 
505 72 8 10 0.024518514 
634 237 9 11 0.024516143 
336 63 7 10 0.024515264 
871 229 8 10 0.02450905 
185 78 7 10 0.024492709 
418 16 7 9 0.024479428 
641 16 7 10 0.024473196 
425 54 8 10 0.024461579 
991 111 10 12 0.024460794 
632 103 8 9 0.024425685 
276 752 13 16 0.024401264 
1001 521 17 22 0.024383426 
263 97 8 9 0.024346456 
232 54 7 9 0.02434567 
808 270 9 12 0.024333313 
919 53 8 10 0.024322538 
401 30 7 9 0.024313422 
512 64 7 10 0.024312207 
882 746 21 22 0.024305321 
207 192 7 8 0.024269095 
855 216 8 11 0.024259655 
55 79 7 10 0.024256485 
831 158 8 9 0.024207521 
391 1 8 8 0.024204705 
217 8 8 10 0.024185566 
158 120 8 9 0.024170963 
641 101 8 10 0.02415185 
200 80 8 10 0.024140358 
263 127 8 9 0.02412601 
718 80 7 9 0.02412325 
680 128 9 10 0.024122078 
894 31 8 10 0.024112254 
89 61 8 10 0.024105951 
958 29 9 10 0.024084983 
1014 102 9 12 0.024073072 
217 175 8 9 0.024062604 
489 1 8 8 0.024060993 
807 571 15 19 0.024059728 
265 72 7 10 0.024053749 
535 13 9 10 0.024053676 
975 47 8 9 0.024035962 
974 86 8 10 0.024029572 
786 734 25 32 0.024024041 
471 5 7 9 0.024012322 
974 30 10 11 0.024004342 
648 199 8 11 0.023995461 
793 93 8 13 0.023988325 
975 55 9 10 0.023969788 
560 47 7 10 0.023965238 
901 167 9 12 0.023962867 
648 215 8 11 0.023957128 
87 192 8 9 0.023951879 
217 94 8 9 0.023950094 
56 95 8 10 0.023938615 
133 600 17 19 0.023891708 
800 119 10 12 0.023888206 
647 23 7 9 0.02388007 
631 123 17 23 0.023879563 
935 111 8 10 0.02385724 
713 120 8 10 0.023846414 
832 120 8 10 0.023841508 
368 93 7 9 0.023840016 
749 610 14 18 0.023828153 
1015 124 8 12 0.02381938 
491 101 8 10 0.023818493 
584 199 8 10 0.023776282 
351 8 7 9 0.023764255 
480 135 7 10 0.023761308 
46 204 9 12 0.023758544 
536 134 8 10 0.023733957 
288 71 7 9 0.023731502 
859 181 8 11 0.023722988 
128 14 7 9 0.023719067 
975 125 9 10 0.023698386 
800 216 9 12 0.02369835 
389 222 9 12 0.023693265 
904 64 7 8 0.023667293 
615 79 8 10 0.023660395 
311 166 9 10 0.023624072 
170 39 7 9 0.023606261 
654 165 9 11 0.02357001 
480 166 7 10 0.023545451 
72 111 8 9 0.023536606 
64 150 8 12 0.023525571 
303 111 7 9 0.023508303 
107 214 414 492 0.023507643 
663 127 8 10 0.023506822 
401 40 7 9 0.023499526 
370 197 8 10 0.023463156 
968 38 8 9 0.023451159 
392 93 7 10 0.02342558 
248 12 9 11 0.023422485 
38 135 8 10 0.02342218 
585 32 7 9 0.023381097 
641 158 8 10 0.02336977 
713 94 8 11 0.023366718 
729 32 7 8 0.023360936 
208 175 7 8 0.02333138 
16 126 9 11 0.023306042 
325 599 20 25 0.023298716 
480 8 8 9 0.02329845 
969 187 9 12 0.02328529 
868 552 14 17 0.023273041 
1002 438 23 32 0.023267519 
264 48 8 10 0.02326066 
1004 156 12 15 0.023253951 
254 205 9 10 0.023249459 
848 215 8 11 0.023242824 
221 7 9 11 0.023234716 
311 181 8 10 0.023234501 
751 31 7 9 0.023224326 
9 78 9 11 0.023205252 
847 197 8 11 0.023177983 
15 118 9 11 0.023172747 
334 79 7 8 0.023145778 
368 1 8 8 0.023132693 
432 213 10 12 0.023113955 
342 56 8 10 0.02311325 
774 189 10 12 0.023105843 
232 9 9 10 0.023093812 
694 219 11 14 0.023071148 
847 738 27 31 0.023062112 
272 181 8 10 0.023055956 
687 220 9 11 0.023025298 
655 1 8 7 0.023016175 
449 96 9 11 0.02301028 
184 103 7 8 0.023004217 
33 182 8 11 0.022988085 
446 118 8 10 0.02296333 
935 139 11 12 0.02296219 
95 111 8 9 0.022924474 
982 151 9 11 0.022922229 
687 63 7 9 0.022881236 
641 7 8 9 0.022869362 
589 103 19 26 0.022865538 
911 65 7 8 0.022860393 
0 483 11 18 0.022851154 
879 55 7 9 0.022850275 
958 182 8 12 0.022838183 
249 2 9 9 0.022833468 
407 2 8 9 0.022831997 
62 109 7 10 0.022814078 
902 280 8 9 0.022796363 
695 140 8 10 0.022791943 
5 132 8 11 0.022763472 
381 626 16 21 0.02273875 
129 79 7 9 0.022736592 
672 102 8 10 0.022730526 
143 31 7 9 0.022729654 
136 30 7 9 0.022713518 
31 127 8 10 0.02269873 
295 17 8 9 0.022696441 
375 72 7 9 0.022693135 
168 95 8 11 0.022687536 
94 85 8 10 0.022626406 
295 175 7 10 0.022618404 
344 93 7 10 0.022614378 
737 341 8 11 0.022610916 
448 2 8 9 0.022601018 
778 45 9 11 0.022588326 
495 7 8 10 0.022579156 
120 126 8 9 0.022566019 
30 69 10 11 0.022555716 
441 53 8 11 0.022547022 
974 71 9 11 0.022510087 
957 14 8 11 0.022509255 
769 16 7 9 0.022500848 
726 46 7 9 0.022493888 
137 95 7 9 0.022472354 
672 32 7 10 0.022470709 
432 204 10 12 0.022467012 
734 204 10 11 0.022446211 
569 40 8 10 0.022438766 
478 47 7 9 0.022411145 
930 592 23 31 0.022407724 
847 230 8 10 0.022407537 
366 174 7 9 0.02238525 
559 64 8 9 0.022383675 
20 601 17 19 0.022378104 
630 181 8 9 0.022368634 
698 237 8 10 0.02233516 
105 197 9 10 0.022309268 
62 180 9 11 0.02230917 
528 126 7 9 0.022305591 
942 126 9 11 0.022285396 
565 267 12 14 0.022273803 
121 136 9 11 0.022269018 
263 149 8 10 0.022258636 
1005 464 20 27 0.022244528 
464 163 9 12 0.022244066 
478 55 9 11 0.022231797 
223 54 8 10 0.022217507 
698 30 8 10 0.022215877 
720 56 8 9 0.02220066 
568 15 7 9 0.022194762 
154 15 8 10 0.022189826 
404 633 12 19 0.022184135 
726 95 9 10 0.02217275 
588 219 18 23 0.022162827 
907 38 8 9 0.022138122 
511 639 27 31 0.022133699 
890 285 11 13 0.022121597 
267 174 7 9 0.022118537 
299 621 16 18 0.022103788 
452 236 10 12 0.02209588 
65 554 22 28 0.022093037 
848 222 8 11 0.02209008 
882 149 8 10 0.022088876 
826 219 10 11 0.022085298 
336 192 8 9 0.022072801 
184 32 7 8 0.02206881 
224 144 9 10 0.022060271 
756 213 11 15 0.02205234 
975 150 9 11 0.022050057 
719 281 8 9 0.02201259 
901 536 21 29 0.022011423 
255 152 8 9 0.022011198 
829 260 9 11 0.021982512 
335 232 8 10 0.021944119 
880 144 9 11 0.021936713 
216 222 8 10 0.021929288 
941 568 23 26 0.021926872 
720 196 8 11 0.021926114 
408 239 9 12 0.02191533 
552 266 11 14 0.021911532 
185 207 8 10 0.021895327 
911 505 13 17 0.021890413 
359 103 7 10 0.021877633 
597 149 8 10 0.021869747 
312 63 8 9 0.021866444 
1015 31 9 13 0.021866001 
144 120 8 9 0.021865873 
86 23 8 9 0.021865541 
654 198 9 11 0.021834435 
414 142 9 11 0.021825697 
174 87 8 9 0.021807339 
279 102 7 8 0.021783119 
1008 303 9 11 0.021780334 
232 132 8 10 0.021770222 
577 72 7 9 0.021766283 
824 155 8 11 0.021758722 
95 12 7 10 0.021744948 
520 57 8 9 0.021730324 
344 1 9 8 0.021724472 
575 127 7 9 0.021710692 
71 103 7 8 0.021706587 
655 130 17 23 0.021699918 
622 49 18 24 0.021690365 
1014 190 9 12 0.02168458 
520 188 8 10 0.02168066 
327 55 7 9 0.021675507 
551 214 9 13 0.021671444 
329 39 7 9 0.021660956 
1011 447 12 18 0.021655504 
136 48 8 9 0.021655504 
406 103 9 11 0.02164604 
948 592 18 21 0.021643972 
308 602 16 21 0.021635974 
808 236 11 12 0.021628438 
115 355 42 50 0.021628426 
685 142 9 12 0.021609524 
97 2 8 8 0.02160194 
916 270 21 24 0.021599265 
168 16 7 8 0.021588707 
793 88 8 11 0.021570828 
582 87 8 10 0.021551892 
597 239 10 13 0.021524133 
802 205 8 11 0.021507725 
423 93 9 11 0.02149523 
944 84 8 10 0.021471363 
54 205 8 10 0.02147101 
873 639 19 22 0.021447051 
72 158 8 10 0.021428231 
622 144 8 9 0.021419743 
152 47 7 9 0.021399625 
55 151 8 11 0.021392854 
984 140 9 11 0.021391585 
105 16 8 10 0.021383202 
414 734 9 12 0.021368599 
567 71 8 9 0.02136329 
454 110 9 11 0.021339893 
288 168 7 9 0.021336393 
161 198 7 8 0.021314396 
902 190 10 12 0.021298204 
944 717 22 27 0.021296857 
942 149 9 12 0.021290982 
320 56 8 10 0.021274399 
502 78 9 11 0.021224372 
936 103 7 10 0.0212205 
470 151 8 10 0.02121048 
6 85 9 11 0.021195395 
184 126 9 10 0.021189013 
610 31 7 9 0.021187058 
135 182 8 10 0.021174807 
142 94 8 9 0.021169541 
689 48 7 10 0.021167634 
120 1 8 8 0.021162683 
720 157 9 11 0.021141617 
784 167 9 12 0.021138487 
559 214 10 13 0.021126337 
327 94 7 9 0.021126257 
768 7 7 9 0.021101648 
517 635 14 19 0.021098016 
866 228 8 10 0.021078961 
624 118 7 9 0.021070782 
463 110 8 11 0.021069225 
835 172 8 11 0.021066612 
431 16 7 9 0.021064464 
28 522 13 17 0.021064261 
762 69 9 11 0.021063754 
463 126 8 10 0.021053096 
343 120 7 8 0.02104985 
754 674 26 28 0.02104055 
507 234 13 16 0.021031316 
355 166 8 11 0.021016108 
870 158 8 10 0.020993287 
633 72 8 9 0.020976683 
856 127 19 24 0.020958908 
536 77 9 11 0.020951387 
46 525 14 19 0.020948285 
567 182 7 10 0.020943003 
714 8 7 8 0.0209362 
648 49 7 9 0.020917412 
376 126 9 10 0.020906743 
900 531 14 18 0.020905152 
929 117 9 11 0.02089549 
600 86 7 10 0.020873664 
334 71 7 10 0.020870764 
789 575 23 27 0.020865211 
613 117 8 9 0.020847246 
328 63 7 9 0.020820843 
142 8 8 10 0.020805316 
118 190 9 11 0.020804066 
919 23 8 10 0.020801678 
918 227 9 11 0.020794552 
478 215 9 11 0.020778084 
185 183 7 9 0.020774417 
175 143 9 11 0.020756155 
937 96 8 10 0.020752419 
5 569 14 20 0.020749355 
77 6 8 10 0.020735536 
38 523 12 16 0.020733232 
527 144 8 10 0.02073117 
573 238 9 11 0.020725396 
89 14 8 10 0.020714888 
160 160 7 9 0.020713089 
759 174 10 12 0.020709226 
960 136 9 10 0.020698186 
0 583 21 31 0.02068341 
365 119 8 11 0.020676896 
105 54 8 10 0.020659294 
76 555 14 20 0.020656854 
233 40 7 9 0.020622034 
217 47 7 9 0.020616276 
923 72 7 8 0.020613419 
844 172 8 11 0.020605857 
120 38 8 10 0.020598914 
56 72 7 9 0.020582084 
312 14 8 10 0.02056724 
503 15 7 9 0.02055563 
978 61 8 11 0.020555332 
296 184 17 24 0.02055324 
908 496 21 28 0.020544296 
88 174 8 11 0.02053851 
232 94 8 10 0.020532958 
970 118 8 11 0.020522824 
814 236 10 13 0.02051903 
859 29 9 11 0.020517927 
525 167 8 10 0.020516098 
287 600 23 31 0.020512082 
499 242 14 16 0.020506093 
258 167 7 10 0.020505145 
375 80 8 9 0.02050075 
373 625 14 19 0.020499257 
616 191 8 10 0.020494116 
61 649 26 30 0.02049036 
544 55 8 9 0.020480374 
965 73 19 23 0.020476304 
774 156 11 13 0.020448638 
645 170 18 23 0.020440267 
566 237 10 11 0.020436285 
871 696 16 21 0.020397102 
897 70 7 9 0.020394526 
904 102 7 9 0.020389222 
64 31 7 9 0.020386754 
743 697 12 19 0.020386571 
198 149 8 10 0.02038343 
551 301 13 15 0.020376751 
358 161 9 11 0.0203744 
744 47 6 8 0.020355053 
1004 492 24 30 0.02033945 
446 22 7 10 0.020337818 
806 583 13 19 0.020275457 
1015 64 8 11 0.02025709 
591 32 8 9 0.020253196 
174 101 8 10 0.020202024 
184 150 7 9 0.020186096 
497 72 8 10 0.020162325 
577 79 6 9 0.020157428 
8 596 24 30 0.020157032 
144 192 7 9 0.0201443 
97 71 7 9 0.020141788 
326 593 13 18 0.020109031 
256 100 9 10 0.02009311 
303 23 7 9 0.020083768 
524 23 8 10 0.02008232 
7 149 8 10 0.02007978 
816 206 9 10 0.020078458 
738 285 7 10 0.02006334 
902 112 8 10 0.02005776 
816 126 8 11 0.02004117 
346 70 8 9 0.020034852 
623 133 7 10 0.02003185 
918 40 8 11 0.0200186 
784 261 11 13 0.020007318 
680 45 7 10 0.020006053 
461 181 9 11 0.020001404 
