27_Spa_Spa_27_512
80
356 627 97 109 0.99858165 
505 151 24 27 0.29837912 
42 906 14 17 0.19968733 
600 752 8 10 0.12625459 
634 744 8 10 0.09348389 
688 721 8 9 0.08683331 
441 89 197 226 0.070950575 
679 733 9 10 0.06933884 
704 750 9 10 0.062766574 
116 850 18 23 0.061934803 
687 999 61 72 0.05893243 
547 757 8 11 0.05826947 
887 1074 26 30 0.057178292 
653 516 12 14 0.054971743 
545 753 9 10 0.054352265 
686 726 9 10 0.051866166 
660 502 11 13 0.04795024 
681 728 9 10 0.045021854 
781 954 12 15 0.040919833 
759 703 10 13 0.038836826 
704 743 9 10 0.03874678 
710 743 8 10 0.038397927 
696 736 8 10 0.038247682 
701 736 9 10 0.03801441 
694 740 10 11 0.037882745 
337 760 324 432 0.035592306 
654 509 11 13 0.03478687 
601 511 8 10 0.03430508 
695 720 7 9 0.03367122 
673 726 7 10 0.033460174 
622 813 10 12 0.03328935 
558 744 8 10 0.033266395 
574 819 13 18 0.03238347 
637 749 8 10 0.032074124 
570 767 8 9 0.03165557 
600 786 10 13 0.031229187 
584 735 7 9 0.030753987 
682 720 7 9 0.030179838 
560 728 9 10 0.030157676 
503 727 7 10 0.029809732 
654 772 9 11 0.029566068 
670 511 11 11 0.028670328 
996 1184 12 14 0.028299896 
695 759 8 10 0.027628118 
532 744 9 10 0.027566437 
697 712 7 9 0.027492499 
485 726 8 10 0.027053168 
899 1183 38 38 0.026929066 
582 791 8 11 0.02670689 
664 758 8 11 0.026097381 
549 751 8 10 0.025340967 
595 751 8 10 0.02498658 
868 774 10 14 0.024472404 
632 737 8 9 0.024355682 
592 525 10 11 0.024344383 
672 721 6 9 0.023517443 
663 711 7 10 0.023374908 
793 767 8 9 0.023257358 
488 711 9 10 0.023206208 
624 488 8 8 0.023063432 
685 525 31 37 0.023029087 
574 768 8 9 0.022957735 
591 496 7 9 0.022824736 
687 733 8 10 0.022781074 
622 736 8 9 0.022736488 
619 557 30 37 0.022601338 
778 711 8 9 0.022011407 
631 728 7 9 0.021965345 
648 501 10 12 0.021577751 
489 703 8 10 0.02129919 
29 930 17 19 0.02129143 
575 744 9 10 0.021231186 
576 719 8 10 0.020903058 
688 741 10 12 0.020861609 
591 736 8 9 0.020777715 
654 496 10 12 0.02059399 
103 860 14 18 0.020525483 
713 760 8 9 0.020425119 
558 775 7 9 0.020161241 
554 744 7 9 0.020153781 
