27_Spa_Spa_27_851
61
860 157 34 48 0.99272 
451 143 28 43 0.9918944 
722 144 32 45 0.9372717 
475 352 22 32 0.70489615 
12 41 64 134 0.58424443 
745 144 33 38 0.20586899 
447 132 25 35 0.17661005 
546 337 15 18 0.14965472 
497 294 20 23 0.13735507 
267 275 14 15 0.10443551 
911 139 25 40 0.092246465 
529 336 14 19 0.08638864 
448 370 12 14 0.068067 
480 140 25 37 0.06037737 
20 230 42 51 0.046524532 
544 345 14 18 0.04645346 
49 285 16 24 0.041345995 
181 353 14 16 0.040153146 
959 269 12 17 0.03967683 
448 132 13 24 0.039289627 
260 269 13 17 0.038910132 
1007 416 9 12 0.038564492 
148 335 16 19 0.038036697 
266 330 12 15 0.03609402 
1015 367 7 12 0.03532054 
185 388 11 15 0.03366936 
531 342 15 21 0.032941274 
232 303 27 32 0.03165181 
360 252 10 12 0.030602334 
140 330 19 21 0.030148946 
636 265 406 476 0.029517736 
905 151 28 43 0.027818536 
722 191 23 31 0.02726046 
516 324 11 14 0.027162187 
211 301 12 16 0.027120916 
439 216 10 12 0.027094932 
428 147 10 13 0.025896825 
675 430 35 42 0.025140004 
120 145 8 10 0.025052993 
33 85 35 67 0.024702802 
75 315 19 22 0.02355198 
397 371 12 14 0.023527293 
425 142 9 12 0.02347142 
116 396 14 18 0.022775408 
119 306 23 26 0.022672217 
429 372 10 12 0.022537109 
963 276 12 15 0.022359349 
128 387 52 60 0.022178628 
371 263 8 11 0.02212416 
329 231 9 10 0.021922613 
350 279 9 10 0.021866873 
2 24 56 96 0.02174935 
450 123 17 23 0.021139536 
124 261 13 17 0.021020306 
429 190 10 12 0.02089121 
876 138 30 42 0.020884734 
721 138 19 29 0.02074902 
493 305 24 30 0.020416986 
515 331 13 17 0.020401493 
477 350 15 19 0.02029543 
192 367 24 27 0.020216493 
